"task_num"	"task_name"	"trial_type"	"trial_num"	"terminalfeedback_bool"	"rotation_angle"	"targetangle_deg"	"targetdistance_percmax"	"homex_px"	"homey_px"	"targetx_px"	"targety_px"	"time_s"	"mousex_px"	"mousey_px"	"cursorx_px"	"cursory_px"
1	"1"	"1"	1	FALSE	0	90	100	0	0	3.42901103761e-14	560	1551378630.41	-1	-5	-1	-5
1	"1"	"1"	1	FALSE	0	90	100	0	0	3.42901103761e-14	560	1551378630.44	-2	-4	-2	-4
1	"1"	"1"	1	FALSE	0	90	100	0	0	3.42901103761e-14	560	1551378630.47	-3	-3	-3	-3
1	"1"	"1"	1	FALSE	0	90	100	0	0	3.42901103761e-14	560	1551378630.51	-4	-3	-4	-3
1	"1"	"1"	1	FALSE	0	90	100	0	0	3.42901103761e-14	560	1551378630.54	-4	-2	-4	-2
1	"1"	"1"	1	FALSE	0	90	100	0	0	3.42901103761e-14	560	1551378630.57	-4	-2	-4	-2
1	"1"	"1"	1	FALSE	0	90	100	0	0	3.42901103761e-14	560	1551378630.61	-5	0	-5	0
1	"1"	"1"	1	FALSE	0	90	100	0	0	3.42901103761e-14	560	1551378630.64	-5	0	-5	0
1	"1"	"1"	1	FALSE	0	90	100	0	0	3.42901103761e-14	560	1551378630.67	-5	0	-5	0
1	"1"	"1"	1	FALSE	0	90	100	0	0	3.42901103761e-14	560	1551378630.71	-5	0	-5	0
1	"1"	"1"	1	FALSE	0	90	100	0	0	3.42901103761e-14	560	1551378630.74	-5	0	-5	0
1	"1"	"1"	1	FALSE	0	90	100	0	0	3.42901103761e-14	560	1551378630.77	-5	0	-5	0
1	"1"	"1"	1	FALSE	0	90	100	0	0	3.42901103761e-14	560	1551378630.81	-5	0	-5	0
1	"1"	"1"	1	FALSE	0	90	100	0	0	3.42901103761e-14	560	1551378630.84	-5	0	-5	0
1	"1"	"1"	1	FALSE	0	90	100	0	0	3.42901103761e-14	560	1551378630.87	-5	0	-5	0
1	"1"	"1"	1	FALSE	0	90	100	0	0	3.42901103761e-14	560	1551378630.91	-5	0	-5	0
1	"1"	"1"	1	FALSE	0	90	100	0	0	3.42901103761e-14	560	1551378630.94	-5	0	-5	0
1	"1"	"1"	1	FALSE	0	90	100	0	0	3.42901103761e-14	560	1551378630.97	-5	0	-5	0
1	"1"	"1"	1	FALSE	0	90	100	0	0	3.42901103761e-14	560	1551378631.01	-5	0	-5	0
1	"1"	"1"	1	FALSE	0	90	100	0	0	3.42901103761e-14	560	1551378631.04	-5	0	-5	0
1	"1"	"1"	1	FALSE	0	90	100	0	0	3.42901103761e-14	560	1551378631.07	-5	0	-5	0
1	"1"	"1"	1	FALSE	0	90	100	0	0	3.42901103761e-14	560	1551378631.11	-5	0	-5	0
1	"1"	"1"	1	FALSE	0	90	100	0	0	3.42901103761e-14	560	1551378631.14	-5	0	-5	0
1	"1"	"1"	1	FALSE	0	90	100	0	0	3.42901103761e-14	560	1551378631.17	-5	0	-5	0
1	"1"	"1"	1	FALSE	0	90	100	0	0	3.42901103761e-14	560	1551378631.21	-5	0	-5	0
1	"1"	"1"	1	FALSE	0	90	100	0	0	3.42901103761e-14	560	1551378631.24	-5	0	-5	0
1	"1"	"1"	1	FALSE	0	90	100	0	0	3.42901103761e-14	560	1551378631.27	-5	0	-5	0
1	"1"	"1"	1	FALSE	0	90	100	0	0	3.42901103761e-14	560	1551378631.31	-5	0	-5	0
1	"1"	"1"	1	FALSE	0	90	100	0	0	3.42901103761e-14	560	1551378631.34	-5	0	-5	0
1	"1"	"1"	1	FALSE	0	90	100	0	0	3.42901103761e-14	560	1551378631.37	-5	0	-5	0
1	"1"	"1"	1	FALSE	0	90	100	0	0	3.42901103761e-14	560	1551378631.41	-5	0	-5	0
1	"1"	"1"	1	FALSE	0	90	100	0	0	3.42901103761e-14	560	1551378631.44	-5	0	-5	0
1	"1"	"1"	1	FALSE	0	90	100	0	0	3.42901103761e-14	560	1551378631.47	-5	0	-5	0
1	"1"	"1"	1	FALSE	0	90	100	0	0	3.42901103761e-14	560	1551378631.51	-5	0	-5	0
1	"1"	"1"	1	FALSE	0	90	100	0	0	3.42901103761e-14	560	1551378631.54	-5	0	-5	0
1	"1"	"1"	1	FALSE	0	90	100	0	0	3.42901103761e-14	560	1551378631.57	-5	0	-5	0
1	"1"	"1"	1	FALSE	0	90	100	0	0	3.42901103761e-14	560	1551378631.61	-5	0	-5	0
1	"1"	"1"	1	FALSE	0	90	100	0	0	3.42901103761e-14	560	1551378631.64	-5	0	-5	0
1	"1"	"1"	1	FALSE	0	90	100	0	0	3.42901103761e-14	560	1551378631.67	-5	0	-5	0
1	"1"	"1"	1	FALSE	0	90	100	0	0	3.42901103761e-14	560	1551378631.71	-5	0	-5	0
1	"1"	"1"	1	FALSE	0	90	100	0	0	3.42901103761e-14	560	1551378631.74	-5	0	-5	0
1	"1"	"1"	1	FALSE	0	90	100	0	0	3.42901103761e-14	560	1551378631.77	-5	0	-5	0
1	"1"	"1"	1	FALSE	0	90	100	0	0	3.42901103761e-14	560	1551378631.81	-5	0	-5	0
1	"1"	"1"	1	FALSE	0	90	100	0	0	3.42901103761e-14	560	1551378631.84	-5	0	-5	0
1	"1"	"1"	1	FALSE	0	90	100	0	0	3.42901103761e-14	560	1551378631.87	-5	0	-5	0
1	"1"	"1"	1	FALSE	0	90	100	0	0	3.42901103761e-14	560	1551378631.91	-5	0	-5	0
1	"1"	"1"	1	FALSE	0	90	100	0	0	3.42901103761e-14	560	1551378631.94	-5	0	-5	0
1	"1"	"1"	1	FALSE	0	90	100	0	0	3.42901103761e-14	560	1551378631.97	-5	0	-5	0
1	"1"	"1"	1	FALSE	0	90	100	0	0	3.42901103761e-14	560	1551378632.01	-5	0	-5	0
1	"1"	"1"	1	FALSE	0	90	100	0	0	3.42901103761e-14	560	1551378632.04	-5	0	-5	0
1	"1"	"1"	1	FALSE	0	90	100	0	0	3.42901103761e-14	560	1551378632.07	-5	0	-5	0
1	"1"	"1"	1	FALSE	0	90	100	0	0	3.42901103761e-14	560	1551378632.11	-5	0	-5	0
1	"1"	"1"	1	FALSE	0	90	100	0	0	3.42901103761e-14	560	1551378632.14	-5	0	-5	0
1	"1"	"1"	1	FALSE	0	90	100	0	0	3.42901103761e-14	560	1551378632.17	-5	0	-5	0
1	"1"	"1"	1	FALSE	0	90	100	0	0	3.42901103761e-14	560	1551378632.21	-5	0	-5	0
1	"1"	"1"	1	FALSE	0	90	100	0	0	3.42901103761e-14	560	1551378632.24	-5	0	-5	0
1	"1"	"1"	1	FALSE	0	90	100	0	0	3.42901103761e-14	560	1551378632.27	-5	0	-5	0
1	"1"	"1"	1	FALSE	0	90	100	0	0	3.42901103761e-14	560	1551378632.31	-5	0	-5	0
1	"1"	"1"	1	FALSE	0	90	100	0	0	3.42901103761e-14	560	1551378632.34	-5	0	-5	0
1	"1"	"1"	1	FALSE	0	90	100	0	0	3.42901103761e-14	560	1551378632.37	-5	0	-5	0
1	"1"	"1"	1	FALSE	0	90	100	0	0	3.42901103761e-14	560	1551378632.41	-5	0	-5	0
1	"1"	"1"	1	FALSE	0	90	100	0	0	3.42901103761e-14	560	1551378632.44	-5	0	-5	0
1	"1"	"1"	1	FALSE	0	90	100	0	0	3.42901103761e-14	560	1551378632.47	-5	0	-5	0
1	"1"	"1"	1	FALSE	0	90	100	0	0	3.42901103761e-14	560	1551378632.51	-5	0	-5	0
1	"1"	"1"	1	FALSE	0	90	100	0	0	3.42901103761e-14	560	1551378632.54	-5	0	-5	0
1	"1"	"1"	1	FALSE	0	90	100	0	0	3.42901103761e-14	560	1551378632.58	-5	0	-5	0
1	"1"	"1"	1	FALSE	0	90	100	0	0	3.42901103761e-14	560	1551378632.61	-5	1	-5	1
1	"1"	"1"	1	FALSE	0	90	100	0	0	3.42901103761e-14	560	1551378632.64	-6	2	-6	2
1	"1"	"1"	1	FALSE	0	90	100	0	0	3.42901103761e-14	560	1551378632.68	-6	2	-6	2
1	"1"	"1"	1	FALSE	0	90	100	0	0	3.42901103761e-14	560	1551378632.71	-7	2	-7	2
1	"1"	"1"	1	FALSE	0	90	100	0	0	3.42901103761e-14	560	1551378632.74	-7	3	-7	3
1	"1"	"1"	1	FALSE	0	90	100	0	0	3.42901103761e-14	560	1551378632.78	-7	3	-7	3
1	"1"	"1"	1	FALSE	0	90	100	0	0	3.42901103761e-14	560	1551378632.81	-7	3	-7	3
1	"1"	"1"	1	FALSE	0	90	100	0	0	3.42901103761e-14	560	1551378632.84	-7	3	-7	3
1	"1"	"1"	1	FALSE	0	90	100	0	0	3.42901103761e-14	560	1551378632.88	-7	4	-7	4
1	"1"	"1"	1	FALSE	0	90	100	0	0	3.42901103761e-14	560	1551378632.91	-7	4	-7	4
1	"1"	"1"	1	FALSE	0	90	100	0	0	3.42901103761e-14	560	1551378632.94	-7	5	-7	5
1	"1"	"1"	1	FALSE	0	90	100	0	0	3.42901103761e-14	560	1551378632.98	-8	7	-8	7
1	"1"	"1"	1	FALSE	0	90	100	0	0	3.42901103761e-14	560	1551378633.01	-8	11	-8	11
1	"1"	"1"	1	FALSE	0	90	100	0	0	3.42901103761e-14	560	1551378633.04	-9	14	-9	14
1	"1"	"1"	1	FALSE	0	90	100	0	0	3.42901103761e-14	560	1551378633.08	-9	18	-9	18
1	"1"	"1"	1	FALSE	0	90	100	0	0	3.42901103761e-14	560	1551378633.11	-9	24	-9	24
1	"1"	"1"	1	FALSE	0	90	100	0	0	3.42901103761e-14	560	1551378633.14	-6	35	-6	35
1	"1"	"1"	1	FALSE	0	90	100	0	0	3.42901103761e-14	560	1551378633.18	1	50	1	50
1	"1"	"1"	1	FALSE	0	90	100	0	0	3.42901103761e-14	560	1551378633.21	9	67	9	67
1	"1"	"1"	1	FALSE	0	90	100	0	0	3.42901103761e-14	560	1551378633.24	15	82	15	82
1	"1"	"1"	1	FALSE	0	90	100	0	0	3.42901103761e-14	560	1551378633.28	21	97	21	97
1	"1"	"1"	1	FALSE	0	90	100	0	0	3.42901103761e-14	560	1551378633.31	29	112	29	112
1	"1"	"1"	1	FALSE	0	90	100	0	0	3.42901103761e-14	560	1551378633.34	37	127	37	127
1	"1"	"1"	1	FALSE	0	90	100	0	0	3.42901103761e-14	560	1551378633.38	43	143	43	143
1	"1"	"1"	1	FALSE	0	90	100	0	0	3.42901103761e-14	560	1551378633.41	47	161	47	161
1	"1"	"1"	1	FALSE	0	90	100	0	0	3.42901103761e-14	560	1551378633.44	51	180	51	180
1	"1"	"1"	1	FALSE	0	90	100	0	0	3.42901103761e-14	560	1551378633.48	52	195	52	195
1	"1"	"1"	1	FALSE	0	90	100	0	0	3.42901103761e-14	560	1551378633.51	53	211	53	211
1	"1"	"1"	1	FALSE	0	90	100	0	0	3.42901103761e-14	560	1551378633.54	51	228	51	228
1	"1"	"1"	1	FALSE	0	90	100	0	0	3.42901103761e-14	560	1551378633.58	45	249	45	249
1	"1"	"1"	1	FALSE	0	90	100	0	0	3.42901103761e-14	560	1551378633.61	36	271	36	271
1	"1"	"1"	1	FALSE	0	90	100	0	0	3.42901103761e-14	560	1551378633.64	30	294	30	294
1	"1"	"1"	1	FALSE	0	90	100	0	0	3.42901103761e-14	560	1551378633.68	25	313	25	313
1	"1"	"1"	1	FALSE	0	90	100	0	0	3.42901103761e-14	560	1551378633.71	13	337	13	337
1	"1"	"1"	1	FALSE	0	90	100	0	0	3.42901103761e-14	560	1551378633.74	4	353	4	353
1	"1"	"1"	1	FALSE	0	90	100	0	0	3.42901103761e-14	560	1551378633.78	-6	374	-6	374
1	"1"	"1"	1	FALSE	0	90	100	0	0	3.42901103761e-14	560	1551378633.81	-12	392	-12	392
1	"1"	"1"	1	FALSE	0	90	100	0	0	3.42901103761e-14	560	1551378633.84	-15	413	-15	413
1	"1"	"1"	1	FALSE	0	90	100	0	0	3.42901103761e-14	560	1551378633.88	-16	433	-16	433
1	"1"	"1"	1	FALSE	0	90	100	0	0	3.42901103761e-14	560	1551378633.91	-16	449	-16	449
1	"1"	"1"	1	FALSE	0	90	100	0	0	3.42901103761e-14	560	1551378633.94	-17	464	-17	464
1	"1"	"1"	1	FALSE	0	90	100	0	0	3.42901103761e-14	560	1551378633.98	-16	481	-16	481
1	"1"	"1"	1	FALSE	0	90	100	0	0	3.42901103761e-14	560	1551378634.01	-15	497	-15	497
1	"1"	"1"	1	FALSE	0	90	100	0	0	3.42901103761e-14	560	1551378634.04	-13	510	-13	510
1	"1"	"1"	1	FALSE	0	90	100	0	0	3.42901103761e-14	560	1551378634.08	-10	523	-10	523
1	"1"	"1"	1	FALSE	0	90	100	0	0	3.42901103761e-14	560	1551378634.11	-7	534	-7	534
1	"1"	"1"	1	FALSE	0	90	100	0	0	3.42901103761e-14	560	1551378634.14	-2	543	-2	543
1	"1"	"1"	1	FALSE	0	90	100	0	0	3.42901103761e-14	560	1551378634.18	1	553	1	553
1	"1"	"1"	1	FALSE	0	90	100	0	0	3.42901103761e-14	560	1551378634.21	5	563	5	563
1	"1"	"1"	1	FALSE	0	90	100	0	0	3.42901103761e-14	560	1551378634.24	7	569	7	569
1	"1"	"1"	1	FALSE	0	90	100	0	0	3.42901103761e-14	560	1551378634.28	9	574	9	574
1	"1"	"1"	1	FALSE	0	90	100	0	0	3.42901103761e-14	560	1551378634.31	10	575	10	575
1	"1"	"1"	1	FALSE	0	90	100	0	0	3.42901103761e-14	560	1551378634.34	10	575	10	575
1	"1"	"1"	1	FALSE	0	90	100	0	0	3.42901103761e-14	560	1551378634.38	10	575	10	575
1	"1"	"1"	1	FALSE	0	90	100	0	0	3.42901103761e-14	560	1551378634.41	10	575	10	575
1	"1"	"1"	1	FALSE	0	90	100	0	0	3.42901103761e-14	560	1551378634.44	10	575	10	575
1	"1"	"1"	1	FALSE	0	90	100	0	0	3.42901103761e-14	560	1551378634.48	10	575	10	575
1	"1"	"1"	1	FALSE	0	90	100	0	0	3.42901103761e-14	560	1551378634.51	10	575	10	575
1	"1"	"1"	1	FALSE	0	90	100	0	0	3.42901103761e-14	560	1551378634.54	9	575	9	575
1	"1"	"1"	1	FALSE	0	90	100	0	0	3.42901103761e-14	560	1551378634.58	8	574	8	574
1	"1"	"1"	1	FALSE	0	90	100	0	0	3.42901103761e-14	560	1551378634.61	4	571	4	571
1	"1"	"1"	2	FALSE	0	45	100	0	0	395.979797464	395.979797464	1551378636.39	3	0	3	0
1	"1"	"1"	2	FALSE	0	45	100	0	0	395.979797464	395.979797464	1551378636.43	2	0	2	0
1	"1"	"1"	2	FALSE	0	45	100	0	0	395.979797464	395.979797464	1551378636.46	2	1	2	1
1	"1"	"1"	2	FALSE	0	45	100	0	0	395.979797464	395.979797464	1551378636.49	2	1	2	1
1	"1"	"1"	2	FALSE	0	45	100	0	0	395.979797464	395.979797464	1551378636.53	2	1	2	1
1	"1"	"1"	2	FALSE	0	45	100	0	0	395.979797464	395.979797464	1551378636.56	2	1	2	1
1	"1"	"1"	2	FALSE	0	45	100	0	0	395.979797464	395.979797464	1551378636.6	2	1	2	1
1	"1"	"1"	2	FALSE	0	45	100	0	0	395.979797464	395.979797464	1551378636.63	2	1	2	1
1	"1"	"1"	2	FALSE	0	45	100	0	0	395.979797464	395.979797464	1551378636.66	2	1	2	1
1	"1"	"1"	2	FALSE	0	45	100	0	0	395.979797464	395.979797464	1551378636.7	2	1	2	1
1	"1"	"1"	2	FALSE	0	45	100	0	0	395.979797464	395.979797464	1551378636.73	2	1	2	1
1	"1"	"1"	2	FALSE	0	45	100	0	0	395.979797464	395.979797464	1551378636.76	2	1	2	1
1	"1"	"1"	2	FALSE	0	45	100	0	0	395.979797464	395.979797464	1551378636.8	2	1	2	1
1	"1"	"1"	2	FALSE	0	45	100	0	0	395.979797464	395.979797464	1551378636.83	2	1	2	1
1	"1"	"1"	2	FALSE	0	45	100	0	0	395.979797464	395.979797464	1551378636.86	2	1	2	1
1	"1"	"1"	2	FALSE	0	45	100	0	0	395.979797464	395.979797464	1551378636.9	2	1	2	1
1	"1"	"1"	2	FALSE	0	45	100	0	0	395.979797464	395.979797464	1551378636.93	5	6	5	6
1	"1"	"1"	2	FALSE	0	45	100	0	0	395.979797464	395.979797464	1551378636.96	20	34	20	34
1	"1"	"1"	2	FALSE	0	45	100	0	0	395.979797464	395.979797464	1551378637	41	65	41	65
1	"1"	"1"	2	FALSE	0	45	100	0	0	395.979797464	395.979797464	1551378637.03	75	106	75	106
1	"1"	"1"	2	FALSE	0	45	100	0	0	395.979797464	395.979797464	1551378637.06	106	136	106	136
1	"1"	"1"	2	FALSE	0	45	100	0	0	395.979797464	395.979797464	1551378637.1	140	167	140	167
1	"1"	"1"	2	FALSE	0	45	100	0	0	395.979797464	395.979797464	1551378637.13	173	198	173	198
1	"1"	"1"	2	FALSE	0	45	100	0	0	395.979797464	395.979797464	1551378637.16	201	224	201	224
1	"1"	"1"	2	FALSE	0	45	100	0	0	395.979797464	395.979797464	1551378637.2	234	256	234	256
1	"1"	"1"	2	FALSE	0	45	100	0	0	395.979797464	395.979797464	1551378637.23	257	278	257	278
1	"1"	"1"	2	FALSE	0	45	100	0	0	395.979797464	395.979797464	1551378637.26	284	303	284	303
1	"1"	"1"	2	FALSE	0	45	100	0	0	395.979797464	395.979797464	1551378637.3	304	318	304	318
1	"1"	"1"	2	FALSE	0	45	100	0	0	395.979797464	395.979797464	1551378637.33	316	329	316	329
1	"1"	"1"	2	FALSE	0	45	100	0	0	395.979797464	395.979797464	1551378637.36	331	344	331	344
1	"1"	"1"	2	FALSE	0	45	100	0	0	395.979797464	395.979797464	1551378637.4	344	355	344	355
1	"1"	"1"	2	FALSE	0	45	100	0	0	395.979797464	395.979797464	1551378637.43	356	364	356	364
1	"1"	"1"	2	FALSE	0	45	100	0	0	395.979797464	395.979797464	1551378637.46	362	372	362	372
1	"1"	"1"	2	FALSE	0	45	100	0	0	395.979797464	395.979797464	1551378637.5	372	380	372	380
1	"1"	"1"	2	FALSE	0	45	100	0	0	395.979797464	395.979797464	1551378637.53	379	385	379	385
1	"1"	"1"	2	FALSE	0	45	100	0	0	395.979797464	395.979797464	1551378637.56	381	389	381	389
1	"1"	"1"	2	FALSE	0	45	100	0	0	395.979797464	395.979797464	1551378637.6	389	396	389	396
1	"1"	"1"	2	FALSE	0	45	100	0	0	395.979797464	395.979797464	1551378637.63	397	403	397	403
1	"1"	"1"	2	FALSE	0	45	100	0	0	395.979797464	395.979797464	1551378637.66	400	406	400	406
1	"1"	"1"	2	FALSE	0	45	100	0	0	395.979797464	395.979797464	1551378637.7	402	407	402	407
1	"1"	"1"	3	FALSE	0	135	100	0	0	-395.979797464	395.979797464	1551378639.11	2	-1	2	-1
1	"1"	"1"	3	FALSE	0	135	100	0	0	-395.979797464	395.979797464	1551378639.13	2	-1	2	-1
1	"1"	"1"	3	FALSE	0	135	100	0	0	-395.979797464	395.979797464	1551378639.16	2	-1	2	-1
1	"1"	"1"	3	FALSE	0	135	100	0	0	-395.979797464	395.979797464	1551378639.2	2	0	2	0
1	"1"	"1"	3	FALSE	0	135	100	0	0	-395.979797464	395.979797464	1551378639.23	1	0	1	0
1	"1"	"1"	3	FALSE	0	135	100	0	0	-395.979797464	395.979797464	1551378639.26	1	0	1	0
1	"1"	"1"	3	FALSE	0	135	100	0	0	-395.979797464	395.979797464	1551378639.3	1	0	1	0
1	"1"	"1"	3	FALSE	0	135	100	0	0	-395.979797464	395.979797464	1551378639.33	1	0	1	0
1	"1"	"1"	3	FALSE	0	135	100	0	0	-395.979797464	395.979797464	1551378639.36	1	0	1	0
1	"1"	"1"	3	FALSE	0	135	100	0	0	-395.979797464	395.979797464	1551378639.4	1	0	1	0
1	"1"	"1"	3	FALSE	0	135	100	0	0	-395.979797464	395.979797464	1551378639.43	1	0	1	0
1	"1"	"1"	3	FALSE	0	135	100	0	0	-395.979797464	395.979797464	1551378639.46	1	0	1	0
1	"1"	"1"	3	FALSE	0	135	100	0	0	-395.979797464	395.979797464	1551378639.5	0	1	0	1
1	"1"	"1"	3	FALSE	0	135	100	0	0	-395.979797464	395.979797464	1551378639.53	-5	9	-5	9
1	"1"	"1"	3	FALSE	0	135	100	0	0	-395.979797464	395.979797464	1551378639.56	-15	27	-15	27
1	"1"	"1"	3	FALSE	0	135	100	0	0	-395.979797464	395.979797464	1551378639.6	-29	41	-29	41
1	"1"	"1"	3	FALSE	0	135	100	0	0	-395.979797464	395.979797464	1551378639.63	-56	61	-56	61
1	"1"	"1"	3	FALSE	0	135	100	0	0	-395.979797464	395.979797464	1551378639.66	-85	82	-85	82
1	"1"	"1"	3	FALSE	0	135	100	0	0	-395.979797464	395.979797464	1551378639.7	-114	100	-114	100
1	"1"	"1"	3	FALSE	0	135	100	0	0	-395.979797464	395.979797464	1551378639.73	-139	112	-139	112
1	"1"	"1"	3	FALSE	0	135	100	0	0	-395.979797464	395.979797464	1551378639.76	-169	127	-169	127
1	"1"	"1"	3	FALSE	0	135	100	0	0	-395.979797464	395.979797464	1551378639.8	-198	146	-198	146
1	"1"	"1"	3	FALSE	0	135	100	0	0	-395.979797464	395.979797464	1551378639.83	-221	162	-221	162
1	"1"	"1"	3	FALSE	0	135	100	0	0	-395.979797464	395.979797464	1551378639.86	-245	181	-245	181
1	"1"	"1"	3	FALSE	0	135	100	0	0	-395.979797464	395.979797464	1551378639.9	-262	199	-262	199
1	"1"	"1"	3	FALSE	0	135	100	0	0	-395.979797464	395.979797464	1551378639.93	-273	210	-273	210
1	"1"	"1"	3	FALSE	0	135	100	0	0	-395.979797464	395.979797464	1551378639.96	-291	223	-291	223
1	"1"	"1"	3	FALSE	0	135	100	0	0	-395.979797464	395.979797464	1551378640	-304	235	-304	235
1	"1"	"1"	3	FALSE	0	135	100	0	0	-395.979797464	395.979797464	1551378640.03	-316	250	-316	250
1	"1"	"1"	3	FALSE	0	135	100	0	0	-395.979797464	395.979797464	1551378640.06	-323	262	-323	262
1	"1"	"1"	3	FALSE	0	135	100	0	0	-395.979797464	395.979797464	1551378640.1	-331	277	-331	277
1	"1"	"1"	3	FALSE	0	135	100	0	0	-395.979797464	395.979797464	1551378640.13	-339	290	-339	290
1	"1"	"1"	3	FALSE	0	135	100	0	0	-395.979797464	395.979797464	1551378640.16	-346	300	-346	300
1	"1"	"1"	3	FALSE	0	135	100	0	0	-395.979797464	395.979797464	1551378640.2	-352	311	-352	311
1	"1"	"1"	3	FALSE	0	135	100	0	0	-395.979797464	395.979797464	1551378640.23	-357	321	-357	321
1	"1"	"1"	3	FALSE	0	135	100	0	0	-395.979797464	395.979797464	1551378640.26	-362	331	-362	331
1	"1"	"1"	3	FALSE	0	135	100	0	0	-395.979797464	395.979797464	1551378640.3	-365	341	-365	341
1	"1"	"1"	3	FALSE	0	135	100	0	0	-395.979797464	395.979797464	1551378640.33	-370	352	-370	352
1	"1"	"1"	3	FALSE	0	135	100	0	0	-395.979797464	395.979797464	1551378640.36	-376	362	-376	362
1	"1"	"1"	3	FALSE	0	135	100	0	0	-395.979797464	395.979797464	1551378640.4	-383	371	-383	371
1	"1"	"1"	3	FALSE	0	135	100	0	0	-395.979797464	395.979797464	1551378640.43	-391	380	-391	380
1	"1"	"1"	3	FALSE	0	135	100	0	0	-395.979797464	395.979797464	1551378640.46	-398	388	-398	388
1	"1"	"1"	3	FALSE	0	135	100	0	0	-395.979797464	395.979797464	1551378640.5	-403	392	-403	392
1	"1"	"1"	3	FALSE	0	135	100	0	0	-395.979797464	395.979797464	1551378640.53	-406	394	-406	394
1	"1"	"1"	4	FALSE	0	135	100	0	0	-395.979797464	395.979797464	1551378642.14	11	6	11	6
1	"1"	"1"	4	FALSE	0	135	100	0	0	-395.979797464	395.979797464	1551378642.17	11	6	11	6
1	"1"	"1"	4	FALSE	0	135	100	0	0	-395.979797464	395.979797464	1551378642.2	11	6	11	6
1	"1"	"1"	4	FALSE	0	135	100	0	0	-395.979797464	395.979797464	1551378642.23	11	6	11	6
1	"1"	"1"	4	FALSE	0	135	100	0	0	-395.979797464	395.979797464	1551378642.27	11	6	11	6
1	"1"	"1"	4	FALSE	0	135	100	0	0	-395.979797464	395.979797464	1551378642.3	10	6	10	6
1	"1"	"1"	4	FALSE	0	135	100	0	0	-395.979797464	395.979797464	1551378642.33	8	5	8	5
1	"1"	"1"	4	FALSE	0	135	100	0	0	-395.979797464	395.979797464	1551378642.37	4	3	4	3
1	"1"	"1"	4	FALSE	0	135	100	0	0	-395.979797464	395.979797464	1551378642.4	1	2	1	2
1	"1"	"1"	4	FALSE	0	135	100	0	0	-395.979797464	395.979797464	1551378642.43	-1	2	-1	2
1	"1"	"1"	4	FALSE	0	135	100	0	0	-395.979797464	395.979797464	1551378642.47	-1	2	-1	2
1	"1"	"1"	4	FALSE	0	135	100	0	0	-395.979797464	395.979797464	1551378642.5	-1	2	-1	2
1	"1"	"1"	4	FALSE	0	135	100	0	0	-395.979797464	395.979797464	1551378642.53	-1	2	-1	2
1	"1"	"1"	4	FALSE	0	135	100	0	0	-395.979797464	395.979797464	1551378642.57	-1	2	-1	2
1	"1"	"1"	4	FALSE	0	135	100	0	0	-395.979797464	395.979797464	1551378642.6	-1	2	-1	2
1	"1"	"1"	4	FALSE	0	135	100	0	0	-395.979797464	395.979797464	1551378642.63	-1	2	-1	2
1	"1"	"1"	4	FALSE	0	135	100	0	0	-395.979797464	395.979797464	1551378642.67	-1	2	-1	2
1	"1"	"1"	4	FALSE	0	135	100	0	0	-395.979797464	395.979797464	1551378642.7	-1	2	-1	2
1	"1"	"1"	4	FALSE	0	135	100	0	0	-395.979797464	395.979797464	1551378642.73	-1	2	-1	2
1	"1"	"1"	4	FALSE	0	135	100	0	0	-395.979797464	395.979797464	1551378642.77	-1	2	-1	2
1	"1"	"1"	4	FALSE	0	135	100	0	0	-395.979797464	395.979797464	1551378642.8	-1	2	-1	2
1	"1"	"1"	4	FALSE	0	135	100	0	0	-395.979797464	395.979797464	1551378642.83	-1	2	-1	2
1	"1"	"1"	4	FALSE	0	135	100	0	0	-395.979797464	395.979797464	1551378642.87	-1	2	-1	2
1	"1"	"1"	4	FALSE	0	135	100	0	0	-395.979797464	395.979797464	1551378642.9	-1	2	-1	2
1	"1"	"1"	4	FALSE	0	135	100	0	0	-395.979797464	395.979797464	1551378642.93	-1	2	-1	2
1	"1"	"1"	4	FALSE	0	135	100	0	0	-395.979797464	395.979797464	1551378642.97	-1	2	-1	2
1	"1"	"1"	4	FALSE	0	135	100	0	0	-395.979797464	395.979797464	1551378643	-1	2	-1	2
1	"1"	"1"	4	FALSE	0	135	100	0	0	-395.979797464	395.979797464	1551378643.03	-1	2	-1	2
1	"1"	"1"	4	FALSE	0	135	100	0	0	-395.979797464	395.979797464	1551378643.07	-1	2	-1	2
1	"1"	"1"	4	FALSE	0	135	100	0	0	-395.979797464	395.979797464	1551378643.1	-1	2	-1	2
1	"1"	"1"	4	FALSE	0	135	100	0	0	-395.979797464	395.979797464	1551378643.13	-1	2	-1	2
1	"1"	"1"	4	FALSE	0	135	100	0	0	-395.979797464	395.979797464	1551378643.17	-1	2	-1	2
1	"1"	"1"	4	FALSE	0	135	100	0	0	-395.979797464	395.979797464	1551378643.2	-1	2	-1	2
1	"1"	"1"	4	FALSE	0	135	100	0	0	-395.979797464	395.979797464	1551378643.23	-1	2	-1	2
1	"1"	"1"	4	FALSE	0	135	100	0	0	-395.979797464	395.979797464	1551378643.27	-1	2	-1	2
1	"1"	"1"	4	FALSE	0	135	100	0	0	-395.979797464	395.979797464	1551378643.3	-1	2	-1	2
1	"1"	"1"	4	FALSE	0	135	100	0	0	-395.979797464	395.979797464	1551378643.33	-1	2	-1	2
1	"1"	"1"	4	FALSE	0	135	100	0	0	-395.979797464	395.979797464	1551378643.37	-1	2	-1	2
1	"1"	"1"	4	FALSE	0	135	100	0	0	-395.979797464	395.979797464	1551378643.4	-1	2	-1	2
1	"1"	"1"	4	FALSE	0	135	100	0	0	-395.979797464	395.979797464	1551378643.43	-1	2	-1	2
1	"1"	"1"	4	FALSE	0	135	100	0	0	-395.979797464	395.979797464	1551378643.47	-1	2	-1	2
1	"1"	"1"	4	FALSE	0	135	100	0	0	-395.979797464	395.979797464	1551378643.5	-1	2	-1	2
1	"1"	"1"	4	FALSE	0	135	100	0	0	-395.979797464	395.979797464	1551378643.53	-1	2	-1	2
1	"1"	"1"	4	FALSE	0	135	100	0	0	-395.979797464	395.979797464	1551378643.57	-1	2	-1	2
1	"1"	"1"	4	FALSE	0	135	100	0	0	-395.979797464	395.979797464	1551378643.6	-1	2	-1	2
1	"1"	"1"	4	FALSE	0	135	100	0	0	-395.979797464	395.979797464	1551378643.63	-1	2	-1	2
1	"1"	"1"	4	FALSE	0	135	100	0	0	-395.979797464	395.979797464	1551378643.67	-1	2	-1	2
1	"1"	"1"	4	FALSE	0	135	100	0	0	-395.979797464	395.979797464	1551378643.7	-1	2	-1	2
1	"1"	"1"	4	FALSE	0	135	100	0	0	-395.979797464	395.979797464	1551378643.73	-1	2	-1	2
1	"1"	"1"	4	FALSE	0	135	100	0	0	-395.979797464	395.979797464	1551378643.77	-1	2	-1	2
1	"1"	"1"	4	FALSE	0	135	100	0	0	-395.979797464	395.979797464	1551378643.8	-1	2	-1	2
1	"1"	"1"	4	FALSE	0	135	100	0	0	-395.979797464	395.979797464	1551378643.83	-1	2	-1	2
1	"1"	"1"	4	FALSE	0	135	100	0	0	-395.979797464	395.979797464	1551378643.87	-1	2	-1	2
1	"1"	"1"	4	FALSE	0	135	100	0	0	-395.979797464	395.979797464	1551378643.9	-1	2	-1	2
1	"1"	"1"	4	FALSE	0	135	100	0	0	-395.979797464	395.979797464	1551378643.93	-1	2	-1	2
1	"1"	"1"	4	FALSE	0	135	100	0	0	-395.979797464	395.979797464	1551378643.97	-1	2	-1	2
1	"1"	"1"	4	FALSE	0	135	100	0	0	-395.979797464	395.979797464	1551378644	-1	2	-1	2
1	"1"	"1"	4	FALSE	0	135	100	0	0	-395.979797464	395.979797464	1551378644.03	-1	2	-1	2
1	"1"	"1"	4	FALSE	0	135	100	0	0	-395.979797464	395.979797464	1551378644.07	-1	2	-1	2
1	"1"	"1"	4	FALSE	0	135	100	0	0	-395.979797464	395.979797464	1551378644.1	-1	2	-1	2
1	"1"	"1"	4	FALSE	0	135	100	0	0	-395.979797464	395.979797464	1551378644.13	-1	2	-1	2
1	"1"	"1"	4	FALSE	0	135	100	0	0	-395.979797464	395.979797464	1551378644.17	-1	2	-1	2
1	"1"	"1"	4	FALSE	0	135	100	0	0	-395.979797464	395.979797464	1551378644.2	-1	2	-1	2
1	"1"	"1"	4	FALSE	0	135	100	0	0	-395.979797464	395.979797464	1551378644.23	-1	2	-1	2
1	"1"	"1"	4	FALSE	0	135	100	0	0	-395.979797464	395.979797464	1551378644.27	-1	2	-1	2
1	"1"	"1"	4	FALSE	0	135	100	0	0	-395.979797464	395.979797464	1551378644.3	-1	2	-1	2
1	"1"	"1"	4	FALSE	0	135	100	0	0	-395.979797464	395.979797464	1551378644.33	-1	2	-1	2
1	"1"	"1"	4	FALSE	0	135	100	0	0	-395.979797464	395.979797464	1551378644.37	-1	2	-1	2
1	"1"	"1"	4	FALSE	0	135	100	0	0	-395.979797464	395.979797464	1551378644.4	-1	2	-1	2
1	"1"	"1"	4	FALSE	0	135	100	0	0	-395.979797464	395.979797464	1551378644.43	-1	2	-1	2
1	"1"	"1"	4	FALSE	0	135	100	0	0	-395.979797464	395.979797464	1551378644.47	-1	2	-1	2
1	"1"	"1"	4	FALSE	0	135	100	0	0	-395.979797464	395.979797464	1551378644.5	-1	2	-1	2
1	"1"	"1"	4	FALSE	0	135	100	0	0	-395.979797464	395.979797464	1551378644.53	-1	2	-1	2
1	"1"	"1"	4	FALSE	0	135	100	0	0	-395.979797464	395.979797464	1551378644.57	-1	2	-1	2
1	"1"	"1"	4	FALSE	0	135	100	0	0	-395.979797464	395.979797464	1551378644.6	-1	2	-1	2
1	"1"	"1"	4	FALSE	0	135	100	0	0	-395.979797464	395.979797464	1551378644.63	-1	2	-1	2
1	"1"	"1"	4	FALSE	0	135	100	0	0	-395.979797464	395.979797464	1551378644.67	-1	2	-1	2
1	"1"	"1"	4	FALSE	0	135	100	0	0	-395.979797464	395.979797464	1551378644.7	-1	2	-1	2
1	"1"	"1"	4	FALSE	0	135	100	0	0	-395.979797464	395.979797464	1551378644.73	-1	2	-1	2
1	"1"	"1"	4	FALSE	0	135	100	0	0	-395.979797464	395.979797464	1551378644.77	-1	2	-1	2
1	"1"	"1"	4	FALSE	0	135	100	0	0	-395.979797464	395.979797464	1551378644.8	-1	2	-1	2
1	"1"	"1"	4	FALSE	0	135	100	0	0	-395.979797464	395.979797464	1551378644.83	-1	2	-1	2
1	"1"	"1"	4	FALSE	0	135	100	0	0	-395.979797464	395.979797464	1551378644.87	-1	2	-1	2
1	"1"	"1"	4	FALSE	0	135	100	0	0	-395.979797464	395.979797464	1551378644.9	-1	2	-1	2
1	"1"	"1"	4	FALSE	0	135	100	0	0	-395.979797464	395.979797464	1551378644.93	-1	2	-1	2
1	"1"	"1"	4	FALSE	0	135	100	0	0	-395.979797464	395.979797464	1551378644.97	-1	2	-1	2
1	"1"	"1"	4	FALSE	0	135	100	0	0	-395.979797464	395.979797464	1551378645	-1	2	-1	2
1	"1"	"1"	4	FALSE	0	135	100	0	0	-395.979797464	395.979797464	1551378645.03	-1	2	-1	2
1	"1"	"1"	4	FALSE	0	135	100	0	0	-395.979797464	395.979797464	1551378645.07	-1	2	-1	2
1	"1"	"1"	4	FALSE	0	135	100	0	0	-395.979797464	395.979797464	1551378645.1	-1	2	-1	2
1	"1"	"1"	4	FALSE	0	135	100	0	0	-395.979797464	395.979797464	1551378645.13	-1	2	-1	2
1	"1"	"1"	4	FALSE	0	135	100	0	0	-395.979797464	395.979797464	1551378645.17	-1	2	-1	2
1	"1"	"1"	4	FALSE	0	135	100	0	0	-395.979797464	395.979797464	1551378645.2	-1	2	-1	2
1	"1"	"1"	4	FALSE	0	135	100	0	0	-395.979797464	395.979797464	1551378645.23	-1	2	-1	2
1	"1"	"1"	4	FALSE	0	135	100	0	0	-395.979797464	395.979797464	1551378645.27	-1	2	-1	2
1	"1"	"1"	4	FALSE	0	135	100	0	0	-395.979797464	395.979797464	1551378645.3	-1	2	-1	2
1	"1"	"1"	4	FALSE	0	135	100	0	0	-395.979797464	395.979797464	1551378645.33	-1	2	-1	2
1	"1"	"1"	4	FALSE	0	135	100	0	0	-395.979797464	395.979797464	1551378645.37	-1	2	-1	2
1	"1"	"1"	4	FALSE	0	135	100	0	0	-395.979797464	395.979797464	1551378645.4	-1	2	-1	2
1	"1"	"1"	4	FALSE	0	135	100	0	0	-395.979797464	395.979797464	1551378645.43	-1	2	-1	2
1	"1"	"1"	4	FALSE	0	135	100	0	0	-395.979797464	395.979797464	1551378645.47	-1	2	-1	2
1	"1"	"1"	4	FALSE	0	135	100	0	0	-395.979797464	395.979797464	1551378645.5	-1	2	-1	2
1	"1"	"1"	4	FALSE	0	135	100	0	0	-395.979797464	395.979797464	1551378645.54	-1	2	-1	2
1	"1"	"1"	4	FALSE	0	135	100	0	0	-395.979797464	395.979797464	1551378645.57	-1	2	-1	2
1	"1"	"1"	4	FALSE	0	135	100	0	0	-395.979797464	395.979797464	1551378645.6	-1	2	-1	2
1	"1"	"1"	4	FALSE	0	135	100	0	0	-395.979797464	395.979797464	1551378645.64	-1	2	-1	2
1	"1"	"1"	4	FALSE	0	135	100	0	0	-395.979797464	395.979797464	1551378645.67	-1	2	-1	2
1	"1"	"1"	4	FALSE	0	135	100	0	0	-395.979797464	395.979797464	1551378645.7	-1	2	-1	2
1	"1"	"1"	4	FALSE	0	135	100	0	0	-395.979797464	395.979797464	1551378645.74	-1	2	-1	2
1	"1"	"1"	4	FALSE	0	135	100	0	0	-395.979797464	395.979797464	1551378645.77	-1	2	-1	2
1	"1"	"1"	4	FALSE	0	135	100	0	0	-395.979797464	395.979797464	1551378645.8	-1	2	-1	2
1	"1"	"1"	4	FALSE	0	135	100	0	0	-395.979797464	395.979797464	1551378645.84	-1	2	-1	2
1	"1"	"1"	4	FALSE	0	135	100	0	0	-395.979797464	395.979797464	1551378645.87	-1	2	-1	2
1	"1"	"1"	4	FALSE	0	135	100	0	0	-395.979797464	395.979797464	1551378645.9	-1	2	-1	2
1	"1"	"1"	4	FALSE	0	135	100	0	0	-395.979797464	395.979797464	1551378645.94	-1	2	-1	2
1	"1"	"1"	4	FALSE	0	135	100	0	0	-395.979797464	395.979797464	1551378645.97	-1	2	-1	2
1	"1"	"1"	4	FALSE	0	135	100	0	0	-395.979797464	395.979797464	1551378646	-1	2	-1	2
1	"1"	"1"	4	FALSE	0	135	100	0	0	-395.979797464	395.979797464	1551378646.04	-1	2	-1	2
1	"1"	"1"	4	FALSE	0	135	100	0	0	-395.979797464	395.979797464	1551378646.07	-1	2	-1	2
1	"1"	"1"	4	FALSE	0	135	100	0	0	-395.979797464	395.979797464	1551378646.1	-1	2	-1	2
1	"1"	"1"	4	FALSE	0	135	100	0	0	-395.979797464	395.979797464	1551378646.14	-1	2	-1	2
1	"1"	"1"	4	FALSE	0	135	100	0	0	-395.979797464	395.979797464	1551378646.17	-1	2	-1	2
1	"1"	"1"	4	FALSE	0	135	100	0	0	-395.979797464	395.979797464	1551378646.2	-1	2	-1	2
1	"1"	"1"	4	FALSE	0	135	100	0	0	-395.979797464	395.979797464	1551378646.24	-1	2	-1	2
1	"1"	"1"	4	FALSE	0	135	100	0	0	-395.979797464	395.979797464	1551378646.27	-1	2	-1	2
1	"1"	"1"	4	FALSE	0	135	100	0	0	-395.979797464	395.979797464	1551378646.3	-1	2	-1	2
1	"1"	"1"	4	FALSE	0	135	100	0	0	-395.979797464	395.979797464	1551378646.34	-1	2	-1	2
1	"1"	"1"	4	FALSE	0	135	100	0	0	-395.979797464	395.979797464	1551378646.37	-1	2	-1	2
1	"1"	"1"	4	FALSE	0	135	100	0	0	-395.979797464	395.979797464	1551378646.4	-1	2	-1	2
1	"1"	"1"	4	FALSE	0	135	100	0	0	-395.979797464	395.979797464	1551378646.44	-1	2	-1	2
1	"1"	"1"	4	FALSE	0	135	100	0	0	-395.979797464	395.979797464	1551378646.47	-1	2	-1	2
1	"1"	"1"	4	FALSE	0	135	100	0	0	-395.979797464	395.979797464	1551378646.5	-1	2	-1	2
1	"1"	"1"	4	FALSE	0	135	100	0	0	-395.979797464	395.979797464	1551378646.54	-1	2	-1	2
1	"1"	"1"	4	FALSE	0	135	100	0	0	-395.979797464	395.979797464	1551378646.57	-1	2	-1	2
1	"1"	"1"	4	FALSE	0	135	100	0	0	-395.979797464	395.979797464	1551378646.6	-1	2	-1	2
1	"1"	"1"	4	FALSE	0	135	100	0	0	-395.979797464	395.979797464	1551378646.64	-1	2	-1	2
1	"1"	"1"	4	FALSE	0	135	100	0	0	-395.979797464	395.979797464	1551378646.67	-1	2	-1	2
1	"1"	"1"	4	FALSE	0	135	100	0	0	-395.979797464	395.979797464	1551378646.7	-1	2	-1	2
1	"1"	"1"	4	FALSE	0	135	100	0	0	-395.979797464	395.979797464	1551378646.74	-1	2	-1	2
1	"1"	"1"	4	FALSE	0	135	100	0	0	-395.979797464	395.979797464	1551378646.77	-1	2	-1	2
1	"1"	"1"	4	FALSE	0	135	100	0	0	-395.979797464	395.979797464	1551378646.8	-1	4	-1	4
1	"1"	"1"	4	FALSE	0	135	100	0	0	-395.979797464	395.979797464	1551378646.84	-1	9	-1	9
1	"1"	"1"	4	FALSE	0	135	100	0	0	-395.979797464	395.979797464	1551378646.87	1	17	1	17
1	"1"	"1"	4	FALSE	0	135	100	0	0	-395.979797464	395.979797464	1551378646.9	2	19	2	19
1	"1"	"1"	4	FALSE	0	135	100	0	0	-395.979797464	395.979797464	1551378646.94	2	19	2	19
1	"1"	"1"	4	FALSE	0	135	100	0	0	-395.979797464	395.979797464	1551378646.97	2	19	2	19
1	"1"	"1"	4	FALSE	0	135	100	0	0	-395.979797464	395.979797464	1551378647	2	19	2	19
1	"1"	"1"	4	FALSE	0	135	100	0	0	-395.979797464	395.979797464	1551378647.04	1	20	1	20
1	"1"	"1"	4	FALSE	0	135	100	0	0	-395.979797464	395.979797464	1551378647.07	-1	26	-1	26
1	"1"	"1"	4	FALSE	0	135	100	0	0	-395.979797464	395.979797464	1551378647.1	-8	37	-8	37
1	"1"	"1"	4	FALSE	0	135	100	0	0	-395.979797464	395.979797464	1551378647.14	-19	64	-19	64
1	"1"	"1"	4	FALSE	0	135	100	0	0	-395.979797464	395.979797464	1551378647.17	-29	87	-29	87
1	"1"	"1"	4	FALSE	0	135	100	0	0	-395.979797464	395.979797464	1551378647.2	-42	108	-42	108
1	"1"	"1"	4	FALSE	0	135	100	0	0	-395.979797464	395.979797464	1551378647.24	-59	133	-59	133
1	"1"	"1"	4	FALSE	0	135	100	0	0	-395.979797464	395.979797464	1551378647.27	-78	157	-78	157
1	"1"	"1"	4	FALSE	0	135	100	0	0	-395.979797464	395.979797464	1551378647.3	-96	177	-96	177
1	"1"	"1"	4	FALSE	0	135	100	0	0	-395.979797464	395.979797464	1551378647.34	-117	199	-117	199
1	"1"	"1"	4	FALSE	0	135	100	0	0	-395.979797464	395.979797464	1551378647.37	-138	216	-138	216
1	"1"	"1"	4	FALSE	0	135	100	0	0	-395.979797464	395.979797464	1551378647.4	-161	232	-161	232
1	"1"	"1"	4	FALSE	0	135	100	0	0	-395.979797464	395.979797464	1551378647.44	-187	253	-187	253
1	"1"	"1"	4	FALSE	0	135	100	0	0	-395.979797464	395.979797464	1551378647.47	-216	274	-216	274
1	"1"	"1"	4	FALSE	0	135	100	0	0	-395.979797464	395.979797464	1551378647.5	-241	294	-241	294
1	"1"	"1"	4	FALSE	0	135	100	0	0	-395.979797464	395.979797464	1551378647.54	-264	310	-264	310
1	"1"	"1"	4	FALSE	0	135	100	0	0	-395.979797464	395.979797464	1551378647.57	-291	322	-291	322
1	"1"	"1"	4	FALSE	0	135	100	0	0	-395.979797464	395.979797464	1551378647.6	-317	333	-317	333
1	"1"	"1"	4	FALSE	0	135	100	0	0	-395.979797464	395.979797464	1551378647.64	-340	340	-340	340
1	"1"	"1"	4	FALSE	0	135	100	0	0	-395.979797464	395.979797464	1551378647.67	-366	347	-366	347
1	"1"	"1"	4	FALSE	0	135	100	0	0	-395.979797464	395.979797464	1551378647.7	-389	357	-389	357
1	"1"	"1"	4	FALSE	0	135	100	0	0	-395.979797464	395.979797464	1551378647.74	-399	364	-399	364
1	"1"	"1"	4	FALSE	0	135	100	0	0	-395.979797464	395.979797464	1551378647.77	-413	374	-413	374
1	"1"	"1"	4	FALSE	0	135	100	0	0	-395.979797464	395.979797464	1551378647.8	-422	384	-422	384
1	"1"	"1"	4	FALSE	0	135	100	0	0	-395.979797464	395.979797464	1551378647.84	-428	391	-428	391
1	"1"	"1"	4	FALSE	0	135	100	0	0	-395.979797464	395.979797464	1551378647.87	-430	395	-430	395
1	"1"	"1"	4	FALSE	0	135	100	0	0	-395.979797464	395.979797464	1551378647.9	-431	396	-431	396
1	"1"	"1"	4	FALSE	0	135	100	0	0	-395.979797464	395.979797464	1551378647.94	-431	396	-431	396
1	"1"	"1"	4	FALSE	0	135	100	0	0	-395.979797464	395.979797464	1551378647.97	-428	398	-428	398
1	"1"	"1"	4	FALSE	0	135	100	0	0	-395.979797464	395.979797464	1551378648	-422	402	-422	402
1	"1"	"1"	4	FALSE	0	135	100	0	0	-395.979797464	395.979797464	1551378648.04	-416	405	-416	405
1	"1"	"1"	4	FALSE	0	135	100	0	0	-395.979797464	395.979797464	1551378648.07	-413	405	-413	405
1	"1"	"1"	4	FALSE	0	135	100	0	0	-395.979797464	395.979797464	1551378648.1	-410	403	-410	403
1	"1"	"1"	4	FALSE	0	135	100	0	0	-395.979797464	395.979797464	1551378648.14	-406	400	-406	400
1	"1"	"1"	4	FALSE	0	135	100	0	0	-395.979797464	395.979797464	1551378648.17	-401	396	-401	396
1	"1"	"1"	4	FALSE	0	135	100	0	0	-395.979797464	395.979797464	1551378648.2	-398	393	-398	393
1	"1"	"1"	4	FALSE	0	135	100	0	0	-395.979797464	395.979797464	1551378648.24	-396	392	-396	392
1	"1"	"1"	4	FALSE	0	135	100	0	0	-395.979797464	395.979797464	1551378648.27	-395	391	-395	391
1	"1"	"1"	5	FALSE	0	90	100	0	0	3.42901103761e-14	560	1551378649.62	0	-5	0	-5
1	"1"	"1"	5	FALSE	0	90	100	0	0	3.42901103761e-14	560	1551378649.64	-1	-5	-1	-5
1	"1"	"1"	5	FALSE	0	90	100	0	0	3.42901103761e-14	560	1551378649.67	-3	-5	-3	-5
1	"1"	"1"	5	FALSE	0	90	100	0	0	3.42901103761e-14	560	1551378649.71	-4	-5	-4	-5
1	"1"	"1"	5	FALSE	0	90	100	0	0	3.42901103761e-14	560	1551378649.74	-4	-5	-4	-5
1	"1"	"1"	5	FALSE	0	90	100	0	0	3.42901103761e-14	560	1551378649.77	-4	-5	-4	-5
1	"1"	"1"	5	FALSE	0	90	100	0	0	3.42901103761e-14	560	1551378649.81	-4	-4	-4	-4
1	"1"	"1"	5	FALSE	0	90	100	0	0	3.42901103761e-14	560	1551378649.84	-4	-4	-4	-4
1	"1"	"1"	5	FALSE	0	90	100	0	0	3.42901103761e-14	560	1551378649.87	-4	-4	-4	-4
1	"1"	"1"	5	FALSE	0	90	100	0	0	3.42901103761e-14	560	1551378649.91	-4	-4	-4	-4
1	"1"	"1"	5	FALSE	0	90	100	0	0	3.42901103761e-14	560	1551378649.94	-4	-4	-4	-4
1	"1"	"1"	5	FALSE	0	90	100	0	0	3.42901103761e-14	560	1551378649.97	-4	0	-4	0
1	"1"	"1"	5	FALSE	0	90	100	0	0	3.42901103761e-14	560	1551378650.01	-2	18	-2	18
1	"1"	"1"	5	FALSE	0	90	100	0	0	3.42901103761e-14	560	1551378650.04	1	58	1	58
1	"1"	"1"	5	FALSE	0	90	100	0	0	3.42901103761e-14	560	1551378650.07	0	97	0	97
1	"1"	"1"	5	FALSE	0	90	100	0	0	3.42901103761e-14	560	1551378650.11	-1	143	-1	143
1	"1"	"1"	5	FALSE	0	90	100	0	0	3.42901103761e-14	560	1551378650.14	-1	174	-1	174
1	"1"	"1"	5	FALSE	0	90	100	0	0	3.42901103761e-14	560	1551378650.17	-1	195	-1	195
1	"1"	"1"	5	FALSE	0	90	100	0	0	3.42901103761e-14	560	1551378650.21	-3	220	-3	220
1	"1"	"1"	5	FALSE	0	90	100	0	0	3.42901103761e-14	560	1551378650.24	-7	240	-7	240
1	"1"	"1"	5	FALSE	0	90	100	0	0	3.42901103761e-14	560	1551378650.27	-11	267	-11	267
1	"1"	"1"	5	FALSE	0	90	100	0	0	3.42901103761e-14	560	1551378650.31	-12	300	-12	300
1	"1"	"1"	5	FALSE	0	90	100	0	0	3.42901103761e-14	560	1551378650.34	-13	329	-13	329
1	"1"	"1"	5	FALSE	0	90	100	0	0	3.42901103761e-14	560	1551378650.37	-17	353	-17	353
1	"1"	"1"	5	FALSE	0	90	100	0	0	3.42901103761e-14	560	1551378650.41	-17	374	-17	374
1	"1"	"1"	5	FALSE	0	90	100	0	0	3.42901103761e-14	560	1551378650.44	-10	400	-10	400
1	"1"	"1"	5	FALSE	0	90	100	0	0	3.42901103761e-14	560	1551378650.47	-7	421	-7	421
1	"1"	"1"	5	FALSE	0	90	100	0	0	3.42901103761e-14	560	1551378650.51	-7	436	-7	436
1	"1"	"1"	5	FALSE	0	90	100	0	0	3.42901103761e-14	560	1551378650.54	-6	451	-6	451
1	"1"	"1"	5	FALSE	0	90	100	0	0	3.42901103761e-14	560	1551378650.57	-6	467	-6	467
1	"1"	"1"	5	FALSE	0	90	100	0	0	3.42901103761e-14	560	1551378650.61	-6	481	-6	481
1	"1"	"1"	5	FALSE	0	90	100	0	0	3.42901103761e-14	560	1551378650.64	-4	491	-4	491
1	"1"	"1"	5	FALSE	0	90	100	0	0	3.42901103761e-14	560	1551378650.67	-2	503	-2	503
1	"1"	"1"	5	FALSE	0	90	100	0	0	3.42901103761e-14	560	1551378650.71	-1	513	-1	513
1	"1"	"1"	5	FALSE	0	90	100	0	0	3.42901103761e-14	560	1551378650.74	1	523	1	523
1	"1"	"1"	5	FALSE	0	90	100	0	0	3.42901103761e-14	560	1551378650.77	3	534	3	534
1	"1"	"1"	5	FALSE	0	90	100	0	0	3.42901103761e-14	560	1551378650.81	3	543	3	543
1	"1"	"1"	5	FALSE	0	90	100	0	0	3.42901103761e-14	560	1551378650.84	5	559	5	559
1	"1"	"1"	5	FALSE	0	90	100	0	0	3.42901103761e-14	560	1551378650.87	5	567	5	567
1	"1"	"1"	5	FALSE	0	90	100	0	0	3.42901103761e-14	560	1551378650.91	7	574	7	574
1	"1"	"1"	5	FALSE	0	90	100	0	0	3.42901103761e-14	560	1551378650.94	8	579	8	579
1	"1"	"1"	5	FALSE	0	90	100	0	0	3.42901103761e-14	560	1551378650.97	9	582	9	582
1	"1"	"1"	5	FALSE	0	90	100	0	0	3.42901103761e-14	560	1551378651.01	9	583	9	583
1	"1"	"1"	5	FALSE	0	90	100	0	0	3.42901103761e-14	560	1551378651.04	9	583	9	583
1	"1"	"1"	5	FALSE	0	90	100	0	0	3.42901103761e-14	560	1551378651.07	9	583	9	583
1	"1"	"1"	5	FALSE	0	90	100	0	0	3.42901103761e-14	560	1551378651.11	9	583	9	583
1	"1"	"1"	5	FALSE	0	90	100	0	0	3.42901103761e-14	560	1551378651.14	9	583	9	583
1	"1"	"1"	5	FALSE	0	90	100	0	0	3.42901103761e-14	560	1551378651.17	9	581	9	581
1	"1"	"1"	5	FALSE	0	90	100	0	0	3.42901103761e-14	560	1551378651.21	9	578	9	578
1	"1"	"1"	5	FALSE	0	90	100	0	0	3.42901103761e-14	560	1551378651.24	9	577	9	577
1	"1"	"1"	5	FALSE	0	90	100	0	0	3.42901103761e-14	560	1551378651.27	9	577	9	577
1	"1"	"1"	5	FALSE	0	90	100	0	0	3.42901103761e-14	560	1551378651.31	9	575	9	575
1	"1"	"1"	5	FALSE	0	90	100	0	0	3.42901103761e-14	560	1551378651.34	9	572	9	572
1	"1"	"1"	5	FALSE	0	90	100	0	0	3.42901103761e-14	560	1551378651.37	9	570	9	570
1	"1"	"1"	6	FALSE	0	45	100	0	0	395.979797464	395.979797464	1551378652.72	6	-2	6	-2
1	"1"	"1"	6	FALSE	0	45	100	0	0	395.979797464	395.979797464	1551378652.74	5	-3	5	-3
1	"1"	"1"	6	FALSE	0	45	100	0	0	395.979797464	395.979797464	1551378652.77	5	-3	5	-3
1	"1"	"1"	6	FALSE	0	45	100	0	0	395.979797464	395.979797464	1551378652.81	5	-3	5	-3
1	"1"	"1"	6	FALSE	0	45	100	0	0	395.979797464	395.979797464	1551378652.84	4	-3	4	-3
1	"1"	"1"	6	FALSE	0	45	100	0	0	395.979797464	395.979797464	1551378652.87	2	-1	2	-1
1	"1"	"1"	6	FALSE	0	45	100	0	0	395.979797464	395.979797464	1551378652.91	1	0	1	0
1	"1"	"1"	6	FALSE	0	45	100	0	0	395.979797464	395.979797464	1551378652.94	-1	2	-1	2
1	"1"	"1"	6	FALSE	0	45	100	0	0	395.979797464	395.979797464	1551378652.97	-2	3	-2	3
1	"1"	"1"	6	FALSE	0	45	100	0	0	395.979797464	395.979797464	1551378653.01	-2	3	-2	3
1	"1"	"1"	6	FALSE	0	45	100	0	0	395.979797464	395.979797464	1551378653.04	-2	3	-2	3
1	"1"	"1"	6	FALSE	0	45	100	0	0	395.979797464	395.979797464	1551378653.07	-2	3	-2	3
1	"1"	"1"	6	FALSE	0	45	100	0	0	395.979797464	395.979797464	1551378653.11	-2	4	-2	4
1	"1"	"1"	6	FALSE	0	45	100	0	0	395.979797464	395.979797464	1551378653.14	0	7	0	7
1	"1"	"1"	6	FALSE	0	45	100	0	0	395.979797464	395.979797464	1551378653.17	5	15	5	15
1	"1"	"1"	6	FALSE	0	45	100	0	0	395.979797464	395.979797464	1551378653.21	15	29	15	29
1	"1"	"1"	6	FALSE	0	45	100	0	0	395.979797464	395.979797464	1551378653.24	28	42	28	42
1	"1"	"1"	6	FALSE	0	45	100	0	0	395.979797464	395.979797464	1551378653.27	50	64	50	64
1	"1"	"1"	6	FALSE	0	45	100	0	0	395.979797464	395.979797464	1551378653.31	72	88	72	88
1	"1"	"1"	6	FALSE	0	45	100	0	0	395.979797464	395.979797464	1551378653.34	97	115	97	115
1	"1"	"1"	6	FALSE	0	45	100	0	0	395.979797464	395.979797464	1551378653.37	125	147	125	147
1	"1"	"1"	6	FALSE	0	45	100	0	0	395.979797464	395.979797464	1551378653.41	151	176	151	176
1	"1"	"1"	6	FALSE	0	45	100	0	0	395.979797464	395.979797464	1551378653.44	177	200	177	200
1	"1"	"1"	6	FALSE	0	45	100	0	0	395.979797464	395.979797464	1551378653.47	197	215	197	215
1	"1"	"1"	6	FALSE	0	45	100	0	0	395.979797464	395.979797464	1551378653.51	219	232	219	232
1	"1"	"1"	6	FALSE	0	45	100	0	0	395.979797464	395.979797464	1551378653.54	232	242	232	242
1	"1"	"1"	6	FALSE	0	45	100	0	0	395.979797464	395.979797464	1551378653.57	242	251	242	251
1	"1"	"1"	6	FALSE	0	45	100	0	0	395.979797464	395.979797464	1551378653.61	257	265	257	265
1	"1"	"1"	6	FALSE	0	45	100	0	0	395.979797464	395.979797464	1551378653.64	272	276	272	276
1	"1"	"1"	6	FALSE	0	45	100	0	0	395.979797464	395.979797464	1551378653.67	285	284	285	284
1	"1"	"1"	6	FALSE	0	45	100	0	0	395.979797464	395.979797464	1551378653.71	308	299	308	299
1	"1"	"1"	6	FALSE	0	45	100	0	0	395.979797464	395.979797464	1551378653.74	326	309	326	309
1	"1"	"1"	6	FALSE	0	45	100	0	0	395.979797464	395.979797464	1551378653.77	346	320	346	320
1	"1"	"1"	6	FALSE	0	45	100	0	0	395.979797464	395.979797464	1551378653.81	363	332	363	332
1	"1"	"1"	6	FALSE	0	45	100	0	0	395.979797464	395.979797464	1551378653.84	377	340	377	340
1	"1"	"1"	6	FALSE	0	45	100	0	0	395.979797464	395.979797464	1551378653.88	389	347	389	347
1	"1"	"1"	6	FALSE	0	45	100	0	0	395.979797464	395.979797464	1551378653.91	397	353	397	353
1	"1"	"1"	6	FALSE	0	45	100	0	0	395.979797464	395.979797464	1551378653.94	404	361	404	361
1	"1"	"1"	6	FALSE	0	45	100	0	0	395.979797464	395.979797464	1551378653.98	408	366	408	366
1	"1"	"1"	6	FALSE	0	45	100	0	0	395.979797464	395.979797464	1551378654.01	410	368	410	368
1	"1"	"1"	6	FALSE	0	45	100	0	0	395.979797464	395.979797464	1551378654.04	412	373	412	373
1	"1"	"1"	6	FALSE	0	45	100	0	0	395.979797464	395.979797464	1551378654.08	413	378	413	378
1	"1"	"1"	6	FALSE	0	45	100	0	0	395.979797464	395.979797464	1551378654.11	412	382	412	382
1	"1"	"1"	6	FALSE	0	45	100	0	0	395.979797464	395.979797464	1551378654.14	412	386	412	386
1	"1"	"1"	6	FALSE	0	45	100	0	0	395.979797464	395.979797464	1551378654.18	412	391	412	391
1	"1"	"1"	6	FALSE	0	45	100	0	0	395.979797464	395.979797464	1551378654.21	411	393	411	393
1	"1"	"1"	6	FALSE	0	45	100	0	0	395.979797464	395.979797464	1551378654.24	411	393	411	393
1	"1"	"1"	6	FALSE	0	45	100	0	0	395.979797464	395.979797464	1551378654.28	409	394	409	394
1	"1"	"1"	6	FALSE	0	45	100	0	0	395.979797464	395.979797464	1551378654.31	405	395	405	395
1	"1"	"1"	6	FALSE	0	45	100	0	0	395.979797464	395.979797464	1551378654.34	400	396	400	396
1	"1"	"1"	6	FALSE	0	45	100	0	0	395.979797464	395.979797464	1551378654.38	399	397	399	397
1	"1"	"1"	7	FALSE	0	135	100	0	0	-395.979797464	395.979797464	1551378655.62	0	6	0	6
1	"1"	"1"	7	FALSE	0	135	100	0	0	-395.979797464	395.979797464	1551378655.64	0	6	0	6
1	"1"	"1"	7	FALSE	0	135	100	0	0	-395.979797464	395.979797464	1551378655.68	0	6	0	6
1	"1"	"1"	7	FALSE	0	135	100	0	0	-395.979797464	395.979797464	1551378655.71	0	6	0	6
1	"1"	"1"	7	FALSE	0	135	100	0	0	-395.979797464	395.979797464	1551378655.74	0	6	0	6
1	"1"	"1"	7	FALSE	0	135	100	0	0	-395.979797464	395.979797464	1551378655.78	0	6	0	6
1	"1"	"1"	7	FALSE	0	135	100	0	0	-395.979797464	395.979797464	1551378655.81	0	6	0	6
1	"1"	"1"	7	FALSE	0	135	100	0	0	-395.979797464	395.979797464	1551378655.84	0	6	0	6
1	"1"	"1"	7	FALSE	0	135	100	0	0	-395.979797464	395.979797464	1551378655.88	0	6	0	6
1	"1"	"1"	7	FALSE	0	135	100	0	0	-395.979797464	395.979797464	1551378655.91	0	6	0	6
1	"1"	"1"	7	FALSE	0	135	100	0	0	-395.979797464	395.979797464	1551378655.94	0	8	0	8
1	"1"	"1"	7	FALSE	0	135	100	0	0	-395.979797464	395.979797464	1551378655.98	-8	33	-8	33
1	"1"	"1"	7	FALSE	0	135	100	0	0	-395.979797464	395.979797464	1551378656.01	-18	56	-18	56
1	"1"	"1"	7	FALSE	0	135	100	0	0	-395.979797464	395.979797464	1551378656.04	-30	72	-30	72
1	"1"	"1"	7	FALSE	0	135	100	0	0	-395.979797464	395.979797464	1551378656.08	-56	98	-56	98
1	"1"	"1"	7	FALSE	0	135	100	0	0	-395.979797464	395.979797464	1551378656.11	-81	120	-81	120
1	"1"	"1"	7	FALSE	0	135	100	0	0	-395.979797464	395.979797464	1551378656.14	-99	133	-99	133
1	"1"	"1"	7	FALSE	0	135	100	0	0	-395.979797464	395.979797464	1551378656.18	-124	145	-124	145
1	"1"	"1"	7	FALSE	0	135	100	0	0	-395.979797464	395.979797464	1551378656.21	-150	158	-150	158
1	"1"	"1"	7	FALSE	0	135	100	0	0	-395.979797464	395.979797464	1551378656.24	-172	172	-172	172
1	"1"	"1"	7	FALSE	0	135	100	0	0	-395.979797464	395.979797464	1551378656.28	-195	184	-195	184
1	"1"	"1"	7	FALSE	0	135	100	0	0	-395.979797464	395.979797464	1551378656.31	-211	190	-211	190
1	"1"	"1"	7	FALSE	0	135	100	0	0	-395.979797464	395.979797464	1551378656.34	-224	198	-224	198
1	"1"	"1"	7	FALSE	0	135	100	0	0	-395.979797464	395.979797464	1551378656.38	-240	208	-240	208
1	"1"	"1"	7	FALSE	0	135	100	0	0	-395.979797464	395.979797464	1551378656.41	-255	218	-255	218
1	"1"	"1"	7	FALSE	0	135	100	0	0	-395.979797464	395.979797464	1551378656.44	-268	229	-268	229
1	"1"	"1"	7	FALSE	0	135	100	0	0	-395.979797464	395.979797464	1551378656.48	-277	242	-277	242
1	"1"	"1"	7	FALSE	0	135	100	0	0	-395.979797464	395.979797464	1551378656.51	-289	255	-289	255
1	"1"	"1"	7	FALSE	0	135	100	0	0	-395.979797464	395.979797464	1551378656.54	-301	267	-301	267
1	"1"	"1"	7	FALSE	0	135	100	0	0	-395.979797464	395.979797464	1551378656.58	-311	277	-311	277
1	"1"	"1"	7	FALSE	0	135	100	0	0	-395.979797464	395.979797464	1551378656.61	-324	289	-324	289
1	"1"	"1"	7	FALSE	0	135	100	0	0	-395.979797464	395.979797464	1551378656.64	-339	300	-339	300
1	"1"	"1"	7	FALSE	0	135	100	0	0	-395.979797464	395.979797464	1551378656.68	-351	309	-351	309
1	"1"	"1"	7	FALSE	0	135	100	0	0	-395.979797464	395.979797464	1551378656.71	-362	319	-362	319
1	"1"	"1"	7	FALSE	0	135	100	0	0	-395.979797464	395.979797464	1551378656.74	-369	325	-369	325
1	"1"	"1"	7	FALSE	0	135	100	0	0	-395.979797464	395.979797464	1551378656.78	-374	331	-374	331
1	"1"	"1"	7	FALSE	0	135	100	0	0	-395.979797464	395.979797464	1551378656.81	-378	336	-378	336
1	"1"	"1"	7	FALSE	0	135	100	0	0	-395.979797464	395.979797464	1551378656.84	-381	341	-381	341
1	"1"	"1"	7	FALSE	0	135	100	0	0	-395.979797464	395.979797464	1551378656.88	-382	347	-382	347
1	"1"	"1"	7	FALSE	0	135	100	0	0	-395.979797464	395.979797464	1551378656.91	-384	351	-384	351
1	"1"	"1"	7	FALSE	0	135	100	0	0	-395.979797464	395.979797464	1551378656.94	-385	356	-385	356
1	"1"	"1"	7	FALSE	0	135	100	0	0	-395.979797464	395.979797464	1551378656.98	-386	360	-386	360
1	"1"	"1"	7	FALSE	0	135	100	0	0	-395.979797464	395.979797464	1551378657.01	-388	363	-388	363
1	"1"	"1"	7	FALSE	0	135	100	0	0	-395.979797464	395.979797464	1551378657.04	-389	365	-389	365
1	"1"	"1"	7	FALSE	0	135	100	0	0	-395.979797464	395.979797464	1551378657.08	-389	368	-389	368
1	"1"	"1"	7	FALSE	0	135	100	0	0	-395.979797464	395.979797464	1551378657.11	-390	370	-390	370
1	"1"	"1"	7	FALSE	0	135	100	0	0	-395.979797464	395.979797464	1551378657.14	-390	373	-390	373
1	"1"	"1"	7	FALSE	0	135	100	0	0	-395.979797464	395.979797464	1551378657.18	-391	377	-391	377
1	"1"	"1"	7	FALSE	0	135	100	0	0	-395.979797464	395.979797464	1551378657.21	-392	380	-392	380
1	"1"	"1"	7	FALSE	0	135	100	0	0	-395.979797464	395.979797464	1551378657.24	-393	383	-393	383
1	"1"	"1"	7	FALSE	0	135	100	0	0	-395.979797464	395.979797464	1551378657.28	-394	386	-394	386
1	"1"	"1"	7	FALSE	0	135	100	0	0	-395.979797464	395.979797464	1551378657.31	-394	388	-394	388
1	"1"	"1"	7	FALSE	0	135	100	0	0	-395.979797464	395.979797464	1551378657.34	-395	392	-395	392
1	"1"	"1"	7	FALSE	0	135	100	0	0	-395.979797464	395.979797464	1551378657.38	-396	395	-396	395
1	"1"	"1"	8	FALSE	0	90	100	0	0	3.42901103761e-14	560	1551378659.46	2	-3	2	-3
1	"1"	"1"	8	FALSE	0	90	100	0	0	3.42901103761e-14	560	1551378659.48	2	-3	2	-3
1	"1"	"1"	8	FALSE	0	90	100	0	0	3.42901103761e-14	560	1551378659.51	2	-3	2	-3
1	"1"	"1"	8	FALSE	0	90	100	0	0	3.42901103761e-14	560	1551378659.55	2	-2	2	-2
1	"1"	"1"	8	FALSE	0	90	100	0	0	3.42901103761e-14	560	1551378659.58	2	-2	2	-2
1	"1"	"1"	8	FALSE	0	90	100	0	0	3.42901103761e-14	560	1551378659.61	2	-2	2	-2
1	"1"	"1"	8	FALSE	0	90	100	0	0	3.42901103761e-14	560	1551378659.65	2	-2	2	-2
1	"1"	"1"	8	FALSE	0	90	100	0	0	3.42901103761e-14	560	1551378659.68	2	-2	2	-2
1	"1"	"1"	8	FALSE	0	90	100	0	0	3.42901103761e-14	560	1551378659.71	2	-2	2	-2
1	"1"	"1"	8	FALSE	0	90	100	0	0	3.42901103761e-14	560	1551378659.75	2	-2	2	-2
1	"1"	"1"	8	FALSE	0	90	100	0	0	3.42901103761e-14	560	1551378659.78	2	-2	2	-2
1	"1"	"1"	8	FALSE	0	90	100	0	0	3.42901103761e-14	560	1551378659.81	2	-2	2	-2
1	"1"	"1"	8	FALSE	0	90	100	0	0	3.42901103761e-14	560	1551378659.85	2	-2	2	-2
1	"1"	"1"	8	FALSE	0	90	100	0	0	3.42901103761e-14	560	1551378659.88	2	-2	2	-2
1	"1"	"1"	8	FALSE	0	90	100	0	0	3.42901103761e-14	560	1551378659.91	2	-2	2	-2
1	"1"	"1"	8	FALSE	0	90	100	0	0	3.42901103761e-14	560	1551378659.95	2	-2	2	-2
1	"1"	"1"	8	FALSE	0	90	100	0	0	3.42901103761e-14	560	1551378659.98	2	-2	2	-2
1	"1"	"1"	8	FALSE	0	90	100	0	0	3.42901103761e-14	560	1551378660.01	2	-2	2	-2
1	"1"	"1"	8	FALSE	0	90	100	0	0	3.42901103761e-14	560	1551378660.05	3	-2	3	-2
1	"1"	"1"	8	FALSE	0	90	100	0	0	3.42901103761e-14	560	1551378660.08	3	-2	3	-2
1	"1"	"1"	8	FALSE	0	90	100	0	0	3.42901103761e-14	560	1551378660.11	5	6	5	6
1	"1"	"1"	8	FALSE	0	90	100	0	0	3.42901103761e-14	560	1551378660.15	7	20	7	20
1	"1"	"1"	8	FALSE	0	90	100	0	0	3.42901103761e-14	560	1551378660.18	9	31	9	31
1	"1"	"1"	8	FALSE	0	90	100	0	0	3.42901103761e-14	560	1551378660.21	10	37	10	37
1	"1"	"1"	8	FALSE	0	90	100	0	0	3.42901103761e-14	560	1551378660.25	13	50	13	50
1	"1"	"1"	8	FALSE	0	90	100	0	0	3.42901103761e-14	560	1551378660.28	16	63	16	63
1	"1"	"1"	8	FALSE	0	90	100	0	0	3.42901103761e-14	560	1551378660.31	18	74	18	74
1	"1"	"1"	8	FALSE	0	90	100	0	0	3.42901103761e-14	560	1551378660.35	20	91	20	91
1	"1"	"1"	8	FALSE	0	90	100	0	0	3.42901103761e-14	560	1551378660.38	22	103	22	103
1	"1"	"1"	8	FALSE	0	90	100	0	0	3.42901103761e-14	560	1551378660.41	22	111	22	111
1	"1"	"1"	8	FALSE	0	90	100	0	0	3.42901103761e-14	560	1551378660.45	22	122	22	122
1	"1"	"1"	8	FALSE	0	90	100	0	0	3.42901103761e-14	560	1551378660.48	20	137	20	137
1	"1"	"1"	8	FALSE	0	90	100	0	0	3.42901103761e-14	560	1551378660.51	18	162	18	162
1	"1"	"1"	8	FALSE	0	90	100	0	0	3.42901103761e-14	560	1551378660.55	14	186	14	186
1	"1"	"1"	8	FALSE	0	90	100	0	0	3.42901103761e-14	560	1551378660.58	12	207	12	207
1	"1"	"1"	8	FALSE	0	90	100	0	0	3.42901103761e-14	560	1551378660.61	9	231	9	231
1	"1"	"1"	8	FALSE	0	90	100	0	0	3.42901103761e-14	560	1551378660.65	5	264	5	264
1	"1"	"1"	8	FALSE	0	90	100	0	0	3.42901103761e-14	560	1551378660.68	4	302	4	302
1	"1"	"1"	8	FALSE	0	90	100	0	0	3.42901103761e-14	560	1551378660.71	2	339	2	339
1	"1"	"1"	8	FALSE	0	90	100	0	0	3.42901103761e-14	560	1551378660.75	-3	383	-3	383
1	"1"	"1"	8	FALSE	0	90	100	0	0	3.42901103761e-14	560	1551378660.78	-5	419	-5	419
1	"1"	"1"	8	FALSE	0	90	100	0	0	3.42901103761e-14	560	1551378660.81	-4	441	-4	441
1	"1"	"1"	8	FALSE	0	90	100	0	0	3.42901103761e-14	560	1551378660.85	-3	467	-3	467
1	"1"	"1"	8	FALSE	0	90	100	0	0	3.42901103761e-14	560	1551378660.88	0	491	0	491
1	"1"	"1"	8	FALSE	0	90	100	0	0	3.42901103761e-14	560	1551378660.91	3	504	3	504
1	"1"	"1"	8	FALSE	0	90	100	0	0	3.42901103761e-14	560	1551378660.95	4	522	4	522
1	"1"	"1"	8	FALSE	0	90	100	0	0	3.42901103761e-14	560	1551378660.98	8	545	8	545
1	"1"	"1"	8	FALSE	0	90	100	0	0	3.42901103761e-14	560	1551378661.01	11	554	11	554
1	"1"	"1"	8	FALSE	0	90	100	0	0	3.42901103761e-14	560	1551378661.05	11	558	11	558
1	"1"	"1"	8	FALSE	0	90	100	0	0	3.42901103761e-14	560	1551378661.08	15	567	15	567
1	"1"	"1"	8	FALSE	0	90	100	0	0	3.42901103761e-14	560	1551378661.11	17	574	17	574
1	"1"	"1"	8	FALSE	0	90	100	0	0	3.42901103761e-14	560	1551378661.15	17	579	17	579
1	"1"	"1"	8	FALSE	0	90	100	0	0	3.42901103761e-14	560	1551378661.18	16	581	16	581
1	"1"	"1"	8	FALSE	0	90	100	0	0	3.42901103761e-14	560	1551378661.21	16	581	16	581
1	"1"	"1"	8	FALSE	0	90	100	0	0	3.42901103761e-14	560	1551378661.25	15	581	15	581
1	"1"	"1"	8	FALSE	0	90	100	0	0	3.42901103761e-14	560	1551378661.28	15	581	15	581
1	"1"	"1"	8	FALSE	0	90	100	0	0	3.42901103761e-14	560	1551378661.31	13	581	13	581
1	"1"	"1"	8	FALSE	0	90	100	0	0	3.42901103761e-14	560	1551378661.35	8	577	8	577
1	"1"	"1"	8	FALSE	0	90	100	0	0	3.42901103761e-14	560	1551378661.38	3	571	3	571
1	"1"	"1"	8	FALSE	0	90	100	0	0	3.42901103761e-14	560	1551378661.41	0	568	0	568
1	"1"	"1"	8	FALSE	0	90	100	0	0	3.42901103761e-14	560	1551378661.45	-2	566	-2	566
1	"1"	"1"	8	FALSE	0	90	100	0	0	3.42901103761e-14	560	1551378661.48	-3	565	-3	565
1	"1"	"1"	9	FALSE	0	45	100	0	0	395.979797464	395.979797464	1551378663.39	1	11	1	11
1	"1"	"1"	9	FALSE	0	45	100	0	0	395.979797464	395.979797464	1551378663.42	1	11	1	11
1	"1"	"1"	9	FALSE	0	45	100	0	0	395.979797464	395.979797464	1551378663.45	1	11	1	11
1	"1"	"1"	9	FALSE	0	45	100	0	0	395.979797464	395.979797464	1551378663.48	1	11	1	11
1	"1"	"1"	9	FALSE	0	45	100	0	0	395.979797464	395.979797464	1551378663.52	1	11	1	11
1	"1"	"1"	9	FALSE	0	45	100	0	0	395.979797464	395.979797464	1551378663.55	1	11	1	11
1	"1"	"1"	9	FALSE	0	45	100	0	0	395.979797464	395.979797464	1551378663.58	1	8	1	8
1	"1"	"1"	9	FALSE	0	45	100	0	0	395.979797464	395.979797464	1551378663.62	2	6	2	6
1	"1"	"1"	9	FALSE	0	45	100	0	0	395.979797464	395.979797464	1551378663.65	2	6	2	6
1	"1"	"1"	9	FALSE	0	45	100	0	0	395.979797464	395.979797464	1551378663.68	2	6	2	6
1	"1"	"1"	9	FALSE	0	45	100	0	0	395.979797464	395.979797464	1551378663.72	2	6	2	6
1	"1"	"1"	9	FALSE	0	45	100	0	0	395.979797464	395.979797464	1551378663.75	2	6	2	6
1	"1"	"1"	9	FALSE	0	45	100	0	0	395.979797464	395.979797464	1551378663.78	4	8	4	8
1	"1"	"1"	9	FALSE	0	45	100	0	0	395.979797464	395.979797464	1551378663.82	10	14	10	14
1	"1"	"1"	9	FALSE	0	45	100	0	0	395.979797464	395.979797464	1551378663.85	21	26	21	26
1	"1"	"1"	9	FALSE	0	45	100	0	0	395.979797464	395.979797464	1551378663.88	33	39	33	39
1	"1"	"1"	9	FALSE	0	45	100	0	0	395.979797464	395.979797464	1551378663.92	45	51	45	51
1	"1"	"1"	9	FALSE	0	45	100	0	0	395.979797464	395.979797464	1551378663.95	62	69	62	69
1	"1"	"1"	9	FALSE	0	45	100	0	0	395.979797464	395.979797464	1551378663.98	88	95	88	95
1	"1"	"1"	9	FALSE	0	45	100	0	0	395.979797464	395.979797464	1551378664.02	121	126	121	126
1	"1"	"1"	9	FALSE	0	45	100	0	0	395.979797464	395.979797464	1551378664.05	149	147	149	147
1	"1"	"1"	9	FALSE	0	45	100	0	0	395.979797464	395.979797464	1551378664.08	174	168	174	168
1	"1"	"1"	9	FALSE	0	45	100	0	0	395.979797464	395.979797464	1551378664.12	199	189	199	189
1	"1"	"1"	9	FALSE	0	45	100	0	0	395.979797464	395.979797464	1551378664.15	219	205	219	205
1	"1"	"1"	9	FALSE	0	45	100	0	0	395.979797464	395.979797464	1551378664.18	233	216	233	216
1	"1"	"1"	9	FALSE	0	45	100	0	0	395.979797464	395.979797464	1551378664.22	247	231	247	231
1	"1"	"1"	9	FALSE	0	45	100	0	0	395.979797464	395.979797464	1551378664.25	261	247	261	247
1	"1"	"1"	9	FALSE	0	45	100	0	0	395.979797464	395.979797464	1551378664.28	272	261	272	261
1	"1"	"1"	9	FALSE	0	45	100	0	0	395.979797464	395.979797464	1551378664.32	289	278	289	278
1	"1"	"1"	9	FALSE	0	45	100	0	0	395.979797464	395.979797464	1551378664.35	311	300	311	300
1	"1"	"1"	9	FALSE	0	45	100	0	0	395.979797464	395.979797464	1551378664.38	323	313	323	313
1	"1"	"1"	9	FALSE	0	45	100	0	0	395.979797464	395.979797464	1551378664.42	339	329	339	329
1	"1"	"1"	9	FALSE	0	45	100	0	0	395.979797464	395.979797464	1551378664.45	351	343	351	343
1	"1"	"1"	9	FALSE	0	45	100	0	0	395.979797464	395.979797464	1551378664.48	356	349	356	349
1	"1"	"1"	9	FALSE	0	45	100	0	0	395.979797464	395.979797464	1551378664.52	359	355	359	355
1	"1"	"1"	9	FALSE	0	45	100	0	0	395.979797464	395.979797464	1551378664.55	362	361	362	361
1	"1"	"1"	9	FALSE	0	45	100	0	0	395.979797464	395.979797464	1551378664.58	366	367	366	367
1	"1"	"1"	9	FALSE	0	45	100	0	0	395.979797464	395.979797464	1551378664.62	370	372	370	372
1	"1"	"1"	9	FALSE	0	45	100	0	0	395.979797464	395.979797464	1551378664.65	375	377	375	377
1	"1"	"1"	9	FALSE	0	45	100	0	0	395.979797464	395.979797464	1551378664.68	379	382	379	382
1	"1"	"1"	9	FALSE	0	45	100	0	0	395.979797464	395.979797464	1551378664.72	381	384	381	384
1	"1"	"1"	9	FALSE	0	45	100	0	0	395.979797464	395.979797464	1551378664.75	382	385	382	385
1	"1"	"1"	9	FALSE	0	45	100	0	0	395.979797464	395.979797464	1551378664.78	383	388	383	388
1	"1"	"1"	9	FALSE	0	45	100	0	0	395.979797464	395.979797464	1551378664.82	385	391	385	391
1	"1"	"1"	9	FALSE	0	45	100	0	0	395.979797464	395.979797464	1551378664.85	386	393	386	393
1	"1"	"1"	9	FALSE	0	45	100	0	0	395.979797464	395.979797464	1551378664.88	389	396	389	396
1	"1"	"1"	9	FALSE	0	45	100	0	0	395.979797464	395.979797464	1551378664.92	392	399	392	399
