"task_num"	"task_name"	"trial_type"	"trial_num"	"terminalfeedback_bool"	"rotation_angle"	"targetangle_deg"	"targetdistance_percmax"	"homex_px"	"homey_px"	"targetx_px"	"targety_px"	"time_s"	"mousex_px"	"mousey_px"	"cursorx_px"	"cursory_px"
1	"1"	"1"	2	FALSE	0	90	100	0	0	3.42901103761e-14	560	27.6791460514	2	-5	2	-5
1	"1"	"1"	2	FALSE	0	90	100	0	0	3.42901103761e-14	560	27.7124991417	0	-4	0	-4
1	"1"	"1"	2	FALSE	0	90	100	0	0	3.42901103761e-14	560	27.7452030182	0	-3	0	-3
1	"1"	"1"	2	FALSE	0	90	100	0	0	3.42901103761e-14	560	27.7791490555	0	-3	0	-3
1	"1"	"1"	2	FALSE	0	90	100	0	0	3.42901103761e-14	560	27.8125121593	0	-3	0	-3
1	"1"	"1"	2	FALSE	0	90	100	0	0	3.42901103761e-14	560	27.845236063	0	-2	0	-2
1	"1"	"1"	2	FALSE	0	90	100	0	0	3.42901103761e-14	560	27.8792729378	0	-1	0	-1
1	"1"	"1"	2	FALSE	0	90	100	0	0	3.42901103761e-14	560	27.9126501083	0	-1	0	-1
1	"1"	"1"	2	FALSE	0	90	100	0	0	3.42901103761e-14	560	27.9457709789	0	-1	0	-1
1	"1"	"1"	2	FALSE	0	90	100	0	0	3.42901103761e-14	560	27.9793231487	0	0	0	0
1	"1"	"1"	2	FALSE	0	90	100	0	0	3.42901103761e-14	560	28.0123829842	0	0	0	0
1	"1"	"1"	2	FALSE	0	90	100	0	0	3.42901103761e-14	560	28.0460009575	0	0	0	0
1	"1"	"1"	2	FALSE	0	90	100	0	0	3.42901103761e-14	560	28.0793859959	0	0	0	0
1	"1"	"1"	2	FALSE	0	90	100	0	0	3.42901103761e-14	560	28.1121089458	0	0	0	0
1	"1"	"1"	2	FALSE	0	90	100	0	0	3.42901103761e-14	560	28.1460781097	0	0	0	0
1	"1"	"1"	2	FALSE	0	90	100	0	0	3.42901103761e-14	560	28.1794290543	0	0	0	0
1	"1"	"1"	2	FALSE	0	90	100	0	0	3.42901103761e-14	560	28.212182045	0	0	0	0
1	"1"	"1"	2	FALSE	0	90	100	0	0	3.42901103761e-14	560	28.2462091446	0	0	0	0
1	"1"	"1"	2	FALSE	0	90	100	0	0	3.42901103761e-14	560	28.279540062	0	0	0	0
1	"1"	"1"	2	FALSE	0	90	100	0	0	3.42901103761e-14	560	28.3122930527	0	0	0	0
1	"1"	"1"	2	FALSE	0	90	100	0	0	3.42901103761e-14	560	28.3462679386	0	0	0	0
1	"1"	"1"	2	FALSE	0	90	100	0	0	3.42901103761e-14	560	28.3796520233	0	0	0	0
1	"1"	"1"	2	FALSE	0	90	100	0	0	3.42901103761e-14	560	28.4126191139	0	0	0	0
1	"1"	"1"	2	FALSE	0	90	100	0	0	3.42901103761e-14	560	28.4461710453	0	0	0	0
1	"1"	"1"	2	FALSE	0	90	100	0	0	3.42901103761e-14	560	28.4790279865	0	0	0	0
1	"1"	"1"	2	FALSE	0	90	100	0	0	3.42901103761e-14	560	28.5130441189	-1	0	-1	0
1	"1"	"1"	2	FALSE	0	90	100	0	0	3.42901103761e-14	560	28.546528101	0	0	0	0
1	"1"	"1"	2	FALSE	0	90	100	0	0	3.42901103761e-14	560	28.5797679424	0	0	0	0
1	"1"	"1"	2	FALSE	0	90	100	0	0	3.42901103761e-14	560	28.6131539345	0	0	0	0
1	"1"	"1"	2	FALSE	0	90	100	0	0	3.42901103761e-14	560	28.6464259624	0	0	0	0
1	"1"	"1"	2	FALSE	0	90	100	0	0	3.42901103761e-14	560	28.6795339584	0	0	0	0
1	"1"	"1"	2	FALSE	0	90	100	0	0	3.42901103761e-14	560	28.7129721642	0	0	0	0
1	"1"	"1"	2	FALSE	0	90	100	0	0	3.42901103761e-14	560	28.7458729744	0	0	0	0
1	"1"	"1"	2	FALSE	0	90	100	0	0	3.42901103761e-14	560	28.7799389362	0	0	0	0
1	"1"	"1"	2	FALSE	0	90	100	0	0	3.42901103761e-14	560	28.8133220673	0	0	0	0
1	"1"	"1"	2	FALSE	0	90	100	0	0	3.42901103761e-14	560	28.8465509415	0	0	0	0
1	"1"	"1"	2	FALSE	0	90	100	0	0	3.42901103761e-14	560	28.8798470497	0	0	0	0
1	"1"	"1"	2	FALSE	0	90	100	0	0	3.42901103761e-14	560	28.9132461548	0	0	0	0
1	"1"	"1"	2	FALSE	0	90	100	0	0	3.42901103761e-14	560	28.9466350079	0	0	0	0
1	"1"	"1"	2	FALSE	0	90	100	0	0	3.42901103761e-14	560	28.9796760082	0	0	0	0
1	"1"	"1"	2	FALSE	0	90	100	0	0	3.42901103761e-14	560	29.0134279728	0	0	0	0
1	"1"	"1"	2	FALSE	0	90	100	0	0	3.42901103761e-14	560	29.0466361046	0	0	0	0
1	"1"	"1"	2	FALSE	0	90	100	0	0	3.42901103761e-14	560	29.0800831318	-1	0	-1	0
1	"1"	"1"	2	FALSE	0	90	100	0	0	3.42901103761e-14	560	29.1131870747	-1	0	-1	0
1	"1"	"1"	2	FALSE	0	90	100	0	0	3.42901103761e-14	560	29.146253109	-1	0	-1	0
1	"1"	"1"	2	FALSE	0	90	100	0	0	3.42901103761e-14	560	29.1798961163	-1	1	-1	1
1	"1"	"1"	2	FALSE	0	90	100	0	0	3.42901103761e-14	560	29.2135159969	-1	1	-1	1
1	"1"	"1"	2	FALSE	0	90	100	0	0	3.42901103761e-14	560	29.2469329834	-1	1	-1	1
1	"1"	"1"	2	FALSE	0	90	100	0	0	3.42901103761e-14	560	29.2797260284	-1	1	-1	1
1	"1"	"1"	2	FALSE	0	90	100	0	0	3.42901103761e-14	560	29.3136529922	-1	1	-1	1
1	"1"	"1"	2	FALSE	0	90	100	0	0	3.42901103761e-14	560	29.3470261097	-1	1	-1	1
1	"1"	"1"	2	FALSE	0	90	100	0	0	3.42901103761e-14	560	29.3803060055	-1	1	-1	1
1	"1"	"1"	2	FALSE	0	90	100	0	0	3.42901103761e-14	560	29.4136359692	-1	1	-1	1
1	"1"	"1"	2	FALSE	0	90	100	0	0	3.42901103761e-14	560	29.4468970299	-1	1	-1	1
1	"1"	"1"	2	FALSE	0	90	100	0	0	3.42901103761e-14	560	29.480091095	-1	1	-1	1
1	"1"	"1"	2	FALSE	0	90	100	0	0	3.42901103761e-14	560	29.5132229328	-1	2	-1	2
1	"1"	"1"	2	FALSE	0	90	100	0	0	3.42901103761e-14	560	29.5472500324	-1	2	-1	2
1	"1"	"1"	2	FALSE	0	90	100	0	0	3.42901103761e-14	560	29.5806081295	-2	2	-2	2
1	"1"	"1"	2	FALSE	0	90	100	0	0	3.42901103761e-14	560	29.6133949757	-2	2	-2	2
1	"1"	"1"	2	FALSE	0	90	100	0	0	3.42901103761e-14	560	29.6470980644	-2	2	-2	2
1	"1"	"1"	2	FALSE	0	90	100	0	0	3.42901103761e-14	560	29.6804089546	-2	2	-2	2
1	"1"	"1"	2	FALSE	0	90	100	0	0	3.42901103761e-14	560	29.7134439945	-2	2	-2	2
1	"1"	"1"	2	FALSE	0	90	100	0	0	3.42901103761e-14	560	29.7473740578	-2	2	-2	2
1	"1"	"1"	2	FALSE	0	90	100	0	0	3.42901103761e-14	560	29.7805991173	-2	2	-2	2
1	"1"	"1"	2	FALSE	0	90	100	0	0	3.42901103761e-14	560	29.8135221004	-2	2	-2	2
1	"1"	"1"	2	FALSE	0	90	100	0	0	3.42901103761e-14	560	29.8474309444	-1	2	-1	2
1	"1"	"1"	2	FALSE	0	90	100	0	0	3.42901103761e-14	560	29.8807971478	-1	2	-1	2
1	"1"	"1"	2	FALSE	0	90	100	0	0	3.42901103761e-14	560	29.9135701656	-1	2	-1	2
1	"1"	"1"	2	FALSE	0	90	100	0	0	3.42901103761e-14	560	29.9475390911	-1	2	-1	2
1	"1"	"1"	2	FALSE	0	90	100	0	0	3.42901103761e-14	560	29.9808840752	-1	2	-1	2
1	"1"	"1"	2	FALSE	0	90	100	0	0	3.42901103761e-14	560	30.0136010647	-1	2	-1	2
1	"1"	"1"	2	FALSE	0	90	100	0	0	3.42901103761e-14	560	30.0476169586	-1	2	-1	2
1	"1"	"1"	2	FALSE	0	90	100	0	0	3.42901103761e-14	560	30.0809280872	-1	2	-1	2
1	"1"	"1"	2	FALSE	0	90	100	0	0	3.42901103761e-14	560	30.1141791344	-1	2	-1	2
1	"1"	"1"	2	FALSE	0	90	100	0	0	3.42901103761e-14	560	30.1476271152	-1	2	-1	2
1	"1"	"1"	2	FALSE	0	90	100	0	0	3.42901103761e-14	560	30.1803269386	-1	2	-1	2
1	"1"	"1"	2	FALSE	0	90	100	0	0	3.42901103761e-14	560	30.2143800259	-1	2	-1	2
1	"1"	"1"	2	FALSE	0	90	100	0	0	3.42901103761e-14	560	30.2476980686	-1	2	-1	2
1	"1"	"1"	2	FALSE	0	90	100	0	0	3.42901103761e-14	560	30.2804231644	-1	2	-1	2
1	"1"	"1"	2	FALSE	0	90	100	0	0	3.42901103761e-14	560	30.3143560886	-1	2	-1	2
1	"1"	"1"	2	FALSE	0	90	100	0	0	3.42901103761e-14	560	30.3476400375	-1	2	-1	2
1	"1"	"1"	2	FALSE	0	90	100	0	0	3.42901103761e-14	560	30.3805129528	-1	2	-1	2
1	"1"	"1"	2	FALSE	0	90	100	0	0	3.42901103761e-14	560	30.4145281315	-1	2	-1	2
1	"1"	"1"	2	FALSE	0	90	100	0	0	3.42901103761e-14	560	30.447936058	-1	2	-1	2
1	"1"	"1"	2	FALSE	0	90	100	0	0	3.42901103761e-14	560	30.4808340073	-1	2	-1	2
1	"1"	"1"	2	FALSE	0	90	100	0	0	3.42901103761e-14	560	30.5146660805	-1	2	-1	2
1	"1"	"1"	2	FALSE	0	90	100	0	0	3.42901103761e-14	560	30.5478219986	-1	2	-1	2
1	"1"	"1"	2	FALSE	0	90	100	0	0	3.42901103761e-14	560	30.5808010101	-1	2	-1	2
1	"1"	"1"	2	FALSE	0	90	100	0	0	3.42901103761e-14	560	30.6146900654	-1	2	-1	2
1	"1"	"1"	2	FALSE	0	90	100	0	0	3.42901103761e-14	560	30.6479160786	-1	2	-1	2
1	"1"	"1"	2	FALSE	0	90	100	0	0	3.42901103761e-14	560	30.6807770729	-1	2	-1	2
1	"1"	"1"	2	FALSE	0	90	100	0	0	3.42901103761e-14	560	30.7146880627	-1	2	-1	2
1	"1"	"1"	2	FALSE	0	90	100	0	0	3.42901103761e-14	560	30.7480421066	-1	2	-1	2
1	"1"	"1"	2	FALSE	0	90	100	0	0	3.42901103761e-14	560	30.781386137	-1	2	-1	2
1	"1"	"1"	2	FALSE	0	90	100	0	0	3.42901103761e-14	560	30.8148069382	-1	2	-1	2
1	"1"	"1"	2	FALSE	0	90	100	0	0	3.42901103761e-14	560	30.84760499	-2	2	-2	2
1	"1"	"1"	2	FALSE	0	90	100	0	0	3.42901103761e-14	560	30.8815460205	-2	2	-2	2
1	"1"	"1"	2	FALSE	0	90	100	0	0	3.42901103761e-14	560	30.9149019718	-2	2	-2	2
1	"1"	"1"	2	FALSE	0	90	100	0	0	3.42901103761e-14	560	30.9483070374	-2	2	-2	2
1	"1"	"1"	2	FALSE	0	90	100	0	0	3.42901103761e-14	560	30.98163414	-2	2	-2	2
1	"1"	"1"	2	FALSE	0	90	100	0	0	3.42901103761e-14	560	31.0146269798	-2	2	-2	2
1	"1"	"1"	2	FALSE	0	90	100	0	0	3.42901103761e-14	560	31.048388958	-2	2	-2	2
1	"1"	"1"	2	FALSE	0	90	100	0	0	3.42901103761e-14	560	31.0814089775	-2	2	-2	2
1	"1"	"1"	2	FALSE	0	90	100	0	0	3.42901103761e-14	560	31.1150641441	-2	2	-2	2
1	"1"	"1"	2	FALSE	0	90	100	0	0	3.42901103761e-14	560	31.148373127	-2	2	-2	2
1	"1"	"1"	2	FALSE	0	90	100	0	0	3.42901103761e-14	560	31.1811621189	-2	2	-2	2
1	"1"	"1"	2	FALSE	0	90	100	0	0	3.42901103761e-14	560	31.2150640488	-2	2	-2	2
1	"1"	"1"	2	FALSE	0	90	100	0	0	3.42901103761e-14	560	31.2482330799	-2	2	-2	2
1	"1"	"1"	2	FALSE	0	90	100	0	0	3.42901103761e-14	560	31.281635046	-2	2	-2	2
1	"1"	"1"	2	FALSE	0	90	100	0	0	3.42901103761e-14	560	31.3152270317	-2	2	-2	2
1	"1"	"1"	2	FALSE	0	90	100	0	0	3.42901103761e-14	560	31.3482429981	-2	2	-2	2
1	"1"	"1"	2	FALSE	0	90	100	0	0	3.42901103761e-14	560	31.3819630146	-2	2	-2	2
1	"1"	"1"	2	FALSE	0	90	100	0	0	3.42901103761e-14	560	31.4152870178	-2	2	-2	2
1	"1"	"1"	2	FALSE	0	90	100	0	0	3.42901103761e-14	560	31.4483089447	-2	2	-2	2
1	"1"	"1"	2	FALSE	0	90	100	0	0	3.42901103761e-14	560	31.4820101261	-2	2	-2	2
1	"1"	"1"	2	FALSE	0	90	100	0	0	3.42901103761e-14	560	31.5153450966	-2	2	-2	2
1	"1"	"1"	2	FALSE	0	90	100	0	0	3.42901103761e-14	560	31.548691988	-2	2	-2	2
1	"1"	"1"	2	FALSE	0	90	100	0	0	3.42901103761e-14	560	31.5821199417	-2	2	-2	2
1	"1"	"1"	2	FALSE	0	90	100	0	0	3.42901103761e-14	560	31.6150150299	-2	2	-2	2
1	"1"	"1"	2	FALSE	0	90	100	0	0	3.42901103761e-14	560	31.6487989426	-2	2	-2	2
1	"1"	"1"	2	FALSE	0	90	100	0	0	3.42901103761e-14	560	31.6816580296	-2	2	-2	2
1	"1"	"1"	2	FALSE	0	90	100	0	0	3.42901103761e-14	560	31.7155511379	-2	2	-2	2
1	"1"	"1"	2	FALSE	0	90	100	0	0	3.42901103761e-14	560	31.7488269806	-2	2	-2	2
1	"1"	"1"	2	FALSE	0	90	100	0	0	3.42901103761e-14	560	31.7822980881	-2	2	-2	2
1	"1"	"1"	2	FALSE	0	90	100	0	0	3.42901103761e-14	560	31.8155169487	-2	2	-2	2
1	"1"	"1"	2	FALSE	0	90	100	0	0	3.42901103761e-14	560	31.8484561443	-2	2	-2	2
1	"1"	"1"	2	FALSE	0	90	100	0	0	3.42901103761e-14	560	31.8823370934	-2	2	-2	2
1	"1"	"1"	2	FALSE	0	90	100	0	0	3.42901103761e-14	560	31.9156200886	-2	2	-2	2
1	"1"	"1"	2	FALSE	0	90	100	0	0	3.42901103761e-14	560	31.9486379623	-2	2	-2	2
1	"1"	"1"	2	FALSE	0	90	100	0	0	3.42901103761e-14	560	31.9824120998	-2	2	-2	2
1	"1"	"1"	2	FALSE	0	90	100	0	0	3.42901103761e-14	560	32.015100956	-2	2	-2	2
1	"1"	"1"	2	FALSE	0	90	100	0	0	3.42901103761e-14	560	32.0491731167	-2	2	-2	2
1	"1"	"1"	2	FALSE	0	90	100	0	0	3.42901103761e-14	560	32.0822150707	-2	2	-2	2
1	"1"	"1"	2	FALSE	0	90	100	0	0	3.42901103761e-14	560	32.1158590317	-2	2	-2	2
1	"1"	"1"	2	FALSE	0	90	100	0	0	3.42901103761e-14	560	32.149230957	-2	2	-2	2
1	"1"	"1"	2	FALSE	0	90	100	0	0	3.42901103761e-14	560	32.181910038	-2	2	-2	2
1	"1"	"1"	2	FALSE	0	90	100	0	0	3.42901103761e-14	560	32.2159211636	-2	2	-2	2
1	"1"	"1"	2	FALSE	0	90	100	0	0	3.42901103761e-14	560	32.2492480278	-2	2	-2	2
1	"1"	"1"	2	FALSE	0	90	100	0	0	3.42901103761e-14	560	32.2824931145	-2	2	-2	2
1	"1"	"1"	2	FALSE	0	90	100	0	0	3.42901103761e-14	560	32.3152971268	-2	2	-2	2
1	"1"	"1"	2	FALSE	0	90	100	0	0	3.42901103761e-14	560	32.3493771553	-2	2	-2	2
1	"1"	"1"	2	FALSE	0	90	100	0	0	3.42901103761e-14	560	32.3827531338	-2	2	-2	2
1	"1"	"1"	2	FALSE	0	90	100	0	0	3.42901103761e-14	560	32.4154770374	-2	2	-2	2
1	"1"	"1"	2	FALSE	0	90	100	0	0	3.42901103761e-14	560	32.4494409561	-2	2	-2	2
1	"1"	"1"	2	FALSE	0	90	100	0	0	3.42901103761e-14	560	32.4827921391	-2	2	-2	2
1	"1"	"1"	2	FALSE	0	90	100	0	0	3.42901103761e-14	560	32.5159859657	-2	2	-2	2
1	"1"	"1"	2	FALSE	0	90	100	0	0	3.42901103761e-14	560	32.5488250256	-2	2	-2	2
1	"1"	"1"	2	FALSE	0	90	100	0	0	3.42901103761e-14	560	32.5828850269	-2	2	-2	2
1	"1"	"1"	2	FALSE	0	90	100	0	0	3.42901103761e-14	560	32.6162340641	-2	2	-2	2
1	"1"	"1"	2	FALSE	0	90	100	0	0	3.42901103761e-14	560	32.6489200592	-2	2	-2	2
1	"1"	"1"	2	FALSE	0	90	100	0	0	3.42901103761e-14	560	32.6828899384	-2	2	-2	2
1	"1"	"1"	2	FALSE	0	90	100	0	0	3.42901103761e-14	560	32.7163619995	-2	2	-2	2
1	"1"	"1"	2	FALSE	0	90	100	0	0	3.42901103761e-14	560	32.7493219376	-2	2	-2	2
1	"1"	"1"	2	FALSE	0	90	100	0	0	3.42901103761e-14	560	32.7830140591	-2	2	-2	2
1	"1"	"1"	2	FALSE	0	90	100	0	0	3.42901103761e-14	560	32.8157629967	-2	2	-2	2
1	"1"	"1"	2	FALSE	0	90	100	0	0	3.42901103761e-14	560	32.8496749401	-2	2	-2	2
1	"1"	"1"	2	FALSE	0	90	100	0	0	3.42901103761e-14	560	32.8831019402	-2	2	-2	2
1	"1"	"1"	2	FALSE	0	90	100	0	0	3.42901103761e-14	560	32.9157991409	-2	2	-2	2
1	"1"	"1"	2	FALSE	0	90	100	0	0	3.42901103761e-14	560	32.9495921135	-2	2	-2	2
1	"1"	"1"	2	FALSE	0	90	100	0	0	3.42901103761e-14	560	32.9831171036	-2	2	-2	2
1	"1"	"1"	2	FALSE	0	90	100	0	0	3.42901103761e-14	560	33.0162479877	-2	2	-2	2
1	"1"	"1"	2	FALSE	0	90	100	0	0	3.42901103761e-14	560	33.0497951508	-2	2	-2	2
1	"1"	"1"	2	FALSE	0	90	100	0	0	3.42901103761e-14	560	33.0830550194	-2	2	-2	2
1	"1"	"1"	2	FALSE	0	90	100	0	0	3.42901103761e-14	560	33.1158931255	-2	2	-2	2
1	"1"	"1"	2	FALSE	0	90	100	0	0	3.42901103761e-14	560	33.1499121189	-2	2	-2	2
1	"1"	"1"	2	FALSE	0	90	100	0	0	3.42901103761e-14	560	33.1833400726	-2	2	-2	2
1	"1"	"1"	2	FALSE	0	90	100	0	0	3.42901103761e-14	560	33.2161450386	-2	2	-2	2
1	"1"	"1"	2	FALSE	0	90	100	0	0	3.42901103761e-14	560	33.2500710487	-2	2	-2	2
1	"1"	"1"	2	FALSE	0	90	100	0	0	3.42901103761e-14	560	33.283272028	-2	2	-2	2
1	"1"	"1"	2	FALSE	0	90	100	0	0	3.42901103761e-14	560	33.316106081	-2	2	-2	2
1	"1"	"1"	2	FALSE	0	90	100	0	0	3.42901103761e-14	560	33.3501429558	-2	2	-2	2
1	"1"	"1"	2	FALSE	0	90	100	0	0	3.42901103761e-14	560	33.3833949566	-2	2	-2	2
1	"1"	"1"	2	FALSE	0	90	100	0	0	3.42901103761e-14	560	33.4162681103	-2	2	-2	2
1	"1"	"1"	2	FALSE	0	90	100	0	0	3.42901103761e-14	560	33.4499950409	-2	2	-2	2
1	"1"	"1"	2	FALSE	0	90	100	0	0	3.42901103761e-14	560	33.483536005	-2	2	-2	2
1	"1"	"1"	2	FALSE	0	90	100	0	0	3.42901103761e-14	560	33.5167379379	-2	2	-2	2
1	"1"	"1"	2	FALSE	0	90	100	0	0	3.42901103761e-14	560	33.5502440929	-2	2	-2	2
1	"1"	"1"	2	FALSE	0	90	100	0	0	3.42901103761e-14	560	33.5835261345	-2	2	-2	2
1	"1"	"1"	2	FALSE	0	90	100	0	0	3.42901103761e-14	560	33.6170549393	-2	2	-2	2
1	"1"	"1"	2	FALSE	0	90	100	0	0	3.42901103761e-14	560	33.6504011154	-2	2	-2	2
1	"1"	"1"	2	FALSE	0	90	100	0	0	3.42901103761e-14	560	33.6833529472	-2	2	-2	2
1	"1"	"1"	2	FALSE	0	90	100	0	0	3.42901103761e-14	560	33.7170679569	-2	2	-2	2
1	"1"	"1"	2	FALSE	0	90	100	0	0	3.42901103761e-14	560	33.7503471375	-2	2	-2	2
1	"1"	"1"	2	FALSE	0	90	100	0	0	3.42901103761e-14	560	33.7832219601	-2	2	-2	2
1	"1"	"1"	2	FALSE	0	90	100	0	0	3.42901103761e-14	560	33.8171479702	-2	2	-2	2
1	"1"	"1"	2	FALSE	0	90	100	0	0	3.42901103761e-14	560	33.8505280018	-2	2	-2	2
1	"1"	"1"	2	FALSE	0	90	100	0	0	3.42901103761e-14	560	33.8835160732	-2	2	-2	2
1	"1"	"1"	2	FALSE	0	90	100	0	0	3.42901103761e-14	560	33.9165930748	-2	2	-2	2
1	"1"	"1"	2	FALSE	0	90	100	0	0	3.42901103761e-14	560	33.9505159855	-2	2	-2	2
1	"1"	"1"	2	FALSE	0	90	100	0	0	3.42901103761e-14	560	33.983798027	-2	2	-2	2
1	"1"	"1"	2	FALSE	0	90	100	0	0	3.42901103761e-14	560	34.0166389942	-2	2	-2	2
1	"1"	"1"	2	FALSE	0	90	100	0	0	3.42901103761e-14	560	34.0506711006	-2	2	-2	2
1	"1"	"1"	2	FALSE	0	90	100	0	0	3.42901103761e-14	560	34.0839130878	-2	2	-2	2
1	"1"	"1"	2	FALSE	0	90	100	0	0	3.42901103761e-14	560	34.1173980236	-2	2	-2	2
1	"1"	"1"	2	FALSE	0	90	100	0	0	3.42901103761e-14	560	34.1500899792	-2	2	-2	2
1	"1"	"1"	2	FALSE	0	90	100	0	0	3.42901103761e-14	560	34.1840851307	-2	2	-2	2
1	"1"	"1"	2	FALSE	0	90	100	0	0	3.42901103761e-14	560	34.2175450325	-2	2	-2	2
1	"1"	"1"	2	FALSE	0	90	100	0	0	3.42901103761e-14	560	34.2508020401	-2	2	-2	2
1	"1"	"1"	2	FALSE	0	90	100	0	0	3.42901103761e-14	560	34.2840189934	-2	2	-2	2
1	"1"	"1"	2	FALSE	0	90	100	0	0	3.42901103761e-14	560	34.3175330162	-2	2	-2	2
1	"1"	"1"	2	FALSE	0	90	100	0	0	3.42901103761e-14	560	34.3508150578	-2	2	-2	2
1	"1"	"1"	2	FALSE	0	90	100	0	0	3.42901103761e-14	560	34.3837230206	-2	2	-2	2
1	"1"	"1"	2	FALSE	0	90	100	0	0	3.42901103761e-14	560	34.4175541401	-2	2	-2	2
1	"1"	"1"	2	FALSE	0	90	100	0	0	3.42901103761e-14	560	34.4509789944	-2	2	-2	2
1	"1"	"1"	2	FALSE	0	90	100	0	0	3.42901103761e-14	560	34.4838240147	-2	2	-2	2
1	"1"	"1"	2	FALSE	0	90	100	0	0	3.42901103761e-14	560	34.5176000595	-2	2	-2	2
1	"1"	"1"	2	FALSE	0	90	100	0	0	3.42901103761e-14	560	34.5509750843	-2	2	-2	2
1	"1"	"1"	2	FALSE	0	90	100	0	0	3.42901103761e-14	560	34.5837869644	-2	2	-2	2
1	"1"	"1"	2	FALSE	0	90	100	0	0	3.42901103761e-14	560	34.6173870564	-2	2	-2	2
1	"1"	"1"	2	FALSE	0	90	100	0	0	3.42901103761e-14	560	34.6510961056	-2	2	-2	2
1	"1"	"1"	2	FALSE	0	90	100	0	0	3.42901103761e-14	560	34.6843690872	-2	2	-2	2
1	"1"	"1"	2	FALSE	0	90	100	0	0	3.42901103761e-14	560	34.7171630859	-2	2	-2	2
1	"1"	"1"	2	FALSE	0	90	100	0	0	3.42901103761e-14	560	34.7512459755	-2	2	-2	2
1	"1"	"1"	2	FALSE	0	90	100	0	0	3.42901103761e-14	560	34.7846031189	-2	2	-2	2
1	"1"	"1"	2	FALSE	0	90	100	0	0	3.42901103761e-14	560	34.8179080486	-2	2	-2	2
1	"1"	"1"	2	FALSE	0	90	100	0	0	3.42901103761e-14	560	34.8512949944	-2	2	-2	2
1	"1"	"1"	2	FALSE	0	90	100	0	0	3.42901103761e-14	560	34.8843641281	-2	2	-2	2
1	"1"	"1"	2	FALSE	0	90	100	0	0	3.42901103761e-14	560	34.9179980755	-2	2	-2	2
1	"1"	"1"	2	FALSE	0	90	100	0	0	3.42901103761e-14	560	34.9513580799	-2	2	-2	2
1	"1"	"1"	2	FALSE	0	90	100	0	0	3.42901103761e-14	560	34.9841120243	-2	2	-2	2
1	"1"	"1"	2	FALSE	0	90	100	0	0	3.42901103761e-14	560	35.0181009769	-2	2	-2	2
1	"1"	"1"	2	FALSE	0	90	100	0	0	3.42901103761e-14	560	35.0515091419	-2	2	-2	2
1	"1"	"1"	2	FALSE	0	90	100	0	0	3.42901103761e-14	560	35.0844330788	-2	2	-2	2
1	"1"	"1"	2	FALSE	0	90	100	0	0	3.42901103761e-14	560	35.1181521416	-2	2	-2	2
1	"1"	"1"	2	FALSE	0	90	100	0	0	3.42901103761e-14	560	35.1508250237	-2	2	-2	2
1	"1"	"1"	2	FALSE	0	90	100	0	0	3.42901103761e-14	560	35.1846981049	-2	2	-2	2
1	"1"	"1"	2	FALSE	0	90	100	0	0	3.42901103761e-14	560	35.2182540894	-2	2	-2	2
1	"1"	"1"	2	FALSE	0	90	100	0	0	3.42901103761e-14	560	35.2510890961	-2	2	-2	2
1	"1"	"1"	2	FALSE	0	90	100	0	0	3.42901103761e-14	560	35.284981966	-2	2	-2	2
1	"1"	"1"	2	FALSE	0	90	100	0	0	3.42901103761e-14	560	35.3182840347	-2	2	-2	2
1	"1"	"1"	2	FALSE	0	90	100	0	0	3.42901103761e-14	560	35.3512029648	-2	2	-2	2
1	"1"	"1"	2	FALSE	0	90	100	0	0	3.42901103761e-14	560	35.3850491047	-2	2	-2	2
1	"1"	"1"	2	FALSE	0	90	100	0	0	3.42901103761e-14	560	35.4184501171	-2	3	-2	3
1	"1"	"1"	2	FALSE	0	90	100	0	0	3.42901103761e-14	560	35.4515969753	-1	3	-1	3
1	"1"	"1"	2	FALSE	0	90	100	0	0	3.42901103761e-14	560	35.4851269722	-1	3	-1	3
1	"1"	"1"	2	FALSE	0	90	100	0	0	3.42901103761e-14	560	35.5184121132	0	4	0	4
1	"1"	"1"	2	FALSE	0	90	100	0	0	3.42901103761e-14	560	35.5511741638	0	4	0	4
1	"1"	"1"	2	FALSE	0	90	100	0	0	3.42901103761e-14	560	35.5852479935	0	4	0	4
1	"1"	"1"	2	FALSE	0	90	100	0	0	3.42901103761e-14	560	35.6185460091	0	4	0	4
1	"1"	"1"	2	FALSE	0	90	100	0	0	3.42901103761e-14	560	35.6513221264	0	4	0	4
1	"1"	"1"	2	FALSE	0	90	100	0	0	3.42901103761e-14	560	35.6852929592	0	4	0	4
1	"1"	"1"	2	FALSE	0	90	100	0	0	3.42901103761e-14	560	35.7186601162	0	4	0	4
1	"1"	"1"	2	FALSE	0	90	100	0	0	3.42901103761e-14	560	35.7515170574	0	4	0	4
1	"1"	"1"	2	FALSE	0	90	100	0	0	3.42901103761e-14	560	35.7853350639	0	4	0	4
1	"1"	"1"	2	FALSE	0	90	100	0	0	3.42901103761e-14	560	35.818655014	0	4	0	4
1	"1"	"1"	2	FALSE	0	90	100	0	0	3.42901103761e-14	560	35.8520410061	0	4	0	4
1	"1"	"1"	2	FALSE	0	90	100	0	0	3.42901103761e-14	560	35.8854119778	0	4	0	4
1	"1"	"1"	2	FALSE	0	90	100	0	0	3.42901103761e-14	560	35.9184141159	0	4	0	4
1	"1"	"1"	2	FALSE	0	90	100	0	0	3.42901103761e-14	560	35.9522650242	0	4	0	4
1	"1"	"1"	2	FALSE	0	90	100	0	0	3.42901103761e-14	560	35.9853520393	0	4	0	4
1	"1"	"1"	2	FALSE	0	90	100	0	0	3.42901103761e-14	560	36.018805027	0	4	0	4
1	"1"	"1"	2	FALSE	0	90	100	0	0	3.42901103761e-14	560	36.051926136	0	4	0	4
1	"1"	"1"	2	FALSE	0	90	100	0	0	3.42901103761e-14	560	36.0855920315	0	4	0	4
1	"1"	"1"	2	FALSE	0	90	100	0	0	3.42901103761e-14	560	36.1187720299	0	4	0	4
1	"1"	"1"	2	FALSE	0	90	100	0	0	3.42901103761e-14	560	36.1518340111	0	4	0	4
1	"1"	"1"	2	FALSE	0	90	100	0	0	3.42901103761e-14	560	36.1856851578	0	4	0	4
1	"1"	"1"	2	FALSE	0	90	100	0	0	3.42901103761e-14	560	36.219009161	0	4	0	4
1	"1"	"1"	2	FALSE	0	90	100	0	0	3.42901103761e-14	560	36.2518119812	0	4	0	4
1	"1"	"1"	2	FALSE	0	90	100	0	0	3.42901103761e-14	560	36.2857329845	0	4	0	4
1	"1"	"1"	2	FALSE	0	90	100	0	0	3.42901103761e-14	560	36.319108963	0	4	0	4
1	"1"	"1"	2	FALSE	0	90	100	0	0	3.42901103761e-14	560	36.3524160385	0	4	0	4
1	"1"	"1"	2	FALSE	0	90	100	0	0	3.42901103761e-14	560	36.3857021332	-1	4	-1	4
1	"1"	"1"	2	FALSE	0	90	100	0	0	3.42901103761e-14	560	36.4188640118	-1	5	-1	5
1	"1"	"1"	2	FALSE	0	90	100	0	0	3.42901103761e-14	560	36.4524929523	-1	5	-1	5
1	"1"	"1"	2	FALSE	0	90	100	0	0	3.42901103761e-14	560	36.485532999	-1	5	-1	5
1	"1"	"1"	2	FALSE	0	90	100	0	0	3.42901103761e-14	560	36.519272089	-1	5	-1	5
1	"1"	"1"	2	FALSE	0	90	100	0	0	3.42901103761e-14	560	36.5526361465	-1	5	-1	5
1	"1"	"1"	2	FALSE	0	90	100	0	0	3.42901103761e-14	560	36.5860180855	-1	5	-1	5
1	"1"	"1"	2	FALSE	0	90	100	0	0	3.42901103761e-14	560	36.6189420223	-1	5	-1	5
1	"1"	"1"	2	FALSE	0	90	100	0	0	3.42901103761e-14	560	36.6527099609	-1	5	-1	5
1	"1"	"1"	2	FALSE	0	90	100	0	0	3.42901103761e-14	560	36.6858561039	-1	5	-1	5
1	"1"	"1"	2	FALSE	0	90	100	0	0	3.42901103761e-14	560	36.7193939686	-1	5	-1	5
1	"1"	"1"	2	FALSE	0	90	100	0	0	3.42901103761e-14	560	36.7527229786	-1	5	-1	5
1	"1"	"1"	2	FALSE	0	90	100	0	0	3.42901103761e-14	560	36.785763979	-1	5	-1	5
1	"1"	"1"	2	FALSE	0	90	100	0	0	3.42901103761e-14	560	36.8192951679	-1	5	-1	5
1	"1"	"1"	2	FALSE	0	90	100	0	0	3.42901103761e-14	560	36.8522391319	-1	5	-1	5
1	"1"	"1"	2	FALSE	0	90	100	0	0	3.42901103761e-14	560	36.8862230778	-1	5	-1	5
1	"1"	"1"	2	FALSE	0	90	100	0	0	3.42901103761e-14	560	36.9195170403	-1	5	-1	5
1	"1"	"1"	2	FALSE	0	90	100	0	0	3.42901103761e-14	560	36.9528360367	-1	5	-1	5
1	"1"	"1"	2	FALSE	0	90	100	0	0	3.42901103761e-14	560	36.9861390591	-1	5	-1	5
1	"1"	"1"	2	FALSE	0	90	100	0	0	3.42901103761e-14	560	37.0189681053	-1	5	-1	5
1	"1"	"1"	2	FALSE	0	90	100	0	0	3.42901103761e-14	560	37.0529379845	-1	5	-1	5
1	"1"	"1"	2	FALSE	0	90	100	0	0	3.42901103761e-14	560	37.0863790512	-1	5	-1	5
1	"1"	"1"	2	FALSE	0	90	100	0	0	3.42901103761e-14	560	37.119423151	-1	5	-1	5
1	"1"	"1"	2	FALSE	0	90	100	0	0	3.42901103761e-14	560	37.153083086	-1	5	-1	5
1	"1"	"1"	2	FALSE	0	90	100	0	0	3.42901103761e-14	560	37.1861619949	-1	5	-1	5
1	"1"	"1"	2	FALSE	0	90	100	0	0	3.42901103761e-14	560	37.2197329998	-1	5	-1	5
1	"1"	"1"	2	FALSE	0	90	100	0	0	3.42901103761e-14	560	37.2530400753	-1	5	-1	5
1	"1"	"1"	2	FALSE	0	90	100	0	0	3.42901103761e-14	560	37.2859220505	-1	5	-1	5
1	"1"	"1"	2	FALSE	0	90	100	0	0	3.42901103761e-14	560	37.3197879791	-1	5	-1	5
1	"1"	"1"	2	FALSE	0	90	100	0	0	3.42901103761e-14	560	37.3532540798	-1	5	-1	5
1	"1"	"1"	2	FALSE	0	90	100	0	0	3.42901103761e-14	560	37.3862099648	-1	5	-1	5
1	"1"	"1"	2	FALSE	0	90	100	0	0	3.42901103761e-14	560	37.419891119	-1	5	-1	5
1	"1"	"1"	2	FALSE	0	90	100	0	0	3.42901103761e-14	560	37.453302145	-1	5	-1	5
1	"1"	"1"	2	FALSE	0	90	100	0	0	3.42901103761e-14	560	37.4866290092	-1	5	-1	5
1	"1"	"1"	2	FALSE	0	90	100	0	0	3.42901103761e-14	560	37.5200440884	-1	5	-1	5
1	"1"	"1"	2	FALSE	0	90	100	0	0	3.42901103761e-14	560	37.5527989864	-1	5	-1	5
1	"1"	"1"	2	FALSE	0	90	100	0	0	3.42901103761e-14	560	37.5866811275	-1	5	-1	5
1	"1"	"1"	2	FALSE	0	90	100	0	0	3.42901103761e-14	560	37.6200110912	-1	5	-1	5
1	"1"	"1"	2	FALSE	0	90	100	0	0	3.42901103761e-14	560	37.6528270245	-1	5	-1	5
1	"1"	"1"	2	FALSE	0	90	100	0	0	3.42901103761e-14	560	37.6867470741	-1	5	-1	5
1	"1"	"1"	2	FALSE	0	90	100	0	0	3.42901103761e-14	560	37.7202060223	-1	5	-1	5
1	"1"	"1"	2	FALSE	0	90	100	0	0	3.42901103761e-14	560	37.7531859875	-1	5	-1	5
1	"1"	"1"	2	FALSE	0	90	100	0	0	3.42901103761e-14	560	37.7868900299	-1	5	-1	5
1	"1"	"1"	2	FALSE	0	90	100	0	0	3.42901103761e-14	560	37.8202240467	-1	5	-1	5
1	"1"	"1"	2	FALSE	0	90	100	0	0	3.42901103761e-14	560	37.8532459736	-1	5	-1	5
1	"1"	"1"	2	FALSE	0	90	100	0	0	3.42901103761e-14	560	37.8865520954	-1	5	-1	5
1	"1"	"1"	2	FALSE	0	90	100	0	0	3.42901103761e-14	560	37.9197919369	-1	5	-1	5
1	"1"	"1"	2	FALSE	0	90	100	0	0	3.42901103761e-14	560	37.9535541534	-1	5	-1	5
1	"1"	"1"	2	FALSE	0	90	100	0	0	3.42901103761e-14	560	37.9870629311	-1	5	-1	5
1	"1"	"1"	2	FALSE	0	90	100	0	0	3.42901103761e-14	560	38.0202209949	-1	5	-1	5
1	"1"	"1"	2	FALSE	0	90	100	0	0	3.42901103761e-14	560	38.0535459518	-1	5	-1	5
1	"1"	"1"	2	FALSE	0	90	100	0	0	3.42901103761e-14	560	38.0868330002	-1	5	-1	5
1	"1"	"1"	2	FALSE	0	90	100	0	0	3.42901103761e-14	560	38.1203091145	-1	5	-1	5
1	"1"	"1"	2	FALSE	0	90	100	0	0	3.42901103761e-14	560	38.153165102	-1	5	-1	5
1	"1"	"1"	2	FALSE	0	90	100	0	0	3.42901103761e-14	560	38.18719697	-1	5	-1	5
1	"1"	"1"	2	FALSE	0	90	100	0	0	3.42901103761e-14	560	38.2205760479	-1	5	-1	5
1	"1"	"1"	2	FALSE	0	90	100	0	0	3.42901103761e-14	560	38.2533380985	-1	5	-1	5
1	"1"	"1"	2	FALSE	0	90	100	0	0	3.42901103761e-14	560	38.2872390747	-1	5	-1	5
1	"1"	"1"	2	FALSE	0	90	100	0	0	3.42901103761e-14	560	38.3205831051	-2	5	-2	5
1	"1"	"1"	2	FALSE	0	90	100	0	0	3.42901103761e-14	560	38.3536520004	-2	5	-2	5
1	"1"	"1"	2	FALSE	0	90	100	0	0	3.42901103761e-14	560	38.3872351646	-2	5	-2	5
1	"1"	"1"	2	FALSE	0	90	100	0	0	3.42901103761e-14	560	38.4205980301	-2	5	-2	5
1	"1"	"1"	2	FALSE	0	90	100	0	0	3.42901103761e-14	560	38.4540879726	-2	5	-2	5
1	"1"	"1"	2	FALSE	0	90	100	0	0	3.42901103761e-14	560	38.4868581295	-2	5	-2	5
1	"1"	"1"	2	FALSE	0	90	100	0	0	3.42901103761e-14	560	38.520720005	-2	5	-2	5
1	"1"	"1"	2	FALSE	0	90	100	0	0	3.42901103761e-14	560	38.5540781021	-2	5	-2	5
1	"1"	"1"	2	FALSE	0	90	100	0	0	3.42901103761e-14	560	38.5868470669	-2	5	-2	5
1	"1"	"1"	2	FALSE	0	90	100	0	0	3.42901103761e-14	560	38.6208760738	-2	5	-2	5
1	"1"	"1"	2	FALSE	0	90	100	0	0	3.42901103761e-14	560	38.6542479992	-2	5	-2	5
1	"1"	"1"	2	FALSE	0	90	100	0	0	3.42901103761e-14	560	38.6869320869	-2	5	-2	5
1	"1"	"1"	2	FALSE	0	90	100	0	0	3.42901103761e-14	560	38.7207939625	-2	5	-2	5
1	"1"	"1"	2	FALSE	0	90	100	0	0	3.42901103761e-14	560	38.7543151379	-2	5	-2	5
1	"1"	"1"	2	FALSE	0	90	100	0	0	3.42901103761e-14	560	38.787582159	-2	5	-2	5
1	"1"	"1"	2	FALSE	0	90	100	0	0	3.42901103761e-14	560	38.8205211163	-2	5	-2	5
1	"1"	"1"	2	FALSE	0	90	100	0	0	3.42901103761e-14	560	38.8543691635	-2	5	-2	5
1	"1"	"1"	2	FALSE	0	90	100	0	0	3.42901103761e-14	560	38.8876349926	-2	5	-2	5
1	"1"	"1"	2	FALSE	0	90	100	0	0	3.42901103761e-14	560	38.9210989475	-2	5	-2	5
1	"1"	"1"	2	FALSE	0	90	100	0	0	3.42901103761e-14	560	38.9545111656	-2	5	-2	5
1	"1"	"1"	2	FALSE	0	90	100	0	0	3.42901103761e-14	560	38.9874939919	-2	5	-2	5
1	"1"	"1"	2	FALSE	0	90	100	0	0	3.42901103761e-14	560	39.0210931301	-2	5	-2	5
1	"1"	"1"	2	FALSE	0	90	100	0	0	3.42901103761e-14	560	39.0544469357	-2	5	-2	5
1	"1"	"1"	2	FALSE	0	90	100	0	0	3.42901103761e-14	560	39.0878190994	-2	5	-2	5
1	"1"	"1"	2	FALSE	0	90	100	0	0	3.42901103761e-14	560	39.121117115	-2	5	-2	5
1	"1"	"1"	2	FALSE	0	90	100	0	0	3.42901103761e-14	560	39.1546530724	-2	5	-2	5
1	"1"	"1"	2	FALSE	0	90	100	0	0	3.42901103761e-14	560	39.1879849434	-1	5	-1	5
1	"1"	"1"	2	FALSE	0	90	100	0	0	3.42901103761e-14	560	39.2207410336	-1	5	-1	5
1	"1"	"1"	2	FALSE	0	90	100	0	0	3.42901103761e-14	560	39.2546620369	-1	5	-1	5
1	"1"	"1"	2	FALSE	0	90	100	0	0	3.42901103761e-14	560	39.2880010605	-1	5	-1	5
1	"1"	"1"	2	FALSE	0	90	100	0	0	3.42901103761e-14	560	39.3213169575	-1	5	-1	5
1	"1"	"1"	2	FALSE	0	90	100	0	0	3.42901103761e-14	560	39.3547239304	-1	5	-1	5
1	"1"	"1"	2	FALSE	0	90	100	0	0	3.42901103761e-14	560	39.3880989552	-1	5	-1	5
1	"1"	"1"	2	FALSE	0	90	100	0	0	3.42901103761e-14	560	39.420912981	-1	5	-1	5
1	"1"	"1"	2	FALSE	0	90	100	0	0	3.42901103761e-14	560	39.4548180103	-1	5	-1	5
1	"1"	"1"	2	FALSE	0	90	100	0	0	3.42901103761e-14	560	39.488270998	-1	5	-1	5
1	"1"	"1"	2	FALSE	0	90	100	0	0	3.42901103761e-14	560	39.5209081173	-1	5	-1	5
1	"1"	"1"	2	FALSE	0	90	100	0	0	3.42901103761e-14	560	39.5548360348	-1	5	-1	5
1	"1"	"1"	2	FALSE	0	90	100	0	0	3.42901103761e-14	560	39.5882151127	-1	5	-1	5
1	"1"	"1"	2	FALSE	0	90	100	0	0	3.42901103761e-14	560	39.6211209297	-1	5	-1	5
1	"1"	"1"	2	FALSE	0	90	100	0	0	3.42901103761e-14	560	39.6549789906	-1	5	-1	5
1	"1"	"1"	2	FALSE	0	90	100	0	0	3.42901103761e-14	560	39.6882531643	-1	5	-1	5
1	"1"	"1"	2	FALSE	0	90	100	0	0	3.42901103761e-14	560	39.7210049629	-1	5	-1	5
1	"1"	"1"	2	FALSE	0	90	100	0	0	3.42901103761e-14	560	39.7551021576	-1	5	-1	5
1	"1"	"1"	2	FALSE	0	90	100	0	0	3.42901103761e-14	560	39.7885029316	-1	5	-1	5
1	"1"	"1"	2	FALSE	0	90	100	0	0	3.42901103761e-14	560	39.821146965	-1	5	-1	5
1	"1"	"1"	2	FALSE	0	90	100	0	0	3.42901103761e-14	560	39.855132103	-1	5	-1	5
1	"1"	"1"	2	FALSE	0	90	100	0	0	3.42901103761e-14	560	39.8885409832	-1	5	-1	5
1	"1"	"1"	2	FALSE	0	90	100	0	0	3.42901103761e-14	560	39.9217939377	-1	5	-1	5
1	"1"	"1"	2	FALSE	0	90	100	0	0	3.42901103761e-14	560	39.9552810192	-1	5	-1	5
1	"1"	"1"	2	FALSE	0	90	100	0	0	3.42901103761e-14	560	39.9882071018	-1	5	-1	5
1	"1"	"1"	2	FALSE	0	90	100	0	0	3.42901103761e-14	560	40.0219669342	-1	5	-1	5
1	"1"	"1"	2	FALSE	0	90	100	0	0	3.42901103761e-14	560	40.0553030968	-1	5	-1	5
1	"1"	"1"	2	FALSE	0	90	100	0	0	3.42901103761e-14	560	40.0886590481	-1	5	-1	5
1	"1"	"1"	2	FALSE	0	90	100	0	0	3.42901103761e-14	560	40.1218910217	-1	5	-1	5
1	"1"	"1"	2	FALSE	0	90	100	0	0	3.42901103761e-14	560	40.1551949978	-1	5	-1	5
1	"1"	"1"	2	FALSE	0	90	100	0	0	3.42901103761e-14	560	40.1886529922	-1	5	-1	5
1	"1"	"1"	2	FALSE	0	90	100	0	0	3.42901103761e-14	560	40.2221140862	-1	5	-1	5
1	"1"	"1"	2	FALSE	0	90	100	0	0	3.42901103761e-14	560	40.2553169727	-1	5	-1	5
1	"1"	"1"	2	FALSE	0	90	100	0	0	3.42901103761e-14	560	40.2885079384	-1	5	-1	5
1	"1"	"1"	2	FALSE	0	90	100	0	0	3.42901103761e-14	560	40.321655035	-1	5	-1	5
1	"1"	"1"	2	FALSE	0	90	100	0	0	3.42901103761e-14	560	40.3555340767	-1	5	-1	5
1	"1"	"1"	2	FALSE	0	90	100	0	0	3.42901103761e-14	560	40.3886239529	-1	5	-1	5
1	"1"	"1"	2	FALSE	0	90	100	0	0	3.42901103761e-14	560	40.4217529297	-1	5	-1	5
1	"1"	"1"	2	FALSE	0	90	100	0	0	3.42901103761e-14	560	40.4550840855	-1	5	-1	5
1	"1"	"1"	2	FALSE	0	90	100	0	0	3.42901103761e-14	560	40.4889271259	-1	5	-1	5
1	"1"	"1"	2	FALSE	0	90	100	0	0	3.42901103761e-14	560	40.5223350525	-1	5	-1	5
1	"1"	"1"	2	FALSE	0	90	100	0	0	3.42901103761e-14	560	40.5553171635	-1	5	-1	5
1	"1"	"1"	2	FALSE	0	90	100	0	0	3.42901103761e-14	560	40.5885691643	-1	5	-1	5
1	"1"	"1"	2	FALSE	0	90	100	0	0	3.42901103761e-14	560	40.6224379539	-1	5	-1	5
1	"1"	"1"	2	FALSE	0	90	100	0	0	3.42901103761e-14	560	40.6558201313	-1	5	-1	5
1	"1"	"1"	2	FALSE	0	90	100	0	0	3.42901103761e-14	560	40.6885020733	-1	5	-1	5
1	"1"	"1"	2	FALSE	0	90	100	0	0	3.42901103761e-14	560	40.7225141525	-1	5	-1	5
1	"1"	"1"	2	FALSE	0	90	100	0	0	3.42901103761e-14	560	40.7557711601	-1	5	-1	5
1	"1"	"1"	2	FALSE	0	90	100	0	0	3.42901103761e-14	560	40.7885560989	-1	5	-1	5
1	"1"	"1"	2	FALSE	0	90	100	0	0	3.42901103761e-14	560	40.8225419521	-1	5	-1	5
1	"1"	"1"	2	FALSE	0	90	100	0	0	3.42901103761e-14	560	40.8559291363	-1	5	-1	5
1	"1"	"1"	2	FALSE	0	90	100	0	0	3.42901103761e-14	560	40.8887140751	-1	5	-1	5
1	"1"	"1"	2	FALSE	0	90	100	0	0	3.42901103761e-14	560	40.9225330353	-1	5	-1	5
1	"1"	"1"	2	FALSE	0	90	100	0	0	3.42901103761e-14	560	40.9560451508	-1	5	-1	5
1	"1"	"1"	2	FALSE	0	90	100	0	0	3.42901103761e-14	560	40.9888269901	-1	5	-1	5
1	"1"	"1"	2	FALSE	0	90	100	0	0	3.42901103761e-14	560	41.0227379799	-1	5	-1	5
1	"1"	"1"	2	FALSE	0	90	100	0	0	3.42901103761e-14	560	41.056084156	-1	5	-1	5
1	"1"	"1"	2	FALSE	0	90	100	0	0	3.42901103761e-14	560	41.0889749527	-1	5	-1	5
1	"1"	"1"	2	FALSE	0	90	100	0	0	3.42901103761e-14	560	41.1228010654	-1	5	-1	5
1	"1"	"1"	2	FALSE	0	90	100	0	0	3.42901103761e-14	560	41.1560790539	-1	5	-1	5
1	"1"	"1"	2	FALSE	0	90	100	0	0	3.42901103761e-14	560	41.1888689995	-2	5	-2	5
1	"1"	"1"	2	FALSE	0	90	100	0	0	3.42901103761e-14	560	41.2228860855	-2	5	-2	5
1	"1"	"1"	2	FALSE	0	90	100	0	0	3.42901103761e-14	560	41.2562589645	-2	5	-2	5
1	"1"	"1"	2	FALSE	0	90	100	0	0	3.42901103761e-14	560	41.2890779972	-2	5	-2	5
1	"1"	"1"	2	FALSE	0	90	100	0	0	3.42901103761e-14	560	41.32290411	-2	5	-2	5
1	"1"	"1"	2	FALSE	0	90	100	0	0	3.42901103761e-14	560	41.356137991	-2	5	-2	5
1	"1"	"1"	2	FALSE	0	90	100	0	0	3.42901103761e-14	560	41.3890471458	-2	5	-2	5
1	"1"	"1"	2	FALSE	0	90	100	0	0	3.42901103761e-14	560	41.4230120182	-2	5	-2	5
1	"1"	"1"	2	FALSE	0	90	100	0	0	3.42901103761e-14	560	41.4563541412	-2	5	-2	5
1	"1"	"1"	2	FALSE	0	90	100	0	0	3.42901103761e-14	560	41.4892690182	-2	5	-2	5
1	"1"	"1"	2	FALSE	0	90	100	0	0	3.42901103761e-14	560	41.5224890709	-2	5	-2	5
1	"1"	"1"	2	FALSE	0	90	100	0	0	3.42901103761e-14	560	41.5564529896	-2	5	-2	5
1	"1"	"1"	2	FALSE	0	90	100	0	0	3.42901103761e-14	560	41.5898051262	-2	5	-2	5
1	"1"	"1"	2	FALSE	0	90	100	0	0	3.42901103761e-14	560	41.6231219769	-2	5	-2	5
1	"1"	"1"	2	FALSE	0	90	100	0	0	3.42901103761e-14	560	41.6566009521	-2	5	-2	5
1	"1"	"1"	2	FALSE	0	90	100	0	0	3.42901103761e-14	560	41.6899471283	-2	5	-2	5
1	"1"	"1"	2	FALSE	0	90	100	0	0	3.42901103761e-14	560	41.7233321667	-2	5	-2	5
1	"1"	"1"	2	FALSE	0	90	100	0	0	3.42901103761e-14	560	41.7561559677	-2	5	-2	5
1	"1"	"1"	2	FALSE	0	90	100	0	0	3.42901103761e-14	560	41.7899889946	-2	5	-2	5
1	"1"	"1"	2	FALSE	0	90	100	0	0	3.42901103761e-14	560	41.8226571083	-2	5	-2	5
1	"1"	"1"	2	FALSE	0	90	100	0	0	3.42901103761e-14	560	41.8566730022	-2	5	-2	5
1	"1"	"1"	2	FALSE	0	90	100	0	0	3.42901103761e-14	560	41.8900611401	-2	5	-2	5
1	"1"	"1"	2	FALSE	0	90	100	0	0	3.42901103761e-14	560	41.9229340553	-2	5	-2	5
1	"1"	"1"	2	FALSE	0	90	100	0	0	3.42901103761e-14	560	41.9567790031	-2	5	-2	5
1	"1"	"1"	2	FALSE	0	90	100	0	0	3.42901103761e-14	560	41.9902219772	-2	5	-2	5
1	"1"	"1"	2	FALSE	0	90	100	0	0	3.42901103761e-14	560	42.023017168	-2	5	-2	5
1	"1"	"1"	2	FALSE	0	90	100	0	0	3.42901103761e-14	560	42.0567929745	-2	5	-2	5
1	"1"	"1"	2	FALSE	0	90	100	0	0	3.42901103761e-14	560	42.0900831223	-2	5	-2	5
1	"1"	"1"	2	FALSE	0	90	100	0	0	3.42901103761e-14	560	42.1233761311	-2	5	-2	5
1	"1"	"1"	2	FALSE	0	90	100	0	0	3.42901103761e-14	560	42.1568500996	-2	5	-2	5
1	"1"	"1"	2	FALSE	0	90	100	0	0	3.42901103761e-14	560	42.190103054	-2	5	-2	5
1	"1"	"1"	2	FALSE	0	90	100	0	0	3.42901103761e-14	560	42.2236640453	-2	5	-2	5
1	"1"	"1"	2	FALSE	0	90	100	0	0	3.42901103761e-14	560	42.2567329407	-2	5	-2	5
1	"1"	"1"	2	FALSE	0	90	100	0	0	3.42901103761e-14	560	42.2896780968	-2	5	-2	5
1	"1"	"1"	2	FALSE	0	90	100	0	0	3.42901103761e-14	560	42.323786974	-2	5	-2	5
1	"1"	"1"	2	FALSE	0	90	100	0	0	3.42901103761e-14	560	42.3567969799	-2	5	-2	5
1	"1"	"1"	2	FALSE	0	90	100	0	0	3.42901103761e-14	560	42.3904421329	-2	5	-2	5
1	"1"	"1"	2	FALSE	0	90	100	0	0	3.42901103761e-14	560	42.4237070084	-2	5	-2	5
1	"1"	"1"	2	FALSE	0	90	100	0	0	3.42901103761e-14	560	42.4568901062	-2	5	-2	5
1	"1"	"1"	2	FALSE	0	90	100	0	0	3.42901103761e-14	560	42.4898910522	-2	5	-2	5
1	"1"	"1"	2	FALSE	0	90	100	0	0	3.42901103761e-14	560	42.5232980251	-2	5	-2	5
1	"1"	"1"	2	FALSE	0	90	100	0	0	3.42901103761e-14	560	42.557060957	-2	5	-2	5
1	"1"	"1"	2	FALSE	0	90	100	0	0	3.42901103761e-14	560	42.5905120373	-2	5	-2	5
1	"1"	"1"	2	FALSE	0	90	100	0	0	3.42901103761e-14	560	42.623499155	-2	5	-2	5
1	"1"	"1"	2	FALSE	0	90	100	0	0	3.42901103761e-14	560	42.657227993	-2	5	-2	5
1	"1"	"1"	2	FALSE	0	90	100	0	0	3.42901103761e-14	560	42.690030098	-2	5	-2	5
1	"1"	"1"	2	FALSE	0	90	100	0	0	3.42901103761e-14	560	42.7241110802	-2	5	-2	5
1	"1"	"1"	2	FALSE	0	90	100	0	0	3.42901103761e-14	560	42.7574000359	-2	5	-2	5
1	"1"	"1"	2	FALSE	0	90	100	0	0	3.42901103761e-14	560	42.7906990051	-2	5	-2	5
1	"1"	"1"	2	FALSE	0	90	100	0	0	3.42901103761e-14	560	42.8236210346	-2	5	-2	5
1	"1"	"1"	2	FALSE	0	90	100	0	0	3.42901103761e-14	560	42.8574140072	-2	5	-2	5
1	"1"	"1"	2	FALSE	0	90	100	0	0	3.42901103761e-14	560	42.8906750679	-2	5	-2	5
1	"1"	"1"	2	FALSE	0	90	100	0	0	3.42901103761e-14	560	42.9235589504	-2	5	-2	5
1	"1"	"1"	2	FALSE	0	90	100	0	0	3.42901103761e-14	560	42.9575171471	-2	5	-2	5
1	"1"	"1"	2	FALSE	0	90	100	0	0	3.42901103761e-14	560	42.9908249378	-2	5	-2	5
1	"1"	"1"	2	FALSE	0	90	100	0	0	3.42901103761e-14	560	43.0242950916	-2	5	-2	5
1	"1"	"1"	2	FALSE	0	90	100	0	0	3.42901103761e-14	560	43.0576889515	-2	5	-2	5
1	"1"	"1"	2	FALSE	0	90	100	0	0	3.42901103761e-14	560	43.0903890133	-2	5	-2	5
1	"1"	"1"	2	FALSE	0	90	100	0	0	3.42901103761e-14	560	43.1243000031	-2	5	-2	5
1	"1"	"1"	2	FALSE	0	90	100	0	0	3.42901103761e-14	560	43.1575081348	-2	5	-2	5
1	"1"	"1"	2	FALSE	0	90	100	0	0	3.42901103761e-14	560	43.1904759407	-2	5	-2	5
1	"1"	"1"	2	FALSE	0	90	100	0	0	3.42901103761e-14	560	43.2243599892	-2	5	-2	5
1	"1"	"1"	2	FALSE	0	90	100	0	0	3.42901103761e-14	560	43.2577800751	-2	5	-2	5
1	"1"	"1"	2	FALSE	0	90	100	0	0	3.42901103761e-14	560	43.2905170918	-2	5	-2	5
1	"1"	"1"	2	FALSE	0	90	100	0	0	3.42901103761e-14	560	43.3244891167	-2	5	-2	5
1	"1"	"1"	2	FALSE	0	90	100	0	0	3.42901103761e-14	560	43.3578870296	-2	5	-2	5
1	"1"	"1"	2	FALSE	0	90	100	0	0	3.42901103761e-14	560	43.3909699917	-2	5	-2	5
1	"1"	"1"	2	FALSE	0	90	100	0	0	3.42901103761e-14	560	43.4243350029	-2	5	-2	5
1	"1"	"1"	2	FALSE	0	90	100	0	0	3.42901103761e-14	560	43.4579150677	-2	5	-2	5
1	"1"	"1"	2	FALSE	0	90	100	0	0	3.42901103761e-14	560	43.4906420708	-2	5	-2	5
1	"1"	"1"	2	FALSE	0	90	100	0	0	3.42901103761e-14	560	43.5245211124	-2	5	-2	5
1	"1"	"1"	2	FALSE	0	90	100	0	0	3.42901103761e-14	560	43.5580160618	-2	5	-2	5
1	"1"	"1"	2	FALSE	0	90	100	0	0	3.42901103761e-14	560	43.5913741589	-2	5	-2	5
1	"1"	"1"	2	FALSE	0	90	100	0	0	3.42901103761e-14	560	43.6240510941	-2	5	-2	5
1	"1"	"1"	2	FALSE	0	90	100	0	0	3.42901103761e-14	560	43.6580531597	-2	5	-2	5
1	"1"	"1"	2	FALSE	0	90	100	0	0	3.42901103761e-14	560	43.6914429665	-2	5	-2	5
1	"1"	"1"	2	FALSE	0	90	100	0	0	3.42901103761e-14	560	43.7243490219	-2	5	-2	5
1	"1"	"1"	2	FALSE	0	90	100	0	0	3.42901103761e-14	560	43.7580420971	-2	5	-2	5
1	"1"	"1"	2	FALSE	0	90	100	0	0	3.42901103761e-14	560	43.791506052	-2	5	-2	5
1	"1"	"1"	2	FALSE	0	90	100	0	0	3.42901103761e-14	560	43.8248100281	-2	5	-2	5
1	"1"	"1"	2	FALSE	0	90	100	0	0	3.42901103761e-14	560	43.8577051163	-2	5	-2	5
1	"1"	"1"	2	FALSE	0	90	100	0	0	3.42901103761e-14	560	43.8909399509	-2	5	-2	5
1	"1"	"1"	2	FALSE	0	90	100	0	0	3.42901103761e-14	560	43.9242630005	-2	5	-2	5
1	"1"	"1"	2	FALSE	0	90	100	0	0	3.42901103761e-14	560	43.9584040642	-2	5	-2	5
1	"1"	"1"	2	FALSE	0	90	100	0	0	3.42901103761e-14	560	43.9916090965	-2	5	-2	5
1	"1"	"1"	2	FALSE	0	90	100	0	0	3.42901103761e-14	560	44.024420023	-2	5	-2	5
1	"1"	"1"	2	FALSE	0	90	100	0	0	3.42901103761e-14	560	44.0584020615	-2	5	-2	5
1	"1"	"1"	2	FALSE	0	90	100	0	0	3.42901103761e-14	560	44.0916750431	-2	5	-2	5
1	"1"	"1"	2	FALSE	0	90	100	0	0	3.42901103761e-14	560	44.1245181561	-2	5	-2	5
1	"1"	"1"	2	FALSE	0	90	100	0	0	3.42901103761e-14	560	44.1584441662	-2	5	-2	5
1	"1"	"1"	2	FALSE	0	90	100	0	0	3.42901103761e-14	560	44.1918330193	-2	5	-2	5
1	"1"	"1"	2	FALSE	0	90	100	0	0	3.42901103761e-14	560	44.2245430946	-2	5	-2	5
1	"1"	"1"	2	FALSE	0	90	100	0	0	3.42901103761e-14	560	44.2585041523	-2	5	-2	5
1	"1"	"1"	2	FALSE	0	90	100	0	0	3.42901103761e-14	560	44.2919590473	-2	5	-2	5
1	"1"	"1"	2	FALSE	0	90	100	0	0	3.42901103761e-14	560	44.3249361515	-2	5	-2	5
1	"1"	"1"	2	FALSE	0	90	100	0	0	3.42901103761e-14	560	44.3586101532	-2	6	-2	6
1	"1"	"1"	2	FALSE	0	90	100	0	0	3.42901103761e-14	560	44.3917779922	-2	6	-2	6
1	"1"	"1"	2	FALSE	0	90	100	0	0	3.42901103761e-14	560	44.425246954	-2	6	-2	6
1	"1"	"1"	2	FALSE	0	90	100	0	0	3.42901103761e-14	560	44.4582190514	-2	6	-2	6
1	"1"	"1"	2	FALSE	0	90	100	0	0	3.42901103761e-14	560	44.4919829369	-2	6	-2	6
1	"1"	"1"	2	FALSE	0	90	100	0	0	3.42901103761e-14	560	44.5254311562	-2	6	-2	6
1	"1"	"1"	2	FALSE	0	90	100	0	0	3.42901103761e-14	560	44.5581481457	-2	6	-2	6
1	"1"	"1"	2	FALSE	0	90	100	0	0	3.42901103761e-14	560	44.5921239853	-2	6	-2	6
1	"1"	"1"	2	FALSE	0	90	100	0	0	3.42901103761e-14	560	44.6255171299	-2	6	-2	6
1	"1"	"1"	2	FALSE	0	90	100	0	0	3.42901103761e-14	560	44.6588561535	-2	6	-2	6
1	"1"	"1"	2	FALSE	0	90	100	0	0	3.42901103761e-14	560	44.6922619343	-1	9	-1	9
1	"1"	"1"	2	FALSE	0	90	100	0	0	3.42901103761e-14	560	44.7255001068	0	11	0	11
1	"1"	"1"	2	FALSE	0	90	100	0	0	3.42901103761e-14	560	44.7583150864	1	15	1	15
1	"1"	"1"	2	FALSE	0	90	100	0	0	3.42901103761e-14	560	44.79235816	3	23	3	23
1	"1"	"1"	2	FALSE	0	90	100	0	0	3.42901103761e-14	560	44.8257040977	4	31	4	31
1	"1"	"1"	2	FALSE	0	90	100	0	0	3.42901103761e-14	560	44.8590540886	7	43	7	43
1	"1"	"1"	2	FALSE	0	90	100	0	0	3.42901103761e-14	560	44.8924231529	8	55	8	55
1	"1"	"1"	2	FALSE	0	90	100	0	0	3.42901103761e-14	560	44.9252800941	9	68	9	68
1	"1"	"1"	2	FALSE	0	90	100	0	0	3.42901103761e-14	560	44.9584839344	8	79	8	79
1	"1"	"1"	2	FALSE	0	90	100	0	0	3.42901103761e-14	560	44.991838932	10	91	10	91
1	"1"	"1"	2	FALSE	0	90	100	0	0	3.42901103761e-14	560	45.0258131027	11	105	11	105
1	"1"	"1"	2	FALSE	0	90	100	0	0	3.42901103761e-14	560	45.0592160225	9	117	9	117
1	"1"	"1"	2	FALSE	0	90	100	0	0	3.42901103761e-14	560	45.0918791294	7	132	7	132
1	"1"	"1"	2	FALSE	0	90	100	0	0	3.42901103761e-14	560	45.1258871555	6	147	6	147
1	"1"	"1"	2	FALSE	0	90	100	0	0	3.42901103761e-14	560	45.1592521667	3	164	3	164
1	"1"	"1"	2	FALSE	0	90	100	0	0	3.42901103761e-14	560	45.1920721531	1	185	1	185
1	"1"	"1"	2	FALSE	0	90	100	0	0	3.42901103761e-14	560	45.2258999348	0	205	0	205
1	"1"	"1"	2	FALSE	0	90	100	0	0	3.42901103761e-14	560	45.2593491077	-2	231	-2	231
1	"1"	"1"	2	FALSE	0	90	100	0	0	3.42901103761e-14	560	45.2921521664	-2	250	-2	250
1	"1"	"1"	2	FALSE	0	90	100	0	0	3.42901103761e-14	560	45.326018095	-3	272	-3	272
1	"1"	"1"	2	FALSE	0	90	100	0	0	3.42901103761e-14	560	45.3593270779	-3	294	-3	294
1	"1"	"1"	2	FALSE	0	90	100	0	0	3.42901103761e-14	560	45.3922851086	-2	312	-2	312
1	"1"	"1"	2	FALSE	0	90	100	0	0	3.42901103761e-14	560	45.4260749817	1	332	1	332
1	"1"	"1"	2	FALSE	0	90	100	0	0	3.42901103761e-14	560	45.4592199326	2	344	2	344
1	"1"	"1"	2	FALSE	0	90	100	0	0	3.42901103761e-14	560	45.4927859306	4	361	4	361
1	"1"	"1"	2	FALSE	0	90	100	0	0	3.42901103761e-14	560	45.5262870789	4	377	4	377
1	"1"	"1"	2	FALSE	0	90	100	0	0	3.42901103761e-14	560	45.5595180988	4	390	4	390
1	"1"	"1"	2	FALSE	0	90	100	0	0	3.42901103761e-14	560	45.5928239822	4	403	4	403
1	"1"	"1"	2	FALSE	0	90	100	0	0	3.42901103761e-14	560	45.6262731552	4	414	4	414
1	"1"	"1"	2	FALSE	0	90	100	0	0	3.42901103761e-14	560	45.65914011	3	425	3	425
1	"1"	"1"	2	FALSE	0	90	100	0	0	3.42901103761e-14	560	45.6930220127	3	436	3	436
1	"1"	"1"	2	FALSE	0	90	100	0	0	3.42901103761e-14	560	45.7258050442	3	446	3	446
1	"1"	"1"	2	FALSE	0	90	100	0	0	3.42901103761e-14	560	45.7596859932	5	458	5	458
1	"1"	"1"	2	FALSE	0	90	100	0	0	3.42901103761e-14	560	45.7931029797	6	468	6	468
1	"1"	"1"	2	FALSE	0	90	100	0	0	3.42901103761e-14	560	45.8259711266	6	477	6	477
1	"1"	"1"	2	FALSE	0	90	100	0	0	3.42901103761e-14	560	45.8595910072	5	484	5	484
1	"1"	"1"	2	FALSE	0	90	100	0	0	3.42901103761e-14	560	45.8931870461	3	491	3	491
1	"1"	"1"	2	FALSE	0	90	100	0	0	3.42901103761e-14	560	45.9265019894	2	497	2	497
1	"1"	"1"	2	FALSE	0	90	100	0	0	3.42901103761e-14	560	45.959831953	1	502	1	502
1	"1"	"1"	2	FALSE	0	90	100	0	0	3.42901103761e-14	560	45.9926159382	-1	507	-1	507
1	"1"	"1"	2	FALSE	0	90	100	0	0	3.42901103761e-14	560	46.0266890526	-2	513	-2	513
1	"1"	"1"	2	FALSE	0	90	100	0	0	3.42901103761e-14	560	46.0600111485	-3	519	-3	519
1	"1"	"1"	2	FALSE	0	90	100	0	0	3.42901103761e-14	560	46.0931489468	-2	523	-2	523
1	"1"	"1"	2	FALSE	0	90	100	0	0	3.42901103761e-14	560	46.1266641617	-1	528	-1	528
1	"1"	"1"	2	FALSE	0	90	100	0	0	3.42901103761e-14	560	46.1597559452	-2	534	-2	534
1	"1"	"1"	2	FALSE	0	90	100	0	0	3.42901103761e-14	560	46.1933269501	-2	539	-2	539
1	"1"	"1"	2	FALSE	0	90	100	0	0	3.42901103761e-14	560	46.2267529964	-1	544	-1	544
1	"1"	"1"	2	FALSE	0	90	100	0	0	3.42901103761e-14	560	46.2595911026	-1	548	-1	548
1	"1"	"1"	2	FALSE	0	90	100	0	0	3.42901103761e-14	560	46.2934319973	-1	551	-1	551
1	"1"	"1"	2	FALSE	0	90	100	0	0	3.42901103761e-14	560	46.3267531395	-1	555	-1	555
1	"1"	"1"	2	FALSE	0	90	100	0	0	3.42901103761e-14	560	46.3595740795	-1	558	-1	558
1	"1"	"1"	3	FALSE	0	45	100	0	0	395.979797464	395.979797464	0.00221109390259	4	-1	4	-1
1	"1"	"1"	3	FALSE	0	45	100	0	0	395.979797464	395.979797464	0.0287470817566	4	-1	4	-1
1	"1"	"1"	3	FALSE	0	45	100	0	0	395.979797464	395.979797464	0.0617260932922	4	-1	4	-1
1	"1"	"1"	3	FALSE	0	45	100	0	0	395.979797464	395.979797464	0.0955729484558	3	-1	3	-1
1	"1"	"1"	3	FALSE	0	45	100	0	0	395.979797464	395.979797464	0.128840923309	3	-1	3	-1
1	"1"	"1"	3	FALSE	0	45	100	0	0	395.979797464	395.979797464	0.162200927734	2	-1	2	-1
1	"1"	"1"	3	FALSE	0	45	100	0	0	395.979797464	395.979797464	0.195609092712	1	0	1	0
1	"1"	"1"	3	FALSE	0	45	100	0	0	395.979797464	395.979797464	0.228365898132	1	0	1	0
1	"1"	"1"	3	FALSE	0	45	100	0	0	395.979797464	395.979797464	0.262245893478	1	0	1	0
1	"1"	"1"	3	FALSE	0	45	100	0	0	395.979797464	395.979797464	0.294989109039	1	0	1	0
1	"1"	"1"	3	FALSE	0	45	100	0	0	395.979797464	395.979797464	0.328723907471	1	0	1	0
1	"1"	"1"	3	FALSE	0	45	100	0	0	395.979797464	395.979797464	0.362334012985	1	0	1	0
1	"1"	"1"	3	FALSE	0	45	100	0	0	395.979797464	395.979797464	0.3952729702	1	0	1	0
1	"1"	"1"	3	FALSE	0	45	100	0	0	395.979797464	395.979797464	0.429123878479	1	0	1	0
1	"1"	"1"	3	FALSE	0	45	100	0	0	395.979797464	395.979797464	0.462120056152	1	0	1	0
1	"1"	"1"	3	FALSE	0	45	100	0	0	395.979797464	395.979797464	0.495881080627	2	1	2	1
1	"1"	"1"	3	FALSE	0	45	100	0	0	395.979797464	395.979797464	0.528781890869	7	6	7	6
1	"1"	"1"	3	FALSE	0	45	100	0	0	395.979797464	395.979797464	0.562310934067	15	16	15	16
1	"1"	"1"	3	FALSE	0	45	100	0	0	395.979797464	395.979797464	0.596126079559	21	24	21	24
1	"1"	"1"	3	FALSE	0	45	100	0	0	395.979797464	395.979797464	0.629312992096	33	36	33	36
1	"1"	"1"	3	FALSE	0	45	100	0	0	395.979797464	395.979797464	0.662508010864	49	48	49	48
1	"1"	"1"	3	FALSE	0	45	100	0	0	395.979797464	395.979797464	0.69590306282	63	62	63	62
1	"1"	"1"	3	FALSE	0	45	100	0	0	395.979797464	395.979797464	0.729310035706	76	76	76	76
1	"1"	"1"	3	FALSE	0	45	100	0	0	395.979797464	395.979797464	0.76220202446	98	97	98	97
1	"1"	"1"	3	FALSE	0	45	100	0	0	395.979797464	395.979797464	0.796046972275	114	111	114	111
1	"1"	"1"	3	FALSE	0	45	100	0	0	395.979797464	395.979797464	0.829123020172	135	130	135	130
1	"1"	"1"	3	FALSE	0	45	100	0	0	395.979797464	395.979797464	0.862688064575	152	148	152	148
1	"1"	"1"	3	FALSE	0	45	100	0	0	395.979797464	395.979797464	0.895644903183	167	162	167	162
1	"1"	"1"	3	FALSE	0	45	100	0	0	395.979797464	395.979797464	0.929052114487	185	180	185	180
1	"1"	"1"	3	FALSE	0	45	100	0	0	395.979797464	395.979797464	0.962857961655	202	198	202	198
1	"1"	"1"	3	FALSE	0	45	100	0	0	395.979797464	395.979797464	0.996438980103	213	213	213	213
1	"1"	"1"	3	FALSE	0	45	100	0	0	395.979797464	395.979797464	1.02917504311	226	229	226	229
1	"1"	"1"	3	FALSE	0	45	100	0	0	395.979797464	395.979797464	1.062926054	239	241	239	241
1	"1"	"1"	3	FALSE	0	45	100	0	0	395.979797464	395.979797464	1.09566497803	250	253	250	253
1	"1"	"1"	3	FALSE	0	45	100	0	0	395.979797464	395.979797464	1.12968802452	259	265	259	265
1	"1"	"1"	3	FALSE	0	45	100	0	0	395.979797464	395.979797464	1.16289806366	270	278	270	278
1	"1"	"1"	3	FALSE	0	45	100	0	0	395.979797464	395.979797464	1.1963789463	281	289	281	289
1	"1"	"1"	3	FALSE	0	45	100	0	0	395.979797464	395.979797464	1.22957897186	292	297	292	297
1	"1"	"1"	3	FALSE	0	45	100	0	0	395.979797464	395.979797464	1.26316690445	302	306	302	306
1	"1"	"1"	3	FALSE	0	45	100	0	0	395.979797464	395.979797464	1.29639792442	311	315	311	315
1	"1"	"1"	3	FALSE	0	45	100	0	0	395.979797464	395.979797464	1.32938694954	318	321	318	321
1	"1"	"1"	3	FALSE	0	45	100	0	0	395.979797464	395.979797464	1.36268496513	326	328	326	328
1	"1"	"1"	3	FALSE	0	45	100	0	0	395.979797464	395.979797464	1.3959209919	332	335	332	335
1	"1"	"1"	3	FALSE	0	45	100	0	0	395.979797464	395.979797464	1.42971897125	339	344	339	344
1	"1"	"1"	3	FALSE	0	45	100	0	0	395.979797464	395.979797464	1.46285796165	345	350	345	350
1	"1"	"1"	3	FALSE	0	45	100	0	0	395.979797464	395.979797464	1.49664211273	350	357	350	357
1	"1"	"1"	3	FALSE	0	45	100	0	0	395.979797464	395.979797464	1.52947998047	357	362	357	362
1	"1"	"1"	3	FALSE	0	45	100	0	0	395.979797464	395.979797464	1.56324696541	362	366	362	366
1	"1"	"1"	3	FALSE	0	45	100	0	0	395.979797464	395.979797464	1.59608793259	364	372	364	372
1	"1"	"1"	3	FALSE	0	45	100	0	0	395.979797464	395.979797464	1.62994599342	367	376	367	376
1	"1"	"1"	3	FALSE	0	45	100	0	0	395.979797464	395.979797464	1.66350102425	370	379	370	379
1	"1"	"1"	3	FALSE	0	45	100	0	0	395.979797464	395.979797464	1.69651389122	373	382	373	382
1	"1"	"1"	3	FALSE	0	45	100	0	0	395.979797464	395.979797464	1.73014998436	378	386	378	386
1	"1"	"1"	3	FALSE	0	45	100	0	0	395.979797464	395.979797464	1.7632958889	381	388	381	388
1	"1"	"1"	3	FALSE	0	45	100	0	0	395.979797464	395.979797464	1.79682588577	382	390	382	390
1	"1"	"1"	3	FALSE	0	45	100	0	0	395.979797464	395.979797464	1.82968902588	385	393	385	393
1	"1"	"1"	3	FALSE	0	45	100	0	0	395.979797464	395.979797464	1.86340808868	389	397	389	397
1	"1"	"1"	3	FALSE	0	45	100	0	0	395.979797464	395.979797464	1.89679408073	391	398	391	398
1	"1"	"1"	3	FALSE	0	45	100	0	0	395.979797464	395.979797464	1.92998099327	393	400	393	400
1	"1"	"1"	3	FALSE	0	45	100	0	0	395.979797464	395.979797464	1.96339011192	396	401	396	401
1	"1"	"1"	4	FALSE	0	90	100	0	0	3.42901103761e-14	560	0.00205111503601	1	0	1	0
1	"1"	"1"	4	FALSE	0	90	100	0	0	3.42901103761e-14	560	0.021586894989	1	0	1	0
1	"1"	"1"	4	FALSE	0	90	100	0	0	3.42901103761e-14	560	0.0552589893341	1	0	1	0
1	"1"	"1"	4	FALSE	0	90	100	0	0	3.42901103761e-14	560	0.0882670879364	1	0	1	0
1	"1"	"1"	4	FALSE	0	90	100	0	0	3.42901103761e-14	560	0.121304988861	0	-1	0	-1
1	"1"	"1"	4	FALSE	0	90	100	0	0	3.42901103761e-14	560	0.15500998497	-1	-1	-1	-1
1	"1"	"1"	4	FALSE	0	90	100	0	0	3.42901103761e-14	560	0.188445091248	-1	-1	-1	-1
1	"1"	"1"	4	FALSE	0	90	100	0	0	3.42901103761e-14	560	0.221991062164	-1	-1	-1	-1
1	"1"	"1"	4	FALSE	0	90	100	0	0	3.42901103761e-14	560	0.25470995903	-1	-1	-1	-1
1	"1"	"1"	4	FALSE	0	90	100	0	0	3.42901103761e-14	560	0.288177967072	-1	-1	-1	-1
1	"1"	"1"	4	FALSE	0	90	100	0	0	3.42901103761e-14	560	0.321796894073	-1	-1	-1	-1
1	"1"	"1"	4	FALSE	0	90	100	0	0	3.42901103761e-14	560	0.35521697998	-1	-1	-1	-1
1	"1"	"1"	4	FALSE	0	90	100	0	0	3.42901103761e-14	560	0.388691902161	0	1	0	1
1	"1"	"1"	4	FALSE	0	90	100	0	0	3.42901103761e-14	560	0.422097921371	3	8	3	8
1	"1"	"1"	4	FALSE	0	90	100	0	0	3.42901103761e-14	560	0.455490112305	6	17	6	17
1	"1"	"1"	4	FALSE	0	90	100	0	0	3.42901103761e-14	560	0.488969087601	10	31	10	31
1	"1"	"1"	4	FALSE	0	90	100	0	0	3.42901103761e-14	560	0.522270917892	13	44	13	44
1	"1"	"1"	4	FALSE	0	90	100	0	0	3.42901103761e-14	560	0.555413961411	16	60	16	60
1	"1"	"1"	4	FALSE	0	90	100	0	0	3.42901103761e-14	560	0.588908910751	21	75	21	75
1	"1"	"1"	4	FALSE	0	90	100	0	0	3.42901103761e-14	560	0.622319936752	24	91	24	91
1	"1"	"1"	4	FALSE	0	90	100	0	0	3.42901103761e-14	560	0.655220031738	24	106	24	106
1	"1"	"1"	4	FALSE	0	90	100	0	0	3.42901103761e-14	560	0.689024925232	24	120	24	120
1	"1"	"1"	4	FALSE	0	90	100	0	0	3.42901103761e-14	560	0.722212076187	26	138	26	138
1	"1"	"1"	4	FALSE	0	90	100	0	0	3.42901103761e-14	560	0.755606889725	25	155	25	155
1	"1"	"1"	4	FALSE	0	90	100	0	0	3.42901103761e-14	560	0.78845500946	23	168	23	168
1	"1"	"1"	4	FALSE	0	90	100	0	0	3.42901103761e-14	560	0.822156906128	21	183	21	183
1	"1"	"1"	4	FALSE	0	90	100	0	0	3.42901103761e-14	560	0.855739116669	18	195	18	195
1	"1"	"1"	4	FALSE	0	90	100	0	0	3.42901103761e-14	560	0.889149904251	15	209	15	209
1	"1"	"1"	4	FALSE	0	90	100	0	0	3.42901103761e-14	560	0.922513008118	12	223	12	223
1	"1"	"1"	4	FALSE	0	90	100	0	0	3.42901103761e-14	560	0.955248117447	8	236	8	236
1	"1"	"1"	4	FALSE	0	90	100	0	0	3.42901103761e-14	560	0.988997936249	6	248	6	248
1	"1"	"1"	4	FALSE	0	90	100	0	0	3.42901103761e-14	560	1.02259707451	3	261	3	261
1	"1"	"1"	4	FALSE	0	90	100	0	0	3.42901103761e-14	560	1.05582404137	-1	276	-1	276
1	"1"	"1"	4	FALSE	0	90	100	0	0	3.42901103761e-14	560	1.08886694908	-2	287	-2	287
1	"1"	"1"	4	FALSE	0	90	100	0	0	3.42901103761e-14	560	1.12265491486	-1	303	-1	303
1	"1"	"1"	4	FALSE	0	90	100	0	0	3.42901103761e-14	560	1.1560280323	0	319	0	319
1	"1"	"1"	4	FALSE	0	90	100	0	0	3.42901103761e-14	560	1.18942499161	-1	332	-1	332
1	"1"	"1"	4	FALSE	0	90	100	0	0	3.42901103761e-14	560	1.22270488739	1	345	1	345
1	"1"	"1"	4	FALSE	0	90	100	0	0	3.42901103761e-14	560	1.25548410416	1	358	1	358
1	"1"	"1"	4	FALSE	0	90	100	0	0	3.42901103761e-14	560	1.28948402405	1	370	1	370
1	"1"	"1"	4	FALSE	0	90	100	0	0	3.42901103761e-14	560	1.32239198685	2	380	2	380
1	"1"	"1"	4	FALSE	0	90	100	0	0	3.42901103761e-14	560	1.35616397858	2	389	2	389
1	"1"	"1"	4	FALSE	0	90	100	0	0	3.42901103761e-14	560	1.38948893547	2	399	2	399
1	"1"	"1"	4	FALSE	0	90	100	0	0	3.42901103761e-14	560	1.42229890823	2	407	2	407
1	"1"	"1"	4	FALSE	0	90	100	0	0	3.42901103761e-14	560	1.4559841156	2	417	2	417
1	"1"	"1"	4	FALSE	0	90	100	0	0	3.42901103761e-14	560	1.48964309692	2	425	2	425
1	"1"	"1"	4	FALSE	0	90	100	0	0	3.42901103761e-14	560	1.52282500267	3	434	3	434
1	"1"	"1"	4	FALSE	0	90	100	0	0	3.42901103761e-14	560	1.55574989319	4	443	4	443
1	"1"	"1"	4	FALSE	0	90	100	0	0	3.42901103761e-14	560	1.58969092369	3	450	3	450
1	"1"	"1"	4	FALSE	0	90	100	0	0	3.42901103761e-14	560	1.62260699272	2	458	2	458
1	"1"	"1"	4	FALSE	0	90	100	0	0	3.42901103761e-14	560	1.65649604797	3	466	3	466
1	"1"	"1"	4	FALSE	0	90	100	0	0	3.42901103761e-14	560	1.68990898132	3	472	3	472
1	"1"	"1"	4	FALSE	0	90	100	0	0	3.42901103761e-14	560	1.72292494774	3	479	3	479
1	"1"	"1"	4	FALSE	0	90	100	0	0	3.42901103761e-14	560	1.75623393059	3	486	3	486
1	"1"	"1"	4	FALSE	0	90	100	0	0	3.42901103761e-14	560	1.78975701332	3	493	3	493
1	"1"	"1"	4	FALSE	0	90	100	0	0	3.42901103761e-14	560	1.82303595543	3	497	3	497
1	"1"	"1"	4	FALSE	0	90	100	0	0	3.42901103761e-14	560	1.85594201088	4	502	4	502
1	"1"	"1"	4	FALSE	0	90	100	0	0	3.42901103761e-14	560	1.88971495628	5	508	5	508
1	"1"	"1"	4	FALSE	0	90	100	0	0	3.42901103761e-14	560	1.92313408852	4	513	4	513
1	"1"	"1"	4	FALSE	0	90	100	0	0	3.42901103761e-14	560	1.95614099503	5	519	5	519
1	"1"	"1"	4	FALSE	0	90	100	0	0	3.42901103761e-14	560	1.98940896988	5	524	5	524
1	"1"	"1"	4	FALSE	0	90	100	0	0	3.42901103761e-14	560	2.02260994911	5	529	5	529
1	"1"	"1"	4	FALSE	0	90	100	0	0	3.42901103761e-14	560	2.05601096153	5	532	5	532
1	"1"	"1"	4	FALSE	0	90	100	0	0	3.42901103761e-14	560	2.08935809135	5	537	5	537
1	"1"	"1"	4	FALSE	0	90	100	0	0	3.42901103761e-14	560	2.12276792526	4	542	4	542
1	"1"	"1"	4	FALSE	0	90	100	0	0	3.42901103761e-14	560	2.15624809265	3	546	3	546
1	"1"	"1"	4	FALSE	0	90	100	0	0	3.42901103761e-14	560	2.1898920536	1	550	1	550
1	"1"	"1"	4	FALSE	0	90	100	0	0	3.42901103761e-14	560	2.22289705276	0	553	0	553
1	"1"	"1"	4	FALSE	0	90	100	0	0	3.42901103761e-14	560	2.25693297386	-1	555	-1	555
1	"1"	"1"	5	FALSE	0	135	100	0	0	-395.979797464	395.979797464	0.00206303596497	2	2	2	2
1	"1"	"1"	5	FALSE	0	135	100	0	0	-395.979797464	395.979797464	0.0381569862366	2	-1	2	-1
1	"1"	"1"	5	FALSE	0	135	100	0	0	-395.979797464	395.979797464	0.0713529586792	2	-1	2	-1
1	"1"	"1"	5	FALSE	0	135	100	0	0	-395.979797464	395.979797464	0.104925870895	2	-1	2	-1
1	"1"	"1"	5	FALSE	0	135	100	0	0	-395.979797464	395.979797464	0.138287067413	2	-1	2	-1
1	"1"	"1"	5	FALSE	0	135	100	0	0	-395.979797464	395.979797464	0.171709060669	2	-1	2	-1
1	"1"	"1"	5	FALSE	0	135	100	0	0	-395.979797464	395.979797464	0.204585075378	2	-1	2	-1
1	"1"	"1"	5	FALSE	0	135	100	0	0	-395.979797464	395.979797464	0.238412857056	2	-1	2	-1
1	"1"	"1"	5	FALSE	0	135	100	0	0	-395.979797464	395.979797464	0.271806001663	2	-1	2	-1
1	"1"	"1"	5	FALSE	0	135	100	0	0	-395.979797464	395.979797464	0.30499792099	2	-1	2	-1
1	"1"	"1"	5	FALSE	0	135	100	0	0	-395.979797464	395.979797464	0.338405847549	2	-1	2	-1
1	"1"	"1"	5	FALSE	0	135	100	0	0	-395.979797464	395.979797464	0.37153506279	2	-1	2	-1
1	"1"	"1"	5	FALSE	0	135	100	0	0	-395.979797464	395.979797464	0.405133008957	1	-1	1	-1
1	"1"	"1"	5	FALSE	0	135	100	0	0	-395.979797464	395.979797464	0.437969923019	0	0	0	0
1	"1"	"1"	5	FALSE	0	135	100	0	0	-395.979797464	395.979797464	0.471921920776	-2	3	-2	3
1	"1"	"1"	5	FALSE	0	135	100	0	0	-395.979797464	395.979797464	0.504620075226	-7	10	-7	10
1	"1"	"1"	5	FALSE	0	135	100	0	0	-395.979797464	395.979797464	0.538681030273	-15	20	-15	20
1	"1"	"1"	5	FALSE	0	135	100	0	0	-395.979797464	395.979797464	0.572107076645	-26	30	-26	30
1	"1"	"1"	5	FALSE	0	135	100	0	0	-395.979797464	395.979797464	0.604986906052	-36	41	-36	41
1	"1"	"1"	5	FALSE	0	135	100	0	0	-395.979797464	395.979797464	0.638797044754	-48	53	-48	53
1	"1"	"1"	5	FALSE	0	135	100	0	0	-395.979797464	395.979797464	0.671980857849	-61	66	-61	66
1	"1"	"1"	5	FALSE	0	135	100	0	0	-395.979797464	395.979797464	0.704823970795	-76	79	-76	79
1	"1"	"1"	5	FALSE	0	135	100	0	0	-395.979797464	395.979797464	0.738640069962	-92	92	-92	92
1	"1"	"1"	5	FALSE	0	135	100	0	0	-395.979797464	395.979797464	0.772227048874	-107	105	-107	105
1	"1"	"1"	5	FALSE	0	135	100	0	0	-395.979797464	395.979797464	0.805574893951	-130	126	-130	126
1	"1"	"1"	5	FALSE	0	135	100	0	0	-395.979797464	395.979797464	0.83883690834	-151	137	-151	137
1	"1"	"1"	5	FALSE	0	135	100	0	0	-395.979797464	395.979797464	0.872283935547	-170	151	-170	151
1	"1"	"1"	5	FALSE	0	135	100	0	0	-395.979797464	395.979797464	0.905501842499	-184	162	-184	162
1	"1"	"1"	5	FALSE	0	135	100	0	0	-395.979797464	395.979797464	0.938632965088	-208	179	-208	179
1	"1"	"1"	5	FALSE	0	135	100	0	0	-395.979797464	395.979797464	0.972318887711	-222	189	-222	189
1	"1"	"1"	5	FALSE	0	135	100	0	0	-395.979797464	395.979797464	1.00501799583	-237	198	-237	198
1	"1"	"1"	5	FALSE	0	135	100	0	0	-395.979797464	395.979797464	1.0391368866	-252	209	-252	209
1	"1"	"1"	5	FALSE	0	135	100	0	0	-395.979797464	395.979797464	1.07229185104	-267	218	-267	218
1	"1"	"1"	5	FALSE	0	135	100	0	0	-395.979797464	395.979797464	1.10521197319	-277	225	-277	225
1	"1"	"1"	5	FALSE	0	135	100	0	0	-395.979797464	395.979797464	1.13916897774	-287	234	-287	234
1	"1"	"1"	5	FALSE	0	135	100	0	0	-395.979797464	395.979797464	1.17241406441	-297	243	-297	243
1	"1"	"1"	5	FALSE	0	135	100	0	0	-395.979797464	395.979797464	1.20527887344	-306	253	-306	253
1	"1"	"1"	5	FALSE	0	135	100	0	0	-395.979797464	395.979797464	1.23916387558	-313	262	-313	262
1	"1"	"1"	5	FALSE	0	135	100	0	0	-395.979797464	395.979797464	1.27256989479	-321	273	-321	273
1	"1"	"1"	5	FALSE	0	135	100	0	0	-395.979797464	395.979797464	1.30591797829	-329	285	-329	285
1	"1"	"1"	5	FALSE	0	135	100	0	0	-395.979797464	395.979797464	1.33876991272	-333	294	-333	294
1	"1"	"1"	5	FALSE	0	135	100	0	0	-395.979797464	395.979797464	1.37267184258	-340	306	-340	306
1	"1"	"1"	5	FALSE	0	135	100	0	0	-395.979797464	395.979797464	1.40594387054	-347	315	-347	315
1	"1"	"1"	5	FALSE	0	135	100	0	0	-395.979797464	395.979797464	1.43941998482	-353	325	-353	325
1	"1"	"1"	5	FALSE	0	135	100	0	0	-395.979797464	395.979797464	1.47260594368	-357	332	-357	332
1	"1"	"1"	5	FALSE	0	135	100	0	0	-395.979797464	395.979797464	1.5059170723	-362	339	-362	339
1	"1"	"1"	5	FALSE	0	135	100	0	0	-395.979797464	395.979797464	1.5388379097	-366	346	-366	346
1	"1"	"1"	5	FALSE	0	135	100	0	0	-395.979797464	395.979797464	1.57269906998	-369	351	-369	351
1	"1"	"1"	5	FALSE	0	135	100	0	0	-395.979797464	395.979797464	1.60622906685	-373	356	-373	356
1	"1"	"1"	5	FALSE	0	135	100	0	0	-395.979797464	395.979797464	1.63951706886	-374	361	-374	361
1	"1"	"1"	5	FALSE	0	135	100	0	0	-395.979797464	395.979797464	1.67294096947	-376	366	-376	366
1	"1"	"1"	5	FALSE	0	135	100	0	0	-395.979797464	395.979797464	1.70626306534	-378	370	-378	370
1	"1"	"1"	5	FALSE	0	135	100	0	0	-395.979797464	395.979797464	1.73945307732	-379	373	-379	373
1	"1"	"1"	5	FALSE	0	135	100	0	0	-395.979797464	395.979797464	1.77292084694	-381	376	-381	376
1	"1"	"1"	5	FALSE	0	135	100	0	0	-395.979797464	395.979797464	1.80620598793	-383	378	-383	378
1	"1"	"1"	5	FALSE	0	135	100	0	0	-395.979797464	395.979797464	1.83896994591	-385	382	-385	382
1	"1"	"1"	5	FALSE	0	135	100	0	0	-395.979797464	395.979797464	1.87296700478	-388	387	-388	387
1	"1"	"1"	5	FALSE	0	135	100	0	0	-395.979797464	395.979797464	1.90640902519	-390	389	-390	389
1	"1"	"1"	5	FALSE	0	135	100	0	0	-395.979797464	395.979797464	1.93979501724	-391	392	-391	392
1	"1"	"1"	5	FALSE	0	135	100	0	0	-395.979797464	395.979797464	1.97289299965	-393	394	-393	394
1	"1"	"1"	6	FALSE	0	45	100	0	0	395.979797464	395.979797464	0.00190615653992	4	2	4	2
1	"1"	"1"	6	FALSE	0	45	100	0	0	395.979797464	395.979797464	0.0218150615692	4	2	4	2
1	"1"	"1"	6	FALSE	0	45	100	0	0	395.979797464	395.979797464	0.0550670623779	4	2	4	2
1	"1"	"1"	6	FALSE	0	45	100	0	0	395.979797464	395.979797464	0.0887861251831	4	2	4	2
1	"1"	"1"	6	FALSE	0	45	100	0	0	395.979797464	395.979797464	0.122087001801	4	2	4	2
1	"1"	"1"	6	FALSE	0	45	100	0	0	395.979797464	395.979797464	0.155311107635	4	2	4	2
1	"1"	"1"	6	FALSE	0	45	100	0	0	395.979797464	395.979797464	0.188518047333	4	2	4	2
1	"1"	"1"	6	FALSE	0	45	100	0	0	395.979797464	395.979797464	0.221637964249	4	1	4	1
1	"1"	"1"	6	FALSE	0	45	100	0	0	395.979797464	395.979797464	0.255465984344	4	1	4	1
1	"1"	"1"	6	FALSE	0	45	100	0	0	395.979797464	395.979797464	0.28876709938	4	1	4	1
1	"1"	"1"	6	FALSE	0	45	100	0	0	395.979797464	395.979797464	0.322033166885	4	1	4	1
1	"1"	"1"	6	FALSE	0	45	100	0	0	395.979797464	395.979797464	0.355150938034	4	1	4	1
1	"1"	"1"	6	FALSE	0	45	100	0	0	395.979797464	395.979797464	0.388847112656	4	2	4	2
1	"1"	"1"	6	FALSE	0	45	100	0	0	395.979797464	395.979797464	0.421724081039	6	4	6	4
1	"1"	"1"	6	FALSE	0	45	100	0	0	395.979797464	395.979797464	0.455574035645	11	8	11	8
1	"1"	"1"	6	FALSE	0	45	100	0	0	395.979797464	395.979797464	0.488994121552	15	14	15	14
1	"1"	"1"	6	FALSE	0	45	100	0	0	395.979797464	395.979797464	0.521772146225	24	23	24	23
1	"1"	"1"	6	FALSE	0	45	100	0	0	395.979797464	395.979797464	0.555081129074	33	32	33	32
1	"1"	"1"	6	FALSE	0	45	100	0	0	395.979797464	395.979797464	0.588371992111	45	44	45	44
1	"1"	"1"	6	FALSE	0	45	100	0	0	395.979797464	395.979797464	0.622281074524	58	56	58	56
1	"1"	"1"	6	FALSE	0	45	100	0	0	395.979797464	395.979797464	0.655710935593	73	67	73	67
1	"1"	"1"	6	FALSE	0	45	100	0	0	395.979797464	395.979797464	0.689182043076	90	85	90	85
1	"1"	"1"	6	FALSE	0	45	100	0	0	395.979797464	395.979797464	0.722437143326	106	99	106	99
1	"1"	"1"	6	FALSE	0	45	100	0	0	395.979797464	395.979797464	0.755968093872	127	115	127	115
1	"1"	"1"	6	FALSE	0	45	100	0	0	395.979797464	395.979797464	0.78906416893	140	126	140	126
1	"1"	"1"	6	FALSE	0	45	100	0	0	395.979797464	395.979797464	0.822536945343	156	141	156	141
1	"1"	"1"	6	FALSE	0	45	100	0	0	395.979797464	395.979797464	0.855469942093	173	155	173	155
1	"1"	"1"	6	FALSE	0	45	100	0	0	395.979797464	395.979797464	0.88921713829	188	167	188	167
1	"1"	"1"	6	FALSE	0	45	100	0	0	395.979797464	395.979797464	0.922137975693	204	182	204	182
1	"1"	"1"	6	FALSE	0	45	100	0	0	395.979797464	395.979797464	0.95605301857	219	196	219	196
1	"1"	"1"	6	FALSE	0	45	100	0	0	395.979797464	395.979797464	0.989385128021	233	208	233	208
1	"1"	"1"	6	FALSE	0	45	100	0	0	395.979797464	395.979797464	1.02222013474	244	218	244	218
1	"1"	"1"	6	FALSE	0	45	100	0	0	395.979797464	395.979797464	1.05613899231	257	229	257	229
1	"1"	"1"	6	FALSE	0	45	100	0	0	395.979797464	395.979797464	1.08947706223	267	238	267	238
1	"1"	"1"	6	FALSE	0	45	100	0	0	395.979797464	395.979797464	1.12283706665	276	246	276	246
1	"1"	"1"	6	FALSE	0	45	100	0	0	395.979797464	395.979797464	1.15554714203	285	256	285	256
1	"1"	"1"	6	FALSE	0	45	100	0	0	395.979797464	395.979797464	1.18945598602	294	265	294	265
1	"1"	"1"	6	FALSE	0	45	100	0	0	395.979797464	395.979797464	1.22297406197	301	273	301	273
1	"1"	"1"	6	FALSE	0	45	100	0	0	395.979797464	395.979797464	1.25569915771	309	283	309	283
1	"1"	"1"	6	FALSE	0	45	100	0	0	395.979797464	395.979797464	1.28963494301	317	292	317	292
1	"1"	"1"	6	FALSE	0	45	100	0	0	395.979797464	395.979797464	1.3228931427	325	301	325	301
1	"1"	"1"	6	FALSE	0	45	100	0	0	395.979797464	395.979797464	1.35598707199	332	309	332	309
1	"1"	"1"	6	FALSE	0	45	100	0	0	395.979797464	395.979797464	1.38959503174	337	316	337	316
1	"1"	"1"	6	FALSE	0	45	100	0	0	395.979797464	395.979797464	1.42240715027	340	322	340	322
1	"1"	"1"	6	FALSE	0	45	100	0	0	395.979797464	395.979797464	1.45628499985	343	327	343	327
1	"1"	"1"	6	FALSE	0	45	100	0	0	395.979797464	395.979797464	1.48971104622	346	331	346	331
1	"1"	"1"	6	FALSE	0	45	100	0	0	395.979797464	395.979797464	1.52252602577	349	336	349	336
1	"1"	"1"	6	FALSE	0	45	100	0	0	395.979797464	395.979797464	1.55642604828	353	340	353	340
1	"1"	"1"	6	FALSE	0	45	100	0	0	395.979797464	395.979797464	1.58985114098	354	344	354	344
1	"1"	"1"	6	FALSE	0	45	100	0	0	395.979797464	395.979797464	1.6226041317	356	347	356	347
1	"1"	"1"	6	FALSE	0	45	100	0	0	395.979797464	395.979797464	1.65648198128	360	352	360	352
1	"1"	"1"	6	FALSE	0	45	100	0	0	395.979797464	395.979797464	1.68991994858	364	357	364	357
1	"1"	"1"	6	FALSE	0	45	100	0	0	395.979797464	395.979797464	1.72334003448	367	363	367	363
1	"1"	"1"	6	FALSE	0	45	100	0	0	395.979797464	395.979797464	1.75604009628	372	368	372	368
1	"1"	"1"	6	FALSE	0	45	100	0	0	395.979797464	395.979797464	1.78998804092	375	373	375	373
1	"1"	"1"	6	FALSE	0	45	100	0	0	395.979797464	395.979797464	1.8234360218	380	380	380	380
1	"1"	"1"	6	FALSE	0	45	100	0	0	395.979797464	395.979797464	1.85620212555	388	384	388	384
1	"1"	"1"	6	FALSE	0	45	100	0	0	395.979797464	395.979797464	1.89014601707	394	388	394	388
1	"1"	"1"	6	FALSE	0	45	100	0	0	395.979797464	395.979797464	1.92344713211	395	391	395	391
1	"1"	"1"	6	FALSE	0	45	100	0	0	395.979797464	395.979797464	1.95685601234	396	393	396	393
1	"1"	"1"	6	FALSE	0	45	100	0	0	395.979797464	395.979797464	1.98986315727	398	395	398	395
1	"1"	"1"	6	FALSE	0	45	100	0	0	395.979797464	395.979797464	2.02349710464	400	397	400	397
