"task_num"	"task_name"	"trial_type"	"trial_num"	"terminalfeedback_bool"	"rotation_angle"	"targetangle_deg"	"targetdistance_percmax"	"homex_px"	"homey_px"	"targetx_px"	"targety_px"	"time_s"	"mousex_px"	"mousey_px"	"cursorx_px"	"cursory_px"
32	"1"	"1"	1	FALSE	-30	135	100	0	0	-395.979797464	395.979797464	0.0019052028656	0	-8	-4	-6.92820323028
32	"1"	"1"	1	FALSE	-30	135	100	0	0	-395.979797464	395.979797464	0.0326762199402	0	-8	-4	-6.92820323028
32	"1"	"1"	1	FALSE	-30	135	100	0	0	-395.979797464	395.979797464	0.0656890869141	0	-8	-4	-6.92820323028
32	"1"	"1"	1	FALSE	-30	135	100	0	0	-395.979797464	395.979797464	0.0993041992188	0	-8	-4	-6.92820323028
32	"1"	"1"	1	FALSE	-30	135	100	0	0	-395.979797464	395.979797464	0.132779121399	0	-8	-4	-6.92820323028
32	"1"	"1"	1	FALSE	-30	135	100	0	0	-395.979797464	395.979797464	0.166391134262	0	-8	-4	-6.92820323028
32	"1"	"1"	1	FALSE	-30	135	100	0	0	-395.979797464	395.979797464	0.199375152588	0	-8	-4	-6.92820323028
32	"1"	"1"	1	FALSE	-30	135	100	0	0	-395.979797464	395.979797464	0.233063220978	0	-8	-4	-6.92820323028
32	"1"	"1"	1	FALSE	-30	135	100	0	0	-395.979797464	395.979797464	0.266492128372	0	-8	-4	-6.92820323028
32	"1"	"1"	1	FALSE	-30	135	100	0	0	-395.979797464	395.979797464	0.29921412468	0	-8	-4	-6.92820323028
32	"1"	"1"	1	FALSE	-30	135	100	0	0	-395.979797464	395.979797464	0.33304309845	0	-8	-4	-6.92820323028
32	"1"	"1"	1	FALSE	-30	135	100	0	0	-395.979797464	395.979797464	0.366514205933	0	-8	-4	-6.92820323028
32	"1"	"1"	1	FALSE	-30	135	100	0	0	-395.979797464	395.979797464	0.399821043015	-2	-7	-5.23205080757	-5.06217782649
32	"1"	"1"	1	FALSE	-30	135	100	0	0	-395.979797464	395.979797464	0.433319091797	-8	-4	-8.92820323028	0.535898384862
32	"1"	"1"	1	FALSE	-30	135	100	0	0	-395.979797464	395.979797464	0.466442108154	-22	2	-18.0525588833	12.7320508076
32	"1"	"1"	1	FALSE	-30	135	100	0	0	-395.979797464	395.979797464	0.499962091446	-36	8	-27.1769145362	24.9282032303
32	"1"	"1"	1	FALSE	-30	135	100	0	0	-395.979797464	395.979797464	0.533413171768	-55	16	-39.6313972081	41.3564064606
32	"1"	"1"	1	FALSE	-30	135	100	0	0	-395.979797464	395.979797464	0.566705226898	-80	25	-56.7820323028	61.6506350946
32	"1"	"1"	1	FALSE	-30	135	100	0	0	-395.979797464	395.979797464	0.60011100769	-99	34	-68.7365149747	78.9448637287
32	"1"	"1"	1	FALSE	-30	135	100	0	0	-395.979797464	395.979797464	0.633406162262	-122	44	-83.6550992617	99.1051177665
32	"1"	"1"	1	FALSE	-30	135	100	0	0	-395.979797464	395.979797464	0.66708612442	-146	55	-98.9397089525	120.631397208
32	"1"	"1"	1	FALSE	-30	135	100	0	0	-395.979797464	395.979797464	0.700215101242	-170	68	-113.224318643	143.889727457
32	"1"	"1"	1	FALSE	-30	135	100	0	0	-395.979797464	395.979797464	0.733628034592	-195	80	-128.874953738	166.782032303
32	"1"	"1"	1	FALSE	-30	135	100	0	0	-395.979797464	395.979797464	0.766876220703	-216	89	-142.561487217	185.076260937
32	"1"	"1"	1	FALSE	-30	135	100	0	0	-395.979797464	395.979797464	0.800088167191	-240	99	-158.346096908	205.736514975
32	"1"	"1"	1	FALSE	-30	135	100	0	0	-395.979797464	395.979797464	0.833525180817	-260	108	-171.166604984	223.530743609
32	"1"	"1"	1	FALSE	-30	135	100	0	0	-395.979797464	395.979797464	0.866965055466	-283	117	-186.585189271	242.824972243
32	"1"	"1"	1	FALSE	-30	135	100	0	0	-395.979797464	395.979797464	0.900289058685	-308	126	-203.735824366	263.119200877
32	"1"	"1"	1	FALSE	-30	135	100	0	0	-395.979797464	395.979797464	0.933664083481	-326	134	-215.324281634	279.047404107
32	"1"	"1"	1	FALSE	-30	135	100	0	0	-395.979797464	395.979797464	0.967076063156	-353	141	-235.206967536	298.609581934
32	"1"	"1"	1	FALSE	-30	135	100	0	0	-395.979797464	395.979797464	1.00027418137	-372	147	-248.661450208	313.305734356
32	"1"	"1"	1	FALSE	-30	135	100	0	0	-395.979797464	395.979797464	1.03375506401	-394	151	-265.714009091	327.769835971
32	"1"	"1"	1	FALSE	-30	135	100	0	0	-395.979797464	395.979797464	1.0671851635	-415	154	-282.400542571	340.867912183
32	"1"	"1"	1	FALSE	-30	135	100	0	0	-395.979797464	395.979797464	1.10051608086	-427	155	-292.292847416	347.733937587
32	"1"	"1"	1	FALSE	-30	135	100	0	0	-395.979797464	395.979797464	1.13372206688	-443	157	-305.149253877	357.465988394
32	"1"	"1"	1	FALSE	-30	135	100	0	0	-395.979797464	395.979797464	1.16719603539	-455	158	-315.041558722	364.332013798
32	"1"	"1"	1	FALSE	-30	135	100	0	0	-395.979797464	395.979797464	1.200507164	-467	158	-325.433863567	370.332013798
32	"1"	"1"	1	FALSE	-30	135	100	0	0	-395.979797464	395.979797464	1.23382210732	-477	159	-333.594117605	376.198039202
32	"1"	"1"	1	FALSE	-30	135	100	0	0	-395.979797464	395.979797464	1.26701903343	-486	158	-341.888346239	379.832013798
32	"1"	"1"	1	FALSE	-30	135	100	0	0	-395.979797464	395.979797464	1.30062007904	-494	156	-349.81654947	382.09996299
32	"1"	"1"	1	FALSE	-30	135	100	0	0	-395.979797464	395.979797464	1.33390617371	-500	155	-355.512701892	384.233937587
32	"1"	"1"	1	FALSE	-30	135	100	0	0	-395.979797464	395.979797464	1.36734604836	-507	152	-363.074879719	385.135861375
32	"1"	"1"	1	FALSE	-30	135	100	0	0	-395.979797464	395.979797464	1.40064001083	-513	150	-369.271032141	386.403810568
32	"1"	"1"	1	FALSE	-30	135	100	0	0	-395.979797464	395.979797464	1.43398618698	-518	148	-374.60115916	387.17175976
32	"1"	"1"	1	FALSE	-30	135	100	0	0	-395.979797464	395.979797464	1.46740221977	-524	147	-380.297311583	389.305734356
32	"1"	"1"	1	FALSE	-30	135	100	0	0	-395.979797464	395.979797464	1.50091910362	-526	147	-382.029362391	390.305734356
32	"1"	"1"	1	FALSE	-30	135	100	0	0	-395.979797464	395.979797464	1.53413414955	-529	148	-384.127438602	392.67175976
32	"1"	"1"	1	FALSE	-30	135	100	0	0	-395.979797464	395.979797464	1.56744408607	-532	148	-386.725514813	394.17175976
32	"1"	"1"	1	FALSE	-30	135	100	0	0	-395.979797464	395.979797464	1.60094618797	-534	148	-388.457565621	395.17175976
32	"1"	"1"	2	FALSE	-30	45	100	0	0	395.979797464	395.979797464	0.0018949508667	-2	-11	-7.23205080757	-8.52627944163
32	"1"	"1"	2	FALSE	-30	45	100	0	0	395.979797464	395.979797464	0.0376899242401	-2	-10	-6.73205080757	-7.66025403784
32	"1"	"1"	2	FALSE	-30	45	100	0	0	395.979797464	395.979797464	0.0709640979767	-2	-10	-6.73205080757	-7.66025403784
32	"1"	"1"	2	FALSE	-30	45	100	0	0	395.979797464	395.979797464	0.10435295105	-2	-10	-6.73205080757	-7.66025403784
32	"1"	"1"	2	FALSE	-30	45	100	0	0	395.979797464	395.979797464	0.137722969055	-2	-10	-6.73205080757	-7.66025403784
32	"1"	"1"	2	FALSE	-30	45	100	0	0	395.979797464	395.979797464	0.171047925949	-2	-10	-6.73205080757	-7.66025403784
32	"1"	"1"	2	FALSE	-30	45	100	0	0	395.979797464	395.979797464	0.204373121262	-1	-10	-5.86602540378	-8.16025403784
32	"1"	"1"	2	FALSE	-30	45	100	0	0	395.979797464	395.979797464	0.237812995911	-1	-10	-5.86602540378	-8.16025403784
32	"1"	"1"	2	FALSE	-30	45	100	0	0	395.979797464	395.979797464	0.271199941635	-1	-10	-5.86602540378	-8.16025403784
32	"1"	"1"	2	FALSE	-30	45	100	0	0	395.979797464	395.979797464	0.304475069046	-1	-10	-5.86602540378	-8.16025403784
32	"1"	"1"	2	FALSE	-30	45	100	0	0	395.979797464	395.979797464	0.337864160538	-1	-9	-5.36602540378	-7.29422863406
32	"1"	"1"	2	FALSE	-30	45	100	0	0	395.979797464	395.979797464	0.371278047562	1	-5	-1.63397459622	-4.83012701892
32	"1"	"1"	2	FALSE	-30	45	100	0	0	395.979797464	395.979797464	0.404624938965	5	4	6.33012701892	0.964101615138
32	"1"	"1"	2	FALSE	-30	45	100	0	0	395.979797464	395.979797464	0.437981128693	8	12	12.9282032303	6.39230484541
32	"1"	"1"	2	FALSE	-30	45	100	0	0	395.979797464	395.979797464	0.471332073212	14	25	24.624355653	14.6506350946
32	"1"	"1"	2	FALSE	-30	45	100	0	0	395.979797464	395.979797464	0.504658937454	22	39	38.5525588833	22.7749907476
32	"1"	"1"	2	FALSE	-30	45	100	0	0	395.979797464	395.979797464	0.538025140762	32	55	55.2128129211	31.6313972081
32	"1"	"1"	2	FALSE	-30	45	100	0	0	395.979797464	395.979797464	0.571335077286	45	78	77.9711431703	45.0499814952
32	"1"	"1"	2	FALSE	-30	45	100	0	0	395.979797464	395.979797464	0.604746103287	53	92	91.8993464006	53.1743371482
32	"1"	"1"	2	FALSE	-30	45	100	0	0	395.979797464	395.979797464	0.63804602623	66	119	116.65767665	70.0570230503
32	"1"	"1"	2	FALSE	-30	45	100	0	0	395.979797464	395.979797464	0.671519994736	78	145	140.049981495	86.5736835487
32	"1"	"1"	2	FALSE	-30	45	100	0	0	395.979797464	395.979797464	0.705012083054	90	174	164.942286341	105.688420258
32	"1"	"1"	2	FALSE	-30	45	100	0	0	395.979797464	395.979797464	0.738204956055	100	197	185.102540378	120.607004546
32	"1"	"1"	2	FALSE	-30	45	100	0	0	395.979797464	395.979797464	0.771577119827	112	226	209.994845224	139.721741255
32	"1"	"1"	2	FALSE	-30	45	100	0	0	395.979797464	395.979797464	0.80477309227	124	251	232.887150069	155.37237635
32	"1"	"1"	2	FALSE	-30	45	100	0	0	395.979797464	395.979797464	0.83832192421	133	274	252.181378703	170.790960637
32	"1"	"1"	2	FALSE	-30	45	100	0	0	395.979797464	395.979797464	0.871492147446	144	303	276.207658145	190.405697347
32	"1"	"1"	2	FALSE	-30	45	100	0	0	395.979797464	395.979797464	0.90495800972	152	325	294.135861375	205.45825623
32	"1"	"1"	2	FALSE	-30	45	100	0	0	395.979797464	395.979797464	0.938405990601	158	342	307.832013798	217.180688094
32	"1"	"1"	2	FALSE	-30	45	100	0	0	395.979797464	395.979797464	0.971729040146	164	360	322.028166221	229.769145362
32	"1"	"1"	2	FALSE	-30	45	100	0	0	395.979797464	395.979797464	1.00504493713	170	381	337.724318643	244.955678842
32	"1"	"1"	2	FALSE	-30	45	100	0	0	395.979797464	395.979797464	1.03832101822	172	395	346.456369451	256.080034495
32	"1"	"1"	2	FALSE	-30	45	100	0	0	395.979797464	395.979797464	1.0717151165	174	407	354.188420258	265.47233934
32	"1"	"1"	2	FALSE	-30	45	100	0	0	395.979797464	395.979797464	1.10517907143	176	421	362.920471066	276.596694993
32	"1"	"1"	2	FALSE	-30	45	100	0	0	395.979797464	395.979797464	1.1383459568	177	438	372.28649647	290.819126858
32	"1"	"1"	2	FALSE	-30	45	100	0	0	395.979797464	395.979797464	1.17181110382	179	451	380.518547277	301.077457107
32	"1"	"1"	2	FALSE	-30	45	100	0	0	395.979797464	395.979797464	1.20516204834	182	466	390.616623489	312.567838164
32	"1"	"1"	2	FALSE	-30	45	100	0	0	395.979797464	395.979797464	1.23859715462	181	479	396.250598085	324.326168413
32	"1"	"1"	2	FALSE	-30	45	100	0	0	395.979797464	395.979797464	1.27183699608	178	489	398.652521874	334.486422451
32	"1"	"1"	2	FALSE	-30	45	100	0	0	395.979797464	395.979797464	1.30529499054	175	496	399.554445662	342.048600277
32	"1"	"1"	2	FALSE	-30	45	100	0	0	395.979797464	395.979797464	1.33867502213	171	503	399.590344047	350.110778104
32	"1"	"1"	2	FALSE	-30	45	100	0	0	395.979797464	395.979797464	1.37200808525	169	507	399.85829324	354.574879719
32	"1"	"1"	2	FALSE	-30	45	100	0	0	395.979797464	395.979797464	1.40527009964	168	511	400.992267836	358.538981334
32	"1"	"1"	2	FALSE	-30	45	100	0	0	395.979797464	395.979797464	1.43869996071	166	517	402.260217028	364.735133757
32	"1"	"1"	2	FALSE	-30	45	100	0	0	395.979797464	395.979797464	1.47203397751	163	522	402.162140817	370.565260775
32	"1"	"1"	2	FALSE	-30	45	100	0	0	395.979797464	395.979797464	1.50535011292	161	525	401.930090009	374.163336987
32	"1"	"1"	2	FALSE	-30	45	100	0	0	395.979797464	395.979797464	1.53877806664	158	529	401.332013798	379.127438602
32	"1"	"1"	2	FALSE	-30	45	100	0	0	395.979797464	395.979797464	1.57203006744	155	532	400.233937587	383.225514813
32	"1"	"1"	2	FALSE	-30	45	100	0	0	395.979797464	395.979797464	1.6055829525	152	534	398.635861375	386.457565621
32	"1"	"1"	2	FALSE	-30	45	100	0	0	395.979797464	395.979797464	1.63892412186	151	535	398.269835971	387.823591025
32	"1"	"1"	2	FALSE	-30	45	100	0	0	395.979797464	395.979797464	1.67226600647	150	537	398.403810568	390.055641832
32	"1"	"1"	3	FALSE	-30	90	100	0	0	3.42901103761e-14	560	0.0014750957489	0	-2	-1	-1.73205080757
32	"1"	"1"	3	FALSE	-30	90	100	0	0	3.42901103761e-14	560	0.0363209247589	0	-2	-1	-1.73205080757
32	"1"	"1"	3	FALSE	-30	90	100	0	0	3.42901103761e-14	560	0.0695390701294	0	-1	-0.5	-0.866025403784
32	"1"	"1"	3	FALSE	-30	90	100	0	0	3.42901103761e-14	560	0.102685928345	0	-1	-0.5	-0.866025403784
32	"1"	"1"	3	FALSE	-30	90	100	0	0	3.42901103761e-14	560	0.136146068573	0	-1	-0.5	-0.866025403784
32	"1"	"1"	3	FALSE	-30	90	100	0	0	3.42901103761e-14	560	0.169615030289	0	-1	-0.5	-0.866025403784
32	"1"	"1"	3	FALSE	-30	90	100	0	0	3.42901103761e-14	560	0.202789068222	0	-1	-0.5	-0.866025403784
32	"1"	"1"	3	FALSE	-30	90	100	0	0	3.42901103761e-14	560	0.236181974411	1	-1	0.366025403784	-1.36602540378
32	"1"	"1"	3	FALSE	-30	90	100	0	0	3.42901103761e-14	560	0.269531965256	1	-2	-0.133974596216	-2.23205080757
32	"1"	"1"	3	FALSE	-30	90	100	0	0	3.42901103761e-14	560	0.302849054337	4	-2	2.46410161514	-3.73205080757
32	"1"	"1"	3	FALSE	-30	90	100	0	0	3.42901103761e-14	560	0.336322069168	10	2	9.66025403784	-3.26794919243
32	"1"	"1"	3	FALSE	-30	90	100	0	0	3.42901103761e-14	560	0.369784116745	7	18	15.0621778265	12.0884572681
32	"1"	"1"	3	FALSE	-30	90	100	0	0	3.42901103761e-14	560	0.403001070023	2	47	25.2320508076	39.7031939779
32	"1"	"1"	3	FALSE	-30	90	100	0	0	3.42901103761e-14	560	0.436322927475	-3	79	36.9019237886	69.916006899
32	"1"	"1"	3	FALSE	-30	90	100	0	0	3.42901103761e-14	560	0.469666004181	-9	107	45.7057713659	97.1647182049
32	"1"	"1"	3	FALSE	-30	90	100	0	0	3.42901103761e-14	560	0.503000974655	-14	140	57.875644347	128.24355653
32	"1"	"1"	3	FALSE	-30	90	100	0	0	3.42901103761e-14	560	0.536384105682	-19	170	68.5455173281	156.724318643
32	"1"	"1"	3	FALSE	-30	90	100	0	0	3.42901103761e-14	560	0.569791078568	-28	192	71.751288694	180.276877527
32	"1"	"1"	3	FALSE	-30	90	100	0	0	3.42901103761e-14	560	0.603257894516	-40	216	73.3589838486	207.061487217
32	"1"	"1"	3	FALSE	-30	90	100	0	0	3.42901103761e-14	560	0.636450052261	-52	239	74.4666790032	232.980071504
32	"1"	"1"	3	FALSE	-30	90	100	0	0	3.42901103761e-14	560	0.66987991333	-64	256	72.5743741578	253.702503369
32	"1"	"1"	3	FALSE	-30	90	100	0	0	3.42901103761e-14	560	0.703258991241	-78	275	69.9500185048	277.156986041
32	"1"	"1"	3	FALSE	-30	90	100	0	0	3.42901103761e-14	560	0.736541986465	-89	297	71.4237390632	301.709544924
32	"1"	"1"	3	FALSE	-30	90	100	0	0	3.42901103761e-14	560	0.769958019257	-99	318	73.2634850253	324.896078403
32	"1"	"1"	3	FALSE	-30	90	100	0	0	3.42901103761e-14	560	0.803323030472	-110	335	72.2372055837	345.118510268
32	"1"	"1"	3	FALSE	-30	90	100	0	0	3.42901103761e-14	560	0.836595058441	-120	348	70.0769515459	361.376840517
32	"1"	"1"	3	FALSE	-30	90	100	0	0	3.42901103761e-14	560	0.870246887207	-133	366	67.8186212967	383.465297785
32	"1"	"1"	3	FALSE	-30	90	100	0	0	3.42901103761e-14	560	0.903536081314	-146	381	64.0602910475	402.955678842
32	"1"	"1"	3	FALSE	-30	90	100	0	0	3.42901103761e-14	560	0.936683893204	-160	393	57.9359353945	420.347983687
32	"1"	"1"	3	FALSE	-30	90	100	0	0	3.42901103761e-14	560	0.970237970352	-174	403	50.8115797415	436.008237725
32	"1"	"1"	3	FALSE	-30	90	100	0	0	3.42901103761e-14	560	1.0035879612	-188	413	43.6872240885	451.668491763
32	"1"	"1"	3	FALSE	-30	90	100	0	0	3.42901103761e-14	560	1.03675794601	-202	421	35.5628684355	465.596694993
32	"1"	"1"	3	FALSE	-30	90	100	0	0	3.42901103761e-14	560	1.07018589973	-213	428	29.5365889939	477.15887282
32	"1"	"1"	3	FALSE	-30	90	100	0	0	3.42901103761e-14	560	1.10353112221	-223	436	24.8763349561	489.08707605
32	"1"	"1"	3	FALSE	-30	90	100	0	0	3.42901103761e-14	560	1.13682293892	-229	443	23.1801825334	498.149253877
32	"1"	"1"	3	FALSE	-30	90	100	0	0	3.42901103761e-14	560	1.17033910751	-237	451	20.2519793031	509.077457107
32	"1"	"1"	3	FALSE	-30	90	100	0	0	3.42901103761e-14	560	1.20375204086	-242	458	19.4218522842	517.639634933
32	"1"	"1"	3	FALSE	-30	90	100	0	0	3.42901103761e-14	560	1.23691511154	-247	464	18.0917252652	525.335787356
32	"1"	"1"	3	FALSE	-30	90	100	0	0	3.42901103761e-14	560	1.2702870369	-251	470	17.6276236501	532.531939779
32	"1"	"1"	3	FALSE	-30	90	100	0	0	3.42901103761e-14	560	1.30362200737	-254	475	17.5295474388	538.362066798
32	"1"	"1"	3	FALSE	-30	90	100	0	0	3.42901103761e-14	560	1.33706092834	-258	480	16.5654458236	544.692193817
32	"1"	"1"	3	FALSE	-30	90	100	0	0	3.42901103761e-14	560	1.37043094635	-261	483	15.4673696123	548.790270028
32	"1"	"1"	3	FALSE	-30	90	100	0	0	3.42901103761e-14	560	1.40369606018	-262	484	15.1013442085	550.156295432
32	"1"	"1"	3	FALSE	-30	90	100	0	0	3.42901103761e-14	560	1.43712902069	-264	484	13.3692934009	551.156295432
32	"1"	"1"	3	FALSE	-30	90	100	0	0	3.42901103761e-14	560	1.47044992447	-265	485	13.0032679971	552.522320835
32	"1"	"1"	3	FALSE	-30	90	100	0	0	3.42901103761e-14	560	1.50385308266	-266	485	12.1372425933	553.022320835
32	"1"	"1"	3	FALSE	-30	90	100	0	0	3.42901103761e-14	560	1.53719305992	-266	485	12.1372425933	553.022320835
32	"1"	"1"	3	FALSE	-30	90	100	0	0	3.42901103761e-14	560	1.57067298889	-268	486	10.9051917858	554.888346239
32	"1"	"1"	4	FALSE	-30	90	100	0	0	3.42901103761e-14	560	0.0015389919281	4	-5	0.964101615138	-6.33012701892
32	"1"	"1"	4	FALSE	-30	90	100	0	0	3.42901103761e-14	560	0.0363578796387	4	-5	0.964101615138	-6.33012701892
32	"1"	"1"	4	FALSE	-30	90	100	0	0	3.42901103761e-14	560	0.0697069168091	4	-5	0.964101615138	-6.33012701892
32	"1"	"1"	4	FALSE	-30	90	100	0	0	3.42901103761e-14	560	0.103083848953	4	-5	0.964101615138	-6.33012701892
32	"1"	"1"	4	FALSE	-30	90	100	0	0	3.42901103761e-14	560	0.136963844299	3	-5	0.0980762113534	-5.83012701892
32	"1"	"1"	4	FALSE	-30	90	100	0	0	3.42901103761e-14	560	0.170274972916	3	-5	0.0980762113534	-5.83012701892
32	"1"	"1"	4	FALSE	-30	90	100	0	0	3.42901103761e-14	560	0.203660964966	2	-5	-0.767949192431	-5.33012701892
32	"1"	"1"	4	FALSE	-30	90	100	0	0	3.42901103761e-14	560	0.237035989761	1	-5	-1.63397459622	-4.83012701892
32	"1"	"1"	4	FALSE	-30	90	100	0	0	3.42901103761e-14	560	0.270449876785	2	-5	-0.767949192431	-5.33012701892
32	"1"	"1"	4	FALSE	-30	90	100	0	0	3.42901103761e-14	560	0.303915977478	2	-5	-0.767949192431	-5.33012701892
32	"1"	"1"	4	FALSE	-30	90	100	0	0	3.42901103761e-14	560	0.337043046951	1	0	0.866025403784	-0.5
32	"1"	"1"	4	FALSE	-30	90	100	0	0	3.42901103761e-14	560	0.370645046234	-2	22	9.26794919243	20.0525588833
32	"1"	"1"	4	FALSE	-30	90	100	0	0	3.42901103761e-14	560	0.403939962387	-7	49	18.4378221735	45.9352447854
32	"1"	"1"	4	FALSE	-30	90	100	0	0	3.42901103761e-14	560	0.437343835831	-18	84	26.4115427319	81.7461339179
32	"1"	"1"	4	FALSE	-30	90	100	0	0	3.42901103761e-14	560	0.470582962036	-38	121	27.5910346562	123.789073858
32	"1"	"1"	4	FALSE	-30	90	100	0	0	3.42901103761e-14	560	0.503931999207	-55	154	29.3686027919	160.867912183
32	"1"	"1"	4	FALSE	-30	90	100	0	0	3.42901103761e-14	560	0.537487030029	-71	185	31.0121963313	195.7146997
32	"1"	"1"	4	FALSE	-30	90	100	0	0	3.42901103761e-14	560	0.570703983307	-85	215	33.8878406783	228.695461814
32	"1"	"1"	4	FALSE	-30	90	100	0	0	3.42901103761e-14	560	0.604115962982	-98	244	37.1295104291	260.310198523
32	"1"	"1"	4	FALSE	-30	90	100	0	0	3.42901103761e-14	560	0.637437820435	-115	270	35.4070785648	291.326859022
32	"1"	"1"	4	FALSE	-30	90	100	0	0	3.42901103761e-14	560	0.670819997787	-127	286	33.0147737194	311.183265482
32	"1"	"1"	4	FALSE	-30	90	100	0	0	3.42901103761e-14	560	0.704231977463	-139	301	30.122468874	330.173646539
32	"1"	"1"	4	FALSE	-30	90	100	0	0	3.42901103761e-14	560	0.737464904785	-154	322	27.6320878172	355.860180019
32	"1"	"1"	4	FALSE	-30	90	100	0	0	3.42901103761e-14	560	0.770921945572	-164	336	25.9718337794	372.984535672
32	"1"	"1"	4	FALSE	-30	90	100	0	0	3.42901103761e-14	560	0.804260015488	-178	351	21.3474781264	392.974916728
32	"1"	"1"	4	FALSE	-30	90	100	0	0	3.42901103761e-14	560	0.837728023529	-188	362	18.1872240885	407.50119617
32	"1"	"1"	4	FALSE	-30	90	100	0	0	3.42901103761e-14	560	0.870946884155	-197	376	17.3929954545	424.125551823
32	"1"	"1"	4	FALSE	-30	90	100	0	0	3.42901103761e-14	560	0.904124975204	-208	389	14.3667160128	440.883882072
32	"1"	"1"	4	FALSE	-30	90	100	0	0	3.42901103761e-14	560	0.937773942947	-218	400	11.206461975	455.410161514
32	"1"	"1"	4	FALSE	-30	90	100	0	0	3.42901103761e-14	560	0.971035003662	-225	412	11.1442841485	469.302466359
32	"1"	"1"	4	FALSE	-30	90	100	0	0	3.42901103761e-14	560	1.00448989868	-231	422	10.9481317258	480.962720397
32	"1"	"1"	4	FALSE	-30	90	100	0	0	3.42901103761e-14	560	1.03778886795	-236	432	11.6180047069	492.122974435
32	"1"	"1"	4	FALSE	-30	90	100	0	0	3.42901103761e-14	560	1.07105898857	-240	441	12.6539030917	501.917203069
32	"1"	"1"	4	FALSE	-30	90	100	0	0	3.42901103761e-14	560	1.10443902016	-244	451	14.1898014766	512.577457107
32	"1"	"1"	4	FALSE	-30	90	100	0	0	3.42901103761e-14	560	1.13772082329	-248	458	14.2256998615	520.639634933
32	"1"	"1"	4	FALSE	-30	90	100	0	0	3.42901103761e-14	560	1.17118692398	-251	465	15.1276236501	528.20181276
32	"1"	"1"	4	FALSE	-30	90	100	0	0	3.42901103761e-14	560	1.20461797714	-255	471	14.663522035	535.397965182
32	"1"	"1"	4	FALSE	-30	90	100	0	0	3.42901103761e-14	560	1.23790788651	-257	475	14.9314712274	539.862066798
32	"1"	"1"	4	FALSE	-30	90	100	0	0	3.42901103761e-14	560	1.27138900757	-260	479	14.333395016	544.826168413
32	"1"	"1"	4	FALSE	-30	90	100	0	0	3.42901103761e-14	560	1.30461096764	-262	482	14.1013442085	548.424244624
32	"1"	"1"	4	FALSE	-30	90	100	0	0	3.42901103761e-14	560	1.33792686462	-264	485	13.8692934009	552.022320835
32	"1"	"1"	4	FALSE	-30	90	100	0	0	3.42901103761e-14	560	1.37133383751	-266	486	12.6372425933	553.888346239
32	"1"	"1"	4	FALSE	-30	90	100	0	0	3.42901103761e-14	560	1.40471696854	-268	487	11.4051917858	555.754371643
32	"1"	"1"	4	FALSE	-30	90	100	0	0	3.42901103761e-14	560	1.43806290627	-271	487	8.80711557442	557.254371643
32	"1"	"1"	4	FALSE	-30	90	100	0	0	3.42901103761e-14	560	1.47139883041	-273	487	7.07506476685	558.254371643
32	"1"	"1"	5	FALSE	-30	45	100	0	0	395.979797464	395.979797464	0.00211882591248	2	-7	-1.76794919243	-7.06217782649
32	"1"	"1"	5	FALSE	-30	45	100	0	0	395.979797464	395.979797464	0.0362818241119	2	-7	-1.76794919243	-7.06217782649
32	"1"	"1"	5	FALSE	-30	45	100	0	0	395.979797464	395.979797464	0.0695660114288	2	-7	-1.76794919243	-7.06217782649
32	"1"	"1"	5	FALSE	-30	45	100	0	0	395.979797464	395.979797464	0.102869033813	2	-7	-1.76794919243	-7.06217782649
32	"1"	"1"	5	FALSE	-30	45	100	0	0	395.979797464	395.979797464	0.136263847351	2	-7	-1.76794919243	-7.06217782649
32	"1"	"1"	5	FALSE	-30	45	100	0	0	395.979797464	395.979797464	0.169397830963	2	-7	-1.76794919243	-7.06217782649
32	"1"	"1"	5	FALSE	-30	45	100	0	0	395.979797464	395.979797464	0.203235864639	2	-7	-1.76794919243	-7.06217782649
32	"1"	"1"	5	FALSE	-30	45	100	0	0	395.979797464	395.979797464	0.236397981644	2	-7	-1.76794919243	-7.06217782649
32	"1"	"1"	5	FALSE	-30	45	100	0	0	395.979797464	395.979797464	0.269799947739	2	-4	-0.267949192431	-4.46410161514
32	"1"	"1"	5	FALSE	-30	45	100	0	0	395.979797464	395.979797464	0.302680015564	3	4	4.59807621135	1.96410161514
32	"1"	"1"	5	FALSE	-30	45	100	0	0	395.979797464	395.979797464	0.336467027664	7	22	17.0621778265	15.5525588833
32	"1"	"1"	5	FALSE	-30	45	100	0	0	395.979797464	395.979797464	0.369244813919	18	49	40.0884572681	33.4352447854
32	"1"	"1"	5	FALSE	-30	45	100	0	0	395.979797464	395.979797464	0.403357028961	29	71	60.6147367097	46.9878036687
32	"1"	"1"	5	FALSE	-30	45	100	0	0	395.979797464	395.979797464	0.436575889587	43	107	90.7390923627	71.1647182049
32	"1"	"1"	5	FALSE	-30	45	100	0	0	395.979797464	395.979797464	0.469980955124	60	135	119.461524227	86.9134295109
32	"1"	"1"	5	FALSE	-30	45	100	0	0	395.979797464	395.979797464	0.503417015076	76	164	147.817930688	104.028166221
32	"1"	"1"	5	FALSE	-30	45	100	0	0	395.979797464	395.979797464	0.536098003387	92	188	173.674337148	116.812775911
32	"1"	"1"	5	FALSE	-30	45	100	0	0	395.979797464	395.979797464	0.57013297081	104	210	195.066641994	129.865334795
32	"1"	"1"	5	FALSE	-30	45	100	0	0	395.979797464	395.979797464	0.603395938873	120	237	222.423048454	145.248020697
32	"1"	"1"	5	FALSE	-30	45	100	0	0	395.979797464	395.979797464	0.636688947678	133	261	245.681378703	159.532630388
32	"1"	"1"	5	FALSE	-30	45	100	0	0	395.979797464	395.979797464	0.669521808624	146	287	269.939708953	175.549290886
32	"1"	"1"	5	FALSE	-30	45	100	0	0	395.979797464	395.979797464	0.703548908234	154	312	289.367912183	193.199925981
32	"1"	"1"	5	FALSE	-30	45	100	0	0	395.979797464	395.979797464	0.736936807632	158	338	305.832013798	213.716586479
32	"1"	"1"	5	FALSE	-30	45	100	0	0	395.979797464	395.979797464	0.770167827606	162	362	321.296115413	232.50119617
32	"1"	"1"	5	FALSE	-30	45	100	0	0	395.979797464	395.979797464	0.80291891098	167	378	333.626242432	243.857602631
32	"1"	"1"	5	FALSE	-30	45	100	0	0	395.979797464	395.979797464	0.836396932602	169	391	341.85829324	254.11593288
32	"1"	"1"	5	FALSE	-30	45	100	0	0	395.979797464	395.979797464	0.869606971741	170	407	350.724318643	267.47233934
32	"1"	"1"	5	FALSE	-30	45	100	0	0	395.979797464	395.979797464	0.902941942215	173	421	360.322394855	278.096694993
32	"1"	"1"	5	FALSE	-30	45	100	0	0	395.979797464	395.979797464	0.936327934265	176	434	369.420471066	287.855025242
32	"1"	"1"	5	FALSE	-30	45	100	0	0	395.979797464	395.979797464	0.969779014587	178	446	377.152521874	297.247330088
32	"1"	"1"	5	FALSE	-30	45	100	0	0	395.979797464	395.979797464	1.00318384171	178	459	383.652521874	308.505660337
32	"1"	"1"	5	FALSE	-30	45	100	0	0	395.979797464	395.979797464	1.03630495071	177	468	387.28649647	316.799888971
32	"1"	"1"	5	FALSE	-30	45	100	0	0	395.979797464	395.979797464	1.06992793083	174	477	389.188420258	326.094117605
32	"1"	"1"	5	FALSE	-30	45	100	0	0	395.979797464	395.979797464	1.10328984261	172	483	390.456369451	332.290270028
32	"1"	"1"	5	FALSE	-30	45	100	0	0	395.979797464	395.979797464	1.13640189171	171	488	392.090344047	337.120397047
32	"1"	"1"	5	FALSE	-30	45	100	0	0	395.979797464	395.979797464	1.16979885101	169	493	392.85829324	342.450524066
32	"1"	"1"	5	FALSE	-30	45	100	0	0	395.979797464	395.979797464	1.20314884186	167	497	393.126242432	346.914625681
32	"1"	"1"	5	FALSE	-30	45	100	0	0	395.979797464	395.979797464	1.23646402359	166	502	394.760217028	351.7447527
32	"1"	"1"	5	FALSE	-30	45	100	0	0	395.979797464	395.979797464	1.27000999451	164	507	395.528166221	357.074879719
32	"1"	"1"	5	FALSE	-30	45	100	0	0	395.979797464	395.979797464	1.3035068512	163	512	397.162140817	361.905006738
32	"1"	"1"	5	FALSE	-30	45	100	0	0	395.979797464	395.979797464	1.33676695824	162	516	398.296115413	365.869108353
32	"1"	"1"	5	FALSE	-30	45	100	0	0	395.979797464	395.979797464	1.36988282204	161	521	399.930090009	370.699235372
32	"1"	"1"	5	FALSE	-30	45	100	0	0	395.979797464	395.979797464	1.40348100662	159	528	401.698039202	377.761413198
32	"1"	"1"	5	FALSE	-30	45	100	0	0	395.979797464	395.979797464	1.43689489365	157	532	401.965988394	382.225514813
32	"1"	"1"	5	FALSE	-30	45	100	0	0	395.979797464	395.979797464	1.47014498711	155	535	401.733937587	385.823591025
32	"1"	"1"	5	FALSE	-30	45	100	0	0	395.979797464	395.979797464	1.50355601311	153	540	402.501886779	391.153718044
32	"1"	"1"	5	FALSE	-30	45	100	0	0	395.979797464	395.979797464	1.53689289093	152	541	402.135861375	392.519743447
32	"1"	"1"	6	FALSE	-30	135	100	0	0	-395.979797464	395.979797464	0.00157189369202	1	0	0.866025403784	-0.5
32	"1"	"1"	6	FALSE	-30	135	100	0	0	-395.979797464	395.979797464	0.0356769561768	1	0	0.866025403784	-0.5
32	"1"	"1"	6	FALSE	-30	135	100	0	0	-395.979797464	395.979797464	0.0691227912903	1	0	0.866025403784	-0.5
32	"1"	"1"	6	FALSE	-30	135	100	0	0	-395.979797464	395.979797464	0.102234840393	1	0	0.866025403784	-0.5
32	"1"	"1"	6	FALSE	-30	135	100	0	0	-395.979797464	395.979797464	0.135582923889	1	0	0.866025403784	-0.5
32	"1"	"1"	6	FALSE	-30	135	100	0	0	-395.979797464	395.979797464	0.168984889984	1	0	0.866025403784	-0.5
32	"1"	"1"	6	FALSE	-30	135	100	0	0	-395.979797464	395.979797464	0.202255964279	-1	2	0.133974596216	2.23205080757
32	"1"	"1"	6	FALSE	-30	135	100	0	0	-395.979797464	395.979797464	0.235685825348	-3	4	-0.598076211353	4.96410161514
32	"1"	"1"	6	FALSE	-30	135	100	0	0	-395.979797464	395.979797464	0.26905298233	-6	9	-0.696152422707	10.7942286341
32	"1"	"1"	6	FALSE	-30	135	100	0	0	-395.979797464	395.979797464	0.302367925644	-13	15	-3.7583302492	19.4903810568
32	"1"	"1"	6	FALSE	-30	135	100	0	0	-395.979797464	395.979797464	0.335788965225	-33	19	-19.0788383249	32.9544826719
32	"1"	"1"	6	FALSE	-30	135	100	0	0	-395.979797464	395.979797464	0.369124889374	-58	21	-39.7294734195	47.1865334795
32	"1"	"1"	6	FALSE	-30	135	100	0	0	-395.979797464	395.979797464	0.402432918549	-86	26	-61.4781847255	65.5166604984
32	"1"	"1"	6	FALSE	-30	135	100	0	0	-395.979797464	395.979797464	0.435978889465	-118	38	-83.1909976466	91.9089653438
32	"1"	"1"	6	FALSE	-30	135	100	0	0	-395.979797464	395.979797464	0.469335794449	-150	50	-104.903810568	118.301270189
32	"1"	"1"	6	FALSE	-30	135	100	0	0	-395.979797464	395.979797464	0.502594947815	-188	58	-133.812775911	144.229473419
32	"1"	"1"	6	FALSE	-30	135	100	0	0	-395.979797464	395.979797464	0.535908937454	-217	65	-155.427512621	164.791651246
32	"1"	"1"	6	FALSE	-30	135	100	0	0	-395.979797464	395.979797464	0.569294929504	-255	74	-183.836477965	191.58587988
32	"1"	"1"	6	FALSE	-30	135	100	0	0	-395.979797464	395.979797464	0.602559804916	-291	83	-210.513392501	217.380108514
32	"1"	"1"	6	FALSE	-30	135	100	0	0	-395.979797464	395.979797464	0.63617181778	-324	92	-234.592230826	241.674337148
32	"1"	"1"	6	FALSE	-30	135	100	0	0	-395.979797464	395.979797464	0.669495820999	-355	100	-257.439018343	264.102540378
32	"1"	"1"	6	FALSE	-30	135	100	0	0	-395.979797464	395.979797464	0.702726840973	-381	107	-276.455678842	283.164718205
32	"1"	"1"	6	FALSE	-30	135	100	0	0	-395.979797464	395.979797464	0.736084938049	-408	114	-296.338364744	302.726896031
32	"1"	"1"	6	FALSE	-30	135	100	0	0	-395.979797464	395.979797464	0.769466876984	-431	120	-313.256949031	319.423048454
32	"1"	"1"	6	FALSE	-30	135	100	0	0	-395.979797464	395.979797464	0.802719831467	-450	125	-327.211431703	333.253175473
32	"1"	"1"	6	FALSE	-30	135	100	0	0	-395.979797464	395.979797464	0.836064815521	-466	131	-338.067838164	346.449327896
32	"1"	"1"	6	FALSE	-30	135	100	0	0	-395.979797464	395.979797464	0.869508981705	-487	140	-351.754371643	364.74355653
32	"1"	"1"	6	FALSE	-30	135	100	0	0	-395.979797464	395.979797464	0.902800798416	-501	144	-361.878727296	375.207658145
32	"1"	"1"	6	FALSE	-30	135	100	0	0	-395.979797464	395.979797464	0.936141014099	-513	148	-370.271032141	384.67175976
32	"1"	"1"	6	FALSE	-30	135	100	0	0	-395.979797464	395.979797464	0.96959900856	-523	151	-377.431286179	392.269835971
32	"1"	"1"	6	FALSE	-30	135	100	0	0	-395.979797464	395.979797464	1.0029528141	-531	153	-383.35948941	398.001886779
32	"1"	"1"	6	FALSE	-30	135	100	0	0	-395.979797464	395.979797464	1.03621101379	-534	154	-385.457565621	400.367912183
32	"1"	"1"	6	FALSE	-30	135	100	0	0	-395.979797464	395.979797464	1.06966900826	-537	155	-387.555641832	402.733937587
32	"1"	"1"	7	FALSE	-30	135	100	0	0	-395.979797464	395.979797464	0.00175285339355	-3	-2	-3.59807621135	-0.232050807569
32	"1"	"1"	7	FALSE	-30	135	100	0	0	-395.979797464	395.979797464	0.0361239910126	-3	-3	-4.09807621135	-1.09807621135
32	"1"	"1"	7	FALSE	-30	135	100	0	0	-395.979797464	395.979797464	0.0694499015808	-3	-3	-4.09807621135	-1.09807621135
32	"1"	"1"	7	FALSE	-30	135	100	0	0	-395.979797464	395.979797464	0.102607011795	-3	-3	-4.09807621135	-1.09807621135
32	"1"	"1"	7	FALSE	-30	135	100	0	0	-395.979797464	395.979797464	0.135932922363	-3	-3	-4.09807621135	-1.09807621135
32	"1"	"1"	7	FALSE	-30	135	100	0	0	-395.979797464	395.979797464	0.169272899628	-3	-3	-4.09807621135	-1.09807621135
32	"1"	"1"	7	FALSE	-30	135	100	0	0	-395.979797464	395.979797464	0.202613830566	-3	-3	-4.09807621135	-1.09807621135
32	"1"	"1"	7	FALSE	-30	135	100	0	0	-395.979797464	395.979797464	0.236070871353	-3	-3	-4.09807621135	-1.09807621135
32	"1"	"1"	7	FALSE	-30	135	100	0	0	-395.979797464	395.979797464	0.269411802292	-3	-3	-4.09807621135	-1.09807621135
32	"1"	"1"	7	FALSE	-30	135	100	0	0	-395.979797464	395.979797464	0.302803993225	-3	-2	-3.59807621135	-0.232050807569
32	"1"	"1"	7	FALSE	-30	135	100	0	0	-395.979797464	395.979797464	0.336176872253	-5	-1	-4.83012701892	1.63397459622
32	"1"	"1"	7	FALSE	-30	135	100	0	0	-395.979797464	395.979797464	0.369508981705	-14	3	-10.624355653	9.59807621135
32	"1"	"1"	7	FALSE	-30	135	100	0	0	-395.979797464	395.979797464	0.402908802032	-28	10	-19.248711306	22.6602540378
32	"1"	"1"	7	FALSE	-30	135	100	0	0	-395.979797464	395.979797464	0.436154842377	-46	17	-31.3371685741	37.7224318643
32	"1"	"1"	7	FALSE	-30	135	100	0	0	-395.979797464	395.979797464	0.469787836075	-73	25	-50.7198544763	58.1506350946
32	"1"	"1"	7	FALSE	-30	135	100	0	0	-395.979797464	395.979797464	0.503103971481	-104	33	-73.5666419936	80.5788383249
32	"1"	"1"	7	FALSE	-30	135	100	0	0	-395.979797464	395.979797464	0.536231994629	-133	38	-96.1813787033	99.4089653438
32	"1"	"1"	7	FALSE	-30	135	100	0	0	-395.979797464	395.979797464	0.569839954376	-166	44	-121.760217028	121.105117767
32	"1"	"1"	7	FALSE	-30	135	100	0	0	-395.979797464	395.979797464	0.603170871735	-200	51	-147.705080757	144.167295593
32	"1"	"1"	7	FALSE	-30	135	100	0	0	-395.979797464	395.979797464	0.636317014694	-230	59	-169.68584287	166.095498823
32	"1"	"1"	7	FALSE	-30	135	100	0	0	-395.979797464	395.979797464	0.669749975204	-264	66	-195.630706599	189.15767665
32	"1"	"1"	7	FALSE	-30	135	100	0	0	-395.979797464	395.979797464	0.703116893768	-298	72	-222.075570328	211.353829072
32	"1"	"1"	7	FALSE	-30	135	100	0	0	-395.979797464	395.979797464	0.736476898193	-330	79	-246.288383249	233.416006899
32	"1"	"1"	7	FALSE	-30	135	100	0	0	-395.979797464	395.979797464	0.769981861115	-356	86	-265.305043747	252.478184725
32	"1"	"1"	7	FALSE	-30	135	100	0	0	-395.979797464	395.979797464	0.803183794022	-383	95	-284.187729649	273.77241336
32	"1"	"1"	7	FALSE	-30	135	100	0	0	-395.979797464	395.979797464	0.836466789246	-408	105	-300.838364744	294.932667397
32	"1"	"1"	7	FALSE	-30	135	100	0	0	-395.979797464	395.979797464	0.86993598938	-427	112	-313.792847416	310.494845224
32	"1"	"1"	7	FALSE	-30	135	100	0	0	-395.979797464	395.979797464	0.90326499939	-446	117	-327.747330088	324.324972243
32	"1"	"1"	7	FALSE	-30	135	100	0	0	-395.979797464	395.979797464	0.936539888382	-460	122	-337.371685741	335.655099262
32	"1"	"1"	7	FALSE	-30	135	100	0	0	-395.979797464	395.979797464	0.969914913177	-474	128	-346.496041394	347.851251684
32	"1"	"1"	7	FALSE	-30	135	100	0	0	-395.979797464	395.979797464	1.00325798988	-484	133	-352.656295432	357.181378703
32	"1"	"1"	7	FALSE	-30	135	100	0	0	-395.979797464	395.979797464	1.03662490845	-493	139	-357.450524066	366.877531126
32	"1"	"1"	7	FALSE	-30	135	100	0	0	-395.979797464	395.979797464	1.07000088692	-501	143	-362.378727296	374.341632741
32	"1"	"1"	7	FALSE	-30	135	100	0	0	-395.979797464	395.979797464	1.1033308506	-507	145	-366.574879719	379.073683549
32	"1"	"1"	7	FALSE	-30	135	100	0	0	-395.979797464	395.979797464	1.13671278954	-511	147	-369.038981334	382.805734356
32	"1"	"1"	7	FALSE	-30	135	100	0	0	-395.979797464	395.979797464	1.17006587982	-515	148	-372.003082949	385.67175976
32	"1"	"1"	7	FALSE	-30	135	100	0	0	-395.979797464	395.979797464	1.20357394218	-517	149	-373.235133757	387.537785164
32	"1"	"1"	7	FALSE	-30	135	100	0	0	-395.979797464	395.979797464	1.23712182045	-519	149	-374.967184564	388.537785164
32	"1"	"1"	7	FALSE	-30	135	100	0	0	-395.979797464	395.979797464	1.27033782005	-521	148	-377.199235372	388.67175976
32	"1"	"1"	7	FALSE	-30	135	100	0	0	-395.979797464	395.979797464	1.30375099182	-523	148	-378.931286179	389.67175976
32	"1"	"1"	7	FALSE	-30	135	100	0	0	-395.979797464	395.979797464	1.33696484566	-525	147	-381.163336987	389.805734356
32	"1"	"1"	7	FALSE	-30	135	100	0	0	-395.979797464	395.979797464	1.37021994591	-528	147	-383.761413198	391.305734356
32	"1"	"1"	7	FALSE	-30	135	100	0	0	-395.979797464	395.979797464	1.40382194519	-532	146	-387.725514813	392.439708953
32	"1"	"1"	7	FALSE	-30	135	100	0	0	-395.979797464	395.979797464	1.43714594841	-533	145	-389.091540217	392.073683549
32	"1"	"1"	7	FALSE	-30	135	100	0	0	-395.979797464	395.979797464	1.47029495239	-535	145	-390.823591025	393.073683549
32	"1"	"1"	8	FALSE	-30	45	100	0	0	395.979797464	395.979797464	0.00205707550049	1	0	0.866025403784	-0.5
32	"1"	"1"	8	FALSE	-30	45	100	0	0	395.979797464	395.979797464	0.0365030765533	1	0	0.866025403784	-0.5
32	"1"	"1"	8	FALSE	-30	45	100	0	0	395.979797464	395.979797464	0.0698261260986	1	0	0.866025403784	-0.5
32	"1"	"1"	8	FALSE	-30	45	100	0	0	395.979797464	395.979797464	0.103184938431	1	0	0.866025403784	-0.5
32	"1"	"1"	8	FALSE	-30	45	100	0	0	395.979797464	395.979797464	0.136121034622	1	0	0.866025403784	-0.5
32	"1"	"1"	8	FALSE	-30	45	100	0	0	395.979797464	395.979797464	0.169905900955	1	0	0.866025403784	-0.5
32	"1"	"1"	8	FALSE	-30	45	100	0	0	395.979797464	395.979797464	0.20321893692	1	0	0.866025403784	-0.5
32	"1"	"1"	8	FALSE	-30	45	100	0	0	395.979797464	395.979797464	0.236112117767	1	0	0.866025403784	-0.5
32	"1"	"1"	8	FALSE	-30	45	100	0	0	395.979797464	395.979797464	0.269778013229	1	0	0.866025403784	-0.5
32	"1"	"1"	8	FALSE	-30	45	100	0	0	395.979797464	395.979797464	0.303431034088	1	0	0.866025403784	-0.5
32	"1"	"1"	8	FALSE	-30	45	100	0	0	395.979797464	395.979797464	0.336764097214	1	0	0.866025403784	-0.5
32	"1"	"1"	8	FALSE	-30	45	100	0	0	395.979797464	395.979797464	0.370125055313	3	2	3.59807621135	0.232050807569
32	"1"	"1"	8	FALSE	-30	45	100	0	0	395.979797464	395.979797464	0.403502941132	7	13	12.5621778265	7.7583302492
32	"1"	"1"	8	FALSE	-30	45	100	0	0	395.979797464	395.979797464	0.436157941818	12	29	24.8923048454	19.1147367097
32	"1"	"1"	8	FALSE	-30	45	100	0	0	395.979797464	395.979797464	0.470251083374	15	46	35.9903810568	32.3371685741
32	"1"	"1"	8	FALSE	-30	45	100	0	0	395.979797464	395.979797464	0.503489017487	20	70	52.3205080757	50.6217782649
32	"1"	"1"	8	FALSE	-30	45	100	0	0	395.979797464	395.979797464	0.536782026291	27	99	72.8826859022	72.2365149747
32	"1"	"1"	8	FALSE	-30	45	100	0	0	395.979797464	395.979797464	0.570245027542	36	121	91.6769145362	86.7890738579
32	"1"	"1"	8	FALSE	-30	45	100	0	0	395.979797464	395.979797464	0.603672027588	41	133	102.007041555	94.6813787033
32	"1"	"1"	8	FALSE	-30	45	100	0	0	395.979797464	395.979797464	0.637054920197	47	150	115.703193978	106.403810568
32	"1"	"1"	8	FALSE	-30	45	100	0	0	395.979797464	395.979797464	0.670295000076	56	172	134.497422612	120.956369451
32	"1"	"1"	8	FALSE	-30	45	100	0	0	395.979797464	395.979797464	0.703532934189	66	195	154.65767665	135.874953738
32	"1"	"1"	8	FALSE	-30	45	100	0	0	395.979797464	395.979797464	0.736361980438	75	216	172.951905284	149.561487217
32	"1"	"1"	8	FALSE	-30	45	100	0	0	395.979797464	395.979797464	0.770453929901	82	237	189.51408311	164.248020697
32	"1"	"1"	8	FALSE	-30	45	100	0	0	395.979797464	395.979797464	0.803738117218	88	258	205.210235533	179.434554176
32	"1"	"1"	8	FALSE	-30	45	100	0	0	395.979797464	395.979797464	0.837095022202	93	281	221.040362552	196.853138463
32	"1"	"1"	8	FALSE	-30	45	100	0	0	395.979797464	395.979797464	0.870469093323	97	306	237.004464167	216.503773558
32	"1"	"1"	8	FALSE	-30	45	100	0	0	395.979797464	395.979797464	0.903818130493	105	334	257.932667397	236.752484864
32	"1"	"1"	8	FALSE	-30	45	100	0	0	395.979797464	395.979797464	0.937282085419	112	348	270.994845224	245.376840517
32	"1"	"1"	8	FALSE	-30	45	100	0	0	395.979797464	395.979797464	0.970457077026	122	373	292.155099262	262.027475612
32	"1"	"1"	8	FALSE	-30	45	100	0	0	395.979797464	395.979797464	1.00400209427	128	390	305.851251684	273.749907476
32	"1"	"1"	8	FALSE	-30	45	100	0	0	395.979797464	395.979797464	1.0373570919	133	405	317.681378703	284.240288533
32	"1"	"1"	8	FALSE	-30	45	100	0	0	395.979797464	395.979797464	1.07050299644	137	423	330.145480318	297.828745801
32	"1"	"1"	8	FALSE	-30	45	100	0	0	395.979797464	395.979797464	1.10397911072	141	439	341.609581934	309.685152261
32	"1"	"1"	8	FALSE	-30	45	100	0	0	395.979797464	395.979797464	1.13750505447	146	452	352.439708953	318.443482511
32	"1"	"1"	8	FALSE	-30	45	100	0	0	395.979797464	395.979797464	1.17074394226	150	462	360.903810568	325.103736548
32	"1"	"1"	8	FALSE	-30	45	100	0	0	395.979797464	395.979797464	1.20400094986	152	473	368.135861375	333.63001599
32	"1"	"1"	8	FALSE	-30	45	100	0	0	395.979797464	395.979797464	1.23731207848	152	486	374.635861375	344.888346239
32	"1"	"1"	8	FALSE	-30	45	100	0	0	395.979797464	395.979797464	1.27065396309	152	498	380.635861375	355.280651085
32	"1"	"1"	8	FALSE	-30	45	100	0	0	395.979797464	395.979797464	1.30421304703	152	508	385.635861375	363.940905122
32	"1"	"1"	8	FALSE	-30	45	100	0	0	395.979797464	395.979797464	1.3376429081	151	515	388.269835971	370.503082949
32	"1"	"1"	8	FALSE	-30	45	100	0	0	395.979797464	395.979797464	1.37073302269	150	518	388.903810568	373.60115916
32	"1"	"1"	8	FALSE	-30	45	100	0	0	395.979797464	395.979797464	1.40430498123	149	520	389.037785164	375.833209968
32	"1"	"1"	8	FALSE	-30	45	100	0	0	395.979797464	395.979797464	1.43765306473	148	524	390.17175976	379.797311583
32	"1"	"1"	8	FALSE	-30	45	100	0	0	395.979797464	395.979797464	1.47089600563	147	527	390.805734356	382.895387794
32	"1"	"1"	8	FALSE	-30	45	100	0	0	395.979797464	395.979797464	1.50437712669	147	527	390.805734356	382.895387794
32	"1"	"1"	8	FALSE	-30	45	100	0	0	395.979797464	395.979797464	1.53711891174	147	527	390.805734356	382.895387794
32	"1"	"1"	9	FALSE	-30	90	100	0	0	3.42901103761e-14	560	0.00168180465698	2	-4	-0.267949192431	-4.46410161514
32	"1"	"1"	9	FALSE	-30	90	100	0	0	3.42901103761e-14	560	0.0368299484253	2	-4	-0.267949192431	-4.46410161514
32	"1"	"1"	9	FALSE	-30	90	100	0	0	3.42901103761e-14	560	0.0702459812164	2	-4	-0.267949192431	-4.46410161514
32	"1"	"1"	9	FALSE	-30	90	100	0	0	3.42901103761e-14	560	0.103648900986	2	-4	-0.267949192431	-4.46410161514
32	"1"	"1"	9	FALSE	-30	90	100	0	0	3.42901103761e-14	560	0.136893987656	2	-4	-0.267949192431	-4.46410161514
32	"1"	"1"	9	FALSE	-30	90	100	0	0	3.42901103761e-14	560	0.170011997223	2	-4	-0.267949192431	-4.46410161514
32	"1"	"1"	9	FALSE	-30	90	100	0	0	3.42901103761e-14	560	0.203668832779	2	-4	-0.267949192431	-4.46410161514
32	"1"	"1"	9	FALSE	-30	90	100	0	0	3.42901103761e-14	560	0.236887931824	2	-4	-0.267949192431	-4.46410161514
32	"1"	"1"	9	FALSE	-30	90	100	0	0	3.42901103761e-14	560	0.27034497261	1	-4	-1.13397459622	-3.96410161514
32	"1"	"1"	9	FALSE	-30	90	100	0	0	3.42901103761e-14	560	0.3037109375	0	-3	-1.5	-2.59807621135
32	"1"	"1"	9	FALSE	-30	90	100	0	0	3.42901103761e-14	560	0.336959838867	-7	8	-2.06217782649	10.4282032303
32	"1"	"1"	9	FALSE	-30	90	100	0	0	3.42901103761e-14	560	0.370257854462	-18	44	6.41154273188	47.1051177665
32	"1"	"1"	9	FALSE	-30	90	100	0	0	3.42901103761e-14	560	0.403087854385	-25	78	17.3493649054	80.0499814952
32	"1"	"1"	9	FALSE	-30	90	100	0	0	3.42901103761e-14	560	0.4371509552	-42	119	23.1269330411	124.05702305
32	"1"	"1"	9	FALSE	-30	90	100	0	0	3.42901103761e-14	560	0.470567941666	-57	143	22.1365519843	152.341632741
32	"1"	"1"	9	FALSE	-30	90	100	0	0	3.42901103761e-14	560	0.503412008286	-69	166	23.2442471389	178.260217028
32	"1"	"1"	9	FALSE	-30	90	100	0	0	3.42901103761e-14	560	0.536562919617	-77	193	29.8160439086	205.64290293
32	"1"	"1"	9	FALSE	-30	90	100	0	0	3.42901103761e-14	560	0.570051908493	-87	217	33.1557898708	231.427512621
32	"1"	"1"	9	FALSE	-30	90	100	0	0	3.42901103761e-14	560	0.603933811188	-101	244	34.5314342178	261.810198523
32	"1"	"1"	9	FALSE	-30	90	100	0	0	3.42901103761e-14	560	0.637343883514	-115	266	33.4070785648	287.862757407
32	"1"	"1"	9	FALSE	-30	90	100	0	0	3.42901103761e-14	560	0.67064499855	-128	301	39.6487483156	324.673646539
32	"1"	"1"	9	FALSE	-30	90	100	0	0	3.42901103761e-14	560	0.703847885132	-140	333	45.2564434702	358.38645946
32	"1"	"1"	9	FALSE	-30	90	100	0	0	3.42901103761e-14	560	0.737427949905	-156	357	43.4000370096	387.171069151
32	"1"	"1"	9	FALSE	-30	90	100	0	0	3.42901103761e-14	560	0.770733833313	-171	372	37.9096559529	407.661450208
32	"1"	"1"	9	FALSE	-30	90	100	0	0	3.42901103761e-14	560	0.804076910019	-185	387	33.2853002999	427.651831265
32	"1"	"1"	9	FALSE	-30	90	100	0	0	3.42901103761e-14	560	0.837502002716	-198	404	30.5269700507	448.874263129
32	"1"	"1"	9	FALSE	-30	90	100	0	0	3.42901103761e-14	560	0.870798826218	-210	419	27.6346652053	467.864644186
32	"1"	"1"	9	FALSE	-30	90	100	0	0	3.42901103761e-14	560	0.904191017151	-218	431	26.706461975	482.256949031
32	"1"	"1"	9	FALSE	-30	90	100	0	0	3.42901103761e-14	560	0.937554836273	-226	441	24.7782587447	494.917203069
32	"1"	"1"	9	FALSE	-30	90	100	0	0	3.42901103761e-14	560	0.970876932144	-233	449	22.7160809182	505.345406299
32	"1"	"1"	9	FALSE	-30	90	100	0	0	3.42901103761e-14	560	1.00424981117	-238	459	23.3859538993	516.505660337
32	"1"	"1"	9	FALSE	-30	90	100	0	0	3.42901103761e-14	560	1.03763985634	-243	468	23.5558268804	526.799888971
32	"1"	"1"	9	FALSE	-30	90	100	0	0	3.42901103761e-14	560	1.07097196579	-248	475	22.7256998615	535.362066798
32	"1"	"1"	9	FALSE	-30	90	100	0	0	3.42901103761e-14	560	1.10438585281	-253	480	20.8955728425	542.192193817
32	"1"	"1"	9	FALSE	-30	90	100	0	0	3.42901103761e-14	560	1.1376748085	-257	483	18.9314712274	546.790270028
32	"1"	"1"	9	FALSE	-30	90	100	0	0	3.42901103761e-14	560	1.17105579376	-261	485	16.4673696123	550.522320835
32	"1"	"1"	9	FALSE	-30	90	100	0	0	3.42901103761e-14	560	1.20442390442	-265	486	13.5032679971	553.388346239
32	"1"	"1"	9	FALSE	-30	90	100	0	0	3.42901103761e-14	560	1.23776102066	-268	487	11.4051917858	555.754371643
32	"1"	"1"	9	FALSE	-30	90	100	0	0	3.42901103761e-14	560	1.27102088928	-271	486	8.30711557442	556.388346239
32	"1"	"1"	9	FALSE	-30	90	100	0	0	3.42901103761e-14	560	1.30451393127	-273	486	6.57506476685	557.388346239
32	"1"	"1"	9	FALSE	-30	90	100	0	0	3.42901103761e-14	560	1.33777189255	-275	486	4.84301395928	558.388346239
32	"1"	"1"	10	FALSE	-30	90	100	0	0	3.42901103761e-14	560	0.00229597091675	0	6	3	5.19615242271
32	"1"	"1"	10	FALSE	-30	90	100	0	0	3.42901103761e-14	560	0.0365989208221	1	5	3.36602540378	3.83012701892
32	"1"	"1"	10	FALSE	-30	90	100	0	0	3.42901103761e-14	560	0.0699129104614	2	3	3.23205080757	1.59807621135
32	"1"	"1"	10	FALSE	-30	90	100	0	0	3.42901103761e-14	560	0.10321688652	3	1	3.09807621135	-0.633974596216
32	"1"	"1"	10	FALSE	-30	90	100	0	0	3.42901103761e-14	560	0.136487960815	4	1	3.96410161514	-1.13397459622
32	"1"	"1"	10	FALSE	-30	90	100	0	0	3.42901103761e-14	560	0.169496059418	4	1	3.96410161514	-1.13397459622
32	"1"	"1"	10	FALSE	-30	90	100	0	0	3.42901103761e-14	560	0.203376054764	4	1	3.96410161514	-1.13397459622
32	"1"	"1"	10	FALSE	-30	90	100	0	0	3.42901103761e-14	560	0.236711025238	4	0	3.46410161514	-2
32	"1"	"1"	10	FALSE	-30	90	100	0	0	3.42901103761e-14	560	0.270040988922	4	0	3.46410161514	-2
32	"1"	"1"	10	FALSE	-30	90	100	0	0	3.42901103761e-14	560	0.303387880325	1	4	2.86602540378	2.96410161514
32	"1"	"1"	10	FALSE	-30	90	100	0	0	3.42901103761e-14	560	0.336827039719	-10	29	5.83974596216	30.1147367097
32	"1"	"1"	10	FALSE	-30	90	100	0	0	3.42901103761e-14	560	0.369615077972	-21	53	8.31346652053	56.3993464006
32	"1"	"1"	10	FALSE	-30	90	100	0	0	3.42901103761e-14	560	0.403182029724	-33	73	7.92116167511	79.7198544763
32	"1"	"1"	10	FALSE	-30	90	100	0	0	3.42901103761e-14	560	0.436864852905	-51	105	8.33270440699	116.432667397
32	"1"	"1"	10	FALSE	-30	90	100	0	0	3.42901103761e-14	560	0.470149040222	-67	136	9.97629794644	151.279454915
32	"1"	"1"	10	FALSE	-30	90	100	0	0	3.42901103761e-14	560	0.503452062607	-75	155	12.5480947162	171.733937587
32	"1"	"1"	10	FALSE	-30	90	100	0	0	3.42901103761e-14	560	0.536269903183	-86	185	18.0218152745	203.2146997
32	"1"	"1"	10	FALSE	-30	90	100	0	0	3.42901103761e-14	560	0.570307016373	-100	218	22.3974596216	238.793538025
32	"1"	"1"	10	FALSE	-30	90	100	0	0	3.42901103761e-14	560	0.603739023209	-118	246	20.8090023534	272.042249331
32	"1"	"1"	10	FALSE	-30	90	100	0	0	3.42901103761e-14	560	0.63644695282	-130	270	22.416697508	298.826859022
32	"1"	"1"	10	FALSE	-30	90	100	0	0	3.42901103761e-14	560	0.670420885086	-142	302	28.0243926626	332.539671943
32	"1"	"1"	10	FALSE	-30	90	100	0	0	3.42901103761e-14	560	0.703799009323	-157	328	28.0340116058	362.556332441
32	"1"	"1"	10	FALSE	-30	90	100	0	0	3.42901103761e-14	560	0.737036943436	-174	345	21.8115797415	385.778764306
32	"1"	"1"	10	FALSE	-30	90	100	0	0	3.42901103761e-14	560	0.770305871964	-191	367	18.0891478772	413.331323189
32	"1"	"1"	10	FALSE	-30	90	100	0	0	3.42901103761e-14	560	0.803683996201	-201	384	17.9288938393	433.053755053
32	"1"	"1"	10	FALSE	-30	90	100	0	0	3.42901103761e-14	560	0.837194919586	-210	397	16.6346652053	448.812085302
32	"1"	"1"	10	FALSE	-30	90	100	0	0	3.42901103761e-14	560	0.870522975922	-223	415	14.3763349561	470.900542571
32	"1"	"1"	10	FALSE	-30	90	100	0	0	3.42901103761e-14	560	0.903733968735	-235	430	11.4840301107	489.890923627
32	"1"	"1"	10	FALSE	-30	90	100	0	0	3.42901103761e-14	560	0.937237977982	-242	441	10.9218522842	502.917203069
32	"1"	"1"	10	FALSE	-30	90	100	0	0	3.42901103761e-14	560	0.970574855804	-246	451	12.457750669	513.577457107
32	"1"	"1"	10	FALSE	-30	90	100	0	0	3.42901103761e-14	560	1.00408291817	-251	462	13.6276236501	525.603736548
32	"1"	"1"	10	FALSE	-30	90	100	0	0	3.42901103761e-14	560	1.03733491898	-257	470	12.4314712274	535.531939779
32	"1"	"1"	10	FALSE	-30	90	100	0	0	3.42901103761e-14	560	1.0706808567	-261	475	11.4673696123	541.862066798
32	"1"	"1"	10	FALSE	-30	90	100	0	0	3.42901103761e-14	560	1.10378694534	-265	479	10.0032679971	547.326168413
32	"1"	"1"	10	FALSE	-30	90	100	0	0	3.42901103761e-14	560	1.13735198975	-267	483	10.2712171896	551.790270028
32	"1"	"1"	10	FALSE	-30	90	100	0	0	3.42901103761e-14	560	1.17086696625	-271	487	8.80711557442	557.254371643
32	"1"	"1"	10	FALSE	-30	90	100	0	0	3.42901103761e-14	560	1.20413899422	-273	489	8.07506476685	559.986422451
32	"1"	"1"	10	FALSE	-30	90	100	0	0	3.42901103761e-14	560	1.23745203018	-275	491	7.34301395928	562.718473258
32	"1"	"1"	11	FALSE	-30	45	100	0	0	395.979797464	395.979797464	0.00205588340759	-2	-2	-2.73205080757	-0.732050807569
32	"1"	"1"	11	FALSE	-30	45	100	0	0	395.979797464	395.979797464	0.0366978645325	-2	-2	-2.73205080757	-0.732050807569
32	"1"	"1"	11	FALSE	-30	45	100	0	0	395.979797464	395.979797464	0.0699079036713	-2	-2	-2.73205080757	-0.732050807569
32	"1"	"1"	11	FALSE	-30	45	100	0	0	395.979797464	395.979797464	0.103332042694	-2	-2	-2.73205080757	-0.732050807569
32	"1"	"1"	11	FALSE	-30	45	100	0	0	395.979797464	395.979797464	0.136688947678	-2	-2	-2.73205080757	-0.732050807569
32	"1"	"1"	11	FALSE	-30	45	100	0	0	395.979797464	395.979797464	0.170076847076	-2	-1	-2.23205080757	0.133974596216
32	"1"	"1"	11	FALSE	-30	45	100	0	0	395.979797464	395.979797464	0.203299045563	-3	-1	-3.09807621135	0.633974596216
32	"1"	"1"	11	FALSE	-30	45	100	0	0	395.979797464	395.979797464	0.236665010452	-5	1	-3.83012701892	3.36602540378
32	"1"	"1"	11	FALSE	-30	45	100	0	0	395.979797464	395.979797464	0.270169973373	-6	5	-2.69615242271	7.33012701892
32	"1"	"1"	11	FALSE	-30	45	100	0	0	395.979797464	395.979797464	0.303531885147	-3	25	9.90192378865	23.1506350946
32	"1"	"1"	11	FALSE	-30	45	100	0	0	395.979797464	395.979797464	0.336598873138	4	53	29.9641016151	43.8993464006
32	"1"	"1"	11	FALSE	-30	45	100	0	0	395.979797464	395.979797464	0.370256900787	13	83	52.7583302492	65.3801085141
32	"1"	"1"	11	FALSE	-30	45	100	0	0	395.979797464	395.979797464	0.403560876846	22	120	79.0525588833	92.9230484541
32	"1"	"1"	11	FALSE	-30	45	100	0	0	395.979797464	395.979797464	0.436362028122	31	158	105.846787517	121.332013798
32	"1"	"1"	11	FALSE	-30	45	100	0	0	395.979797464	395.979797464	0.470309972763	41	198	134.507041555	150.973029949
32	"1"	"1"	11	FALSE	-30	45	100	0	0	395.979797464	395.979797464	0.503568887711	51	239	163.667295593	181.480071504
32	"1"	"1"	11	FALSE	-30	45	100	0	0	395.979797464	395.979797464	0.536659955978	67	285	200.523702054	213.317240079
32	"1"	"1"	11	FALSE	-30	45	100	0	0	395.979797464	395.979797464	0.569658041	81	318	229.148057707	234.896078403
32	"1"	"1"	11	FALSE	-30	45	100	0	0	395.979797464	395.979797464	0.603054046631	94	346	254.406387956	252.644789709
32	"1"	"1"	11	FALSE	-30	45	100	0	0	395.979797464	395.979797464	0.637058973312	104	373	276.566641994	271.027475612
32	"1"	"1"	11	FALSE	-30	45	100	0	0	395.979797464	395.979797464	0.670333862305	114	396	296.726896031	285.946059899
32	"1"	"1"	11	FALSE	-30	45	100	0	0	395.979797464	395.979797464	0.703874826431	118	412	308.190997647	297.802466359
32	"1"	"1"	11	FALSE	-30	45	100	0	0	395.979797464	395.979797464	0.737143039703	122	424	317.655099262	306.194771205
32	"1"	"1"	11	FALSE	-30	45	100	0	0	395.979797464	395.979797464	0.770015001297	129	435	329.217277088	312.221050646
32	"1"	"1"	11	FALSE	-30	45	100	0	0	395.979797464	395.979797464	0.803870916367	137	448	342.645480318	319.479380895
32	"1"	"1"	11	FALSE	-30	45	100	0	0	395.979797464	395.979797464	0.8371489048	140	462	352.24355653	330.103736548
32	"1"	"1"	11	FALSE	-30	45	100	0	0	395.979797464	395.979797464	0.86997294426	143	479	363.341632741	343.326168413
32	"1"	"1"	11	FALSE	-30	45	100	0	0	395.979797464	395.979797464	0.903833866119	149	493	375.537785164	352.450524066
32	"1"	"1"	11	FALSE	-30	45	100	0	0	395.979797464	395.979797464	0.937273979187	153	506	385.501886779	361.708854315
32	"1"	"1"	11	FALSE	-30	45	100	0	0	395.979797464	395.979797464	0.969990968704	155	518	393.233937587	371.10115916
32	"1"	"1"	11	FALSE	-30	45	100	0	0	395.979797464	395.979797464	1.00407505035	156	529	399.59996299	380.127438602
32	"1"	"1"	11	FALSE	-30	45	100	0	0	395.979797464	395.979797464	1.03744292259	156	539	404.59996299	388.78769264
32	"1"	"1"	11	FALSE	-30	45	100	0	0	395.979797464	395.979797464	1.07012200356	154	544	405.367912183	394.117819659
32	"1"	"1"	12	FALSE	-30	135	100	0	0	-395.979797464	395.979797464	0.0022611618042	-1	-2	-1.86602540378	-1.23205080757
32	"1"	"1"	12	FALSE	-30	135	100	0	0	-395.979797464	395.979797464	0.0358719825745	-1	-2	-1.86602540378	-1.23205080757
32	"1"	"1"	12	FALSE	-30	135	100	0	0	-395.979797464	395.979797464	0.0693011283875	0	-2	-1	-1.73205080757
32	"1"	"1"	12	FALSE	-30	135	100	0	0	-395.979797464	395.979797464	0.102632045746	0	-2	-1	-1.73205080757
32	"1"	"1"	12	FALSE	-30	135	100	0	0	-395.979797464	395.979797464	0.135964155197	0	-2	-1	-1.73205080757
32	"1"	"1"	12	FALSE	-30	135	100	0	0	-395.979797464	395.979797464	0.169231176376	0	-2	-1	-1.73205080757
32	"1"	"1"	12	FALSE	-30	135	100	0	0	-395.979797464	395.979797464	0.202586174011	0	-2	-1	-1.73205080757
32	"1"	"1"	12	FALSE	-30	135	100	0	0	-395.979797464	395.979797464	0.236076116562	0	-2	-1	-1.73205080757
32	"1"	"1"	12	FALSE	-30	135	100	0	0	-395.979797464	395.979797464	0.269402980804	-2	-1	-2.23205080757	0.133974596216
32	"1"	"1"	12	FALSE	-30	135	100	0	0	-395.979797464	395.979797464	0.302802085876	-9	2	-6.79422863406	6.23205080757
32	"1"	"1"	12	FALSE	-30	135	100	0	0	-395.979797464	395.979797464	0.336162090302	-21	8	-14.1865334795	17.4282032303
32	"1"	"1"	12	FALSE	-30	135	100	0	0	-395.979797464	395.979797464	0.369462966919	-47	18	-31.7031939779	39.0884572681
32	"1"	"1"	12	FALSE	-30	135	100	0	0	-395.979797464	395.979797464	0.402829170227	-74	26	-51.08587988	59.5166604984
32	"1"	"1"	12	FALSE	-30	135	100	0	0	-395.979797464	395.979797464	0.436177968979	-98	36	-66.8704895709	80.1769145362
32	"1"	"1"	12	FALSE	-30	135	100	0	0	-395.979797464	395.979797464	0.469587087631	-130	52	-86.583302492	110.033320997
32	"1"	"1"	12	FALSE	-30	135	100	0	0	-395.979797464	395.979797464	0.50279211998	-164	62	-111.028166221	135.693575035
32	"1"	"1"	12	FALSE	-30	135	100	0	0	-395.979797464	395.979797464	0.536426067352	-197	66	-137.607004546	155.65767665
32	"1"	"1"	12	FALSE	-30	135	100	0	0	-395.979797464	395.979797464	0.569653987885	-225	73	-158.355715851	175.719854476
32	"1"	"1"	12	FALSE	-30	135	100	0	0	-395.979797464	395.979797464	0.602707147598	-256	84	-179.702503369	200.746133918
32	"1"	"1"	12	FALSE	-30	135	100	0	0	-395.979797464	395.979797464	0.636379003525	-286	93	-201.183265482	223.540362552
32	"1"	"1"	12	FALSE	-30	135	100	0	0	-395.979797464	395.979797464	0.669564008713	-311	99	-219.833900577	241.236514975
32	"1"	"1"	12	FALSE	-30	135	100	0	0	-395.979797464	395.979797464	0.703050136566	-338	107	-239.216586479	261.664718205
32	"1"	"1"	12	FALSE	-30	135	100	0	0	-395.979797464	395.979797464	0.73640203476	-364	115	-257.733246978	281.592921435
32	"1"	"1"	12	FALSE	-30	135	100	0	0	-395.979797464	395.979797464	0.769734144211	-384	119	-273.053755053	295.05702305
32	"1"	"1"	12	FALSE	-30	135	100	0	0	-395.979797464	395.979797464	0.803138971329	-406	122	-290.606313936	308.655099262
32	"1"	"1"	12	FALSE	-30	135	100	0	0	-395.979797464	395.979797464	0.836665153503	-428	124	-308.65887282	321.387150069
32	"1"	"1"	12	FALSE	-30	135	100	0	0	-395.979797464	395.979797464	0.869765043259	-449	125	-326.345406299	332.753175473
32	"1"	"1"	12	FALSE	-30	135	100	0	0	-395.979797464	395.979797464	0.902837991714	-461	127	-335.737711145	340.485226281
32	"1"	"1"	12	FALSE	-30	135	100	0	0	-395.979797464	395.979797464	0.935934066772	-478	129	-349.460143009	350.717277088
32	"1"	"1"	12	FALSE	-30	135	100	0	0	-395.979797464	395.979797464	0.969328165054	-490	132	-358.352447854	359.3153533
32	"1"	"1"	12	FALSE	-30	135	100	0	0	-395.979797464	395.979797464	1.00320100784	-499	135	-364.646676488	366.413429511
32	"1"	"1"	12	FALSE	-30	135	100	0	0	-395.979797464	395.979797464	1.03667902946	-507	136	-371.074879719	371.279454915
32	"1"	"1"	12	FALSE	-30	135	100	0	0	-395.979797464	395.979797464	1.06989216805	-512	137	-374.905006738	374.645480318
32	"1"	"1"	12	FALSE	-30	135	100	0	0	-395.979797464	395.979797464	1.10298418999	-513	138	-375.271032141	376.011505722
32	"1"	"1"	12	FALSE	-30	135	100	0	0	-395.979797464	395.979797464	1.13670516014	-513	138	-375.271032141	376.011505722
32	"1"	"1"	12	FALSE	-30	135	100	0	0	-395.979797464	395.979797464	1.17010307312	-513	138	-375.271032141	376.011505722
32	"1"	"1"	12	FALSE	-30	135	100	0	0	-395.979797464	395.979797464	1.20338201523	-515	139	-376.503082949	377.877531126
32	"1"	"1"	12	FALSE	-30	135	100	0	0	-395.979797464	395.979797464	1.23680019379	-517	139	-378.235133757	378.877531126
32	"1"	"1"	12	FALSE	-30	135	100	0	0	-395.979797464	395.979797464	1.27022314072	-520	140	-380.333209968	381.24355653
32	"1"	"1"	12	FALSE	-30	135	100	0	0	-395.979797464	395.979797464	1.30334305763	-524	141	-383.297311583	384.109581934
32	"1"	"1"	12	FALSE	-30	135	100	0	0	-395.979797464	395.979797464	1.33684206009	-528	142	-386.261413198	386.975607337
32	"1"	"1"	12	FALSE	-30	135	100	0	0	-395.979797464	395.979797464	1.37029409409	-532	143	-389.225514813	389.841632741
32	"1"	"1"	12	FALSE	-30	135	100	0	0	-395.979797464	395.979797464	1.40348815918	-533	144	-389.591540217	391.207658145
32	"1"	"1"	13	FALSE	-30	90	100	0	0	3.42901103761e-14	560	0.00193095207214	-4	-3	-4.96410161514	-0.598076211353
32	"1"	"1"	13	FALSE	-30	90	100	0	0	3.42901103761e-14	560	0.0366790294647	-4	-3	-4.96410161514	-0.598076211353
32	"1"	"1"	13	FALSE	-30	90	100	0	0	3.42901103761e-14	560	0.0700979232788	-4	-3	-4.96410161514	-0.598076211353
32	"1"	"1"	13	FALSE	-30	90	100	0	0	3.42901103761e-14	560	0.103291034698	-4	-3	-4.96410161514	-0.598076211353
32	"1"	"1"	13	FALSE	-30	90	100	0	0	3.42901103761e-14	560	0.136768102646	-4	-3	-4.96410161514	-0.598076211353
32	"1"	"1"	13	FALSE	-30	90	100	0	0	3.42901103761e-14	560	0.170042037964	-4	-3	-4.96410161514	-0.598076211353
32	"1"	"1"	13	FALSE	-30	90	100	0	0	3.42901103761e-14	560	0.203481912613	-4	-2	-4.46410161514	0.267949192431
32	"1"	"1"	13	FALSE	-30	90	100	0	0	3.42901103761e-14	560	0.236779928207	-4	-2	-4.46410161514	0.267949192431
32	"1"	"1"	13	FALSE	-30	90	100	0	0	3.42901103761e-14	560	0.270158052444	-7	0	-6.06217782649	3.5
32	"1"	"1"	13	FALSE	-30	90	100	0	0	3.42901103761e-14	560	0.303560018539	-12	7	-6.89230484541	12.0621778265
32	"1"	"1"	13	FALSE	-30	90	100	0	0	3.42901103761e-14	560	0.336854934692	-23	25	-7.41858428704	33.1506350946
32	"1"	"1"	13	FALSE	-30	90	100	0	0	3.42901103761e-14	560	0.370326042175	-40	62	-3.64101615138	73.6935750346
32	"1"	"1"	13	FALSE	-30	90	100	0	0	3.42901103761e-14	560	0.403671979904	-58	99	-0.729473419497	114.736514975
32	"1"	"1"	13	FALSE	-30	90	100	0	0	3.42901103761e-14	560	0.436891078949	-73	132	2.78014552374	150.8153533
32	"1"	"1"	13	FALSE	-30	90	100	0	0	3.42901103761e-14	560	0.470323085785	-88	171	9.28976446697	192.090344047
32	"1"	"1"	13	FALSE	-30	90	100	0	0	3.42901103761e-14	560	0.503613948822	-100	204	15.3974596216	226.669182372
32	"1"	"1"	13	FALSE	-30	90	100	0	0	3.42901103761e-14	560	0.536989927292	-109	232	21.6032309875	255.417893678
32	"1"	"1"	13	FALSE	-30	90	100	0	0	3.42901103761e-14	560	0.570451021194	-122	265	26.8449007383	290.496732003
32	"1"	"1"	13	FALSE	-30	90	100	0	0	3.42901103761e-14	560	0.603718996048	-137	292	27.3545196815	321.379417905
32	"1"	"1"	13	FALSE	-30	90	100	0	0	3.42901103761e-14	560	0.637089967728	-153	316	25.498113221	350.164027596
32	"1"	"1"	13	FALSE	-30	90	100	0	0	3.42901103761e-14	560	0.669833898544	-168	335	22.0077321642	374.118510268
32	"1"	"1"	13	FALSE	-30	90	100	0	0	3.42901103761e-14	560	0.703655004501	-181	349	17.749401915	392.742865921
32	"1"	"1"	13	FALSE	-30	90	100	0	0	3.42901103761e-14	560	0.736602067947	-193	367	16.3570970696	414.331323189
32	"1"	"1"	13	FALSE	-30	90	100	0	0	3.42901103761e-14	560	0.769869089127	-203	381	14.6968430318	431.455678842
32	"1"	"1"	13	FALSE	-30	90	100	0	0	3.42901103761e-14	560	0.803216934204	-214	395	12.1705635901	449.080034495
32	"1"	"1"	13	FALSE	-30	90	100	0	0	3.42901103761e-14	560	0.836783885956	-220	407	12.9744111674	462.47233934
32	"1"	"1"	13	FALSE	-30	90	100	0	0	3.42901103761e-14	560	0.870606899261	-223	418	15.8763349561	473.498618782
32	"1"	"1"	13	FALSE	-30	90	100	0	0	3.42901103761e-14	560	0.903937101364	-228	430	17.5462079371	486.390923627
32	"1"	"1"	13	FALSE	-30	90	100	0	0	3.42901103761e-14	560	0.937176942825	-232	440	19.082106322	497.051177665
32	"1"	"1"	13	FALSE	-30	90	100	0	0	3.42901103761e-14	560	0.970103025436	-236	449	20.1180047069	506.845406299
32	"1"	"1"	13	FALSE	-30	90	100	0	0	3.42901103761e-14	560	1.00404000282	-239	457	21.5199284955	515.273609529
32	"1"	"1"	13	FALSE	-30	90	100	0	0	3.42901103761e-14	560	1.0372209549	-244	467	22.1898014766	526.433863567
32	"1"	"1"	13	FALSE	-30	90	100	0	0	3.42901103761e-14	560	1.07011508942	-250	475	20.9936490539	536.362066798
32	"1"	"1"	13	FALSE	-30	90	100	0	0	3.42901103761e-14	560	1.10404706001	-255	480	19.163522035	543.192193817
32	"1"	"1"	13	FALSE	-30	90	100	0	0	3.42901103761e-14	560	1.13745594025	-262	486	16.1013442085	551.888346239
32	"1"	"1"	13	FALSE	-30	90	100	0	0	3.42901103761e-14	560	1.1707110405	-267	490	13.7712171896	557.852447854
32	"1"	"1"	13	FALSE	-30	90	100	0	0	3.42901103761e-14	560	1.20424103737	-272	493	10.9410901706	562.950524066
32	"1"	"1"	13	FALSE	-30	90	100	0	0	3.42901103761e-14	560	1.23752808571	-276	495	8.47698855549	566.682574873
32	"1"	"1"	13	FALSE	-30	90	100	0	0	3.42901103761e-14	560	1.27061390877	-280	496	5.51288694036	569.548600277
32	"1"	"1"	13	FALSE	-30	90	100	0	0	3.42901103761e-14	560	1.30419993401	-283	495	2.414810729	570.182574873
32	"1"	"1"	13	FALSE	-30	90	100	0	0	3.42901103761e-14	560	1.33699393272	-285	495	0.682759921435	571.182574873
32	"1"	"1"	14	FALSE	-30	135	100	0	0	-395.979797464	395.979797464	0.00185918807983	0	-2	-1	-1.73205080757
32	"1"	"1"	14	FALSE	-30	135	100	0	0	-395.979797464	395.979797464	0.0361130237579	0	-2	-1	-1.73205080757
32	"1"	"1"	14	FALSE	-30	135	100	0	0	-395.979797464	395.979797464	0.0694870948792	0	-2	-1	-1.73205080757
32	"1"	"1"	14	FALSE	-30	135	100	0	0	-395.979797464	395.979797464	0.102837085724	0	-2	-1	-1.73205080757
32	"1"	"1"	14	FALSE	-30	135	100	0	0	-395.979797464	395.979797464	0.13622713089	0	-2	-1	-1.73205080757
32	"1"	"1"	14	FALSE	-30	135	100	0	0	-395.979797464	395.979797464	0.169545173645	0	-2	-1	-1.73205080757
32	"1"	"1"	14	FALSE	-30	135	100	0	0	-395.979797464	395.979797464	0.202779054642	0	-2	-1	-1.73205080757
32	"1"	"1"	14	FALSE	-30	135	100	0	0	-395.979797464	395.979797464	0.235751152039	0	-2	-1	-1.73205080757
32	"1"	"1"	14	FALSE	-30	135	100	0	0	-395.979797464	395.979797464	0.269771099091	-1	-1	-1.36602540378	-0.366025403784
32	"1"	"1"	14	FALSE	-30	135	100	0	0	-395.979797464	395.979797464	0.303102016449	-9	5	-5.29422863406	8.83012701892
32	"1"	"1"	14	FALSE	-30	135	100	0	0	-395.979797464	395.979797464	0.336475133896	-34	19	-19.9448637287	33.4544826719
32	"1"	"1"	14	FALSE	-30	135	100	0	0	-395.979797464	395.979797464	0.369199037552	-58	32	-34.2294734195	56.7128129211
32	"1"	"1"	14	FALSE	-30	135	100	0	0	-395.979797464	395.979797464	0.40313410759	-90	42	-56.9422863406	81.3730669589
32	"1"	"1"	14	FALSE	-30	135	100	0	0	-395.979797464	395.979797464	0.436420202255	-126	51	-83.6192008768	107.167295593
32	"1"	"1"	14	FALSE	-30	135	100	0	0	-395.979797464	395.979797464	0.469266176224	-154	59	-103.867912183	128.095498823
32	"1"	"1"	14	FALSE	-30	135	100	0	0	-395.979797464	395.979797464	0.50318813324	-183	61	-127.982648893	144.327549631
32	"1"	"1"	14	FALSE	-30	135	100	0	0	-395.979797464	395.979797464	0.536595106125	-216	59	-157.561487217	159.095498823
32	"1"	"1"	14	FALSE	-30	135	100	0	0	-395.979797464	395.979797464	0.569571018219	-251	57	-188.87237635	174.863448016
32	"1"	"1"	14	FALSE	-30	135	100	0	0	-395.979797464	395.979797464	0.603273153305	-279	57	-213.121087656	188.863448016
32	"1"	"1"	14	FALSE	-30	135	100	0	0	-395.979797464	395.979797464	0.636425018311	-313	58	-242.065951385	206.729473419
32	"1"	"1"	14	FALSE	-30	135	100	0	0	-395.979797464	395.979797464	0.670006036758	-345	62	-267.778764306	226.193575035
32	"1"	"1"	14	FALSE	-30	135	100	0	0	-395.979797464	395.979797464	0.703404188156	-371	66	-288.295424804	242.65767665
32	"1"	"1"	14	FALSE	-30	135	100	0	0	-395.979797464	395.979797464	0.736559152603	-399	71	-310.04413611	260.987803669
32	"1"	"1"	14	FALSE	-30	135	100	0	0	-395.979797464	395.979797464	0.769722223282	-424	78	-328.194771205	279.549981495
32	"1"	"1"	14	FALSE	-30	135	100	0	0	-395.979797464	395.979797464	0.803550004959	-447	84	-345.113355492	296.246133918
32	"1"	"1"	14	FALSE	-30	135	100	0	0	-395.979797464	395.979797464	0.836823225021	-468	88	-361.299888971	310.210235533
32	"1"	"1"	14	FALSE	-30	135	100	0	0	-395.979797464	395.979797464	0.869964122772	-479	92	-368.826168413	319.174337148
32	"1"	"1"	14	FALSE	-30	135	100	0	0	-395.979797464	395.979797464	0.903439044952	-493	100	-376.950524066	333.102540378
32	"1"	"1"	14	FALSE	-30	135	100	0	0	-395.979797464	395.979797464	0.936948060989	-504	107	-382.976803507	344.664718205
32	"1"	"1"	14	FALSE	-30	135	100	0	0	-395.979797464	395.979797464	0.969871044159	-514	114	-388.137057545	355.726896031
32	"1"	"1"	14	FALSE	-30	135	100	0	0	-395.979797464	395.979797464	1.00353121758	-523	121	-392.431286179	366.289073858
32	"1"	"1"	14	FALSE	-30	135	100	0	0	-395.979797464	395.979797464	1.03632521629	-530	126	-395.993464006	374.119200877
32	"1"	"1"	14	FALSE	-30	135	100	0	0	-395.979797464	395.979797464	1.07024621964	-536	132	-398.189616428	382.3153533
32	"1"	"1"	14	FALSE	-30	135	100	0	0	-395.979797464	395.979797464	1.10365009308	-539	137	-398.28769264	388.145480318
32	"1"	"1"	14	FALSE	-30	135	100	0	0	-395.979797464	395.979797464	1.13681721687	-541	140	-398.519743447	391.74355653
32	"1"	"1"	14	FALSE	-30	135	100	0	0	-395.979797464	395.979797464	1.16980719566	-542	141	-398.885768851	393.109581934
32	"1"	"1"	15	FALSE	-30	45	100	0	0	395.979797464	395.979797464	0.00209307670593	-1	2	0.133974596216	2.23205080757
32	"1"	"1"	15	FALSE	-30	45	100	0	0	395.979797464	395.979797464	0.0363190174103	0	1	0.5	0.866025403784
32	"1"	"1"	15	FALSE	-30	45	100	0	0	395.979797464	395.979797464	0.0698189735413	1	1	1.36602540378	0.366025403784
32	"1"	"1"	15	FALSE	-30	45	100	0	0	395.979797464	395.979797464	0.103090047836	3	0	2.59807621135	-1.5
32	"1"	"1"	15	FALSE	-30	45	100	0	0	395.979797464	395.979797464	0.136583089828	3	0	2.59807621135	-1.5
32	"1"	"1"	15	FALSE	-30	45	100	0	0	395.979797464	395.979797464	0.169806003571	3	0	2.59807621135	-1.5
32	"1"	"1"	15	FALSE	-30	45	100	0	0	395.979797464	395.979797464	0.203100919724	2	1	2.23205080757	-0.133974596216
32	"1"	"1"	15	FALSE	-30	45	100	0	0	395.979797464	395.979797464	0.236571073532	-1	10	4.13397459622	9.16025403784
32	"1"	"1"	15	FALSE	-30	45	100	0	0	395.979797464	395.979797464	0.269901990891	-3	21	7.90192378865	19.6865334795
32	"1"	"1"	15	FALSE	-30	45	100	0	0	395.979797464	395.979797464	0.303139925003	-2	30	13.2679491924	26.9807621135
32	"1"	"1"	15	FALSE	-30	45	100	0	0	395.979797464	395.979797464	0.336467981339	2	53	28.2320508076	44.8993464006
32	"1"	"1"	15	FALSE	-30	45	100	0	0	395.979797464	395.979797464	0.369973897934	8	78	45.9282032303	63.5499814952
32	"1"	"1"	15	FALSE	-30	45	100	0	0	395.979797464	395.979797464	0.403403997421	18	109	70.0884572681	85.3967690125
32	"1"	"1"	15	FALSE	-30	45	100	0	0	395.979797464	395.979797464	0.436690092087	30	137	94.4807621135	103.645480318
32	"1"	"1"	15	FALSE	-30	45	100	0	0	395.979797464	395.979797464	0.470072031021	41	157	114.007041555	115.465988394
32	"1"	"1"	15	FALSE	-30	45	100	0	0	395.979797464	395.979797464	0.503535032272	58	184	142.229473419	130.348674296
32	"1"	"1"	15	FALSE	-30	45	100	0	0	395.979797464	395.979797464	0.536881923676	74	212	170.08587988	146.597385602
32	"1"	"1"	15	FALSE	-30	45	100	0	0	395.979797464	395.979797464	0.570178985596	88	239	195.710235533	162.980071504
32	"1"	"1"	15	FALSE	-30	45	100	0	0	395.979797464	395.979797464	0.60355591774	103	269	223.70061659	181.460833618
32	"1"	"1"	15	FALSE	-30	45	100	0	0	395.979797464	395.979797464	0.63683795929	112	296	244.994845224	200.34351952
32	"1"	"1"	15	FALSE	-30	45	100	0	0	395.979797464	395.979797464	0.670118093491	116	323	261.958946839	221.726205422
32	"1"	"1"	15	FALSE	-30	45	100	0	0	395.979797464	395.979797464	0.703072071075	120	342	274.923048454	236.180688094
32	"1"	"1"	15	FALSE	-30	45	100	0	0	395.979797464	395.979797464	0.736979007721	129	366	294.717277088	252.465297785
32	"1"	"1"	15	FALSE	-30	45	100	0	0	395.979797464	395.979797464	0.770265102386	131	387	306.949327896	269.651831265
32	"1"	"1"	15	FALSE	-30	45	100	0	0	395.979797464	395.979797464	0.80312204361	132	403	315.8153533	283.008237725
32	"1"	"1"	15	FALSE	-30	45	100	0	0	395.979797464	395.979797464	0.836927890778	135	427	330.413429511	302.292847416
32	"1"	"1"	15	FALSE	-30	45	100	0	0	395.979797464	395.979797464	0.870325088501	141	440	342.109581934	310.551177665
32	"1"	"1"	15	FALSE	-30	45	100	0	0	395.979797464	395.979797464	0.903141021729	148	455	355.67175976	320.041558722
32	"1"	"1"	15	FALSE	-30	45	100	0	0	395.979797464	395.979797464	0.937113046646	155	473	370.733937587	332.13001599
32	"1"	"1"	15	FALSE	-30	45	100	0	0	395.979797464	395.979797464	0.970465898514	160	495	386.064064606	348.682574873
32	"1"	"1"	15	FALSE	-30	45	100	0	0	395.979797464	395.979797464	1.00348901749	162	508	394.296115413	358.940905122
32	"1"	"1"	15	FALSE	-30	45	100	0	0	395.979797464	395.979797464	1.03696489334	162	517	398.796115413	366.735133757
32	"1"	"1"	15	FALSE	-30	45	100	0	0	395.979797464	395.979797464	1.07062411308	162	522	401.296115413	371.065260775
32	"1"	"1"	15	FALSE	-30	45	100	0	0	395.979797464	395.979797464	1.10381293297	162	526	403.296115413	374.529362391
32	"1"	"1"	15	FALSE	-30	45	100	0	0	395.979797464	395.979797464	1.13716292381	159	531	403.198039202	380.35948941
32	"1"	"1"	15	FALSE	-30	45	100	0	0	395.979797464	395.979797464	1.17010688782	156	535	402.59996299	385.323591025
32	"1"	"1"	15	FALSE	-30	45	100	0	0	395.979797464	395.979797464	1.20399999619	155	537	402.733937587	387.555641832
32	"1"	"1"	16	FALSE	-30	135	100	0	0	-395.979797464	395.979797464	0.00197196006775	-4	0	-3.46410161514	2
32	"1"	"1"	16	FALSE	-30	135	100	0	0	-395.979797464	395.979797464	0.0366089344025	-4	-2	-4.46410161514	0.267949192431
32	"1"	"1"	16	FALSE	-30	135	100	0	0	-395.979797464	395.979797464	0.0696969032288	-4	-3	-4.96410161514	-0.598076211353
32	"1"	"1"	16	FALSE	-30	135	100	0	0	-395.979797464	395.979797464	0.103178024292	-3	-4	-4.59807621135	-1.96410161514
32	"1"	"1"	16	FALSE	-30	135	100	0	0	-395.979797464	395.979797464	0.136009931564	-3	-5	-5.09807621135	-2.83012701892
32	"1"	"1"	16	FALSE	-30	135	100	0	0	-395.979797464	395.979797464	0.169369935989	-3	-5	-5.09807621135	-2.83012701892
32	"1"	"1"	16	FALSE	-30	135	100	0	0	-395.979797464	395.979797464	0.202678918839	-3	-4	-4.59807621135	-1.96410161514
32	"1"	"1"	16	FALSE	-30	135	100	0	0	-395.979797464	395.979797464	0.236739873886	-5	-1	-4.83012701892	1.63397459622
32	"1"	"1"	16	FALSE	-30	135	100	0	0	-395.979797464	395.979797464	0.270124912262	-13	10	-6.2583302492	15.1602540378
32	"1"	"1"	16	FALSE	-30	135	100	0	0	-395.979797464	395.979797464	0.303302049637	-28	23	-12.748711306	33.918584287
32	"1"	"1"	16	FALSE	-30	135	100	0	0	-395.979797464	395.979797464	0.336715936661	-58	43	-28.7294734195	66.2390923627
32	"1"	"1"	16	FALSE	-30	135	100	0	0	-395.979797464	395.979797464	0.370208978653	-90	64	-45.9422863406	100.425625842
32	"1"	"1"	16	FALSE	-30	135	100	0	0	-395.979797464	395.979797464	0.403501033783	-121	78	-65.7890738579	128.049981495
32	"1"	"1"	16	FALSE	-30	135	100	0	0	-395.979797464	395.979797464	0.436642885208	-158	86	-93.8320137979	153.478184725
32	"1"	"1"	16	FALSE	-30	135	100	0	0	-395.979797464	395.979797464	0.470253944397	-191	92	-119.410852123	175.174337148
32	"1"	"1"	16	FALSE	-30	135	100	0	0	-395.979797464	395.979797464	0.503573894501	-231	98	-151.051868274	200.370489571
32	"1"	"1"	16	FALSE	-30	135	100	0	0	-395.979797464	395.979797464	0.536612033844	-268	98	-183.094808214	218.870489571
32	"1"	"1"	16	FALSE	-30	135	100	0	0	-395.979797464	395.979797464	0.570394992828	-296	97	-207.84351952	232.004464167
32	"1"	"1"	16	FALSE	-30	135	100	0	0	-395.979797464	395.979797464	0.603684902191	-334	99	-239.752484864	252.736514975
32	"1"	"1"	16	FALSE	-30	135	100	0	0	-395.979797464	395.979797464	0.636832952499	-362	101	-263.00119617	268.468565782
32	"1"	"1"	16	FALSE	-30	135	100	0	0	-395.979797464	395.979797464	0.669770956039	-392	105	-286.981958284	286.932667397
32	"1"	"1"	16	FALSE	-30	135	100	0	0	-395.979797464	395.979797464	0.703754901886	-417	108	-307.132593378	302.030743609
32	"1"	"1"	16	FALSE	-30	135	100	0	0	-395.979797464	395.979797464	0.737226009369	-438	111	-323.819126858	315.12881982
32	"1"	"1"	16	FALSE	-30	135	100	0	0	-395.979797464	395.979797464	0.770488977432	-459	116	-339.505660337	329.958946839
32	"1"	"1"	16	FALSE	-30	135	100	0	0	-395.979797464	395.979797464	0.803730964661	-471	120	-347.897965182	339.423048454
32	"1"	"1"	16	FALSE	-30	135	100	0	0	-395.979797464	395.979797464	0.836649894714	-487	126	-358.754371643	352.619200877
32	"1"	"1"	16	FALSE	-30	135	100	0	0	-395.979797464	395.979797464	0.870575904846	-499	132	-366.146676488	363.8153533
32	"1"	"1"	16	FALSE	-30	135	100	0	0	-395.979797464	395.979797464	0.903918027878	-510	138	-372.67295593	374.511505722
32	"1"	"1"	16	FALSE	-30	135	100	0	0	-395.979797464	395.979797464	0.937263965607	-520	143	-378.833209968	383.841632741
32	"1"	"1"	16	FALSE	-30	135	100	0	0	-395.979797464	395.979797464	0.970602989197	-527	147	-382.895387794	390.805734356
32	"1"	"1"	16	FALSE	-30	135	100	0	0	-395.979797464	395.979797464	1.00399804115	-535	150	-388.323591025	397.403810568
32	"1"	"1"	16	FALSE	-30	135	100	0	0	-395.979797464	395.979797464	1.03681898117	-541	151	-393.019743447	401.269835971
32	"1"	"1"	16	FALSE	-30	135	100	0	0	-395.979797464	395.979797464	1.07019305229	-547	151	-398.21589587	404.269835971
32	"1"	"1"	16	FALSE	-30	135	100	0	0	-395.979797464	395.979797464	1.10402297974	-550	151	-400.813972081	405.769835971
32	"1"	"1"	17	FALSE	-30	45	100	0	0	395.979797464	395.979797464	0.00221800804138	4	-2	2.46410161514	-3.73205080757
32	"1"	"1"	17	FALSE	-30	45	100	0	0	395.979797464	395.979797464	0.0361549854279	6	-2	4.19615242271	-4.73205080757
32	"1"	"1"	17	FALSE	-30	45	100	0	0	395.979797464	395.979797464	0.069463968277	6	-3	3.69615242271	-5.59807621135
32	"1"	"1"	17	FALSE	-30	45	100	0	0	395.979797464	395.979797464	0.102361917496	6	-3	3.69615242271	-5.59807621135
32	"1"	"1"	17	FALSE	-30	45	100	0	0	395.979797464	395.979797464	0.136029958725	6	-3	3.69615242271	-5.59807621135
32	"1"	"1"	17	FALSE	-30	45	100	0	0	395.979797464	395.979797464	0.16944694519	6	-3	3.69615242271	-5.59807621135
32	"1"	"1"	17	FALSE	-30	45	100	0	0	395.979797464	395.979797464	0.202564954758	6	-3	3.69615242271	-5.59807621135
32	"1"	"1"	17	FALSE	-30	45	100	0	0	395.979797464	395.979797464	0.235556840897	6	-3	3.69615242271	-5.59807621135
32	"1"	"1"	17	FALSE	-30	45	100	0	0	395.979797464	395.979797464	0.269563913345	5	-2	3.33012701892	-4.23205080757
32	"1"	"1"	17	FALSE	-30	45	100	0	0	395.979797464	395.979797464	0.302978992462	3	-1	2.09807621135	-2.36602540378
32	"1"	"1"	17	FALSE	-30	45	100	0	0	395.979797464	395.979797464	0.335958003998	-1	7	2.63397459622	6.56217782649
32	"1"	"1"	17	FALSE	-30	45	100	0	0	395.979797464	395.979797464	0.369705915451	-2	21	8.76794919243	19.1865334795
32	"1"	"1"	17	FALSE	-30	45	100	0	0	395.979797464	395.979797464	0.402945041656	0	40	20	34.6410161514
32	"1"	"1"	17	FALSE	-30	45	100	0	0	395.979797464	395.979797464	0.436372995377	10	77	47.1602540378	61.6839560914
32	"1"	"1"	17	FALSE	-30	45	100	0	0	395.979797464	395.979797464	0.469841003418	20	118	76.3205080757	92.1909976466
32	"1"	"1"	17	FALSE	-30	45	100	0	0	395.979797464	395.979797464	0.503119945526	33	164	110.578838325	125.528166221
32	"1"	"1"	17	FALSE	-30	45	100	0	0	395.979797464	395.979797464	0.536463022232	45	201	139.47114317	151.571106161
32	"1"	"1"	17	FALSE	-30	45	100	0	0	395.979797464	395.979797464	0.569226026535	60	241	172.461524227	178.712122312
32	"1"	"1"	17	FALSE	-30	45	100	0	0	395.979797464	395.979797464	0.603193044662	76	275	203.317930688	200.156986041
32	"1"	"1"	17	FALSE	-30	45	100	0	0	395.979797464	395.979797464	0.636595010757	95	310	237.27241336	220.967875173
32	"1"	"1"	17	FALSE	-30	45	100	0	0	395.979797464	395.979797464	0.669935941696	115	344	271.592921435	240.412738902
32	"1"	"1"	17	FALSE	-30	45	100	0	0	395.979797464	395.979797464	0.703304052353	127	365	292.485226281	252.599272381
32	"1"	"1"	17	FALSE	-30	45	100	0	0	395.979797464	395.979797464	0.736088991165	137	384	310.645480318	264.053755053
32	"1"	"1"	17	FALSE	-30	45	100	0	0	395.979797464	395.979797464	0.769908905029	147	404	329.305734356	276.374263129
32	"1"	"1"	17	FALSE	-30	45	100	0	0	395.979797464	395.979797464	0.803392887115	152	419	341.135861375	286.864644186
32	"1"	"1"	17	FALSE	-30	45	100	0	0	395.979797464	395.979797464	0.836678028107	157	433	352.465988394	296.488999839
32	"1"	"1"	17	FALSE	-30	45	100	0	0	395.979797464	395.979797464	0.869765996933	161	446	362.430090009	305.747330088
32	"1"	"1"	17	FALSE	-30	45	100	0	0	395.979797464	395.979797464	0.903336048126	162	460	370.296115413	317.371685741
32	"1"	"1"	17	FALSE	-30	45	100	0	0	395.979797464	395.979797464	0.936769008636	161	469	373.930090009	325.665914375
32	"1"	"1"	17	FALSE	-30	45	100	0	0	395.979797464	395.979797464	0.969611883163	163	479	380.662140817	333.326168413
32	"1"	"1"	17	FALSE	-30	45	100	0	0	395.979797464	395.979797464	1.00330996513	164	489	386.528166221	341.486422451
32	"1"	"1"	17	FALSE	-30	45	100	0	0	395.979797464	395.979797464	1.03684902191	163	497	389.662140817	348.914625681
32	"1"	"1"	17	FALSE	-30	45	100	0	0	395.979797464	395.979797464	1.07014989853	162	504	392.296115413	355.476803507
32	"1"	"1"	17	FALSE	-30	45	100	0	0	395.979797464	395.979797464	1.1030960083	162	512	396.296115413	362.405006738
32	"1"	"1"	17	FALSE	-30	45	100	0	0	395.979797464	395.979797464	1.13679099083	159	519	397.198039202	369.967184564
32	"1"	"1"	17	FALSE	-30	45	100	0	0	395.979797464	395.979797464	1.16998291016	158	522	397.832013798	373.065260775
32	"1"	"1"	17	FALSE	-30	45	100	0	0	395.979797464	395.979797464	1.20366382599	158	525	399.332013798	375.663336987
32	"1"	"1"	17	FALSE	-30	45	100	0	0	395.979797464	395.979797464	1.23700094223	156	529	399.59996299	380.127438602
32	"1"	"1"	17	FALSE	-30	45	100	0	0	395.979797464	395.979797464	1.26970601082	155	531	399.733937587	382.35948941
32	"1"	"1"	17	FALSE	-30	45	100	0	0	395.979797464	395.979797464	1.30367183685	154	534	400.367912183	385.457565621
32	"1"	"1"	17	FALSE	-30	45	100	0	0	395.979797464	395.979797464	1.33706402779	153	537	401.001886779	388.555641832
32	"1"	"1"	18	FALSE	-30	90	100	0	0	3.42901103761e-14	560	0.00207114219666	1	-5	-1.63397459622	-4.83012701892
32	"1"	"1"	18	FALSE	-30	90	100	0	0	3.42901103761e-14	560	0.0365641117096	1	-5	-1.63397459622	-4.83012701892
32	"1"	"1"	18	FALSE	-30	90	100	0	0	3.42901103761e-14	560	0.0698170661926	-1	-5	-3.36602540378	-3.83012701892
32	"1"	"1"	18	FALSE	-30	90	100	0	0	3.42901103761e-14	560	0.102897167206	-3	-5	-5.09807621135	-2.83012701892
32	"1"	"1"	18	FALSE	-30	90	100	0	0	3.42901103761e-14	560	0.136600017548	-6	-5	-7.69615242271	-1.33012701892
32	"1"	"1"	18	FALSE	-30	90	100	0	0	3.42901103761e-14	560	0.169266223907	-9	-5	-10.2942286341	0.169872981078
32	"1"	"1"	18	FALSE	-30	90	100	0	0	3.42901103761e-14	560	0.203325033188	-15	-2	-13.9903810568	5.76794919243
32	"1"	"1"	18	FALSE	-30	90	100	0	0	3.42901103761e-14	560	0.236629009247	-21	0	-18.1865334795	10.5
32	"1"	"1"	18	FALSE	-30	90	100	0	0	3.42901103761e-14	560	0.270048141479	-27	6	-20.3826859022	18.6961524227
32	"1"	"1"	18	FALSE	-30	90	100	0	0	3.42901103761e-14	560	0.30304312706	-36	25	-18.6769145362	39.6506350946
32	"1"	"1"	18	FALSE	-30	90	100	0	0	3.42901103761e-14	560	0.336465120316	-47	59	-11.2031939779	74.5954988233
32	"1"	"1"	18	FALSE	-30	90	100	0	0	3.42901103761e-14	560	0.370108127594	-61	105	-0.327549630851	121.432667397
32	"1"	"1"	18	FALSE	-30	90	100	0	0	3.42901103761e-14	560	0.403422117233	-75	149	9.54809471617	166.537785164
32	"1"	"1"	18	FALSE	-30	90	100	0	0	3.42901103761e-14	560	0.43661403656	-86	183	17.0218152745	201.482648893
32	"1"	"1"	18	FALSE	-30	90	100	0	0	3.42901103761e-14	560	0.46956205368	-102	227	25.165408814	247.587766659
32	"1"	"1"	18	FALSE	-30	90	100	0	0	3.42901103761e-14	560	0.503564119339	-118	261	28.3090023534	285.032630388
32	"1"	"1"	18	FALSE	-30	90	100	0	0	3.42901103761e-14	560	0.53698515892	-137	298	30.3545196815	326.575570328
32	"1"	"1"	18	FALSE	-30	90	100	0	0	3.42901103761e-14	560	0.570260047913	-152	329	32.8641386248	360.922357845
32	"1"	"1"	18	FALSE	-30	90	100	0	0	3.42901103761e-14	560	0.603490114212	-167	362	36.373757568	397.00119617
32	"1"	"1"	18	FALSE	-30	90	100	0	0	3.42901103761e-14	560	0.6365711689	-182	386	35.3833765112	425.285805861
32	"1"	"1"	18	FALSE	-30	90	100	0	0	3.42901103761e-14	560	0.670339107513	-191	405	37.0891478772	446.240288533
32	"1"	"1"	18	FALSE	-30	90	100	0	0	3.42901103761e-14	560	0.703518152237	-200	419	36.2949192431	462.864644186
32	"1"	"1"	18	FALSE	-30	90	100	0	0	3.42901103761e-14	560	0.737082004547	-213	434	32.5365889939	482.355025242
32	"1"	"1"	18	FALSE	-30	90	100	0	0	3.42901103761e-14	560	0.770415067673	-225	452	31.1442841485	503.943482511
32	"1"	"1"	18	FALSE	-30	90	100	0	0	3.42901103761e-14	560	0.803341150284	-238	467	27.3859538993	523.433863567
32	"1"	"1"	18	FALSE	-30	90	100	0	0	3.42901103761e-14	560	0.836992025375	-249	476	22.3596744577	536.728092201
32	"1"	"1"	18	FALSE	-30	90	100	0	0	3.42901103761e-14	560	0.870370149612	-258	483	18.0654458236	547.290270028
32	"1"	"1"	18	FALSE	-30	90	100	0	0	3.42901103761e-14	560	0.903322219849	-263	489	16.7353188047	554.986422451
32	"1"	"1"	18	FALSE	-30	90	100	0	0	3.42901103761e-14	560	0.937240123749	-267	492	14.7712171896	559.584498662
32	"1"	"1"	18	FALSE	-30	90	100	0	0	3.42901103761e-14	560	0.970430135727	-271	494	12.3071155744	563.31654947
32	"1"	"1"	18	FALSE	-30	90	100	0	0	3.42901103761e-14	560	1.00324010849	-273	495	11.0750647668	565.182574873
32	"1"	"1"	18	FALSE	-30	90	100	0	0	3.42901103761e-14	560	1.03727722168	-274	496	10.7090393631	566.548600277
32	"1"	"1"	18	FALSE	-30	90	100	0	0	3.42901103761e-14	560	1.07071805	-273	495	11.0750647668	565.182574873
32	"1"	"1"	19	FALSE	-30	90	100	0	0	3.42901103761e-14	560	0.00196003913879	9	-1	7.29422863406	-5.36602540378
32	"1"	"1"	19	FALSE	-30	90	100	0	0	3.42901103761e-14	560	0.0359749794006	2	4	3.73205080757	2.46410161514
32	"1"	"1"	19	FALSE	-30	90	100	0	0	3.42901103761e-14	560	0.0694091320038	-12	12	-4.39230484541	16.3923048454
32	"1"	"1"	19	FALSE	-30	90	100	0	0	3.42901103761e-14	560	0.102751016617	-21	18	-9.18653347947	26.0884572681
32	"1"	"1"	19	FALSE	-30	90	100	0	0	3.42901103761e-14	560	0.136181116104	-29	27	-11.6147367097	37.8826859022
32	"1"	"1"	19	FALSE	-30	90	100	0	0	3.42901103761e-14	560	0.169200181961	-40	31	-19.1410161514	46.8467875173
32	"1"	"1"	19	FALSE	-30	90	100	0	0	3.42901103761e-14	560	0.202844142914	-46	33	-23.3371685741	51.5788383249
32	"1"	"1"	19	FALSE	-30	90	100	0	0	3.42901103761e-14	560	0.236266136169	-51	33	-27.667295593	54.0788383249
32	"1"	"1"	19	FALSE	-30	90	100	0	0	3.42901103761e-14	560	0.269235134125	-52	33	-28.5333209968	54.5788383249
32	"1"	"1"	19	FALSE	-30	90	100	0	0	3.42901103761e-14	560	0.302927017212	-52	33	-28.5333209968	54.5788383249
32	"1"	"1"	19	FALSE	-30	90	100	0	0	3.42901103761e-14	560	0.336197137833	-57	38	-30.3634480157	61.4089653438
32	"1"	"1"	19	FALSE	-30	90	100	0	0	3.42901103761e-14	560	0.369655132294	-62	57	-25.1935750346	80.3634480157
32	"1"	"1"	19	FALSE	-30	90	100	0	0	3.42901103761e-14	560	0.402942180634	-67	109	-3.52370205356	127.896769013
32	"1"	"1"	19	FALSE	-30	90	100	0	0	3.42901103761e-14	560	0.436336994171	-81	146	2.85194229346	166.939708953
32	"1"	"1"	19	FALSE	-30	90	100	0	0	3.42901103761e-14	560	0.469405174255	-105	186	2.06733260263	213.580725104
32	"1"	"1"	19	FALSE	-30	90	100	0	0	3.42901103761e-14	560	0.502648115158	-122	238	13.3449007383	267.114046101
32	"1"	"1"	19	FALSE	-30	90	100	0	0	3.42901103761e-14	560	0.536308050156	-134	279	23.4525958929	308.621087656
32	"1"	"1"	19	FALSE	-30	90	100	0	0	3.42901103761e-14	560	0.569713115692	-155	318	24.7660624134	352.896078403
32	"1"	"1"	19	FALSE	-30	90	100	0	0	3.42901103761e-14	560	0.603095054626	-175	349	22.9455543377	389.742865921
32	"1"	"1"	19	FALSE	-30	90	100	0	0	3.42901103761e-14	560	0.635854959488	-190	372	21.455173281	417.161450208
32	"1"	"1"	19	FALSE	-30	90	100	0	0	3.42901103761e-14	560	0.669767141342	-206	395	19.0987668204	445.080034495
32	"1"	"1"	19	FALSE	-30	90	100	0	0	3.42901103761e-14	560	0.703247070312	-217	411	17.5724873788	464.436440955
32	"1"	"1"	19	FALSE	-30	90	100	0	0	3.42901103761e-14	560	0.736556053162	-228	426	15.5462079371	482.926822012
32	"1"	"1"	19	FALSE	-30	90	100	0	0	3.42901103761e-14	560	0.769890069962	-239	439	12.5199284955	499.685152261
32	"1"	"1"	19	FALSE	-30	90	100	0	0	3.42901103761e-14	560	0.803274154663	-252	451	7.26159824632	516.577457107
32	"1"	"1"	19	FALSE	-30	90	100	0	0	3.42901103761e-14	560	0.836755990982	-259	459	5.19942041983	527.005660337
32	"1"	"1"	19	FALSE	-30	90	100	0	0	3.42901103761e-14	560	0.869486093521	-262	466	6.10134420848	534.567838164
32	"1"	"1"	19	FALSE	-30	90	100	0	0	3.42901103761e-14	560	0.903068065643	-266	474	6.63724259334	543.496041394
32	"1"	"1"	19	FALSE	-30	90	100	0	0	3.42901103761e-14	560	0.936833143234	-266	480	9.63724259334	548.692193817
32	"1"	"1"	19	FALSE	-30	90	100	0	0	3.42901103761e-14	560	0.970157146454	-268	485	10.4051917858	554.022320835
32	"1"	"1"	19	FALSE	-30	90	100	0	0	3.42901103761e-14	560	1.00347018242	-271	491	10.8071155744	560.718473258
32	"1"	"1"	19	FALSE	-30	90	100	0	0	3.42901103761e-14	560	1.03686213493	-272	492	10.4410901706	562.084498662
32	"1"	"1"	20	FALSE	-30	135	100	0	0	-395.979797464	395.979797464	0.00226593017578	-1	-12	-6.86602540378	-9.89230484541
32	"1"	"1"	20	FALSE	-30	135	100	0	0	-395.979797464	395.979797464	0.03648686409	-1	-12	-6.86602540378	-9.89230484541
32	"1"	"1"	20	FALSE	-30	135	100	0	0	-395.979797464	395.979797464	0.0699689388275	-1	-12	-6.86602540378	-9.89230484541
32	"1"	"1"	20	FALSE	-30	135	100	0	0	-395.979797464	395.979797464	0.102983951569	-1	-12	-6.86602540378	-9.89230484541
32	"1"	"1"	20	FALSE	-30	135	100	0	0	-395.979797464	395.979797464	0.136723041534	-2	-12	-7.73205080757	-9.39230484541
32	"1"	"1"	20	FALSE	-30	135	100	0	0	-395.979797464	395.979797464	0.170045852661	-2	-12	-7.73205080757	-9.39230484541
32	"1"	"1"	20	FALSE	-30	135	100	0	0	-395.979797464	395.979797464	0.203310966492	-2	-12	-7.73205080757	-9.39230484541
32	"1"	"1"	20	FALSE	-30	135	100	0	0	-395.979797464	395.979797464	0.236340999603	-3	-11	-8.09807621135	-8.02627944163
32	"1"	"1"	20	FALSE	-30	135	100	0	0	-395.979797464	395.979797464	0.270185947418	-7	-9	-10.5621778265	-4.29422863406
32	"1"	"1"	20	FALSE	-30	135	100	0	0	-395.979797464	395.979797464	0.303313970566	-18	-3	-17.0884572681	6.40192378865
32	"1"	"1"	20	FALSE	-30	135	100	0	0	-395.979797464	395.979797464	0.336838960648	-45	7	-35.4711431703	28.5621778265
32	"1"	"1"	20	FALSE	-30	135	100	0	0	-395.979797464	395.979797464	0.369863986969	-73	16	-55.2198544763	50.3564064606
32	"1"	"1"	20	FALSE	-30	135	100	0	0	-395.979797464	395.979797464	0.403573036194	-104	22	-79.0666419936	71.0525588833
32	"1"	"1"	20	FALSE	-30	135	100	0	0	-395.979797464	395.979797464	0.43689084053	-133	27	-101.681378703	89.8826859022
32	"1"	"1"	20	FALSE	-30	135	100	0	0	-395.979797464	395.979797464	0.469696044922	-168	35	-127.992267836	114.310889132
32	"1"	"1"	20	FALSE	-30	135	100	0	0	-395.979797464	395.979797464	0.503572940826	-206	41	-157.90123318	138.507041555
32	"1"	"1"	20	FALSE	-30	135	100	0	0	-395.979797464	395.979797464	0.536967039108	-238	45	-183.614046101	157.97114317
32	"1"	"1"	20	FALSE	-30	135	100	0	0	-395.979797464	395.979797464	0.569766044617	-278	50	-215.755062252	182.301270189
32	"1"	"1"	20	FALSE	-30	135	100	0	0	-395.979797464	395.979797464	0.603739976883	-319	56	-248.262103807	207.997422612
32	"1"	"1"	20	FALSE	-30	135	100	0	0	-395.979797464	395.979797464	0.637080907822	-355	65	-274.939018343	233.791651246
32	"1"	"1"	20	FALSE	-30	135	100	0	0	-395.979797464	395.979797464	0.669842004776	-385	75	-295.919780457	257.451905284
32	"1"	"1"	20	FALSE	-30	135	100	0	0	-395.979797464	395.979797464	0.703804016113	-418	83	-320.498618782	280.880108514
32	"1"	"1"	20	FALSE	-30	135	100	0	0	-395.979797464	395.979797464	0.737124919891	-447	89	-342.613355492	300.576260937
32	"1"	"1"	20	FALSE	-30	135	100	0	0	-395.979797464	395.979797464	0.769824028015	-465	98	-353.70181276	317.370489571
32	"1"	"1"	20	FALSE	-30	135	100	0	0	-395.979797464	395.979797464	0.803876876831	-480	107	-362.192193817	332.664718205
32	"1"	"1"	20	FALSE	-30	135	100	0	0	-395.979797464	395.979797464	0.837275028229	-493	117	-368.450524066	347.824972243
32	"1"	"1"	20	FALSE	-30	135	100	0	0	-395.979797464	395.979797464	0.870599985123	-509	127	-377.306930526	364.485226281
32	"1"	"1"	20	FALSE	-30	135	100	0	0	-395.979797464	395.979797464	0.90385890007	-517	132	-381.735133757	372.8153533
32	"1"	"1"	20	FALSE	-30	135	100	0	0	-395.979797464	395.979797464	0.936625003815	-525	135	-387.163336987	379.413429511
32	"1"	"1"	20	FALSE	-30	135	100	0	0	-395.979797464	395.979797464	0.970614910126	-529	138	-389.127438602	384.011505722
32	"1"	"1"	20	FALSE	-30	135	100	0	0	-395.979797464	395.979797464	1.00398492813	-533	140	-391.591540217	387.74355653
32	"1"	"1"	20	FALSE	-30	135	100	0	0	-395.979797464	395.979797464	1.03697800636	-537	144	-393.055641832	393.207658145
32	"1"	"1"	20	FALSE	-30	135	100	0	0	-395.979797464	395.979797464	1.0707628727	-538	145	-393.421667236	394.573683549
32	"1"	"1"	21	FALSE	-30	45	100	0	0	395.979797464	395.979797464	0.00210499763489	-10	1	-8.16025403784	5.86602540378
32	"1"	"1"	21	FALSE	-30	45	100	0	0	395.979797464	395.979797464	0.0366299152374	-6	0	-5.19615242271	3
32	"1"	"1"	21	FALSE	-30	45	100	0	0	395.979797464	395.979797464	0.0697739124298	-5	0	-4.33012701892	2.5
32	"1"	"1"	21	FALSE	-30	45	100	0	0	395.979797464	395.979797464	0.103209018707	-5	0	-4.33012701892	2.5
32	"1"	"1"	21	FALSE	-30	45	100	0	0	395.979797464	395.979797464	0.135869979858	-4	-1	-3.96410161514	1.13397459622
32	"1"	"1"	21	FALSE	-30	45	100	0	0	395.979797464	395.979797464	0.169768810272	-3	-1	-3.09807621135	0.633974596216
32	"1"	"1"	21	FALSE	-30	45	100	0	0	395.979797464	395.979797464	0.203153848648	-3	-1	-3.09807621135	0.633974596216
32	"1"	"1"	21	FALSE	-30	45	100	0	0	395.979797464	395.979797464	0.236444950104	-3	-1	-3.09807621135	0.633974596216
32	"1"	"1"	21	FALSE	-30	45	100	0	0	395.979797464	395.979797464	0.269752025604	-3	-1	-3.09807621135	0.633974596216
32	"1"	"1"	21	FALSE	-30	45	100	0	0	395.979797464	395.979797464	0.303321838379	-3	-1	-3.09807621135	0.633974596216
32	"1"	"1"	21	FALSE	-30	45	100	0	0	395.979797464	395.979797464	0.336621999741	1	9	5.36602540378	7.29422863406
32	"1"	"1"	21	FALSE	-30	45	100	0	0	395.979797464	395.979797464	0.369383811951	10	39	28.1602540378	28.7749907476
32	"1"	"1"	21	FALSE	-30	45	100	0	0	395.979797464	395.979797464	0.403407812119	18	74	52.5884572681	55.08587988
32	"1"	"1"	21	FALSE	-30	45	100	0	0	395.979797464	395.979797464	0.436757802963	24	109	75.2846096908	82.3967690125
32	"1"	"1"	21	FALSE	-30	45	100	0	0	395.979797464	395.979797464	0.469748973846	35	154	107.310889132	115.867912183
32	"1"	"1"	21	FALSE	-30	45	100	0	0	395.979797464	395.979797464	0.503490924835	47	195	138.203193978	145.374953738
32	"1"	"1"	21	FALSE	-30	45	100	0	0	395.979797464	395.979797464	0.536811828613	56	231	163.997422612	172.051868274
32	"1"	"1"	21	FALSE	-30	45	100	0	0	395.979797464	395.979797464	0.570282936096	67	272	194.023702054	202.058909829
32	"1"	"1"	21	FALSE	-30	45	100	0	0	395.979797464	395.979797464	0.603121995926	76	299	215.317930688	220.941595732
32	"1"	"1"	21	FALSE	-30	45	100	0	0	395.979797464	395.979797464	0.636925935745	85	329	238.112159322	242.422357845
32	"1"	"1"	21	FALSE	-30	45	100	0	0	395.979797464	395.979797464	0.670178890228	96	353	259.638438763	257.706967536
32	"1"	"1"	21	FALSE	-30	45	100	0	0	395.979797464	395.979797464	0.703019857407	106	378	280.798692801	274.357602631
32	"1"	"1"	21	FALSE	-30	45	100	0	0	395.979797464	395.979797464	0.737025022507	109	393	290.896769013	285.847983687
32	"1"	"1"	21	FALSE	-30	45	100	0	0	395.979797464	395.979797464	0.770340919495	114	409	303.226896031	297.204390148
32	"1"	"1"	21	FALSE	-30	45	100	0	0	395.979797464	395.979797464	0.803079843521	123	433	323.021124665	313.488999839
32	"1"	"1"	21	FALSE	-30	45	100	0	0	395.979797464	395.979797464	0.837046861649	126	450	334.119200877	326.711431703
32	"1"	"1"	21	FALSE	-30	45	100	0	0	395.979797464	395.979797464	0.870476007462	131	466	346.449327896	338.067838164
32	"1"	"1"	21	FALSE	-30	45	100	0	0	395.979797464	395.979797464	0.903117895126	139	479	359.877531126	345.326168413
32	"1"	"1"	21	FALSE	-30	45	100	0	0	395.979797464	395.979797464	0.937196969986	142	491	368.475607337	354.218473258
32	"1"	"1"	21	FALSE	-30	45	100	0	0	395.979797464	395.979797464	0.970497846603	144	498	373.707658145	359.280651085
32	"1"	"1"	21	FALSE	-30	45	100	0	0	395.979797464	395.979797464	1.00391292572	147	502	378.305734356	361.2447527
32	"1"	"1"	21	FALSE	-30	45	100	0	0	395.979797464	395.979797464	1.03725290298	149	507	382.537785164	364.574879719
32	"1"	"1"	21	FALSE	-30	45	100	0	0	395.979797464	395.979797464	1.07057094574	150	512	385.903810568	368.405006738
32	"1"	"1"	21	FALSE	-30	45	100	0	0	395.979797464	395.979797464	1.10344386101	151	516	388.769835971	371.369108353
32	"1"	"1"	21	FALSE	-30	45	100	0	0	395.979797464	395.979797464	1.13674879074	153	524	394.501886779	377.297311583
32	"1"	"1"	21	FALSE	-30	45	100	0	0	395.979797464	395.979797464	1.1707098484	153	531	398.001886779	383.35948941
32	"1"	"1"	21	FALSE	-30	45	100	0	0	395.979797464	395.979797464	1.20407581329	153	535	400.001886779	386.823591025
32	"1"	"1"	21	FALSE	-30	45	100	0	0	395.979797464	395.979797464	1.2368888855	153	537	401.001886779	388.555641832
32	"1"	"1"	21	FALSE	-30	45	100	0	0	395.979797464	395.979797464	1.27077078819	151	540	400.769835971	392.153718044
