"task_num"	"task_name"	"trial_type"	"trial_num"	"terminalfeedback_bool"	"rotation_angle"	"targetangle_deg"	"targetdistance_percmax"	"homex_px"	"homey_px"	"targetx_px"	"targety_px"	"time_s"	"mousex_px"	"mousey_px"	"cursorx_px"	"cursory_px"
"1"	1	1	1	1	0	0	135	100	0	0	-395.979797464	395.979797464	1552403173.46	3	-4	3	-4
"2"	1	1	1	1	0	0	135	100	0	0	-395.979797464	395.979797464	1552403173.5	3	-4	3	-4
"3"	1	1	1	1	0	0	135	100	0	0	-395.979797464	395.979797464	1552403173.53	4	-2	4	-2
"4"	1	1	1	1	0	0	135	100	0	0	-395.979797464	395.979797464	1552403173.56	5	0	5	0
"5"	1	1	1	1	0	0	135	100	0	0	-395.979797464	395.979797464	1552403173.6	8	2	8	2
"6"	1	1	1	1	0	0	135	100	0	0	-395.979797464	395.979797464	1552403173.63	9	3	9	3
"7"	1	1	1	1	0	0	135	100	0	0	-395.979797464	395.979797464	1552403173.66	9	3	9	3
"8"	1	1	1	1	0	0	135	100	0	0	-395.979797464	395.979797464	1552403173.7	7	3	7	3
"9"	1	1	1	1	0	0	135	100	0	0	-395.979797464	395.979797464	1552403173.73	5	3	5	3
"10"	1	1	1	1	0	0	135	100	0	0	-395.979797464	395.979797464	1552403173.76	4	3	4	3
"11"	1	1	1	1	0	0	135	100	0	0	-395.979797464	395.979797464	1552403173.8	4	4	4	4
"12"	1	1	1	1	0	0	135	100	0	0	-395.979797464	395.979797464	1552403173.83	4	4	4	4
"13"	1	1	1	1	0	0	135	100	0	0	-395.979797464	395.979797464	1552403173.86	4	4	4	4
"14"	1	1	1	1	0	0	135	100	0	0	-395.979797464	395.979797464	1552403173.9	4	5	4	5
"15"	1	1	1	1	0	0	135	100	0	0	-395.979797464	395.979797464	1552403173.93	4	5	4	5
"16"	1	1	1	1	0	0	135	100	0	0	-395.979797464	395.979797464	1552403173.96	4	5	4	5
"17"	1	1	1	1	0	0	135	100	0	0	-395.979797464	395.979797464	1552403174	4	5	4	5
"18"	1	1	1	1	0	0	135	100	0	0	-395.979797464	395.979797464	1552403174.03	4	5	4	5
"19"	1	1	1	1	0	0	135	100	0	0	-395.979797464	395.979797464	1552403174.06	5	5	5	5
"20"	1	1	1	1	0	0	135	100	0	0	-395.979797464	395.979797464	1552403174.1	5	5	5	5
"21"	1	1	1	1	0	0	135	100	0	0	-395.979797464	395.979797464	1552403174.13	5	5	5	5
"22"	1	1	1	1	0	0	135	100	0	0	-395.979797464	395.979797464	1552403174.16	5	5	5	5
"23"	1	1	1	1	0	0	135	100	0	0	-395.979797464	395.979797464	1552403174.2	5	5	5	5
"24"	1	1	1	1	0	0	135	100	0	0	-395.979797464	395.979797464	1552403174.23	5	5	5	5
"25"	1	1	1	1	0	0	135	100	0	0	-395.979797464	395.979797464	1552403174.26	6	5	6	5
"26"	1	1	1	1	0	0	135	100	0	0	-395.979797464	395.979797464	1552403174.3	6	5	6	5
"27"	1	1	1	1	0	0	135	100	0	0	-395.979797464	395.979797464	1552403174.33	7	5	7	5
"28"	1	1	1	1	0	0	135	100	0	0	-395.979797464	395.979797464	1552403174.36	7	5	7	5
"29"	1	1	1	1	0	0	135	100	0	0	-395.979797464	395.979797464	1552403174.4	7	5	7	5
"30"	1	1	1	1	0	0	135	100	0	0	-395.979797464	395.979797464	1552403174.43	8	5	8	5
"31"	1	1	1	1	0	0	135	100	0	0	-395.979797464	395.979797464	1552403174.46	8	5	8	5
"32"	1	1	1	1	0	0	135	100	0	0	-395.979797464	395.979797464	1552403174.5	8	5	8	5
"33"	1	1	1	1	0	0	135	100	0	0	-395.979797464	395.979797464	1552403174.53	9	5	9	5
"34"	1	1	1	1	0	0	135	100	0	0	-395.979797464	395.979797464	1552403174.56	9	5	9	5
"35"	1	1	1	1	0	0	135	100	0	0	-395.979797464	395.979797464	1552403174.6	9	5	9	5
"36"	1	1	1	1	0	0	135	100	0	0	-395.979797464	395.979797464	1552403174.63	9	6	9	6
"37"	1	1	1	1	0	0	135	100	0	0	-395.979797464	395.979797464	1552403174.66	9	6	9	6
"38"	1	1	1	1	0	0	135	100	0	0	-395.979797464	395.979797464	1552403174.7	9	6	9	6
"39"	1	1	1	1	0	0	135	100	0	0	-395.979797464	395.979797464	1552403174.73	9	6	9	6
"40"	1	1	1	1	0	0	135	100	0	0	-395.979797464	395.979797464	1552403174.76	9	6	9	6
"41"	1	1	1	1	0	0	135	100	0	0	-395.979797464	395.979797464	1552403174.8	9	5	9	5
"42"	1	1	1	1	0	0	135	100	0	0	-395.979797464	395.979797464	1552403174.83	9	5	9	5
"43"	1	1	1	1	0	0	135	100	0	0	-395.979797464	395.979797464	1552403174.86	9	5	9	5
"44"	1	1	1	1	0	0	135	100	0	0	-395.979797464	395.979797464	1552403174.9	9	6	9	6
"45"	1	1	1	1	0	0	135	100	0	0	-395.979797464	395.979797464	1552403174.93	9	6	9	6
"46"	1	1	1	1	0	0	135	100	0	0	-395.979797464	395.979797464	1552403174.96	9	7	9	7
"47"	1	1	1	1	0	0	135	100	0	0	-395.979797464	395.979797464	1552403175	9	7	9	7
"48"	1	1	1	1	0	0	135	100	0	0	-395.979797464	395.979797464	1552403175.03	8	7	8	7
"49"	1	1	1	1	0	0	135	100	0	0	-395.979797464	395.979797464	1552403175.06	8	6	8	6
"50"	1	1	1	1	0	0	135	100	0	0	-395.979797464	395.979797464	1552403175.1	8	6	8	6
"51"	1	1	1	1	0	0	135	100	0	0	-395.979797464	395.979797464	1552403175.13	8	6	8	6
"52"	1	1	1	1	0	0	135	100	0	0	-395.979797464	395.979797464	1552403175.17	8	6	8	6
"53"	1	1	1	1	0	0	135	100	0	0	-395.979797464	395.979797464	1552403175.2	8	6	8	6
"54"	1	1	1	1	0	0	135	100	0	0	-395.979797464	395.979797464	1552403175.23	8	7	8	7
"55"	1	1	1	1	0	0	135	100	0	0	-395.979797464	395.979797464	1552403175.27	8	7	8	7
"56"	1	1	1	1	0	0	135	100	0	0	-395.979797464	395.979797464	1552403175.3	8	7	8	7
"57"	1	1	1	1	0	0	135	100	0	0	-395.979797464	395.979797464	1552403175.33	8	7	8	7
"58"	1	1	1	1	0	0	135	100	0	0	-395.979797464	395.979797464	1552403175.37	8	7	8	7
"59"	1	1	1	1	0	0	135	100	0	0	-395.979797464	395.979797464	1552403175.4	9	7	9	7
"60"	1	1	1	1	0	0	135	100	0	0	-395.979797464	395.979797464	1552403175.43	9	8	9	8
"61"	1	1	1	1	0	0	135	100	0	0	-395.979797464	395.979797464	1552403175.47	9	8	9	8
"62"	1	1	1	1	0	0	135	100	0	0	-395.979797464	395.979797464	1552403175.5	9	8	9	8
"63"	1	1	1	1	0	0	135	100	0	0	-395.979797464	395.979797464	1552403175.53	9	8	9	8
"64"	1	1	1	1	0	0	135	100	0	0	-395.979797464	395.979797464	1552403175.57	9	7	9	7
"65"	1	1	1	1	0	0	135	100	0	0	-395.979797464	395.979797464	1552403175.6	9	7	9	7
"66"	1	1	1	1	0	0	135	100	0	0	-395.979797464	395.979797464	1552403175.63	9	8	9	8
"67"	1	1	1	1	0	0	135	100	0	0	-395.979797464	395.979797464	1552403175.67	9	7	9	7
"68"	1	1	1	1	0	0	135	100	0	0	-395.979797464	395.979797464	1552403175.7	9	7	9	7
"69"	1	1	1	1	0	0	135	100	0	0	-395.979797464	395.979797464	1552403175.73	9	7	9	7
"70"	1	1	1	1	0	0	135	100	0	0	-395.979797464	395.979797464	1552403175.77	9	7	9	7
"71"	1	1	1	1	0	0	135	100	0	0	-395.979797464	395.979797464	1552403175.8	9	6	9	6
"72"	1	1	1	1	0	0	135	100	0	0	-395.979797464	395.979797464	1552403175.83	9	6	9	6
"73"	1	1	1	1	0	0	135	100	0	0	-395.979797464	395.979797464	1552403175.87	9	7	9	7
"74"	1	1	1	1	0	0	135	100	0	0	-395.979797464	395.979797464	1552403175.9	9	7	9	7
"75"	1	1	1	1	0	0	135	100	0	0	-395.979797464	395.979797464	1552403175.93	9	7	9	7
"76"	1	1	1	1	0	0	135	100	0	0	-395.979797464	395.979797464	1552403175.97	9	7	9	7
"77"	1	1	1	1	0	0	135	100	0	0	-395.979797464	395.979797464	1552403176	9	8	9	8
"78"	1	1	1	1	0	0	135	100	0	0	-395.979797464	395.979797464	1552403176.03	10	8	10	8
"79"	1	1	1	1	0	0	135	100	0	0	-395.979797464	395.979797464	1552403176.07	11	7	11	7
"80"	1	1	1	1	0	0	135	100	0	0	-395.979797464	395.979797464	1552403176.1	11	7	11	7
"81"	1	1	1	1	0	0	135	100	0	0	-395.979797464	395.979797464	1552403176.13	11	6	11	6
"82"	1	1	1	1	0	0	135	100	0	0	-395.979797464	395.979797464	1552403176.17	11	6	11	6
"83"	1	1	1	1	0	0	135	100	0	0	-395.979797464	395.979797464	1552403176.2	10	7	10	7
"84"	1	1	1	1	0	0	135	100	0	0	-395.979797464	395.979797464	1552403176.23	10	7	10	7
"85"	1	1	1	1	0	0	135	100	0	0	-395.979797464	395.979797464	1552403176.27	10	7	10	7
"86"	1	1	1	1	0	0	135	100	0	0	-395.979797464	395.979797464	1552403176.3	10	7	10	7
"87"	1	1	1	1	0	0	135	100	0	0	-395.979797464	395.979797464	1552403176.33	11	7	11	7
"88"	1	1	1	1	0	0	135	100	0	0	-395.979797464	395.979797464	1552403176.37	11	7	11	7
"89"	1	1	1	1	0	0	135	100	0	0	-395.979797464	395.979797464	1552403176.4	11	7	11	7
"90"	1	1	1	1	0	0	135	100	0	0	-395.979797464	395.979797464	1552403176.43	11	7	11	7
"91"	1	1	1	1	0	0	135	100	0	0	-395.979797464	395.979797464	1552403176.47	11	7	11	7
"92"	1	1	1	1	0	0	135	100	0	0	-395.979797464	395.979797464	1552403176.5	10	8	10	8
"93"	1	1	1	1	0	0	135	100	0	0	-395.979797464	395.979797464	1552403176.53	3	9	3	9
"94"	1	1	1	1	0	0	135	100	0	0	-395.979797464	395.979797464	1552403176.57	-14	6	-14	6
"95"	1	1	1	1	0	0	135	100	0	0	-395.979797464	395.979797464	1552403176.6	-18	8	-18	8
"96"	1	1	1	1	0	0	135	100	0	0	-395.979797464	395.979797464	1552403176.63	-22	13	-22	13
"97"	1	1	1	1	0	0	135	100	0	0	-395.979797464	395.979797464	1552403176.67	-37	19	-37	19
"98"	1	1	1	1	0	0	135	100	0	0	-395.979797464	395.979797464	1552403176.7	-46	26	-46	26
"99"	1	1	1	1	0	0	135	100	0	0	-395.979797464	395.979797464	1552403176.73	-50	41	-50	41
"100"	1	1	1	1	0	0	135	100	0	0	-395.979797464	395.979797464	1552403176.77	-54	47	-54	47
"101"	1	1	1	1	0	0	135	100	0	0	-395.979797464	395.979797464	1552403176.8	-62	60	-62	60
"102"	1	1	1	1	0	0	135	100	0	0	-395.979797464	395.979797464	1552403176.83	-67	67	-67	67
"103"	1	1	1	1	0	0	135	100	0	0	-395.979797464	395.979797464	1552403176.87	-77	78	-77	78
"104"	1	1	1	1	0	0	135	100	0	0	-395.979797464	395.979797464	1552403176.9	-90	91	-90	91
"105"	1	1	1	1	0	0	135	100	0	0	-395.979797464	395.979797464	1552403176.93	-98	97	-98	97
"106"	1	1	1	1	0	0	135	100	0	0	-395.979797464	395.979797464	1552403176.97	-113	105	-113	105
"107"	1	1	1	1	0	0	135	100	0	0	-395.979797464	395.979797464	1552403177	-113	105	-113	105
"108"	1	1	1	1	0	0	135	100	0	0	-395.979797464	395.979797464	1552403177.03	-113	105	-113	105
"109"	1	1	1	1	0	0	135	100	0	0	-395.979797464	395.979797464	1552403177.07	-113	105	-113	105
"110"	1	1	1	1	0	0	135	100	0	0	-395.979797464	395.979797464	1552403177.1	-113	105	-113	105
"111"	1	1	1	1	0	0	135	100	0	0	-395.979797464	395.979797464	1552403177.13	-113	105	-113	105
"112"	1	1	1	1	0	0	135	100	0	0	-395.979797464	395.979797464	1552403177.17	-113	105	-113	105
"113"	1	1	1	1	0	0	135	100	0	0	-395.979797464	395.979797464	1552403177.2	-186	165	-186	165
"114"	1	1	1	1	0	0	135	100	0	0	-395.979797464	395.979797464	1552403177.23	-208	183	-208	183
"115"	1	1	1	1	0	0	135	100	0	0	-395.979797464	395.979797464	1552403177.27	-223	201	-223	201
"116"	1	1	1	1	0	0	135	100	0	0	-395.979797464	395.979797464	1552403177.3	-230	206	-230	206
"117"	1	1	1	1	0	0	135	100	0	0	-395.979797464	395.979797464	1552403177.33	-237	210	-237	210
"118"	1	1	1	1	0	0	135	100	0	0	-395.979797464	395.979797464	1552403177.37	-245	215	-245	215
"119"	1	1	1	1	0	0	135	100	0	0	-395.979797464	395.979797464	1552403177.4	-255	220	-255	220
"120"	1	1	1	1	0	0	135	100	0	0	-395.979797464	395.979797464	1552403177.43	-261	222	-261	222
"121"	1	1	1	1	0	0	135	100	0	0	-395.979797464	395.979797464	1552403177.47	-269	223	-269	223
"122"	1	1	1	1	0	0	135	100	0	0	-395.979797464	395.979797464	1552403177.5	-275	223	-275	223
"123"	1	1	1	1	0	0	135	100	0	0	-395.979797464	395.979797464	1552403177.53	-277	225	-277	225
"124"	1	1	1	1	0	0	135	100	0	0	-395.979797464	395.979797464	1552403177.57	-279	226	-279	226
"125"	1	1	1	1	0	0	135	100	0	0	-395.979797464	395.979797464	1552403177.6	-279	226	-279	226
"126"	1	1	1	1	0	0	135	100	0	0	-395.979797464	395.979797464	1552403177.63	-279	226	-279	226
"127"	1	1	1	1	0	0	135	100	0	0	-395.979797464	395.979797464	1552403177.67	-279	226	-279	226
"128"	1	1	1	1	0	0	135	100	0	0	-395.979797464	395.979797464	1552403177.7	-279	226	-279	226
"129"	1	1	1	1	0	0	135	100	0	0	-395.979797464	395.979797464	1552403177.73	-279	226	-279	226
"130"	1	1	1	1	0	0	135	100	0	0	-395.979797464	395.979797464	1552403177.77	-279	226	-279	226
"131"	1	1	1	1	0	0	135	100	0	0	-395.979797464	395.979797464	1552403177.8	-279	226	-279	226
"132"	1	1	1	1	0	0	135	100	0	0	-395.979797464	395.979797464	1552403177.83	-279	226	-279	226
"133"	1	1	1	1	0	0	135	100	0	0	-395.979797464	395.979797464	1552403177.87	-279	226	-279	226
"134"	1	1	1	1	0	0	135	100	0	0	-395.979797464	395.979797464	1552403177.9	-279	226	-279	226
"135"	1	1	1	1	0	0	135	100	0	0	-395.979797464	395.979797464	1552403177.93	-279	226	-279	226
"136"	1	1	1	1	0	0	135	100	0	0	-395.979797464	395.979797464	1552403177.97	-279	226	-279	226
"137"	1	1	1	1	0	0	135	100	0	0	-395.979797464	395.979797464	1552403178	-279	226	-279	226
"138"	1	1	1	1	0	0	135	100	0	0	-395.979797464	395.979797464	1552403178.03	-279	226	-279	226
"139"	1	1	1	1	0	0	135	100	0	0	-395.979797464	395.979797464	1552403178.07	-339	347	-339	347
"140"	1	1	1	1	0	0	135	100	0	0	-395.979797464	395.979797464	1552403178.1	-336	348	-336	348
"141"	1	1	1	1	0	0	135	100	0	0	-395.979797464	395.979797464	1552403178.13	-337	353	-337	353
"142"	1	1	1	1	0	0	135	100	0	0	-395.979797464	395.979797464	1552403178.17	-339	367	-339	367
"143"	1	1	1	1	0	0	135	100	0	0	-395.979797464	395.979797464	1552403178.2	-342	381	-342	381
"144"	1	1	1	1	0	0	135	100	0	0	-395.979797464	395.979797464	1552403178.23	-351	395	-351	395
"145"	1	1	1	1	0	0	135	100	0	0	-395.979797464	395.979797464	1552403178.27	-361	407	-361	407
"146"	1	1	1	1	0	0	135	100	0	0	-395.979797464	395.979797464	1552403178.3	-371	418	-371	418
"147"	1	1	1	1	0	0	135	100	0	0	-395.979797464	395.979797464	1552403178.33	-379	426	-379	426
"148"	1	1	1	1	0	0	135	100	0	0	-395.979797464	395.979797464	1552403178.37	-383	427	-383	427
"149"	1	1	1	1	0	0	135	100	0	0	-395.979797464	395.979797464	1552403178.4	-385	427	-385	427
"150"	1	1	1	1	0	0	135	100	0	0	-395.979797464	395.979797464	1552403178.43	-387	427	-387	427
"151"	1	1	1	1	0	0	135	100	0	0	-395.979797464	395.979797464	1552403178.47	-392	425	-392	425
"152"	1	1	1	1	0	0	135	100	0	0	-395.979797464	395.979797464	1552403178.5	-397	417	-397	417
"153"	1	1	1	1	0	0	135	100	0	0	-395.979797464	395.979797464	1552403178.53	-397	417	-397	417
"154"	1	1	1	1	0	0	135	100	0	0	-395.979797464	395.979797464	1552403178.57	-398	411	-398	411
"155"	1	1	1	1	0	0	135	100	0	0	-395.979797464	395.979797464	1552403178.6	-399	411	-399	411
"156"	1	1	1	1	0	0	135	100	0	0	-395.979797464	395.979797464	1552403178.63	-402	412	-402	412
"157"	1	1	1	1	0	0	135	100	0	0	-395.979797464	395.979797464	1552403178.67	-406	402	-406	402
"158"	1	1	1	1	0	0	135	100	0	0	-395.979797464	395.979797464	1552403178.7	-406	398	-406	398
"159"	1	1	1	1	0	0	135	100	0	0	-395.979797464	395.979797464	1552403178.73	-406	395	-406	395
"160"	1	1	1	1	0	0	135	100	0	0	-395.979797464	395.979797464	1552403178.77	-406	393	-406	393
"161"	1	1	1	1	0	0	135	100	0	0	-395.979797464	395.979797464	1552403178.8	-404	393	-404	393
"162"	1	1	1	1	0	0	135	100	0	0	-395.979797464	395.979797464	1552403178.83	-403	395	-403	395
"163"	1	1	1	1	0	0	135	100	0	0	-395.979797464	395.979797464	1552403178.87	-402	394	-402	394
"164"	1	1	1	1	0	0	135	100	0	0	-395.979797464	395.979797464	1552403178.9	-399	394	-399	394
"165"	1	1	1	1	0	0	135	100	0	0	-395.979797464	395.979797464	1552403178.93	-396	397	-396	397
"166"	1	1	1	1	0	0	135	100	0	0	-395.979797464	395.979797464	1552403178.97	-392	397	-392	397
"167"	1	1	1	1	0	0	135	100	0	0	-395.979797464	395.979797464	1552403179	-388	399	-388	399
"168"	1	1	1	2	0	0	45	100	0	0	395.979797464	395.979797464	1552403187.12	3	5	3	5
"169"	1	1	1	2	0	0	45	100	0	0	395.979797464	395.979797464	1552403187.14	3	5	3	5
"170"	1	1	1	2	0	0	45	100	0	0	395.979797464	395.979797464	1552403187.17	3	5	3	5
"171"	1	1	1	2	0	0	45	100	0	0	395.979797464	395.979797464	1552403187.21	3	5	3	5
"172"	1	1	1	2	0	0	45	100	0	0	395.979797464	395.979797464	1552403187.24	3	4	3	4
"173"	1	1	1	2	0	0	45	100	0	0	395.979797464	395.979797464	1552403187.27	4	-1	4	-1
"174"	1	1	1	2	0	0	45	100	0	0	395.979797464	395.979797464	1552403187.31	4	-3	4	-3
"175"	1	1	1	2	0	0	45	100	0	0	395.979797464	395.979797464	1552403187.34	4	-4	4	-4
"176"	1	1	1	2	0	0	45	100	0	0	395.979797464	395.979797464	1552403187.37	4	-3	4	-3
"177"	1	1	1	2	0	0	45	100	0	0	395.979797464	395.979797464	1552403187.41	4	-3	4	-3
"178"	1	1	1	2	0	0	45	100	0	0	395.979797464	395.979797464	1552403187.44	4	-3	4	-3
"179"	1	1	1	2	0	0	45	100	0	0	395.979797464	395.979797464	1552403187.47	4	-3	4	-3
"180"	1	1	1	2	0	0	45	100	0	0	395.979797464	395.979797464	1552403187.51	4	-3	4	-3
"181"	1	1	1	2	0	0	45	100	0	0	395.979797464	395.979797464	1552403187.54	4	-3	4	-3
"182"	1	1	1	2	0	0	45	100	0	0	395.979797464	395.979797464	1552403187.57	4	-3	4	-3
"183"	1	1	1	2	0	0	45	100	0	0	395.979797464	395.979797464	1552403187.61	4	-3	4	-3
"184"	1	1	1	2	0	0	45	100	0	0	395.979797464	395.979797464	1552403187.64	4	-3	4	-3
"185"	1	1	1	2	0	0	45	100	0	0	395.979797464	395.979797464	1552403187.67	4	-3	4	-3
"186"	1	1	1	2	0	0	45	100	0	0	395.979797464	395.979797464	1552403187.71	4	-3	4	-3
"187"	1	1	1	2	0	0	45	100	0	0	395.979797464	395.979797464	1552403187.74	4	-3	4	-3
"188"	1	1	1	2	0	0	45	100	0	0	395.979797464	395.979797464	1552403187.77	4	-3	4	-3
"189"	1	1	1	2	0	0	45	100	0	0	395.979797464	395.979797464	1552403187.81	4	-3	4	-3
"190"	1	1	1	2	0	0	45	100	0	0	395.979797464	395.979797464	1552403187.84	4	-3	4	-3
"191"	1	1	1	2	0	0	45	100	0	0	395.979797464	395.979797464	1552403187.87	4	-3	4	-3
"192"	1	1	1	2	0	0	45	100	0	0	395.979797464	395.979797464	1552403187.91	4	-3	4	-3
"193"	1	1	1	2	0	0	45	100	0	0	395.979797464	395.979797464	1552403187.94	4	-2	4	-2
"194"	1	1	1	2	0	0	45	100	0	0	395.979797464	395.979797464	1552403187.97	4	-2	4	-2
"195"	1	1	1	2	0	0	45	100	0	0	395.979797464	395.979797464	1552403188.01	4	-2	4	-2
"196"	1	1	1	2	0	0	45	100	0	0	395.979797464	395.979797464	1552403188.04	4	-2	4	-2
"197"	1	1	1	2	0	0	45	100	0	0	395.979797464	395.979797464	1552403188.08	4	-2	4	-2
"198"	1	1	1	2	0	0	45	100	0	0	395.979797464	395.979797464	1552403188.11	4	-2	4	-2
"199"	1	1	1	2	0	0	45	100	0	0	395.979797464	395.979797464	1552403188.14	4	-2	4	-2
"200"	1	1	1	2	0	0	45	100	0	0	395.979797464	395.979797464	1552403188.18	4	-2	4	-2
"201"	1	1	1	2	0	0	45	100	0	0	395.979797464	395.979797464	1552403188.21	4	-2	4	-2
"202"	1	1	1	2	0	0	45	100	0	0	395.979797464	395.979797464	1552403188.24	4	-2	4	-2
"203"	1	1	1	2	0	0	45	100	0	0	395.979797464	395.979797464	1552403188.28	4	-2	4	-2
"204"	1	1	1	2	0	0	45	100	0	0	395.979797464	395.979797464	1552403188.31	4	-2	4	-2
"205"	1	1	1	2	0	0	45	100	0	0	395.979797464	395.979797464	1552403188.34	4	-2	4	-2
"206"	1	1	1	2	0	0	45	100	0	0	395.979797464	395.979797464	1552403188.38	4	-2	4	-2
"207"	1	1	1	2	0	0	45	100	0	0	395.979797464	395.979797464	1552403188.41	4	-2	4	-2
"208"	1	1	1	2	0	0	45	100	0	0	395.979797464	395.979797464	1552403188.44	4	-2	4	-2
"209"	1	1	1	2	0	0	45	100	0	0	395.979797464	395.979797464	1552403188.48	4	-2	4	-2
"210"	1	1	1	2	0	0	45	100	0	0	395.979797464	395.979797464	1552403188.51	4	-2	4	-2
"211"	1	1	1	2	0	0	45	100	0	0	395.979797464	395.979797464	1552403188.54	5	-2	5	-2
"212"	1	1	1	2	0	0	45	100	0	0	395.979797464	395.979797464	1552403188.58	5	-1	5	-1
"213"	1	1	1	2	0	0	45	100	0	0	395.979797464	395.979797464	1552403188.61	7	1	7	1
"214"	1	1	1	2	0	0	45	100	0	0	395.979797464	395.979797464	1552403188.64	7	1	7	1
"215"	1	1	1	2	0	0	45	100	0	0	395.979797464	395.979797464	1552403188.68	8	2	8	2
"216"	1	1	1	2	0	0	45	100	0	0	395.979797464	395.979797464	1552403188.71	9	3	9	3
"217"	1	1	1	2	0	0	45	100	0	0	395.979797464	395.979797464	1552403188.74	10	4	10	4
"218"	1	1	1	2	0	0	45	100	0	0	395.979797464	395.979797464	1552403188.78	13	7	13	7
"219"	1	1	1	2	0	0	45	100	0	0	395.979797464	395.979797464	1552403188.81	16	10	16	10
"220"	1	1	1	2	0	0	45	100	0	0	395.979797464	395.979797464	1552403188.84	18	12	18	12
"221"	1	1	1	2	0	0	45	100	0	0	395.979797464	395.979797464	1552403188.88	19	13	19	13
"222"	1	1	1	2	0	0	45	100	0	0	395.979797464	395.979797464	1552403188.91	20	14	20	14
"223"	1	1	1	2	0	0	45	100	0	0	395.979797464	395.979797464	1552403188.94	20	14	20	14
"224"	1	1	1	2	0	0	45	100	0	0	395.979797464	395.979797464	1552403188.98	20	14	20	14
"225"	1	1	1	2	0	0	45	100	0	0	395.979797464	395.979797464	1552403189.01	20	14	20	14
"226"	1	1	1	2	0	0	45	100	0	0	395.979797464	395.979797464	1552403189.04	20	14	20	14
"227"	1	1	1	2	0	0	45	100	0	0	395.979797464	395.979797464	1552403189.08	20	14	20	14
"228"	1	1	1	2	0	0	45	100	0	0	395.979797464	395.979797464	1552403189.11	20	14	20	14
"229"	1	1	1	2	0	0	45	100	0	0	395.979797464	395.979797464	1552403189.14	20	14	20	14
"230"	1	1	1	2	0	0	45	100	0	0	395.979797464	395.979797464	1552403189.18	20	14	20	14
"231"	1	1	1	2	0	0	45	100	0	0	395.979797464	395.979797464	1552403189.21	20	14	20	14
"232"	1	1	1	2	0	0	45	100	0	0	395.979797464	395.979797464	1552403189.24	20	14	20	14
"233"	1	1	1	2	0	0	45	100	0	0	395.979797464	395.979797464	1552403189.28	20	14	20	14
"234"	1	1	1	2	0	0	45	100	0	0	395.979797464	395.979797464	1552403189.31	20	14	20	14
"235"	1	1	1	2	0	0	45	100	0	0	395.979797464	395.979797464	1552403189.34	20	14	20	14
"236"	1	1	1	2	0	0	45	100	0	0	395.979797464	395.979797464	1552403189.38	20	14	20	14
"237"	1	1	1	2	0	0	45	100	0	0	395.979797464	395.979797464	1552403189.41	20	14	20	14
"238"	1	1	1	2	0	0	45	100	0	0	395.979797464	395.979797464	1552403189.44	21	14	21	14
"239"	1	1	1	2	0	0	45	100	0	0	395.979797464	395.979797464	1552403189.48	21	15	21	15
"240"	1	1	1	2	0	0	45	100	0	0	395.979797464	395.979797464	1552403189.51	22	15	22	15
"241"	1	1	1	2	0	0	45	100	0	0	395.979797464	395.979797464	1552403189.54	22	15	22	15
"242"	1	1	1	2	0	0	45	100	0	0	395.979797464	395.979797464	1552403189.58	23	16	23	16
"243"	1	1	1	2	0	0	45	100	0	0	395.979797464	395.979797464	1552403189.61	24	16	24	16
"244"	1	1	1	2	0	0	45	100	0	0	395.979797464	395.979797464	1552403189.64	25	16	25	16
"245"	1	1	1	2	0	0	45	100	0	0	395.979797464	395.979797464	1552403189.68	25	17	25	17
"246"	1	1	1	2	0	0	45	100	0	0	395.979797464	395.979797464	1552403189.71	25	17	25	17
"247"	1	1	1	2	0	0	45	100	0	0	395.979797464	395.979797464	1552403189.74	25	17	25	17
"248"	1	1	1	2	0	0	45	100	0	0	395.979797464	395.979797464	1552403189.78	25	17	25	17
"249"	1	1	1	2	0	0	45	100	0	0	395.979797464	395.979797464	1552403189.81	25	17	25	17
"250"	1	1	1	2	0	0	45	100	0	0	395.979797464	395.979797464	1552403189.84	25	17	25	17
"251"	1	1	1	2	0	0	45	100	0	0	395.979797464	395.979797464	1552403189.88	25	17	25	17
"252"	1	1	1	2	0	0	45	100	0	0	395.979797464	395.979797464	1552403189.91	25	17	25	17
"253"	1	1	1	2	0	0	45	100	0	0	395.979797464	395.979797464	1552403189.94	25	17	25	17
"254"	1	1	1	2	0	0	45	100	0	0	395.979797464	395.979797464	1552403189.98	25	17	25	17
"255"	1	1	1	2	0	0	45	100	0	0	395.979797464	395.979797464	1552403190.01	25	17	25	17
"256"	1	1	1	2	0	0	45	100	0	0	395.979797464	395.979797464	1552403190.04	25	17	25	17
"257"	1	1	1	2	0	0	45	100	0	0	395.979797464	395.979797464	1552403190.08	25	17	25	17
"258"	1	1	1	2	0	0	45	100	0	0	395.979797464	395.979797464	1552403190.11	25	17	25	17
"259"	1	1	1	2	0	0	45	100	0	0	395.979797464	395.979797464	1552403190.14	25	17	25	17
"260"	1	1	1	2	0	0	45	100	0	0	395.979797464	395.979797464	1552403190.18	25	17	25	17
"261"	1	1	1	2	0	0	45	100	0	0	395.979797464	395.979797464	1552403190.21	25	17	25	17
"262"	1	1	1	2	0	0	45	100	0	0	395.979797464	395.979797464	1552403190.24	25	17	25	17
"263"	1	1	1	2	0	0	45	100	0	0	395.979797464	395.979797464	1552403190.28	25	17	25	17
"264"	1	1	1	2	0	0	45	100	0	0	395.979797464	395.979797464	1552403190.31	25	17	25	17
"265"	1	1	1	2	0	0	45	100	0	0	395.979797464	395.979797464	1552403190.34	25	17	25	17
"266"	1	1	1	2	0	0	45	100	0	0	395.979797464	395.979797464	1552403190.38	25	17	25	17
"267"	1	1	1	2	0	0	45	100	0	0	395.979797464	395.979797464	1552403190.41	25	17	25	17
"268"	1	1	1	2	0	0	45	100	0	0	395.979797464	395.979797464	1552403190.44	25	17	25	17
"269"	1	1	1	2	0	0	45	100	0	0	395.979797464	395.979797464	1552403190.48	28	20	28	20
"270"	1	1	1	2	0	0	45	100	0	0	395.979797464	395.979797464	1552403190.51	33	25	33	25
"271"	1	1	1	2	0	0	45	100	0	0	395.979797464	395.979797464	1552403190.54	38	30	38	30
"272"	1	1	1	2	0	0	45	100	0	0	395.979797464	395.979797464	1552403190.58	46	36	46	36
"273"	1	1	1	2	0	0	45	100	0	0	395.979797464	395.979797464	1552403190.61	54	42	54	42
"274"	1	1	1	2	0	0	45	100	0	0	395.979797464	395.979797464	1552403190.64	59	47	59	47
"275"	1	1	1	2	0	0	45	100	0	0	395.979797464	395.979797464	1552403190.68	62	49	62	49
"276"	1	1	1	2	0	0	45	100	0	0	395.979797464	395.979797464	1552403190.71	67	53	67	53
"277"	1	1	1	2	0	0	45	100	0	0	395.979797464	395.979797464	1552403190.74	72	57	72	57
"278"	1	1	1	2	0	0	45	100	0	0	395.979797464	395.979797464	1552403190.78	76	61	76	61
"279"	1	1	1	2	0	0	45	100	0	0	395.979797464	395.979797464	1552403190.81	84	69	84	69
"280"	1	1	1	2	0	0	45	100	0	0	395.979797464	395.979797464	1552403190.84	97	82	97	82
"281"	1	1	1	2	0	0	45	100	0	0	395.979797464	395.979797464	1552403190.88	110	95	110	95
"282"	1	1	1	2	0	0	45	100	0	0	395.979797464	395.979797464	1552403190.91	125	112	125	112
"283"	1	1	1	2	0	0	45	100	0	0	395.979797464	395.979797464	1552403190.94	141	130	141	130
"284"	1	1	1	2	0	0	45	100	0	0	395.979797464	395.979797464	1552403190.98	159	148	159	148
"285"	1	1	1	2	0	0	45	100	0	0	395.979797464	395.979797464	1552403191.01	172	162	172	162
"286"	1	1	1	2	0	0	45	100	0	0	395.979797464	395.979797464	1552403191.04	186	177	186	177
"287"	1	1	1	2	0	0	45	100	0	0	395.979797464	395.979797464	1552403191.08	201	193	201	193
"288"	1	1	1	2	0	0	45	100	0	0	395.979797464	395.979797464	1552403191.11	213	207	213	207
"289"	1	1	1	2	0	0	45	100	0	0	395.979797464	395.979797464	1552403191.14	230	225	230	225
"290"	1	1	1	2	0	0	45	100	0	0	395.979797464	395.979797464	1552403191.18	252	250	252	250
"291"	1	1	1	2	0	0	45	100	0	0	395.979797464	395.979797464	1552403191.21	264	265	264	265
"292"	1	1	1	2	0	0	45	100	0	0	395.979797464	395.979797464	1552403191.24	278	280	278	280
"293"	1	1	1	2	0	0	45	100	0	0	395.979797464	395.979797464	1552403191.28	294	297	294	297
"294"	1	1	1	2	0	0	45	100	0	0	395.979797464	395.979797464	1552403191.31	308	312	308	312
"295"	1	1	1	2	0	0	45	100	0	0	395.979797464	395.979797464	1552403191.34	321	326	321	326
"296"	1	1	1	2	0	0	45	100	0	0	395.979797464	395.979797464	1552403191.38	338	341	338	341
"297"	1	1	1	2	0	0	45	100	0	0	395.979797464	395.979797464	1552403191.41	355	358	355	358
"298"	1	1	1	2	0	0	45	100	0	0	395.979797464	395.979797464	1552403191.44	367	372	367	372
"299"	1	1	1	2	0	0	45	100	0	0	395.979797464	395.979797464	1552403191.48	377	380	377	380
"300"	1	1	1	2	0	0	45	100	0	0	395.979797464	395.979797464	1552403191.51	387	388	387	388
"301"	1	1	1	2	0	0	45	100	0	0	395.979797464	395.979797464	1552403191.54	393	392	393	392
"302"	1	1	1	2	0	0	45	100	0	0	395.979797464	395.979797464	1552403191.58	395	394	395	394
"303"	1	1	1	2	0	0	45	100	0	0	395.979797464	395.979797464	1552403191.61	399	398	399	398
"304"	1	1	1	2	0	0	45	100	0	0	395.979797464	395.979797464	1552403191.64	402	400	402	400
"305"	1	1	1	2	0	0	45	100	0	0	395.979797464	395.979797464	1552403191.68	403	401	403	401
"306"	1	1	1	3	0	0	90	100	0	0	3.42901103761e-14	560	1552403193.63	-10	-4	-10	-4
"307"	1	1	1	3	0	0	90	100	0	0	3.42901103761e-14	560	1552403193.65	-10	-4	-10	-4
"308"	1	1	1	3	0	0	90	100	0	0	3.42901103761e-14	560	1552403193.68	-10	-4	-10	-4
"309"	1	1	1	3	0	0	90	100	0	0	3.42901103761e-14	560	1552403193.71	-10	-4	-10	-4
"310"	1	1	1	3	0	0	90	100	0	0	3.42901103761e-14	560	1552403193.75	-9	-4	-9	-4
"311"	1	1	1	3	0	0	90	100	0	0	3.42901103761e-14	560	1552403193.78	-7	-4	-7	-4
"312"	1	1	1	3	0	0	90	100	0	0	3.42901103761e-14	560	1552403193.81	-5	-4	-5	-4
"313"	1	1	1	3	0	0	90	100	0	0	3.42901103761e-14	560	1552403193.85	-2	-2	-2	-2
"314"	1	1	1	3	0	0	90	100	0	0	3.42901103761e-14	560	1552403193.88	0	-2	0	-2
"315"	1	1	1	3	0	0	90	100	0	0	3.42901103761e-14	560	1552403193.91	0	-1	0	-1
"316"	1	1	1	3	0	0	90	100	0	0	3.42901103761e-14	560	1552403193.95	0	-1	0	-1
"317"	1	1	1	3	0	0	90	100	0	0	3.42901103761e-14	560	1552403193.98	0	-1	0	-1
"318"	1	1	1	3	0	0	90	100	0	0	3.42901103761e-14	560	1552403194.01	0	-1	0	-1
"319"	1	1	1	3	0	0	90	100	0	0	3.42901103761e-14	560	1552403194.05	0	-1	0	-1
"320"	1	1	1	3	0	0	90	100	0	0	3.42901103761e-14	560	1552403194.08	0	-2	0	-2
"321"	1	1	1	3	0	0	90	100	0	0	3.42901103761e-14	560	1552403194.11	0	-2	0	-2
"322"	1	1	1	3	0	0	90	100	0	0	3.42901103761e-14	560	1552403194.15	0	-2	0	-2
"323"	1	1	1	3	0	0	90	100	0	0	3.42901103761e-14	560	1552403194.18	0	-2	0	-2
"324"	1	1	1	3	0	0	90	100	0	0	3.42901103761e-14	560	1552403194.21	0	-2	0	-2
"325"	1	1	1	3	0	0	90	100	0	0	3.42901103761e-14	560	1552403194.25	0	-1	0	-1
"326"	1	1	1	3	0	0	90	100	0	0	3.42901103761e-14	560	1552403194.28	0	-1	0	-1
"327"	1	1	1	3	0	0	90	100	0	0	3.42901103761e-14	560	1552403194.31	0	2	0	2
"328"	1	1	1	3	0	0	90	100	0	0	3.42901103761e-14	560	1552403194.35	0	5	0	5
"329"	1	1	1	3	0	0	90	100	0	0	3.42901103761e-14	560	1552403194.38	1	7	1	7
"330"	1	1	1	3	0	0	90	100	0	0	3.42901103761e-14	560	1552403194.41	1	7	1	7
"331"	1	1	1	3	0	0	90	100	0	0	3.42901103761e-14	560	1552403194.45	1	7	1	7
"332"	1	1	1	3	0	0	90	100	0	0	3.42901103761e-14	560	1552403194.48	1	7	1	7
"333"	1	1	1	3	0	0	90	100	0	0	3.42901103761e-14	560	1552403194.51	1	7	1	7
"334"	1	1	1	3	0	0	90	100	0	0	3.42901103761e-14	560	1552403194.55	1	7	1	7
"335"	1	1	1	3	0	0	90	100	0	0	3.42901103761e-14	560	1552403194.58	1	7	1	7
"336"	1	1	1	3	0	0	90	100	0	0	3.42901103761e-14	560	1552403194.61	1	7	1	7
"337"	1	1	1	3	0	0	90	100	0	0	3.42901103761e-14	560	1552403194.65	1	7	1	7
"338"	1	1	1	3	0	0	90	100	0	0	3.42901103761e-14	560	1552403194.68	1	10	1	10
"339"	1	1	1	3	0	0	90	100	0	0	3.42901103761e-14	560	1552403194.71	2	12	2	12
"340"	1	1	1	3	0	0	90	100	0	0	3.42901103761e-14	560	1552403194.75	2	12	2	12
"341"	1	1	1	3	0	0	90	100	0	0	3.42901103761e-14	560	1552403194.78	2	13	2	13
"342"	1	1	1	3	0	0	90	100	0	0	3.42901103761e-14	560	1552403194.81	2	13	2	13
"343"	1	1	1	3	0	0	90	100	0	0	3.42901103761e-14	560	1552403194.85	2	14	2	14
"344"	1	1	1	3	0	0	90	100	0	0	3.42901103761e-14	560	1552403194.88	3	18	3	18
"345"	1	1	1	3	0	0	90	100	0	0	3.42901103761e-14	560	1552403194.91	4	26	4	26
"346"	1	1	1	3	0	0	90	100	0	0	3.42901103761e-14	560	1552403194.95	4	39	4	39
"347"	1	1	1	3	0	0	90	100	0	0	3.42901103761e-14	560	1552403194.98	5	58	5	58
"348"	1	1	1	3	0	0	90	100	0	0	3.42901103761e-14	560	1552403195.01	9	76	9	76
"349"	1	1	1	3	0	0	90	100	0	0	3.42901103761e-14	560	1552403195.05	11	88	11	88
"350"	1	1	1	3	0	0	90	100	0	0	3.42901103761e-14	560	1552403195.08	11	101	11	101
"351"	1	1	1	3	0	0	90	100	0	0	3.42901103761e-14	560	1552403195.11	12	116	12	116
"352"	1	1	1	3	0	0	90	100	0	0	3.42901103761e-14	560	1552403195.15	13	129	13	129
"353"	1	1	1	3	0	0	90	100	0	0	3.42901103761e-14	560	1552403195.18	14	145	14	145
"354"	1	1	1	3	0	0	90	100	0	0	3.42901103761e-14	560	1552403195.21	16	161	16	161
"355"	1	1	1	3	0	0	90	100	0	0	3.42901103761e-14	560	1552403195.25	16	175	16	175
"356"	1	1	1	3	0	0	90	100	0	0	3.42901103761e-14	560	1552403195.28	17	190	17	190
"357"	1	1	1	3	0	0	90	100	0	0	3.42901103761e-14	560	1552403195.31	18	205	18	205
"358"	1	1	1	3	0	0	90	100	0	0	3.42901103761e-14	560	1552403195.35	18	220	18	220
"359"	1	1	1	3	0	0	90	100	0	0	3.42901103761e-14	560	1552403195.38	17	230	17	230
"360"	1	1	1	3	0	0	90	100	0	0	3.42901103761e-14	560	1552403195.41	17	243	17	243
"361"	1	1	1	3	0	0	90	100	0	0	3.42901103761e-14	560	1552403195.45	16	257	16	257
"362"	1	1	1	3	0	0	90	100	0	0	3.42901103761e-14	560	1552403195.48	16	267	16	267
"363"	1	1	1	3	0	0	90	100	0	0	3.42901103761e-14	560	1552403195.51	15	278	15	278
"364"	1	1	1	3	0	0	90	100	0	0	3.42901103761e-14	560	1552403195.55	15	289	15	289
"365"	1	1	1	3	0	0	90	100	0	0	3.42901103761e-14	560	1552403195.58	14	297	14	297
"366"	1	1	1	3	0	0	90	100	0	0	3.42901103761e-14	560	1552403195.61	13	308	13	308
"367"	1	1	1	3	0	0	90	100	0	0	3.42901103761e-14	560	1552403195.65	12	318	12	318
"368"	1	1	1	3	0	0	90	100	0	0	3.42901103761e-14	560	1552403195.68	10	332	10	332
"369"	1	1	1	3	0	0	90	100	0	0	3.42901103761e-14	560	1552403195.71	8	345	8	345
"370"	1	1	1	3	0	0	90	100	0	0	3.42901103761e-14	560	1552403195.75	6	361	6	361
"371"	1	1	1	3	0	0	90	100	0	0	3.42901103761e-14	560	1552403195.78	2	378	2	378
"372"	1	1	1	3	0	0	90	100	0	0	3.42901103761e-14	560	1552403195.81	0	391	0	391
"373"	1	1	1	3	0	0	90	100	0	0	3.42901103761e-14	560	1552403195.85	-3	405	-3	405
"374"	1	1	1	3	0	0	90	100	0	0	3.42901103761e-14	560	1552403195.88	-4	419	-4	419
"375"	1	1	1	3	0	0	90	100	0	0	3.42901103761e-14	560	1552403195.91	-6	433	-6	433
"376"	1	1	1	3	0	0	90	100	0	0	3.42901103761e-14	560	1552403195.95	-7	447	-7	447
"377"	1	1	1	3	0	0	90	100	0	0	3.42901103761e-14	560	1552403195.98	-8	459	-8	459
"378"	1	1	1	3	0	0	90	100	0	0	3.42901103761e-14	560	1552403196.01	-10	472	-10	472
"379"	1	1	1	3	0	0	90	100	0	0	3.42901103761e-14	560	1552403196.05	-10	482	-10	482
"380"	1	1	1	3	0	0	90	100	0	0	3.42901103761e-14	560	1552403196.08	-12	492	-12	492
"381"	1	1	1	3	0	0	90	100	0	0	3.42901103761e-14	560	1552403196.11	-13	499	-13	499
"382"	1	1	1	3	0	0	90	100	0	0	3.42901103761e-14	560	1552403196.15	-13	504	-13	504
"383"	1	1	1	3	0	0	90	100	0	0	3.42901103761e-14	560	1552403196.18	-12	510	-12	510
"384"	1	1	1	3	0	0	90	100	0	0	3.42901103761e-14	560	1552403196.21	-12	514	-12	514
"385"	1	1	1	3	0	0	90	100	0	0	3.42901103761e-14	560	1552403196.25	-11	520	-11	520
"386"	1	1	1	3	0	0	90	100	0	0	3.42901103761e-14	560	1552403196.28	-9	523	-9	523
"387"	1	1	1	3	0	0	90	100	0	0	3.42901103761e-14	560	1552403196.31	-7	527	-7	527
"388"	1	1	1	3	0	0	90	100	0	0	3.42901103761e-14	560	1552403196.35	-5	531	-5	531
"389"	1	1	1	3	0	0	90	100	0	0	3.42901103761e-14	560	1552403196.38	-3	535	-3	535
"390"	1	1	1	3	0	0	90	100	0	0	3.42901103761e-14	560	1552403196.41	-1	540	-1	540
"391"	1	1	1	3	0	0	90	100	0	0	3.42901103761e-14	560	1552403196.45	0	544	0	544
"392"	1	1	1	3	0	0	90	100	0	0	3.42901103761e-14	560	1552403196.48	1	547	1	547
"393"	1	1	1	3	0	0	90	100	0	0	3.42901103761e-14	560	1552403196.51	3	550	3	550
"394"	1	1	1	3	0	0	90	100	0	0	3.42901103761e-14	560	1552403196.55	3	554	3	554
"395"	1	1	1	3	0	0	90	100	0	0	3.42901103761e-14	560	1552403196.58	4	556	4	556
"396"	1	1	1	3	0	0	90	100	0	0	3.42901103761e-14	560	1552403196.62	4	559	4	559
"397"	1	1	1	3	0	0	90	100	0	0	3.42901103761e-14	560	1552403196.65	5	562	5	562
"398"	1	1	1	4	0	0	45	100	0	0	395.979797464	395.979797464	1552403199.36	3	-3	3	-3
"399"	1	1	1	4	0	0	45	100	0	0	395.979797464	395.979797464	1552403199.38	3	-3	3	-3
"400"	1	1	1	4	0	0	45	100	0	0	395.979797464	395.979797464	1552403199.42	3	-3	3	-3
"401"	1	1	1	4	0	0	45	100	0	0	395.979797464	395.979797464	1552403199.45	3	-3	3	-3
"402"	1	1	1	4	0	0	45	100	0	0	395.979797464	395.979797464	1552403199.48	3	-3	3	-3
"403"	1	1	1	4	0	0	45	100	0	0	395.979797464	395.979797464	1552403199.52	3	-3	3	-3
"404"	1	1	1	4	0	0	45	100	0	0	395.979797464	395.979797464	1552403199.55	3	-3	3	-3
"405"	1	1	1	4	0	0	45	100	0	0	395.979797464	395.979797464	1552403199.58	3	-3	3	-3
"406"	1	1	1	4	0	0	45	100	0	0	395.979797464	395.979797464	1552403199.62	3	-3	3	-3
"407"	1	1	1	4	0	0	45	100	0	0	395.979797464	395.979797464	1552403199.65	3	-3	3	-3
"408"	1	1	1	4	0	0	45	100	0	0	395.979797464	395.979797464	1552403199.68	3	-2	3	-2
"409"	1	1	1	4	0	0	45	100	0	0	395.979797464	395.979797464	1552403199.72	3	-2	3	-2
"410"	1	1	1	4	0	0	45	100	0	0	395.979797464	395.979797464	1552403199.75	6	-2	6	-2
"411"	1	1	1	4	0	0	45	100	0	0	395.979797464	395.979797464	1552403199.78	6	-1	6	-1
"412"	1	1	1	4	0	0	45	100	0	0	395.979797464	395.979797464	1552403199.82	6	-1	6	-1
"413"	1	1	1	4	0	0	45	100	0	0	395.979797464	395.979797464	1552403199.85	6	-1	6	-1
"414"	1	1	1	4	0	0	45	100	0	0	395.979797464	395.979797464	1552403199.88	7	-1	7	-1
"415"	1	1	1	4	0	0	45	100	0	0	395.979797464	395.979797464	1552403199.92	7	0	7	0
"416"	1	1	1	4	0	0	45	100	0	0	395.979797464	395.979797464	1552403199.95	8	1	8	1
"417"	1	1	1	4	0	0	45	100	0	0	395.979797464	395.979797464	1552403199.98	11	4	11	4
"418"	1	1	1	4	0	0	45	100	0	0	395.979797464	395.979797464	1552403200.02	14	7	14	7
"419"	1	1	1	4	0	0	45	100	0	0	395.979797464	395.979797464	1552403200.05	17	11	17	11
"420"	1	1	1	4	0	0	45	100	0	0	395.979797464	395.979797464	1552403200.08	23	17	23	17
"421"	1	1	1	4	0	0	45	100	0	0	395.979797464	395.979797464	1552403200.12	27	22	27	22
"422"	1	1	1	4	0	0	45	100	0	0	395.979797464	395.979797464	1552403200.15	32	26	32	26
"423"	1	1	1	4	0	0	45	100	0	0	395.979797464	395.979797464	1552403200.18	36	29	36	29
"424"	1	1	1	4	0	0	45	100	0	0	395.979797464	395.979797464	1552403200.22	41	34	41	34
"425"	1	1	1	4	0	0	45	100	0	0	395.979797464	395.979797464	1552403200.25	48	40	48	40
"426"	1	1	1	4	0	0	45	100	0	0	395.979797464	395.979797464	1552403200.28	54	47	54	47
"427"	1	1	1	4	0	0	45	100	0	0	395.979797464	395.979797464	1552403200.32	61	53	61	53
"428"	1	1	1	4	0	0	45	100	0	0	395.979797464	395.979797464	1552403200.35	70	61	70	61
"429"	1	1	1	4	0	0	45	100	0	0	395.979797464	395.979797464	1552403200.38	79	70	79	70
"430"	1	1	1	4	0	0	45	100	0	0	395.979797464	395.979797464	1552403200.42	89	79	89	79
"431"	1	1	1	4	0	0	45	100	0	0	395.979797464	395.979797464	1552403200.45	98	88	98	88
"432"	1	1	1	4	0	0	45	100	0	0	395.979797464	395.979797464	1552403200.48	111	100	111	100
"433"	1	1	1	4	0	0	45	100	0	0	395.979797464	395.979797464	1552403200.52	124	112	124	112
"434"	1	1	1	4	0	0	45	100	0	0	395.979797464	395.979797464	1552403200.55	138	126	138	126
"435"	1	1	1	4	0	0	45	100	0	0	395.979797464	395.979797464	1552403200.58	150	137	150	137
"436"	1	1	1	4	0	0	45	100	0	0	395.979797464	395.979797464	1552403200.62	162	148	162	148
"437"	1	1	1	4	0	0	45	100	0	0	395.979797464	395.979797464	1552403200.65	175	161	175	161
"438"	1	1	1	4	0	0	45	100	0	0	395.979797464	395.979797464	1552403200.68	185	172	185	172
"439"	1	1	1	4	0	0	45	100	0	0	395.979797464	395.979797464	1552403200.72	198	184	198	184
"440"	1	1	1	4	0	0	45	100	0	0	395.979797464	395.979797464	1552403200.75	208	194	208	194
"441"	1	1	1	4	0	0	45	100	0	0	395.979797464	395.979797464	1552403200.78	220	206	220	206
"442"	1	1	1	4	0	0	45	100	0	0	395.979797464	395.979797464	1552403200.82	232	217	232	217
"443"	1	1	1	4	0	0	45	100	0	0	395.979797464	395.979797464	1552403200.85	243	227	243	227
"444"	1	1	1	4	0	0	45	100	0	0	395.979797464	395.979797464	1552403200.89	255	239	255	239
"445"	1	1	1	4	0	0	45	100	0	0	395.979797464	395.979797464	1552403200.92	266	249	266	249
"446"	1	1	1	4	0	0	45	100	0	0	395.979797464	395.979797464	1552403200.95	277	259	277	259
"447"	1	1	1	4	0	0	45	100	0	0	395.979797464	395.979797464	1552403200.99	287	268	287	268
"448"	1	1	1	4	0	0	45	100	0	0	395.979797464	395.979797464	1552403201.02	295	276	295	276
"449"	1	1	1	4	0	0	45	100	0	0	395.979797464	395.979797464	1552403201.05	305	285	305	285
"450"	1	1	1	4	0	0	45	100	0	0	395.979797464	395.979797464	1552403201.09	313	294	313	294
"451"	1	1	1	4	0	0	45	100	0	0	395.979797464	395.979797464	1552403201.12	323	305	323	305
"452"	1	1	1	4	0	0	45	100	0	0	395.979797464	395.979797464	1552403201.15	333	317	333	317
"453"	1	1	1	4	0	0	45	100	0	0	395.979797464	395.979797464	1552403201.19	342	327	342	327
"454"	1	1	1	4	0	0	45	100	0	0	395.979797464	395.979797464	1552403201.22	350	337	350	337
"455"	1	1	1	4	0	0	45	100	0	0	395.979797464	395.979797464	1552403201.25	357	345	357	345
"456"	1	1	1	4	0	0	45	100	0	0	395.979797464	395.979797464	1552403201.29	362	352	362	352
"457"	1	1	1	4	0	0	45	100	0	0	395.979797464	395.979797464	1552403201.32	366	357	366	357
"458"	1	1	1	4	0	0	45	100	0	0	395.979797464	395.979797464	1552403201.35	370	361	370	361
"459"	1	1	1	4	0	0	45	100	0	0	395.979797464	395.979797464	1552403201.39	374	365	374	365
"460"	1	1	1	4	0	0	45	100	0	0	395.979797464	395.979797464	1552403201.42	377	369	377	369
"461"	1	1	1	4	0	0	45	100	0	0	395.979797464	395.979797464	1552403201.45	382	372	382	372
"462"	1	1	1	4	0	0	45	100	0	0	395.979797464	395.979797464	1552403201.49	386	376	386	376
"463"	1	1	1	4	0	0	45	100	0	0	395.979797464	395.979797464	1552403201.52	388	378	388	378
"464"	1	1	1	4	0	0	45	100	0	0	395.979797464	395.979797464	1552403201.55	391	382	391	382
"465"	1	1	1	4	0	0	45	100	0	0	395.979797464	395.979797464	1552403201.59	393	386	393	386
"466"	1	1	1	4	0	0	45	100	0	0	395.979797464	395.979797464	1552403201.62	396	390	396	390
"467"	1	1	1	4	0	0	45	100	0	0	395.979797464	395.979797464	1552403201.65	398	393	398	393
"468"	1	1	1	4	0	0	45	100	0	0	395.979797464	395.979797464	1552403201.69	400	396	400	396
"469"	1	1	1	5	0	0	90	100	0	0	3.42901103761e-14	560	1552403204.37	5	3	5	3
"470"	1	1	1	5	0	0	90	100	0	0	3.42901103761e-14	560	1552403204.39	5	3	5	3
"471"	1	1	1	5	0	0	90	100	0	0	3.42901103761e-14	560	1552403204.42	5	3	5	3
"472"	1	1	1	5	0	0	90	100	0	0	3.42901103761e-14	560	1552403204.45	5	3	5	3
"473"	1	1	1	5	0	0	90	100	0	0	3.42901103761e-14	560	1552403204.49	5	3	5	3
"474"	1	1	1	5	0	0	90	100	0	0	3.42901103761e-14	560	1552403204.52	5	3	5	3
"475"	1	1	1	5	0	0	90	100	0	0	3.42901103761e-14	560	1552403204.55	5	3	5	3
"476"	1	1	1	5	0	0	90	100	0	0	3.42901103761e-14	560	1552403204.59	5	2	5	2
"477"	1	1	1	5	0	0	90	100	0	0	3.42901103761e-14	560	1552403204.62	4	0	4	0
"478"	1	1	1	5	0	0	90	100	0	0	3.42901103761e-14	560	1552403204.65	4	0	4	0
"479"	1	1	1	5	0	0	90	100	0	0	3.42901103761e-14	560	1552403204.69	4	1	4	1
"480"	1	1	1	5	0	0	90	100	0	0	3.42901103761e-14	560	1552403204.72	4	1	4	1
"481"	1	1	1	5	0	0	90	100	0	0	3.42901103761e-14	560	1552403204.75	4	3	4	3
"482"	1	1	1	5	0	0	90	100	0	0	3.42901103761e-14	560	1552403204.79	3	7	3	7
"483"	1	1	1	5	0	0	90	100	0	0	3.42901103761e-14	560	1552403204.82	3	12	3	12
"484"	1	1	1	5	0	0	90	100	0	0	3.42901103761e-14	560	1552403204.85	3	19	3	19
"485"	1	1	1	5	0	0	90	100	0	0	3.42901103761e-14	560	1552403204.89	2	24	2	24
"486"	1	1	1	5	0	0	90	100	0	0	3.42901103761e-14	560	1552403204.92	2	29	2	29
"487"	1	1	1	5	0	0	90	100	0	0	3.42901103761e-14	560	1552403204.95	3	38	3	38
"488"	1	1	1	5	0	0	90	100	0	0	3.42901103761e-14	560	1552403204.99	6	47	6	47
"489"	1	1	1	5	0	0	90	100	0	0	3.42901103761e-14	560	1552403205.02	9	58	9	58
"490"	1	1	1	5	0	0	90	100	0	0	3.42901103761e-14	560	1552403205.05	12	69	12	69
"491"	1	1	1	5	0	0	90	100	0	0	3.42901103761e-14	560	1552403205.09	14	80	14	80
"492"	1	1	1	5	0	0	90	100	0	0	3.42901103761e-14	560	1552403205.12	16	93	16	93
"493"	1	1	1	5	0	0	90	100	0	0	3.42901103761e-14	560	1552403205.15	17	106	17	106
"494"	1	1	1	5	0	0	90	100	0	0	3.42901103761e-14	560	1552403205.19	18	122	18	122
"495"	1	1	1	5	0	0	90	100	0	0	3.42901103761e-14	560	1552403205.22	18	136	18	136
"496"	1	1	1	5	0	0	90	100	0	0	3.42901103761e-14	560	1552403205.26	17	150	17	150
"497"	1	1	1	5	0	0	90	100	0	0	3.42901103761e-14	560	1552403205.29	17	166	17	166
"498"	1	1	1	5	0	0	90	100	0	0	3.42901103761e-14	560	1552403205.32	17	179	17	179
"499"	1	1	1	5	0	0	90	100	0	0	3.42901103761e-14	560	1552403205.36	18	196	18	196
"500"	1	1	1	5	0	0	90	100	0	0	3.42901103761e-14	560	1552403205.39	18	213	18	213
"501"	1	1	1	5	0	0	90	100	0	0	3.42901103761e-14	560	1552403205.42	18	228	18	228
"502"	1	1	1	5	0	0	90	100	0	0	3.42901103761e-14	560	1552403205.46	17	243	17	243
"503"	1	1	1	5	0	0	90	100	0	0	3.42901103761e-14	560	1552403205.49	16	256	16	256
"504"	1	1	1	5	0	0	90	100	0	0	3.42901103761e-14	560	1552403205.52	14	269	14	269
"505"	1	1	1	5	0	0	90	100	0	0	3.42901103761e-14	560	1552403205.56	13	280	13	280
"506"	1	1	1	5	0	0	90	100	0	0	3.42901103761e-14	560	1552403205.59	12	293	12	293
"507"	1	1	1	5	0	0	90	100	0	0	3.42901103761e-14	560	1552403205.62	10	308	10	308
"508"	1	1	1	5	0	0	90	100	0	0	3.42901103761e-14	560	1552403205.66	8	322	8	322
"509"	1	1	1	5	0	0	90	100	0	0	3.42901103761e-14	560	1552403205.69	7	338	7	338
"510"	1	1	1	5	0	0	90	100	0	0	3.42901103761e-14	560	1552403205.72	7	352	7	352
"511"	1	1	1	5	0	0	90	100	0	0	3.42901103761e-14	560	1552403205.76	7	366	7	366
"512"	1	1	1	5	0	0	90	100	0	0	3.42901103761e-14	560	1552403205.79	8	379	8	379
"513"	1	1	1	5	0	0	90	100	0	0	3.42901103761e-14	560	1552403205.82	8	390	8	390
"514"	1	1	1	5	0	0	90	100	0	0	3.42901103761e-14	560	1552403205.86	8	402	8	402
"515"	1	1	1	5	0	0	90	100	0	0	3.42901103761e-14	560	1552403205.89	7	410	7	410
"516"	1	1	1	5	0	0	90	100	0	0	3.42901103761e-14	560	1552403205.92	6	421	6	421
"517"	1	1	1	5	0	0	90	100	0	0	3.42901103761e-14	560	1552403205.96	5	432	5	432
"518"	1	1	1	5	0	0	90	100	0	0	3.42901103761e-14	560	1552403205.99	4	441	4	441
"519"	1	1	1	5	0	0	90	100	0	0	3.42901103761e-14	560	1552403206.02	4	450	4	450
"520"	1	1	1	5	0	0	90	100	0	0	3.42901103761e-14	560	1552403206.06	3	457	3	457
"521"	1	1	1	5	0	0	90	100	0	0	3.42901103761e-14	560	1552403206.09	2	465	2	465
"522"	1	1	1	5	0	0	90	100	0	0	3.42901103761e-14	560	1552403206.12	1	471	1	471
"523"	1	1	1	5	0	0	90	100	0	0	3.42901103761e-14	560	1552403206.16	0	476	0	476
"524"	1	1	1	5	0	0	90	100	0	0	3.42901103761e-14	560	1552403206.19	0	482	0	482
"525"	1	1	1	5	0	0	90	100	0	0	3.42901103761e-14	560	1552403206.22	-1	487	-1	487
"526"	1	1	1	5	0	0	90	100	0	0	3.42901103761e-14	560	1552403206.26	-1	493	-1	493
"527"	1	1	1	5	0	0	90	100	0	0	3.42901103761e-14	560	1552403206.29	-1	499	-1	499
"528"	1	1	1	5	0	0	90	100	0	0	3.42901103761e-14	560	1552403206.32	0	505	0	505
"529"	1	1	1	5	0	0	90	100	0	0	3.42901103761e-14	560	1552403206.36	1	512	1	512
"530"	1	1	1	5	0	0	90	100	0	0	3.42901103761e-14	560	1552403206.39	1	518	1	518
"531"	1	1	1	5	0	0	90	100	0	0	3.42901103761e-14	560	1552403206.42	1	524	1	524
"532"	1	1	1	5	0	0	90	100	0	0	3.42901103761e-14	560	1552403206.46	1	528	1	528
"533"	1	1	1	5	0	0	90	100	0	0	3.42901103761e-14	560	1552403206.49	1	531	1	531
"534"	1	1	1	5	0	0	90	100	0	0	3.42901103761e-14	560	1552403206.52	1	534	1	534
"535"	1	1	1	5	0	0	90	100	0	0	3.42901103761e-14	560	1552403206.56	1	537	1	537
"536"	1	1	1	5	0	0	90	100	0	0	3.42901103761e-14	560	1552403206.59	1	540	1	540
"537"	1	1	1	5	0	0	90	100	0	0	3.42901103761e-14	560	1552403206.62	1	542	1	542
"538"	1	1	1	5	0	0	90	100	0	0	3.42901103761e-14	560	1552403206.66	1	543	1	543
"539"	1	1	1	5	0	0	90	100	0	0	3.42901103761e-14	560	1552403206.69	1	544	1	544
"540"	1	1	1	5	0	0	90	100	0	0	3.42901103761e-14	560	1552403206.72	1	544	1	544
"541"	1	1	1	5	0	0	90	100	0	0	3.42901103761e-14	560	1552403206.76	1	545	1	545
"542"	1	1	1	5	0	0	90	100	0	0	3.42901103761e-14	560	1552403206.79	1	547	1	547
"543"	1	1	1	5	0	0	90	100	0	0	3.42901103761e-14	560	1552403206.82	2	549	2	549
"544"	1	1	1	6	0	0	135	100	0	0	-395.979797464	395.979797464	1552403209.7	3	5	3	5
"545"	1	1	1	6	0	0	135	100	0	0	-395.979797464	395.979797464	1552403209.73	4	4	4	4
"546"	1	1	1	6	0	0	135	100	0	0	-395.979797464	395.979797464	1552403209.76	4	1	4	1
"547"	1	1	1	6	0	0	135	100	0	0	-395.979797464	395.979797464	1552403209.79	4	0	4	0
"548"	1	1	1	6	0	0	135	100	0	0	-395.979797464	395.979797464	1552403209.83	4	-1	4	-1
"549"	1	1	1	6	0	0	135	100	0	0	-395.979797464	395.979797464	1552403209.86	5	-3	5	-3
"550"	1	1	1	6	0	0	135	100	0	0	-395.979797464	395.979797464	1552403209.89	5	-3	5	-3
"551"	1	1	1	6	0	0	135	100	0	0	-395.979797464	395.979797464	1552403209.93	5	-3	5	-3
"552"	1	1	1	6	0	0	135	100	0	0	-395.979797464	395.979797464	1552403209.96	5	-3	5	-3
"553"	1	1	1	6	0	0	135	100	0	0	-395.979797464	395.979797464	1552403209.99	5	-2	5	-2
"554"	1	1	1	6	0	0	135	100	0	0	-395.979797464	395.979797464	1552403210.03	4	-2	4	-2
"555"	1	1	1	6	0	0	135	100	0	0	-395.979797464	395.979797464	1552403210.06	2	2	2	2
"556"	1	1	1	6	0	0	135	100	0	0	-395.979797464	395.979797464	1552403210.09	-4	7	-4	7
"557"	1	1	1	6	0	0	135	100	0	0	-395.979797464	395.979797464	1552403210.13	-10	14	-10	14
"558"	1	1	1	6	0	0	135	100	0	0	-395.979797464	395.979797464	1552403210.16	-20	24	-20	24
"559"	1	1	1	6	0	0	135	100	0	0	-395.979797464	395.979797464	1552403210.19	-33	39	-33	39
"560"	1	1	1	6	0	0	135	100	0	0	-395.979797464	395.979797464	1552403210.23	-49	57	-49	57
"561"	1	1	1	6	0	0	135	100	0	0	-395.979797464	395.979797464	1552403210.26	-66	78	-66	78
"562"	1	1	1	6	0	0	135	100	0	0	-395.979797464	395.979797464	1552403210.29	-78	91	-78	91
"563"	1	1	1	6	0	0	135	100	0	0	-395.979797464	395.979797464	1552403210.33	-94	106	-94	106
"564"	1	1	1	6	0	0	135	100	0	0	-395.979797464	395.979797464	1552403210.36	-107	117	-107	117
"565"	1	1	1	6	0	0	135	100	0	0	-395.979797464	395.979797464	1552403210.39	-123	129	-123	129
"566"	1	1	1	6	0	0	135	100	0	0	-395.979797464	395.979797464	1552403210.43	-139	139	-139	139
"567"	1	1	1	6	0	0	135	100	0	0	-395.979797464	395.979797464	1552403210.46	-153	148	-153	148
"568"	1	1	1	6	0	0	135	100	0	0	-395.979797464	395.979797464	1552403210.49	-170	161	-170	161
"569"	1	1	1	6	0	0	135	100	0	0	-395.979797464	395.979797464	1552403210.53	-184	170	-184	170
"570"	1	1	1	6	0	0	135	100	0	0	-395.979797464	395.979797464	1552403210.56	-198	179	-198	179
"571"	1	1	1	6	0	0	135	100	0	0	-395.979797464	395.979797464	1552403210.59	-211	187	-211	187
"572"	1	1	1	6	0	0	135	100	0	0	-395.979797464	395.979797464	1552403210.63	-221	193	-221	193
"573"	1	1	1	6	0	0	135	100	0	0	-395.979797464	395.979797464	1552403210.66	-232	201	-232	201
"574"	1	1	1	6	0	0	135	100	0	0	-395.979797464	395.979797464	1552403210.69	-242	208	-242	208
"575"	1	1	1	6	0	0	135	100	0	0	-395.979797464	395.979797464	1552403210.73	-253	218	-253	218
"576"	1	1	1	6	0	0	135	100	0	0	-395.979797464	395.979797464	1552403210.76	-263	228	-263	228
"577"	1	1	1	6	0	0	135	100	0	0	-395.979797464	395.979797464	1552403210.79	-273	238	-273	238
"578"	1	1	1	6	0	0	135	100	0	0	-395.979797464	395.979797464	1552403210.83	-284	249	-284	249
"579"	1	1	1	6	0	0	135	100	0	0	-395.979797464	395.979797464	1552403210.86	-293	258	-293	258
"580"	1	1	1	6	0	0	135	100	0	0	-395.979797464	395.979797464	1552403210.89	-304	267	-304	267
"581"	1	1	1	6	0	0	135	100	0	0	-395.979797464	395.979797464	1552403210.93	-312	275	-312	275
"582"	1	1	1	6	0	0	135	100	0	0	-395.979797464	395.979797464	1552403210.96	-321	284	-321	284
"583"	1	1	1	6	0	0	135	100	0	0	-395.979797464	395.979797464	1552403210.99	-331	292	-331	292
"584"	1	1	1	6	0	0	135	100	0	0	-395.979797464	395.979797464	1552403211.03	-339	300	-339	300
"585"	1	1	1	6	0	0	135	100	0	0	-395.979797464	395.979797464	1552403211.06	-350	309	-350	309
"586"	1	1	1	6	0	0	135	100	0	0	-395.979797464	395.979797464	1552403211.09	-357	315	-357	315
"587"	1	1	1	6	0	0	135	100	0	0	-395.979797464	395.979797464	1552403211.13	-364	323	-364	323
"588"	1	1	1	6	0	0	135	100	0	0	-395.979797464	395.979797464	1552403211.16	-370	332	-370	332
"589"	1	1	1	6	0	0	135	100	0	0	-395.979797464	395.979797464	1552403211.19	-373	340	-373	340
"590"	1	1	1	6	0	0	135	100	0	0	-395.979797464	395.979797464	1552403211.23	-377	347	-377	347
"591"	1	1	1	6	0	0	135	100	0	0	-395.979797464	395.979797464	1552403211.26	-379	354	-379	354
"592"	1	1	1	6	0	0	135	100	0	0	-395.979797464	395.979797464	1552403211.29	-382	362	-382	362
"593"	1	1	1	6	0	0	135	100	0	0	-395.979797464	395.979797464	1552403211.33	-384	368	-384	368
"594"	1	1	1	6	0	0	135	100	0	0	-395.979797464	395.979797464	1552403211.36	-386	374	-386	374
"595"	1	1	1	6	0	0	135	100	0	0	-395.979797464	395.979797464	1552403211.39	-386	380	-386	380
"596"	1	1	1	6	0	0	135	100	0	0	-395.979797464	395.979797464	1552403211.43	-388	383	-388	383
"597"	1	1	1	6	0	0	135	100	0	0	-395.979797464	395.979797464	1552403211.46	-390	388	-390	388
"598"	1	1	1	6	0	0	135	100	0	0	-395.979797464	395.979797464	1552403211.49	-392	392	-392	392
"599"	1	1	1	6	0	0	135	100	0	0	-395.979797464	395.979797464	1552403211.53	-393	394	-393	394
"600"	1	1	1	6	0	0	135	100	0	0	-395.979797464	395.979797464	1552403211.56	-395	396	-395	396
"601"	1	1	1	7	0	0	135	100	0	0	-395.979797464	395.979797464	1552403213.57	5	0	5	0
"602"	1	1	1	7	0	0	135	100	0	0	-395.979797464	395.979797464	1552403213.59	5	0	5	0
"603"	1	1	1	7	0	0	135	100	0	0	-395.979797464	395.979797464	1552403213.63	5	0	5	0
"604"	1	1	1	7	0	0	135	100	0	0	-395.979797464	395.979797464	1552403213.66	5	0	5	0
"605"	1	1	1	7	0	0	135	100	0	0	-395.979797464	395.979797464	1552403213.69	5	0	5	0
"606"	1	1	1	7	0	0	135	100	0	0	-395.979797464	395.979797464	1552403213.73	5	-1	5	-1
"607"	1	1	1	7	0	0	135	100	0	0	-395.979797464	395.979797464	1552403213.76	4	-1	4	-1
"608"	1	1	1	7	0	0	135	100	0	0	-395.979797464	395.979797464	1552403213.8	3	-3	3	-3
"609"	1	1	1	7	0	0	135	100	0	0	-395.979797464	395.979797464	1552403213.83	2	-4	2	-4
"610"	1	1	1	7	0	0	135	100	0	0	-395.979797464	395.979797464	1552403213.86	2	-4	2	-4
"611"	1	1	1	7	0	0	135	100	0	0	-395.979797464	395.979797464	1552403213.9	-1	-1	-1	-1
"612"	1	1	1	7	0	0	135	100	0	0	-395.979797464	395.979797464	1552403213.93	-6	6	-6	6
"613"	1	1	1	7	0	0	135	100	0	0	-395.979797464	395.979797464	1552403213.96	-19	21	-19	21
"614"	1	1	1	7	0	0	135	100	0	0	-395.979797464	395.979797464	1552403214	-39	49	-39	49
"615"	1	1	1	7	0	0	135	100	0	0	-395.979797464	395.979797464	1552403214.03	-52	66	-52	66
"616"	1	1	1	7	0	0	135	100	0	0	-395.979797464	395.979797464	1552403214.06	-70	88	-70	88
"617"	1	1	1	7	0	0	135	100	0	0	-395.979797464	395.979797464	1552403214.1	-86	106	-86	106
"618"	1	1	1	7	0	0	135	100	0	0	-395.979797464	395.979797464	1552403214.13	-97	122	-97	122
"619"	1	1	1	7	0	0	135	100	0	0	-395.979797464	395.979797464	1552403214.16	-112	140	-112	140
"620"	1	1	1	7	0	0	135	100	0	0	-395.979797464	395.979797464	1552403214.2	-126	155	-126	155
"621"	1	1	1	7	0	0	135	100	0	0	-395.979797464	395.979797464	1552403214.23	-141	170	-141	170
"622"	1	1	1	7	0	0	135	100	0	0	-395.979797464	395.979797464	1552403214.26	-159	184	-159	184
"623"	1	1	1	7	0	0	135	100	0	0	-395.979797464	395.979797464	1552403214.3	-176	197	-176	197
"624"	1	1	1	7	0	0	135	100	0	0	-395.979797464	395.979797464	1552403214.33	-193	211	-193	211
"625"	1	1	1	7	0	0	135	100	0	0	-395.979797464	395.979797464	1552403214.36	-209	221	-209	221
"626"	1	1	1	7	0	0	135	100	0	0	-395.979797464	395.979797464	1552403214.4	-229	232	-229	232
"627"	1	1	1	7	0	0	135	100	0	0	-395.979797464	395.979797464	1552403214.43	-242	240	-242	240
"628"	1	1	1	7	0	0	135	100	0	0	-395.979797464	395.979797464	1552403214.46	-257	250	-257	250
"629"	1	1	1	7	0	0	135	100	0	0	-395.979797464	395.979797464	1552403214.5	-268	257	-268	257
"630"	1	1	1	7	0	0	135	100	0	0	-395.979797464	395.979797464	1552403214.53	-281	267	-281	267
"631"	1	1	1	7	0	0	135	100	0	0	-395.979797464	395.979797464	1552403214.56	-291	277	-291	277
"632"	1	1	1	7	0	0	135	100	0	0	-395.979797464	395.979797464	1552403214.6	-299	285	-299	285
"633"	1	1	1	7	0	0	135	100	0	0	-395.979797464	395.979797464	1552403214.63	-307	295	-307	295
"634"	1	1	1	7	0	0	135	100	0	0	-395.979797464	395.979797464	1552403214.66	-317	305	-317	305
"635"	1	1	1	7	0	0	135	100	0	0	-395.979797464	395.979797464	1552403214.7	-326	315	-326	315
"636"	1	1	1	7	0	0	135	100	0	0	-395.979797464	395.979797464	1552403214.73	-335	324	-335	324
"637"	1	1	1	7	0	0	135	100	0	0	-395.979797464	395.979797464	1552403214.76	-342	332	-342	332
"638"	1	1	1	7	0	0	135	100	0	0	-395.979797464	395.979797464	1552403214.8	-349	341	-349	341
"639"	1	1	1	7	0	0	135	100	0	0	-395.979797464	395.979797464	1552403214.83	-354	349	-354	349
"640"	1	1	1	7	0	0	135	100	0	0	-395.979797464	395.979797464	1552403214.86	-361	356	-361	356
"641"	1	1	1	7	0	0	135	100	0	0	-395.979797464	395.979797464	1552403214.9	-367	362	-367	362
"642"	1	1	1	7	0	0	135	100	0	0	-395.979797464	395.979797464	1552403214.93	-371	366	-371	366
"643"	1	1	1	7	0	0	135	100	0	0	-395.979797464	395.979797464	1552403214.96	-376	371	-376	371
"644"	1	1	1	7	0	0	135	100	0	0	-395.979797464	395.979797464	1552403215	-380	375	-380	375
"645"	1	1	1	7	0	0	135	100	0	0	-395.979797464	395.979797464	1552403215.03	-384	380	-384	380
"646"	1	1	1	7	0	0	135	100	0	0	-395.979797464	395.979797464	1552403215.06	-388	384	-388	384
"647"	1	1	1	7	0	0	135	100	0	0	-395.979797464	395.979797464	1552403215.1	-391	389	-391	389
"648"	1	1	1	7	0	0	135	100	0	0	-395.979797464	395.979797464	1552403215.13	-394	393	-394	393
"649"	1	1	1	7	0	0	135	100	0	0	-395.979797464	395.979797464	1552403215.16	-396	395	-396	395
"650"	1	1	1	7	0	0	135	100	0	0	-395.979797464	395.979797464	1552403215.2	-399	398	-399	398
"651"	1	1	1	7	0	0	135	100	0	0	-395.979797464	395.979797464	1552403215.23	-401	400	-401	400
"652"	1	1	1	7	0	0	135	100	0	0	-395.979797464	395.979797464	1552403215.26	-402	401	-402	401
"653"	1	1	1	7	0	0	135	100	0	0	-395.979797464	395.979797464	1552403215.3	-403	402	-403	402
"654"	1	1	1	7	0	0	135	100	0	0	-395.979797464	395.979797464	1552403215.33	-404	403	-404	403
"655"	1	1	1	8	0	0	90	100	0	0	3.42901103761e-14	560	1552403217.38	9	2	9	2
"656"	1	1	1	8	0	0	90	100	0	0	3.42901103761e-14	560	1552403217.4	9	2	9	2
"657"	1	1	1	8	0	0	90	100	0	0	3.42901103761e-14	560	1552403217.43	8	2	8	2
"658"	1	1	1	8	0	0	90	100	0	0	3.42901103761e-14	560	1552403217.46	6	1	6	1
"659"	1	1	1	8	0	0	90	100	0	0	3.42901103761e-14	560	1552403217.5	4	0	4	0
"660"	1	1	1	8	0	0	90	100	0	0	3.42901103761e-14	560	1552403217.53	3	1	3	1
"661"	1	1	1	8	0	0	90	100	0	0	3.42901103761e-14	560	1552403217.56	2	1	2	1
"662"	1	1	1	8	0	0	90	100	0	0	3.42901103761e-14	560	1552403217.6	2	1	2	1
"663"	1	1	1	8	0	0	90	100	0	0	3.42901103761e-14	560	1552403217.63	2	1	2	1
"664"	1	1	1	8	0	0	90	100	0	0	3.42901103761e-14	560	1552403217.66	2	1	2	1
"665"	1	1	1	8	0	0	90	100	0	0	3.42901103761e-14	560	1552403217.7	2	2	2	2
"666"	1	1	1	8	0	0	90	100	0	0	3.42901103761e-14	560	1552403217.73	3	2	3	2
"667"	1	1	1	8	0	0	90	100	0	0	3.42901103761e-14	560	1552403217.76	3	2	3	2
"668"	1	1	1	8	0	0	90	100	0	0	3.42901103761e-14	560	1552403217.8	3	2	3	2
"669"	1	1	1	8	0	0	90	100	0	0	3.42901103761e-14	560	1552403217.83	3	2	3	2
"670"	1	1	1	8	0	0	90	100	0	0	3.42901103761e-14	560	1552403217.86	3	2	3	2
"671"	1	1	1	8	0	0	90	100	0	0	3.42901103761e-14	560	1552403217.9	3	2	3	2
"672"	1	1	1	8	0	0	90	100	0	0	3.42901103761e-14	560	1552403217.93	3	2	3	2
"673"	1	1	1	8	0	0	90	100	0	0	3.42901103761e-14	560	1552403217.96	3	2	3	2
"674"	1	1	1	8	0	0	90	100	0	0	3.42901103761e-14	560	1552403218	3	2	3	2
"675"	1	1	1	8	0	0	90	100	0	0	3.42901103761e-14	560	1552403218.03	3	2	3	2
"676"	1	1	1	8	0	0	90	100	0	0	3.42901103761e-14	560	1552403218.06	3	2	3	2
"677"	1	1	1	8	0	0	90	100	0	0	3.42901103761e-14	560	1552403218.1	3	2	3	2
"678"	1	1	1	8	0	0	90	100	0	0	3.42901103761e-14	560	1552403218.13	3	2	3	2
"679"	1	1	1	8	0	0	90	100	0	0	3.42901103761e-14	560	1552403218.16	3	2	3	2
"680"	1	1	1	8	0	0	90	100	0	0	3.42901103761e-14	560	1552403218.2	3	2	3	2
"681"	1	1	1	8	0	0	90	100	0	0	3.42901103761e-14	560	1552403218.23	3	2	3	2
"682"	1	1	1	8	0	0	90	100	0	0	3.42901103761e-14	560	1552403218.26	3	4	3	4
"683"	1	1	1	8	0	0	90	100	0	0	3.42901103761e-14	560	1552403218.3	3	10	3	10
"684"	1	1	1	8	0	0	90	100	0	0	3.42901103761e-14	560	1552403218.33	3	15	3	15
"685"	1	1	1	8	0	0	90	100	0	0	3.42901103761e-14	560	1552403218.37	3	21	3	21
"686"	1	1	1	8	0	0	90	100	0	0	3.42901103761e-14	560	1552403218.4	4	26	4	26
"687"	1	1	1	8	0	0	90	100	0	0	3.42901103761e-14	560	1552403218.43	4	33	4	33
"688"	1	1	1	8	0	0	90	100	0	0	3.42901103761e-14	560	1552403218.47	5	43	5	43
"689"	1	1	1	8	0	0	90	100	0	0	3.42901103761e-14	560	1552403218.5	7	54	7	54
"690"	1	1	1	8	0	0	90	100	0	0	3.42901103761e-14	560	1552403218.53	7	63	7	63
"691"	1	1	1	8	0	0	90	100	0	0	3.42901103761e-14	560	1552403218.56	7	72	7	72
"692"	1	1	1	8	0	0	90	100	0	0	3.42901103761e-14	560	1552403218.6	7	83	7	83
"693"	1	1	1	8	0	0	90	100	0	0	3.42901103761e-14	560	1552403218.63	7	93	7	93
"694"	1	1	1	8	0	0	90	100	0	0	3.42901103761e-14	560	1552403218.67	7	100	7	100
"695"	1	1	1	8	0	0	90	100	0	0	3.42901103761e-14	560	1552403218.7	7	108	7	108
"696"	1	1	1	8	0	0	90	100	0	0	3.42901103761e-14	560	1552403218.73	5	115	5	115
"697"	1	1	1	8	0	0	90	100	0	0	3.42901103761e-14	560	1552403218.77	4	121	4	121
"698"	1	1	1	8	0	0	90	100	0	0	3.42901103761e-14	560	1552403218.8	4	127	4	127
"699"	1	1	1	8	0	0	90	100	0	0	3.42901103761e-14	560	1552403218.83	4	134	4	134
"700"	1	1	1	8	0	0	90	100	0	0	3.42901103761e-14	560	1552403218.87	4	147	4	147
"701"	1	1	1	8	0	0	90	100	0	0	3.42901103761e-14	560	1552403218.9	6	161	6	161
"702"	1	1	1	8	0	0	90	100	0	0	3.42901103761e-14	560	1552403218.93	8	181	8	181
"703"	1	1	1	8	0	0	90	100	0	0	3.42901103761e-14	560	1552403218.97	7	196	7	196
"704"	1	1	1	8	0	0	90	100	0	0	3.42901103761e-14	560	1552403219	7	209	7	209
"705"	1	1	1	8	0	0	90	100	0	0	3.42901103761e-14	560	1552403219.03	6	224	6	224
"706"	1	1	1	8	0	0	90	100	0	0	3.42901103761e-14	560	1552403219.07	7	238	7	238
"707"	1	1	1	8	0	0	90	100	0	0	3.42901103761e-14	560	1552403219.1	8	255	8	255
"708"	1	1	1	8	0	0	90	100	0	0	3.42901103761e-14	560	1552403219.13	8	271	8	271
"709"	1	1	1	8	0	0	90	100	0	0	3.42901103761e-14	560	1552403219.17	8	289	8	289
"710"	1	1	1	8	0	0	90	100	0	0	3.42901103761e-14	560	1552403219.2	9	307	9	307
"711"	1	1	1	8	0	0	90	100	0	0	3.42901103761e-14	560	1552403219.23	7	321	7	321
"712"	1	1	1	8	0	0	90	100	0	0	3.42901103761e-14	560	1552403219.27	7	340	7	340
"713"	1	1	1	8	0	0	90	100	0	0	3.42901103761e-14	560	1552403219.3	7	362	7	362
"714"	1	1	1	8	0	0	90	100	0	0	3.42901103761e-14	560	1552403219.33	6	385	6	385
"715"	1	1	1	8	0	0	90	100	0	0	3.42901103761e-14	560	1552403219.37	5	411	5	411
"716"	1	1	1	8	0	0	90	100	0	0	3.42901103761e-14	560	1552403219.4	4	430	4	430
"717"	1	1	1	8	0	0	90	100	0	0	3.42901103761e-14	560	1552403219.43	5	444	5	444
"718"	1	1	1	8	0	0	90	100	0	0	3.42901103761e-14	560	1552403219.47	5	458	5	458
"719"	1	1	1	8	0	0	90	100	0	0	3.42901103761e-14	560	1552403219.5	4	472	4	472
"720"	1	1	1	8	0	0	90	100	0	0	3.42901103761e-14	560	1552403219.53	4	483	4	483
"721"	1	1	1	8	0	0	90	100	0	0	3.42901103761e-14	560	1552403219.57	4	490	4	490
"722"	1	1	1	8	0	0	90	100	0	0	3.42901103761e-14	560	1552403219.6	4	498	4	498
"723"	1	1	1	8	0	0	90	100	0	0	3.42901103761e-14	560	1552403219.63	4	504	4	504
"724"	1	1	1	8	0	0	90	100	0	0	3.42901103761e-14	560	1552403219.67	4	511	4	511
"725"	1	1	1	8	0	0	90	100	0	0	3.42901103761e-14	560	1552403219.7	4	519	4	519
"726"	1	1	1	8	0	0	90	100	0	0	3.42901103761e-14	560	1552403219.73	5	527	5	527
"727"	1	1	1	8	0	0	90	100	0	0	3.42901103761e-14	560	1552403219.77	5	533	5	533
"728"	1	1	1	8	0	0	90	100	0	0	3.42901103761e-14	560	1552403219.8	5	539	5	539
"729"	1	1	1	8	0	0	90	100	0	0	3.42901103761e-14	560	1552403219.83	4	546	4	546
"730"	1	1	1	8	0	0	90	100	0	0	3.42901103761e-14	560	1552403219.87	3	550	3	550
"731"	1	1	1	8	0	0	90	100	0	0	3.42901103761e-14	560	1552403219.9	2	553	2	553
"732"	1	1	1	8	0	0	90	100	0	0	3.42901103761e-14	560	1552403219.93	2	557	2	557
"733"	1	1	1	9	0	0	45	100	0	0	395.979797464	395.979797464	1552403221.98	-2	-7	-2	-7
"734"	1	1	1	9	0	0	45	100	0	0	395.979797464	395.979797464	1552403222.02	-2	-7	-2	-7
"735"	1	1	1	9	0	0	45	100	0	0	395.979797464	395.979797464	1552403222.05	-2	-7	-2	-7
"736"	1	1	1	9	0	0	45	100	0	0	395.979797464	395.979797464	1552403222.08	-2	-7	-2	-7
"737"	1	1	1	9	0	0	45	100	0	0	395.979797464	395.979797464	1552403222.12	-2	-7	-2	-7
"738"	1	1	1	9	0	0	45	100	0	0	395.979797464	395.979797464	1552403222.15	-2	-7	-2	-7
"739"	1	1	1	9	0	0	45	100	0	0	395.979797464	395.979797464	1552403222.18	-2	-7	-2	-7
"740"	1	1	1	9	0	0	45	100	0	0	395.979797464	395.979797464	1552403222.22	-2	-4	-2	-4
"741"	1	1	1	9	0	0	45	100	0	0	395.979797464	395.979797464	1552403222.25	-1	-4	-1	-4
"742"	1	1	1	9	0	0	45	100	0	0	395.979797464	395.979797464	1552403222.28	-1	-3	-1	-3
"743"	1	1	1	9	0	0	45	100	0	0	395.979797464	395.979797464	1552403222.32	2	0	2	0
"744"	1	1	1	9	0	0	45	100	0	0	395.979797464	395.979797464	1552403222.35	8	4	8	4
"745"	1	1	1	9	0	0	45	100	0	0	395.979797464	395.979797464	1552403222.38	17	13	17	13
"746"	1	1	1	9	0	0	45	100	0	0	395.979797464	395.979797464	1552403222.42	31	26	31	26
"747"	1	1	1	9	0	0	45	100	0	0	395.979797464	395.979797464	1552403222.45	42	39	42	39
"748"	1	1	1	9	0	0	45	100	0	0	395.979797464	395.979797464	1552403222.48	53	50	53	50
"749"	1	1	1	9	0	0	45	100	0	0	395.979797464	395.979797464	1552403222.52	64	62	64	62
"750"	1	1	1	9	0	0	45	100	0	0	395.979797464	395.979797464	1552403222.55	76	75	76	75
"751"	1	1	1	9	0	0	45	100	0	0	395.979797464	395.979797464	1552403222.58	85	86	85	86
"752"	1	1	1	9	0	0	45	100	0	0	395.979797464	395.979797464	1552403222.62	97	100	97	100
"753"	1	1	1	9	0	0	45	100	0	0	395.979797464	395.979797464	1552403222.65	111	113	111	113
"754"	1	1	1	9	0	0	45	100	0	0	395.979797464	395.979797464	1552403222.69	124	128	124	128
"755"	1	1	1	9	0	0	45	100	0	0	395.979797464	395.979797464	1552403222.72	136	140	136	140
"756"	1	1	1	9	0	0	45	100	0	0	395.979797464	395.979797464	1552403222.75	149	153	149	153
"757"	1	1	1	9	0	0	45	100	0	0	395.979797464	395.979797464	1552403222.79	163	167	163	167
"758"	1	1	1	9	0	0	45	100	0	0	395.979797464	395.979797464	1552403222.82	176	177	176	177
"759"	1	1	1	9	0	0	45	100	0	0	395.979797464	395.979797464	1552403222.85	190	188	190	188
"760"	1	1	1	9	0	0	45	100	0	0	395.979797464	395.979797464	1552403222.89	205	202	205	202
"761"	1	1	1	9	0	0	45	100	0	0	395.979797464	395.979797464	1552403222.92	218	214	218	214
"762"	1	1	1	9	0	0	45	100	0	0	395.979797464	395.979797464	1552403222.95	229	224	229	224
"763"	1	1	1	9	0	0	45	100	0	0	395.979797464	395.979797464	1552403222.99	242	235	242	235
"764"	1	1	1	9	0	0	45	100	0	0	395.979797464	395.979797464	1552403223.02	254	247	254	247
"765"	1	1	1	9	0	0	45	100	0	0	395.979797464	395.979797464	1552403223.05	263	257	263	257
"766"	1	1	1	9	0	0	45	100	0	0	395.979797464	395.979797464	1552403223.09	273	267	273	267
"767"	1	1	1	9	0	0	45	100	0	0	395.979797464	395.979797464	1552403223.12	282	278	282	278
"768"	1	1	1	9	0	0	45	100	0	0	395.979797464	395.979797464	1552403223.15	290	288	290	288
"769"	1	1	1	9	0	0	45	100	0	0	395.979797464	395.979797464	1552403223.19	300	300	300	300
"770"	1	1	1	9	0	0	45	100	0	0	395.979797464	395.979797464	1552403223.22	310	310	310	310
"771"	1	1	1	9	0	0	45	100	0	0	395.979797464	395.979797464	1552403223.25	319	320	319	320
"772"	1	1	1	9	0	0	45	100	0	0	395.979797464	395.979797464	1552403223.29	326	330	326	330
"773"	1	1	1	9	0	0	45	100	0	0	395.979797464	395.979797464	1552403223.32	335	340	335	340
"774"	1	1	1	9	0	0	45	100	0	0	395.979797464	395.979797464	1552403223.35	345	350	345	350
"775"	1	1	1	9	0	0	45	100	0	0	395.979797464	395.979797464	1552403223.39	353	357	353	357
"776"	1	1	1	9	0	0	45	100	0	0	395.979797464	395.979797464	1552403223.42	360	363	360	363
"777"	1	1	1	9	0	0	45	100	0	0	395.979797464	395.979797464	1552403223.45	366	368	366	368
"778"	1	1	1	9	0	0	45	100	0	0	395.979797464	395.979797464	1552403223.49	372	374	372	374
"779"	1	1	1	9	0	0	45	100	0	0	395.979797464	395.979797464	1552403223.52	375	378	375	378
"780"	1	1	1	9	0	0	45	100	0	0	395.979797464	395.979797464	1552403223.55	379	383	379	383
"781"	1	1	1	9	0	0	45	100	0	0	395.979797464	395.979797464	1552403223.59	384	387	384	387
"782"	1	1	1	9	0	0	45	100	0	0	395.979797464	395.979797464	1552403223.62	387	389	387	389
"783"	1	1	1	9	0	0	45	100	0	0	395.979797464	395.979797464	1552403223.65	390	392	390	392
"784"	1	1	1	9	0	0	45	100	0	0	395.979797464	395.979797464	1552403223.69	394	396	394	396
"785"	1	1	1	9	0	0	45	100	0	0	395.979797464	395.979797464	1552403223.72	397	399	397	399
