"task_num"	"task_name"	"trial_type"	"trial_num"	"terminalfeedback_bool"	"rotation_angle"	"targetangle_deg"	"targetdistance_percmax"	"homex_px"	"homey_px"	"targetx_px"	"targety_px"	"time_s"	"mousex_px"	"mousey_px"	"cursorx_px"	"cursory_px"
1	"1"	"1"	2	FALSE	0	45	100	0	0	395.979797464	395.979797464	14.8370230198	-7	-2	-7	-2
1	"1"	"1"	2	FALSE	0	45	100	0	0	395.979797464	395.979797464	14.8703780174	-7	-2	-7	-2
1	"1"	"1"	2	FALSE	0	45	100	0	0	395.979797464	395.979797464	14.9038009644	-7	-3	-7	-3
1	"1"	"1"	2	FALSE	0	45	100	0	0	395.979797464	395.979797464	14.9370441437	-7	-3	-7	-3
1	"1"	"1"	2	FALSE	0	45	100	0	0	395.979797464	395.979797464	14.9701189995	-7	-3	-7	-3
1	"1"	"1"	2	FALSE	0	45	100	0	0	395.979797464	395.979797464	15.0036809444	-6	-4	-6	-4
1	"1"	"1"	2	FALSE	0	45	100	0	0	395.979797464	395.979797464	15.0370969772	-5	-6	-5	-6
1	"1"	"1"	2	FALSE	0	45	100	0	0	395.979797464	395.979797464	15.0706031322	-2	-10	-2	-10
1	"1"	"1"	2	FALSE	0	45	100	0	0	395.979797464	395.979797464	15.1038999557	1	-15	1	-15
1	"1"	"1"	2	FALSE	0	45	100	0	0	395.979797464	395.979797464	15.1372821331	4	-18	4	-18
1	"1"	"1"	2	FALSE	0	45	100	0	0	395.979797464	395.979797464	15.170634985	6	-19	6	-19
1	"1"	"1"	2	FALSE	0	45	100	0	0	395.979797464	395.979797464	15.2039420605	6	-18	6	-18
1	"1"	"1"	2	FALSE	0	45	100	0	0	395.979797464	395.979797464	15.2373290062	7	-18	7	-18
1	"1"	"1"	2	FALSE	0	45	100	0	0	395.979797464	395.979797464	15.2705080509	8	-17	8	-17
1	"1"	"1"	2	FALSE	0	45	100	0	0	395.979797464	395.979797464	15.3040399551	9	-16	9	-16
1	"1"	"1"	2	FALSE	0	45	100	0	0	395.979797464	395.979797464	15.3373799324	9	-16	9	-16
1	"1"	"1"	2	FALSE	0	45	100	0	0	395.979797464	395.979797464	15.3706920147	9	-15	9	-15
1	"1"	"1"	2	FALSE	0	45	100	0	0	395.979797464	395.979797464	15.4041030407	9	-14	9	-14
1	"1"	"1"	2	FALSE	0	45	100	0	0	395.979797464	395.979797464	15.4374301434	9	-13	9	-13
1	"1"	"1"	2	FALSE	0	45	100	0	0	395.979797464	395.979797464	15.4707300663	9	-12	9	-12
1	"1"	"1"	2	FALSE	0	45	100	0	0	395.979797464	395.979797464	15.503950119	9	-12	9	-12
1	"1"	"1"	2	FALSE	0	45	100	0	0	395.979797464	395.979797464	15.5373749733	9	-12	9	-12
1	"1"	"1"	2	FALSE	0	45	100	0	0	395.979797464	395.979797464	15.5702970028	9	-12	9	-12
1	"1"	"1"	2	FALSE	0	45	100	0	0	395.979797464	395.979797464	15.6043050289	9	-11	9	-11
1	"1"	"1"	2	FALSE	0	45	100	0	0	395.979797464	395.979797464	15.6375880241	9	-11	9	-11
1	"1"	"1"	2	FALSE	0	45	100	0	0	395.979797464	395.979797464	15.6703410149	9	-11	9	-11
1	"1"	"1"	2	FALSE	0	45	100	0	0	395.979797464	395.979797464	15.7042050362	8	-11	8	-11
1	"1"	"1"	2	FALSE	0	45	100	0	0	395.979797464	395.979797464	15.7376680374	8	-12	8	-12
1	"1"	"1"	2	FALSE	0	45	100	0	0	395.979797464	395.979797464	15.7703480721	8	-12	8	-12
1	"1"	"1"	2	FALSE	0	45	100	0	0	395.979797464	395.979797464	15.8043849468	8	-12	8	-12
1	"1"	"1"	2	FALSE	0	45	100	0	0	395.979797464	395.979797464	15.8377590179	8	-12	8	-12
1	"1"	"1"	2	FALSE	0	45	100	0	0	395.979797464	395.979797464	15.8707220554	7	-13	7	-13
1	"1"	"1"	2	FALSE	0	45	100	0	0	395.979797464	395.979797464	15.9044699669	7	-14	7	-14
1	"1"	"1"	2	FALSE	0	45	100	0	0	395.979797464	395.979797464	15.9378859997	7	-14	7	-14
1	"1"	"1"	2	FALSE	0	45	100	0	0	395.979797464	395.979797464	15.9711530209	7	-14	7	-14
1	"1"	"1"	2	FALSE	0	45	100	0	0	395.979797464	395.979797464	16.0045399666	7	-15	7	-15
1	"1"	"1"	2	FALSE	0	45	100	0	0	395.979797464	395.979797464	16.0378711224	7	-15	7	-15
1	"1"	"1"	2	FALSE	0	45	100	0	0	395.979797464	395.979797464	16.0706040859	7	-15	7	-15
1	"1"	"1"	2	FALSE	0	45	100	0	0	395.979797464	395.979797464	16.1046059132	7	-16	7	-16
1	"1"	"1"	2	FALSE	0	45	100	0	0	395.979797464	395.979797464	16.1379671097	7	-16	7	-16
1	"1"	"1"	2	FALSE	0	45	100	0	0	395.979797464	395.979797464	16.170938015	7	-15	7	-15
1	"1"	"1"	2	FALSE	0	45	100	0	0	395.979797464	395.979797464	16.2046220303	7	-15	7	-15
1	"1"	"1"	2	FALSE	0	45	100	0	0	395.979797464	395.979797464	16.2379870415	6	-15	6	-15
1	"1"	"1"	2	FALSE	0	45	100	0	0	395.979797464	395.979797464	16.2711529732	6	-14	6	-14
1	"1"	"1"	2	FALSE	0	45	100	0	0	395.979797464	395.979797464	16.3047919273	6	-14	6	-14
1	"1"	"1"	2	FALSE	0	45	100	0	0	395.979797464	395.979797464	16.3381240368	6	-14	6	-14
1	"1"	"1"	2	FALSE	0	45	100	0	0	395.979797464	395.979797464	16.3709959984	6	-13	6	-13
1	"1"	"1"	2	FALSE	0	45	100	0	0	395.979797464	395.979797464	16.4043030739	6	-13	6	-13
1	"1"	"1"	2	FALSE	0	45	100	0	0	395.979797464	395.979797464	16.4381220341	6	-13	6	-13
1	"1"	"1"	2	FALSE	0	45	100	0	0	395.979797464	395.979797464	16.471599102	6	-13	6	-13
1	"1"	"1"	2	FALSE	0	45	100	0	0	395.979797464	395.979797464	16.504928112	6	-13	6	-13
1	"1"	"1"	2	FALSE	0	45	100	0	0	395.979797464	395.979797464	16.5383350849	6	-12	6	-12
1	"1"	"1"	2	FALSE	0	45	100	0	0	395.979797464	395.979797464	16.5717179775	6	-11	6	-11
1	"1"	"1"	2	FALSE	0	45	100	0	0	395.979797464	395.979797464	16.6049740314	6	-10	6	-10
1	"1"	"1"	2	FALSE	0	45	100	0	0	395.979797464	395.979797464	16.6382710934	5	-10	5	-10
1	"1"	"1"	2	FALSE	0	45	100	0	0	395.979797464	395.979797464	16.6717960835	5	-9	5	-9
1	"1"	"1"	2	FALSE	0	45	100	0	0	395.979797464	395.979797464	16.704996109	4	-7	4	-7
1	"1"	"1"	2	FALSE	0	45	100	0	0	395.979797464	395.979797464	16.7384829521	4	-5	4	-5
1	"1"	"1"	2	FALSE	0	45	100	0	0	395.979797464	395.979797464	16.7717311382	4	-4	4	-4
1	"1"	"1"	2	FALSE	0	45	100	0	0	395.979797464	395.979797464	16.8045389652	3	-1	3	-1
1	"1"	"1"	2	FALSE	0	45	100	0	0	395.979797464	395.979797464	16.8386049271	3	2	3	2
1	"1"	"1"	2	FALSE	0	45	100	0	0	395.979797464	395.979797464	16.871874094	3	4	3	4
1	"1"	"1"	2	FALSE	0	45	100	0	0	395.979797464	395.979797464	16.9052889347	3	5	3	5
1	"1"	"1"	2	FALSE	0	45	100	0	0	395.979797464	395.979797464	16.9386379719	3	5	3	5
1	"1"	"1"	2	FALSE	0	45	100	0	0	395.979797464	395.979797464	16.9720230103	2	6	2	6
1	"1"	"1"	2	FALSE	0	45	100	0	0	395.979797464	395.979797464	17.0052950382	2	6	2	6
1	"1"	"1"	2	FALSE	0	45	100	0	0	395.979797464	395.979797464	17.0386941433	1	7	1	7
1	"1"	"1"	2	FALSE	0	45	100	0	0	395.979797464	395.979797464	17.0720369816	0	8	0	8
1	"1"	"1"	2	FALSE	0	45	100	0	0	395.979797464	395.979797464	17.1052060127	-1	9	-1	9
1	"1"	"1"	2	FALSE	0	45	100	0	0	395.979797464	395.979797464	17.1387319565	-1	11	-1	11
1	"1"	"1"	2	FALSE	0	45	100	0	0	395.979797464	395.979797464	17.1720011234	-1	12	-1	12
1	"1"	"1"	2	FALSE	0	45	100	0	0	395.979797464	395.979797464	17.205532074	-1	13	-1	13
1	"1"	"1"	2	FALSE	0	45	100	0	0	395.979797464	395.979797464	17.2388539314	-2	13	-2	13
1	"1"	"1"	2	FALSE	0	45	100	0	0	395.979797464	395.979797464	17.2721540928	-2	13	-2	13
1	"1"	"1"	2	FALSE	0	45	100	0	0	395.979797464	395.979797464	17.3056731224	-2	13	-2	13
1	"1"	"1"	2	FALSE	0	45	100	0	0	395.979797464	395.979797464	17.3389489651	-2	13	-2	13
1	"1"	"1"	2	FALSE	0	45	100	0	0	395.979797464	395.979797464	17.3722031116	-2	14	-2	14
1	"1"	"1"	2	FALSE	0	45	100	0	0	395.979797464	395.979797464	17.4056129456	-2	15	-2	15
1	"1"	"1"	2	FALSE	0	45	100	0	0	395.979797464	395.979797464	17.4386370182	-2	16	-2	16
1	"1"	"1"	2	FALSE	0	45	100	0	0	395.979797464	395.979797464	17.4721980095	-4	16	-4	16
1	"1"	"1"	2	FALSE	0	45	100	0	0	395.979797464	395.979797464	17.5056049824	-5	15	-5	15
1	"1"	"1"	2	FALSE	0	45	100	0	0	395.979797464	395.979797464	17.5390241146	-6	15	-6	15
1	"1"	"1"	2	FALSE	0	45	100	0	0	395.979797464	395.979797464	17.5724720955	-7	15	-7	15
1	"1"	"1"	2	FALSE	0	45	100	0	0	395.979797464	395.979797464	17.6057441235	-7	16	-7	16
1	"1"	"1"	2	FALSE	0	45	100	0	0	395.979797464	395.979797464	17.6386020184	-7	16	-7	16
1	"1"	"1"	2	FALSE	0	45	100	0	0	395.979797464	395.979797464	17.6723251343	-7	16	-7	16
1	"1"	"1"	2	FALSE	0	45	100	0	0	395.979797464	395.979797464	17.7056360245	-8	15	-8	15
1	"1"	"1"	2	FALSE	0	45	100	0	0	395.979797464	395.979797464	17.7391600609	-9	15	-9	15
1	"1"	"1"	2	FALSE	0	45	100	0	0	395.979797464	395.979797464	17.7726891041	-10	14	-10	14
1	"1"	"1"	2	FALSE	0	45	100	0	0	395.979797464	395.979797464	17.8059740067	-11	14	-11	14
1	"1"	"1"	2	FALSE	0	45	100	0	0	395.979797464	395.979797464	17.8393249512	-13	15	-13	15
1	"1"	"1"	2	FALSE	0	45	100	0	0	395.979797464	395.979797464	17.8726129532	-17	15	-17	15
1	"1"	"1"	2	FALSE	0	45	100	0	0	395.979797464	395.979797464	17.9058589935	-17	15	-17	15
1	"1"	"1"	2	FALSE	0	45	100	0	0	395.979797464	395.979797464	17.9386799335	-17	15	-17	15
1	"1"	"1"	2	FALSE	0	45	100	0	0	395.979797464	395.979797464	17.9726951122	-17	15	-17	15
1	"1"	"1"	2	FALSE	0	45	100	0	0	395.979797464	395.979797464	18.0060429573	-16	15	-16	15
1	"1"	"1"	2	FALSE	0	45	100	0	0	395.979797464	395.979797464	18.0389361382	-16	15	-16	15
1	"1"	"1"	2	FALSE	0	45	100	0	0	395.979797464	395.979797464	18.072685957	-15	15	-15	15
1	"1"	"1"	2	FALSE	0	45	100	0	0	395.979797464	395.979797464	18.1061019897	-15	14	-15	14
1	"1"	"1"	2	FALSE	0	45	100	0	0	395.979797464	395.979797464	18.1395180225	-15	13	-15	13
1	"1"	"1"	2	FALSE	0	45	100	0	0	395.979797464	395.979797464	18.1724181175	-15	12	-15	12
1	"1"	"1"	2	FALSE	0	45	100	0	0	395.979797464	395.979797464	18.2063379288	-14	12	-14	12
1	"1"	"1"	2	FALSE	0	45	100	0	0	395.979797464	395.979797464	18.2394120693	-13	12	-13	12
1	"1"	"1"	2	FALSE	0	45	100	0	0	395.979797464	395.979797464	18.2729310989	-12	11	-12	11
1	"1"	"1"	2	FALSE	0	45	100	0	0	395.979797464	395.979797464	18.306303978	-12	11	-12	11
1	"1"	"1"	2	FALSE	0	45	100	0	0	395.979797464	395.979797464	18.3397269249	-11	10	-11	10
1	"1"	"1"	2	FALSE	0	45	100	0	0	395.979797464	395.979797464	18.3725070953	-10	10	-10	10
1	"1"	"1"	2	FALSE	0	45	100	0	0	395.979797464	395.979797464	18.4063470364	-9	9	-9	9
1	"1"	"1"	2	FALSE	0	45	100	0	0	395.979797464	395.979797464	18.4397461414	-9	9	-9	9
1	"1"	"1"	2	FALSE	0	45	100	0	0	395.979797464	395.979797464	18.4725439548	-9	9	-9	9
1	"1"	"1"	2	FALSE	0	45	100	0	0	395.979797464	395.979797464	18.5064871311	-9	9	-9	9
1	"1"	"1"	2	FALSE	0	45	100	0	0	395.979797464	395.979797464	18.5397830009	-9	8	-9	8
1	"1"	"1"	2	FALSE	0	45	100	0	0	395.979797464	395.979797464	18.5731739998	-10	8	-10	8
1	"1"	"1"	2	FALSE	0	45	100	0	0	395.979797464	395.979797464	18.6065239906	-10	8	-10	8
1	"1"	"1"	2	FALSE	0	45	100	0	0	395.979797464	395.979797464	18.6399140358	-10	7	-10	7
1	"1"	"1"	2	FALSE	0	45	100	0	0	395.979797464	395.979797464	18.6731979847	-10	7	-10	7
1	"1"	"1"	2	FALSE	0	45	100	0	0	395.979797464	395.979797464	18.7061359882	-10	6	-10	6
1	"1"	"1"	2	FALSE	0	45	100	0	0	395.979797464	395.979797464	18.7392630577	-9	6	-9	6
1	"1"	"1"	2	FALSE	0	45	100	0	0	395.979797464	395.979797464	18.773209095	-9	5	-9	5
1	"1"	"1"	2	FALSE	0	45	100	0	0	395.979797464	395.979797464	18.8065180779	-9	5	-9	5
1	"1"	"1"	2	FALSE	0	45	100	0	0	395.979797464	395.979797464	18.8400599957	-9	5	-9	5
1	"1"	"1"	2	FALSE	0	45	100	0	0	395.979797464	395.979797464	18.8733980656	-9	4	-9	4
1	"1"	"1"	2	FALSE	0	45	100	0	0	395.979797464	395.979797464	18.9068031311	-9	5	-9	5
1	"1"	"1"	2	FALSE	0	45	100	0	0	395.979797464	395.979797464	18.9401450157	-9	8	-9	8
1	"1"	"1"	2	FALSE	0	45	100	0	0	395.979797464	395.979797464	18.973608017	-7	26	-7	26
1	"1"	"1"	2	FALSE	0	45	100	0	0	395.979797464	395.979797464	19.0067849159	-2	40	-2	40
1	"1"	"1"	2	FALSE	0	45	100	0	0	395.979797464	395.979797464	19.0401880741	4	47	4	47
1	"1"	"1"	2	FALSE	0	45	100	0	0	395.979797464	395.979797464	19.0736510754	9	50	9	50
1	"1"	"1"	2	FALSE	0	45	100	0	0	395.979797464	395.979797464	19.1069409847	11	50	11	50
1	"1"	"1"	2	FALSE	0	45	100	0	0	395.979797464	395.979797464	19.1403310299	11	49	11	49
1	"1"	"1"	2	FALSE	0	45	100	0	0	395.979797464	395.979797464	19.1736130714	9	47	9	47
1	"1"	"1"	2	FALSE	0	45	100	0	0	395.979797464	395.979797464	19.2067379951	8	44	8	44
1	"1"	"1"	2	FALSE	0	45	100	0	0	395.979797464	395.979797464	19.2403960228	7	44	7	44
1	"1"	"1"	2	FALSE	0	45	100	0	0	395.979797464	395.979797464	19.2737231255	7	43	7	43
1	"1"	"1"	2	FALSE	0	45	100	0	0	395.979797464	395.979797464	19.3068130016	6	43	6	43
1	"1"	"1"	2	FALSE	0	45	100	0	0	395.979797464	395.979797464	19.3403229713	6	43	6	43
1	"1"	"1"	2	FALSE	0	45	100	0	0	395.979797464	395.979797464	19.3737919331	6	43	6	43
1	"1"	"1"	2	FALSE	0	45	100	0	0	395.979797464	395.979797464	19.4064970016	6	42	6	42
1	"1"	"1"	2	FALSE	0	45	100	0	0	395.979797464	395.979797464	19.4405269623	6	42	6	42
1	"1"	"1"	2	FALSE	0	45	100	0	0	395.979797464	395.979797464	19.4738650322	5	41	5	41
1	"1"	"1"	2	FALSE	0	45	100	0	0	395.979797464	395.979797464	19.5070800781	5	41	5	41
1	"1"	"1"	2	FALSE	0	45	100	0	0	395.979797464	395.979797464	19.5401349068	5	40	5	40
1	"1"	"1"	2	FALSE	0	45	100	0	0	395.979797464	395.979797464	19.573925972	5	40	5	40
1	"1"	"1"	2	FALSE	0	45	100	0	0	395.979797464	395.979797464	19.6072831154	4	39	4	39
1	"1"	"1"	2	FALSE	0	45	100	0	0	395.979797464	395.979797464	19.6404340267	4	38	4	38
1	"1"	"1"	2	FALSE	0	45	100	0	0	395.979797464	395.979797464	19.6740219593	4	38	4	38
1	"1"	"1"	2	FALSE	0	45	100	0	0	395.979797464	395.979797464	19.7074260712	4	38	4	38
1	"1"	"1"	2	FALSE	0	45	100	0	0	395.979797464	395.979797464	19.7405891418	3	37	3	37
1	"1"	"1"	2	FALSE	0	45	100	0	0	395.979797464	395.979797464	19.7741820812	3	38	3	38
1	"1"	"1"	2	FALSE	0	45	100	0	0	395.979797464	395.979797464	19.8076081276	3	38	3	38
1	"1"	"1"	2	FALSE	0	45	100	0	0	395.979797464	395.979797464	19.8408429623	3	37	3	37
1	"1"	"1"	2	FALSE	0	45	100	0	0	395.979797464	395.979797464	19.874186039	3	37	3	37
1	"1"	"1"	2	FALSE	0	45	100	0	0	395.979797464	395.979797464	19.9076449871	2	37	2	37
1	"1"	"1"	2	FALSE	0	45	100	0	0	395.979797464	395.979797464	19.9409151077	2	37	2	37
1	"1"	"1"	2	FALSE	0	45	100	0	0	395.979797464	395.979797464	19.9742851257	2	37	2	37
1	"1"	"1"	2	FALSE	0	45	100	0	0	395.979797464	395.979797464	20.0076460838	1	37	1	37
1	"1"	"1"	2	FALSE	0	45	100	0	0	395.979797464	395.979797464	20.0407271385	1	38	1	38
1	"1"	"1"	2	FALSE	0	45	100	0	0	395.979797464	395.979797464	20.0742990971	0	38	0	38
1	"1"	"1"	2	FALSE	0	45	100	0	0	395.979797464	395.979797464	20.107722044	0	37	0	37
1	"1"	"1"	2	FALSE	0	45	100	0	0	395.979797464	395.979797464	20.14113307	-1	37	-1	37
1	"1"	"1"	2	FALSE	0	45	100	0	0	395.979797464	395.979797464	20.1745369434	-1	36	-1	36
1	"1"	"1"	2	FALSE	0	45	100	0	0	395.979797464	395.979797464	20.2077629566	-1	36	-1	36
1	"1"	"1"	2	FALSE	0	45	100	0	0	395.979797464	395.979797464	20.2411689758	-1	35	-1	35
1	"1"	"1"	2	FALSE	0	45	100	0	0	395.979797464	395.979797464	20.2745270729	-1	35	-1	35
1	"1"	"1"	2	FALSE	0	45	100	0	0	395.979797464	395.979797464	20.3079500198	-1	34	-1	34
1	"1"	"1"	2	FALSE	0	45	100	0	0	395.979797464	395.979797464	20.3412201405	0	34	0	34
1	"1"	"1"	2	FALSE	0	45	100	0	0	395.979797464	395.979797464	20.3745849133	-1	33	-1	33
1	"1"	"1"	2	FALSE	0	45	100	0	0	395.979797464	395.979797464	20.4079940319	-2	31	-2	31
1	"1"	"1"	2	FALSE	0	45	100	0	0	395.979797464	395.979797464	20.441352129	-2	31	-2	31
1	"1"	"1"	2	FALSE	0	45	100	0	0	395.979797464	395.979797464	20.4746921062	-2	31	-2	31
1	"1"	"1"	2	FALSE	0	45	100	0	0	395.979797464	395.979797464	20.5080659389	-3	30	-3	30
1	"1"	"1"	2	FALSE	0	45	100	0	0	395.979797464	395.979797464	20.5412919521	-3	30	-3	30
1	"1"	"1"	2	FALSE	0	45	100	0	0	395.979797464	395.979797464	20.5746939182	-3	30	-3	30
1	"1"	"1"	2	FALSE	0	45	100	0	0	395.979797464	395.979797464	20.6081869602	-3	30	-3	30
1	"1"	"1"	2	FALSE	0	45	100	0	0	395.979797464	395.979797464	20.6414721012	-2	30	-2	30
1	"1"	"1"	2	FALSE	0	45	100	0	0	395.979797464	395.979797464	20.6748549938	-2	30	-2	30
1	"1"	"1"	2	FALSE	0	45	100	0	0	395.979797464	395.979797464	20.7081279755	-2	29	-2	29
1	"1"	"1"	2	FALSE	0	45	100	0	0	395.979797464	395.979797464	20.7414739132	-2	30	-2	30
1	"1"	"1"	2	FALSE	0	45	100	0	0	395.979797464	395.979797464	20.7748839855	-1	30	-1	30
1	"1"	"1"	2	FALSE	0	45	100	0	0	395.979797464	395.979797464	20.808275938	-1	30	-1	30
1	"1"	"1"	2	FALSE	0	45	100	0	0	395.979797464	395.979797464	20.841424942	-1	30	-1	30
1	"1"	"1"	2	FALSE	0	45	100	0	0	395.979797464	395.979797464	20.8749270439	-1	31	-1	31
1	"1"	"1"	2	FALSE	0	45	100	0	0	395.979797464	395.979797464	20.9083039761	-1	31	-1	31
1	"1"	"1"	2	FALSE	0	45	100	0	0	395.979797464	395.979797464	20.9417610168	-1	30	-1	30
1	"1"	"1"	2	FALSE	0	45	100	0	0	395.979797464	395.979797464	20.975112915	-1	30	-1	30
1	"1"	"1"	2	FALSE	0	45	100	0	0	395.979797464	395.979797464	21.0084719658	-1	30	-1	30
1	"1"	"1"	2	FALSE	0	45	100	0	0	395.979797464	395.979797464	21.0416791439	-1	30	-1	30
1	"1"	"1"	2	FALSE	0	45	100	0	0	395.979797464	395.979797464	21.0750689507	-1	30	-1	30
1	"1"	"1"	2	FALSE	0	45	100	0	0	395.979797464	395.979797464	21.1084709167	0	30	0	30
1	"1"	"1"	2	FALSE	0	45	100	0	0	395.979797464	395.979797464	21.14179492	0	30	0	30
1	"1"	"1"	2	FALSE	0	45	100	0	0	395.979797464	395.979797464	21.1752030849	1	30	1	30
1	"1"	"1"	2	FALSE	0	45	100	0	0	395.979797464	395.979797464	21.2085289955	1	30	1	30
1	"1"	"1"	2	FALSE	0	45	100	0	0	395.979797464	395.979797464	21.2419331074	1	31	1	31
1	"1"	"1"	2	FALSE	0	45	100	0	0	395.979797464	395.979797464	21.2753200531	2	32	2	32
1	"1"	"1"	2	FALSE	0	45	100	0	0	395.979797464	395.979797464	21.3087220192	3	33	3	33
1	"1"	"1"	2	FALSE	0	45	100	0	0	395.979797464	395.979797464	21.3419439793	5	36	5	36
1	"1"	"1"	2	FALSE	0	45	100	0	0	395.979797464	395.979797464	21.37530303	7	39	7	39
1	"1"	"1"	2	FALSE	0	45	100	0	0	395.979797464	395.979797464	21.4086821079	8	41	8	41
1	"1"	"1"	2	FALSE	0	45	100	0	0	395.979797464	395.979797464	21.442127943	8	41	8	41
1	"1"	"1"	2	FALSE	0	45	100	0	0	395.979797464	395.979797464	21.4754879475	7	40	7	40
1	"1"	"1"	2	FALSE	0	45	100	0	0	395.979797464	395.979797464	21.5086650848	6	39	6	39
1	"1"	"1"	2	FALSE	0	45	100	0	0	395.979797464	395.979797464	21.5421841145	5	38	5	38
1	"1"	"1"	2	FALSE	0	45	100	0	0	395.979797464	395.979797464	21.5756189823	5	37	5	37
1	"1"	"1"	2	FALSE	0	45	100	0	0	395.979797464	395.979797464	21.6088359356	5	37	5	37
1	"1"	"1"	2	FALSE	0	45	100	0	0	395.979797464	395.979797464	21.6422159672	5	36	5	36
1	"1"	"1"	2	FALSE	0	45	100	0	0	395.979797464	395.979797464	21.6756129265	4	36	4	36
1	"1"	"1"	2	FALSE	0	45	100	0	0	395.979797464	395.979797464	21.7090039253	4	35	4	35
1	"1"	"1"	2	FALSE	0	45	100	0	0	395.979797464	395.979797464	21.7422389984	3	35	3	35
1	"1"	"1"	2	FALSE	0	45	100	0	0	395.979797464	395.979797464	21.77571702	4	34	4	34
1	"1"	"1"	2	FALSE	0	45	100	0	0	395.979797464	395.979797464	21.8090009689	4	34	4	34
1	"1"	"1"	2	FALSE	0	45	100	0	0	395.979797464	395.979797464	21.8422350883	4	35	4	35
1	"1"	"1"	2	FALSE	0	45	100	0	0	395.979797464	395.979797464	21.8756840229	4	35	4	35
1	"1"	"1"	2	FALSE	0	45	100	0	0	395.979797464	395.979797464	21.9091069698	4	34	4	34
1	"1"	"1"	2	FALSE	0	45	100	0	0	395.979797464	395.979797464	21.9425039291	4	35	4	35
1	"1"	"1"	2	FALSE	0	45	100	0	0	395.979797464	395.979797464	21.9757859707	4	35	4	35
1	"1"	"1"	2	FALSE	0	45	100	0	0	395.979797464	395.979797464	22.0092821121	4	35	4	35
1	"1"	"1"	2	FALSE	0	45	100	0	0	395.979797464	395.979797464	22.0424389839	4	35	4	35
1	"1"	"1"	2	FALSE	0	45	100	0	0	395.979797464	395.979797464	22.0759060383	4	35	4	35
1	"1"	"1"	2	FALSE	0	45	100	0	0	395.979797464	395.979797464	22.1092140675	4	36	4	36
1	"1"	"1"	2	FALSE	0	45	100	0	0	395.979797464	395.979797464	22.1426050663	4	35	4	35
1	"1"	"1"	2	FALSE	0	45	100	0	0	395.979797464	395.979797464	22.1758430004	4	35	4	35
1	"1"	"1"	2	FALSE	0	45	100	0	0	395.979797464	395.979797464	22.2092020512	4	35	4	35
1	"1"	"1"	2	FALSE	0	45	100	0	0	395.979797464	395.979797464	22.242483139	4	35	4	35
1	"1"	"1"	2	FALSE	0	45	100	0	0	395.979797464	395.979797464	22.2759771347	4	35	4	35
1	"1"	"1"	2	FALSE	0	45	100	0	0	395.979797464	395.979797464	22.3093259335	4	35	4	35
1	"1"	"1"	2	FALSE	0	45	100	0	0	395.979797464	395.979797464	22.3429439068	4	35	4	35
1	"1"	"1"	2	FALSE	0	45	100	0	0	395.979797464	395.979797464	22.3761730194	4	35	4	35
1	"1"	"1"	2	FALSE	0	45	100	0	0	395.979797464	395.979797464	22.4091639519	4	35	4	35
1	"1"	"1"	2	FALSE	0	45	100	0	0	395.979797464	395.979797464	22.4428369999	4	35	4	35
1	"1"	"1"	2	FALSE	0	45	100	0	0	395.979797464	395.979797464	22.4760119915	4	35	4	35
1	"1"	"1"	2	FALSE	0	45	100	0	0	395.979797464	395.979797464	22.5094740391	4	35	4	35
1	"1"	"1"	2	FALSE	0	45	100	0	0	395.979797464	395.979797464	22.5428180695	4	36	4	36
1	"1"	"1"	2	FALSE	0	45	100	0	0	395.979797464	395.979797464	22.5761089325	4	35	4	35
1	"1"	"1"	2	FALSE	0	45	100	0	0	395.979797464	395.979797464	22.6095440388	4	36	4	36
1	"1"	"1"	2	FALSE	0	45	100	0	0	395.979797464	395.979797464	22.6430749893	5	36	5	36
1	"1"	"1"	2	FALSE	0	45	100	0	0	395.979797464	395.979797464	22.6762630939	5	37	5	37
1	"1"	"1"	2	FALSE	0	45	100	0	0	395.979797464	395.979797464	22.7096400261	6	39	6	39
1	"1"	"1"	2	FALSE	0	45	100	0	0	395.979797464	395.979797464	22.7431139946	6	40	6	40
1	"1"	"1"	2	FALSE	0	45	100	0	0	395.979797464	395.979797464	22.7762920856	7	41	7	41
1	"1"	"1"	2	FALSE	0	45	100	0	0	395.979797464	395.979797464	22.809335947	7	43	7	43
1	"1"	"1"	2	FALSE	0	45	100	0	0	395.979797464	395.979797464	22.8428080082	7	43	7	43
1	"1"	"1"	2	FALSE	0	45	100	0	0	395.979797464	395.979797464	22.8766219616	7	41	7	41
1	"1"	"1"	2	FALSE	0	45	100	0	0	395.979797464	395.979797464	22.9098250866	7	41	7	41
1	"1"	"1"	2	FALSE	0	45	100	0	0	395.979797464	395.979797464	22.9425721169	7	41	7	41
1	"1"	"1"	2	FALSE	0	45	100	0	0	395.979797464	395.979797464	22.9765760899	7	41	7	41
1	"1"	"1"	2	FALSE	0	45	100	0	0	395.979797464	395.979797464	23.0100040436	7	41	7	41
1	"1"	"1"	2	FALSE	0	45	100	0	0	395.979797464	395.979797464	23.0431399345	7	41	7	41
1	"1"	"1"	2	FALSE	0	45	100	0	0	395.979797464	395.979797464	23.0766289234	7	41	7	41
1	"1"	"1"	2	FALSE	0	45	100	0	0	395.979797464	395.979797464	23.1098189354	7	41	7	41
1	"1"	"1"	2	FALSE	0	45	100	0	0	395.979797464	395.979797464	23.143392086	7	41	7	41
1	"1"	"1"	2	FALSE	0	45	100	0	0	395.979797464	395.979797464	23.176787138	7	41	7	41
1	"1"	"1"	2	FALSE	0	45	100	0	0	395.979797464	395.979797464	23.209747076	8	41	8	41
1	"1"	"1"	2	FALSE	0	45	100	0	0	395.979797464	395.979797464	23.2433409691	8	41	8	41
1	"1"	"1"	2	FALSE	0	45	100	0	0	395.979797464	395.979797464	23.2762811184	8	41	8	41
1	"1"	"1"	2	FALSE	0	45	100	0	0	395.979797464	395.979797464	23.3095760345	8	41	8	41
1	"1"	"1"	2	FALSE	0	45	100	0	0	395.979797464	395.979797464	23.3429760933	8	42	8	42
1	"1"	"1"	2	FALSE	0	45	100	0	0	395.979797464	395.979797464	23.376294136	8	41	8	41
1	"1"	"1"	2	FALSE	0	45	100	0	0	395.979797464	395.979797464	23.4102270603	8	42	8	42
1	"1"	"1"	2	FALSE	0	45	100	0	0	395.979797464	395.979797464	23.4434950352	8	42	8	42
1	"1"	"1"	2	FALSE	0	45	100	0	0	395.979797464	395.979797464	23.4764530659	8	41	8	41
1	"1"	"1"	2	FALSE	0	45	100	0	0	395.979797464	395.979797464	23.5103490353	8	41	8	41
1	"1"	"1"	2	FALSE	0	45	100	0	0	395.979797464	395.979797464	23.5437021255	8	41	8	41
1	"1"	"1"	2	FALSE	0	45	100	0	0	395.979797464	395.979797464	23.5770230293	8	41	8	41
1	"1"	"1"	2	FALSE	0	45	100	0	0	395.979797464	395.979797464	23.6103930473	8	41	8	41
1	"1"	"1"	2	FALSE	0	45	100	0	0	395.979797464	395.979797464	23.6437849998	8	41	8	41
1	"1"	"1"	2	FALSE	0	45	100	0	0	395.979797464	395.979797464	23.6770939827	8	41	8	41
1	"1"	"1"	2	FALSE	0	45	100	0	0	395.979797464	395.979797464	23.7100129128	8	42	8	42
1	"1"	"1"	2	FALSE	0	45	100	0	0	395.979797464	395.979797464	23.743885994	9	43	9	43
1	"1"	"1"	2	FALSE	0	45	100	0	0	395.979797464	395.979797464	23.7766010761	10	44	10	44
1	"1"	"1"	2	FALSE	0	45	100	0	0	395.979797464	395.979797464	23.8105840683	11	46	11	46
1	"1"	"1"	2	FALSE	0	45	100	0	0	395.979797464	395.979797464	23.8439290524	13	47	13	47
1	"1"	"1"	2	FALSE	0	45	100	0	0	395.979797464	395.979797464	23.8767061234	13	48	13	48
1	"1"	"1"	2	FALSE	0	45	100	0	0	395.979797464	395.979797464	23.9105911255	13	47	13	47
1	"1"	"1"	2	FALSE	0	45	100	0	0	395.979797464	395.979797464	23.9440629482	12	47	12	47
1	"1"	"1"	2	FALSE	0	45	100	0	0	395.979797464	395.979797464	23.9770519733	12	46	12	46
1	"1"	"1"	2	FALSE	0	45	100	0	0	395.979797464	395.979797464	24.010766983	11	46	11	46
1	"1"	"1"	2	FALSE	0	45	100	0	0	395.979797464	395.979797464	24.0440499783	11	45	11	45
1	"1"	"1"	2	FALSE	0	45	100	0	0	395.979797464	395.979797464	24.0769069195	10	43	10	43
1	"1"	"1"	2	FALSE	0	45	100	0	0	395.979797464	395.979797464	24.1107881069	9	42	9	42
1	"1"	"1"	2	FALSE	0	45	100	0	0	395.979797464	395.979797464	24.1440989971	8	40	8	40
1	"1"	"1"	2	FALSE	0	45	100	0	0	395.979797464	395.979797464	24.177396059	7	38	7	38
1	"1"	"1"	2	FALSE	0	45	100	0	0	395.979797464	395.979797464	24.2106120586	6	37	6	37
1	"1"	"1"	2	FALSE	0	45	100	0	0	395.979797464	395.979797464	24.2441589832	6	37	6	37
1	"1"	"1"	2	FALSE	0	45	100	0	0	395.979797464	395.979797464	24.2770400047	7	39	7	39
1	"1"	"1"	2	FALSE	0	45	100	0	0	395.979797464	395.979797464	24.3110201359	9	43	9	43
1	"1"	"1"	2	FALSE	0	45	100	0	0	395.979797464	395.979797464	24.3442261219	10	44	10	44
1	"1"	"1"	2	FALSE	0	45	100	0	0	395.979797464	395.979797464	24.3775999546	12	47	12	47
1	"1"	"1"	2	FALSE	0	45	100	0	0	395.979797464	395.979797464	24.4104111195	15	50	15	50
1	"1"	"1"	2	FALSE	0	45	100	0	0	395.979797464	395.979797464	24.4443979263	17	54	17	54
1	"1"	"1"	2	FALSE	0	45	100	0	0	395.979797464	395.979797464	24.4778060913	23	59	23	59
1	"1"	"1"	2	FALSE	0	45	100	0	0	395.979797464	395.979797464	24.5106260777	38	76	38	76
1	"1"	"1"	2	FALSE	0	45	100	0	0	395.979797464	395.979797464	24.5444691181	71	101	71	101
1	"1"	"1"	2	FALSE	0	45	100	0	0	395.979797464	395.979797464	24.5778429508	100	127	100	127
1	"1"	"1"	2	FALSE	0	45	100	0	0	395.979797464	395.979797464	24.6112630367	140	163	140	163
1	"1"	"1"	2	FALSE	0	45	100	0	0	395.979797464	395.979797464	24.6437680721	178	194	178	194
1	"1"	"1"	2	FALSE	0	45	100	0	0	395.979797464	395.979797464	24.6775140762	209	217	209	217
1	"1"	"1"	2	FALSE	0	45	100	0	0	395.979797464	395.979797464	24.7104821205	246	243	246	243
1	"1"	"1"	2	FALSE	0	45	100	0	0	395.979797464	395.979797464	24.744492054	295	274	295	274
1	"1"	"1"	2	FALSE	0	45	100	0	0	395.979797464	395.979797464	24.777864933	315	284	315	284
1	"1"	"1"	2	FALSE	0	45	100	0	0	395.979797464	395.979797464	24.8111720085	335	292	335	292
1	"1"	"1"	2	FALSE	0	45	100	0	0	395.979797464	395.979797464	24.8447239399	347	298	347	298
1	"1"	"1"	2	FALSE	0	45	100	0	0	395.979797464	395.979797464	24.8779380322	356	303	356	303
1	"1"	"1"	2	FALSE	0	45	100	0	0	395.979797464	395.979797464	24.9109759331	360	309	360	309
1	"1"	"1"	2	FALSE	0	45	100	0	0	395.979797464	395.979797464	24.9447700977	365	314	365	314
1	"1"	"1"	2	FALSE	0	45	100	0	0	395.979797464	395.979797464	24.977752924	365	314	365	314
1	"1"	"1"	2	FALSE	0	45	100	0	0	395.979797464	395.979797464	25.0115010738	359	311	359	311
1	"1"	"1"	2	FALSE	0	45	100	0	0	395.979797464	395.979797464	25.0448610783	350	305	350	305
1	"1"	"1"	2	FALSE	0	45	100	0	0	395.979797464	395.979797464	25.0778441429	338	294	338	294
1	"1"	"1"	2	FALSE	0	45	100	0	0	395.979797464	395.979797464	25.111634016	326	283	326	283
1	"1"	"1"	2	FALSE	0	45	100	0	0	395.979797464	395.979797464	25.1449611187	318	278	318	278
1	"1"	"1"	2	FALSE	0	45	100	0	0	395.979797464	395.979797464	25.1782901287	315	273	315	273
1	"1"	"1"	2	FALSE	0	45	100	0	0	395.979797464	395.979797464	25.2113239765	315	275	315	275
1	"1"	"1"	2	FALSE	0	45	100	0	0	395.979797464	395.979797464	25.245059967	317	277	317	277
1	"1"	"1"	2	FALSE	0	45	100	0	0	395.979797464	395.979797464	25.2783720493	320	281	320	281
1	"1"	"1"	2	FALSE	0	45	100	0	0	395.979797464	395.979797464	25.3115861416	324	285	324	285
1	"1"	"1"	2	FALSE	0	45	100	0	0	395.979797464	395.979797464	25.3442471027	329	296	329	296
1	"1"	"1"	2	FALSE	0	45	100	0	0	395.979797464	395.979797464	25.3777589798	334	305	334	305
1	"1"	"1"	2	FALSE	0	45	100	0	0	395.979797464	395.979797464	25.4109780788	338	312	338	312
1	"1"	"1"	2	FALSE	0	45	100	0	0	395.979797464	395.979797464	25.4443569183	341	315	341	315
1	"1"	"1"	2	FALSE	0	45	100	0	0	395.979797464	395.979797464	25.4776360989	345	320	345	320
1	"1"	"1"	2	FALSE	0	45	100	0	0	395.979797464	395.979797464	25.5110530853	348	324	348	324
1	"1"	"1"	2	FALSE	0	45	100	0	0	395.979797464	395.979797464	25.5443351269	348	324	348	324
1	"1"	"1"	2	FALSE	0	45	100	0	0	395.979797464	395.979797464	25.5778250694	346	320	346	320
1	"1"	"1"	2	FALSE	0	45	100	0	0	395.979797464	395.979797464	25.6112179756	343	317	343	317
1	"1"	"1"	2	FALSE	0	45	100	0	0	395.979797464	395.979797464	25.6445760727	342	318	342	318
1	"1"	"1"	2	FALSE	0	45	100	0	0	395.979797464	395.979797464	25.6784341335	341	320	341	320
1	"1"	"1"	2	FALSE	0	45	100	0	0	395.979797464	395.979797464	25.7120320797	342	321	342	321
1	"1"	"1"	2	FALSE	0	45	100	0	0	395.979797464	395.979797464	25.7446680069	342	323	342	323
1	"1"	"1"	2	FALSE	0	45	100	0	0	395.979797464	395.979797464	25.778619051	342	323	342	323
1	"1"	"1"	2	FALSE	0	45	100	0	0	395.979797464	395.979797464	25.8113970757	343	326	343	326
1	"1"	"1"	2	FALSE	0	45	100	0	0	395.979797464	395.979797464	25.8448550701	343	327	343	327
1	"1"	"1"	2	FALSE	0	45	100	0	0	395.979797464	395.979797464	25.8779659271	343	328	343	328
1	"1"	"1"	2	FALSE	0	45	100	0	0	395.979797464	395.979797464	25.9113900661	343	329	343	329
1	"1"	"1"	2	FALSE	0	45	100	0	0	395.979797464	395.979797464	25.9448230267	343	329	343	329
1	"1"	"1"	2	FALSE	0	45	100	0	0	395.979797464	395.979797464	25.9781529903	343	330	343	330
1	"1"	"1"	2	FALSE	0	45	100	0	0	395.979797464	395.979797464	26.0116040707	342	328	342	328
1	"1"	"1"	2	FALSE	0	45	100	0	0	395.979797464	395.979797464	26.0449409485	342	325	342	325
1	"1"	"1"	2	FALSE	0	45	100	0	0	395.979797464	395.979797464	26.0788259506	342	327	342	327
1	"1"	"1"	2	FALSE	0	45	100	0	0	395.979797464	395.979797464	26.1123709679	342	329	342	329
1	"1"	"1"	2	FALSE	0	45	100	0	0	395.979797464	395.979797464	26.1450490952	342	329	342	329
1	"1"	"1"	2	FALSE	0	45	100	0	0	395.979797464	395.979797464	26.1790249348	342	327	342	327
1	"1"	"1"	2	FALSE	0	45	100	0	0	395.979797464	395.979797464	26.212362051	342	326	342	326
1	"1"	"1"	2	FALSE	0	45	100	0	0	395.979797464	395.979797464	26.2452960014	341	325	341	325
1	"1"	"1"	2	FALSE	0	45	100	0	0	395.979797464	395.979797464	26.279045105	341	323	341	323
1	"1"	"1"	2	FALSE	0	45	100	0	0	395.979797464	395.979797464	26.3121979237	340	319	340	319
1	"1"	"1"	2	FALSE	0	45	100	0	0	395.979797464	395.979797464	26.3452980518	340	316	340	316
1	"1"	"1"	2	FALSE	0	45	100	0	0	395.979797464	395.979797464	26.3792190552	340	314	340	314
1	"1"	"1"	2	FALSE	0	45	100	0	0	395.979797464	395.979797464	26.4125080109	340	310	340	310
1	"1"	"1"	2	FALSE	0	45	100	0	0	395.979797464	395.979797464	26.4455859661	341	308	341	308
1	"1"	"1"	2	FALSE	0	45	100	0	0	395.979797464	395.979797464	26.4791879654	340	307	340	307
1	"1"	"1"	2	FALSE	0	45	100	0	0	395.979797464	395.979797464	26.5124471188	340	305	340	305
1	"1"	"1"	2	FALSE	0	45	100	0	0	395.979797464	395.979797464	26.5454580784	340	305	340	305
1	"1"	"1"	2	FALSE	0	45	100	0	0	395.979797464	395.979797464	26.5793380737	339	306	339	306
1	"1"	"1"	2	FALSE	0	45	100	0	0	395.979797464	395.979797464	26.612653017	339	308	339	308
1	"1"	"1"	2	FALSE	0	45	100	0	0	395.979797464	395.979797464	26.6460671425	340	309	340	309
1	"1"	"1"	2	FALSE	0	45	100	0	0	395.979797464	395.979797464	26.6789169312	340	312	340	312
1	"1"	"1"	2	FALSE	0	45	100	0	0	395.979797464	395.979797464	26.7127990723	341	315	341	315
1	"1"	"1"	2	FALSE	0	45	100	0	0	395.979797464	395.979797464	26.7462329865	342	320	342	320
1	"1"	"1"	2	FALSE	0	45	100	0	0	395.979797464	395.979797464	26.7795460224	344	325	344	325
1	"1"	"1"	2	FALSE	0	45	100	0	0	395.979797464	395.979797464	26.8126809597	346	330	346	330
1	"1"	"1"	2	FALSE	0	45	100	0	0	395.979797464	395.979797464	26.8461689949	345	336	345	336
1	"1"	"1"	2	FALSE	0	45	100	0	0	395.979797464	395.979797464	26.8794119358	344	344	344	344
1	"1"	"1"	2	FALSE	0	45	100	0	0	395.979797464	395.979797464	26.9124019146	345	352	345	352
1	"1"	"1"	2	FALSE	0	45	100	0	0	395.979797464	395.979797464	26.9461989403	347	357	347	357
1	"1"	"1"	2	FALSE	0	45	100	0	0	395.979797464	395.979797464	26.9795761108	351	361	351	361
1	"1"	"1"	2	FALSE	0	45	100	0	0	395.979797464	395.979797464	27.0130810738	355	364	355	364
1	"1"	"1"	2	FALSE	0	45	100	0	0	395.979797464	395.979797464	27.0463569164	356	366	356	366
1	"1"	"1"	2	FALSE	0	45	100	0	0	395.979797464	395.979797464	27.0798521042	353	366	353	366
1	"1"	"1"	2	FALSE	0	45	100	0	0	395.979797464	395.979797464	27.1130959988	350	364	350	364
1	"1"	"1"	2	FALSE	0	45	100	0	0	395.979797464	395.979797464	27.1465001106	348	361	348	361
1	"1"	"1"	2	FALSE	0	45	100	0	0	395.979797464	395.979797464	27.1791629791	346	358	346	358
1	"1"	"1"	2	FALSE	0	45	100	0	0	395.979797464	395.979797464	27.2130510807	346	358	346	358
1	"1"	"1"	2	FALSE	0	45	100	0	0	395.979797464	395.979797464	27.2465009689	345	359	345	359
1	"1"	"1"	2	FALSE	0	45	100	0	0	395.979797464	395.979797464	27.2791891098	346	358	346	358
1	"1"	"1"	2	FALSE	0	45	100	0	0	395.979797464	395.979797464	27.3132679462	348	359	348	359
1	"1"	"1"	2	FALSE	0	45	100	0	0	395.979797464	395.979797464	27.3466389179	353	363	353	363
1	"1"	"1"	2	FALSE	0	45	100	0	0	395.979797464	395.979797464	27.379914999	358	365	358	365
1	"1"	"1"	2	FALSE	0	45	100	0	0	395.979797464	395.979797464	27.4128229618	364	368	364	368
1	"1"	"1"	2	FALSE	0	45	100	0	0	395.979797464	395.979797464	27.4467320442	367	370	367	370
1	"1"	"1"	2	FALSE	0	45	100	0	0	395.979797464	395.979797464	27.4799609184	368	371	368	371
1	"1"	"1"	2	FALSE	0	45	100	0	0	395.979797464	395.979797464	27.5132710934	370	374	370	374
1	"1"	"1"	2	FALSE	0	45	100	0	0	395.979797464	395.979797464	27.5461139679	375	379	375	379
1	"1"	"1"	2	FALSE	0	45	100	0	0	395.979797464	395.979797464	27.5792889595	378	383	378	383
1	"1"	"1"	2	FALSE	0	45	100	0	0	395.979797464	395.979797464	27.6126010418	379	384	379	384
1	"1"	"1"	2	FALSE	0	45	100	0	0	395.979797464	395.979797464	27.6459259987	382	386	382	386
1	"1"	"1"	2	FALSE	0	45	100	0	0	395.979797464	395.979797464	27.6792559624	383	387	383	387
1	"1"	"1"	2	FALSE	0	45	100	0	0	395.979797464	395.979797464	27.712749958	383	387	383	387
1	"1"	"1"	2	FALSE	0	45	100	0	0	395.979797464	395.979797464	27.7460110188	383	388	383	388
1	"1"	"1"	2	FALSE	0	45	100	0	0	395.979797464	395.979797464	27.7793791294	385	389	385	389
1	"1"	"1"	2	FALSE	0	45	100	0	0	395.979797464	395.979797464	27.8127129078	386	390	386	390
1	"1"	"1"	2	FALSE	0	45	100	0	0	395.979797464	395.979797464	27.8460559845	388	391	388	391
1	"1"	"1"	2	FALSE	0	45	100	0	0	395.979797464	395.979797464	27.8794329166	390	392	390	392
1	"1"	"1"	2	FALSE	0	45	100	0	0	395.979797464	395.979797464	27.9127810001	392	392	392	392
1	"1"	"1"	2	FALSE	0	45	100	0	0	395.979797464	395.979797464	27.9461331367	393	393	393	393
1	"1"	"1"	2	FALSE	0	45	100	0	0	395.979797464	395.979797464	27.979583025	394	394	394	394
1	"1"	"1"	3	FALSE	0	90	100	0	0	3.42901103761e-14	560	0.00359892845154	0	-2	0	-2
1	"1"	"1"	3	FALSE	0	90	100	0	0	3.42901103761e-14	560	0.0378839969635	0	-2	0	-2
1	"1"	"1"	3	FALSE	0	90	100	0	0	3.42901103761e-14	560	0.0712950229645	0	-3	0	-3
1	"1"	"1"	3	FALSE	0	90	100	0	0	3.42901103761e-14	560	0.104583978653	0	-5	0	-5
1	"1"	"1"	3	FALSE	0	90	100	0	0	3.42901103761e-14	560	0.138052940369	0	-5	0	-5
1	"1"	"1"	3	FALSE	0	90	100	0	0	3.42901103761e-14	560	0.171252012253	0	-6	0	-6
1	"1"	"1"	3	FALSE	0	90	100	0	0	3.42901103761e-14	560	0.204728841782	0	-6	0	-6
1	"1"	"1"	3	FALSE	0	90	100	0	0	3.42901103761e-14	560	0.237967014313	0	-6	0	-6
1	"1"	"1"	3	FALSE	0	90	100	0	0	3.42901103761e-14	560	0.271316051483	0	-6	0	-6
1	"1"	"1"	3	FALSE	0	90	100	0	0	3.42901103761e-14	560	0.304738044739	0	-5	0	-5
1	"1"	"1"	3	FALSE	0	90	100	0	0	3.42901103761e-14	560	0.337929964066	0	-6	0	-6
1	"1"	"1"	3	FALSE	0	90	100	0	0	3.42901103761e-14	560	0.371407032013	0	-4	0	-4
1	"1"	"1"	3	FALSE	0	90	100	0	0	3.42901103761e-14	560	0.404943943024	0	1	0	1
1	"1"	"1"	3	FALSE	0	90	100	0	0	3.42901103761e-14	560	0.438071012497	1	18	1	18
1	"1"	"1"	3	FALSE	0	90	100	0	0	3.42901103761e-14	560	0.471487998962	4	46	4	46
1	"1"	"1"	3	FALSE	0	90	100	0	0	3.42901103761e-14	560	0.504554033279	6	77	6	77
1	"1"	"1"	3	FALSE	0	90	100	0	0	3.42901103761e-14	560	0.538032054901	10	101	10	101
1	"1"	"1"	3	FALSE	0	90	100	0	0	3.42901103761e-14	560	0.571151971817	12	125	12	125
1	"1"	"1"	3	FALSE	0	90	100	0	0	3.42901103761e-14	560	0.604723930359	12	125	12	125
1	"1"	"1"	3	FALSE	0	90	100	0	0	3.42901103761e-14	560	0.638045072556	12	125	12	125
1	"1"	"1"	3	FALSE	0	90	100	0	0	3.42901103761e-14	560	0.671406984329	12	125	12	125
1	"1"	"1"	3	FALSE	0	90	100	0	0	3.42901103761e-14	560	0.704697847366	12	125	12	125
1	"1"	"1"	3	FALSE	0	90	100	0	0	3.42901103761e-14	560	0.738065004349	12	125	12	125
1	"1"	"1"	3	FALSE	0	90	100	0	0	3.42901103761e-14	560	0.771430015564	12	125	12	125
1	"1"	"1"	3	FALSE	0	90	100	0	0	3.42901103761e-14	560	0.804864883423	12	125	12	125
1	"1"	"1"	3	FALSE	0	90	100	0	0	3.42901103761e-14	560	0.838351964951	12	125	12	125
1	"1"	"1"	3	FALSE	0	90	100	0	0	3.42901103761e-14	560	0.871578931808	12	125	12	125
1	"1"	"1"	3	FALSE	0	90	100	0	0	3.42901103761e-14	560	0.905091047287	12	125	12	125
1	"1"	"1"	3	FALSE	0	90	100	0	0	3.42901103761e-14	560	0.938377857208	12	125	12	125
1	"1"	"1"	3	FALSE	0	90	100	0	0	3.42901103761e-14	560	0.971843004227	12	125	12	125
1	"1"	"1"	3	FALSE	0	90	100	0	0	3.42901103761e-14	560	1.00519299507	12	125	12	125
1	"1"	"1"	3	FALSE	0	90	100	0	0	3.42901103761e-14	560	1.03784799576	12	125	12	125
1	"1"	"1"	3	FALSE	0	90	100	0	0	3.42901103761e-14	560	1.07192897797	12	125	12	125
1	"1"	"1"	3	FALSE	0	90	100	0	0	3.42901103761e-14	560	1.1051928997	12	125	12	125
1	"1"	"1"	3	FALSE	0	90	100	0	0	3.42901103761e-14	560	1.1386449337	12	125	12	125
1	"1"	"1"	3	FALSE	0	90	100	0	0	3.42901103761e-14	560	1.17199707031	12	125	12	125
1	"1"	"1"	3	FALSE	0	90	100	0	0	3.42901103761e-14	560	1.20516204834	12	125	12	125
1	"1"	"1"	3	FALSE	0	90	100	0	0	3.42901103761e-14	560	1.23868894577	12	125	12	125
1	"1"	"1"	3	FALSE	0	90	100	0	0	3.42901103761e-14	560	1.27207303047	12	125	12	125
1	"1"	"1"	3	FALSE	0	90	100	0	0	3.42901103761e-14	560	1.30544686317	-28	353	-28	353
1	"1"	"1"	3	FALSE	0	90	100	0	0	3.42901103761e-14	560	1.33865499496	-26	345	-26	345
1	"1"	"1"	3	FALSE	0	90	100	0	0	3.42901103761e-14	560	1.37211799622	-27	345	-27	345
1	"1"	"1"	3	FALSE	0	90	100	0	0	3.42901103761e-14	560	1.40536785126	-26	339	-26	339
1	"1"	"1"	3	FALSE	0	90	100	0	0	3.42901103761e-14	560	1.43893790245	-28	347	-28	347
1	"1"	"1"	3	FALSE	0	90	100	0	0	3.42901103761e-14	560	1.47226500511	-29	365	-29	365
1	"1"	"1"	3	FALSE	0	90	100	0	0	3.42901103761e-14	560	1.50557398796	-25	392	-25	392
1	"1"	"1"	3	FALSE	0	90	100	0	0	3.42901103761e-14	560	1.53893995285	-23	406	-23	406
1	"1"	"1"	3	FALSE	0	90	100	0	0	3.42901103761e-14	560	1.57236599922	-24	413	-24	413
1	"1"	"1"	3	FALSE	0	90	100	0	0	3.42901103761e-14	560	1.60574007034	-25	432	-25	432
1	"1"	"1"	3	FALSE	0	90	100	0	0	3.42901103761e-14	560	1.63908100128	-25	441	-25	441
1	"1"	"1"	3	FALSE	0	90	100	0	0	3.42901103761e-14	560	1.67247390747	-21	448	-21	448
1	"1"	"1"	3	FALSE	0	90	100	0	0	3.42901103761e-14	560	1.70593190193	-12	461	-12	461
1	"1"	"1"	3	FALSE	0	90	100	0	0	3.42901103761e-14	560	1.73921990395	-1	476	-1	476
1	"1"	"1"	3	FALSE	0	90	100	0	0	3.42901103761e-14	560	1.77253603935	7	489	7	489
1	"1"	"1"	3	FALSE	0	90	100	0	0	3.42901103761e-14	560	1.80594396591	14	513	14	513
1	"1"	"1"	3	FALSE	0	90	100	0	0	3.42901103761e-14	560	1.83918786049	17	527	17	527
1	"1"	"1"	3	FALSE	0	90	100	0	0	3.42901103761e-14	560	1.87258386612	17	532	17	532
1	"1"	"1"	3	FALSE	0	90	100	0	0	3.42901103761e-14	560	1.90602207184	17	538	17	538
1	"1"	"1"	3	FALSE	0	90	100	0	0	3.42901103761e-14	560	1.93931293488	15	543	15	543
1	"1"	"1"	3	FALSE	0	90	100	0	0	3.42901103761e-14	560	1.97278189659	12	546	12	546
1	"1"	"1"	3	FALSE	0	90	100	0	0	3.42901103761e-14	560	2.00597000122	7	549	7	549
1	"1"	"1"	3	FALSE	0	90	100	0	0	3.42901103761e-14	560	2.03943705559	2	555	2	555
1	"1"	"1"	3	FALSE	0	90	100	0	0	3.42901103761e-14	560	2.07272195816	-2	562	-2	562
1	"1"	"1"	3	FALSE	0	90	100	0	0	3.42901103761e-14	560	2.10612297058	-4	567	-4	567
1	"1"	"1"	3	FALSE	0	90	100	0	0	3.42901103761e-14	560	2.13947606087	-7	570	-7	570
1	"1"	"1"	3	FALSE	0	90	100	0	0	3.42901103761e-14	560	2.17266798019	-9	570	-9	570
1	"1"	"1"	3	FALSE	0	90	100	0	0	3.42901103761e-14	560	2.20616006851	-10	568	-10	568
1	"1"	"1"	4	FALSE	0	135	100	0	0	-395.979797464	395.979797464	0.00197219848633	3	8	3	8
1	"1"	"1"	4	FALSE	0	135	100	0	0	-395.979797464	395.979797464	0.0379412174225	3	8	3	8
1	"1"	"1"	4	FALSE	0	135	100	0	0	-395.979797464	395.979797464	0.0711560249329	3	8	3	8
1	"1"	"1"	4	FALSE	0	135	100	0	0	-395.979797464	395.979797464	0.104624986649	4	8	4	8
1	"1"	"1"	4	FALSE	0	135	100	0	0	-395.979797464	395.979797464	0.137971162796	5	9	5	9
1	"1"	"1"	4	FALSE	0	135	100	0	0	-395.979797464	395.979797464	0.171336174011	5	9	5	9
1	"1"	"1"	4	FALSE	0	135	100	0	0	-395.979797464	395.979797464	0.204638004303	5	9	5	9
1	"1"	"1"	4	FALSE	0	135	100	0	0	-395.979797464	395.979797464	0.238004207611	5	9	5	9
1	"1"	"1"	4	FALSE	0	135	100	0	0	-395.979797464	395.979797464	0.271391153336	5	9	5	9
1	"1"	"1"	4	FALSE	0	135	100	0	0	-395.979797464	395.979797464	0.304723024368	4	9	4	9
1	"1"	"1"	4	FALSE	0	135	100	0	0	-395.979797464	395.979797464	0.338129043579	3	9	3	9
1	"1"	"1"	4	FALSE	0	135	100	0	0	-395.979797464	395.979797464	0.371547222137	1	8	1	8
1	"1"	"1"	4	FALSE	0	135	100	0	0	-395.979797464	395.979797464	0.40496301651	-4	8	-4	8
1	"1"	"1"	4	FALSE	0	135	100	0	0	-395.979797464	395.979797464	0.438266038895	-10	9	-10	9
1	"1"	"1"	4	FALSE	0	135	100	0	0	-395.979797464	395.979797464	0.471581220627	-16	9	-16	9
1	"1"	"1"	4	FALSE	0	135	100	0	0	-395.979797464	395.979797464	0.504967212677	-23	11	-23	11
1	"1"	"1"	4	FALSE	0	135	100	0	0	-395.979797464	395.979797464	0.538112163544	-31	15	-31	15
1	"1"	"1"	4	FALSE	0	135	100	0	0	-395.979797464	395.979797464	0.571548223495	-42	21	-42	21
1	"1"	"1"	4	FALSE	0	135	100	0	0	-395.979797464	395.979797464	0.605032205582	-68	37	-68	37
1	"1"	"1"	4	FALSE	0	135	100	0	0	-395.979797464	395.979797464	0.638231992722	-95	54	-95	54
1	"1"	"1"	4	FALSE	0	135	100	0	0	-395.979797464	395.979797464	0.671794176102	-104	62	-104	62
1	"1"	"1"	4	FALSE	0	135	100	0	0	-395.979797464	395.979797464	0.705160140991	-123	84	-123	84
1	"1"	"1"	4	FALSE	0	135	100	0	0	-395.979797464	395.979797464	0.738039016724	-133	91	-133	91
1	"1"	"1"	4	FALSE	0	135	100	0	0	-395.979797464	395.979797464	0.771799087524	-141	98	-141	98
1	"1"	"1"	4	FALSE	0	135	100	0	0	-395.979797464	395.979797464	0.805241107941	-145	101	-145	101
1	"1"	"1"	4	FALSE	0	135	100	0	0	-395.979797464	395.979797464	0.838479995728	-145	100	-145	100
1	"1"	"1"	4	FALSE	0	135	100	0	0	-395.979797464	395.979797464	0.871813058853	-143	100	-143	100
1	"1"	"1"	4	FALSE	0	135	100	0	0	-395.979797464	395.979797464	0.905157089233	-142	99	-142	99
1	"1"	"1"	4	FALSE	0	135	100	0	0	-395.979797464	395.979797464	0.938553094864	-143	100	-143	100
1	"1"	"1"	4	FALSE	0	135	100	0	0	-395.979797464	395.979797464	0.971989154816	-145	103	-145	103
1	"1"	"1"	4	FALSE	0	135	100	0	0	-395.979797464	395.979797464	1.00536203384	-146	101	-146	101
1	"1"	"1"	4	FALSE	0	135	100	0	0	-395.979797464	395.979797464	1.03869199753	-147	100	-147	100
1	"1"	"1"	4	FALSE	0	135	100	0	0	-395.979797464	395.979797464	1.07196521759	-147	97	-147	97
1	"1"	"1"	4	FALSE	0	135	100	0	0	-395.979797464	395.979797464	1.10537719727	-147	96	-147	96
1	"1"	"1"	4	FALSE	0	135	100	0	0	-395.979797464	395.979797464	1.13883018494	-146	95	-146	95
1	"1"	"1"	4	FALSE	0	135	100	0	0	-395.979797464	395.979797464	1.17215800285	-146	95	-146	95
1	"1"	"1"	4	FALSE	0	135	100	0	0	-395.979797464	395.979797464	1.20555710793	-146	95	-146	95
1	"1"	"1"	4	FALSE	0	135	100	0	0	-395.979797464	395.979797464	1.23889303207	-146	94	-146	94
1	"1"	"1"	4	FALSE	0	135	100	0	0	-395.979797464	395.979797464	1.27218604088	-146	94	-146	94
1	"1"	"1"	4	FALSE	0	135	100	0	0	-395.979797464	395.979797464	1.30542111397	-145	93	-145	93
1	"1"	"1"	4	FALSE	0	135	100	0	0	-395.979797464	395.979797464	1.33894920349	-143	92	-143	92
1	"1"	"1"	4	FALSE	0	135	100	0	0	-395.979797464	395.979797464	1.37220001221	-141	91	-141	91
1	"1"	"1"	4	FALSE	0	135	100	0	0	-395.979797464	395.979797464	1.40568804741	-139	89	-139	89
1	"1"	"1"	4	FALSE	0	135	100	0	0	-395.979797464	395.979797464	1.43889117241	-136	88	-136	88
1	"1"	"1"	4	FALSE	0	135	100	0	0	-395.979797464	395.979797464	1.47242212296	-135	88	-135	88
1	"1"	"1"	4	FALSE	0	135	100	0	0	-395.979797464	395.979797464	1.50576114655	-134	88	-134	88
1	"1"	"1"	4	FALSE	0	135	100	0	0	-395.979797464	395.979797464	1.53911399841	-134	86	-134	86
1	"1"	"1"	4	FALSE	0	135	100	0	0	-395.979797464	395.979797464	1.57251405716	-133	86	-133	86
1	"1"	"1"	4	FALSE	0	135	100	0	0	-395.979797464	395.979797464	1.60586118698	-133	85	-133	85
1	"1"	"1"	4	FALSE	0	135	100	0	0	-395.979797464	395.979797464	1.63920807838	-133	85	-133	85
1	"1"	"1"	4	FALSE	0	135	100	0	0	-395.979797464	395.979797464	1.67253804207	-132	83	-132	83
1	"1"	"1"	4	FALSE	0	135	100	0	0	-395.979797464	395.979797464	1.70589804649	-132	83	-132	83
1	"1"	"1"	4	FALSE	0	135	100	0	0	-395.979797464	395.979797464	1.7392411232	-130	82	-130	82
1	"1"	"1"	4	FALSE	0	135	100	0	0	-395.979797464	395.979797464	1.77242422104	-129	81	-129	81
1	"1"	"1"	4	FALSE	0	135	100	0	0	-395.979797464	395.979797464	1.80597615242	-129	81	-129	81
1	"1"	"1"	4	FALSE	0	135	100	0	0	-395.979797464	395.979797464	1.83928704262	-128	80	-128	80
1	"1"	"1"	4	FALSE	0	135	100	0	0	-395.979797464	395.979797464	1.87268400192	-127	81	-127	81
1	"1"	"1"	4	FALSE	0	135	100	0	0	-395.979797464	395.979797464	1.90603303909	-126	81	-126	81
1	"1"	"1"	4	FALSE	0	135	100	0	0	-395.979797464	395.979797464	1.93934202194	-126	81	-126	81
1	"1"	"1"	4	FALSE	0	135	100	0	0	-395.979797464	395.979797464	1.97281217575	-124	81	-124	81
1	"1"	"1"	4	FALSE	0	135	100	0	0	-395.979797464	395.979797464	2.00599217415	-123	83	-123	83
1	"1"	"1"	4	FALSE	0	135	100	0	0	-395.979797464	395.979797464	2.03926920891	-123	84	-123	84
1	"1"	"1"	4	FALSE	0	135	100	0	0	-395.979797464	395.979797464	2.07277202606	-122	84	-122	84
1	"1"	"1"	4	FALSE	0	135	100	0	0	-395.979797464	395.979797464	2.1062271595	-122	84	-122	84
1	"1"	"1"	4	FALSE	0	135	100	0	0	-395.979797464	395.979797464	2.13954210281	-120	83	-120	83
1	"1"	"1"	4	FALSE	0	135	100	0	0	-395.979797464	395.979797464	2.17288804054	-119	84	-119	84
1	"1"	"1"	4	FALSE	0	135	100	0	0	-395.979797464	395.979797464	2.20629310608	-117	83	-117	83
1	"1"	"1"	4	FALSE	0	135	100	0	0	-395.979797464	395.979797464	2.23964214325	-116	83	-116	83
1	"1"	"1"	4	FALSE	0	135	100	0	0	-395.979797464	395.979797464	2.27289199829	-116	83	-116	83
1	"1"	"1"	4	FALSE	0	135	100	0	0	-395.979797464	395.979797464	2.30624914169	-116	83	-116	83
1	"1"	"1"	4	FALSE	0	135	100	0	0	-395.979797464	395.979797464	2.33939003944	-116	83	-116	83
1	"1"	"1"	4	FALSE	0	135	100	0	0	-395.979797464	395.979797464	2.37311816216	-116	81	-116	81
1	"1"	"1"	4	FALSE	0	135	100	0	0	-395.979797464	395.979797464	2.40640521049	-117	80	-117	80
1	"1"	"1"	4	FALSE	0	135	100	0	0	-395.979797464	395.979797464	2.43972802162	-117	79	-117	79
1	"1"	"1"	4	FALSE	0	135	100	0	0	-395.979797464	395.979797464	2.4731490612	-117	77	-117	77
1	"1"	"1"	4	FALSE	0	135	100	0	0	-395.979797464	395.979797464	2.5064561367	-117	78	-117	78
1	"1"	"1"	4	FALSE	0	135	100	0	0	-395.979797464	395.979797464	2.53991222382	-117	77	-117	77
1	"1"	"1"	4	FALSE	0	135	100	0	0	-395.979797464	395.979797464	2.57318902016	-117	78	-117	78
1	"1"	"1"	4	FALSE	0	135	100	0	0	-395.979797464	395.979797464	2.60654115677	-117	78	-117	78
1	"1"	"1"	4	FALSE	0	135	100	0	0	-395.979797464	395.979797464	2.63994622231	-117	77	-117	77
1	"1"	"1"	4	FALSE	0	135	100	0	0	-395.979797464	395.979797464	2.67320418358	-117	77	-117	77
1	"1"	"1"	4	FALSE	0	135	100	0	0	-395.979797464	395.979797464	2.70663905144	-117	76	-117	76
1	"1"	"1"	4	FALSE	0	135	100	0	0	-395.979797464	395.979797464	2.73993015289	-118	75	-118	75
1	"1"	"1"	4	FALSE	0	135	100	0	0	-395.979797464	395.979797464	2.77328419685	-118	75	-118	75
1	"1"	"1"	4	FALSE	0	135	100	0	0	-395.979797464	395.979797464	2.80668306351	-118	75	-118	75
1	"1"	"1"	4	FALSE	0	135	100	0	0	-395.979797464	395.979797464	2.84000921249	-118	75	-118	75
1	"1"	"1"	4	FALSE	0	135	100	0	0	-395.979797464	395.979797464	2.87336611748	-118	75	-118	75
1	"1"	"1"	4	FALSE	0	135	100	0	0	-395.979797464	395.979797464	2.90675806999	-118	75	-118	75
1	"1"	"1"	4	FALSE	0	135	100	0	0	-395.979797464	395.979797464	2.94014215469	-118	75	-118	75
1	"1"	"1"	4	FALSE	0	135	100	0	0	-395.979797464	395.979797464	2.97340917587	-118	75	-118	75
1	"1"	"1"	4	FALSE	0	135	100	0	0	-395.979797464	395.979797464	3.00680398941	-117	74	-117	74
1	"1"	"1"	4	FALSE	0	135	100	0	0	-395.979797464	395.979797464	3.04020214081	-117	74	-117	74
1	"1"	"1"	4	FALSE	0	135	100	0	0	-395.979797464	395.979797464	3.07360601425	-117	73	-117	73
1	"1"	"1"	4	FALSE	0	135	100	0	0	-395.979797464	395.979797464	3.10693311691	-116	72	-116	72
1	"1"	"1"	4	FALSE	0	135	100	0	0	-395.979797464	395.979797464	3.14026498795	-115	72	-115	72
1	"1"	"1"	4	FALSE	0	135	100	0	0	-395.979797464	395.979797464	3.17350101471	-114	71	-114	71
1	"1"	"1"	4	FALSE	0	135	100	0	0	-395.979797464	395.979797464	3.20705699921	-114	69	-114	69
1	"1"	"1"	4	FALSE	0	135	100	0	0	-395.979797464	395.979797464	3.24024915695	-113	67	-113	67
1	"1"	"1"	4	FALSE	0	135	100	0	0	-395.979797464	395.979797464	3.273676157	-112	64	-112	64
1	"1"	"1"	4	FALSE	0	135	100	0	0	-395.979797464	395.979797464	3.30718302727	-112	62	-112	62
1	"1"	"1"	4	FALSE	0	135	100	0	0	-395.979797464	395.979797464	3.34036707878	-112	60	-112	60
1	"1"	"1"	4	FALSE	0	135	100	0	0	-395.979797464	395.979797464	3.37372517586	-115	60	-115	60
1	"1"	"1"	4	FALSE	0	135	100	0	0	-395.979797464	395.979797464	3.40705800056	-116	61	-116	61
1	"1"	"1"	4	FALSE	0	135	100	0	0	-395.979797464	395.979797464	3.44058418274	-117	61	-117	61
1	"1"	"1"	4	FALSE	0	135	100	0	0	-395.979797464	395.979797464	3.47394418716	-117	62	-117	62
1	"1"	"1"	4	FALSE	0	135	100	0	0	-395.979797464	395.979797464	3.50691819191	-118	62	-118	62
1	"1"	"1"	4	FALSE	0	135	100	0	0	-395.979797464	395.979797464	3.54042720795	-118	62	-118	62
1	"1"	"1"	4	FALSE	0	135	100	0	0	-395.979797464	395.979797464	3.57391309738	-118	62	-118	62
1	"1"	"1"	4	FALSE	0	135	100	0	0	-395.979797464	395.979797464	3.60737299919	-119	63	-119	63
1	"1"	"1"	4	FALSE	0	135	100	0	0	-395.979797464	395.979797464	3.6407020092	-119	63	-119	63
1	"1"	"1"	4	FALSE	0	135	100	0	0	-395.979797464	395.979797464	3.67404007912	-119	63	-119	63
1	"1"	"1"	4	FALSE	0	135	100	0	0	-395.979797464	395.979797464	3.70739603043	-120	63	-120	63
1	"1"	"1"	4	FALSE	0	135	100	0	0	-395.979797464	395.979797464	3.74069809914	-120	64	-120	64
1	"1"	"1"	4	FALSE	0	135	100	0	0	-395.979797464	395.979797464	3.77399706841	-120	64	-120	64
1	"1"	"1"	4	FALSE	0	135	100	0	0	-395.979797464	395.979797464	3.80744719505	-121	64	-121	64
1	"1"	"1"	4	FALSE	0	135	100	0	0	-395.979797464	395.979797464	3.8407330513	-122	65	-122	65
1	"1"	"1"	4	FALSE	0	135	100	0	0	-395.979797464	395.979797464	3.87420105934	-123	66	-123	66
1	"1"	"1"	4	FALSE	0	135	100	0	0	-395.979797464	395.979797464	3.90756917	-124	67	-124	67
1	"1"	"1"	4	FALSE	0	135	100	0	0	-395.979797464	395.979797464	3.94084620476	-125	67	-125	67
1	"1"	"1"	4	FALSE	0	135	100	0	0	-395.979797464	395.979797464	3.97423815727	-126	68	-126	68
1	"1"	"1"	4	FALSE	0	135	100	0	0	-395.979797464	395.979797464	4.0075571537	-127	68	-127	68
1	"1"	"1"	4	FALSE	0	135	100	0	0	-395.979797464	395.979797464	4.04099607468	-127	68	-127	68
1	"1"	"1"	4	FALSE	0	135	100	0	0	-395.979797464	395.979797464	4.07441711426	-127	68	-127	68
1	"1"	"1"	4	FALSE	0	135	100	0	0	-395.979797464	395.979797464	4.1077671051	-128	69	-128	69
1	"1"	"1"	4	FALSE	0	135	100	0	0	-395.979797464	395.979797464	4.14105415344	-128	69	-128	69
1	"1"	"1"	4	FALSE	0	135	100	0	0	-395.979797464	395.979797464	4.17440199852	-128	69	-128	69
1	"1"	"1"	4	FALSE	0	135	100	0	0	-395.979797464	395.979797464	4.2077422142	-128	69	-128	69
1	"1"	"1"	4	FALSE	0	135	100	0	0	-395.979797464	395.979797464	4.24083709717	-128	69	-128	69
1	"1"	"1"	4	FALSE	0	135	100	0	0	-395.979797464	395.979797464	4.27429413795	-128	69	-128	69
1	"1"	"1"	4	FALSE	0	135	100	0	0	-395.979797464	395.979797464	4.30777001381	-128	69	-128	69
1	"1"	"1"	4	FALSE	0	135	100	0	0	-395.979797464	395.979797464	4.3412501812	-128	69	-128	69
1	"1"	"1"	4	FALSE	0	135	100	0	0	-395.979797464	395.979797464	4.37457299232	-128	69	-128	69
1	"1"	"1"	4	FALSE	0	135	100	0	0	-395.979797464	395.979797464	4.40777420998	-128	69	-128	69
1	"1"	"1"	4	FALSE	0	135	100	0	0	-395.979797464	395.979797464	4.44126415253	-128	69	-128	69
1	"1"	"1"	4	FALSE	0	135	100	0	0	-395.979797464	395.979797464	4.47456407547	-128	69	-128	69
1	"1"	"1"	4	FALSE	0	135	100	0	0	-395.979797464	395.979797464	4.50805902481	-127	69	-127	69
1	"1"	"1"	4	FALSE	0	135	100	0	0	-395.979797464	395.979797464	4.5413620472	-127	69	-127	69
1	"1"	"1"	4	FALSE	0	135	100	0	0	-395.979797464	395.979797464	4.57475304604	-126	69	-126	69
1	"1"	"1"	4	FALSE	0	135	100	0	0	-395.979797464	395.979797464	4.60809421539	-126	69	-126	69
1	"1"	"1"	4	FALSE	0	135	100	0	0	-395.979797464	395.979797464	4.64088010788	-125	68	-125	68
1	"1"	"1"	4	FALSE	0	135	100	0	0	-395.979797464	395.979797464	4.67487716675	-124	67	-124	67
1	"1"	"1"	4	FALSE	0	135	100	0	0	-395.979797464	395.979797464	4.70805716515	-124	67	-124	67
1	"1"	"1"	4	FALSE	0	135	100	0	0	-395.979797464	395.979797464	4.74155306816	-124	66	-124	66
1	"1"	"1"	4	FALSE	0	135	100	0	0	-395.979797464	395.979797464	4.77485203743	-124	66	-124	66
1	"1"	"1"	4	FALSE	0	135	100	0	0	-395.979797464	395.979797464	4.80817103386	-124	66	-124	66
1	"1"	"1"	4	FALSE	0	135	100	0	0	-395.979797464	395.979797464	4.84159517288	-124	66	-124	66
1	"1"	"1"	4	FALSE	0	135	100	0	0	-395.979797464	395.979797464	4.87493109703	-124	66	-124	66
1	"1"	"1"	4	FALSE	0	135	100	0	0	-395.979797464	395.979797464	4.9083302021	-124	65	-124	65
1	"1"	"1"	4	FALSE	0	135	100	0	0	-395.979797464	395.979797464	4.94144916534	-124	65	-124	65
1	"1"	"1"	4	FALSE	0	135	100	0	0	-395.979797464	395.979797464	4.97494101524	-124	65	-124	65
1	"1"	"1"	4	FALSE	0	135	100	0	0	-395.979797464	395.979797464	5.00841903687	-124	65	-124	65
1	"1"	"1"	4	FALSE	0	135	100	0	0	-395.979797464	395.979797464	5.04176712036	-124	65	-124	65
1	"1"	"1"	4	FALSE	0	135	100	0	0	-395.979797464	395.979797464	5.07510113716	-124	65	-124	65
1	"1"	"1"	4	FALSE	0	135	100	0	0	-395.979797464	395.979797464	5.10841703415	-124	65	-124	65
1	"1"	"1"	4	FALSE	0	135	100	0	0	-395.979797464	395.979797464	5.14186501503	-124	65	-124	65
1	"1"	"1"	4	FALSE	0	135	100	0	0	-395.979797464	395.979797464	5.17509698868	-124	65	-124	65
1	"1"	"1"	4	FALSE	0	135	100	0	0	-395.979797464	395.979797464	5.20857620239	-124	65	-124	65
1	"1"	"1"	4	FALSE	0	135	100	0	0	-395.979797464	395.979797464	5.24191904068	-124	64	-124	64
1	"1"	"1"	4	FALSE	0	135	100	0	0	-395.979797464	395.979797464	5.27527499199	-124	64	-124	64
1	"1"	"1"	4	FALSE	0	135	100	0	0	-395.979797464	395.979797464	5.3085770607	-124	64	-124	64
1	"1"	"1"	4	FALSE	0	135	100	0	0	-395.979797464	395.979797464	5.34197115898	-124	64	-124	64
1	"1"	"1"	4	FALSE	0	135	100	0	0	-395.979797464	395.979797464	5.37534117699	-124	64	-124	64
1	"1"	"1"	4	FALSE	0	135	100	0	0	-395.979797464	395.979797464	5.40872502327	-124	63	-124	63
1	"1"	"1"	4	FALSE	0	135	100	0	0	-395.979797464	395.979797464	5.44185018539	-124	63	-124	63
1	"1"	"1"	4	FALSE	0	135	100	0	0	-395.979797464	395.979797464	5.47538518906	-124	63	-124	63
1	"1"	"1"	4	FALSE	0	135	100	0	0	-395.979797464	395.979797464	5.50859022141	-124	63	-124	63
1	"1"	"1"	4	FALSE	0	135	100	0	0	-395.979797464	395.979797464	5.54216217995	-124	63	-124	63
1	"1"	"1"	4	FALSE	0	135	100	0	0	-395.979797464	395.979797464	5.57552909851	-124	63	-124	63
1	"1"	"1"	4	FALSE	0	135	100	0	0	-395.979797464	395.979797464	5.60878014565	-124	63	-124	63
1	"1"	"1"	4	FALSE	0	135	100	0	0	-395.979797464	395.979797464	5.64228105545	-124	63	-124	63
1	"1"	"1"	4	FALSE	0	135	100	0	0	-395.979797464	395.979797464	5.67558908463	-124	63	-124	63
1	"1"	"1"	4	FALSE	0	135	100	0	0	-395.979797464	395.979797464	5.70876812935	-124	63	-124	63
1	"1"	"1"	4	FALSE	0	135	100	0	0	-395.979797464	395.979797464	5.74214601517	-124	63	-124	63
1	"1"	"1"	4	FALSE	0	135	100	0	0	-395.979797464	395.979797464	5.77553105354	-124	63	-124	63
1	"1"	"1"	4	FALSE	0	135	100	0	0	-395.979797464	395.979797464	5.80905604362	-124	63	-124	63
1	"1"	"1"	4	FALSE	0	135	100	0	0	-395.979797464	395.979797464	5.84235715866	-124	64	-124	64
1	"1"	"1"	4	FALSE	0	135	100	0	0	-395.979797464	395.979797464	5.87566614151	-124	64	-124	64
1	"1"	"1"	4	FALSE	0	135	100	0	0	-395.979797464	395.979797464	5.90905714035	-124	64	-124	64
1	"1"	"1"	4	FALSE	0	135	100	0	0	-395.979797464	395.979797464	5.94237208366	-124	64	-124	64
1	"1"	"1"	4	FALSE	0	135	100	0	0	-395.979797464	395.979797464	5.97560620308	-124	64	-124	64
1	"1"	"1"	4	FALSE	0	135	100	0	0	-395.979797464	395.979797464	6.00893807411	-124	64	-124	64
1	"1"	"1"	4	FALSE	0	135	100	0	0	-395.979797464	395.979797464	6.04247713089	-124	64	-124	64
1	"1"	"1"	4	FALSE	0	135	100	0	0	-395.979797464	395.979797464	6.07585310936	-124	64	-124	64
1	"1"	"1"	4	FALSE	0	135	100	0	0	-395.979797464	395.979797464	6.1092581749	-124	64	-124	64
1	"1"	"1"	4	FALSE	0	135	100	0	0	-395.979797464	395.979797464	6.14267706871	-125	64	-125	64
1	"1"	"1"	4	FALSE	0	135	100	0	0	-395.979797464	395.979797464	6.17603611946	-126	65	-126	65
1	"1"	"1"	4	FALSE	0	135	100	0	0	-395.979797464	395.979797464	6.20924806595	-128	67	-128	67
1	"1"	"1"	4	FALSE	0	135	100	0	0	-395.979797464	395.979797464	6.24259305	-130	71	-130	71
1	"1"	"1"	4	FALSE	0	135	100	0	0	-395.979797464	395.979797464	6.27594518661	-131	75	-131	75
1	"1"	"1"	4	FALSE	0	135	100	0	0	-395.979797464	395.979797464	6.30939912796	-132	79	-132	79
1	"1"	"1"	4	FALSE	0	135	100	0	0	-395.979797464	395.979797464	6.34278106689	-133	80	-133	80
1	"1"	"1"	4	FALSE	0	135	100	0	0	-395.979797464	395.979797464	6.37613010406	-136	80	-136	80
1	"1"	"1"	4	FALSE	0	135	100	0	0	-395.979797464	395.979797464	6.40949511528	-138	81	-138	81
1	"1"	"1"	4	FALSE	0	135	100	0	0	-395.979797464	395.979797464	6.44287419319	-141	84	-141	84
1	"1"	"1"	4	FALSE	0	135	100	0	0	-395.979797464	395.979797464	6.47627210617	-145	87	-145	87
1	"1"	"1"	4	FALSE	0	135	100	0	0	-395.979797464	395.979797464	6.50959420204	-149	91	-149	91
1	"1"	"1"	4	FALSE	0	135	100	0	0	-395.979797464	395.979797464	6.5428981781	-154	99	-154	99
1	"1"	"1"	4	FALSE	0	135	100	0	0	-395.979797464	395.979797464	6.57630300522	-163	110	-163	110
1	"1"	"1"	4	FALSE	0	135	100	0	0	-395.979797464	395.979797464	6.60965418816	-190	148	-190	148
1	"1"	"1"	4	FALSE	0	135	100	0	0	-395.979797464	395.979797464	6.64311718941	-199	162	-199	162
1	"1"	"1"	4	FALSE	0	135	100	0	0	-395.979797464	395.979797464	6.67638516426	-210	180	-210	180
1	"1"	"1"	4	FALSE	0	135	100	0	0	-395.979797464	395.979797464	6.70957612991	-225	198	-225	198
1	"1"	"1"	4	FALSE	0	135	100	0	0	-395.979797464	395.979797464	6.74312615395	-234	209	-234	209
1	"1"	"1"	4	FALSE	0	135	100	0	0	-395.979797464	395.979797464	6.77644300461	-248	226	-248	226
1	"1"	"1"	4	FALSE	0	135	100	0	0	-395.979797464	395.979797464	6.8096511364	-257	237	-257	237
1	"1"	"1"	4	FALSE	0	135	100	0	0	-395.979797464	395.979797464	6.84323811531	-268	253	-268	253
1	"1"	"1"	4	FALSE	0	135	100	0	0	-395.979797464	395.979797464	6.87655210495	-284	268	-284	268
1	"1"	"1"	4	FALSE	0	135	100	0	0	-395.979797464	395.979797464	6.90992212296	-290	274	-290	274
1	"1"	"1"	4	FALSE	0	135	100	0	0	-395.979797464	395.979797464	6.94324421883	-298	281	-298	281
1	"1"	"1"	4	FALSE	0	135	100	0	0	-395.979797464	395.979797464	6.97657418251	-311	291	-311	291
1	"1"	"1"	4	FALSE	0	135	100	0	0	-395.979797464	395.979797464	7.00995206833	-325	304	-325	304
1	"1"	"1"	4	FALSE	0	135	100	0	0	-395.979797464	395.979797464	7.04328799248	-336	316	-336	316
1	"1"	"1"	4	FALSE	0	135	100	0	0	-395.979797464	395.979797464	7.07676506042	-345	326	-345	326
1	"1"	"1"	4	FALSE	0	135	100	0	0	-395.979797464	395.979797464	7.110060215	-356	338	-356	338
1	"1"	"1"	4	FALSE	0	135	100	0	0	-395.979797464	395.979797464	7.14337205887	-367	348	-367	348
1	"1"	"1"	4	FALSE	0	135	100	0	0	-395.979797464	395.979797464	7.17686104774	-385	364	-385	364
1	"1"	"1"	4	FALSE	0	135	100	0	0	-395.979797464	395.979797464	7.21000599861	-390	368	-390	368
1	"1"	"1"	4	FALSE	0	135	100	0	0	-395.979797464	395.979797464	7.24348306656	-394	374	-394	374
1	"1"	"1"	4	FALSE	0	135	100	0	0	-395.979797464	395.979797464	7.27695012093	-401	383	-401	383
1	"1"	"1"	4	FALSE	0	135	100	0	0	-395.979797464	395.979797464	7.31016802788	-406	391	-406	391
1	"1"	"1"	4	FALSE	0	135	100	0	0	-395.979797464	395.979797464	7.34331417084	-411	399	-411	399
1	"1"	"1"	4	FALSE	0	135	100	0	0	-395.979797464	395.979797464	7.3768901825	-416	408	-416	408
1	"1"	"1"	4	FALSE	0	135	100	0	0	-395.979797464	395.979797464	7.41030716896	-417	410	-417	410
1	"1"	"1"	4	FALSE	0	135	100	0	0	-395.979797464	395.979797464	7.44342708588	-415	408	-415	408
1	"1"	"1"	4	FALSE	0	135	100	0	0	-395.979797464	395.979797464	7.47697615623	-411	405	-411	405
1	"1"	"1"	4	FALSE	0	135	100	0	0	-395.979797464	395.979797464	7.51036000252	-407	402	-407	402
1	"1"	"1"	4	FALSE	0	135	100	0	0	-395.979797464	395.979797464	7.54366803169	-405	401	-405	401
1	"1"	"1"	4	FALSE	0	135	100	0	0	-395.979797464	395.979797464	7.57710003853	-402	400	-402	400
1	"1"	"1"	4	FALSE	0	135	100	0	0	-395.979797464	395.979797464	7.6104722023	-399	400	-399	400
1	"1"	"1"	4	FALSE	0	135	100	0	0	-395.979797464	395.979797464	7.64372301102	-397	399	-397	399
1	"1"	"1"	4	FALSE	0	135	100	0	0	-395.979797464	395.979797464	7.67721509933	-396	397	-396	397
1	"1"	"1"	4	FALSE	0	135	100	0	0	-395.979797464	395.979797464	7.7105691433	-395	396	-395	396
1	"1"	"1"	4	FALSE	0	135	100	0	0	-395.979797464	395.979797464	7.74387216568	-395	394	-395	394
1	"1"	"1"	4	FALSE	0	135	100	0	0	-395.979797464	395.979797464	7.77729010582	-396	393	-396	393
1	"1"	"1"	4	FALSE	0	135	100	0	0	-395.979797464	395.979797464	7.81058812141	-397	392	-397	392
1	"1"	"1"	4	FALSE	0	135	100	0	0	-395.979797464	395.979797464	7.84394621849	-398	393	-398	393
1	"1"	"1"	5	FALSE	0	90	100	0	0	3.42901103761e-14	560	0.00211596488953	-9	8	-9	8
1	"1"	"1"	5	FALSE	0	90	100	0	0	3.42901103761e-14	560	0.0369911193848	-7	7	-7	7
1	"1"	"1"	5	FALSE	0	90	100	0	0	3.42901103761e-14	560	0.0704259872437	-6	7	-6	7
1	"1"	"1"	5	FALSE	0	90	100	0	0	3.42901103761e-14	560	0.103355169296	-4	7	-4	7
1	"1"	"1"	5	FALSE	0	90	100	0	0	3.42901103761e-14	560	0.136517047882	-2	6	-2	6
1	"1"	"1"	5	FALSE	0	90	100	0	0	3.42901103761e-14	560	0.170361995697	0	4	0	4
1	"1"	"1"	5	FALSE	0	90	100	0	0	3.42901103761e-14	560	0.203777074814	1	3	1	3
1	"1"	"1"	5	FALSE	0	90	100	0	0	3.42901103761e-14	560	0.23694896698	1	2	1	2
1	"1"	"1"	5	FALSE	0	90	100	0	0	3.42901103761e-14	560	0.269752025604	1	2	1	2
1	"1"	"1"	5	FALSE	0	90	100	0	0	3.42901103761e-14	560	0.303588151932	1	1	1	1
1	"1"	"1"	5	FALSE	0	90	100	0	0	3.42901103761e-14	560	0.337161064148	0	1	0	1
1	"1"	"1"	5	FALSE	0	90	100	0	0	3.42901103761e-14	560	0.370433092117	0	1	0	1
1	"1"	"1"	5	FALSE	0	90	100	0	0	3.42901103761e-14	560	0.403875112534	1	2	1	2
1	"1"	"1"	5	FALSE	0	90	100	0	0	3.42901103761e-14	560	0.437316179276	1	3	1	3
1	"1"	"1"	5	FALSE	0	90	100	0	0	3.42901103761e-14	560	0.470674991608	1	4	1	4
1	"1"	"1"	5	FALSE	0	90	100	0	0	3.42901103761e-14	560	0.5037150383	0	4	0	4
1	"1"	"1"	5	FALSE	0	90	100	0	0	3.42901103761e-14	560	0.537360191345	0	5	0	5
1	"1"	"1"	5	FALSE	0	90	100	0	0	3.42901103761e-14	560	0.570564985275	-1	8	-1	8
1	"1"	"1"	5	FALSE	0	90	100	0	0	3.42901103761e-14	560	0.603803157806	-1	11	-1	11
1	"1"	"1"	5	FALSE	0	90	100	0	0	3.42901103761e-14	560	0.637269973755	-1	19	-1	19
1	"1"	"1"	5	FALSE	0	90	100	0	0	3.42901103761e-14	560	0.67013001442	0	31	0	31
1	"1"	"1"	5	FALSE	0	90	100	0	0	3.42901103761e-14	560	0.703989982605	1	44	1	44
1	"1"	"1"	5	FALSE	0	90	100	0	0	3.42901103761e-14	560	0.737460136414	2	68	2	68
1	"1"	"1"	5	FALSE	0	90	100	0	0	3.42901103761e-14	560	0.770889997482	3	89	3	89
1	"1"	"1"	5	FALSE	0	90	100	0	0	3.42901103761e-14	560	0.803759098053	6	115	6	115
1	"1"	"1"	5	FALSE	0	90	100	0	0	3.42901103761e-14	560	0.837583065033	7	146	7	146
1	"1"	"1"	5	FALSE	0	90	100	0	0	3.42901103761e-14	560	0.870862960815	10	175	10	175
1	"1"	"1"	5	FALSE	0	90	100	0	0	3.42901103761e-14	560	0.903666973114	11	214	11	214
1	"1"	"1"	5	FALSE	0	90	100	0	0	3.42901103761e-14	560	0.93767118454	13	245	13	245
1	"1"	"1"	5	FALSE	0	90	100	0	0	3.42901103761e-14	560	0.971014976501	14	281	14	281
1	"1"	"1"	5	FALSE	0	90	100	0	0	3.42901103761e-14	560	1.00413513184	15	312	15	312
1	"1"	"1"	5	FALSE	0	90	100	0	0	3.42901103761e-14	560	1.03748106956	16	345	16	345
1	"1"	"1"	5	FALSE	0	90	100	0	0	3.42901103761e-14	560	1.07098007202	16	376	16	376
1	"1"	"1"	5	FALSE	0	90	100	0	0	3.42901103761e-14	560	1.10406899452	14	403	14	403
1	"1"	"1"	5	FALSE	0	90	100	0	0	3.42901103761e-14	560	1.13788819313	9	427	9	427
1	"1"	"1"	5	FALSE	0	90	100	0	0	3.42901103761e-14	560	1.17109918594	6	443	6	443
1	"1"	"1"	5	FALSE	0	90	100	0	0	3.42901103761e-14	560	1.20451998711	4	459	4	459
1	"1"	"1"	5	FALSE	0	90	100	0	0	3.42901103761e-14	560	1.23795199394	1	474	1	474
1	"1"	"1"	5	FALSE	0	90	100	0	0	3.42901103761e-14	560	1.27122998238	-2	485	-2	485
1	"1"	"1"	5	FALSE	0	90	100	0	0	3.42901103761e-14	560	1.30410313606	-4	497	-4	497
1	"1"	"1"	5	FALSE	0	90	100	0	0	3.42901103761e-14	560	1.33801102638	-5	508	-5	508
1	"1"	"1"	5	FALSE	0	90	100	0	0	3.42901103761e-14	560	1.37134218216	-7	516	-7	516
1	"1"	"1"	5	FALSE	0	90	100	0	0	3.42901103761e-14	560	1.40453910828	-8	524	-8	524
1	"1"	"1"	5	FALSE	0	90	100	0	0	3.42901103761e-14	560	1.43790411949	-10	531	-10	531
1	"1"	"1"	5	FALSE	0	90	100	0	0	3.42901103761e-14	560	1.47113013268	-11	536	-11	536
1	"1"	"1"	5	FALSE	0	90	100	0	0	3.42901103761e-14	560	1.50405502319	-11	539	-11	539
1	"1"	"1"	5	FALSE	0	90	100	0	0	3.42901103761e-14	560	1.5381000042	-11	543	-11	543
1	"1"	"1"	5	FALSE	0	90	100	0	0	3.42901103761e-14	560	1.57146215439	-11	547	-11	547
1	"1"	"1"	5	FALSE	0	90	100	0	0	3.42901103761e-14	560	1.60419297218	-11	550	-11	550
1	"1"	"1"	5	FALSE	0	90	100	0	0	3.42901103761e-14	560	1.63821101189	-10	553	-10	553
1	"1"	"1"	5	FALSE	0	90	100	0	0	3.42901103761e-14	560	1.67139697075	-10	555	-10	555
1	"1"	"1"	5	FALSE	0	90	100	0	0	3.42901103761e-14	560	1.70477509499	-9	556	-9	556
1	"1"	"1"	6	FALSE	0	45	100	0	0	395.979797464	395.979797464	0.00171399116516	-1	3	-1	3
1	"1"	"1"	6	FALSE	0	45	100	0	0	395.979797464	395.979797464	0.0377931594849	0	5	0	5
1	"1"	"1"	6	FALSE	0	45	100	0	0	395.979797464	395.979797464	0.0711920261383	0	5	0	5
1	"1"	"1"	6	FALSE	0	45	100	0	0	395.979797464	395.979797464	0.104575157166	0	5	0	5
1	"1"	"1"	6	FALSE	0	45	100	0	0	395.979797464	395.979797464	0.137914180756	0	5	0	5
1	"1"	"1"	6	FALSE	0	45	100	0	0	395.979797464	395.979797464	0.171247005463	0	5	0	5
1	"1"	"1"	6	FALSE	0	45	100	0	0	395.979797464	395.979797464	0.204547166824	0	5	0	5
1	"1"	"1"	6	FALSE	0	45	100	0	0	395.979797464	395.979797464	0.238049030304	0	6	0	6
1	"1"	"1"	6	FALSE	0	45	100	0	0	395.979797464	395.979797464	0.271520137787	0	6	0	6
1	"1"	"1"	6	FALSE	0	45	100	0	0	395.979797464	395.979797464	0.304717063904	1	6	1	6
1	"1"	"1"	6	FALSE	0	45	100	0	0	395.979797464	395.979797464	0.338178157806	1	6	1	6
1	"1"	"1"	6	FALSE	0	45	100	0	0	395.979797464	395.979797464	0.371541023254	2	6	2	6
1	"1"	"1"	6	FALSE	0	45	100	0	0	395.979797464	395.979797464	0.40491104126	8	10	8	10
1	"1"	"1"	6	FALSE	0	45	100	0	0	395.979797464	395.979797464	0.438179016113	18	20	18	20
1	"1"	"1"	6	FALSE	0	45	100	0	0	395.979797464	395.979797464	0.471546173096	31	33	31	33
1	"1"	"1"	6	FALSE	0	45	100	0	0	395.979797464	395.979797464	0.504966974258	56	57	56	57
1	"1"	"1"	6	FALSE	0	45	100	0	0	395.979797464	395.979797464	0.538288116455	83	78	83	78
1	"1"	"1"	6	FALSE	0	45	100	0	0	395.979797464	395.979797464	0.571662187576	111	101	111	101
1	"1"	"1"	6	FALSE	0	45	100	0	0	395.979797464	395.979797464	0.605028152466	136	119	136	119
1	"1"	"1"	6	FALSE	0	45	100	0	0	395.979797464	395.979797464	0.638451099396	166	144	166	144
1	"1"	"1"	6	FALSE	0	45	100	0	0	395.979797464	395.979797464	0.671763181686	195	167	195	167
1	"1"	"1"	6	FALSE	0	45	100	0	0	395.979797464	395.979797464	0.705016136169	218	186	218	186
1	"1"	"1"	6	FALSE	0	45	100	0	0	395.979797464	395.979797464	0.738608121872	241	206	241	206
1	"1"	"1"	6	FALSE	0	45	100	0	0	395.979797464	395.979797464	0.771790981293	261	223	261	223
1	"1"	"1"	6	FALSE	0	45	100	0	0	395.979797464	395.979797464	0.805234193802	273	234	273	234
1	"1"	"1"	6	FALSE	0	45	100	0	0	395.979797464	395.979797464	0.838557004929	286	245	286	245
1	"1"	"1"	6	FALSE	0	45	100	0	0	395.979797464	395.979797464	0.87189912796	299	254	299	254
1	"1"	"1"	6	FALSE	0	45	100	0	0	395.979797464	395.979797464	0.905282020569	310	263	310	263
1	"1"	"1"	6	FALSE	0	45	100	0	0	395.979797464	395.979797464	0.938662052155	318	270	318	270
1	"1"	"1"	6	FALSE	0	45	100	0	0	395.979797464	395.979797464	0.972009181976	327	279	327	279
1	"1"	"1"	6	FALSE	0	45	100	0	0	395.979797464	395.979797464	1.00538897514	335	293	335	293
1	"1"	"1"	6	FALSE	0	45	100	0	0	395.979797464	395.979797464	1.03874802589	342	306	342	306
1	"1"	"1"	6	FALSE	0	45	100	0	0	395.979797464	395.979797464	1.0720500946	351	318	351	318
1	"1"	"1"	6	FALSE	0	45	100	0	0	395.979797464	395.979797464	1.10541510582	360	328	360	328
1	"1"	"1"	6	FALSE	0	45	100	0	0	395.979797464	395.979797464	1.13881516457	367	334	367	334
1	"1"	"1"	6	FALSE	0	45	100	0	0	395.979797464	395.979797464	1.17215299606	375	341	375	341
1	"1"	"1"	6	FALSE	0	45	100	0	0	395.979797464	395.979797464	1.20546412468	383	348	383	348
1	"1"	"1"	6	FALSE	0	45	100	0	0	395.979797464	395.979797464	1.23891615868	388	353	388	353
1	"1"	"1"	6	FALSE	0	45	100	0	0	395.979797464	395.979797464	1.27224111557	392	358	392	358
1	"1"	"1"	6	FALSE	0	45	100	0	0	395.979797464	395.979797464	1.30559897423	396	362	396	362
1	"1"	"1"	6	FALSE	0	45	100	0	0	395.979797464	395.979797464	1.33875417709	396	364	396	364
1	"1"	"1"	6	FALSE	0	45	100	0	0	395.979797464	395.979797464	1.37243008614	397	369	397	369
1	"1"	"1"	6	FALSE	0	45	100	0	0	395.979797464	395.979797464	1.40561914444	397	374	397	374
1	"1"	"1"	6	FALSE	0	45	100	0	0	395.979797464	395.979797464	1.438986063	396	378	396	378
1	"1"	"1"	6	FALSE	0	45	100	0	0	395.979797464	395.979797464	1.47240018845	394	382	394	382
1	"1"	"1"	6	FALSE	0	45	100	0	0	395.979797464	395.979797464	1.50576901436	392	384	392	384
1	"1"	"1"	6	FALSE	0	45	100	0	0	395.979797464	395.979797464	1.53918910027	392	386	392	386
1	"1"	"1"	6	FALSE	0	45	100	0	0	395.979797464	395.979797464	1.57233500481	390	387	390	387
