"task_num"	"task_name"	"trial_type"	"trial_num"	"terminalfeedback_bool"	"rotation_angle"	"targetangle_deg"	"targetdistance_percmax"	"homex_px"	"homey_px"	"targetx_px"	"targety_px"	"time_s"	"mousex_px"	"mousey_px"	"cursorx_px"	"cursory_px"
20	"1"	"1"	1	FALSE	-15	135	100	0	0	-395.979797464	395.979797464	0.00156784057617	-7	1	-6.50266173892	2.77765914201
20	"1"	"1"	1	FALSE	-15	135	100	0	0	-395.979797464	395.979797464	0.0301368236542	-7	1	-6.50266173892	2.77765914201
20	"1"	"1"	1	FALSE	-15	135	100	0	0	-395.979797464	395.979797464	0.0635299682617	-7	1	-6.50266173892	2.77765914201
20	"1"	"1"	1	FALSE	-15	135	100	0	0	-395.979797464	395.979797464	0.096697807312	-7	1	-6.50266173892	2.77765914201
20	"1"	"1"	1	FALSE	-15	135	100	0	0	-395.979797464	395.979797464	0.130080938339	-7	1	-6.50266173892	2.77765914201
20	"1"	"1"	1	FALSE	-15	135	100	0	0	-395.979797464	395.979797464	0.163419961929	-7	1	-6.50266173892	2.77765914201
20	"1"	"1"	1	FALSE	-15	135	100	0	0	-395.979797464	395.979797464	0.196776866913	-7	1	-6.50266173892	2.77765914201
20	"1"	"1"	1	FALSE	-15	135	100	0	0	-395.979797464	395.979797464	0.230124950409	-7	1	-6.50266173892	2.77765914201
20	"1"	"1"	1	FALSE	-15	135	100	0	0	-395.979797464	395.979797464	0.263506889343	-7	1	-6.50266173892	2.77765914201
20	"1"	"1"	1	FALSE	-15	135	100	0	0	-395.979797464	395.979797464	0.29686498642	-7	1	-6.50266173892	2.77765914201
20	"1"	"1"	1	FALSE	-15	135	100	0	0	-395.979797464	395.979797464	0.330240011215	-7	2	-6.24384269382	3.7435849683
20	"1"	"1"	1	FALSE	-15	135	100	0	0	-395.979797464	395.979797464	0.363620996475	-7	2	-6.24384269382	3.7435849683
20	"1"	"1"	1	FALSE	-15	135	100	0	0	-395.979797464	395.979797464	0.397244930267	-10	3	-8.88280112758	5.48596792989
20	"1"	"1"	1	FALSE	-15	135	100	0	0	-395.979797464	395.979797464	0.430578947067	-20	6	-17.7656022552	10.9719358598
20	"1"	"1"	1	FALSE	-15	135	100	0	0	-395.979797464	395.979797464	0.463724851608	-43	18	-36.8760677186	28.5158838126
20	"1"	"1"	1	FALSE	-15	135	100	0	0	-395.979797464	395.979797464	0.497089862823	-69	33	-58.1078535256	49.7340663796
20	"1"	"1"	1	FALSE	-15	135	100	0	0	-395.979797464	395.979797464	0.530428886414	-92	49	-76.1830428086	71.1417176376
20	"1"	"1"	1	FALSE	-15	135	100	0	0	-395.979797464	395.979797464	0.563798904419	-118	66	-96.8971905253	94.2917518572
20	"1"	"1"	1	FALSE	-15	135	100	0	0	-395.979797464	395.979797464	0.597158908844	-143	83	-116.645412416	117.182967032
20	"1"	"1"	1	FALSE	-15	135	100	0	0	-395.979797464	395.979797464	0.630529880524	-168	101	-136.134815261	141.040108032
20	"1"	"1"	1	FALSE	-15	135	100	0	0	-395.979797464	395.979797464	0.663869857788	-186	115	-149.898013503	159.221812412
20	"1"	"1"	1	FALSE	-15	135	100	0	0	-395.979797464	395.979797464	0.697237968445	-205	130	-164.368318526	178.628261664
20	"1"	"1"	1	FALSE	-15	135	100	0	0	-395.979797464	395.979797464	0.730592012405	-226	154	-178.441103796	207.245681442
20	"1"	"1"	1	FALSE	-15	135	100	0	0	-395.979797464	395.979797464	0.763944864273	-244	174	-190.651387767	231.222940779
20	"1"	"1"	1	FALSE	-15	135	100	0	0	-395.979797464	395.979797464	0.797319889069	-269	197	-208.846695387	259.909710912
20	"1"	"1"	1	FALSE	-15	135	100	0	0	-395.979797464	395.979797464	0.830664873123	-296	217	-229.750311794	286.216341655
20	"1"	"1"	1	FALSE	-15	135	100	0	0	-395.979797464	395.979797464	0.864050865173	-320	234	-248.532607859	308.848737784
20	"1"	"1"	1	FALSE	-15	135	100	0	0	-395.979797464	395.979797464	0.89740896225	-352	255	-274.007034353	337.41538958
20	"1"	"1"	1	FALSE	-15	135	100	0	0	-395.979797464	395.979797464	0.930732965469	-375	269	-292.599861726	356.891189185
20	"1"	"1"	1	FALSE	-15	135	100	0	0	-395.979797464	395.979797464	0.964120864868	-401	281	-314.608104668	375.211594273
20	"1"	"1"	1	FALSE	-15	135	100	0	0	-395.979797464	395.979797464	0.997457027435	-420	287	-331.407781097	385.924711088
20	"1"	"1"	1	FALSE	-15	135	100	0	0	-395.979797464	395.979797464	1.03083086014	-437	291	-346.793243963	394.18833816
20	"1"	"1"	1	FALSE	-15	135	100	0	0	-395.979797464	395.979797464	1.06419181824	-451	294	-359.539748396	400.70958227
20	"1"	"1"	1	FALSE	-15	135	100	0	0	-395.979797464	395.979797464	1.09753394127	-462	297	-369.38847535	406.454369245
20	"1"	"1"	1	FALSE	-15	135	100	0	0	-395.979797464	395.979797464	1.13089203835	-478	298	-384.584469526	411.561399793
20	"1"	"1"	1	FALSE	-15	135	100	0	0	-395.979797464	395.979797464	1.16425180435	-494	295	-400.815739882	412.804727036
20	"1"	"1"	1	FALSE	-15	135	100	0	0	-395.979797464	395.979797464	1.19763684273	-504	289	-412.027912415	409.597362529
20	"1"	"1"	1	FALSE	-15	135	100	0	0	-395.979797464	395.979797464	1.23098993301	-509	284	-418.151636772	406.061828623
20	"1"	"1"	1	FALSE	-15	135	100	0	0	-395.979797464	395.979797464	1.26433086395	-510	282	-419.635200689	404.388796016
20	"1"	"1"	1	FALSE	-15	135	100	0	0	-395.979797464	395.979797464	1.29765892029	-510	282	-419.635200689	404.388796016
20	"1"	"1"	1	FALSE	-15	135	100	0	0	-395.979797464	395.979797464	1.33105897903	-510	282	-419.635200689	404.388796016
20	"1"	"1"	1	FALSE	-15	135	100	0	0	-395.979797464	395.979797464	1.36441898346	-506	281	-416.030316428	402.387594009
20	"1"	"1"	1	FALSE	-15	135	100	0	0	-395.979797464	395.979797464	1.39801001549	-498	277	-409.338185999	396.453338343
20	"1"	"1"	1	FALSE	-15	135	100	0	0	-395.979797464	395.979797464	1.43146181107	-490	275	-402.128417478	392.45093433
20	"1"	"1"	1	FALSE	-15	135	100	0	0	-395.979797464	395.979797464	1.46456289291	-484	275	-396.332862521	390.898020059
20	"1"	"1"	2	FALSE	-15	45	100	0	0	395.979797464	395.979797464	0.00168704986572	6	-6	4.24264068712	-7.34846922835
20	"1"	"1"	2	FALSE	-15	45	100	0	0	395.979797464	395.979797464	0.0371530056	4	-6	2.31078903454	-6.83083113814
20	"1"	"1"	2	FALSE	-15	45	100	0	0	395.979797464	395.979797464	0.07053399086	2	-6	0.378937381963	-6.31319304794
20	"1"	"1"	2	FALSE	-15	45	100	0	0	395.979797464	395.979797464	0.10361289978	2	-5	0.637756427066	-5.34726722165
20	"1"	"1"	2	FALSE	-15	45	100	0	0	395.979797464	395.979797464	0.137009859085	2	-5	0.637756427066	-5.34726722165
20	"1"	"1"	2	FALSE	-15	45	100	0	0	395.979797464	395.979797464	0.170336008072	2	-5	0.637756427066	-5.34726722165
20	"1"	"1"	2	FALSE	-15	45	100	0	0	395.979797464	395.979797464	0.203704833984	2	-5	0.637756427066	-5.34726722165
20	"1"	"1"	2	FALSE	-15	45	100	0	0	395.979797464	395.979797464	0.237056016922	2	-5	0.637756427066	-5.34726722165
20	"1"	"1"	2	FALSE	-15	45	100	0	0	395.979797464	395.979797464	0.270483016968	2	-5	0.637756427066	-5.34726722165
20	"1"	"1"	2	FALSE	-15	45	100	0	0	395.979797464	395.979797464	0.303859949112	3	-4	1.86250129846	-4.64016044046
20	"1"	"1"	2	FALSE	-15	45	100	0	0	395.979797464	395.979797464	0.337156057358	6	2	6.31319304794	0.378937381963
20	"1"	"1"	2	FALSE	-15	45	100	0	0	395.979797464	395.979797464	0.370503902435	13	12	15.662864283	8.22646232914
20	"1"	"1"	2	FALSE	-15	45	100	0	0	395.979797464	395.979797464	0.403880834579	25	30	31.9127170103	22.5072986611
20	"1"	"1"	2	FALSE	-15	45	100	0	0	395.979797464	395.979797464	0.437221050262	46	61	60.2205497606	47.0157993289
20	"1"	"1"	2	FALSE	-15	45	100	0	0	395.979797464	395.979797464	0.470608949661	68	92	89.4943083371	71.2654809516
20	"1"	"1"	2	FALSE	-15	45	100	0	0	395.979797464	395.979797464	0.503960847855	90	123	118.768066914	95.5151625743
20	"1"	"1"	2	FALSE	-15	45	100	0	0	395.979797464	395.979797464	0.537314891815	117	159	154.165549847	123.300378103
20	"1"	"1"	2	FALSE	-15	45	100	0	0	395.979797464	395.979797464	0.570688962936	145	194	190.270139562	149.86084876
20	"1"	"1"	2	FALSE	-15	45	100	0	0	395.979797464	395.979797464	0.604017972946	167	221	218.508621958	170.246827078
20	"1"	"1"	2	FALSE	-15	45	100	0	0	395.979797464	395.979797464	0.637465000153	192	252	250.680158013	193.720051565
20	"1"	"1"	2	FALSE	-15	45	100	0	0	395.979797464	395.979797464	0.670819044113	217	281	282.334055979	215.2614244
20	"1"	"1"	2	FALSE	-15	45	100	0	0	395.979797464	395.979797464	0.704174041748	240	310	312.056102291	237.320435325
20	"1"	"1"	2	FALSE	-15	45	100	0	0	395.979797464	395.979797464	0.73747587204	260	339	338.880371125	260.155903385
20	"1"	"1"	2	FALSE	-15	45	100	0	0	395.979797464	395.979797464	0.770845890045	275	364	359.839734647	280.421763366
20	"1"	"1"	2	FALSE	-15	45	100	0	0	395.979797464	395.979797464	0.804188013077	290	394	382.093193394	305.517252478
20	"1"	"1"	2	FALSE	-15	45	100	0	0	395.979797464	395.979797464	0.837533950806	301	415	398.153577431	322.954685334
20	"1"	"1"	2	FALSE	-15	45	100	0	0	395.979797464	395.979797464	0.870924949646	313	435	414.921068248	339.167373319
20	"1"	"1"	2	FALSE	-15	45	100	0	0	395.979797464	395.979797464	0.90426492691	321	450	426.530760535	351.585708352
20	"1"	"1"	2	FALSE	-15	45	100	0	0	395.979797464	395.979797464	0.937626838684	326	465	435.242675343	364.780500521
20	"1"	"1"	2	FALSE	-15	45	100	0	0	395.979797464	395.979797464	0.971035957336	330	480	442.988664325	378.234111735
20	"1"	"1"	2	FALSE	-15	45	100	0	0	395.979797464	395.979797464	1.00441789627	332	489	447.249887383	386.409806081
20	"1"	"1"	2	FALSE	-15	45	100	0	0	395.979797464	395.979797464	1.03775191307	331	496	448.095694873	393.43010591
20	"1"	"1"	2	FALSE	-15	45	100	0	0	395.979797464	395.979797464	1.07110691071	327	502	445.784905838	400.260937049
20	"1"	"1"	2	FALSE	-15	45	100	0	0	395.979797464	395.979797464	1.10439395905	322	504	441.472914797	403.486883927
20	"1"	"1"	2	FALSE	-15	45	100	0	0	395.979797464	395.979797464	1.13778805733	314	503	433.486689141	404.591510461
20	"1"	"1"	2	FALSE	-15	45	100	0	0	395.979797464	395.979797464	1.17112898827	308	501	427.173496093	404.212573079
20	"1"	"1"	2	FALSE	-15	45	100	0	0	395.979797464	395.979797464	1.2044980526	303	499	421.826228872	403.574816652
20	"1"	"1"	2	FALSE	-15	45	100	0	0	395.979797464	395.979797464	1.23785996437	300	497	418.410813303	402.419422135
20	"1"	"1"	2	FALSE	-15	45	100	0	0	395.979797464	395.979797464	1.27131795883	297	497	415.513035824	403.19587927
20	"1"	"1"	2	FALSE	-15	45	100	0	0	395.979797464	395.979797464	1.30465984344	295	497	413.581184171	403.71351736
20	"1"	"1"	2	FALSE	-15	45	100	0	0	395.979797464	395.979797464	1.33815383911	289	495	407.267991123	403.334579978
20	"1"	"1"	2	FALSE	-15	45	100	0	0	395.979797464	395.979797464	1.37151789665	285	493	402.886649728	402.438004506
20	"1"	"1"	3	FALSE	-15	90	100	0	0	3.42901103761e-14	560	0.00161385536194	0	5	1.29409522551	4.82962913145
20	"1"	"1"	3	FALSE	-15	90	100	0	0	3.42901103761e-14	560	0.0369460582733	0	5	1.29409522551	4.82962913145
20	"1"	"1"	3	FALSE	-15	90	100	0	0	3.42901103761e-14	560	0.0703039169312	0	5	1.29409522551	4.82962913145
20	"1"	"1"	3	FALSE	-15	90	100	0	0	3.42901103761e-14	560	0.103590011597	0	5	1.29409522551	4.82962913145
20	"1"	"1"	3	FALSE	-15	90	100	0	0	3.42901103761e-14	560	0.136744976044	0	5	1.29409522551	4.82962913145
20	"1"	"1"	3	FALSE	-15	90	100	0	0	3.42901103761e-14	560	0.170107841492	0	5	1.29409522551	4.82962913145
20	"1"	"1"	3	FALSE	-15	90	100	0	0	3.42901103761e-14	560	0.203462839127	0	5	1.29409522551	4.82962913145
20	"1"	"1"	3	FALSE	-15	90	100	0	0	3.42901103761e-14	560	0.23687005043	0	5	1.29409522551	4.82962913145
20	"1"	"1"	3	FALSE	-15	90	100	0	0	3.42901103761e-14	560	0.270154953003	0	5	1.29409522551	4.82962913145
20	"1"	"1"	3	FALSE	-15	90	100	0	0	3.42901103761e-14	560	0.303550958633	0	5	1.29409522551	4.82962913145
20	"1"	"1"	3	FALSE	-15	90	100	0	0	3.42901103761e-14	560	0.337009906769	-1	7	0.845807489429	7.02029982913
20	"1"	"1"	3	FALSE	-15	90	100	0	0	3.42901103761e-14	560	0.370373010635	-4	20	1.31267759689	20.3537927062
20	"1"	"1"	3	FALSE	-15	90	100	0	0	3.42901103761e-14	560	0.403657913208	-11	45	1.02167294043	46.3136716791
20	"1"	"1"	3	FALSE	-15	90	100	0	0	3.42901103761e-14	560	0.437027931213	-16	74	3.69779611696	75.619615867
20	"1"	"1"	3	FALSE	-15	90	100	0	0	3.42901103761e-14	560	0.470371961594	-22	98	4.11389824169	100.354749969
20	"1"	"1"	3	FALSE	-15	90	100	0	0	3.42901103761e-14	560	0.503774881363	-28	126	5.56527654682	128.953587375
20	"1"	"1"	3	FALSE	-15	90	100	0	0	3.42901103761e-14	560	0.537107944489	-31	150	8.87915615042	152.912264342
20	"1"	"1"	3	FALSE	-15	90	100	0	0	3.42901103761e-14	560	0.570464849472	-34	175	12.4518547991	177.836867134
20	"1"	"1"	3	FALSE	-15	90	100	0	0	3.42901103761e-14	560	0.603817939758	-38	200	15.0586276215	203.020288972
20	"1"	"1"	3	FALSE	-15	90	100	0	0	3.42901103761e-14	560	0.637265920639	-44	226	15.9923678365	229.687274726
20	"1"	"1"	3	FALSE	-15	90	100	0	0	3.42901103761e-14	560	0.670608043671	-50	252	16.9261080514	256.35426048
20	"1"	"1"	3	FALSE	-15	90	100	0	0	3.42901103761e-14	560	0.703889846802	-56	275	17.083391131	280.123468755
20	"1"	"1"	3	FALSE	-15	90	100	0	0	3.42901103761e-14	560	0.737264871597	-62	304	18.7935884812	309.688231988
20	"1"	"1"	3	FALSE	-15	90	100	0	0	3.42901103761e-14	560	0.770609855652	-68	336	21.2802429668	342.1507727
20	"1"	"1"	3	FALSE	-15	90	100	0	0	3.42901103761e-14	560	0.803985834122	-72	363	24.4046538794	369.26604619
20	"1"	"1"	3	FALSE	-15	90	100	0	0	3.42901103761e-14	560	0.837328910828	-78	392	26.1148512296	398.830809423
20	"1"	"1"	3	FALSE	-15	90	100	0	0	3.42901103761e-14	560	0.870776891708	-83	416	27.4968791807	423.30712448
20	"1"	"1"	3	FALSE	-15	90	100	0	0	3.42901103761e-14	560	0.90408205986	-86	442	31.3283968745	449.197653099
20	"1"	"1"	3	FALSE	-15	90	100	0	0	3.42901103761e-14	560	0.937489032745	-89	466	34.642276478	473.156330065
20	"1"	"1"	3	FALSE	-15	90	100	0	0	3.42901103761e-14	560	0.970775842667	-92	482	35.8856037208	489.387600421
20	"1"	"1"	3	FALSE	-15	90	100	0	0	3.42901103761e-14	560	1.00421285629	-98	498	34.2311534847	506.395327912
20	"1"	"1"	3	FALSE	-15	90	100	0	0	3.42901103761e-14	560	1.03756904602	-103	510	32.5073528945	519.280533053
20	"1"	"1"	3	FALSE	-15	90	100	0	0	3.42901103761e-14	560	1.07114601135	-110	521	28.5928816066	531.717450458
20	"1"	"1"	3	FALSE	-15	90	100	0	0	3.42901103761e-14	560	1.10440993309	-116	531	25.3855170999	542.929622991
20	"1"	"1"	3	FALSE	-15	90	100	0	0	3.42901103761e-14	560	1.13754487038	-121	538	22.3676212842	550.985199001
20	"1"	"1"	3	FALSE	-15	90	100	0	0	3.42901103761e-14	560	1.17092084885	-126	544	19.0909064233	558.074849184
20	"1"	"1"	3	FALSE	-15	90	100	0	0	3.42901103761e-14	560	1.20434498787	-133	550	13.8823399099	565.682137458
20	"1"	"1"	3	FALSE	-15	90	100	0	0	3.42901103761e-14	560	1.23763799667	-140	555	8.41495435143	572.323499905
20	"1"	"1"	3	FALSE	-15	90	100	0	0	3.42901103761e-14	560	1.271007061	-144	558	5.32770818158	576.256553564
20	"1"	"1"	3	FALSE	-15	90	100	0	0	3.42901103761e-14	560	1.30460906029	-147	559	2.68874974782	577.998936526
20	"1"	"1"	3	FALSE	-15	90	100	0	0	3.42901103761e-14	560	1.33793592453	-148	559	1.72282392153	578.257755571
20	"1"	"1"	3	FALSE	-15	90	100	0	0	3.42901103761e-14	560	1.37109589577	-148	559	1.72282392153	578.257755571
20	"1"	"1"	3	FALSE	-15	90	100	0	0	3.42901103761e-14	560	1.40439105034	-148	559	1.72282392153	578.257755571
20	"1"	"1"	3	FALSE	-15	90	100	0	0	3.42901103761e-14	560	1.43777894974	-148	559	1.72282392153	578.257755571
20	"1"	"1"	3	FALSE	-15	90	100	0	0	3.42901103761e-14	560	1.47114396095	-148	559	1.72282392153	578.257755571
20	"1"	"1"	3	FALSE	-15	90	100	0	0	3.42901103761e-14	560	1.50455498695	-148	559	1.72282392153	578.257755571
20	"1"	"1"	3	FALSE	-15	90	100	0	0	3.42901103761e-14	560	1.53794884682	-148	559	1.72282392153	578.257755571
20	"1"	"1"	3	FALSE	-15	90	100	0	0	3.42901103761e-14	560	1.57123398781	-148	559	1.72282392153	578.257755571
20	"1"	"1"	3	FALSE	-15	90	100	0	0	3.42901103761e-14	560	1.60456204414	-148	558	1.46400487642	577.291829744
20	"1"	"1"	3	FALSE	-15	90	100	0	0	3.42901103761e-14	560	1.63790202141	-148	558	1.46400487642	577.291829744
20	"1"	"1"	3	FALSE	-15	90	100	0	0	3.42901103761e-14	560	1.67130684853	-147	557	2.17111165761	576.067084873
20	"1"	"1"	3	FALSE	-15	90	100	0	0	3.42901103761e-14	560	1.70465803146	-146	554	2.36058034859	572.910488349
20	"1"	"1"	3	FALSE	-15	90	100	0	0	3.42901103761e-14	560	1.73802304268	-146	551	1.58412321329	570.01271087
20	"1"	"1"	3	FALSE	-15	90	100	0	0	3.42901103761e-14	560	1.77140903473	-145	548	1.77359190427	566.856114346
20	"1"	"1"	4	FALSE	-15	90	100	0	0	3.42901103761e-14	560	0.00154399871826	3	-10	0.309587027842	-10.4357153982
20	"1"	"1"	4	FALSE	-15	90	100	0	0	3.42901103761e-14	560	0.0368249416351	2	-8	-0.138700708242	-8.24504470052
20	"1"	"1"	4	FALSE	-15	90	100	0	0	3.42901103761e-14	560	0.0701670646667	2	-7	0.120118336861	-7.27911887423
20	"1"	"1"	4	FALSE	-15	90	100	0	0	3.42901103761e-14	560	0.103286027908	0	-6	-1.55291427062	-5.79555495773
20	"1"	"1"	4	FALSE	-15	90	100	0	0	3.42901103761e-14	560	0.136629104614	-1	-4	-2.0012020067	-3.60488426005
20	"1"	"1"	4	FALSE	-15	90	100	0	0	3.42901103761e-14	560	0.169996023178	-3	0	-2.89777747887	0.776457135308
20	"1"	"1"	4	FALSE	-15	90	100	0	0	3.42901103761e-14	560	0.203374147415	-3	1	-2.63895843376	1.7423829616
20	"1"	"1"	4	FALSE	-15	90	100	0	0	3.42901103761e-14	560	0.236680984497	-3	1	-2.63895843376	1.7423829616
20	"1"	"1"	4	FALSE	-15	90	100	0	0	3.42901103761e-14	560	0.269989013672	-3	1	-2.63895843376	1.7423829616
20	"1"	"1"	4	FALSE	-15	90	100	0	0	3.42901103761e-14	560	0.303385019302	-3	1	-2.63895843376	1.7423829616
20	"1"	"1"	4	FALSE	-15	90	100	0	0	3.42901103761e-14	560	0.336725950241	-3	1	-2.63895843376	1.7423829616
20	"1"	"1"	4	FALSE	-15	90	100	0	0	3.42901103761e-14	560	0.37016415596	-4	2	-3.34606521495	2.96712783299
20	"1"	"1"	4	FALSE	-15	90	100	0	0	3.42901103761e-14	560	0.403552055359	-6	7	-3.98382164202	8.31439505464
20	"1"	"1"	4	FALSE	-15	90	100	0	0	3.42901103761e-14	560	0.43686914444	-10	20	-4.48287736084	21.9067069768
20	"1"	"1"	4	FALSE	-15	90	100	0	0	3.42901103761e-14	560	0.470224142075	-13	37	-2.98073107296	39.103903159
20	"1"	"1"	4	FALSE	-15	90	100	0	0	3.42901103761e-14	560	0.503579139709	-18	64	-0.822245986642	66.4779956943
20	"1"	"1"	4	FALSE	-15	90	100	0	0	3.42901103761e-14	560	0.536942958832	-21	94	4.04454788757	96.2322276183
20	"1"	"1"	4	FALSE	-15	90	100	0	0	3.42901103761e-14	560	0.570336103439	-24	127	9.68779889708	128.884237021
20	"1"	"1"	4	FALSE	-15	90	100	0	0	3.42901103761e-14	560	0.603652954102	-27	156	14.2957737262	157.672543119
20	"1"	"1"	4	FALSE	-15	90	100	0	0	3.42901103761e-14	560	0.637033939362	-32	190	18.2659921282	191.808116438
20	"1"	"1"	4	FALSE	-15	90	100	0	0	3.42901103761e-14	560	0.670383930206	-38	227	22.0467418393	229.100286282
20	"1"	"1"	4	FALSE	-15	90	100	0	0	3.42901103761e-14	560	0.703727006912	-42	260	26.7240670225	262.011114729
20	"1"	"1"	4	FALSE	-15	90	100	0	0	3.42901103761e-14	560	0.73718214035	-47	298	31.729561605	300.010391354
20	"1"	"1"	4	FALSE	-15	90	100	0	0	3.42901103761e-14	560	0.770597934723	-53	333	34.9926732258	335.370709545
20	"1"	"1"	4	FALSE	-15	90	100	0	0	3.42901103761e-14	560	0.803812980652	-58	366	38.7040725828	368.540357038
20	"1"	"1"	4	FALSE	-15	90	100	0	0	3.42901103761e-14	560	0.837176084518	-63	392	40.603738624	394.948523747
20	"1"	"1"	4	FALSE	-15	90	100	0	0	3.42901103761e-14	560	0.870526075363	-69	421	42.3139359742	424.51328698
20	"1"	"1"	4	FALSE	-15	90	100	0	0	3.42901103761e-14	560	0.903888940811	-74	446	43.9547829703	449.955527863
20	"1"	"1"	4	FALSE	-15	90	100	0	0	3.42901103761e-14	560	0.93749499321	-79	466	44.3015347409	470.568139614
20	"1"	"1"	4	FALSE	-15	90	100	0	0	3.42901103761e-14	560	0.970843076706	-85	483	42.9059035499	488.541792931
20	"1"	"1"	4	FALSE	-15	90	100	0	0	3.42901103761e-14	560	1.0039961338	-91	498	40.9926342687	504.583594596
20	"1"	"1"	4	FALSE	-15	90	100	0	0	3.42901103761e-14	560	1.03737211227	-97	511	38.5617268973	518.693544609
20	"1"	"1"	4	FALSE	-15	90	100	0	0	3.42901103761e-14	560	1.07067704201	-105	523	33.9401488283	532.355206885
20	"1"	"1"	4	FALSE	-15	90	100	0	0	3.42901103761e-14	560	1.10405802727	-112	532	29.5080394502	542.860272637
20	"1"	"1"	4	FALSE	-15	90	100	0	0	3.42901103761e-14	560	1.13742208481	-118	538	25.265398763	550.208741866
20	"1"	"1"	4	FALSE	-15	90	100	0	0	3.42901103761e-14	560	1.17074799538	-123	542	21.471045812	555.366540396
20	"1"	"1"	4	FALSE	-15	90	100	0	0	3.42901103761e-14	560	1.20419692993	-129	545	16.4519479896	559.817232146
20	"1"	"1"	4	FALSE	-15	90	100	0	0	3.42901103761e-14	560	1.23759007454	-133	548	13.3647018197	563.750285805
20	"1"	"1"	4	FALSE	-15	90	100	0	0	3.42901103761e-14	560	1.27092003822	-134	549	12.6575950385	564.975030676
20	"1"	"1"	4	FALSE	-15	90	100	0	0	3.42901103761e-14	560	1.30428195	-135	550	11.9504882574	566.199775548
20	"1"	"1"	5	FALSE	-15	135	100	0	0	-395.979797464	395.979797464	0.00159907341003	-7	-6	-8.31439505464	-3.98382164202
20	"1"	"1"	5	FALSE	-15	135	100	0	0	-395.979797464	395.979797464	0.0369021892548	-5	-5	-6.12372435696	-3.53553390593
20	"1"	"1"	5	FALSE	-15	135	100	0	0	-395.979797464	395.979797464	0.0702500343323	-2	-2	-2.44948974278	-1.41421356237
20	"1"	"1"	5	FALSE	-15	135	100	0	0	-395.979797464	395.979797464	0.103382110596	-1	0	-0.965925826289	0.258819045103
20	"1"	"1"	5	FALSE	-15	135	100	0	0	-395.979797464	395.979797464	0.136716127396	0	1	0.258819045103	0.965925826289
20	"1"	"1"	5	FALSE	-15	135	100	0	0	-395.979797464	395.979797464	0.170062065125	1	2	1.48356391649	1.67303260748
20	"1"	"1"	5	FALSE	-15	135	100	0	0	-395.979797464	395.979797464	0.203529119492	1	2	1.48356391649	1.67303260748
20	"1"	"1"	5	FALSE	-15	135	100	0	0	-395.979797464	395.979797464	0.236925125122	2	2	2.44948974278	1.41421356237
20	"1"	"1"	5	FALSE	-15	135	100	0	0	-395.979797464	395.979797464	0.270220041275	2	2	2.44948974278	1.41421356237
20	"1"	"1"	5	FALSE	-15	135	100	0	0	-395.979797464	395.979797464	0.30353307724	2	2	2.44948974278	1.41421356237
20	"1"	"1"	5	FALSE	-15	135	100	0	0	-395.979797464	395.979797464	0.33688211441	1	3	1.7423829616	2.63895843376
20	"1"	"1"	5	FALSE	-15	135	100	0	0	-395.979797464	395.979797464	0.370244979858	-2	5	-0.637756427066	5.34726722165
20	"1"	"1"	5	FALSE	-15	135	100	0	0	-395.979797464	395.979797464	0.403599977493	-5	6	-3.27671486083	7.08965018325
20	"1"	"1"	5	FALSE	-15	135	100	0	0	-395.979797464	395.979797464	0.436964988708	-9	8	-6.62278007578	10.0567780162
20	"1"	"1"	5	FALSE	-15	135	100	0	0	-395.979797464	395.979797464	0.470421075821	-16	9	-13.1254418147	12.8344371582
20	"1"	"1"	5	FALSE	-15	135	100	0	0	-395.979797464	395.979797464	0.503745079041	-28	10	-24.4577326851	16.9061915258
20	"1"	"1"	5	FALSE	-15	135	100	0	0	-395.979797464	395.979797464	0.537075042725	-49	14	-43.7068988567	26.2050947781
20	"1"	"1"	5	FALSE	-15	135	100	0	0	-395.979797464	395.979797464	0.570418119431	-76	21	-67.9751628508	39.9546897799
20	"1"	"1"	5	FALSE	-15	135	100	0	0	-395.979797464	395.979797464	0.603756189346	-99	26	-88.89736163	50.7371569487
20	"1"	"1"	5	FALSE	-15	135	100	0	0	-395.979797464	395.979797464	0.637112140656	-128	33	-115.097477277	65.0043900407
20	"1"	"1"	5	FALSE	-15	135	100	0	0	-395.979797464	395.979797464	0.670500040054	-158	43	-141.487061614	82.4282196566
20	"1"	"1"	5	FALSE	-15	135	100	0	0	-395.979797464	395.979797464	0.703872203827	-185	56	-164.202411338	101.973369616
20	"1"	"1"	5	FALSE	-15	135	100	0	0	-395.979797464	395.979797464	0.737220048904	-217	74	-190.453294967	127.642243933
20	"1"	"1"	5	FALSE	-15	135	100	0	0	-395.979797464	395.979797464	0.770568132401	-248	94	-215.22061468	154.984150857
20	"1"	"1"	5	FALSE	-15	135	100	0	0	-395.979797464	395.979797464	0.803945064545	-276	117	-236.313699779	184.447378124
20	"1"	"1"	5	FALSE	-15	135	100	0	0	-395.979797464	395.979797464	0.837290048599	-300	139	-253.801900617	211.909403385
20	"1"	"1"	5	FALSE	-15	135	100	0	0	-395.979797464	395.979797464	0.870656013489	-324	165	-270.254825276	243.235131951
20	"1"	"1"	5	FALSE	-15	135	100	0	0	-395.979797464	395.979797464	0.903994083405	-344	190	-283.102865674	272.55965851
20	"1"	"1"	5	FALSE	-15	135	100	0	0	-395.979797464	395.979797464	0.937350988388	-358	212	-290.93180825	297.43349332
20	"1"	"1"	5	FALSE	-15	135	100	0	0	-395.979797464	395.979797464	0.970731019974	-372	237	-297.98429369	325.205105609
20	"1"	"1"	5	FALSE	-15	135	100	0	0	-395.979797464	395.979797464	1.00406908989	-382	251	-304.020085322	341.316257628
20	"1"	"1"	5	FALSE	-15	135	100	0	0	-395.979797464	395.979797464	1.03745603561	-392	263	-310.573515043	355.495557994
20	"1"	"1"	5	FALSE	-15	135	100	0	0	-395.979797464	395.979797464	1.07081317902	-405	273	-320.542360334	368.519463843
20	"1"	"1"	5	FALSE	-15	135	100	0	0	-395.979797464	395.979797464	1.10415410995	-415	278	-328.907523371	375.937283426
20	"1"	"1"	5	FALSE	-15	135	100	0	0	-395.979797464	395.979797464	1.13752412796	-427	283	-339.204538061	383.872741099
20	"1"	"1"	5	FALSE	-15	135	100	0	0	-395.979797464	395.979797464	1.17085504532	-438	287	-348.79444597	390.5834539
20	"1"	"1"	5	FALSE	-15	135	100	0	0	-395.979797464	395.979797464	1.20423412323	-449	291	-358.384353879	397.294166701
20	"1"	"1"	5	FALSE	-15	135	100	0	0	-395.979797464	395.979797464	1.2375869751	-459	294	-367.267155007	402.780134631
20	"1"	"1"	5	FALSE	-15	135	100	0	0	-395.979797464	395.979797464	1.27099704742	-466	296	-373.5109977	406.523719599
20	"1"	"1"	5	FALSE	-15	135	100	0	0	-395.979797464	395.979797464	1.3043961525	-472	296	-379.306552658	408.07663387
20	"1"	"1"	5	FALSE	-15	135	100	0	0	-395.979797464	395.979797464	1.33777213097	-476	296	-383.170255963	409.11191005
20	"1"	"1"	5	FALSE	-15	135	100	0	0	-395.979797464	395.979797464	1.37101411819	-480	296	-387.033959268	410.147186231
20	"1"	"1"	5	FALSE	-15	135	100	0	0	-395.979797464	395.979797464	1.40437412262	-482	296	-388.965810921	410.664824321
20	"1"	"1"	5	FALSE	-15	135	100	0	0	-395.979797464	395.979797464	1.43773818016	-485	296	-391.8635884	411.441281456
20	"1"	"1"	5	FALSE	-15	135	100	0	0	-395.979797464	395.979797464	1.47110009193	-486	295	-393.088333271	410.734174675
20	"1"	"1"	5	FALSE	-15	135	100	0	0	-395.979797464	395.979797464	1.50442910194	-486	295	-393.088333271	410.734174675
20	"1"	"1"	5	FALSE	-15	135	100	0	0	-395.979797464	395.979797464	1.53780603409	-486	294	-393.347152316	409.768248849
20	"1"	"1"	5	FALSE	-15	135	100	0	0	-395.979797464	395.979797464	1.57116699219	-485	291	-393.157683625	406.611652325
20	"1"	"1"	6	FALSE	-15	45	100	0	0	395.979797464	395.979797464	0.0015389919281	-3	9	-0.568406072945	9.46978957191
20	"1"	"1"	6	FALSE	-15	45	100	0	0	395.979797464	395.979797464	0.0368149280548	-3	9	-0.568406072945	9.46978957191
20	"1"	"1"	6	FALSE	-15	45	100	0	0	395.979797464	395.979797464	0.0700318813324	-3	9	-0.568406072945	9.46978957191
20	"1"	"1"	6	FALSE	-15	45	100	0	0	395.979797464	395.979797464	0.103389024734	-2	9	0.397519753344	9.21097052681
20	"1"	"1"	6	FALSE	-15	45	100	0	0	395.979797464	395.979797464	0.136734962463	0	8	2.07055236082	7.72740661031
20	"1"	"1"	6	FALSE	-15	45	100	0	0	395.979797464	395.979797464	0.170027971268	3	8	4.96832983969	6.950949475
20	"1"	"1"	6	FALSE	-15	45	100	0	0	395.979797464	395.979797464	0.203399896622	5	7	6.64136244716	5.46738555851
20	"1"	"1"	6	FALSE	-15	45	100	0	0	395.979797464	395.979797464	0.236665010452	5	7	6.64136244716	5.46738555851
20	"1"	"1"	6	FALSE	-15	45	100	0	0	395.979797464	395.979797464	0.270052909851	5	7	6.64136244716	5.46738555851
20	"1"	"1"	6	FALSE	-15	45	100	0	0	395.979797464	395.979797464	0.303431034088	5	7	6.64136244716	5.46738555851
20	"1"	"1"	6	FALSE	-15	45	100	0	0	395.979797464	395.979797464	0.336801052094	6	10	8.38374540876	8.10634399228
20	"1"	"1"	6	FALSE	-15	45	100	0	0	395.979797464	395.979797464	0.370162010193	12	21	17.0263098626	17.1786138108
20	"1"	"1"	6	FALSE	-15	45	100	0	0	395.979797464	395.979797464	0.403589963913	21	34	29.0842898856	27.4062781467
20	"1"	"1"	6	FALSE	-15	45	100	0	0	395.979797464	395.979797464	0.437090873718	40	56	53.1308995773	43.7390844681
20	"1"	"1"	6	FALSE	-15	45	100	0	0	395.979797464	395.979797464	0.47044801712	64	85	83.8188717162	65.539276348
20	"1"	"1"	6	FALSE	-15	45	100	0	0	395.979797464	395.979797464	0.503619909286	90	119	117.732790733	91.6514592692
20	"1"	"1"	6	FALSE	-15	45	100	0	0	395.979797464	395.979797464	0.536990880966	117	155	153.130273667	119.436674798
20	"1"	"1"	6	FALSE	-15	45	100	0	0	395.979797464	395.979797464	0.570348978043	138	186	181.438106417	143.945175466
20	"1"	"1"	6	FALSE	-15	45	100	0	0	395.979797464	395.979797464	0.603680849075	161	223	213.23070509	173.731593001
20	"1"	"1"	6	FALSE	-15	45	100	0	0	395.979797464	395.979797464	0.637042045593	180	255	239.865505233	199.723657585
20	"1"	"1"	6	FALSE	-15	45	100	0	0	395.979797464	395.979797464	0.670397043228	201	287	268.432157029	225.198084079
20	"1"	"1"	6	FALSE	-15	45	100	0	0	395.979797464	395.979797464	0.703753948212	221	315	294.997606817	247.067626313
20	"1"	"1"	6	FALSE	-15	45	100	0	0	395.979797464	395.979797464	0.737112045288	235	339	314.732225468	266.626379513
20	"1"	"1"	6	FALSE	-15	45	100	0	0	395.979797464	395.979797464	0.770524024963	251	369	337.951610041	291.46304958
20	"1"	"1"	6	FALSE	-15	45	100	0	0	395.979797464	395.979797464	0.803843975067	263	389	354.719100859	307.675737564
20	"1"	"1"	6	FALSE	-15	45	100	0	0	395.979797464	395.979797464	0.837218046188	274	408	370.261846805	323.181318768
20	"1"	"1"	6	FALSE	-15	45	100	0	0	395.979797464	395.979797464	0.870538949966	280	420	379.163230304	333.219514413
20	"1"	"1"	6	FALSE	-15	45	100	0	0	395.979797464	395.979797464	0.903926849365	286	435	388.841070938	346.155487536
20	"1"	"1"	6	FALSE	-15	45	100	0	0	395.979797464	395.979797464	0.93728685379	292	448	398.001273482	357.159609008
20	"1"	"1"	6	FALSE	-15	45	100	0	0	395.979797464	395.979797464	0.970608949661	296	459	404.711986284	366.749516916
20	"1"	"1"	6	FALSE	-15	45	100	0	0	395.979797464	395.979797464	1.00399899483	298	470	409.490847432	376.857062915
20	"1"	"1"	6	FALSE	-15	45	100	0	0	395.979797464	395.979797464	1.03734493256	300	478	413.493251446	384.066831435
20	"1"	"1"	6	FALSE	-15	45	100	0	0	395.979797464	395.979797464	1.07070302963	300	484	415.046165716	389.862386393
20	"1"	"1"	6	FALSE	-15	45	100	0	0	395.979797464	395.979797464	1.10432291031	298	487	413.890771199	393.277801962
20	"1"	"1"	6	FALSE	-15	45	100	0	0	395.979797464	395.979797464	1.13763904572	297	489	413.442483463	395.46847266
20	"1"	"1"	6	FALSE	-15	45	100	0	0	395.979797464	395.979797464	1.1707868576	297	490	413.701302508	396.434398486
20	"1"	"1"	6	FALSE	-15	45	100	0	0	395.979797464	395.979797464	1.20422792435	295	490	411.769450856	396.952036576
20	"1"	"1"	6	FALSE	-15	45	100	0	0	395.979797464	395.979797464	1.23749995232	292	488	408.354035286	395.796642059
20	"1"	"1"	6	FALSE	-15	45	100	0	0	395.979797464	395.979797464	1.27086400986	288	485	403.713874846	393.934140761
20	"1"	"1"	6	FALSE	-15	45	100	0	0	395.979797464	395.979797464	1.3042280674	284	481	398.81489536	391.105713636
20	"1"	"1"	6	FALSE	-15	45	100	0	0	395.979797464	395.979797464	1.33761787415	283	479	397.331331444	389.432681028
20	"1"	"1"	7	FALSE	-15	45	100	0	0	395.979797464	395.979797464	0.00153493881226	-3	-10	-5.48596792989	-8.88280112758
20	"1"	"1"	7	FALSE	-15	45	100	0	0	395.979797464	395.979797464	0.037006855011	-3	-10	-5.48596792989	-8.88280112758
20	"1"	"1"	7	FALSE	-15	45	100	0	0	395.979797464	395.979797464	0.0703139305115	-3	-10	-5.48596792989	-8.88280112758
20	"1"	"1"	7	FALSE	-15	45	100	0	0	395.979797464	395.979797464	0.10344004631	-3	-10	-5.48596792989	-8.88280112758
20	"1"	"1"	7	FALSE	-15	45	100	0	0	395.979797464	395.979797464	0.136829853058	-3	-10	-5.48596792989	-8.88280112758
20	"1"	"1"	7	FALSE	-15	45	100	0	0	395.979797464	395.979797464	0.170147895813	-3	-10	-5.48596792989	-8.88280112758
20	"1"	"1"	7	FALSE	-15	45	100	0	0	395.979797464	395.979797464	0.203553915024	-3	-9	-5.22714888479	-7.91687530129
20	"1"	"1"	7	FALSE	-15	45	100	0	0	395.979797464	395.979797464	0.2369389534	-2	-8	-4.0024040134	-7.20976852011
20	"1"	"1"	7	FALSE	-15	45	100	0	0	395.979797464	395.979797464	0.270294904709	-1	-6	-2.5188400969	-5.53673591263
20	"1"	"1"	7	FALSE	-15	45	100	0	0	395.979797464	395.979797464	0.303676843643	0	-3	-0.776457135308	-2.89777747887
20	"1"	"1"	7	FALSE	-15	45	100	0	0	395.979797464	395.979797464	0.337085962296	4	9	6.19307471108	7.65805625619
20	"1"	"1"	7	FALSE	-15	45	100	0	0	395.979797464	395.979797464	0.370369911194	16	38	25.2899369345	32.5640766773
20	"1"	"1"	7	FALSE	-15	45	100	0	0	395.979797464	395.979797464	0.403740882874	29	62	44.0586297587	52.3816489219
20	"1"	"1"	7	FALSE	-15	45	100	0	0	395.979797464	395.979797464	0.437084913254	46	91	67.9851211136	75.9935741176
20	"1"	"1"	7	FALSE	-15	45	100	0	0	395.979797464	395.979797464	0.47044801712	63	117	91.1351553332	96.7077218344
20	"1"	"1"	7	FALSE	-15	45	100	0	0	395.979797464	395.979797464	0.50380396843	86	147	121.116020691	119.732658586
20	"1"	"1"	7	FALSE	-15	45	100	0	0	395.979797464	395.979797464	0.537189006805	111	180	153.805194837	145.137734726
20	"1"	"1"	7	FALSE	-15	45	100	0	0	395.979797464	395.979797464	0.570534944534	131	209	180.62946367	167.973202786
20	"1"	"1"	7	FALSE	-15	45	100	0	0	395.979797464	395.979797464	0.603958845139	152	245	210.231391646	197.311332585
20	"1"	"1"	7	FALSE	-15	45	100	0	0	395.979797464	395.979797464	0.637320995331	173	270	236.986310126	216.024278295
20	"1"	"1"	7	FALSE	-15	45	100	0	0	395.979797464	395.979797464	0.670670032501	193	302	264.587036095	241.757523835
20	"1"	"1"	7	FALSE	-15	45	100	0	0	395.979797464	395.979797464	0.703978061676	211	332	289.738272321	266.076555811
20	"1"	"1"	7	FALSE	-15	45	100	0	0	395.979797464	395.979797464	0.737309932709	225	354	308.955252881	283.703457358
20	"1"	"1"	7	FALSE	-15	45	100	0	0	395.979797464	395.979797464	0.770694971085	239	378	328.689871532	303.262210558
20	"1"	"1"	7	FALSE	-15	45	100	0	0	395.979797464	395.979797464	0.804026842117	249	399	343.784329742	320.958462459
20	"1"	"1"	7	FALSE	-15	45	100	0	0	395.979797464	395.979797464	0.837398052216	261	423	361.58709674	341.034853749
20	"1"	"1"	7	FALSE	-15	45	100	0	0	395.979797464	395.979797464	0.870749950409	268	438	372.2308632	353.712007827
20	"1"	"1"	7	FALSE	-15	45	100	0	0	395.979797464	395.979797464	0.904149055481	274	454	382.16752288	367.613906777
20	"1"	"1"	7	FALSE	-15	45	100	0	0	395.979797464	395.979797464	0.937511920929	279	469	390.879437688	380.808698946
20	"1"	"1"	7	FALSE	-15	45	100	0	0	395.979797464	395.979797464	0.970840930939	282	479	396.365405618	389.691500074
20	"1"	"1"	7	FALSE	-15	45	100	0	0	395.979797464	395.979797464	1.00427699089	284	487	400.367809631	396.901268594
20	"1"	"1"	7	FALSE	-15	45	100	0	0	395.979797464	395.979797464	1.03765392303	286	494	404.111394599	403.145111287
20	"1"	"1"	7	FALSE	-15	45	100	0	0	395.979797464	395.979797464	1.07092094421	286	496	404.62903269	405.07696294
20	"1"	"1"	8	FALSE	-15	135	100	0	0	-395.979797464	395.979797464	0.00153684616089	-8	-6	-9.28032088093	-3.72500259691
20	"1"	"1"	8	FALSE	-15	135	100	0	0	-395.979797464	395.979797464	0.036896944046	-8	-6	-9.28032088093	-3.72500259691
20	"1"	"1"	8	FALSE	-15	135	100	0	0	-395.979797464	395.979797464	0.0701868534088	-8	-6	-9.28032088093	-3.72500259691
20	"1"	"1"	8	FALSE	-15	135	100	0	0	-395.979797464	395.979797464	0.103317022324	-8	-6	-9.28032088093	-3.72500259691
20	"1"	"1"	8	FALSE	-15	135	100	0	0	-395.979797464	395.979797464	0.136677026749	-8	-6	-9.28032088093	-3.72500259691
20	"1"	"1"	8	FALSE	-15	135	100	0	0	-395.979797464	395.979797464	0.170049905777	-8	-6	-9.28032088093	-3.72500259691
20	"1"	"1"	8	FALSE	-15	135	100	0	0	-395.979797464	395.979797464	0.203459978104	-8	-5	-9.02150183583	-2.75907677063
20	"1"	"1"	8	FALSE	-15	135	100	0	0	-395.979797464	395.979797464	0.236799001694	-6	-5	-7.08965018325	-3.27671486083
20	"1"	"1"	8	FALSE	-15	135	100	0	0	-395.979797464	395.979797464	0.270187854767	-5	-5	-6.12372435696	-3.53553390593
20	"1"	"1"	8	FALSE	-15	135	100	0	0	-395.979797464	395.979797464	0.303527832031	-5	-4	-5.86490531186	-2.56960807964
20	"1"	"1"	8	FALSE	-15	135	100	0	0	-395.979797464	395.979797464	0.336891889572	-5	-1	-5.08844817655	0.328169399223
20	"1"	"1"	8	FALSE	-15	135	100	0	0	-395.979797464	395.979797464	0.370253801346	-9	11	-5.84632294047	12.9545554951
20	"1"	"1"	8	FALSE	-15	135	100	0	0	-395.979797464	395.979797464	0.403656959534	-18	30	-9.62209352013	33.6365176005
20	"1"	"1"	8	FALSE	-15	135	100	0	0	-395.979797464	395.979797464	0.437070846558	-35	55	-19.5723564395	62.1845870245
20	"1"	"1"	8	FALSE	-15	135	100	0	0	-395.979797464	395.979797464	0.470431804657	-47	69	-27.5399997235	78.8133771338
20	"1"	"1"	8	FALSE	-15	135	100	0	0	-395.979797464	395.979797464	0.503706932068	-72	87	-47.0294025689	102.670518135
20	"1"	"1"	8	FALSE	-15	135	100	0	0	-395.979797464	395.979797464	0.537039995193	-94	103	-64.1386660256	123.819350347
20	"1"	"1"	8	FALSE	-15	135	100	0	0	-395.979797464	395.979797464	0.570391893387	-116	119	-81.2479294823	144.96818256
20	"1"	"1"	8	FALSE	-15	135	100	0	0	-395.979797464	395.979797464	0.603754997253	-144	138	-103.376290761	170.567706523
20	"1"	"1"	8	FALSE	-15	135	100	0	0	-395.979797464	395.979797464	0.637107849121	-171	151	-126.091640485	190.112856482
20	"1"	"1"	8	FALSE	-15	135	100	0	0	-395.979797464	395.979797464	0.670482873917	-204	165	-154.343726121	212.176846539
20	"1"	"1"	8	FALSE	-15	135	100	0	0	-395.979797464	395.979797464	0.703822851181	-238	180	-183.302918538	235.465581466
20	"1"	"1"	8	FALSE	-15	135	100	0	0	-395.979797464	395.979797464	0.737214803696	-271	197	-210.778547039	260.427349002
20	"1"	"1"	8	FALSE	-15	135	100	0	0	-395.979797464	395.979797464	0.770817995071	-302	212	-236.839961978	282.939626794
20	"1"	"1"	8	FALSE	-15	135	100	0	0	-395.979797464	395.979797464	0.804211854935	-326	223	-257.175172312	299.776467966
20	"1"	"1"	8	FALSE	-15	135	100	0	0	-395.979797464	395.979797464	0.837523937225	-353	235	-280.149341081	318.355692099
20	"1"	"1"	8	FALSE	-15	135	100	0	0	-395.979797464	395.979797464	0.870636940002	-374	244	-298.104412027	332.484224483
20	"1"	"1"	8	FALSE	-15	135	100	0	0	-395.979797464	395.979797464	0.903995990753	-397	253	-317.991334626	347.130394957
20	"1"	"1"	8	FALSE	-15	135	100	0	0	-395.979797464	395.979797464	0.937366962433	-415	261	-333.307447138	359.516544379
20	"1"	"1"	8	FALSE	-15	135	100	0	0	-395.979797464	395.979797464	0.970724821091	-428	268	-344.052749564	369.642672749
20	"1"	"1"	8	FALSE	-15	135	100	0	0	-395.979797464	395.979797464	1.00406599045	-443	274	-356.988722688	379.320513384
20	"1"	"1"	8	FALSE	-15	135	100	0	0	-395.979797464	395.979797464	1.0380089283	-452	279	-364.387959899	386.479513921
20	"1"	"1"	8	FALSE	-15	135	100	0	0	-395.979797464	395.979797464	1.07154989243	-460	282	-371.338909374	391.447843761
20	"1"	"1"	8	FALSE	-15	135	100	0	0	-395.979797464	395.979797464	1.10445690155	-467	284	-377.582752068	395.191428729
20	"1"	"1"	8	FALSE	-15	135	100	0	0	-395.979797464	395.979797464	1.1383190155	-473	285	-383.119487981	397.710268826
20	"1"	"1"	8	FALSE	-15	135	100	0	0	-395.979797464	395.979797464	1.17151999474	-481	287	-390.329256501	401.712672839
20	"1"	"1"	8	FALSE	-15	135	100	0	0	-395.979797464	395.979797464	1.20464396477	-487	287	-396.124811458	403.26558711
20	"1"	"1"	8	FALSE	-15	135	100	0	0	-395.979797464	395.979797464	1.23813796043	-491	288	-399.729695718	405.266789117
20	"1"	"1"	8	FALSE	-15	135	100	0	0	-395.979797464	395.979797464	1.27168679237	-493	288	-401.661547371	405.784427207
20	"1"	"1"	8	FALSE	-15	135	100	0	0	-395.979797464	395.979797464	1.30499482155	-494	289	-402.368654152	407.009172078
20	"1"	"1"	8	FALSE	-15	135	100	0	0	-395.979797464	395.979797464	1.33849596977	-493	288	-401.661547371	405.784427207
20	"1"	"1"	9	FALSE	-15	90	100	0	0	3.42901103761e-14	560	0.00199389457703	-10	0	-9.65925826289	2.58819045103
20	"1"	"1"	9	FALSE	-15	90	100	0	0	3.42901103761e-14	560	0.0371270179749	-7	-2	-7.27911887423	-0.120118336861
20	"1"	"1"	9	FALSE	-15	90	100	0	0	3.42901103761e-14	560	0.0705120563507	-5	-2	-5.34726722165	-0.637756427066
20	"1"	"1"	9	FALSE	-15	90	100	0	0	3.42901103761e-14	560	0.103822946548	-4	-3	-4.64016044046	-1.86250129846
20	"1"	"1"	9	FALSE	-15	90	100	0	0	3.42901103761e-14	560	0.137233972549	-4	-3	-4.64016044046	-1.86250129846
20	"1"	"1"	9	FALSE	-15	90	100	0	0	3.42901103761e-14	560	0.170612096786	-3	-3	-3.67423461417	-2.12132034356
20	"1"	"1"	9	FALSE	-15	90	100	0	0	3.42901103761e-14	560	0.203888893127	-3	-3	-3.67423461417	-2.12132034356
20	"1"	"1"	9	FALSE	-15	90	100	0	0	3.42901103761e-14	560	0.237231969833	-3	-3	-3.67423461417	-2.12132034356
20	"1"	"1"	9	FALSE	-15	90	100	0	0	3.42901103761e-14	560	0.270431995392	-2	-3	-2.70830878789	-2.38013938866
20	"1"	"1"	9	FALSE	-15	90	100	0	0	3.42901103761e-14	560	0.30398106575	-2	-3	-2.70830878789	-2.38013938866
20	"1"	"1"	9	FALSE	-15	90	100	0	0	3.42901103761e-14	560	0.337327003479	-4	1	-3.60488426005	2.0012020067
20	"1"	"1"	9	FALSE	-15	90	100	0	0	3.42901103761e-14	560	0.370724916458	-8	13	-4.36275902398	14.6275881026
20	"1"	"1"	9	FALSE	-15	90	100	0	0	3.42901103761e-14	560	0.403976917267	-15	40	-4.13612559024	42.5193187281
20	"1"	"1"	9	FALSE	-15	90	100	0	0	3.42901103761e-14	560	0.43746304512	-21	64	-3.72002346551	67.2544528297
20	"1"	"1"	9	FALSE	-15	90	100	0	0	3.42901103761e-14	560	0.470788002014	-28	97	-1.94047576115	100.941738413
20	"1"	"1"	9	FALSE	-15	90	100	0	0	3.42901103761e-14	560	0.504067897797	-34	127	0.0285406341918	131.472427472
20	"1"	"1"	9	FALSE	-15	90	100	0	0	3.42901103761e-14	560	0.537509918213	-40	162	3.29165225505	166.832745663
20	"1"	"1"	9	FALSE	-15	90	100	0	0	3.42901103761e-14	560	0.57091999054	-46	195	6.03712578569	200.261212201
20	"1"	"1"	9	FALSE	-15	90	100	0	0	3.42901103761e-14	560	0.604331970215	-52	229	9.04141836145	234.655604566
20	"1"	"1"	9	FALSE	-15	90	100	0	0	3.42901103761e-14	560	0.63757610321	-61	263	9.14793345833	269.826454065
20	"1"	"1"	9	FALSE	-15	90	100	0	0	3.42901103761e-14	560	0.670996904373	-70	289	7.18389619439	297.269896955
20	"1"	"1"	9	FALSE	-15	90	100	0	0	3.42901103761e-14	560	0.704267024994	-79	320	6.51395415597	329.542968976
20	"1"	"1"	9	FALSE	-15	90	100	0	0	3.42901103761e-14	560	0.737627029419	-88	351	5.84401211755	361.816040996
20	"1"	"1"	9	FALSE	-15	90	100	0	0	3.42901103761e-14	560	0.770333051682	-94	372	5.48365710697	383.653397619
20	"1"	"1"	9	FALSE	-15	90	100	0	0	3.42901103761e-14	560	0.804306030273	-101	395	4.6750143603	407.68142494
20	"1"	"1"	9	FALSE	-15	90	100	0	0	3.42901103761e-14	560	0.837804079056	-105	411	4.95241577678	424.171514341
20	"1"	"1"	9	FALSE	-15	90	100	0	0	3.42901103761e-14	560	0.871104001999	-110	423	3.22861518657	437.056719482
20	"1"	"1"	9	FALSE	-15	90	100	0	0	3.42901103761e-14	560	0.90441608429	-114	436	2.72955946775	450.649031404
20	"1"	"1"	9	FALSE	-15	90	100	0	0	3.42901103761e-14	560	0.937832117081	-119	449	1.26457792263	464.500162371
20	"1"	"1"	9	FALSE	-15	90	100	0	0	3.42901103761e-14	560	0.971075057983	-122	460	1.21380993989	475.901803595
20	"1"	"1"	9	FALSE	-15	90	100	0	0	3.42901103761e-14	560	1.00414896011	-125	471	1.16304195715	487.30344482
20	"1"	"1"	9	FALSE	-15	90	100	0	0	3.42901103761e-14	560	1.03771495819	-128	485	1.88873110972	501.602863523
20	"1"	"1"	9	FALSE	-15	90	100	0	0	3.42901103761e-14	560	1.07105994225	-131	496	1.83796312698	513.004504748
20	"1"	"1"	9	FALSE	-15	90	100	0	0	3.42901103761e-14	560	1.10472393036	-133	508	3.01194001563	525.113252753
20	"1"	"1"	9	FALSE	-15	90	100	0	0	3.42901103761e-14	560	1.13796710968	-135	517	3.40945976898	534.32422328
20	"1"	"1"	9	FALSE	-15	90	100	0	0	3.42901103761e-14	560	1.17118191719	-135	524	5.2211930847	541.085704064
20	"1"	"1"	9	FALSE	-15	90	100	0	0	3.42901103761e-14	560	1.20409202576	-136	530	5.80818152902	547.140078067
20	"1"	"1"	9	FALSE	-15	90	100	0	0	3.42901103761e-14	560	1.23797297478	-136	536	7.36109579964	552.935633025
20	"1"	"1"	9	FALSE	-15	90	100	0	0	3.42901103761e-14	560	1.27141809464	-137	541	7.68926519886	558.024081201
20	"1"	"1"	9	FALSE	-15	90	100	0	0	3.42901103761e-14	560	1.30410695076	-138	545	7.75861555298	562.146603552
20	"1"	"1"	9	FALSE	-15	90	100	0	0	3.42901103761e-14	560	1.33805298805	-139	547	7.3103278169	564.337274249
20	"1"	"1"	10	FALSE	-15	90	100	0	0	3.42901103761e-14	560	0.00213599205017	-5	7	-3.01789581573	8.05557600954
20	"1"	"1"	10	FALSE	-15	90	100	0	0	3.42901103761e-14	560	0.0372588634491	-5	6	-3.27671486083	7.08965018325
20	"1"	"1"	10	FALSE	-15	90	100	0	0	3.42901103761e-14	560	0.0706338882446	-4	5	-2.56960807964	5.86490531186
20	"1"	"1"	10	FALSE	-15	90	100	0	0	3.42901103761e-14	560	0.103874921799	-4	3	-3.08724616985	3.93305365928
20	"1"	"1"	10	FALSE	-15	90	100	0	0	3.42901103761e-14	560	0.136970043182	-3	0	-2.89777747887	0.776457135308
20	"1"	"1"	10	FALSE	-15	90	100	0	0	3.42901103761e-14	560	0.170706033707	-2	-3	-2.70830878789	-2.38013938866
20	"1"	"1"	10	FALSE	-15	90	100	0	0	3.42901103761e-14	560	0.204031944275	-2	-5	-3.22594687809	-4.31199104124
20	"1"	"1"	10	FALSE	-15	90	100	0	0	3.42901103761e-14	560	0.237440824509	-2	-6	-3.48476592319	-5.27791686753
20	"1"	"1"	10	FALSE	-15	90	100	0	0	3.42901103761e-14	560	0.270766019821	-1	-6	-2.5188400969	-5.53673591263
20	"1"	"1"	10	FALSE	-15	90	100	0	0	3.42901103761e-14	560	0.303607940674	0	-2	-0.517638090205	-1.93185165258
20	"1"	"1"	10	FALSE	-15	90	100	0	0	3.42901103761e-14	560	0.337446928024	2	9	4.2612230585	8.1756943464
20	"1"	"1"	10	FALSE	-15	90	100	0	0	3.42901103761e-14	560	0.370775938034	3	19	7.81533933582	17.5761335642
20	"1"	"1"	10	FALSE	-15	90	100	0	0	3.42901103761e-14	560	0.404214859009	1	33	9.50695431467	31.6167332224
20	"1"	"1"	10	FALSE	-15	90	100	0	0	3.42901103761e-14	560	0.43688583374	-3	55	11.3372700018	53.9023775812
20	"1"	"1"	10	FALSE	-15	90	100	0	0	3.42901103761e-14	560	0.470952987671	-7	76	12.9087666438	75.2220961137
20	"1"	"1"	10	FALSE	-15	90	100	0	0	3.42901103761e-14	560	0.504289865494	-12	102	14.808432685	101.630262823
20	"1"	"1"	10	FALSE	-15	90	100	0	0	3.42901103761e-14	560	0.537621021271	-18	128	15.7421728999	128.297248577
20	"1"	"1"	10	FALSE	-15	90	100	0	0	3.42901103761e-14	560	0.570718050003	-28	168	16.4356764411	169.522472079
20	"1"	"1"	10	FALSE	-15	90	100	0	0	3.42901103761e-14	560	0.604118824005	-33	200	19.888256753	201.726193746
20	"1"	"1"	10	FALSE	-15	90	100	0	0	3.42901103761e-14	560	0.637070894241	-38	238	24.8937513354	239.725470371
20	"1"	"1"	10	FALSE	-15	90	100	0	0	3.42901103761e-14	560	0.671097040176	-45	275	27.7085752202	277.276459259
20	"1"	"1"	10	FALSE	-15	90	100	0	0	3.42901103761e-14	560	0.704391956329	-53	302	26.9692828276	305.42700893
20	"1"	"1"	10	FALSE	-15	90	100	0	0	3.42901103761e-14	560	0.737807035446	-64	331	23.8498510464	336.285867388
20	"1"	"1"	10	FALSE	-15	90	100	0	0	3.42901103761e-14	560	0.770828962326	-74	361	21.9551641366	367.851832628
20	"1"	"1"	10	FALSE	-15	90	100	0	0	3.42901103761e-14	560	0.804566860199	-82	384	20.1805955637	392.138678993
20	"1"	"1"	10	FALSE	-15	90	100	0	0	3.42901103761e-14	560	0.837880849838	-91	408	17.6989202095	417.65027023
20	"1"	"1"	10	FALSE	-15	90	100	0	0	3.42901103761e-14	560	0.870908975601	-99	430	15.6655325915	440.971190769
20	"1"	"1"	10	FALSE	-15	90	100	0	0	3.42901103761e-14	560	0.904610872269	-103	444	15.4252959177	455.529428518
20	"1"	"1"	10	FALSE	-15	90	100	0	0	3.42901103761e-14	560	0.93768787384	-108	461	14.995590553	473.24426279
20	"1"	"1"	10	FALSE	-15	90	100	0	0	3.42901103761e-14	560	0.971325874329	-111	476	15.9800987507	488.50960732
20	"1"	"1"	10	FALSE	-15	90	100	0	0	3.42901103761e-14	560	1.00464200974	-114	488	16.1881498131	500.877174371
20	"1"	"1"	10	FALSE	-15	90	100	0	0	3.42901103761e-14	560	1.03750681877	-117	498	15.8785627852	511.312889769
20	"1"	"1"	10	FALSE	-15	90	100	0	0	3.42901103761e-14	560	1.07124400139	-120	508	15.5689757574	521.748605167
20	"1"	"1"	10	FALSE	-15	90	100	0	0	3.42901103761e-14	560	1.10401892662	-123	516	14.7417506393	530.252468913
20	"1"	"1"	10	FALSE	-15	90	100	0	0	3.42901103761e-14	560	1.13812303543	-126	522	13.3968874311	536.824481006
20	"1"	"1"	10	FALSE	-15	90	100	0	0	3.42901103761e-14	560	1.17144298553	-128	527	12.759131004	542.171748227
20	"1"	"1"	10	FALSE	-15	90	100	0	0	3.42901103761e-14	560	1.20453000069	-130	530	11.6037364868	545.587163797
20	"1"	"1"	10	FALSE	-15	90	100	0	0	3.42901103761e-14	560	1.23818302155	-131	532	11.1554487507	547.777834494
20	"1"	"1"	10	FALSE	-15	90	100	0	0	3.42901103761e-14	560	1.27143096924	-132	534	10.7071610146	549.968505192
20	"1"	"1"	10	FALSE	-15	90	100	0	0	3.42901103761e-14	560	1.30450487137	-134	537	9.55176649732	553.383920761
20	"1"	"1"	10	FALSE	-15	90	100	0	0	3.42901103761e-14	560	1.33766293526	-135	539	9.10347876123	555.574591459
20	"1"	"1"	11	FALSE	-15	135	100	0	0	-395.979797464	395.979797464	0.00215792655945	-2	6	-0.378937381963	6.31319304794
20	"1"	"1"	11	FALSE	-15	135	100	0	0	-395.979797464	395.979797464	0.0371079444885	-2	5	-0.637756427066	5.34726722165
20	"1"	"1"	11	FALSE	-15	135	100	0	0	-395.979797464	395.979797464	0.070338010788	-2	3	-1.15539451727	3.41541556907
20	"1"	"1"	11	FALSE	-15	135	100	0	0	-395.979797464	395.979797464	0.103678941727	-2	2	-1.41421356237	2.44948974278
20	"1"	"1"	11	FALSE	-15	135	100	0	0	-395.979797464	395.979797464	0.137098073959	-2	2	-1.41421356237	2.44948974278
20	"1"	"1"	11	FALSE	-15	135	100	0	0	-395.979797464	395.979797464	0.170500040054	-2	2	-1.41421356237	2.44948974278
20	"1"	"1"	11	FALSE	-15	135	100	0	0	-395.979797464	395.979797464	0.203530073166	-2	2	-1.41421356237	2.44948974278
20	"1"	"1"	11	FALSE	-15	135	100	0	0	-395.979797464	395.979797464	0.237169027328	-2	2	-1.41421356237	2.44948974278
20	"1"	"1"	11	FALSE	-15	135	100	0	0	-395.979797464	395.979797464	0.270578145981	-2	2	-1.41421356237	2.44948974278
20	"1"	"1"	11	FALSE	-15	135	100	0	0	-395.979797464	395.979797464	0.303302049637	-2	2	-1.41421356237	2.44948974278
20	"1"	"1"	11	FALSE	-15	135	100	0	0	-395.979797464	395.979797464	0.337270975113	-5	2	-4.31199104124	3.22594687809
20	"1"	"1"	11	FALSE	-15	135	100	0	0	-395.979797464	395.979797464	0.370628118515	-13	5	-11.2629405162	8.19427671778
20	"1"	"1"	11	FALSE	-15	135	100	0	0	-395.979797464	395.979797464	0.403424024582	-26	13	-21.7494238972	19.2863309144
20	"1"	"1"	11	FALSE	-15	135	100	0	0	-395.979797464	395.979797464	0.437391042709	-44	26	-35.7714411841	36.502109468
20	"1"	"1"	11	FALSE	-15	135	100	0	0	-395.979797464	395.979797464	0.470785140991	-64	42	-50.9488529882	57.1333035907
20	"1"	"1"	11	FALSE	-15	135	100	0	0	-395.979797464	395.979797464	0.504090070724	-85	58	-67.0921906186	78.0233167585
20	"1"	"1"	11	FALSE	-15	135	100	0	0	-395.979797464	395.979797464	0.537495136261	-106	75	-82.976709204	99.8792557525
20	"1"	"1"	11	FALSE	-15	135	100	0	0	-395.979797464	395.979797464	0.570578098297	-128	91	-100.085972661	121.028087965
20	"1"	"1"	11	FALSE	-15	135	100	0	0	-395.979797464	395.979797464	0.603991031647	-149	104	-117.005767426	139.020323654
20	"1"	"1"	11	FALSE	-15	135	100	0	0	-395.979797464	395.979797464	0.637424945831	-178	121	-140.617692622	162.946815009
20	"1"	"1"	11	FALSE	-15	135	100	0	0	-395.979797464	395.979797464	0.67093706131	-209	138	-166.16146947	187.390944454
20	"1"	"1"	11	FALSE	-15	135	100	0	0	-395.979797464	395.979797464	0.703568935394	-242	154	-193.895917016	211.386786163
20	"1"	"1"	11	FALSE	-15	135	100	0	0	-395.979797464	395.979797464	0.73764705658	-270	168	-217.318373521	232.156680994
20	"1"	"1"	11	FALSE	-15	135	100	0	0	-395.979797464	395.979797464	0.771049976349	-301	185	-242.862150369	256.600810439
20	"1"	"1"	11	FALSE	-15	135	100	0	0	-395.979797464	395.979797464	0.804234981537	-331	201	-267.698820436	279.820195013
20	"1"	"1"	11	FALSE	-15	135	100	0	0	-395.979797464	395.979797464	0.837177038193	-355	215	-287.257573636	299.554813664
20	"1"	"1"	11	FALSE	-15	135	100	0	0	-395.979797464	395.979797464	0.870945930481	-381	229	-308.748178488	319.807070404
20	"1"	"1"	11	FALSE	-15	135	100	0	0	-395.979797464	395.979797464	0.903731107712	-405	242	-328.565750732	338.575763228
20	"1"	"1"	11	FALSE	-15	135	100	0	0	-395.979797464	395.979797464	0.937017917633	-422	252	-342.398299328	352.634945258
20	"1"	"1"	11	FALSE	-15	135	100	0	0	-395.979797464	395.979797464	0.971069097519	-439	261	-356.489666969	365.728201461
20	"1"	"1"	11	FALSE	-15	135	100	0	0	-395.979797464	395.979797464	1.00449109077	-454	270	-368.649182958	378.303819575
20	"1"	"1"	11	FALSE	-15	135	100	0	0	-395.979797464	395.979797464	1.03772997856	-466	279	-377.910921467	390.102980552
20	"1"	"1"	11	FALSE	-15	135	100	0	0	-395.979797464	395.979797464	1.07110905647	-475	285	-385.051339633	398.227906916
20	"1"	"1"	11	FALSE	-15	135	100	0	0	-395.979797464	395.979797464	1.103910923	-485	289	-393.675321716	404.679800672
20	"1"	"1"	11	FALSE	-15	135	100	0	0	-395.979797464	395.979797464	1.1378891468	-491	291	-398.953238583	408.164566595
20	"1"	"1"	11	FALSE	-15	135	100	0	0	-395.979797464	395.979797464	1.17130708694	-493	292	-400.626271191	409.648130512
20	"1"	"1"	11	FALSE	-15	135	100	0	0	-395.979797464	395.979797464	1.20448613167	-495	294	-402.040484753	412.097620255
20	"1"	"1"	11	FALSE	-15	135	100	0	0	-395.979797464	395.979797464	1.23786997795	-496	294	-403.006410579	412.3564393
20	"1"	"1"	11	FALSE	-15	135	100	0	0	-395.979797464	395.979797464	1.2706489563	-495	293	-402.299303798	411.131694428
20	"1"	"1"	11	FALSE	-15	135	100	0	0	-395.979797464	395.979797464	1.30463695526	-495	293	-402.299303798	411.131694428
20	"1"	"1"	11	FALSE	-15	135	100	0	0	-395.979797464	395.979797464	1.338078022	-495	293	-402.299303798	411.131694428
20	"1"	"1"	11	FALSE	-15	135	100	0	0	-395.979797464	395.979797464	1.37138199806	-495	293	-402.299303798	411.131694428
20	"1"	"1"	11	FALSE	-15	135	100	0	0	-395.979797464	395.979797464	1.40483307838	-495	293	-402.299303798	411.131694428
20	"1"	"1"	11	FALSE	-15	135	100	0	0	-395.979797464	395.979797464	1.43814015388	-495	293	-402.299303798	411.131694428
20	"1"	"1"	11	FALSE	-15	135	100	0	0	-395.979797464	395.979797464	1.47132015228	-495	293	-402.299303798	411.131694428
20	"1"	"1"	11	FALSE	-15	135	100	0	0	-395.979797464	395.979797464	1.50485301018	-495	293	-402.299303798	411.131694428
20	"1"	"1"	11	FALSE	-15	135	100	0	0	-395.979797464	395.979797464	1.53751301765	-494	292	-401.592197017	409.906949557
20	"1"	"1"	11	FALSE	-15	135	100	0	0	-395.979797464	395.979797464	1.57144498825	-494	291	-401.851016062	408.941023731
20	"1"	"1"	11	FALSE	-15	135	100	0	0	-395.979797464	395.979797464	1.60496902466	-492	289	-400.4368025	406.491533988
20	"1"	"1"	11	FALSE	-15	135	100	0	0	-395.979797464	395.979797464	1.63833594322	-490	288	-398.763769892	405.007970071
20	"1"	"1"	11	FALSE	-15	135	100	0	0	-395.979797464	395.979797464	1.67171096802	-487	285	-396.642449549	401.333735457
20	"1"	"1"	11	FALSE	-15	135	100	0	0	-395.979797464	395.979797464	1.70446205139	-485	283	-395.228235986	398.884245715
20	"1"	"1"	11	FALSE	-15	135	100	0	0	-395.979797464	395.979797464	1.73840594292	-483	281	-393.814022424	396.434755972
20	"1"	"1"	12	FALSE	-15	45	100	0	0	395.979797464	395.979797464	0.00223088264465	-4	-3	-4.64016044046	-1.86250129846
20	"1"	"1"	12	FALSE	-15	45	100	0	0	395.979797464	395.979797464	0.0364468097687	-4	-3	-4.64016044046	-1.86250129846
20	"1"	"1"	12	FALSE	-15	45	100	0	0	395.979797464	395.979797464	0.0697929859161	-3	-3	-3.67423461417	-2.12132034356
20	"1"	"1"	12	FALSE	-15	45	100	0	0	395.979797464	395.979797464	0.102676868439	-3	-3	-3.67423461417	-2.12132034356
20	"1"	"1"	12	FALSE	-15	45	100	0	0	395.979797464	395.979797464	0.13644695282	-3	-3	-3.67423461417	-2.12132034356
20	"1"	"1"	12	FALSE	-15	45	100	0	0	395.979797464	395.979797464	0.169692993164	-3	-3	-3.67423461417	-2.12132034356
20	"1"	"1"	12	FALSE	-15	45	100	0	0	395.979797464	395.979797464	0.202651977539	-3	-3	-3.67423461417	-2.12132034356
20	"1"	"1"	12	FALSE	-15	45	100	0	0	395.979797464	395.979797464	0.236557006836	-3	-3	-3.67423461417	-2.12132034356
20	"1"	"1"	12	FALSE	-15	45	100	0	0	395.979797464	395.979797464	0.269901990891	-3	-3	-3.67423461417	-2.12132034356
20	"1"	"1"	12	FALSE	-15	45	100	0	0	395.979797464	395.979797464	0.302981853485	-3	-3	-3.67423461417	-2.12132034356
20	"1"	"1"	12	FALSE	-15	45	100	0	0	395.979797464	395.979797464	0.336670875549	1	3	1.7423829616	2.63895843376
20	"1"	"1"	12	FALSE	-15	45	100	0	0	395.979797464	395.979797464	0.370005846024	12	20	16.7674908175	16.2126879846
20	"1"	"1"	12	FALSE	-15	45	100	0	0	395.979797464	395.979797464	0.403416872025	33	47	44.0400473874	36.8574853472
20	"1"	"1"	12	FALSE	-15	45	100	0	0	395.979797464	395.979797464	0.436750888824	57	76	74.7280195263	58.6576772271
20	"1"	"1"	12	FALSE	-15	45	100	0	0	395.979797464	395.979797464	0.47007894516	82	106	106.640736537	81.1649758882
20	"1"	"1"	12	FALSE	-15	45	100	0	0	395.979797464	395.979797464	0.503477811813	111	146	145.005347303	112.296256632
20	"1"	"1"	12	FALSE	-15	45	100	0	0	395.979797464	395.979797464	0.536729812622	140	187	183.628777115	144.393463202
20	"1"	"1"	12	FALSE	-15	45	100	0	0	395.979797464	395.979797464	0.569664955139	161	222	212.971886045	172.765667175
20	"1"	"1"	12	FALSE	-15	45	100	0	0	395.979797464	395.979797464	0.602822780609	184	260	245.023303764	203.518010536
20	"1"	"1"	12	FALSE	-15	45	100	0	0	395.979797464	395.979797464	0.636922836304	206	294	275.073519476	230.665469638
20	"1"	"1"	12	FALSE	-15	45	100	0	0	395.979797464	395.979797464	0.670289993286	222	325	298.551723094	256.468065531
20	"1"	"1"	12	FALSE	-15	45	100	0	0	395.979797464	395.979797464	0.703227996826	238	349	320.218193398	275.50918064
20	"1"	"1"	12	FALSE	-15	45	100	0	0	395.979797464	395.979797464	0.736970901489	251	377	340.022162402	299.19045619
20	"1"	"1"	12	FALSE	-15	45	100	0	0	395.979797464	395.979797464	0.770298957825	260	402	355.185970966	321.009230442
20	"1"	"1"	12	FALSE	-15	45	100	0	0	395.979797464	395.979797464	0.803263902664	265	422	365.191981	339.033651742
20	"1"	"1"	12	FALSE	-15	45	100	0	0	395.979797464	395.979797464	0.836965799332	270	436	373.645076763	351.262518084
20	"1"	"1"	12	FALSE	-15	45	100	0	0	395.979797464	395.979797464	0.869699954987	274	449	380.873427654	362.784277646
20	"1"	"1"	12	FALSE	-15	45	100	0	0	395.979797464	395.979797464	0.903813838959	277	456	385.582938449	368.769301294
20	"1"	"1"	12	FALSE	-15	45	100	0	0	395.979797464	395.979797464	0.937134981155	279	463	389.326523417	375.013143988
20	"1"	"1"	12	FALSE	-15	45	100	0	0	395.979797464	395.979797464	0.970472812653	280	468	391.586544469	379.583954075
20	"1"	"1"	12	FALSE	-15	45	100	0	0	395.979797464	395.979797464	1.00343394279	280	476	393.65709683	387.311360685
20	"1"	"1"	12	FALSE	-15	45	100	0	0	395.979797464	395.979797464	1.03721189499	282	481	396.883043708	391.623351726
20	"1"	"1"	13	FALSE	-15	45	100	0	0	395.979797464	395.979797464	0.00184917449951	3	10	5.48596792989	8.88280112758
20	"1"	"1"	13	FALSE	-15	45	100	0	0	395.979797464	395.979797464	0.0373661518097	3	9	5.22714888479	7.91687530129
20	"1"	"1"	13	FALSE	-15	45	100	0	0	395.979797464	395.979797464	0.0707890987396	2	7	3.7435849683	6.24384269382
20	"1"	"1"	13	FALSE	-15	45	100	0	0	395.979797464	395.979797464	0.103661060333	1	4	2.0012020067	3.60488426005
20	"1"	"1"	13	FALSE	-15	45	100	0	0	395.979797464	395.979797464	0.137580156326	0	2	0.517638090205	1.93185165258
20	"1"	"1"	13	FALSE	-15	45	100	0	0	395.979797464	395.979797464	0.170851945877	0	1	0.258819045103	0.965925826289
20	"1"	"1"	13	FALSE	-15	45	100	0	0	395.979797464	395.979797464	0.203809022903	0	0	0	0
20	"1"	"1"	13	FALSE	-15	45	100	0	0	395.979797464	395.979797464	0.237532138824	0	0	0	0
20	"1"	"1"	13	FALSE	-15	45	100	0	0	395.979797464	395.979797464	0.270878076553	0	0	0	0
20	"1"	"1"	13	FALSE	-15	45	100	0	0	395.979797464	395.979797464	0.304196119308	0	1	0.258819045103	0.965925826289
20	"1"	"1"	13	FALSE	-15	45	100	0	0	395.979797464	395.979797464	0.337665081024	0	2	0.517638090205	1.93185165258
20	"1"	"1"	13	FALSE	-15	45	100	0	0	395.979797464	395.979797464	0.371051073074	2	10	4.5200421036	9.14162017269
20	"1"	"1"	13	FALSE	-15	45	100	0	0	395.979797464	395.979797464	0.40415096283	7	23	12.7143188214	20.4045606889
20	"1"	"1"	13	FALSE	-15	45	100	0	0	395.979797464	395.979797464	0.437663078308	20	49	32.0006497358	42.1539845861
20	"1"	"1"	13	FALSE	-15	45	100	0	0	395.979797464	395.979797464	0.471040964127	38	77	56.6342478719	64.5411649104
20	"1"	"1"	13	FALSE	-15	45	100	0	0	395.979797464	395.979797464	0.504394054413	57	105	82.2337718342	86.6695261895
20	"1"	"1"	13	FALSE	-15	45	100	0	0	395.979797464	395.979797464	0.537811040878	81	143	115.251115379	117.163050506
20	"1"	"1"	13	FALSE	-15	45	100	0	0	395.979797464	395.979797464	0.571031093597	107	184	150.976767712	150.036714211
20	"1"	"1"	13	FALSE	-15	45	100	0	0	395.979797464	395.979797464	0.604537963867	130	224	183.545823521	182.720909225
20	"1"	"1"	13	FALSE	-15	45	100	0	0	395.979797464	395.979797464	0.637794971466	160	262	222.358722023	211.661519271
20	"1"	"1"	13	FALSE	-15	45	100	0	0	395.979797464	395.979797464	0.6710460186	180	292	249.441809902	235.462913158
20	"1"	"1"	13	FALSE	-15	45	100	0	0	395.979797464	395.979797464	0.703917980194	200	322	276.524897781	259.264307045
20	"1"	"1"	13	FALSE	-15	45	100	0	0	395.979797464	395.979797464	0.737993955612	215	343	296.448985122	275.66646372
20	"1"	"1"	13	FALSE	-15	45	100	0	0	395.979797464	395.979797464	0.771227121353	230	365	316.631891509	293.034546222
20	"1"	"1"	13	FALSE	-15	45	100	0	0	395.979797464	395.979797464	0.80456495285	240	380	330.173435448	304.935243165
20	"1"	"1"	13	FALSE	-15	45	100	0	0	395.979797464	395.979797464	0.837286949158	249	395	342.749053561	317.094759154
20	"1"	"1"	13	FALSE	-15	45	100	0	0	395.979797464	395.979797464	0.871340990067	258	411	355.58349072	330.220200968
20	"1"	"1"	13	FALSE	-15	45	100	0	0	395.979797464	395.979797464	0.904792070389	265	425	365.968438135	341.931429221
20	"1"	"1"	13	FALSE	-15	45	100	0	0	395.979797464	395.979797464	0.93776011467	271	436	374.611002589	351.003699039
20	"1"	"1"	13	FALSE	-15	45	100	0	0	395.979797464	395.979797464	0.971416950226	275	448	381.580534435	361.559532774
20	"1"	"1"	13	FALSE	-15	45	100	0	0	395.979797464	395.979797464	1.00473713875	278	461	387.842959501	373.340111381
20	"1"	"1"	13	FALSE	-15	45	100	0	0	395.979797464	395.979797464	1.03824305534	282	471	394.294853257	381.964093463
20	"1"	"1"	13	FALSE	-15	45	100	0	0	395.979797464	395.979797464	1.07154893875	283	475	396.296055264	385.568977723
20	"1"	"1"	13	FALSE	-15	45	100	0	0	395.979797464	395.979797464	1.10486602783	285	478	399.004364051	387.949117112
20	"1"	"1"	13	FALSE	-15	45	100	0	0	395.979797464	395.979797464	1.13810706139	286	481	400.746747013	390.588075546
20	"1"	"1"	13	FALSE	-15	45	100	0	0	395.979797464	395.979797464	1.17157411575	287	482	401.971491884	391.295182327
20	"1"	"1"	14	FALSE	-15	135	100	0	0	-395.979797464	395.979797464	0.00203108787537	-1	-12	-4.07175436752	-11.3322908704
20	"1"	"1"	14	FALSE	-15	135	100	0	0	-395.979797464	395.979797464	0.0373749732971	-1	-12	-4.07175436752	-11.3322908704
20	"1"	"1"	14	FALSE	-15	135	100	0	0	-395.979797464	395.979797464	0.0706741809845	-1	-12	-4.07175436752	-11.3322908704
20	"1"	"1"	14	FALSE	-15	135	100	0	0	-395.979797464	395.979797464	0.104137182236	-1	-12	-4.07175436752	-11.3322908704
20	"1"	"1"	14	FALSE	-15	135	100	0	0	-395.979797464	395.979797464	0.137361049652	-1	-12	-4.07175436752	-11.3322908704
20	"1"	"1"	14	FALSE	-15	135	100	0	0	-395.979797464	395.979797464	0.170744180679	-1	-12	-4.07175436752	-11.3322908704
20	"1"	"1"	14	FALSE	-15	135	100	0	0	-395.979797464	395.979797464	0.203883171082	-1	-12	-4.07175436752	-11.3322908704
20	"1"	"1"	14	FALSE	-15	135	100	0	0	-395.979797464	395.979797464	0.236960172653	-1	-12	-4.07175436752	-11.3322908704
20	"1"	"1"	14	FALSE	-15	135	100	0	0	-395.979797464	395.979797464	0.270905017853	-1	-12	-4.07175436752	-11.3322908704
20	"1"	"1"	14	FALSE	-15	135	100	0	0	-395.979797464	395.979797464	0.304183006287	-1	-11	-3.81293532242	-10.3663650441
20	"1"	"1"	14	FALSE	-15	135	100	0	0	-395.979797464	395.979797464	0.337141990662	-5	-6	-6.38254340206	-4.50145973222
20	"1"	"1"	14	FALSE	-15	135	100	0	0	-395.979797464	395.979797464	0.370870113373	-13	5	-11.2629405162	8.19427671778
20	"1"	"1"	14	FALSE	-15	135	100	0	0	-395.979797464	395.979797464	0.404214143753	-28	22	-21.3519041438	28.4973014412
20	"1"	"1"	14	FALSE	-15	135	100	0	0	-395.979797464	395.979797464	0.437688112259	-46	41	-33.8210071601	51.5086349526
20	"1"	"1"	14	FALSE	-15	135	100	0	0	-395.979797464	395.979797464	0.471053123474	-71	64	-52.01631478	80.1954050848
20	"1"	"1"	14	FALSE	-15	135	100	0	0	-395.979797464	395.979797464	0.504290103912	-98	82	-73.4375692779	104.570184176
20	"1"	"1"	14	FALSE	-15	135	100	0	0	-395.979797464	395.979797464	0.537728071213	-121	95	-92.2892156962	123.080057955
20	"1"	"1"	14	FALSE	-15	135	100	0	0	-395.979797464	395.979797464	0.571156978607	-146	111	-112.296256632	145.005347303
20	"1"	"1"	14	FALSE	-15	135	100	0	0	-395.979797464	395.979797464	0.604163169861	-173	125	-134.75278731	165.516423089
20	"1"	"1"	14	FALSE	-15	135	100	0	0	-395.979797464	395.979797464	0.637871980667	-197	137	-154.8291786	183.319190087
20	"1"	"1"	14	FALSE	-15	135	100	0	0	-395.979797464	395.979797464	0.671032190323	-226	153	-178.699922841	206.279755615
20	"1"	"1"	14	FALSE	-15	135	100	0	0	-395.979797464	395.979797464	0.704357147217	-256	165	-204.571869088	225.635436884
20	"1"	"1"	14	FALSE	-15	135	100	0	0	-395.979797464	395.979797464	0.737799167633	-285	179	-228.960251419	246.66415076
20	"1"	"1"	14	FALSE	-15	135	100	0	0	-395.979797464	395.979797464	0.771126031876	-309	192	-248.777823664	265.432843584
20	"1"	"1"	14	FALSE	-15	135	100	0	0	-395.979797464	395.979797464	0.803972005844	-336	207	-270.975535297	286.909845196
20	"1"	"1"	14	FALSE	-15	135	100	0	0	-395.979797464	395.979797464	0.837874174118	-362	221	-292.466140149	307.162101937
20	"1"	"1"	14	FALSE	-15	135	100	0	0	-395.979797464	395.979797464	0.871190071106	-383	232	-309.903573005	323.222485973
20	"1"	"1"	14	FALSE	-15	135	100	0	0	-395.979797464	395.979797464	0.904443025589	-405	245	-327.789293597	341.473540707
20	"1"	"1"	14	FALSE	-15	135	100	0	0	-395.979797464	395.979797464	0.938019037247	-420	254	-339.948809585	354.04915882
20	"1"	"1"	14	FALSE	-15	135	100	0	0	-395.979797464	395.979797464	0.97133898735	-437	262	-354.298996271	366.176489198
20	"1"	"1"	14	FALSE	-15	135	100	0	0	-395.979797464	395.979797464	1.00446200371	-451	269	-366.010224524	376.561436613
20	"1"	"1"	14	FALSE	-15	135	100	0	0	-395.979797464	395.979797464	1.03811717033	-461	274	-374.375387561	383.979256195
20	"1"	"1"	14	FALSE	-15	135	100	0	0	-395.979797464	395.979797464	1.07152819633	-470	280	-381.515805727	392.104182559
20	"1"	"1"	14	FALSE	-15	135	100	0	0	-395.979797464	395.979797464	1.10482215881	-475	283	-385.568977723	396.296055264
20	"1"	"1"	14	FALSE	-15	135	100	0	0	-395.979797464	395.979797464	1.13825917244	-481	286	-390.588075546	400.746747013
20	"1"	"1"	14	FALSE	-15	135	100	0	0	-395.979797464	395.979797464	1.17160201073	-485	288	-393.934140761	403.713874846
20	"1"	"1"	14	FALSE	-15	135	100	0	0	-395.979797464	395.979797464	1.2048330307	-488	290	-396.314280149	406.422183634
20	"1"	"1"	14	FALSE	-15	135	100	0	0	-395.979797464	395.979797464	1.23820304871	-490	290	-398.246131802	406.939821724
20	"1"	"1"	15	FALSE	-15	90	100	0	0	3.42901103761e-14	560	0.0021059513092	3	5	4.19187270438	4.05317199614
20	"1"	"1"	15	FALSE	-15	90	100	0	0	3.42901103761e-14	560	0.0370190143585	4	5	5.15779853067	3.79435295104
20	"1"	"1"	15	FALSE	-15	90	100	0	0	3.42901103761e-14	560	0.0703909397125	4	5	5.15779853067	3.79435295104
20	"1"	"1"	15	FALSE	-15	90	100	0	0	3.42901103761e-14	560	0.103672981262	4	5	5.15779853067	3.79435295104
20	"1"	"1"	15	FALSE	-15	90	100	0	0	3.42901103761e-14	560	0.137053012848	4	5	5.15779853067	3.79435295104
20	"1"	"1"	15	FALSE	-15	90	100	0	0	3.42901103761e-14	560	0.170325040817	4	5	5.15779853067	3.79435295104
20	"1"	"1"	15	FALSE	-15	90	100	0	0	3.42901103761e-14	560	0.203144073486	4	5	5.15779853067	3.79435295104
20	"1"	"1"	15	FALSE	-15	90	100	0	0	3.42901103761e-14	560	0.237163066864	4	5	5.15779853067	3.79435295104
20	"1"	"1"	15	FALSE	-15	90	100	0	0	3.42901103761e-14	560	0.270431041718	4	5	5.15779853067	3.79435295104
20	"1"	"1"	15	FALSE	-15	90	100	0	0	3.42901103761e-14	560	0.303942918777	4	5	5.15779853067	3.79435295104
20	"1"	"1"	15	FALSE	-15	90	100	0	0	3.42901103761e-14	560	0.337269067764	3	9	5.22714888479	7.91687530129
20	"1"	"1"	15	FALSE	-15	90	100	0	0	3.42901103761e-14	560	0.370574951172	0	22	5.69401899226	21.2503681784
20	"1"	"1"	15	FALSE	-15	90	100	0	0	3.42901103761e-14	560	0.403995037079	-7	52	6.69710956131	52.0398762827
20	"1"	"1"	15	FALSE	-15	90	100	0	0	3.42901103761e-14	560	0.437365055084	-16	86	6.80362465819	87.2107257825
20	"1"	"1"	15	FALSE	-15	90	100	0	0	3.42901103761e-14	560	0.470806121826	-24	123	8.65252271667	125.020533716
20	"1"	"1"	15	FALSE	-15	90	100	0	0	3.42901103761e-14	560	0.503640890121	-29	154	11.8462839834	156.258329556
20	"1"	"1"	15	FALSE	-15	90	100	0	0	3.42901103761e-14	560	0.537504911423	-33	188	16.7824282117	190.135083831
20	"1"	"1"	15	FALSE	-15	90	100	0	0	3.42901103761e-14	560	0.570702075958	-36	216	21.1315839957	217.957464102
20	"1"	"1"	15	FALSE	-15	90	100	0	0	3.42901103761e-14	560	0.603688955307	-41	247	24.3253452625	249.195259943
20	"1"	"1"	15	FALSE	-15	90	100	0	0	3.42901103761e-14	560	0.637341976166	-46	276	27.001468439	278.50120413
20	"1"	"1"	15	FALSE	-15	90	100	0	0	3.42901103761e-14	560	0.670582056046	-51	308	30.4540487508	310.704925797
20	"1"	"1"	15	FALSE	-15	90	100	0	0	3.42901103761e-14	560	0.704215049744	-57	338	32.4230651462	341.235614857
20	"1"	"1"	15	FALSE	-15	90	100	0	0	3.42901103761e-14	560	0.737570047379	-63	360	32.3215291807	364.038897306
20	"1"	"1"	15	FALSE	-15	90	100	0	0	3.42901103761e-14	560	0.771079063416	-70	385	32.0305245242	389.998776278
20	"1"	"1"	15	FALSE	-15	90	100	0	0	3.42901103761e-14	560	0.804327011108	-77	406	30.7042436874	412.094951946
20	"1"	"1"	15	FALSE	-15	90	100	0	0	3.42901103761e-14	560	0.837697029114	-85	430	29.1884941595	437.347724138
20	"1"	"1"	15	FALSE	-15	90	100	0	0	3.42901103761e-14	560	0.870961904526	-91	445	27.2752248783	453.389525803
20	"1"	"1"	15	FALSE	-15	90	100	0	0	3.42901103761e-14	560	0.904277086258	-97	460	25.3619555971	469.431327468
20	"1"	"1"	15	FALSE	-15	90	100	0	0	3.42901103761e-14	560	0.937170028687	-103	473	22.9310482257	483.54127748
20	"1"	"1"	15	FALSE	-15	90	100	0	0	3.42901103761e-14	560	0.971097946167	-108	485	21.2072476355	496.426482621
20	"1"	"1"	15	FALSE	-15	90	100	0	0	3.42901103761e-14	560	1.00438308716	-112	495	19.9317347814	507.121017065
20	"1"	"1"	15	FALSE	-15	90	100	0	0	3.42901103761e-14	560	1.03716397285	-116	503	18.138583837	515.883699855
20	"1"	"1"	15	FALSE	-15	90	100	0	0	3.42901103761e-14	560	1.07109189034	-119	509	16.7937206288	522.455711948
20	"1"	"1"	15	FALSE	-15	90	100	0	0	3.42901103761e-14	560	1.10453701019	-122	517	15.9664955107	530.959575694
20	"1"	"1"	15	FALSE	-15	90	100	0	0	3.42901103761e-14	560	1.13735103607	-127	523	12.6897806499	538.049225877
20	"1"	"1"	15	FALSE	-15	90	100	0	0	3.42901103761e-14	560	1.17115998268	-131	528	10.1201725703	543.914131189
20	"1"	"1"	15	FALSE	-15	90	100	0	0	3.42901103761e-14	560	1.20453190804	-132	530	9.67188483418	546.104801887
20	"1"	"1"	15	FALSE	-15	90	100	0	0	3.42901103761e-14	560	1.23795199394	-132	530	9.67188483418	546.104801887
20	"1"	"1"	15	FALSE	-15	90	100	0	0	3.42901103761e-14	560	1.27129912376	-134	532	8.25767127181	548.55429163
20	"1"	"1"	15	FALSE	-15	90	100	0	0	3.42901103761e-14	560	1.30403804779	-135	533	7.55056449062	549.779036501
20	"1"	"1"	15	FALSE	-15	90	100	0	0	3.42901103761e-14	560	1.3379650116	-136	535	7.10227675454	551.969707199
20	"1"	"1"	15	FALSE	-15	90	100	0	0	3.42901103761e-14	560	1.37131905556	-138	537	5.68806319216	554.419196941
20	"1"	"1"	15	FALSE	-15	90	100	0	0	3.42901103761e-14	560	1.40408706665	-139	538	4.98095641098	555.643941813
20	"1"	"1"	16	FALSE	-15	90	100	0	0	3.42901103761e-14	560	0.00171709060669	2	0	1.93185165258	-0.517638090205
20	"1"	"1"	16	FALSE	-15	90	100	0	0	3.42901103761e-14	560	0.0369849205017	2	0	1.93185165258	-0.517638090205
20	"1"	"1"	16	FALSE	-15	90	100	0	0	3.42901103761e-14	560	0.0701470375061	2	0	1.93185165258	-0.517638090205
20	"1"	"1"	16	FALSE	-15	90	100	0	0	3.42901103761e-14	560	0.10307598114	2	0	1.93185165258	-0.517638090205
20	"1"	"1"	16	FALSE	-15	90	100	0	0	3.42901103761e-14	560	0.136855125427	2	0	1.93185165258	-0.517638090205
20	"1"	"1"	16	FALSE	-15	90	100	0	0	3.42901103761e-14	560	0.170407056808	2	0	1.93185165258	-0.517638090205
20	"1"	"1"	16	FALSE	-15	90	100	0	0	3.42901103761e-14	560	0.203768968582	2	1	2.19067069768	0.448287736084
20	"1"	"1"	16	FALSE	-15	90	100	0	0	3.42901103761e-14	560	0.237122058868	2	1	2.19067069768	0.448287736084
20	"1"	"1"	16	FALSE	-15	90	100	0	0	3.42901103761e-14	560	0.270385980606	2	1	2.19067069768	0.448287736084
20	"1"	"1"	16	FALSE	-15	90	100	0	0	3.42901103761e-14	560	0.303817033768	2	1	2.19067069768	0.448287736084
20	"1"	"1"	16	FALSE	-15	90	100	0	0	3.42901103761e-14	560	0.337202072144	2	3	2.70830878789	2.38013938866
20	"1"	"1"	16	FALSE	-15	90	100	0	0	3.42901103761e-14	560	0.370182991028	0	13	3.36464758633	12.5570357418
20	"1"	"1"	16	FALSE	-15	90	100	0	0	3.42901103761e-14	560	0.403833150864	-5	35	4.22903744714	35.1014991456
20	"1"	"1"	16	FALSE	-15	90	100	0	0	3.42901103761e-14	560	0.436551094055	-12	61	4.19685183578	62.0273039449
20	"1"	"1"	16	FALSE	-15	90	100	0	0	3.42901103761e-14	560	0.47065114975	-19	87	4.16466622443	88.9531087441
20	"1"	"1"	16	FALSE	-15	90	100	0	0	3.42901103761e-14	560	0.503993034363	-27	121	5.2371071476	123.865139199
20	"1"	"1"	16	FALSE	-15	90	100	0	0	3.42901103761e-14	560	0.536968946457	-37	157	4.8953345084	161.226659396
20	"1"	"1"	16	FALSE	-15	90	100	0	0	3.42901103761e-14	560	0.570743083954	-44	193	7.45133934807	197.811722458
20	"1"	"1"	16	FALSE	-15	90	100	0	0	3.42901103761e-14	560	0.603976011276	-49	226	11.162738705	230.981369951
20	"1"	"1"	16	FALSE	-15	90	100	0	0	3.42901103761e-14	560	0.637387990952	-53	253	14.2871496176	258.096643442
20	"1"	"1"	16	FALSE	-15	90	100	0	0	3.42901103761e-14	560	0.6706199646	-60	284	15.5490592318	289.852077372
20	"1"	"1"	16	FALSE	-15	90	100	0	0	3.42901103761e-14	560	0.704096078873	-67	309	15.2580545753	315.811956345
20	"1"	"1"	16	FALSE	-15	90	100	0	0	3.42901103761e-14	560	0.737071037292	-76	340	14.5881125369	348.085028366
20	"1"	"1"	16	FALSE	-15	90	100	0	0	3.42901103761e-14	560	0.770775079727	-84	371	14.8840963248	380.099281342
20	"1"	"1"	16	FALSE	-15	90	100	0	0	3.42901103761e-14	560	0.803885936737	-91	399	15.3695488036	408.956937794
20	"1"	"1"	16	FALSE	-15	90	100	0	0	3.42901103761e-14	560	0.837548017502	-98	428	16.1138203276	438.780520072
20	"1"	"1"	16	FALSE	-15	90	100	0	0	3.42901103761e-14	560	0.870556116104	-101	449	18.6512427958	459.841419559
20	"1"	"1"	16	FALSE	-15	90	100	0	0	3.42901103761e-14	560	0.904278039932	-104	469	20.929846219	479.93639322
20	"1"	"1"	16	FALSE	-15	90	100	0	0	3.42901103761e-14	560	0.937539100647	-106	484	22.880280243	494.942918705
20	"1"	"1"	16	FALSE	-15	90	100	0	0	3.42901103761e-14	560	0.971029996872	-108	497	24.3130761767	508.017592537
20	"1"	"1"	16	FALSE	-15	90	100	0	0	3.42901103761e-14	560	1.00430393219	-112	512	24.3316585481	523.541756111
20	"1"	"1"	16	FALSE	-15	90	100	0	0	3.42901103761e-14	560	1.03757500648	-116	522	23.056145694	534.236290555
20	"1"	"1"	16	FALSE	-15	90	100	0	0	3.42901103761e-14	560	1.07092809677	-120	530	21.2629947496	542.998973346
20	"1"	"1"	16	FALSE	-15	90	100	0	0	3.42901103761e-14	560	1.10441398621	-122	533	20.1076002324	546.414388915
20	"1"	"1"	16	FALSE	-15	90	100	0	0	3.42901103761e-14	560	1.13750696182	-125	536	17.9862798888	550.088623529
20	"1"	"1"	16	FALSE	-15	90	100	0	0	3.42901103761e-14	560	1.17113900185	-129	541	15.4166718092	555.953528841
20	"1"	"1"	16	FALSE	-15	90	100	0	0	3.42901103761e-14	560	1.20457005501	-133	545	12.5882446844	560.852508326
20	"1"	"1"	16	FALSE	-15	90	100	0	0	3.42901103761e-14	560	1.23720097542	-136	547	10.2081052958	563.560817114
20	"1"	"1"	17	FALSE	-15	45	100	0	0	395.979797464	395.979797464	0.00214099884033	5	4	5.86490531186	2.56960807964
20	"1"	"1"	17	FALSE	-15	45	100	0	0	395.979797464	395.979797464	0.0371699333191	4	4	4.89897948557	2.82842712475
20	"1"	"1"	17	FALSE	-15	45	100	0	0	395.979797464	395.979797464	0.070485830307	4	4	4.89897948557	2.82842712475
20	"1"	"1"	17	FALSE	-15	45	100	0	0	395.979797464	395.979797464	0.103863954544	4	4	4.89897948557	2.82842712475
20	"1"	"1"	17	FALSE	-15	45	100	0	0	395.979797464	395.979797464	0.137094020844	4	4	4.89897948557	2.82842712475
20	"1"	"1"	17	FALSE	-15	45	100	0	0	395.979797464	395.979797464	0.170627832413	4	4	4.89897948557	2.82842712475
20	"1"	"1"	17	FALSE	-15	45	100	0	0	395.979797464	395.979797464	0.203976869583	4	4	4.89897948557	2.82842712475
20	"1"	"1"	17	FALSE	-15	45	100	0	0	395.979797464	395.979797464	0.237228870392	4	4	4.89897948557	2.82842712475
20	"1"	"1"	17	FALSE	-15	45	100	0	0	395.979797464	395.979797464	0.270597934723	4	5	5.15779853067	3.79435295104
20	"1"	"1"	17	FALSE	-15	45	100	0	0	395.979797464	395.979797464	0.303906917572	6	11	8.64256445386	9.07226981856
20	"1"	"1"	17	FALSE	-15	45	100	0	0	395.979797464	395.979797464	0.336983919144	14	32	21.8051710113	27.2861598098
20	"1"	"1"	17	FALSE	-15	45	100	0	0	395.979797464	395.979797464	0.370679855347	30	66	46.0598317654	55.986533182
20	"1"	"1"	17	FALSE	-15	45	100	0	0	395.979797464	395.979797464	0.404126882553	50	102	74.6958339149	85.5834820264
20	"1"	"1"	17	FALSE	-15	45	100	0	0	395.979797464	395.979797464	0.437090873718	78	149	113.906252171	123.735062599
20	"1"	"1"	17	FALSE	-15	45	100	0	0	395.979797464	395.979797464	0.470837831497	107	191	152.788501028	156.798194995
20	"1"	"1"	17	FALSE	-15	45	100	0	0	395.979797464	395.979797464	0.504194021225	146	247	204.953474779	200.796098508
20	"1"	"1"	17	FALSE	-15	45	100	0	0	395.979797464	395.979797464	0.537557840347	173	286	241.127414847	231.479091516
20	"1"	"1"	17	FALSE	-15	45	100	0	0	395.979797464	395.979797464	0.570906877518	202	328	280.009663704	264.542223912
20	"1"	"1"	17	FALSE	-15	45	100	0	0	395.979797464	395.979797464	0.604192972183	226	365	312.768188204	294.069822402
20	"1"	"1"	17	FALSE	-15	45	100	0	0	395.979797464	395.979797464	0.637070894241	243	392	336.177041468	315.749895945
20	"1"	"1"	17	FALSE	-15	45	100	0	0	395.979797464	395.979797464	0.670956850052	261	415	359.516544379	333.307447138
20	"1"	"1"	17	FALSE	-15	45	100	0	0	395.979797464	395.979797464	0.704259872437	270	428	371.574524402	343.535111474
20	"1"	"1"	17	FALSE	-15	45	100	0	0	395.979797464	395.979797464	0.737505912781	276	440	380.475907901	353.573307119
20	"1"	"1"	17	FALSE	-15	45	100	0	0	395.979797464	395.979797464	0.771061897278	282	455	390.153748535	366.509280243
20	"1"	"1"	17	FALSE	-15	45	100	0	0	395.979797464	395.979797464	0.804249048233	286	464	396.346823246	374.167336499
20	"1"	"1"	17	FALSE	-15	45	100	0	0	395.979797464	395.979797464	0.837893009186	287	467	398.089206208	376.806294933
20	"1"	"1"	17	FALSE	-15	45	100	0	0	395.979797464	395.979797464	0.871155023575	287	470	398.865663343	379.704072411
20	"1"	"1"	17	FALSE	-15	45	100	0	0	395.979797464	395.979797464	0.904440879822	285	474	397.969087871	384.085413807
20	"1"	"1"	18	FALSE	-15	135	100	0	0	-395.979797464	395.979797464	0.00204205513	-11	0	-10.6251840892	2.84700949613
20	"1"	"1"	18	FALSE	-15	135	100	0	0	-395.979797464	395.979797464	0.037015914917	-11	0	-10.6251840892	2.84700949613
20	"1"	"1"	18	FALSE	-15	135	100	0	0	-395.979797464	395.979797464	0.0703620910645	-11	0	-10.6251840892	2.84700949613
20	"1"	"1"	18	FALSE	-15	135	100	0	0	-395.979797464	395.979797464	0.103318929672	-10	0	-9.65925826289	2.58819045103
20	"1"	"1"	18	FALSE	-15	135	100	0	0	-395.979797464	395.979797464	0.137142896652	-9	0	-8.6933324366	2.32937140592
20	"1"	"1"	18	FALSE	-15	135	100	0	0	-395.979797464	395.979797464	0.170387983322	-8	1	-7.46858756521	3.03647818711
20	"1"	"1"	18	FALSE	-15	135	100	0	0	-395.979797464	395.979797464	0.203608989716	-8	1	-7.46858756521	3.03647818711
20	"1"	"1"	18	FALSE	-15	135	100	0	0	-395.979797464	395.979797464	0.236747980118	-6	1	-5.53673591263	2.5188400969
20	"1"	"1"	18	FALSE	-15	135	100	0	0	-395.979797464	395.979797464	0.27065205574	-5	1	-4.57081008634	2.2600210518
20	"1"	"1"	18	FALSE	-15	135	100	0	0	-395.979797464	395.979797464	0.303898096085	-5	1	-4.57081008634	2.2600210518
20	"1"	"1"	18	FALSE	-15	135	100	0	0	-395.979797464	395.979797464	0.337209939957	-7	5	-5.46738555851	6.64136244716
20	"1"	"1"	18	FALSE	-15	135	100	0	0	-395.979797464	395.979797464	0.370565891266	-18	16	-13.2455601516	20.1135560325
20	"1"	"1"	18	FALSE	-15	135	100	0	0	-395.979797464	395.979797464	0.404026031494	-36	33	-26.232301258	41.1930378912
20	"1"	"1"	18	FALSE	-15	135	100	0	0	-395.979797464	395.979797464	0.437330007553	-63	58	-45.8418224403	72.3292977662
20	"1"	"1"	18	FALSE	-15	135	100	0	0	-395.979797464	395.979797464	0.470376968384	-92	81	-67.9008333653	102.051344079
20	"1"	"1"	18	FALSE	-15	135	100	0	0	-395.979797464	395.979797464	0.504184961319	-119	102	-88.5456307279	129.323900649
20	"1"	"1"	18	FALSE	-15	135	100	0	0	-395.979797464	395.979797464	0.537132024765	-151	123	-114.020057222	157.890552444
20	"1"	"1"	18	FALSE	-15	135	100	0	0	-395.979797464	395.979797464	0.570872068405	-176	136	-134.803555293	176.918064313
20	"1"	"1"	18	FALSE	-15	135	100	0	0	-395.979797464	395.979797464	0.604026079178	-204	153	-157.449554662	200.585736623
20	"1"	"1"	18	FALSE	-15	135	100	0	0	-395.979797464	395.979797464	0.637499094009	-234	166	-183.062681865	220.907343718
20	"1"	"1"	18	FALSE	-15	135	100	0	0	-395.979797464	395.979797464	0.670208930969	-266	183	-209.572384539	245.610292208
20	"1"	"1"	18	FALSE	-15	135	100	0	0	-395.979797464	395.979797464	0.704086065292	-298	200	-236.082087214	270.313240698
20	"1"	"1"	18	FALSE	-15	135	100	0	0	-395.979797464	395.979797464	0.737613916397	-324	212	-258.090330156	288.633645786
20	"1"	"1"	18	FALSE	-15	135	100	0	0	-395.979797464	395.979797464	0.770431041718	-354	227	-283.185819268	310.887104534
20	"1"	"1"	18	FALSE	-15	135	100	0	0	-395.979797464	395.979797464	0.804197072983	-382	242	-306.349456728	332.622925191
20	"1"	"1"	18	FALSE	-15	135	100	0	0	-395.979797464	395.979797464	0.837693929672	-403	254	-323.528070538	349.649235054
20	"1"	"1"	18	FALSE	-15	135	100	0	0	-395.979797464	395.979797464	0.870882034302	-422	265	-339.033651742	365.191981
20	"1"	"1"	18	FALSE	-15	135	100	0	0	-395.979797464	395.979797464	0.904531955719	-437	275	-350.934348685	378.733524939
20	"1"	"1"	18	FALSE	-15	135	100	0	0	-395.979797464	395.979797464	0.93762588501	-450	284	-361.162013021	390.791504962
20	"1"	"1"	18	FALSE	-15	135	100	0	0	-395.979797464	395.979797464	0.971038103104	-461	290	-370.23428284	399.434069416
20	"1"	"1"	18	FALSE	-15	135	100	0	0	-395.979797464	395.979797464	1.00384902954	-472	296	-379.306552658	408.07663387
20	"1"	"1"	18	FALSE	-15	135	100	0	0	-395.979797464	395.979797464	1.03779292107	-480	298	-386.516321178	412.079037883
20	"1"	"1"	18	FALSE	-15	135	100	0	0	-395.979797464	395.979797464	1.0711889267	-485	298	-391.34595031	413.373133109
20	"1"	"1"	18	FALSE	-15	135	100	0	0	-395.979797464	395.979797464	1.10383009911	-487	298	-393.277801962	413.890771199
20	"1"	"1"	18	FALSE	-15	135	100	0	0	-395.979797464	395.979797464	1.13792109489	-488	298	-394.243727789	414.149590244
20	"1"	"1"	18	FALSE	-15	135	100	0	0	-395.979797464	395.979797464	1.17119193077	-487	296	-393.795440052	411.958919546
20	"1"	"1"	18	FALSE	-15	135	100	0	0	-395.979797464	395.979797464	1.20464396477	-481	288	-390.070437456	402.678598666
20	"1"	"1"	18	FALSE	-15	135	100	0	0	-395.979797464	395.979797464	1.23799705505	-477	284	-387.242010331	397.77961918
20	"1"	"1"	19	FALSE	-15	45	100	0	0	395.979797464	395.979797464	0.00199508666992	1	-7	-0.845807489429	-7.02029982913
20	"1"	"1"	19	FALSE	-15	45	100	0	0	395.979797464	395.979797464	0.0371329784393	1	-7	-0.845807489429	-7.02029982913
20	"1"	"1"	19	FALSE	-15	45	100	0	0	395.979797464	395.979797464	0.0703868865967	1	-7	-0.845807489429	-7.02029982913
20	"1"	"1"	19	FALSE	-15	45	100	0	0	395.979797464	395.979797464	0.103579998016	2	-7	0.120118336861	-7.27911887423
20	"1"	"1"	19	FALSE	-15	45	100	0	0	395.979797464	395.979797464	0.137125015259	2	-7	0.120118336861	-7.27911887423
20	"1"	"1"	19	FALSE	-15	45	100	0	0	395.979797464	395.979797464	0.170342922211	2	-7	0.120118336861	-7.27911887423
20	"1"	"1"	19	FALSE	-15	45	100	0	0	395.979797464	395.979797464	0.203224897385	2	-7	0.120118336861	-7.27911887423
20	"1"	"1"	19	FALSE	-15	45	100	0	0	395.979797464	395.979797464	0.237206935883	2	-7	0.120118336861	-7.27911887423
20	"1"	"1"	19	FALSE	-15	45	100	0	0	395.979797464	395.979797464	0.270752906799	1	-4	-0.069350354121	-4.12252235026
20	"1"	"1"	19	FALSE	-15	45	100	0	0	395.979797464	395.979797464	0.303941011429	-2	12	1.17397688865	12.1087480057
20	"1"	"1"	19	FALSE	-15	45	100	0	0	395.979797464	395.979797464	0.337276935577	-4	42	7.00669658915	41.6041608846
20	"1"	"1"	19	FALSE	-15	45	100	0	0	395.979797464	395.979797464	0.370578050613	2	70	20.0491848098	67.09716975
20	"1"	"1"	19	FALSE	-15	45	100	0	0	395.979797464	395.979797464	0.404010057449	13	93	36.6272069363	86.4664542586
20	"1"	"1"	19	FALSE	-15	45	100	0	0	395.979797464	395.979797464	0.437480926514	33	121	63.1926567249	108.335996493
20	"1"	"1"	19	FALSE	-15	45	100	0	0	395.979797464	395.979797464	0.470798015594	56	149	92.6558839925	129.429081591
20	"1"	"1"	19	FALSE	-15	45	100	0	0	395.979797464	395.979797464	0.503851890564	78	173	120.117909253	146.91728243
20	"1"	"1"	19	FALSE	-15	45	100	0	0	395.979797464	395.979797464	0.537592887878	106	205	155.446041833	170.579975608
20	"1"	"1"	19	FALSE	-15	45	100	0	0	395.979797464	395.979797464	0.570559024811	130	238	187.169290152	196.243870793
20	"1"	"1"	19	FALSE	-15	45	100	0	0	395.979797464	395.979797464	0.604239940643	150	268	214.252378031	220.04526468
20	"1"	"1"	19	FALSE	-15	45	100	0	0	395.979797464	395.979797464	0.637624025345	173	305	246.044976704	249.831682215
20	"1"	"1"	19	FALSE	-15	45	100	0	0	395.979797464	395.979797464	0.670908927917	194	338	274.870447545	276.272034536
20	"1"	"1"	19	FALSE	-15	45	100	0	0	395.979797464	395.979797464	0.703852891922	213	367	300.728790552	299.366321641
20	"1"	"1"	19	FALSE	-15	45	100	0	0	395.979797464	395.979797464	0.737732887268	228	389	320.911696939	316.734404143
20	"1"	"1"	19	FALSE	-15	45	100	0	0	395.979797464	395.979797464	0.771050930023	241	412	339.421570718	335.586050561
20	"1"	"1"	19	FALSE	-15	45	100	0	0	395.979797464	395.979797464	0.804024934769	253	433	356.447880581	352.764664372
20	"1"	"1"	19	FALSE	-15	45	100	0	0	395.979797464	395.979797464	0.837080955505	264	451	371.731807482	367.304319749
20	"1"	"1"	19	FALSE	-15	45	100	0	0	395.979797464	395.979797464	0.871042966843	275	468	386.756915337	380.8780493
20	"1"	"1"	19	FALSE	-15	45	100	0	0	395.979797464	395.979797464	0.904186964035	280	481	394.951192055	392.140989816
20	"1"	"1"	19	FALSE	-15	45	100	0	0	395.979797464	395.979797464	0.937874078751	285	489	401.851373548	398.574301201
20	"1"	"1"	19	FALSE	-15	45	100	0	0	395.979797464	395.979797464	0.971067905426	287	493	404.818501381	401.920366416
20	"1"	"1"	19	FALSE	-15	45	100	0	0	395.979797464	395.979797464	1.00419998169	288	494	406.043246252	402.627473197
20	"1"	"1"	20	FALSE	-15	90	100	0	0	3.42901103761e-14	560	0.00188398361206	-2	5	-0.637756427066	5.34726722165
20	"1"	"1"	20	FALSE	-15	90	100	0	0	3.42901103761e-14	560	0.0372071266174	-2	5	-0.637756427066	5.34726722165
20	"1"	"1"	20	FALSE	-15	90	100	0	0	3.42901103761e-14	560	0.070484161377	-2	5	-0.637756427066	5.34726722165
20	"1"	"1"	20	FALSE	-15	90	100	0	0	3.42901103761e-14	560	0.103820085526	-2	5	-0.637756427066	5.34726722165
20	"1"	"1"	20	FALSE	-15	90	100	0	0	3.42901103761e-14	560	0.136636018753	-2	5	-0.637756427066	5.34726722165
20	"1"	"1"	20	FALSE	-15	90	100	0	0	3.42901103761e-14	560	0.170597076416	-2	5	-0.637756427066	5.34726722165
20	"1"	"1"	20	FALSE	-15	90	100	0	0	3.42901103761e-14	560	0.203947067261	-2	6	-0.378937381963	6.31319304794
20	"1"	"1"	20	FALSE	-15	90	100	0	0	3.42901103761e-14	560	0.237179040909	-3	16	1.24332724277	16.2312703559
20	"1"	"1"	20	FALSE	-15	90	100	0	0	3.42901103761e-14	560	0.270131111145	-7	41	3.85010006518	41.4146921936
20	"1"	"1"	20	FALSE	-15	90	100	0	0	3.42901103761e-14	560	0.304091930389	-10	75	9.7521701198	75.0326274227
20	"1"	"1"	20	FALSE	-15	90	100	0	0	3.42901103761e-14	560	0.337171077728	-11	110	17.8449108721	109.098850388
20	"1"	"1"	20	FALSE	-15	90	100	0	0	3.42901103761e-14	560	0.37079501152	-11	158	30.268225037	155.46329005
20	"1"	"1"	20	FALSE	-15	90	100	0	0	3.42901103761e-14	560	0.404011011124	-11	195	39.8445297058	191.202545622
20	"1"	"1"	20	FALSE	-15	90	100	0	0	3.42901103761e-14	560	0.437395095825	-12	237	49.7490037738	232.030249372
20	"1"	"1"	20	FALSE	-15	90	100	0	0	3.42901103761e-14	560	0.470876932144	-13	276	58.8770207065	269.960175642
20	"1"	"1"	20	FALSE	-15	90	100	0	0	3.42901103761e-14	560	0.503634929657	-14	305	65.4168471882	298.23084365
20	"1"	"1"	20	FALSE	-15	90	100	0	0	3.42901103761e-14	560	0.537548065186	-20	336	67.6446826287	329.727458535
20	"1"	"1"	20	FALSE	-15	90	100	0	0	3.42901103761e-14	560	0.57088804245	-29	362	65.6806453647	357.170901425
20	"1"	"1"	20	FALSE	-15	90	100	0	0	3.42901103761e-14	560	0.603755950928	-40	383	60.4906612227	380.302353273
20	"1"	"1"	20	FALSE	-15	90	100	0	0	3.42901103761e-14	560	0.637607097626	-52	398	52.7818369838	397.897069208
20	"1"	"1"	20	FALSE	-15	90	100	0	0	3.42901103761e-14	560	0.670877933502	-64	416	45.8494698801	418.389562623
20	"1"	"1"	20	FALSE	-15	90	100	0	0	3.42901103761e-14	560	0.704293012619	-74	431	40.0724972938	435.466640468
20	"1"	"1"	20	FALSE	-15	90	100	0	0	3.42901103761e-14	560	0.737723112106	-85	448	33.8472369714	454.734389011
20	"1"	"1"	20	FALSE	-15	90	100	0	0	3.42901103761e-14	560	0.770990133286	-96	462	26.8455195136	471.104360075
20	"1"	"1"	20	FALSE	-15	90	100	0	0	3.42901103761e-14	560	0.804497003555	-104	477	23.0003985798	487.663799831
20	"1"	"1"	20	FALSE	-15	90	100	0	0	3.42901103761e-14	560	0.837131023407	-109	489	21.2765979896	500.549004972
20	"1"	"1"	20	FALSE	-15	90	100	0	0	3.42901103761e-14	560	0.871192932129	-116	502	17.8797647919	514.917774029
20	"1"	"1"	20	FALSE	-15	90	100	0	0	3.42901103761e-14	560	0.904404163361	-122	512	14.6724002852	526.129946563
20	"1"	"1"	20	FALSE	-15	90	100	0	0	3.42901103761e-14	560	0.937874078751	-127	521	12.1721425597	536.117374225
20	"1"	"1"	20	FALSE	-15	90	100	0	0	3.42901103761e-14	560	0.970636129379	-130	528	11.0860983966	543.655312144
20	"1"	"1"	20	FALSE	-15	90	100	0	0	3.42901103761e-14	560	1.00464701653	-133	533	9.4824161432	549.261398411
20	"1"	"1"	20	FALSE	-15	90	100	0	0	3.42901103761e-14	560	1.03783798218	-136	537	7.61991484474	553.901558851
20	"1"	"1"	20	FALSE	-15	90	100	0	0	3.42901103761e-14	560	1.07128715515	-138	539	6.20570128237	556.351048594
20	"1"	"1"	20	FALSE	-15	90	100	0	0	3.42901103761e-14	560	1.10475301743	-140	541	4.79148771999	558.800538337
20	"1"	"1"	20	FALSE	-15	90	100	0	0	3.42901103761e-14	560	1.1380109787	-141	542	4.08438093881	560.025283208
20	"1"	"1"	21	FALSE	-15	135	100	0	0	-395.979797464	395.979797464	0.00229287147522	0	8	2.07055236082	7.72740661031
20	"1"	"1"	21	FALSE	-15	135	100	0	0	-395.979797464	395.979797464	0.0367817878723	0	8	2.07055236082	7.72740661031
20	"1"	"1"	21	FALSE	-15	135	100	0	0	-395.979797464	395.979797464	0.0702729225159	0	8	2.07055236082	7.72740661031
20	"1"	"1"	21	FALSE	-15	135	100	0	0	-395.979797464	395.979797464	0.103663921356	0	8	2.07055236082	7.72740661031
20	"1"	"1"	21	FALSE	-15	135	100	0	0	-395.979797464	395.979797464	0.136796951294	0	7	1.81173331572	6.76148078402
20	"1"	"1"	21	FALSE	-15	135	100	0	0	-395.979797464	395.979797464	0.170404911041	0	3	0.776457135308	2.89777747887
20	"1"	"1"	21	FALSE	-15	135	100	0	0	-395.979797464	395.979797464	0.203772783279	1	0	0.965925826289	-0.258819045103
20	"1"	"1"	21	FALSE	-15	135	100	0	0	-395.979797464	395.979797464	0.236586809158	1	-1	0.707106781187	-1.22474487139
20	"1"	"1"	21	FALSE	-15	135	100	0	0	-395.979797464	395.979797464	0.270453929901	0	-1	-0.258819045103	-0.965925826289
20	"1"	"1"	21	FALSE	-15	135	100	0	0	-395.979797464	395.979797464	0.303632974625	0	-1	-0.258819045103	-0.965925826289
20	"1"	"1"	21	FALSE	-15	135	100	0	0	-395.979797464	395.979797464	0.337248802185	-5	2	-4.31199104124	3.22594687809
20	"1"	"1"	21	FALSE	-15	135	100	0	0	-395.979797464	395.979797464	0.370576858521	-18	10	-14.7984744222	14.3180010747
20	"1"	"1"	21	FALSE	-15	135	100	0	0	-395.979797464	395.979797464	0.403512001038	-42	28	-33.3219514413	37.9163230304
20	"1"	"1"	21	FALSE	-15	135	100	0	0	-395.979797464	395.979797464	0.436915874481	-65	47	-50.620683589	62.2217517673
20	"1"	"1"	21	FALSE	-15	135	100	0	0	-395.979797464	395.979797464	0.470566987991	-94	62	-74.7502468748	84.2163914696
20	"1"	"1"	21	FALSE	-15	135	100	0	0	-395.979797464	395.979797464	0.503908872604	-124	73	-100.881012167	102.606146912
20	"1"	"1"	21	FALSE	-15	135	100	0	0	-395.979797464	395.979797464	0.536942005157	-152	83	-125.338744852	119.512338438
20	"1"	"1"	21	FALSE	-15	135	100	0	0	-395.979797464	395.979797464	0.570731878281	-177	94	-146.639881014	136.607998654
20	"1"	"1"	21	FALSE	-15	135	100	0	0	-395.979797464	395.979797464	0.604074001312	-208	111	-172.183657862	161.052128099
20	"1"	"1"	21	FALSE	-15	135	100	0	0	-395.979797464	395.979797464	0.637422800064	-239	129	-197.468615665	186.462183371
20	"1"	"1"	21	FALSE	-15	135	100	0	0	-395.979797464	395.979797464	0.670289993286	-268	145	-221.339359906	209.422748899
20	"1"	"1"	21	FALSE	-15	135	100	0	0	-395.979797464	395.979797464	0.704157829285	-300	167	-246.554967355	238.955326521
20	"1"	"1"	21	FALSE	-15	135	100	0	0	-395.979797464	395.979797464	0.737483978271	-329	184	-270.16689255	262.881817876
20	"1"	"1"	21	FALSE	-15	135	100	0	0	-395.979797464	395.979797464	0.770848989487	-357	202	-292.554072874	287.515416012
20	"1"	"1"	21	FALSE	-15	135	100	0	0	-395.979797464	395.979797464	0.80418586731	-377	215	-308.507941814	305.248832656
20	"1"	"1"	21	FALSE	-15	135	100	0	0	-395.979797464	395.979797464	0.836993932724	-398	229	-325.168917535	324.206994171
20	"1"	"1"	21	FALSE	-15	135	100	0	0	-395.979797464	395.979797464	0.870980978012	-412	240	-335.844869606	338.455644892
20	"1"	"1"	21	FALSE	-15	135	100	0	0	-395.979797464	395.979797464	0.904273986816	-424	250	-344.847789071	351.220731696
20	"1"	"1"	21	FALSE	-15	135	100	0	0	-395.979797464	395.979797464	0.937594890594	-437	260	-354.816634362	364.244637545
20	"1"	"1"	21	FALSE	-15	135	100	0	0	-395.979797464	395.979797464	0.971012830734	-448	269	-363.112447045	375.784979478
20	"1"	"1"	21	FALSE	-15	135	100	0	0	-395.979797464	395.979797464	1.00424695015	-457	276	-369.994046166	384.875831668
20	"1"	"1"	21	FALSE	-15	135	100	0	0	-395.979797464	395.979797464	1.03776693344	-464	281	-375.461431724	391.517194115
20	"1"	"1"	21	FALSE	-15	135	100	0	0	-395.979797464	395.979797464	1.07106184959	-472	284	-382.412381199	396.485523954
20	"1"	"1"	21	FALSE	-15	135	100	0	0	-395.979797464	395.979797464	1.1044459343	-479	285	-388.915042938	399.263183096
20	"1"	"1"	21	FALSE	-15	135	100	0	0	-395.979797464	395.979797464	1.13772082329	-484	286	-393.485853025	401.523204148
20	"1"	"1"	21	FALSE	-15	135	100	0	0	-395.979797464	395.979797464	1.17111992836	-487	286	-396.383630503	402.299661284
