"task_num"	"task_name"	"trial_type"	"trial_num"	"terminalfeedback_bool"	"rotation_angle"	"targetangle_deg"	"targetdistance_percmax"	"homex_px"	"homey_px"	"targetx_px"	"targety_px"	"time_s"	"mousex_px"	"mousey_px"	"cursorx_px"	"cursory_px"
56	"1"	"1"	1	FALSE	-60	135	100	0	0	-395.979797464	395.979797464	0.857234954834	5	-11	-7.02627944163	-9.83012701892
56	"1"	"1"	1	FALSE	-60	135	100	0	0	-395.979797464	395.979797464	0.890686988831	6	-9	-4.79422863406	-9.69615242271
56	"1"	"1"	1	FALSE	-60	135	100	0	0	-395.979797464	395.979797464	0.924029111862	6	-7	-3.06217782649	-8.69615242271
56	"1"	"1"	1	FALSE	-60	135	100	0	0	-395.979797464	395.979797464	0.957291126251	7	-6	-1.69615242271	-9.06217782649
56	"1"	"1"	1	FALSE	-60	135	100	0	0	-395.979797464	395.979797464	0.990665912628	7	-5	-0.830127018922	-8.56217782649
56	"1"	"1"	1	FALSE	-60	135	100	0	0	-395.979797464	395.979797464	1.02402806282	7	-3	0.901923788647	-7.56217782649
56	"1"	"1"	1	FALSE	-60	135	100	0	0	-395.979797464	395.979797464	1.05739092827	6	-2	1.26794919243	-6.19615242271
56	"1"	"1"	1	FALSE	-60	135	100	0	0	-395.979797464	395.979797464	1.09071302414	6	-2	1.26794919243	-6.19615242271
56	"1"	"1"	1	FALSE	-60	135	100	0	0	-395.979797464	395.979797464	1.12407708168	6	-2	1.26794919243	-6.19615242271
56	"1"	"1"	1	FALSE	-60	135	100	0	0	-395.979797464	395.979797464	1.1574280262	6	-2	1.26794919243	-6.19615242271
56	"1"	"1"	1	FALSE	-60	135	100	0	0	-395.979797464	395.979797464	1.19082808495	3	-3	-1.09807621135	-4.09807621135
56	"1"	"1"	1	FALSE	-60	135	100	0	0	-395.979797464	395.979797464	1.22418403625	-5	-2	-4.23205080757	3.33012701892
56	"1"	"1"	1	FALSE	-60	135	100	0	0	-395.979797464	395.979797464	1.25754308701	-25	-1	-13.3660254038	21.1506350946
56	"1"	"1"	1	FALSE	-60	135	100	0	0	-395.979797464	395.979797464	1.29094600677	-58	2	-27.2679491924	51.2294734195
56	"1"	"1"	1	FALSE	-60	135	100	0	0	-395.979797464	395.979797464	1.32425498962	-81	4	-37.0358983849	72.1480577065
56	"1"	"1"	1	FALSE	-60	135	100	0	0	-395.979797464	395.979797464	1.35764098167	-108	2	-52.2679491924	94.5307436087
56	"1"	"1"	1	FALSE	-60	135	100	0	0	-395.979797464	395.979797464	1.39097809792	-137	-5	-72.8301270189	116.145480318
56	"1"	"1"	1	FALSE	-60	135	100	0	0	-395.979797464	395.979797464	1.42433094978	-159	-12	-89.8923048454	131.698039202
56	"1"	"1"	1	FALSE	-60	135	100	0	0	-395.979797464	395.979797464	1.45770311356	-186	-20	-110.320508076	151.080725104
56	"1"	"1"	1	FALSE	-60	135	100	0	0	-395.979797464	395.979797464	1.49104905128	-213	-24	-127.284609691	172.463411006
56	"1"	"1"	1	FALSE	-60	135	100	0	0	-395.979797464	395.979797464	1.52440214157	-251	-25	-147.150635095	204.87237635
56	"1"	"1"	1	FALSE	-60	135	100	0	0	-395.979797464	395.979797464	1.55776906013	-290	-23	-164.918584287	239.647367097
56	"1"	"1"	1	FALSE	-60	135	100	0	0	-395.979797464	395.979797464	1.59113311768	-326	-23	-182.918584287	270.824281634
56	"1"	"1"	1	FALSE	-60	135	100	0	0	-395.979797464	395.979797464	1.62450814247	-356	-27	-201.382685902	294.805043747
56	"1"	"1"	1	FALSE	-60	135	100	0	0	-395.979797464	395.979797464	1.65787506104	-374	-33	-215.578838325	307.393501015
56	"1"	"1"	1	FALSE	-60	135	100	0	0	-395.979797464	395.979797464	1.69121193886	-388	-39	-227.774990748	316.517856668
56	"1"	"1"	1	FALSE	-60	135	100	0	0	-395.979797464	395.979797464	1.72458600998	-404	-46	-241.837168574	326.874263129
56	"1"	"1"	1	FALSE	-60	135	100	0	0	-395.979797464	395.979797464	1.75791501999	-418	-52	-254.033320997	335.998618782
56	"1"	"1"	1	FALSE	-60	135	100	0	0	-395.979797464	395.979797464	1.79128503799	-437	-61	-271.327549631	347.953101454
56	"1"	"1"	1	FALSE	-60	135	100	0	0	-395.979797464	395.979797464	1.82466292381	-459	-72	-291.853829072	361.505660337
56	"1"	"1"	1	FALSE	-60	135	100	0	0	-395.979797464	395.979797464	1.8580160141	-482	-85	-314.612159322	374.924244624
56	"1"	"1"	1	FALSE	-60	135	100	0	0	-395.979797464	395.979797464	1.89157795906	-494	-92	-326.674337148	381.81654947
56	"1"	"1"	1	FALSE	-60	135	100	0	0	-395.979797464	395.979797464	1.92498397827	-507	-103	-342.70061659	387.574879719
56	"1"	"1"	1	FALSE	-60	135	100	0	0	-395.979797464	395.979797464	1.95808196068	-517	-110	-353.762794416	392.735133757
56	"1"	"1"	1	FALSE	-60	135	100	0	0	-395.979797464	395.979797464	1.99143910408	-522	-114	-359.726896031	395.065260775
56	"1"	"1"	1	FALSE	-60	135	100	0	0	-395.979797464	395.979797464	2.02480792999	-526	-118	-365.190997647	396.529362391
56	"1"	"1"	1	FALSE	-60	135	100	0	0	-395.979797464	395.979797464	2.05814909935	-529	-120	-368.423048454	398.127438602
56	"1"	"1"	1	FALSE	-60	135	100	0	0	-395.979797464	395.979797464	2.09160709381	-532	-124	-373.387150069	398.725514813
56	"1"	"1"	1	FALSE	-60	135	100	0	0	-395.979797464	395.979797464	2.12494111061	-537	-129	-380.217277088	400.555641832
56	"1"	"1"	1	FALSE	-60	135	100	0	0	-395.979797464	395.979797464	2.15824794769	-542	-133	-386.181378703	402.885768851
56	"1"	"1"	1	FALSE	-60	135	100	0	0	-395.979797464	395.979797464	2.1916270256	-544	-135	-388.913429511	403.617819659
56	"1"	"1"	2	FALSE	-60	45	100	0	0	395.979797464	395.979797464	0.00156497955322	-3	-4	-4.96410161514	0.598076211353
56	"1"	"1"	2	FALSE	-60	45	100	0	0	395.979797464	395.979797464	0.0357110500336	-3	-4	-4.96410161514	0.598076211353
56	"1"	"1"	2	FALSE	-60	45	100	0	0	395.979797464	395.979797464	0.0690560340881	-3	-4	-4.96410161514	0.598076211353
56	"1"	"1"	2	FALSE	-60	45	100	0	0	395.979797464	395.979797464	0.102154016495	-3	-4	-4.96410161514	0.598076211353
56	"1"	"1"	2	FALSE	-60	45	100	0	0	395.979797464	395.979797464	0.135514974594	-3	-4	-4.96410161514	0.598076211353
56	"1"	"1"	2	FALSE	-60	45	100	0	0	395.979797464	395.979797464	0.168905973434	-2	-4	-4.46410161514	-0.267949192431
56	"1"	"1"	2	FALSE	-60	45	100	0	0	395.979797464	395.979797464	0.202373981476	-1	-4	-3.96410161514	-1.13397459622
56	"1"	"1"	2	FALSE	-60	45	100	0	0	395.979797464	395.979797464	0.235714197159	-2	-3	-3.59807621135	0.232050807569
56	"1"	"1"	2	FALSE	-60	45	100	0	0	395.979797464	395.979797464	0.269031047821	-6	2	-1.26794919243	6.19615242271
56	"1"	"1"	2	FALSE	-60	45	100	0	0	395.979797464	395.979797464	0.302355051041	-17	12	1.89230484541	20.7224318643
56	"1"	"1"	2	FALSE	-60	45	100	0	0	395.979797464	395.979797464	0.335719108582	-27	26	9.0166604984	36.3826859022
56	"1"	"1"	2	FALSE	-60	45	100	0	0	395.979797464	395.979797464	0.369078159332	-32	46	23.8371685741	50.7128129211
56	"1"	"1"	2	FALSE	-60	45	100	0	0	395.979797464	395.979797464	0.402542114258	-30	68	43.8897274573	59.9807621135
56	"1"	"1"	2	FALSE	-60	45	100	0	0	395.979797464	395.979797464	0.435907125473	-29	88	61.710235533	69.1147367097
56	"1"	"1"	2	FALSE	-60	45	100	0	0	395.979797464	395.979797464	0.469150066376	-32	115	83.5929214352	85.2128129211
56	"1"	"1"	2	FALSE	-60	45	100	0	0	395.979797464	395.979797464	0.50252699852	-35	140	103.74355653	100.310889132
56	"1"	"1"	2	FALSE	-60	45	100	0	0	395.979797464	395.979797464	0.535962104797	-35	177	135.78649647	118.810889132
56	"1"	"1"	2	FALSE	-60	45	100	0	0	395.979797464	395.979797464	0.569223165512	-34	210	164.865334795	134.444863729
56	"1"	"1"	2	FALSE	-60	45	100	0	0	395.979797464	395.979797464	0.60261797905	-33	250	200.006350946	153.578838325
56	"1"	"1"	2	FALSE	-60	45	100	0	0	395.979797464	395.979797464	0.635941982269	-32	289	234.281341694	172.212812921
56	"1"	"1"	2	FALSE	-60	45	100	0	0	395.979797464	395.979797464	0.669290065765	-32	321	261.994154615	188.212812921
56	"1"	"1"	2	FALSE	-60	45	100	0	0	395.979797464	395.979797464	0.702902078629	-32	358	294.037094555	206.712812921
56	"1"	"1"	2	FALSE	-60	45	100	0	0	395.979797464	395.979797464	0.736237049103	-29	394	326.714009091	222.11473671
56	"1"	"1"	2	FALSE	-60	45	100	0	0	395.979797464	395.979797464	0.769373178482	-28	415	345.400542571	231.748711306
56	"1"	"1"	2	FALSE	-60	45	100	0	0	395.979797464	395.979797464	0.802739143372	-31	437	362.953101454	245.346787517
56	"1"	"1"	2	FALSE	-60	45	100	0	0	395.979797464	395.979797464	0.836098194122	-38	456	375.907584126	260.908965344
56	"1"	"1"	2	FALSE	-60	45	100	0	0	395.979797464	395.979797464	0.869454145432	-52	479	388.826168413	284.533320997
56	"1"	"1"	2	FALSE	-60	45	100	0	0	395.979797464	395.979797464	0.902817964554	-63	492	394.584498662	300.559600438
56	"1"	"1"	2	FALSE	-60	45	100	0	0	395.979797464	395.979797464	0.936179161072	-80	506	398.208854315	322.282032303
56	"1"	"1"	2	FALSE	-60	45	100	0	0	395.979797464	395.979797464	0.969568967819	-93	515	399.503082949	338.040362552
56	"1"	"1"	2	FALSE	-60	45	100	0	0	395.979797464	395.979797464	1.00288796425	-99	519	399.967184564	345.236514975
56	"1"	"1"	2	FALSE	-60	45	100	0	0	395.979797464	395.979797464	1.03625702858	-101	521	400.699235372	347.968565782
56	"1"	"1"	2	FALSE	-60	45	100	0	0	395.979797464	395.979797464	1.06962800026	-104	523	400.931286179	351.566641994
56	"1"	"1"	2	FALSE	-60	45	100	0	0	395.979797464	395.979797464	1.10300397873	-110	528	402.261413198	359.262794416
56	"1"	"1"	2	FALSE	-60	45	100	0	0	395.979797464	395.979797464	1.13632106781	-117	533	403.091540217	367.824972243
56	"1"	"1"	2	FALSE	-60	45	100	0	0	395.979797464	395.979797464	1.16969513893	-125	536	401.689616428	376.253175473
56	"1"	"1"	2	FALSE	-60	45	100	0	0	395.979797464	395.979797464	1.20306110382	-132	538	399.921667236	383.3153533
56	"1"	"1"	2	FALSE	-60	45	100	0	0	395.979797464	395.979797464	1.23642206192	-134	538	398.921667236	385.047404107
56	"1"	"1"	2	FALSE	-60	45	100	0	0	395.979797464	395.979797464	1.26979804039	-136	537	397.055641832	386.279454915
56	"1"	"1"	2	FALSE	-60	45	100	0	0	395.979797464	395.979797464	1.3031411171	-138	537	396.055641832	388.011505722
56	"1"	"1"	2	FALSE	-60	45	100	0	0	395.979797464	395.979797464	1.33647108078	-141	538	395.421667236	391.109581934
56	"1"	"1"	2	FALSE	-60	45	100	0	0	395.979797464	395.979797464	1.36984801292	-145	540	395.153718044	395.573683549
56	"1"	"1"	2	FALSE	-60	45	100	0	0	395.979797464	395.979797464	1.40320396423	-146	541	395.519743447	396.939708953
56	"1"	"1"	3	FALSE	-60	90	100	0	0	3.42901103761e-14	560	0.00160813331604	-8	-8	-10.9282032303	2.92820323028
56	"1"	"1"	3	FALSE	-60	90	100	0	0	3.42901103761e-14	560	0.0345931053162	-8	-8	-10.9282032303	2.92820323028
56	"1"	"1"	3	FALSE	-60	90	100	0	0	3.42901103761e-14	560	0.0679130554199	-8	-8	-10.9282032303	2.92820323028
56	"1"	"1"	3	FALSE	-60	90	100	0	0	3.42901103761e-14	560	0.101067066193	-7	-8	-10.4282032303	2.06217782649
56	"1"	"1"	3	FALSE	-60	90	100	0	0	3.42901103761e-14	560	0.134428977966	-6	-8	-9.92820323028	1.19615242271
56	"1"	"1"	3	FALSE	-60	90	100	0	0	3.42901103761e-14	560	0.167788028717	-4	-8	-8.92820323028	-0.535898384862
56	"1"	"1"	3	FALSE	-60	90	100	0	0	3.42901103761e-14	560	0.201135158539	-4	-8	-8.92820323028	-0.535898384862
56	"1"	"1"	3	FALSE	-60	90	100	0	0	3.42901103761e-14	560	0.234513998032	-3	-7	-7.56217782649	-0.901923788647
56	"1"	"1"	3	FALSE	-60	90	100	0	0	3.42901103761e-14	560	0.267931938171	-3	-6	-6.69615242271	-0.401923788647
56	"1"	"1"	3	FALSE	-60	90	100	0	0	3.42901103761e-14	560	0.301289081573	-3	-2	-3.23205080757	1.59807621135
56	"1"	"1"	3	FALSE	-60	90	100	0	0	3.42901103761e-14	560	0.334617137909	-11	9	2.29422863406	14.0262794416
56	"1"	"1"	3	FALSE	-60	90	100	0	0	3.42901103761e-14	560	0.367927074432	-22	19	5.4544826719	28.5525588833
56	"1"	"1"	3	FALSE	-60	90	100	0	0	3.42901103761e-14	560	0.401316165924	-38	35	11.3108891325	50.4089653438
56	"1"	"1"	3	FALSE	-60	90	100	0	0	3.42901103761e-14	560	0.434674024582	-54	60	24.9615242271	76.7653718044
56	"1"	"1"	3	FALSE	-60	90	100	0	0	3.42901103761e-14	560	0.468002080917	-61	70	30.1217782649	87.8275496309
56	"1"	"1"	3	FALSE	-60	90	100	0	0	3.42901103761e-14	560	0.501460075378	-68	80	35.2820323028	98.8897274573
56	"1"	"1"	3	FALSE	-60	90	100	0	0	3.42901103761e-14	560	0.534872055054	-76	89	39.0762609368	110.317930688
56	"1"	"1"	3	FALSE	-60	90	100	0	0	3.42901103761e-14	560	0.568166971207	-86	98	41.8704895709	123.478184725
56	"1"	"1"	3	FALSE	-60	90	100	0	0	3.42901103761e-14	560	0.601535081863	-99	110	45.7627944163	140.736514975
56	"1"	"1"	3	FALSE	-60	90	100	0	0	3.42901103761e-14	560	0.634806156158	-114	120	46.9230484541	158.726896031
56	"1"	"1"	3	FALSE	-60	90	100	0	0	3.42901103761e-14	560	0.668166160583	-128	129	47.7172770882	175.351251684
56	"1"	"1"	3	FALSE	-60	90	100	0	0	3.42901103761e-14	560	0.701528072357	-141	136	47.2794549147	190.109581934
56	"1"	"1"	3	FALSE	-60	90	100	0	0	3.42901103761e-14	560	0.734889030457	-154	142	45.9756073374	204.367912183
56	"1"	"1"	3	FALSE	-60	90	100	0	0	3.42901103761e-14	560	0.76824593544	-163	146	44.9397089525	214.162140817
56	"1"	"1"	3	FALSE	-60	90	100	0	0	3.42901103761e-14	560	0.801630020142	-169	149	44.5377851639	220.85829324
56	"1"	"1"	3	FALSE	-60	90	100	0	0	3.42901103761e-14	560	0.834954977036	-182	155	43.2339375866	235.116623489
56	"1"	"1"	3	FALSE	-60	90	100	0	0	3.42901103761e-14	560	0.868332147598	-205	172	46.4563694509	263.535207776
56	"1"	"1"	3	FALSE	-60	90	100	0	0	3.42901103761e-14	560	0.901718139648	-229	188	48.3127759115	292.319817467
56	"1"	"1"	3	FALSE	-60	90	100	0	0	3.42901103761e-14	560	0.935032129288	-251	200	47.7050807569	317.37237635
56	"1"	"1"	3	FALSE	-60	90	100	0	0	3.42901103761e-14	560	0.968434095383	-274	209	43.9993093909	341.790960637
56	"1"	"1"	3	FALSE	-60	90	100	0	0	3.42901103761e-14	560	1.00176405907	-290	215	41.1954618137	358.647367097
56	"1"	"1"	3	FALSE	-60	90	100	0	0	3.42901103761e-14	560	1.03511404991	-304	221	39.3916142364	373.77172275
56	"1"	"1"	3	FALSE	-60	90	100	0	0	3.42901103761e-14	560	1.06850504875	-321	228	36.9537920629	391.994154615
56	"1"	"1"	3	FALSE	-60	90	100	0	0	3.42901103761e-14	560	1.10187315941	-338	235	34.5159698893	410.216586479
56	"1"	"1"	3	FALSE	-60	90	100	0	0	3.42901103761e-14	560	1.1352751255	-357	244	32.8101985234	431.171069151
56	"1"	"1"	3	FALSE	-60	90	100	0	0	3.42901103761e-14	560	1.16861915588	-371	250	31.0063509461	446.295424804
56	"1"	"1"	3	FALSE	-60	90	100	0	0	3.42901103761e-14	560	1.20191812515	-387	256	28.2025033688	463.151831265
56	"1"	"1"	3	FALSE	-60	90	100	0	0	3.42901103761e-14	560	1.23528003693	-402	260	24.166604984	478.142212321
56	"1"	"1"	3	FALSE	-60	90	100	0	0	3.42901103761e-14	560	1.26864504814	-415	262	19.3986557915	490.400542571
56	"1"	"1"	3	FALSE	-60	90	100	0	0	3.42901103761e-14	560	1.30199599266	-430	264	13.6307065991	504.390923627
56	"1"	"1"	3	FALSE	-60	90	100	0	0	3.42901103761e-14	560	1.3353741169	-442	268	11.0948082142	516.783228473
56	"1"	"1"	3	FALSE	-60	90	100	0	0	3.42901103761e-14	560	1.36881709099	-452	272	9.55890982937	527.443482511
56	"1"	"1"	3	FALSE	-60	90	100	0	0	3.42901103761e-14	560	1.40205907822	-460	275	8.15698604072	535.871685741
56	"1"	"1"	3	FALSE	-60	90	100	0	0	3.42901103761e-14	560	1.43545794487	-467	278	7.25506225207	543.433863567
56	"1"	"1"	3	FALSE	-60	90	100	0	0	3.42901103761e-14	560	1.46878504753	-474	280	5.48711305964	550.496041394
56	"1"	"1"	3	FALSE	-60	90	100	0	0	3.42901103761e-14	560	1.50213694572	-480	281	3.35313846343	556.192193817
56	"1"	"1"	3	FALSE	-60	90	100	0	0	3.42901103761e-14	560	1.53552913666	-485	283	2.585189271	561.522320835
56	"1"	"1"	3	FALSE	-60	90	100	0	0	3.42901103761e-14	560	1.56886696815	-489	285	2.31724007856	565.986422451
56	"1"	"1"	3	FALSE	-60	90	100	0	0	3.42901103761e-14	560	1.6022040844	-492	285	0.817240078565	568.584498662
56	"1"	"1"	3	FALSE	-60	90	100	0	0	3.42901103761e-14	560	1.63563203812	-494	284	-1.04878532522	569.81654947
56	"1"	"1"	4	FALSE	-60	90	100	0	0	3.42901103761e-14	560	0.00224089622498	13	-2	4.76794919243	-12.2583302492
56	"1"	"1"	4	FALSE	-60	90	100	0	0	3.42901103761e-14	560	0.0346848964691	13	-2	4.76794919243	-12.2583302492
56	"1"	"1"	4	FALSE	-60	90	100	0	0	3.42901103761e-14	560	0.0681040287018	13	-2	4.76794919243	-12.2583302492
56	"1"	"1"	4	FALSE	-60	90	100	0	0	3.42901103761e-14	560	0.101358890533	13	-2	4.76794919243	-12.2583302492
56	"1"	"1"	4	FALSE	-60	90	100	0	0	3.42901103761e-14	560	0.134808063507	12	-2	4.26794919243	-11.3923048454
56	"1"	"1"	4	FALSE	-60	90	100	0	0	3.42901103761e-14	560	0.168168067932	12	-2	4.26794919243	-11.3923048454
56	"1"	"1"	4	FALSE	-60	90	100	0	0	3.42901103761e-14	560	0.201586961746	10	-1	4.13397459622	-9.16025403784
56	"1"	"1"	4	FALSE	-60	90	100	0	0	3.42901103761e-14	560	0.234905004501	8	0	4	-6.92820323028
56	"1"	"1"	4	FALSE	-60	90	100	0	0	3.42901103761e-14	560	0.268138885498	7	0	3.5	-6.06217782649
56	"1"	"1"	4	FALSE	-60	90	100	0	0	3.42901103761e-14	560	0.300914049149	7	0	3.5	-6.06217782649
56	"1"	"1"	4	FALSE	-60	90	100	0	0	3.42901103761e-14	560	0.334967851639	6	0	3	-5.19615242271
56	"1"	"1"	4	FALSE	-60	90	100	0	0	3.42901103761e-14	560	0.368344068527	3	1	2.36602540378	-2.09807621135
56	"1"	"1"	4	FALSE	-60	90	100	0	0	3.42901103761e-14	560	0.401738882065	-2	4	2.46410161514	3.73205080757
56	"1"	"1"	4	FALSE	-60	90	100	0	0	3.42901103761e-14	560	0.435034990311	-13	13	4.7583302492	17.7583302492
56	"1"	"1"	4	FALSE	-60	90	100	0	0	3.42901103761e-14	560	0.468298912048	-34	30	8.98076211353	44.4448637287
56	"1"	"1"	4	FALSE	-60	90	100	0	0	3.42901103761e-14	560	0.501514911652	-56	46	11.8371685741	71.4974226119
56	"1"	"1"	4	FALSE	-60	90	100	0	0	3.42901103761e-14	560	0.535166978836	-72	58	14.2294734195	91.3538290725
56	"1"	"1"	4	FALSE	-60	90	100	0	0	3.42901103761e-14	560	0.568532943726	-87	71	17.9878036687	110.844210129
56	"1"	"1"	4	FALSE	-60	90	100	0	0	3.42901103761e-14	560	0.60183095932	-103	86	22.9781847255	132.20061659
56	"1"	"1"	4	FALSE	-60	90	100	0	0	3.42901103761e-14	560	0.635189056396	-119	102	28.834591186	154.05702305
56	"1"	"1"	4	FALSE	-60	90	100	0	0	3.42901103761e-14	560	0.66800403595	-136	114	30.7268960314	174.779454915
56	"1"	"1"	4	FALSE	-60	90	100	0	0	3.42901103761e-14	560	0.701750040054	-151	125	32.7531754731	193.269835971
56	"1"	"1"	4	FALSE	-60	90	100	0	0	3.42901103761e-14	560	0.735058069229	-172	139	34.377531126	218.456369451
56	"1"	"1"	4	FALSE	-60	90	100	0	0	3.42901103761e-14	560	0.76869392395	-201	160	38.0640646055	254.071106161
56	"1"	"1"	4	FALSE	-60	90	100	0	0	3.42901103761e-14	560	0.802021980286	-229	179	40.5185472774	287.819817467
56	"1"	"1"	4	FALSE	-60	90	100	0	0	3.42901103761e-14	560	0.835093021393	-254	198	44.4730299493	318.970452561
56	"1"	"1"	4	FALSE	-60	90	100	0	0	3.42901103761e-14	560	0.868694067001	-275	212	46.0973856023	344.156986041
56	"1"	"1"	4	FALSE	-60	90	100	0	0	3.42901103761e-14	560	0.902112007141	-300	227	46.5877666591	373.307621135
56	"1"	"1"	4	FALSE	-60	90	100	0	0	3.42901103761e-14	560	0.935090065002	-322	242	48.5781477158	399.860180019
56	"1"	"1"	4	FALSE	-60	90	100	0	0	3.42901103761e-14	560	0.968807935715	-336	252	50.2384017537	416.984535672
56	"1"	"1"	4	FALSE	-60	90	100	0	0	3.42901103761e-14	560	1.00145602226	-352	262	50.8986557915	435.840942132
56	"1"	"1"	4	FALSE	-60	90	100	0	0	3.42901103761e-14	560	1.03535604477	-366	270	50.8268590218	451.965297785
56	"1"	"1"	4	FALSE	-60	90	100	0	0	3.42901103761e-14	560	1.06890106201	-377	276	50.5230114445	464.491577227
56	"1"	"1"	4	FALSE	-60	90	100	0	0	3.42901103761e-14	560	1.10152292252	-386	279	48.6210876559	473.785805861
56	"1"	"1"	4	FALSE	-60	90	100	0	0	3.42901103761e-14	560	1.13558292389	-395	281	45.8531384634	482.580034495
56	"1"	"1"	4	FALSE	-60	90	100	0	0	3.42901103761e-14	560	1.16902184486	-407	283	41.585189271	493.97233934
56	"1"	"1"	4	FALSE	-60	90	100	0	0	3.42901103761e-14	560	1.20216703415	-418	283	36.085189271	503.498618782
56	"1"	"1"	4	FALSE	-60	90	100	0	0	3.42901103761e-14	560	1.23518204689	-433	282	27.7191638672	515.988999839
56	"1"	"1"	4	FALSE	-60	90	100	0	0	3.42901103761e-14	560	1.26894402504	-448	282	20.2191638672	528.979380895
56	"1"	"1"	4	FALSE	-60	90	100	0	0	3.42901103761e-14	560	1.30238986015	-458	281	14.3531384634	537.139634933
56	"1"	"1"	4	FALSE	-60	90	100	0	0	3.42901103761e-14	560	1.33543395996	-466	280	9.48711305964	543.567838164
56	"1"	"1"	4	FALSE	-60	90	100	0	0	3.42901103761e-14	560	1.36920785904	-470	279	6.62108765586	546.531939779
56	"1"	"1"	4	FALSE	-60	90	100	0	0	3.42901103761e-14	560	1.40244102478	-472	280	6.48711305964	548.763990586
56	"1"	"1"	5	FALSE	-60	135	100	0	0	-395.979797464	395.979797464	0.00219702720642	2	-13	-10.2583302492	-8.23205080757
56	"1"	"1"	5	FALSE	-60	135	100	0	0	-395.979797464	395.979797464	0.0344591140747	2	-13	-10.2583302492	-8.23205080757
56	"1"	"1"	5	FALSE	-60	135	100	0	0	-395.979797464	395.979797464	0.0678081512451	2	-13	-10.2583302492	-8.23205080757
56	"1"	"1"	5	FALSE	-60	135	100	0	0	-395.979797464	395.979797464	0.101082086563	2	-13	-10.2583302492	-8.23205080757
56	"1"	"1"	5	FALSE	-60	135	100	0	0	-395.979797464	395.979797464	0.134201049805	2	-13	-10.2583302492	-8.23205080757
56	"1"	"1"	5	FALSE	-60	135	100	0	0	-395.979797464	395.979797464	0.167801141739	2	-13	-10.2583302492	-8.23205080757
56	"1"	"1"	5	FALSE	-60	135	100	0	0	-395.979797464	395.979797464	0.201267004013	3	-13	-9.7583302492	-9.09807621135
56	"1"	"1"	5	FALSE	-60	135	100	0	0	-395.979797464	395.979797464	0.234230995178	4	-12	-8.39230484541	-9.46410161514
56	"1"	"1"	5	FALSE	-60	135	100	0	0	-395.979797464	395.979797464	0.267841100693	4	-11	-7.52627944163	-8.96410161514
56	"1"	"1"	5	FALSE	-60	135	100	0	0	-395.979797464	395.979797464	0.300755023956	2	-9	-6.79422863406	-6.23205080757
56	"1"	"1"	5	FALSE	-60	135	100	0	0	-395.979797464	395.979797464	0.334660053253	-9	-7	-10.5621778265	4.29422863406
56	"1"	"1"	5	FALSE	-60	135	100	0	0	-395.979797464	395.979797464	0.368016958237	-30	-5	-19.3301270189	23.4807621135
56	"1"	"1"	5	FALSE	-60	135	100	0	0	-395.979797464	395.979797464	0.401445150375	-52	-6	-31.1961524227	42.0333209968
56	"1"	"1"	5	FALSE	-60	135	100	0	0	-395.979797464	395.979797464	0.434219121933	-68	-11	-43.5262794416	53.3897274573
56	"1"	"1"	5	FALSE	-60	135	100	0	0	-395.979797464	395.979797464	0.468204975128	-82	-18	-56.5884572681	62.0140831103
56	"1"	"1"	5	FALSE	-60	135	100	0	0	-395.979797464	395.979797464	0.501559972763	-96	-27	-71.3826859022	69.6384387633
56	"1"	"1"	5	FALSE	-60	135	100	0	0	-395.979797464	395.979797464	0.534487962723	-108	-34	-83.4448637287	76.5307436087
56	"1"	"1"	5	FALSE	-60	135	100	0	0	-395.979797464	395.979797464	0.568107128143	-131	-43	-102.739092363	91.9493278958
56	"1"	"1"	5	FALSE	-60	135	100	0	0	-395.979797464	395.979797464	0.601063966751	-154	-50	-120.301270189	108.367912183
56	"1"	"1"	5	FALSE	-60	135	100	0	0	-395.979797464	395.979797464	0.634293079376	-178	-55	-136.631397208	126.652521874
56	"1"	"1"	5	FALSE	-60	135	100	0	0	-395.979797464	395.979797464	0.667922973633	-209	-60	-156.461524227	150.999309391
56	"1"	"1"	5	FALSE	-60	135	100	0	0	-395.979797464	395.979797464	0.701581954956	-244	-63	-176.559600438	179.810198523
56	"1"	"1"	5	FALSE	-60	135	100	0	0	-395.979797464	395.979797464	0.735016107559	-278	-69	-198.755752861	206.255062252
56	"1"	"1"	5	FALSE	-60	135	100	0	0	-395.979797464	395.979797464	0.768252134323	-302	-75	-215.951905284	224.039671943
56	"1"	"1"	5	FALSE	-60	135	100	0	0	-395.979797464	395.979797464	0.80140709877	-326	-84	-235.746133918	240.324281634
56	"1"	"1"	5	FALSE	-60	135	100	0	0	-395.979797464	395.979797464	0.835096120834	-348	-89	-251.076260937	256.876840517
56	"1"	"1"	5	FALSE	-60	135	100	0	0	-395.979797464	395.979797464	0.868301153183	-370	-92	-264.674337148	274.4293994
56	"1"	"1"	5	FALSE	-60	135	100	0	0	-395.979797464	395.979797464	0.901086091995	-400	-91	-278.808311744	300.910161514
56	"1"	"1"	5	FALSE	-60	135	100	0	0	-395.979797464	395.979797464	0.935111999512	-428	-90	-291.942286341	325.65887282
56	"1"	"1"	5	FALSE	-60	135	100	0	0	-395.979797464	395.979797464	0.968603134155	-449	-93	-305.040362552	342.345406299
56	"1"	"1"	5	FALSE	-60	135	100	0	0	-395.979797464	395.979797464	1.00145697594	-468	-95	-316.27241336	357.799888971
56	"1"	"1"	5	FALSE	-60	135	100	0	0	-395.979797464	395.979797464	1.03523993492	-491	-98	-330.370489571	376.218473258
56	"1"	"1"	5	FALSE	-60	135	100	0	0	-395.979797464	395.979797464	1.06862401962	-510	-100	-341.602540378	391.67295593
56	"1"	"1"	5	FALSE	-60	135	100	0	0	-395.979797464	395.979797464	1.10184001923	-522	-101	-348.468565782	401.565260775
56	"1"	"1"	5	FALSE	-60	135	100	0	0	-395.979797464	395.979797464	1.13491511345	-536	-104	-358.066641994	412.189616428
56	"1"	"1"	5	FALSE	-60	135	100	0	0	-395.979797464	395.979797464	1.16796708107	-543	-107	-364.164718205	416.751794255
56	"1"	"1"	5	FALSE	-60	135	100	0	0	-395.979797464	395.979797464	1.20203995705	-546	-110	-368.262794416	417.849870466
56	"1"	"1"	5	FALSE	-60	135	100	0	0	-395.979797464	395.979797464	1.23525595665	-548	-115	-373.592921435	417.081921274
56	"1"	"1"	5	FALSE	-60	135	100	0	0	-395.979797464	395.979797464	1.26871705055	-549	-117	-375.824972243	416.947946678
56	"1"	"1"	5	FALSE	-60	135	100	0	0	-395.979797464	395.979797464	1.30150198936	-550	-121	-379.789073858	415.813972081
56	"1"	"1"	5	FALSE	-60	135	100	0	0	-395.979797464	395.979797464	1.33543014526	-552	-127	-385.985226281	414.546022889
56	"1"	"1"	5	FALSE	-60	135	100	0	0	-395.979797464	395.979797464	1.36888098717	-552	-135	-392.913429511	410.546022889
56	"1"	"1"	5	FALSE	-60	135	100	0	0	-395.979797464	395.979797464	1.40204405785	-552	-142	-398.975607337	407.046022889
56	"1"	"1"	5	FALSE	-60	135	100	0	0	-395.979797464	395.979797464	1.43550395966	-552	-146	-402.439708953	405.046022889
56	"1"	"1"	6	FALSE	-60	45	100	0	0	395.979797464	395.979797464	0.0021538734436	2	-5	-3.33012701892	-4.23205080757
56	"1"	"1"	6	FALSE	-60	45	100	0	0	395.979797464	395.979797464	0.0345368385315	2	-5	-3.33012701892	-4.23205080757
56	"1"	"1"	6	FALSE	-60	45	100	0	0	395.979797464	395.979797464	0.0679528713226	2	-5	-3.33012701892	-4.23205080757
56	"1"	"1"	6	FALSE	-60	45	100	0	0	395.979797464	395.979797464	0.101347923279	2	-5	-3.33012701892	-4.23205080757
56	"1"	"1"	6	FALSE	-60	45	100	0	0	395.979797464	395.979797464	0.134682893753	1	-4	-2.96410161514	-2.86602540378
56	"1"	"1"	6	FALSE	-60	45	100	0	0	395.979797464	395.979797464	0.167698860168	-5	1	-1.63397459622	4.83012701892
56	"1"	"1"	6	FALSE	-60	45	100	0	0	395.979797464	395.979797464	0.201323032379	-33	17	-1.77756813566	37.0788383249
56	"1"	"1"	6	FALSE	-60	45	100	0	0	395.979797464	395.979797464	0.23476099968	-63	35	-1.18911086754	72.0596004384
56	"1"	"1"	6	FALSE	-60	45	100	0	0	395.979797464	395.979797464	0.268107891083	-86	52	2.03332099679	100.478184725
56	"1"	"1"	6	FALSE	-60	45	100	0	0	395.979797464	395.979797464	0.300816059113	-111	74	8.58587988005	133.12881982
56	"1"	"1"	6	FALSE	-60	45	100	0	0	395.979797464	395.979797464	0.334811925888	-133	97	17.5044641671	163.681378703
56	"1"	"1"	6	FALSE	-60	45	100	0	0	395.979797464	395.979797464	0.368010044098	-141	117	30.8249722428	180.609581934
56	"1"	"1"	6	FALSE	-60	45	100	0	0	395.979797464	395.979797464	0.400856971741	-142	133	44.1813787033	189.475607337
56	"1"	"1"	6	FALSE	-60	45	100	0	0	395.979797464	395.979797464	0.43491101265	-138	154	64.3679121828	196.511505722
56	"1"	"1"	6	FALSE	-60	45	100	0	0	395.979797464	395.979797464	0.468315839767	-132	181	90.750598085	204.8153533
56	"1"	"1"	6	FALSE	-60	45	100	0	0	395.979797464	395.979797464	0.501540899277	-128	209	116.999309391	215.351251684
56	"1"	"1"	6	FALSE	-60	45	100	0	0	395.979797464	395.979797464	0.534817934036	-126	237	142.248020697	227.619200877
56	"1"	"1"	6	FALSE	-60	45	100	0	0	395.979797464	395.979797464	0.568206071854	-124	273	174.424935233	243.887150069
56	"1"	"1"	6	FALSE	-60	45	100	0	0	395.979797464	395.979797464	0.601588010788	-122	306	204.003773558	258.655099262
56	"1"	"1"	6	FALSE	-60	45	100	0	0	395.979797464	395.979797464	0.635011911392	-117	341	236.81466269	271.824972243
56	"1"	"1"	6	FALSE	-60	45	100	0	0	395.979797464	395.979797464	0.668463945389	-112	370	264.4293994	281.994845224
56	"1"	"1"	6	FALSE	-60	45	100	0	0	395.979797464	395.979797464	0.701825857162	-109	393	285.847983687	290.896769013
56	"1"	"1"	6	FALSE	-60	45	100	0	0	395.979797464	395.979797464	0.735210895538	-109	420	309.230669589	304.396769013
56	"1"	"1"	6	FALSE	-60	45	100	0	0	395.979797464	395.979797464	0.768481969833	-106	439	327.185152261	311.298692801
56	"1"	"1"	6	FALSE	-60	45	100	0	0	395.979797464	395.979797464	0.801712036133	-105	461	346.737711145	321.432667397
56	"1"	"1"	6	FALSE	-60	45	100	0	0	395.979797464	395.979797464	0.834739923477	-110	475	356.362066798	332.762794416
56	"1"	"1"	6	FALSE	-60	45	100	0	0	395.979797464	395.979797464	0.868423938751	-116	489	365.486422451	344.958946839
56	"1"	"1"	6	FALSE	-60	45	100	0	0	395.979797464	395.979797464	0.90194606781	-122	503	374.610778104	357.155099262
56	"1"	"1"	6	FALSE	-60	45	100	0	0	395.979797464	395.979797464	0.935430049896	-126	510	378.67295593	364.119200877
56	"1"	"1"	6	FALSE	-60	45	100	0	0	395.979797464	395.979797464	0.96853685379	-128	514	381.137057545	367.851251684
56	"1"	"1"	6	FALSE	-60	45	100	0	0	395.979797464	395.979797464	1.00197196007	-128	516	382.869108353	368.851251684
56	"1"	"1"	6	FALSE	-60	45	100	0	0	395.979797464	395.979797464	1.03536486626	-130	520	385.333209968	372.583302492
56	"1"	"1"	6	FALSE	-60	45	100	0	0	395.979797464	395.979797464	1.06874489784	-132	528	391.261413198	378.3153533
56	"1"	"1"	6	FALSE	-60	45	100	0	0	395.979797464	395.979797464	1.10215592384	-133	537	398.555641832	383.681378703
56	"1"	"1"	6	FALSE	-60	45	100	0	0	395.979797464	395.979797464	1.13522601128	-135	546	405.349870466	389.913429511
56	"1"	"1"	6	FALSE	-60	45	100	0	0	395.979797464	395.979797464	1.16876983643	-137	550	407.813972081	393.645480318
56	"1"	"1"	6	FALSE	-60	45	100	0	0	395.979797464	395.979797464	1.20225095749	-142	549	404.447946678	397.475607337
56	"1"	"1"	6	FALSE	-60	45	100	0	0	395.979797464	395.979797464	1.23552703857	-146	547	400.71589587	399.939708953
56	"1"	"1"	6	FALSE	-60	45	100	0	0	395.979797464	395.979797464	1.26893997192	-148	545	397.983845063	400.67175976
56	"1"	"1"	6	FALSE	-60	45	100	0	0	395.979797464	395.979797464	1.30219697952	-150	545	396.983845063	402.403810568
56	"1"	"1"	6	FALSE	-60	45	100	0	0	395.979797464	395.979797464	1.33551096916	-151	544	395.617819659	402.769835971
56	"1"	"1"	7	FALSE	-60	45	100	0	0	395.979797464	395.979797464	0.00217294692993	-6	7	3.06217782649	8.69615242271
56	"1"	"1"	7	FALSE	-60	45	100	0	0	395.979797464	395.979797464	0.0347859859467	-5	6	2.69615242271	7.33012701892
56	"1"	"1"	7	FALSE	-60	45	100	0	0	395.979797464	395.979797464	0.0681209564209	-4	5	2.33012701892	5.96410161514
56	"1"	"1"	7	FALSE	-60	45	100	0	0	395.979797464	395.979797464	0.101086854935	-4	3	0.598076211353	4.96410161514
56	"1"	"1"	7	FALSE	-60	45	100	0	0	395.979797464	395.979797464	0.134969949722	-4	1	-1.13397459622	3.96410161514
56	"1"	"1"	7	FALSE	-60	45	100	0	0	395.979797464	395.979797464	0.168200016022	-4	-1	-2.86602540378	2.96410161514
56	"1"	"1"	7	FALSE	-60	45	100	0	0	395.979797464	395.979797464	0.201498031616	-5	-2	-4.23205080757	3.33012701892
56	"1"	"1"	7	FALSE	-60	45	100	0	0	395.979797464	395.979797464	0.234241962433	-6	-1	-3.86602540378	4.69615242271
56	"1"	"1"	7	FALSE	-60	45	100	0	0	395.979797464	395.979797464	0.268131017685	-10	1	-4.13397459622	9.16025403784
56	"1"	"1"	7	FALSE	-60	45	100	0	0	395.979797464	395.979797464	0.30165886879	-19	11	0.0262794416288	21.9544826719
56	"1"	"1"	7	FALSE	-60	45	100	0	0	395.979797464	395.979797464	0.334490060806	-31	25	6.15063509461	39.3467875173
56	"1"	"1"	7	FALSE	-60	45	100	0	0	395.979797464	395.979797464	0.368483066559	-47	37	8.54293994002	59.2031939779
56	"1"	"1"	7	FALSE	-60	45	100	0	0	395.979797464	395.979797464	0.4017329216	-63	52	13.5333209968	80.5596004384
56	"1"	"1"	7	FALSE	-60	45	100	0	0	395.979797464	395.979797464	0.435081958771	-81	69	19.2557528611	104.648057707
56	"1"	"1"	7	FALSE	-60	45	100	0	0	395.979797464	395.979797464	0.468224048615	-96	85	25.6121593217	125.638438763
56	"1"	"1"	7	FALSE	-60	45	100	0	0	395.979797464	395.979797464	0.501806020737	-103	95	30.7724133595	136.70061659
56	"1"	"1"	7	FALSE	-60	45	100	0	0	395.979797464	395.979797464	0.535229921341	-106	99	32.7365149747	141.298692801
56	"1"	"1"	7	FALSE	-60	45	100	0	0	395.979797464	395.979797464	0.568567037582	-106	100	33.6025403784	141.798692801
56	"1"	"1"	7	FALSE	-60	45	100	0	0	395.979797464	395.979797464	0.601916074753	-104	106	39.7986928012	143.066641994
56	"1"	"1"	7	FALSE	-60	45	100	0	0	395.979797464	395.979797464	0.635257959366	-98	123	57.5211246655	146.370489571
56	"1"	"1"	7	FALSE	-60	45	100	0	0	395.979797464	395.979797464	0.668488025665	-90	150	84.9038105677	152.942286341
56	"1"	"1"	7	FALSE	-60	45	100	0	0	395.979797464	395.979797464	0.701812982559	-86	187	118.946750508	167.978184725
56	"1"	"1"	7	FALSE	-60	45	100	0	0	395.979797464	395.979797464	0.735378026962	-87	230	155.68584287	190.344210129
56	"1"	"1"	7	FALSE	-60	45	100	0	0	395.979797464	395.979797464	0.768737077713	-84	278	198.755062252	211.746133918
56	"1"	"1"	7	FALSE	-60	45	100	0	0	395.979797464	395.979797464	0.802089929581	-83	318	233.896078403	230.880108514
56	"1"	"1"	7	FALSE	-60	45	100	0	0	395.979797464	395.979797464	0.835465908051	-80	349	262.242865921	243.782032303
56	"1"	"1"	7	FALSE	-60	45	100	0	0	395.979797464	395.979797464	0.868809938431	-81	384	292.053755053	262.148057707
56	"1"	"1"	7	FALSE	-60	45	100	0	0	395.979797464	395.979797464	0.902080059052	-87	414	315.034517167	282.344210129
56	"1"	"1"	7	FALSE	-60	45	100	0	0	395.979797464	395.979797464	0.935515880585	-96	450	341.711431703	308.138438763
56	"1"	"1"	7	FALSE	-60	45	100	0	0	395.979797464	395.979797464	0.968842983246	-107	480	362.192193817	332.664718205
56	"1"	"1"	7	FALSE	-60	45	100	0	0	395.979797464	395.979797464	1.00210404396	-116	500	375.012701892	350.458946839
56	"1"	"1"	7	FALSE	-60	45	100	0	0	395.979797464	395.979797464	1.03554391861	-123	512	381.905006738	362.521124665
56	"1"	"1"	7	FALSE	-60	45	100	0	0	395.979797464	395.979797464	1.06895089149	-128	518	384.60115916	369.851251684
56	"1"	"1"	7	FALSE	-60	45	100	0	0	395.979797464	395.979797464	1.10230898857	-135	523	385.431286179	378.413429511
56	"1"	"1"	7	FALSE	-60	45	100	0	0	395.979797464	395.979797464	1.13570594788	-141	529	387.627438602	386.609581934
56	"1"	"1"	7	FALSE	-60	45	100	0	0	395.979797464	395.979797464	1.16913294792	-145	535	390.823591025	393.073683549
56	"1"	"1"	7	FALSE	-60	45	100	0	0	395.979797464	395.979797464	1.20243000984	-150	541	393.519743447	400.403810568
56	"1"	"1"	7	FALSE	-60	45	100	0	0	395.979797464	395.979797464	1.23576593399	-153	544	394.617819659	404.501886779
56	"1"	"1"	7	FALSE	-60	45	100	0	0	395.979797464	395.979797464	1.26880788803	-156	545	393.983845063	407.59996299
56	"1"	"1"	8	FALSE	-60	135	100	0	0	-395.979797464	395.979797464	0.00213003158569	-8	7	2.06217782649	10.4282032303
56	"1"	"1"	8	FALSE	-60	135	100	0	0	-395.979797464	395.979797464	0.0348179340363	-8	7	2.06217782649	10.4282032303
56	"1"	"1"	8	FALSE	-60	135	100	0	0	-395.979797464	395.979797464	0.068186044693	-7	5	0.830127018922	8.56217782649
56	"1"	"1"	8	FALSE	-60	135	100	0	0	-395.979797464	395.979797464	0.101589918137	-6	4	0.464101615138	7.19615242271
56	"1"	"1"	8	FALSE	-60	135	100	0	0	-395.979797464	395.979797464	0.134809970856	-6	2	-1.26794919243	6.19615242271
56	"1"	"1"	8	FALSE	-60	135	100	0	0	-395.979797464	395.979797464	0.168272972107	-5	1	-1.63397459622	4.83012701892
56	"1"	"1"	8	FALSE	-60	135	100	0	0	-395.979797464	395.979797464	0.201109886169	-5	1	-1.63397459622	4.83012701892
56	"1"	"1"	8	FALSE	-60	135	100	0	0	-395.979797464	395.979797464	0.234950065613	-5	1	-1.63397459622	4.83012701892
56	"1"	"1"	8	FALSE	-60	135	100	0	0	-395.979797464	395.979797464	0.268051862717	-5	1	-1.63397459622	4.83012701892
56	"1"	"1"	8	FALSE	-60	135	100	0	0	-395.979797464	395.979797464	0.301737070084	-6	1	-2.13397459622	5.69615242271
56	"1"	"1"	8	FALSE	-60	135	100	0	0	-395.979797464	395.979797464	0.3349609375	-6	1	-2.13397459622	5.69615242271
56	"1"	"1"	8	FALSE	-60	135	100	0	0	-395.979797464	395.979797464	0.368399858475	-6	1	-2.13397459622	5.69615242271
56	"1"	"1"	8	FALSE	-60	135	100	0	0	-395.979797464	395.979797464	0.401767015457	-8	1	-3.13397459622	7.42820323028
56	"1"	"1"	8	FALSE	-60	135	100	0	0	-395.979797464	395.979797464	0.435101032257	-17	1	-7.63397459622	15.2224318643
56	"1"	"1"	8	FALSE	-60	135	100	0	0	-395.979797464	395.979797464	0.468106985092	-30	1	-14.1339745962	26.4807621135
56	"1"	"1"	8	FALSE	-60	135	100	0	0	-395.979797464	395.979797464	0.501760959625	-57	-2	-30.2320508076	48.3634480157
56	"1"	"1"	8	FALSE	-60	135	100	0	0	-395.979797464	395.979797464	0.535188913345	-89	-7	-50.5621778265	73.5762609368
56	"1"	"1"	8	FALSE	-60	135	100	0	0	-395.979797464	395.979797464	0.568614959717	-126	-17	-77.7224318643	100.619200877
56	"1"	"1"	8	FALSE	-60	135	100	0	0	-395.979797464	395.979797464	0.601886034012	-162	-33	-109.578838325	123.796115413
56	"1"	"1"	8	FALSE	-60	135	100	0	0	-395.979797464	395.979797464	0.635277986526	-188	-47	-134.703193978	139.312775911
56	"1"	"1"	8	FALSE	-60	135	100	0	0	-395.979797464	395.979797464	0.668669939041	-220	-59	-161.095498823	161.025588833
56	"1"	"1"	8	FALSE	-60	135	100	0	0	-395.979797464	395.979797464	0.701966047287	-250	-68	-183.889727457	182.506350946
56	"1"	"1"	8	FALSE	-60	135	100	0	0	-395.979797464	395.979797464	0.735383033752	-286	-76	-208.817930688	209.683265482
56	"1"	"1"	8	FALSE	-60	135	100	0	0	-395.979797464	395.979797464	0.768728971481	-320	-82	-231.01408311	236.128129211
56	"1"	"1"	8	FALSE	-60	135	100	0	0	-395.979797464	395.979797464	0.802067995071	-347	-86	-247.978184725	257.510815113
56	"1"	"1"	8	FALSE	-60	135	100	0	0	-395.979797464	395.979797464	0.835577964783	-380	-89	-267.076260937	284.589653438
56	"1"	"1"	8	FALSE	-60	135	100	0	0	-395.979797464	395.979797464	0.868857860565	-404	-88	-278.210235533	305.874263129
56	"1"	"1"	8	FALSE	-60	135	100	0	0	-395.979797464	395.979797464	0.902211904526	-431	-88	-291.710235533	329.256949031
56	"1"	"1"	8	FALSE	-60	135	100	0	0	-395.979797464	395.979797464	0.935386896133	-453	-84	-299.246133918	350.309507914
56	"1"	"1"	8	FALSE	-60	135	100	0	0	-395.979797464	395.979797464	0.968867063522	-465	-80	-301.782032303	362.70181276
56	"1"	"1"	8	FALSE	-60	135	100	0	0	-395.979797464	395.979797464	1.00223684311	-482	-75	-305.951905284	379.924244624
56	"1"	"1"	8	FALSE	-60	135	100	0	0	-395.979797464	395.979797464	1.03520393372	-493	-76	-312.317930688	388.950524066
56	"1"	"1"	8	FALSE	-60	135	100	0	0	-395.979797464	395.979797464	1.06892800331	-504	-80	-321.282032303	396.476803507
56	"1"	"1"	8	FALSE	-60	135	100	0	0	-395.979797464	395.979797464	1.10232186317	-516	-85	-331.612159322	404.369108353
56	"1"	"1"	8	FALSE	-60	135	100	0	0	-395.979797464	395.979797464	1.13571596146	-530	-92	-344.674337148	412.993464006
56	"1"	"1"	8	FALSE	-60	135	100	0	0	-395.979797464	395.979797464	1.16899704933	-544	-103	-361.20061659	419.617819659
56	"1"	"1"	8	FALSE	-60	135	100	0	0	-395.979797464	395.979797464	1.20240306854	-553	-113	-374.360870628	422.412048293
56	"1"	"1"	8	FALSE	-60	135	100	0	0	-395.979797464	395.979797464	1.23574995995	-561	-125	-388.753175473	423.340251523
56	"1"	"1"	8	FALSE	-60	135	100	0	0	-395.979797464	395.979797464	1.26917886734	-566	-137	-401.645480318	421.670378542
56	"1"	"1"	8	FALSE	-60	135	100	0	0	-395.979797464	395.979797464	1.3025829792	-567	-142	-406.475607337	420.036403946
56	"1"	"1"	8	FALSE	-60	135	100	0	0	-395.979797464	395.979797464	1.33574700356	-566	-145	-408.573683549	417.670378542
56	"1"	"1"	8	FALSE	-60	135	100	0	0	-395.979797464	395.979797464	1.36911201477	-564	-147	-409.305734356	414.938327734
56	"1"	"1"	8	FALSE	-60	135	100	0	0	-395.979797464	395.979797464	1.40252494812	-555	-150	-407.403810568	405.6440991
56	"1"	"1"	8	FALSE	-60	135	100	0	0	-395.979797464	395.979797464	1.43536996841	-549	-151	-405.269835971	399.947946678
56	"1"	"1"	8	FALSE	-60	135	100	0	0	-395.979797464	395.979797464	1.46924591064	-543	-151	-402.269835971	394.751794255
56	"1"	"1"	8	FALSE	-60	135	100	0	0	-395.979797464	395.979797464	1.50265192986	-541	-150	-400.403810568	393.519743447
56	"1"	"1"	9	FALSE	-60	90	100	0	0	3.42901103761e-14	560	0.00203394889832	6	4	6.46410161514	-3.19615242271
56	"1"	"1"	9	FALSE	-60	90	100	0	0	3.42901103761e-14	560	0.0347399711609	6	4	6.46410161514	-3.19615242271
56	"1"	"1"	9	FALSE	-60	90	100	0	0	3.42901103761e-14	560	0.0680718421936	6	4	6.46410161514	-3.19615242271
56	"1"	"1"	9	FALSE	-60	90	100	0	0	3.42901103761e-14	560	0.101490020752	6	4	6.46410161514	-3.19615242271
56	"1"	"1"	9	FALSE	-60	90	100	0	0	3.42901103761e-14	560	0.13484787941	7	3	6.09807621135	-4.56217782649
56	"1"	"1"	9	FALSE	-60	90	100	0	0	3.42901103761e-14	560	0.168165922165	7	3	6.09807621135	-4.56217782649
56	"1"	"1"	9	FALSE	-60	90	100	0	0	3.42901103761e-14	560	0.201608896255	7	3	6.09807621135	-4.56217782649
56	"1"	"1"	9	FALSE	-60	90	100	0	0	3.42901103761e-14	560	0.234905958176	7	3	6.09807621135	-4.56217782649
56	"1"	"1"	9	FALSE	-60	90	100	0	0	3.42901103761e-14	560	0.268342018127	7	3	6.09807621135	-4.56217782649
56	"1"	"1"	9	FALSE	-60	90	100	0	0	3.42901103761e-14	560	0.301537036896	7	3	6.09807621135	-4.56217782649
56	"1"	"1"	9	FALSE	-60	90	100	0	0	3.42901103761e-14	560	0.334336042404	5	4	5.96410161514	-2.33012701892
56	"1"	"1"	9	FALSE	-60	90	100	0	0	3.42901103761e-14	560	0.368340015411	4	5	6.33012701892	-0.964101615138
56	"1"	"1"	9	FALSE	-60	90	100	0	0	3.42901103761e-14	560	0.401695013046	3	6	6.69615242271	0.401923788647
56	"1"	"1"	9	FALSE	-60	90	100	0	0	3.42901103761e-14	560	0.4347178936	3	10	10.1602540378	2.40192378865
56	"1"	"1"	9	FALSE	-60	90	100	0	0	3.42901103761e-14	560	0.468406915665	1	19	16.9544826719	8.63397459622
56	"1"	"1"	9	FALSE	-60	90	100	0	0	3.42901103761e-14	560	0.501682043076	0	29	25.1147367097	14.5
56	"1"	"1"	9	FALSE	-60	90	100	0	0	3.42901103761e-14	560	0.535112857819	-1	44	37.6051177665	22.8660254038
56	"1"	"1"	9	FALSE	-60	90	100	0	0	3.42901103761e-14	560	0.568506002426	-3	54	45.2653718044	29.5980762114
56	"1"	"1"	9	FALSE	-60	90	100	0	0	3.42901103761e-14	560	0.601888895035	-8	64	51.4256258422	38.9282032303
56	"1"	"1"	9	FALSE	-60	90	100	0	0	3.42901103761e-14	560	0.635195970535	-18	75	55.9519052838	53.0884572681
56	"1"	"1"	9	FALSE	-60	90	100	0	0	3.42901103761e-14	560	0.668593883514	-32	83	55.8801085141	69.2128129211
56	"1"	"1"	9	FALSE	-60	90	100	0	0	3.42901103761e-14	560	0.701891899109	-57	98	56.3704895709	98.3634480157
56	"1"	"1"	9	FALSE	-60	90	100	0	0	3.42901103761e-14	560	0.735321044922	-87	115	56.0929214352	132.844210129
56	"1"	"1"	9	FALSE	-60	90	100	0	0	3.42901103761e-14	560	0.768650054932	-115	132	56.8153532995	165.592921435
56	"1"	"1"	9	FALSE	-60	90	100	0	0	3.42901103761e-14	560	0.801985025406	-153	154	56.8679121828	209.501886779
56	"1"	"1"	9	FALSE	-60	90	100	0	0	3.42901103761e-14	560	0.835417032242	-193	181	60.250598085	257.64290293
56	"1"	"1"	9	FALSE	-60	90	100	0	0	3.42901103761e-14	560	0.868687868118	-227	205	64.0352077758	299.087766659
56	"1"	"1"	9	FALSE	-60	90	100	0	0	3.42901103761e-14	560	0.902143001556	-251	225	69.3557158515	329.87237635
56	"1"	"1"	9	FALSE	-60	90	100	0	0	3.42901103761e-14	560	0.935483932495	-276	244	73.3101985234	361.023011445
56	"1"	"1"	9	FALSE	-60	90	100	0	0	3.42901103761e-14	560	0.96874499321	-299	256	72.2025033688	386.941595732
56	"1"	"1"	9	FALSE	-60	90	100	0	0	3.42901103761e-14	560	1.00219082832	-316	265	71.4967320029	406.164027596
56	"1"	"1"	9	FALSE	-60	90	100	0	0	3.42901103761e-14	560	1.03551101685	-330	275	73.1569860407	423.288383249
56	"1"	"1"	9	FALSE	-60	90	100	0	0	3.42901103761e-14	560	1.06886601448	-342	283	74.085189271	437.680688094
56	"1"	"1"	9	FALSE	-60	90	100	0	0	3.42901103761e-14	560	1.10229086876	-356	287	70.5492908861	451.805043747
56	"1"	"1"	9	FALSE	-60	90	100	0	0	3.42901103761e-14	560	1.13559103012	-366	289	67.2813416937	461.465297785
56	"1"	"1"	9	FALSE	-60	90	100	0	0	3.42901103761e-14	560	1.16898488998	-378	288	60.4153162899	471.357602631
56	"1"	"1"	9	FALSE	-60	90	100	0	0	3.42901103761e-14	560	1.20231795311	-391	284	50.4512146748	480.61593288
56	"1"	"1"	9	FALSE	-60	90	100	0	0	3.42901103761e-14	560	1.2357108593	-402	280	41.4871130596	488.142212321
56	"1"	"1"	9	FALSE	-60	90	100	0	0	3.42901103761e-14	560	1.26905298233	-416	275	30.1569860407	497.766567974
56	"1"	"1"	9	FALSE	-60	90	100	0	0	3.42901103761e-14	560	1.30236792564	-432	269	16.960833618	508.622974435
56	"1"	"1"	9	FALSE	-60	90	100	0	0	3.42901103761e-14	560	1.33586287498	-444	266	8.36275740666	517.51527928
56	"1"	"1"	9	FALSE	-60	90	100	0	0	3.42901103761e-14	560	1.36907601357	-454	262	-0.101344208477	524.175533318
56	"1"	"1"	9	FALSE	-60	90	100	0	0	3.42901103761e-14	560	1.40246987343	-463	260	-6.33339501605	530.969761952
56	"1"	"1"	9	FALSE	-60	90	100	0	0	3.42901103761e-14	560	1.43577289581	-466	261	-6.96736961226	534.067838164
56	"1"	"1"	9	FALSE	-60	90	100	0	0	3.42901103761e-14	560	1.46916890144	-466	261	-6.96736961226	534.067838164
56	"1"	"1"	9	FALSE	-60	90	100	0	0	3.42901103761e-14	560	1.5025908947	-467	262	-6.60134420848	535.433863567
56	"1"	"1"	9	FALSE	-60	90	100	0	0	3.42901103761e-14	560	1.5359480381	-470	262	-8.10134420848	538.031939779
56	"1"	"1"	9	FALSE	-60	90	100	0	0	3.42901103761e-14	560	1.56930685043	-473	262	-9.60134420848	540.63001599
56	"1"	"1"	9	FALSE	-60	90	100	0	0	3.42901103761e-14	560	1.6026699543	-477	262	-11.6013442085	544.094117605
56	"1"	"1"	9	FALSE	-60	90	100	0	0	3.42901103761e-14	560	1.6360039711	-480	263	-12.2353188047	547.192193817
56	"1"	"1"	9	FALSE	-60	90	100	0	0	3.42901103761e-14	560	1.66951084137	-482	264	-12.3692934009	549.424244624
56	"1"	"1"	9	FALSE	-60	90	100	0	0	3.42901103761e-14	560	1.70263791084	-484	265	-12.5032679971	551.656295432
56	"1"	"1"	9	FALSE	-60	90	100	0	0	3.42901103761e-14	560	1.73609304428	-485	266	-12.1372425933	553.022320835
56	"1"	"1"	10	FALSE	-60	90	100	0	0	3.42901103761e-14	560	0.00203084945679	-5	-3	-5.09807621135	2.83012701892
56	"1"	"1"	10	FALSE	-60	90	100	0	0	3.42901103761e-14	560	0.0347068309784	-5	-3	-5.09807621135	2.83012701892
56	"1"	"1"	10	FALSE	-60	90	100	0	0	3.42901103761e-14	560	0.0682678222656	-5	-3	-5.09807621135	2.83012701892
56	"1"	"1"	10	FALSE	-60	90	100	0	0	3.42901103761e-14	560	0.101677894592	-5	-3	-5.09807621135	2.83012701892
56	"1"	"1"	10	FALSE	-60	90	100	0	0	3.42901103761e-14	560	0.135018825531	-5	-3	-5.09807621135	2.83012701892
56	"1"	"1"	10	FALSE	-60	90	100	0	0	3.42901103761e-14	560	0.168329954147	-5	-4	-5.96410161514	2.33012701892
56	"1"	"1"	10	FALSE	-60	90	100	0	0	3.42901103761e-14	560	0.201720952988	-4	-5	-6.33012701892	0.964101615138
56	"1"	"1"	10	FALSE	-60	90	100	0	0	3.42901103761e-14	560	0.235107898712	-3	-6	-6.69615242271	-0.401923788647
56	"1"	"1"	10	FALSE	-60	90	100	0	0	3.42901103761e-14	560	0.26841878891	-3	-6	-6.69615242271	-0.401923788647
56	"1"	"1"	10	FALSE	-60	90	100	0	0	3.42901103761e-14	560	0.301839828491	-3	-6	-6.69615242271	-0.401923788647
56	"1"	"1"	10	FALSE	-60	90	100	0	0	3.42901103761e-14	560	0.335042953491	-2	-4	-4.46410161514	-0.267949192431
56	"1"	"1"	10	FALSE	-60	90	100	0	0	3.42901103761e-14	560	0.368539810181	-3	3	1.09807621135	4.09807621135
56	"1"	"1"	10	FALSE	-60	90	100	0	0	3.42901103761e-14	560	0.401723861694	-9	18	11.0884572681	16.7942286341
56	"1"	"1"	10	FALSE	-60	90	100	0	0	3.42901103761e-14	560	0.435141801834	-19	34	19.9448637287	33.4544826719
56	"1"	"1"	10	FALSE	-60	90	100	0	0	3.42901103761e-14	560	0.468559980392	-34	50	26.3012701892	54.4448637287
56	"1"	"1"	10	FALSE	-60	90	100	0	0	3.42901103761e-14	560	0.502009868622	-50	69	34.7557528611	77.8012701892
56	"1"	"1"	10	FALSE	-60	90	100	0	0	3.42901103761e-14	560	0.535320997238	-66	86	41.4781847255	100.15767665
56	"1"	"1"	10	FALSE	-60	90	100	0	0	3.42901103761e-14	560	0.568516969681	-95	111	48.6288198201	137.77241336
56	"1"	"1"	10	FALSE	-60	90	100	0	0	3.42901103761e-14	560	0.602030992508	-127	132	50.8153532995	175.985226281
56	"1"	"1"	10	FALSE	-60	90	100	0	0	3.42901103761e-14	560	0.635350942612	-161	153	52.001886779	215.930090009
56	"1"	"1"	10	FALSE	-60	90	100	0	0	3.42901103761e-14	560	0.66863489151	-189	168	50.9922678358	247.678801315
56	"1"	"1"	10	FALSE	-60	90	100	0	0	3.42901103761e-14	560	0.702019929886	-222	185	49.2146997001	284.75763964
56	"1"	"1"	10	FALSE	-60	90	100	0	0	3.42901103761e-14	560	0.735494852066	-247	198	47.9730299493	312.908274735
56	"1"	"1"	10	FALSE	-60	90	100	0	0	3.42901103761e-14	560	0.768826961517	-267	207	45.7672585834	334.72878281
56	"1"	"1"	10	FALSE	-60	90	100	0	0	3.42901103761e-14	560	0.801805973053	-284	215	44.1954618137	353.451214675
56	"1"	"1"	10	FALSE	-60	90	100	0	0	3.42901103761e-14	560	0.83548784256	-306	222	39.2576396401	376.003773558
56	"1"	"1"	10	FALSE	-60	90	100	0	0	3.42901103761e-14	560	0.868860960007	-317	225	36.3557158515	387.030053
56	"1"	"1"	10	FALSE	-60	90	100	0	0	3.42901103761e-14	560	0.901841878891	-334	231	33.0518682742	404.752484864
56	"1"	"1"	10	FALSE	-60	90	100	0	0	3.42901103761e-14	560	0.935523986816	-351	240	32.3460969083	423.974916728
56	"1"	"1"	10	FALSE	-60	90	100	0	0	3.42901103761e-14	560	0.969014883041	-367	248	31.2743001385	441.831323189
56	"1"	"1"	10	FALSE	-60	90	100	0	0	3.42901103761e-14	560	1.0022289753	-378	254	30.9704525612	454.357602631
56	"1"	"1"	10	FALSE	-60	90	100	0	0	3.42901103761e-14	560	1.03514194489	-387	261	32.5326303877	465.651831265
56	"1"	"1"	10	FALSE	-60	90	100	0	0	3.42901103761e-14	560	1.06902289391	-393	267	34.7287828104	473.847983687
56	"1"	"1"	10	FALSE	-60	90	100	0	0	3.42901103761e-14	560	1.10244297981	-398	274	38.2909606369	481.678110706
56	"1"	"1"	10	FALSE	-60	90	100	0	0	3.42901103761e-14	560	1.1357178688	-405	281	40.8531384634	491.240288533
56	"1"	"1"	10	FALSE	-60	90	100	0	0	3.42901103761e-14	560	1.16916799545	-414	283	38.085189271	500.034517167
56	"1"	"1"	10	FALSE	-60	90	100	0	0	3.42901103761e-14	560	1.20249676704	-423	281	31.8531384634	506.828745801
56	"1"	"1"	10	FALSE	-60	90	100	0	0	3.42901103761e-14	560	1.23578977585	-430	279	26.6210876559	511.890923627
56	"1"	"1"	10	FALSE	-60	90	100	0	0	3.42901103761e-14	560	1.26922297478	-436	278	22.7550622521	516.58707605
56	"1"	"1"	10	FALSE	-60	90	100	0	0	3.42901103761e-14	560	1.30192399025	-442	277	18.8890368483	521.283228473
56	"1"	"1"	10	FALSE	-60	90	100	0	0	3.42901103761e-14	560	1.33593297005	-447	277	16.3890368483	525.613355492
56	"1"	"1"	10	FALSE	-60	90	100	0	0	3.42901103761e-14	560	1.36929297447	-453	276	12.5230114445	530.309507914
56	"1"	"1"	10	FALSE	-60	90	100	0	0	3.42901103761e-14	560	1.4025387764	-458	275	9.15698604072	534.139634933
56	"1"	"1"	10	FALSE	-60	90	100	0	0	3.42901103761e-14	560	1.43591284752	-463	275	6.65698604072	538.469761952
56	"1"	"1"	10	FALSE	-60	90	100	0	0	3.42901103761e-14	560	1.46866679192	-466	276	6.02301144451	541.567838164
56	"1"	"1"	10	FALSE	-60	90	100	0	0	3.42901103761e-14	560	1.50273084641	-468	277	5.88903684829	543.799888971
56	"1"	"1"	10	FALSE	-60	90	100	0	0	3.42901103761e-14	560	1.53609395027	-471	278	5.25506225207	546.897965182
56	"1"	"1"	10	FALSE	-60	90	100	0	0	3.42901103761e-14	560	1.56882977486	-473	278	4.25506225207	548.63001599
56	"1"	"1"	10	FALSE	-60	90	100	0	0	3.42901103761e-14	560	1.60282492638	-474	279	4.62108765586	549.996041394
56	"1"	"1"	10	FALSE	-60	90	100	0	0	3.42901103761e-14	560	1.63595581055	-475	280	4.98711305964	551.362066798
56	"1"	"1"	10	FALSE	-60	90	100	0	0	3.42901103761e-14	560	1.669069767	-475	282	6.71916386721	552.362066798
56	"1"	"1"	10	FALSE	-60	90	100	0	0	3.42901103761e-14	560	1.70228981972	-476	284	7.95121467478	554.228092201
56	"1"	"1"	11	FALSE	-60	135	100	0	0	-395.979797464	395.979797464	0.00171208381653	-2	0	-1	1.73205080757
56	"1"	"1"	11	FALSE	-60	135	100	0	0	-395.979797464	395.979797464	0.0347290039062	-2	0	-1	1.73205080757
56	"1"	"1"	11	FALSE	-60	135	100	0	0	-395.979797464	395.979797464	0.0681359767914	-2	0	-1	1.73205080757
56	"1"	"1"	11	FALSE	-60	135	100	0	0	-395.979797464	395.979797464	0.101378917694	-2	0	-1	1.73205080757
56	"1"	"1"	11	FALSE	-60	135	100	0	0	-395.979797464	395.979797464	0.134727954865	-1	-1	-1.36602540378	0.366025403784
56	"1"	"1"	11	FALSE	-60	135	100	0	0	-395.979797464	395.979797464	0.167866945267	0	-1	-0.866025403784	-0.5
56	"1"	"1"	11	FALSE	-60	135	100	0	0	-395.979797464	395.979797464	0.201627969742	1	-1	-0.366025403784	-1.36602540378
56	"1"	"1"	11	FALSE	-60	135	100	0	0	-395.979797464	395.979797464	0.234858036041	2	-2	-0.732050807569	-2.73205080757
56	"1"	"1"	11	FALSE	-60	135	100	0	0	-395.979797464	395.979797464	0.267877101898	2	-2	-0.732050807569	-2.73205080757
56	"1"	"1"	11	FALSE	-60	135	100	0	0	-395.979797464	395.979797464	0.301353931427	2	-2	-0.732050807569	-2.73205080757
56	"1"	"1"	11	FALSE	-60	135	100	0	0	-395.979797464	395.979797464	0.334306955338	0	-1	-0.866025403784	-0.5
56	"1"	"1"	11	FALSE	-60	135	100	0	0	-395.979797464	395.979797464	0.368402957916	-10	1	-4.13397459622	9.16025403784
56	"1"	"1"	11	FALSE	-60	135	100	0	0	-395.979797464	395.979797464	0.401619911194	-37	2	-16.7679491924	33.04293994
56	"1"	"1"	11	FALSE	-60	135	100	0	0	-395.979797464	395.979797464	0.435106039047	-65	-3	-35.0980762114	54.791651246
56	"1"	"1"	11	FALSE	-60	135	100	0	0	-395.979797464	395.979797464	0.468038082123	-93	-14	-58.624355653	73.540362552
56	"1"	"1"	11	FALSE	-60	135	100	0	0	-395.979797464	395.979797464	0.501717090607	-129	-28	-88.748711306	97.7172770882
56	"1"	"1"	11	FALSE	-60	135	100	0	0	-395.979797464	395.979797464	0.53515791893	-169	-40	-119.141016151	126.35829324
56	"1"	"1"	11	FALSE	-60	135	100	0	0	-395.979797464	395.979797464	0.568509101868	-209	-47	-145.203193978	157.499309391
56	"1"	"1"	11	FALSE	-60	135	100	0	0	-395.979797464	395.979797464	0.601738929749	-255	-50	-170.801270189	195.836477965
56	"1"	"1"	11	FALSE	-60	135	100	0	0	-395.979797464	395.979797464	0.634835958481	-297	-52	-193.533320997	231.209544924
56	"1"	"1"	11	FALSE	-60	135	100	0	0	-395.979797464	395.979797464	0.668473005295	-333	-53	-212.399346401	261.88645946
56	"1"	"1"	11	FALSE	-60	135	100	0	0	-395.979797464	395.979797464	0.701781988144	-371	-57	-234.863448016	292.795424804
56	"1"	"1"	11	FALSE	-60	135	100	0	0	-395.979797464	395.979797464	0.734956979752	-400	-67	-258.023702054	312.910161514
56	"1"	"1"	11	FALSE	-60	135	100	0	0	-395.979797464	395.979797464	0.768649101257	-422	-79	-279.416006899	325.962720397
56	"1"	"1"	11	FALSE	-60	135	100	0	0	-395.979797464	395.979797464	0.801440954208	-437	-90	-296.442286341	333.453101454
56	"1"	"1"	11	FALSE	-60	135	100	0	0	-395.979797464	395.979797464	0.835355997086	-453	-101	-313.968565782	341.809507914
56	"1"	"1"	11	FALSE	-60	135	100	0	0	-395.979797464	395.979797464	0.868674039841	-470	-111	-331.12881982	351.531939779
56	"1"	"1"	11	FALSE	-60	135	100	0	0	-395.979797464	395.979797464	0.901529073715	-490	-119	-348.05702305	364.852447854
56	"1"	"1"	11	FALSE	-60	135	100	0	0	-395.979797464	395.979797464	0.935420036316	-511	-127	-365.485226281	379.038981334
56	"1"	"1"	11	FALSE	-60	135	100	0	0	-395.979797464	395.979797464	0.968802928925	-530	-132	-379.3153533	392.993464006
56	"1"	"1"	11	FALSE	-60	135	100	0	0	-395.979797464	395.979797464	1.00219106674	-544	-136	-389.779454915	403.117819659
56	"1"	"1"	11	FALSE	-60	135	100	0	0	-395.979797464	395.979797464	1.03515195847	-554	-140	-398.24355653	409.778073697
56	"1"	"1"	11	FALSE	-60	135	100	0	0	-395.979797464	395.979797464	1.06893110275	-562	-144	-405.707658145	414.706276927
56	"1"	"1"	11	FALSE	-60	135	100	0	0	-395.979797464	395.979797464	1.10228204727	-567	-147	-410.805734356	417.536403946
56	"1"	"1"	11	FALSE	-60	135	100	0	0	-395.979797464	395.979797464	1.13534808159	-568	-147	-411.305734356	418.40242935
56	"1"	"1"	11	FALSE	-60	135	100	0	0	-395.979797464	395.979797464	1.16853404045	-567	-147	-410.805734356	417.536403946
56	"1"	"1"	11	FALSE	-60	135	100	0	0	-395.979797464	395.979797464	1.20170903206	-566	-146	-409.439708953	417.170378542
56	"1"	"1"	11	FALSE	-60	135	100	0	0	-395.979797464	395.979797464	1.23555493355	-564	-145	-407.573683549	415.938327734
56	"1"	"1"	11	FALSE	-60	135	100	0	0	-395.979797464	395.979797464	1.26836705208	-559	-145	-405.073683549	411.608200716
56	"1"	"1"	11	FALSE	-60	135	100	0	0	-395.979797464	395.979797464	1.30237293243	-555	-145	-403.073683549	408.1440991
56	"1"	"1"	11	FALSE	-60	135	100	0	0	-395.979797464	395.979797464	1.3358271122	-551	-145	-401.073683549	404.679997485
56	"1"	"1"	12	FALSE	-60	45	100	0	0	395.979797464	395.979797464	0.00233602523804	4	-2	0.267949192431	-4.46410161514
56	"1"	"1"	12	FALSE	-60	45	100	0	0	395.979797464	395.979797464	0.0347759723663	5	-2	0.767949192431	-5.33012701892
56	"1"	"1"	12	FALSE	-60	45	100	0	0	395.979797464	395.979797464	0.0680611133575	5	-2	0.767949192431	-5.33012701892
56	"1"	"1"	12	FALSE	-60	45	100	0	0	395.979797464	395.979797464	0.101001977921	5	-2	0.767949192431	-5.33012701892
56	"1"	"1"	12	FALSE	-60	45	100	0	0	395.979797464	395.979797464	0.134866952896	5	-2	0.767949192431	-5.33012701892
56	"1"	"1"	12	FALSE	-60	45	100	0	0	395.979797464	395.979797464	0.167956113815	5	-2	0.767949192431	-5.33012701892
56	"1"	"1"	12	FALSE	-60	45	100	0	0	395.979797464	395.979797464	0.201575994492	5	-2	0.767949192431	-5.33012701892
56	"1"	"1"	12	FALSE	-60	45	100	0	0	395.979797464	395.979797464	0.234950065613	5	-1	1.63397459622	-4.83012701892
56	"1"	"1"	12	FALSE	-60	45	100	0	0	395.979797464	395.979797464	0.268329143524	4	6	7.19615242271	-0.464101615138
56	"1"	"1"	12	FALSE	-60	45	100	0	0	395.979797464	395.979797464	0.301440000534	-4	24	18.7846096908	15.4641016151
56	"1"	"1"	12	FALSE	-60	45	100	0	0	395.979797464	395.979797464	0.335097074509	-15	52	37.5333209968	38.9903810568
56	"1"	"1"	12	FALSE	-60	45	100	0	0	395.979797464	395.979797464	0.368411064148	-27	85	60.1121593217	65.8826859022
56	"1"	"1"	12	FALSE	-60	45	100	0	0	395.979797464	395.979797464	0.401768922806	-35	125	90.7531754731	92.8108891325
56	"1"	"1"	12	FALSE	-60	45	100	0	0	395.979797464	395.979797464	0.435122013092	-39	162	120.796115413	114.774990748
56	"1"	"1"	12	FALSE	-60	45	100	0	0	395.979797464	395.979797464	0.468426942825	-44	198	149.473029949	137.105117767
56	"1"	"1"	12	FALSE	-60	45	100	0	0	395.979797464	395.979797464	0.501671075821	-53	231	173.551868274	161.399346401
56	"1"	"1"	12	FALSE	-60	45	100	0	0	395.979797464	395.979797464	0.534471035004	-64	266	198.362757407	188.425625842
56	"1"	"1"	12	FALSE	-60	45	100	0	0	395.979797464	395.979797464	0.568568944931	-80	314	231.931976788	226.282032303
56	"1"	"1"	12	FALSE	-60	45	100	0	0	395.979797464	395.979797464	0.60182595253	-90	348	256.376840517	251.942286341
56	"1"	"1"	12	FALSE	-60	45	100	0	0	395.979797464	395.979797464	0.63468003273	-97	392	290.981958283	280.004464167
56	"1"	"1"	12	FALSE	-60	45	100	0	0	395.979797464	395.979797464	0.668586015701	-100	427	319.792847416	300.102540378
56	"1"	"1"	12	FALSE	-60	45	100	0	0	395.979797464	395.979797464	0.702018022537	-109	459	343.005660337	323.896769013
56	"1"	"1"	12	FALSE	-60	45	100	0	0	395.979797464	395.979797464	0.734992980957	-114	487	364.754371643	342.226896031
56	"1"	"1"	12	FALSE	-60	45	100	0	0	395.979797464	395.979797464	0.768657922745	-111	510	386.17295593	351.12881982
56	"1"	"1"	12	FALSE	-60	45	100	0	0	395.979797464	395.979797464	0.802004098892	-108	530	404.993464006	358.530743609
56	"1"	"1"	12	FALSE	-60	45	100	0	0	395.979797464	395.979797464	0.835371017456	-108	544	417.117819659	365.530743609
56	"1"	"1"	12	FALSE	-60	45	100	0	0	395.979797464	395.979797464	0.868788003922	-109	556	427.010124504	372.396769013
56	"1"	"1"	12	FALSE	-60	45	100	0	0	395.979797464	395.979797464	0.902069091797	-112	565	433.304353138	379.494845224
56	"1"	"1"	12	FALSE	-60	45	100	0	0	395.979797464	395.979797464	0.935503005981	-117	571	436.000505561	386.824972243
56	"1"	"1"	12	FALSE	-60	45	100	0	0	395.979797464	395.979797464	0.968444108963	-128	577	435.696657984	399.351251684
56	"1"	"1"	12	FALSE	-60	45	100	0	0	395.979797464	395.979797464	1.00220608711	-139	581	433.660759599	410.877531126
56	"1"	"1"	12	FALSE	-60	45	100	0	0	395.979797464	395.979797464	1.03559207916	-151	578	425.062683387	419.769835971
56	"1"	"1"	12	FALSE	-60	45	100	0	0	395.979797464	395.979797464	1.06876111031	-159	571	415.000505561	423.198039202
56	"1"	"1"	12	FALSE	-60	45	100	0	0	395.979797464	395.979797464	1.10220098495	-161	560	404.474226119	419.430090009
56	"1"	"1"	12	FALSE	-60	45	100	0	0	395.979797464	395.979797464	1.13571214676	-161	543	389.751794255	410.930090009
56	"1"	"1"	12	FALSE	-60	45	100	0	0	395.979797464	395.979797464	1.16904401779	-160	536	384.189616428	406.564064606
56	"1"	"1"	12	FALSE	-60	45	100	0	0	395.979797464	395.979797464	1.20237207413	-160	535	383.323591025	406.064064606
56	"1"	"1"	12	FALSE	-60	45	100	0	0	395.979797464	395.979797464	1.23573493958	-161	536	383.689616428	407.430090009
56	"1"	"1"	12	FALSE	-60	45	100	0	0	395.979797464	395.979797464	1.26907992363	-161	540	387.153718044	409.430090009
56	"1"	"1"	12	FALSE	-60	45	100	0	0	395.979797464	395.979797464	1.30240893364	-161	542	388.885768851	410.430090009
56	"1"	"1"	12	FALSE	-60	45	100	0	0	395.979797464	395.979797464	1.3358540535	-161	543	389.751794255	410.930090009
56	"1"	"1"	12	FALSE	-60	45	100	0	0	395.979797464	395.979797464	1.369161129	-161	543	389.751794255	410.930090009
56	"1"	"1"	12	FALSE	-60	45	100	0	0	395.979797464	395.979797464	1.4024951458	-161	543	389.751794255	410.930090009
56	"1"	"1"	12	FALSE	-60	45	100	0	0	395.979797464	395.979797464	1.43581795692	-159	544	391.617819659	409.698039202
56	"1"	"1"	12	FALSE	-60	45	100	0	0	395.979797464	395.979797464	1.4691259861	-156	545	393.983845063	407.59996299
56	"1"	"1"	13	FALSE	-60	45	100	0	0	395.979797464	395.979797464	0.00196409225464	4	1	2.86602540378	-2.96410161514
56	"1"	"1"	13	FALSE	-60	45	100	0	0	395.979797464	395.979797464	0.0340931415558	4	1	2.86602540378	-2.96410161514
56	"1"	"1"	13	FALSE	-60	45	100	0	0	395.979797464	395.979797464	0.0674550533295	4	1	2.86602540378	-2.96410161514
56	"1"	"1"	13	FALSE	-60	45	100	0	0	395.979797464	395.979797464	0.100760936737	4	1	2.86602540378	-2.96410161514
56	"1"	"1"	13	FALSE	-60	45	100	0	0	395.979797464	395.979797464	0.13423705101	4	1	2.86602540378	-2.96410161514
56	"1"	"1"	13	FALSE	-60	45	100	0	0	395.979797464	395.979797464	0.167520999908	4	0	2	-3.46410161514
56	"1"	"1"	13	FALSE	-60	45	100	0	0	395.979797464	395.979797464	0.200928926468	3	0	1.5	-2.59807621135
56	"1"	"1"	13	FALSE	-60	45	100	0	0	395.979797464	395.979797464	0.234257936478	3	0	1.5	-2.59807621135
56	"1"	"1"	13	FALSE	-60	45	100	0	0	395.979797464	395.979797464	0.267550945282	3	0	1.5	-2.59807621135
56	"1"	"1"	13	FALSE	-60	45	100	0	0	395.979797464	395.979797464	0.300691127777	3	0	1.5	-2.59807621135
56	"1"	"1"	13	FALSE	-60	45	100	0	0	395.979797464	395.979797464	0.334422111511	3	0	1.5	-2.59807621135
56	"1"	"1"	13	FALSE	-60	45	100	0	0	395.979797464	395.979797464	0.367785930634	3	0	1.5	-2.59807621135
56	"1"	"1"	13	FALSE	-60	45	100	0	0	395.979797464	395.979797464	0.401211977005	3	0	1.5	-2.59807621135
56	"1"	"1"	13	FALSE	-60	45	100	0	0	395.979797464	395.979797464	0.434606075287	1	0	0.5	-0.866025403784
56	"1"	"1"	13	FALSE	-60	45	100	0	0	395.979797464	395.979797464	0.467741012573	-1	0	-0.5	0.866025403784
56	"1"	"1"	13	FALSE	-60	45	100	0	0	395.979797464	395.979797464	0.501095056534	-2	0	-1	1.73205080757
56	"1"	"1"	13	FALSE	-60	45	100	0	0	395.979797464	395.979797464	0.534601926804	-3	0	-1.5	2.59807621135
56	"1"	"1"	13	FALSE	-60	45	100	0	0	395.979797464	395.979797464	0.567958116531	-3	0	-1.5	2.59807621135
56	"1"	"1"	13	FALSE	-60	45	100	0	0	395.979797464	395.979797464	0.601124048233	-3	0	-1.5	2.59807621135
56	"1"	"1"	13	FALSE	-60	45	100	0	0	395.979797464	395.979797464	0.634827136993	-3	0	-1.5	2.59807621135
56	"1"	"1"	13	FALSE	-60	45	100	0	0	395.979797464	395.979797464	0.668056964874	-3	0	-1.5	2.59807621135
56	"1"	"1"	13	FALSE	-60	45	100	0	0	395.979797464	395.979797464	0.701292991638	-2	-1	-1.86602540378	1.23205080757
56	"1"	"1"	13	FALSE	-60	45	100	0	0	395.979797464	395.979797464	0.734638929367	0	-3	-2.59807621135	-1.5
56	"1"	"1"	13	FALSE	-60	45	100	0	0	395.979797464	395.979797464	0.768136024475	0	-1	-0.866025403784	-0.5
56	"1"	"1"	13	FALSE	-60	45	100	0	0	395.979797464	395.979797464	0.801486968994	1	11	10.0262794416	4.63397459622
56	"1"	"1"	13	FALSE	-60	45	100	0	0	395.979797464	395.979797464	0.834602117538	-3	37	30.54293994	21.0980762114
56	"1"	"1"	13	FALSE	-60	45	100	0	0	395.979797464	395.979797464	0.868190050125	-8	78	63.5499814952	45.9282032303
56	"1"	"1"	13	FALSE	-60	45	100	0	0	395.979797464	395.979797464	0.90155005455	-13	119	96.5570230503	70.7583302492
56	"1"	"1"	13	FALSE	-60	45	100	0	0	395.979797464	395.979797464	0.934776067734	-16	160	130.564064606	93.8564064606
56	"1"	"1"	13	FALSE	-60	45	100	0	0	395.979797464	395.979797464	0.968337059021	-22	208	169.133283987	123.052558883
56	"1"	"1"	13	FALSE	-60	45	100	0	0	395.979797464	395.979797464	1.0015399456	-27	238	192.614046101	142.382685902
56	"1"	"1"	13	FALSE	-60	45	100	0	0	395.979797464	395.979797464	1.03482198715	-33	272	219.058909829	164.578838325
56	"1"	"1"	13	FALSE	-60	45	100	0	0	395.979797464	395.979797464	1.0684530735	-40	305	244.137748154	187.141016151
56	"1"	"1"	13	FALSE	-60	45	100	0	0	395.979797464	395.979797464	1.10173106194	-49	335	265.618510268	209.935244785
56	"1"	"1"	13	FALSE	-60	45	100	0	0	395.979797464	395.979797464	1.13495397568	-59	368	289.197348593	235.095498823
56	"1"	"1"	13	FALSE	-60	45	100	0	0	395.979797464	395.979797464	1.16830801964	-69	399	311.04413611	259.255752861
56	"1"	"1"	13	FALSE	-60	45	100	0	0	395.979797464	395.979797464	1.20179700851	-80	433	334.988999839	285.782032303
56	"1"	"1"	13	FALSE	-60	45	100	0	0	395.979797464	395.979797464	1.23485708237	-87	457	352.273609529	303.844210129
56	"1"	"1"	13	FALSE	-60	45	100	0	0	395.979797464	395.979797464	1.26850390434	-92	482	371.424244624	320.674337148
56	"1"	"1"	13	FALSE	-60	45	100	0	0	395.979797464	395.979797464	1.30189299583	-94	500	386.012701892	331.406387956
56	"1"	"1"	13	FALSE	-60	45	100	0	0	395.979797464	395.979797464	1.33484911919	-96	511	394.538981334	338.638438763
56	"1"	"1"	13	FALSE	-60	45	100	0	0	395.979797464	395.979797464	1.36863303185	-100	524	403.797311583	348.602540378
56	"1"	"1"	13	FALSE	-60	45	100	0	0	395.979797464	395.979797464	1.40192294121	-104	531	407.85948941	355.566641994
56	"1"	"1"	13	FALSE	-60	45	100	0	0	395.979797464	395.979797464	1.43527698517	-111	539	411.28769264	365.62881982
56	"1"	"1"	13	FALSE	-60	45	100	0	0	395.979797464	395.979797464	1.46868300438	-121	547	413.21589587	378.289073858
56	"1"	"1"	13	FALSE	-60	45	100	0	0	395.979797464	395.979797464	1.50209212303	-132	557	416.376149908	392.8153533
56	"1"	"1"	13	FALSE	-60	45	100	0	0	395.979797464	395.979797464	1.53533911705	-143	565	417.804353138	406.341632741
56	"1"	"1"	13	FALSE	-60	45	100	0	0	395.979797464	395.979797464	1.56877803802	-149	567	416.536403946	412.537785164
56	"1"	"1"	13	FALSE	-60	45	100	0	0	395.979797464	395.979797464	1.60215592384	-152	563	411.572302331	413.135861375
56	"1"	"1"	13	FALSE	-60	45	100	0	0	395.979797464	395.979797464	1.63533592224	-153	554	403.278073697	409.501886779
56	"1"	"1"	13	FALSE	-60	45	100	0	0	395.979797464	395.979797464	1.66888999939	-151	545	396.483845063	403.269835971
56	"1"	"1"	13	FALSE	-60	45	100	0	0	395.979797464	395.979797464	1.70222806931	-149	541	394.019743447	399.537785164
56	"1"	"1"	14	FALSE	-60	135	100	0	0	-395.979797464	395.979797464	0.00211787223816	10	-4	1.53589838486	-10.6602540378
56	"1"	"1"	14	FALSE	-60	135	100	0	0	-395.979797464	395.979797464	0.0343430042267	10	-5	0.669872981078	-11.1602540378
56	"1"	"1"	14	FALSE	-60	135	100	0	0	-395.979797464	395.979797464	0.0676860809326	10	-4	1.53589838486	-10.6602540378
56	"1"	"1"	14	FALSE	-60	135	100	0	0	-395.979797464	395.979797464	0.100919008255	9	-4	1.03589838486	-9.79422863406
56	"1"	"1"	14	FALSE	-60	135	100	0	0	-395.979797464	395.979797464	0.134374856949	9	-4	1.03589838486	-9.79422863406
56	"1"	"1"	14	FALSE	-60	135	100	0	0	-395.979797464	395.979797464	0.167567014694	9	-4	1.03589838486	-9.79422863406
56	"1"	"1"	14	FALSE	-60	135	100	0	0	-395.979797464	395.979797464	0.200990915298	9	-4	1.03589838486	-9.79422863406
56	"1"	"1"	14	FALSE	-60	135	100	0	0	-395.979797464	395.979797464	0.234462976456	9	-4	1.03589838486	-9.79422863406
56	"1"	"1"	14	FALSE	-60	135	100	0	0	-395.979797464	395.979797464	0.267816066742	8	-4	0.535898384862	-8.92820323028
56	"1"	"1"	14	FALSE	-60	135	100	0	0	-395.979797464	395.979797464	0.301064014435	-1	0	-0.5	0.866025403784
56	"1"	"1"	14	FALSE	-60	135	100	0	0	-395.979797464	395.979797464	0.334516048431	-22	7	-4.93782217351	22.5525588833
56	"1"	"1"	14	FALSE	-60	135	100	0	0	-395.979797464	395.979797464	0.367922067642	-51	11	-15.9737205584	49.667295593
56	"1"	"1"	14	FALSE	-60	135	100	0	0	-395.979797464	395.979797464	0.401197910309	-79	13	-28.2416697508	74.916006899
56	"1"	"1"	14	FALSE	-60	135	100	0	0	-395.979797464	395.979797464	0.434530973434	-120	14	-47.875644347	110.923048454
56	"1"	"1"	14	FALSE	-60	135	100	0	0	-395.979797464	395.979797464	0.468049049377	-156	13	-66.7416697508	141.59996299
56	"1"	"1"	14	FALSE	-60	135	100	0	0	-395.979797464	395.979797464	0.501189947128	-199	9	-91.7057713659	176.839055353
56	"1"	"1"	14	FALSE	-60	135	100	0	0	-395.979797464	395.979797464	0.534586906433	-243	1	-120.633974596	210.94417312
56	"1"	"1"	14	FALSE	-60	135	100	0	0	-395.979797464	395.979797464	0.567961931229	-282	-13	-152.258330249	237.719163867
56	"1"	"1"	14	FALSE	-60	135	100	0	0	-395.979797464	395.979797464	0.601362943649	-315	-31	-184.346787517	257.298002192
56	"1"	"1"	14	FALSE	-60	135	100	0	0	-395.979797464	395.979797464	0.634779930115	-342	-48	-212.569219382	272.180688094
56	"1"	"1"	14	FALSE	-60	135	100	0	0	-395.979797464	395.979797464	0.668128013611	-375	-66	-244.65767665	291.759526419
56	"1"	"1"	14	FALSE	-60	135	100	0	0	-395.979797464	395.979797464	0.70155787468	-411	-82	-276.51408311	314.936440955
56	"1"	"1"	14	FALSE	-60	135	100	0	0	-395.979797464	395.979797464	0.734935045242	-439	-95	-301.77241336	332.685152261
56	"1"	"1"	14	FALSE	-60	135	100	0	0	-395.979797464	395.979797464	0.768187999725	-462	-111	-327.12881982	344.603736548
56	"1"	"1"	14	FALSE	-60	135	100	0	0	-395.979797464	395.979797464	0.801599979401	-473	-122	-342.155099262	348.63001599
56	"1"	"1"	14	FALSE	-60	135	100	0	0	-395.979797464	395.979797464	0.834805965424	-487	-135	-360.413429511	354.254371643
56	"1"	"1"	14	FALSE	-60	135	100	0	0	-395.979797464	395.979797464	0.868145942688	-499	-140	-370.74355653	362.146676488
56	"1"	"1"	14	FALSE	-60	135	100	0	0	-395.979797464	395.979797464	0.901628017426	-512	-143	-379.841632741	371.905006738
56	"1"	"1"	14	FALSE	-60	135	100	0	0	-395.979797464	395.979797464	0.9349360466	-523	-143	-385.341632741	381.431286179
56	"1"	"1"	14	FALSE	-60	135	100	0	0	-395.979797464	395.979797464	0.968374967575	-530	-144	-389.707658145	386.993464006
56	"1"	"1"	14	FALSE	-60	135	100	0	0	-395.979797464	395.979797464	1.00171494484	-533	-144	-391.207658145	389.591540217
56	"1"	"1"	15	FALSE	-60	90	100	0	0	3.42901103761e-14	560	0.00184106826782	10	-9	-2.79422863406	-13.1602540378
56	"1"	"1"	15	FALSE	-60	90	100	0	0	3.42901103761e-14	560	0.0348770618439	10	-9	-2.79422863406	-13.1602540378
56	"1"	"1"	15	FALSE	-60	90	100	0	0	3.42901103761e-14	560	0.0682020187378	10	-9	-2.79422863406	-13.1602540378
56	"1"	"1"	15	FALSE	-60	90	100	0	0	3.42901103761e-14	560	0.101006984711	10	-9	-2.79422863406	-13.1602540378
56	"1"	"1"	15	FALSE	-60	90	100	0	0	3.42901103761e-14	560	0.134963035583	10	-9	-2.79422863406	-13.1602540378
56	"1"	"1"	15	FALSE	-60	90	100	0	0	3.42901103761e-14	560	0.16831612587	10	-9	-2.79422863406	-13.1602540378
56	"1"	"1"	15	FALSE	-60	90	100	0	0	3.42901103761e-14	560	0.201553106308	10	-9	-2.79422863406	-13.1602540378
56	"1"	"1"	15	FALSE	-60	90	100	0	0	3.42901103761e-14	560	0.234981060028	10	-8	-1.92820323028	-12.6602540378
56	"1"	"1"	15	FALSE	-60	90	100	0	0	3.42901103761e-14	560	0.268399000168	9	-7	-1.56217782649	-11.2942286341
56	"1"	"1"	15	FALSE	-60	90	100	0	0	3.42901103761e-14	560	0.301810026169	5	-2	0.767949192431	-5.33012701892
56	"1"	"1"	15	FALSE	-60	90	100	0	0	3.42901103761e-14	560	0.335103034973	-11	13	5.7583302492	16.0262794416
56	"1"	"1"	15	FALSE	-60	90	100	0	0	3.42901103761e-14	560	0.368467092514	-39	37	12.54293994	52.2749907476
56	"1"	"1"	15	FALSE	-60	90	100	0	0	3.42901103761e-14	560	0.401338100433	-63	57	17.8634480157	83.0596004384
56	"1"	"1"	15	FALSE	-60	90	100	0	0	3.42901103761e-14	560	0.435189008713	-94	79	21.416006899	120.906387956
56	"1"	"1"	15	FALSE	-60	90	100	0	0	3.42901103761e-14	560	0.467883110046	-128	100	22.6025403784	160.851251684
56	"1"	"1"	15	FALSE	-60	90	100	0	0	3.42901103761e-14	560	0.50193810463	-157	117	22.8249722428	194.465988394
56	"1"	"1"	15	FALSE	-60	90	100	0	0	3.42901103761e-14	560	0.535258054733	-190	139	25.377531126	234.044826719
56	"1"	"1"	15	FALSE	-60	90	100	0	0	3.42901103761e-14	560	0.568336963654	-217	162	31.7961154131	268.927512621
56	"1"	"1"	15	FALSE	-60	90	100	0	0	3.42901103761e-14	560	0.601957082748	-251	187	36.4467505077	310.87237635
56	"1"	"1"	15	FALSE	-60	90	100	0	0	3.42901103761e-14	560	0.635370016098	-274	206	41.4012331796	340.290960637
56	"1"	"1"	15	FALSE	-60	90	100	0	0	3.42901103761e-14	560	0.668718099594	-298	220	41.5255888326	368.075570328
56	"1"	"1"	15	FALSE	-60	90	100	0	0	3.42901103761e-14	560	0.702058076859	-320	231	40.0518682742	392.628129211
56	"1"	"1"	15	FALSE	-60	90	100	0	0	3.42901103761e-14	560	0.734790086746	-333	239	40.4800715045	407.88645946
56	"1"	"1"	15	FALSE	-60	90	100	0	0	3.42901103761e-14	560	0.768687963486	-356	252	40.2384017537	434.305043747
56	"1"	"1"	15	FALSE	-60	90	100	0	0	3.42901103761e-14	560	0.802114009857	-372	258	37.4345541764	451.161450208
56	"1"	"1"	15	FALSE	-60	90	100	0	0	3.42901103761e-14	560	0.835302114487	-393	267	34.7287828104	473.847983687
56	"1"	"1"	15	FALSE	-60	90	100	0	0	3.42901103761e-14	560	0.868314981461	-405	274	34.7909606369	487.740288533
56	"1"	"1"	15	FALSE	-60	90	100	0	0	3.42901103761e-14	560	0.902235031128	-419	285	37.3172400786	505.364644186
56	"1"	"1"	15	FALSE	-60	90	100	0	0	3.42901103761e-14	560	0.935637950897	-432	296	40.3435195202	522.122974435
56	"1"	"1"	15	FALSE	-60	90	100	0	0	3.42901103761e-14	560	0.968601942062	-444	305	42.1377481543	537.01527928
56	"1"	"1"	15	FALSE	-60	90	100	0	0	3.42901103761e-14	560	1.0023829937	-458	311	40.333900577	552.139634933
56	"1"	"1"	15	FALSE	-60	90	100	0	0	3.42901103761e-14	560	1.03563404083	-469	312	35.6999259807	562.165914375
56	"1"	"1"	15	FALSE	-60	90	100	0	0	3.42901103761e-14	560	1.06898999214	-475	312	32.6999259807	567.362066798
56	"1"	"1"	15	FALSE	-60	90	100	0	0	3.42901103761e-14	560	1.10184693336	-485	306	22.503773558	573.022320835
56	"1"	"1"	15	FALSE	-60	90	100	0	0	3.42901103761e-14	560	1.1356420517	-490	303	17.4056973467	575.852447854
56	"1"	"1"	15	FALSE	-60	90	100	0	0	3.42901103761e-14	560	1.16904091835	-495	299	11.4415957315	578.182574873
56	"1"	"1"	15	FALSE	-60	90	100	0	0	3.42901103761e-14	560	1.20226502419	-494	293	6.74544330884	574.31654947
56	"1"	"1"	15	FALSE	-60	90	100	0	0	3.42901103761e-14	560	1.23579406738	-491	286	2.18326548235	568.218473258
56	"1"	"1"	15	FALSE	-60	90	100	0	0	3.42901103761e-14	560	1.26865506172	-486	282	1.21916386721	561.888346239
56	"1"	"1"	15	FALSE	-60	90	100	0	0	3.42901103761e-14	560	1.30253195763	-483	281	1.85313846343	558.790270028
56	"1"	"1"	15	FALSE	-60	90	100	0	0	3.42901103761e-14	560	1.33574199677	-481	282	3.71916386721	557.55821922
56	"1"	"1"	15	FALSE	-60	90	100	0	0	3.42901103761e-14	560	1.36923193932	-482	283	4.085189271	558.924244624
56	"1"	"1"	16	FALSE	-60	90	100	0	0	3.42901103761e-14	560	0.0021550655365	3	-7	-4.56217782649	-6.09807621135
56	"1"	"1"	16	FALSE	-60	90	100	0	0	3.42901103761e-14	560	0.0345840454102	3	-7	-4.56217782649	-6.09807621135
56	"1"	"1"	16	FALSE	-60	90	100	0	0	3.42901103761e-14	560	0.0679590702057	3	-7	-4.56217782649	-6.09807621135
56	"1"	"1"	16	FALSE	-60	90	100	0	0	3.42901103761e-14	560	0.101212024689	3	-7	-4.56217782649	-6.09807621135
56	"1"	"1"	16	FALSE	-60	90	100	0	0	3.42901103761e-14	560	0.134595155716	3	-7	-4.56217782649	-6.09807621135
56	"1"	"1"	16	FALSE	-60	90	100	0	0	3.42901103761e-14	560	0.167998075485	3	-7	-4.56217782649	-6.09807621135
56	"1"	"1"	16	FALSE	-60	90	100	0	0	3.42901103761e-14	560	0.200998067856	3	-7	-4.56217782649	-6.09807621135
56	"1"	"1"	16	FALSE	-60	90	100	0	0	3.42901103761e-14	560	0.234508991241	3	-7	-4.56217782649	-6.09807621135
56	"1"	"1"	16	FALSE	-60	90	100	0	0	3.42901103761e-14	560	0.26796412468	2	-5	-3.33012701892	-4.23205080757
56	"1"	"1"	16	FALSE	-60	90	100	0	0	3.42901103761e-14	560	0.301342010498	-7	4	-0.0358983848622	8.06217782649
56	"1"	"1"	16	FALSE	-60	90	100	0	0	3.42901103761e-14	560	0.334270000458	-43	32	6.2128129211	53.2390923627
56	"1"	"1"	16	FALSE	-60	90	100	0	0	3.42901103761e-14	560	0.368210077286	-79	53	6.39934640058	94.916006899
56	"1"	"1"	16	FALSE	-60	90	100	0	0	3.42901103761e-14	560	0.401602983475	-122	78	6.54998149519	144.655099262
56	"1"	"1"	16	FALSE	-60	90	100	0	0	3.42901103761e-14	560	0.434334039688	-167	108	10.0307436087	198.626242432
56	"1"	"1"	16	FALSE	-60	90	100	0	0	3.42901103761e-14	560	0.468288183212	-205	135	14.4134295109	245.035207776
56	"1"	"1"	16	FALSE	-60	90	100	0	0	3.42901103761e-14	560	0.501569986343	-249	167	20.126242432	299.140325542
56	"1"	"1"	16	FALSE	-60	90	100	0	0	3.42901103761e-14	560	0.534634113312	-288	200	29.2050807569	349.41531629
56	"1"	"1"	16	FALSE	-60	90	100	0	0	3.42901103761e-14	560	0.568411111832	-342	235	32.5159698893	413.680688094
56	"1"	"1"	16	FALSE	-60	90	100	0	0	3.42901103761e-14	560	0.601628065109	-377	251	28.8723763499	451.991577227
56	"1"	"1"	16	FALSE	-60	90	100	0	0	3.42901103761e-14	560	0.635117053986	-407	262	23.3986557915	483.47233934
56	"1"	"1"	16	FALSE	-60	90	100	0	0	3.42901103761e-14	560	0.668439149857	-424	267	19.2287828104	500.694771205
56	"1"	"1"	16	FALSE	-60	90	100	0	0	3.42901103761e-14	560	0.701359033585	-435	268	14.5948082142	510.721050646
56	"1"	"1"	16	FALSE	-60	90	100	0	0	3.42901103761e-14	560	0.735016107559	-445	269	10.460833618	519.881304684
56	"1"	"1"	16	FALSE	-60	90	100	0	0	3.42901103761e-14	560	0.768242120743	-455	275	10.6569860407	531.541558722
56	"1"	"1"	16	FALSE	-60	90	100	0	0	3.42901103761e-14	560	0.801952123642	-465	283	12.585189271	544.20181276
56	"1"	"1"	16	FALSE	-60	90	100	0	0	3.42901103761e-14	560	0.835111141205	-471	288	13.9153162899	551.897965182
56	"1"	"1"	16	FALSE	-60	90	100	0	0	3.42901103761e-14	560	0.868623018265	-473	288	12.9153162899	553.63001599
56	"1"	"1"	16	FALSE	-60	90	100	0	0	3.42901103761e-14	560	0.901178121567	-475	288	11.9153162899	555.362066798
56	"1"	"1"	16	FALSE	-60	90	100	0	0	3.42901103761e-14	560	0.93529510498	-478	287	9.54929088613	557.460143009
56	"1"	"1"	16	FALSE	-60	90	100	0	0	3.42901103761e-14	560	0.968710184097	-482	288	8.41531628992	561.424244624
56	"1"	"1"	16	FALSE	-60	90	100	0	0	3.42901103761e-14	560	1.00187206268	-487	289	6.7813416937	566.254371643
56	"1"	"1"	16	FALSE	-60	90	100	0	0	3.42901103761e-14	560	1.03486704826	-488	290	7.14736709749	567.620397047
56	"1"	"1"	17	FALSE	-60	45	100	0	0	395.979797464	395.979797464	0.00173401832581	1	-6	-4.69615242271	-3.86602540378
56	"1"	"1"	17	FALSE	-60	45	100	0	0	395.979797464	395.979797464	0.03484582901	1	-6	-4.69615242271	-3.86602540378
56	"1"	"1"	17	FALSE	-60	45	100	0	0	395.979797464	395.979797464	0.0681388378143	1	-6	-4.69615242271	-3.86602540378
56	"1"	"1"	17	FALSE	-60	45	100	0	0	395.979797464	395.979797464	0.101166009903	1	-6	-4.69615242271	-3.86602540378
56	"1"	"1"	17	FALSE	-60	45	100	0	0	395.979797464	395.979797464	0.134876012802	0	-5	-4.33012701892	-2.5
56	"1"	"1"	17	FALSE	-60	45	100	0	0	395.979797464	395.979797464	0.168363809586	-2	-2	-2.73205080757	0.732050807569
56	"1"	"1"	17	FALSE	-60	45	100	0	0	395.979797464	395.979797464	0.201784849167	-9	5	-0.169872981078	10.2942286341
56	"1"	"1"	17	FALSE	-60	45	100	0	0	395.979797464	395.979797464	0.235133886337	-17	15	4.49038105677	22.2224318643
56	"1"	"1"	17	FALSE	-60	45	100	0	0	395.979797464	395.979797464	0.26836180687	-20	23	9.91858428704	28.8205080757
56	"1"	"1"	17	FALSE	-60	45	100	0	0	395.979797464	395.979797464	0.301440000534	-21	42	25.8730669589	39.1865334795
56	"1"	"1"	17	FALSE	-60	45	100	0	0	395.979797464	395.979797464	0.335205793381	-27	72	48.8538290725	59.3826859022
56	"1"	"1"	17	FALSE	-60	45	100	0	0	395.979797464	395.979797464	0.368525981903	-34	101	70.4685657822	79.9448637287
56	"1"	"1"	17	FALSE	-60	45	100	0	0	395.979797464	395.979797464	0.401786804199	-42	142	101.975607337	107.373066959
56	"1"	"1"	17	FALSE	-60	45	100	0	0	395.979797464	395.979797464	0.434557914734	-47	178	130.652521874	129.703193978
56	"1"	"1"	17	FALSE	-60	45	100	0	0	395.979797464	395.979797464	0.468482971191	-47	228	173.953792063	154.703193978
56	"1"	"1"	17	FALSE	-60	45	100	0	0	395.979797464	395.979797464	0.501935005188	-47	264	205.130706599	172.703193978
56	"1"	"1"	17	FALSE	-60	45	100	0	0	395.979797464	395.979797464	0.535320997238	-52	311	243.333900577	200.533320997
56	"1"	"1"	17	FALSE	-60	45	100	0	0	395.979797464	395.979797464	0.568588018417	-60	363	284.367221574	233.461524227
56	"1"	"1"	17	FALSE	-60	45	100	0	0	395.979797464	395.979797464	0.601991891861	-66	401	314.276186918	257.65767665
56	"1"	"1"	17	FALSE	-60	45	100	0	0	395.979797464	395.979797464	0.635393857956	-79	437	338.953101454	286.916006899
56	"1"	"1"	17	FALSE	-60	45	100	0	0	395.979797464	395.979797464	0.668453931808	-90	466	358.567838164	310.942286341
56	"1"	"1"	17	FALSE	-60	45	100	0	0	395.979797464	395.979797464	0.702243804932	-99	500	383.512701892	335.736514975
56	"1"	"1"	17	FALSE	-60	45	100	0	0	395.979797464	395.979797464	0.735459804535	-105	513	391.771032141	347.432667397
56	"1"	"1"	17	FALSE	-60	45	100	0	0	395.979797464	395.979797464	0.768841981888	-116	526	397.529362391	363.458946839
56	"1"	"1"	17	FALSE	-60	45	100	0	0	395.979797464	395.979797464	0.802133798599	-129	538	401.421667236	380.717277088
56	"1"	"1"	17	FALSE	-60	45	100	0	0	395.979797464	395.979797464	0.835574865341	-139	549	405.947946678	394.877531126
56	"1"	"1"	17	FALSE	-60	45	100	0	0	395.979797464	395.979797464	0.868577957153	-148	560	410.974226119	408.17175976
56	"1"	"1"	17	FALSE	-60	45	100	0	0	395.979797464	395.979797464	0.902103900909	-151	565	413.804353138	413.269835971
56	"1"	"1"	17	FALSE	-60	45	100	0	0	395.979797464	395.979797464	0.935724973679	-149	564	413.938327734	411.037785164
56	"1"	"1"	17	FALSE	-60	45	100	0	0	395.979797464	395.979797464	0.968899965286	-148	559	410.108200716	407.67175976
56	"1"	"1"	17	FALSE	-60	45	100	0	0	395.979797464	395.979797464	1.00241184235	-147	556	408.010124504	405.305734356
56	"1"	"1"	17	FALSE	-60	45	100	0	0	395.979797464	395.979797464	1.03504681587	-147	555	407.1440991	404.805734356
56	"1"	"1"	17	FALSE	-60	45	100	0	0	395.979797464	395.979797464	1.06884479523	-147	555	407.1440991	404.805734356
56	"1"	"1"	18	FALSE	-60	135	100	0	0	-395.979797464	395.979797464	0.00228881835938	11	0	5.5	-9.52627944163
56	"1"	"1"	18	FALSE	-60	135	100	0	0	-395.979797464	395.979797464	0.034679889679	10	0	5	-8.66025403784
56	"1"	"1"	18	FALSE	-60	135	100	0	0	-395.979797464	395.979797464	0.068069934845	10	0	5	-8.66025403784
56	"1"	"1"	18	FALSE	-60	135	100	0	0	-395.979797464	395.979797464	0.101507902145	10	0	5	-8.66025403784
56	"1"	"1"	18	FALSE	-60	135	100	0	0	-395.979797464	395.979797464	0.134676933289	10	0	5	-8.66025403784
56	"1"	"1"	18	FALSE	-60	135	100	0	0	-395.979797464	395.979797464	0.168027877808	10	0	5	-8.66025403784
56	"1"	"1"	18	FALSE	-60	135	100	0	0	-395.979797464	395.979797464	0.200860023499	10	0	5	-8.66025403784
56	"1"	"1"	18	FALSE	-60	135	100	0	0	-395.979797464	395.979797464	0.234812021255	10	0	5	-8.66025403784
56	"1"	"1"	18	FALSE	-60	135	100	0	0	-395.979797464	395.979797464	0.268196821213	4	1	2.86602540378	-2.96410161514
56	"1"	"1"	18	FALSE	-60	135	100	0	0	-395.979797464	395.979797464	0.301436901093	-17	3	-5.90192378865	16.2224318643
56	"1"	"1"	18	FALSE	-60	135	100	0	0	-395.979797464	395.979797464	0.334862947464	-56	7	-21.9378221735	51.9974226119
56	"1"	"1"	18	FALSE	-60	135	100	0	0	-395.979797464	395.979797464	0.368317842484	-97	7	-42.4378221735	87.5044641671
56	"1"	"1"	18	FALSE	-60	135	100	0	0	-395.979797464	395.979797464	0.401597976685	-140	-1	-70.8660254038	120.74355653
56	"1"	"1"	18	FALSE	-60	135	100	0	0	-395.979797464	395.979797464	0.435011863708	-184	-13	-103.258330249	152.848674296
56	"1"	"1"	18	FALSE	-60	135	100	0	0	-395.979797464	395.979797464	0.46834897995	-226	-21	-131.186533479	185.221741255
56	"1"	"1"	18	FALSE	-60	135	100	0	0	-395.979797464	395.979797464	0.501389026642	-283	-30	-167.480762114	230.085189271
56	"1"	"1"	18	FALSE	-60	135	100	0	0	-395.979797464	395.979797464	0.535022974014	-338	-35	-199.310889132	275.216586479
56	"1"	"1"	18	FALSE	-60	135	100	0	0	-395.979797464	395.979797464	0.568451881409	-382	-37	-223.04293994	312.321704246
56	"1"	"1"	18	FALSE	-60	135	100	0	0	-395.979797464	395.979797464	0.601652860641	-424	-44	-250.105117767	345.194771205
56	"1"	"1"	18	FALSE	-60	135	100	0	0	-395.979797464	395.979797464	0.635000944138	-449	-52	-269.533320997	362.845406299
56	"1"	"1"	18	FALSE	-60	135	100	0	0	-395.979797464	395.979797464	0.668418884277	-466	-63	-287.559600438	372.067838164
56	"1"	"1"	18	FALSE	-60	135	100	0	0	-395.979797464	395.979797464	0.701773881912	-477	-72	-300.853829072	377.094117605
56	"1"	"1"	18	FALSE	-60	135	100	0	0	-395.979797464	395.979797464	0.734578847885	-486	-80	-312.282032303	380.888346239
56	"1"	"1"	18	FALSE	-60	135	100	0	0	-395.979797464	395.979797464	0.768575906754	-494	-86	-321.478184725	384.81654947
56	"1"	"1"	18	FALSE	-60	135	100	0	0	-395.979797464	395.979797464	0.802047967911	-501	-91	-329.308311744	388.378727296
56	"1"	"1"	18	FALSE	-60	135	100	0	0	-395.979797464	395.979797464	0.835329055786	-511	-98	-340.370489571	393.538981334
56	"1"	"1"	18	FALSE	-60	135	100	0	0	-395.979797464	395.979797464	0.868525981903	-519	-107	-352.164718205	395.967184564
56	"1"	"1"	18	FALSE	-60	135	100	0	0	-395.979797464	395.979797464	0.901371002197	-523	-112	-358.494845224	396.931286179
56	"1"	"1"	18	FALSE	-60	135	100	0	0	-395.979797464	395.979797464	0.935451984406	-526	-117	-364.324972243	397.029362391
56	"1"	"1"	18	FALSE	-60	135	100	0	0	-395.979797464	395.979797464	0.968768835068	-528	-121	-368.789073858	396.761413198
56	"1"	"1"	18	FALSE	-60	135	100	0	0	-395.979797464	395.979797464	1.00213003159	-531	-124	-372.887150069	397.85948941
56	"1"	"1"	18	FALSE	-60	135	100	0	0	-395.979797464	395.979797464	1.03553295135	-533	-127	-376.485226281	398.091540217
56	"1"	"1"	18	FALSE	-60	135	100	0	0	-395.979797464	395.979797464	1.06858992577	-536	-131	-381.449327896	398.689616428
56	"1"	"1"	19	FALSE	-60	45	100	0	0	395.979797464	395.979797464	0.00215721130371	-4	-12	-12.3923048454	-2.53589838486
56	"1"	"1"	19	FALSE	-60	45	100	0	0	395.979797464	395.979797464	0.03480219841	-4	-11	-11.5262794416	-2.03589838486
56	"1"	"1"	19	FALSE	-60	45	100	0	0	395.979797464	395.979797464	0.0681102275848	-2	-9	-8.79422863406	-2.76794919243
56	"1"	"1"	19	FALSE	-60	45	100	0	0	395.979797464	395.979797464	0.101340055466	-2	-8	-7.92820323028	-2.26794919243
56	"1"	"1"	19	FALSE	-60	45	100	0	0	395.979797464	395.979797464	0.134779214859	-1	-5	-4.83012701892	-1.63397459622
56	"1"	"1"	19	FALSE	-60	45	100	0	0	395.979797464	395.979797464	0.167632102966	0	-3	-2.59807621135	-1.5
56	"1"	"1"	19	FALSE	-60	45	100	0	0	395.979797464	395.979797464	0.201471090317	0	-2	-1.73205080757	-1
56	"1"	"1"	19	FALSE	-60	45	100	0	0	395.979797464	395.979797464	0.234698057175	1	-1	-0.366025403784	-1.36602540378
56	"1"	"1"	19	FALSE	-60	45	100	0	0	395.979797464	395.979797464	0.267862081528	2	0	1	-1.73205080757
56	"1"	"1"	19	FALSE	-60	45	100	0	0	395.979797464	395.979797464	0.300852060318	0	4	3.46410161514	2
56	"1"	"1"	19	FALSE	-60	45	100	0	0	395.979797464	395.979797464	0.334821224213	-7	25	18.1506350946	18.5621778265
56	"1"	"1"	19	FALSE	-60	45	100	0	0	395.979797464	395.979797464	0.368369102478	-15	62	46.1935750346	43.9903810568
56	"1"	"1"	19	FALSE	-60	45	100	0	0	395.979797464	395.979797464	0.401019096375	-27	101	73.9685657822	73.8826859022
56	"1"	"1"	19	FALSE	-60	45	100	0	0	395.979797464	395.979797464	0.43491601944	-39	134	96.5474041071	100.774990748
56	"1"	"1"	19	FALSE	-60	45	100	0	0	395.979797464	395.979797464	0.468413114548	-55	179	127.518547277	137.131397208
56	"1"	"1"	19	FALSE	-60	45	100	0	0	395.979797464	395.979797464	0.501569032669	-67	223	159.623665044	169.523702054
56	"1"	"1"	19	FALSE	-60	45	100	0	0	395.979797464	395.979797464	0.535129070282	-75	258	185.934554176	193.951905284
56	"1"	"1"	19	FALSE	-60	45	100	0	0	395.979797464	395.979797464	0.568460226059	-88	296	212.34351952	224.210235533
56	"1"	"1"	19	FALSE	-60	45	100	0	0	395.979797464	395.979797464	0.601788043976	-106	335	237.118510268	259.298692801
56	"1"	"1"	19	FALSE	-60	45	100	0	0	395.979797464	395.979797464	0.634550094604	-123	368	257.197348593	290.521124665
56	"1"	"1"	19	FALSE	-60	45	100	0	0	395.979797464	395.979797464	0.668535232544	-135	407	284.97233934	320.413429511
56	"1"	"1"	19	FALSE	-60	45	100	0	0	395.979797464	395.979797464	0.701961040497	-142	437	307.453101454	341.475607337
56	"1"	"1"	19	FALSE	-60	45	100	0	0	395.979797464	395.979797464	0.735213041306	-146	456	321.907584126	354.439708953
56	"1"	"1"	19	FALSE	-60	45	100	0	0	395.979797464	395.979797464	0.768337011337	-147	469	332.665914375	361.805734356
56	"1"	"1"	19	FALSE	-60	45	100	0	0	395.979797464	395.979797464	0.801859140396	-145	482	344.924244624	366.573683549
56	"1"	"1"	19	FALSE	-60	45	100	0	0	395.979797464	395.979797464	0.834806203842	-145	493	354.450524066	372.073683549
56	"1"	"1"	19	FALSE	-60	45	100	0	0	395.979797464	395.979797464	0.868682146072	-145	501	361.378727296	376.073683549
56	"1"	"1"	19	FALSE	-60	45	100	0	0	395.979797464	395.979797464	0.901924133301	-144	507	367.074879719	378.207658145
56	"1"	"1"	19	FALSE	-60	45	100	0	0	395.979797464	395.979797464	0.935227155685	-145	513	371.771032141	382.073683549
56	"1"	"1"	19	FALSE	-60	45	100	0	0	395.979797464	395.979797464	0.96875	-147	517	374.235133757	385.805734356
56	"1"	"1"	19	FALSE	-60	45	100	0	0	395.979797464	395.979797464	1.00180912018	-147	518	375.10115916	386.305734356
56	"1"	"1"	19	FALSE	-60	45	100	0	0	395.979797464	395.979797464	1.03552508354	-145	520	377.833209968	385.573683549
56	"1"	"1"	19	FALSE	-60	45	100	0	0	395.979797464	395.979797464	1.06883001328	-144	521	379.199235372	385.207658145
56	"1"	"1"	19	FALSE	-60	45	100	0	0	395.979797464	395.979797464	1.10209321976	-144	521	379.199235372	385.207658145
56	"1"	"1"	19	FALSE	-60	45	100	0	0	395.979797464	395.979797464	1.13536119461	-143	523	381.431286179	385.341632741
56	"1"	"1"	19	FALSE	-60	45	100	0	0	395.979797464	395.979797464	1.16888904572	-142	525	383.663336987	385.475607337
56	"1"	"1"	19	FALSE	-60	45	100	0	0	395.979797464	395.979797464	1.20219302177	-142	526	384.529362391	385.975607337
56	"1"	"1"	19	FALSE	-60	45	100	0	0	395.979797464	395.979797464	1.23566412926	-141	526	385.029362391	385.109581934
56	"1"	"1"	19	FALSE	-60	45	100	0	0	395.979797464	395.979797464	1.26900410652	-139	528	387.761413198	384.377531126
56	"1"	"1"	19	FALSE	-60	45	100	0	0	395.979797464	395.979797464	1.30233502388	-137	529	389.627438602	383.145480318
56	"1"	"1"	19	FALSE	-60	45	100	0	0	395.979797464	395.979797464	1.33499503136	-137	529	389.627438602	383.145480318
56	"1"	"1"	20	FALSE	-60	90	100	0	0	3.42901103761e-14	560	0.0021378993988	8	7	10.0621778265	-3.42820323028
56	"1"	"1"	20	FALSE	-60	90	100	0	0	3.42901103761e-14	560	0.0346188545227	8	7	10.0621778265	-3.42820323028
56	"1"	"1"	20	FALSE	-60	90	100	0	0	3.42901103761e-14	560	0.0680239200592	8	7	10.0621778265	-3.42820323028
56	"1"	"1"	20	FALSE	-60	90	100	0	0	3.42901103761e-14	560	0.101366996765	8	7	10.0621778265	-3.42820323028
56	"1"	"1"	20	FALSE	-60	90	100	0	0	3.42901103761e-14	560	0.13481092453	7	6	8.69615242271	-3.06217782649
56	"1"	"1"	20	FALSE	-60	90	100	0	0	3.42901103761e-14	560	0.167718887329	7	4	6.96410161514	-4.06217782649
56	"1"	"1"	20	FALSE	-60	90	100	0	0	3.42901103761e-14	560	0.201243877411	6	2	4.73205080757	-4.19615242271
56	"1"	"1"	20	FALSE	-60	90	100	0	0	3.42901103761e-14	560	0.234307050705	5	-1	1.63397459622	-4.83012701892
56	"1"	"1"	20	FALSE	-60	90	100	0	0	3.42901103761e-14	560	0.268350839615	4	-2	0.267949192431	-4.46410161514
56	"1"	"1"	20	FALSE	-60	90	100	0	0	3.42901103761e-14	560	0.301578998566	-3	0	-1.5	2.59807621135
56	"1"	"1"	20	FALSE	-60	90	100	0	0	3.42901103761e-14	560	0.334898948669	-29	16	-0.643593539449	33.1147367097
56	"1"	"1"	20	FALSE	-60	90	100	0	0	3.42901103761e-14	560	0.368149995804	-61	43	6.73909236273	74.3275496309
56	"1"	"1"	20	FALSE	-60	90	100	0	0	3.42901103761e-14	560	0.401684045792	-116	79	10.416006899	139.958946839
56	"1"	"1"	20	FALSE	-60	90	100	0	0	3.42901103761e-14	560	0.434954881668	-154	103	12.2006165898	184.867912183
56	"1"	"1"	20	FALSE	-60	90	100	0	0	3.42901103761e-14	560	0.468278884888	-195	125	10.7531754731	231.374953738
56	"1"	"1"	20	FALSE	-60	90	100	0	0	3.42901103761e-14	560	0.50168800354	-233	148	11.6717597601	275.783919082
56	"1"	"1"	20	FALSE	-60	90	100	0	0	3.42901103761e-14	560	0.53466296196	-260	167	14.626242432	308.666604984
56	"1"	"1"	20	FALSE	-60	90	100	0	0	3.42901103761e-14	560	0.568478822708	-284	191	23.4108521228	341.451214675
56	"1"	"1"	20	FALSE	-60	90	100	0	0	3.42901103761e-14	560	0.601652860641	-304	213	32.4634110061	369.77172275
56	"1"	"1"	20	FALSE	-60	90	100	0	0	3.42901103761e-14	560	0.634595870972	-314	225	37.8557158515	384.431976788
56	"1"	"1"	20	FALSE	-60	90	100	0	0	3.42901103761e-14	560	0.667896032333	-332	242	43.5781477158	408.520434056
56	"1"	"1"	20	FALSE	-60	90	100	0	0	3.42901103761e-14	560	0.701297044754	-357	264	50.1307065991	441.171069151
56	"1"	"1"	20	FALSE	-60	90	100	0	0	3.42901103761e-14	560	0.735224962234	-383	279	50.1210876559	471.187729649
56	"1"	"1"	20	FALSE	-60	90	100	0	0	3.42901103761e-14	560	0.768637895584	-402	289	49.2813416937	492.642212321
56	"1"	"1"	20	FALSE	-60	90	100	0	0	3.42901103761e-14	560	0.801892995834	-417	294	46.1114687126	508.132593378
56	"1"	"1"	20	FALSE	-60	90	100	0	0	3.42901103761e-14	560	0.83526301384	-430	296	41.3435195202	520.390923627
56	"1"	"1"	20	FALSE	-60	90	100	0	0	3.42901103761e-14	560	0.868722915649	-441	294	34.1114687126	528.917203069
56	"1"	"1"	20	FALSE	-60	90	100	0	0	3.42901103761e-14	560	0.901993989944	-455	293	26.2454433088	540.541558722
56	"1"	"1"	20	FALSE	-60	90	100	0	0	3.42901103761e-14	560	0.935335874557	-471	295	19.9774941164	555.397965182
56	"1"	"1"	20	FALSE	-60	90	100	0	0	3.42901103761e-14	560	0.968729019165	-487	296	12.8435195202	569.754371643
56	"1"	"1"	20	FALSE	-60	90	100	0	0	3.42901103761e-14	560	1.00144886971	-496	292	4.87941790506	575.548600277
56	"1"	"1"	20	FALSE	-60	90	100	0	0	3.42901103761e-14	560	1.03538990021	-502	286	-3.31673451765	577.7447527
56	"1"	"1"	20	FALSE	-60	90	100	0	0	3.42901103761e-14	560	1.06883692741	-502	282	-6.78083613279	575.7447527
56	"1"	"1"	20	FALSE	-60	90	100	0	0	3.42901103761e-14	560	1.10175395012	-500	280	-7.51288694036	573.012701892
56	"1"	"1"	20	FALSE	-60	90	100	0	0	3.42901103761e-14	560	1.13555192947	-498	279	-7.37891234414	570.780651085
56	"1"	"1"	20	FALSE	-60	90	100	0	0	3.42901103761e-14	560	1.16880702972	-497	280	-6.01288694036	570.414625681
56	"1"	"1"	21	FALSE	-60	135	100	0	0	-395.979797464	395.979797464	0.00203704833984	-1	-9	-8.29422863406	-3.63397459622
56	"1"	"1"	21	FALSE	-60	135	100	0	0	-395.979797464	395.979797464	0.0347130298615	0	-9	-7.79422863406	-4.5
56	"1"	"1"	21	FALSE	-60	135	100	0	0	-395.979797464	395.979797464	0.0681331157684	2	-10	-7.66025403784	-6.73205080757
56	"1"	"1"	21	FALSE	-60	135	100	0	0	-395.979797464	395.979797464	0.101479053497	3	-10	-7.16025403784	-7.59807621135
56	"1"	"1"	21	FALSE	-60	135	100	0	0	-395.979797464	395.979797464	0.134829998016	4	-10	-6.66025403784	-8.46410161514
56	"1"	"1"	21	FALSE	-60	135	100	0	0	-395.979797464	395.979797464	0.168012142181	4	-10	-6.66025403784	-8.46410161514
56	"1"	"1"	21	FALSE	-60	135	100	0	0	-395.979797464	395.979797464	0.201507091522	4	-10	-6.66025403784	-8.46410161514
56	"1"	"1"	21	FALSE	-60	135	100	0	0	-395.979797464	395.979797464	0.234839200974	4	-11	-7.52627944163	-8.96410161514
56	"1"	"1"	21	FALSE	-60	135	100	0	0	-395.979797464	395.979797464	0.268180131912	3	-11	-8.02627944163	-8.09807621135
56	"1"	"1"	21	FALSE	-60	135	100	0	0	-395.979797464	395.979797464	0.301648139954	-10	-11	-14.5262794416	3.16025403784
56	"1"	"1"	21	FALSE	-60	135	100	0	0	-395.979797464	395.979797464	0.33433008194	-43	-12	-31.8923048454	31.2390923627
56	"1"	"1"	21	FALSE	-60	135	100	0	0	-395.979797464	395.979797464	0.368249177933	-87	-10	-52.1602540378	70.3442101292
56	"1"	"1"	21	FALSE	-60	135	100	0	0	-395.979797464	395.979797464	0.401751041412	-133	-13	-77.7583302492	108.681378703
56	"1"	"1"	21	FALSE	-60	135	100	0	0	-395.979797464	395.979797464	0.435074090958	-174	-18	-102.588457268	141.688420258
56	"1"	"1"	21	FALSE	-60	135	100	0	0	-395.979797464	395.979797464	0.468261003494	-221	-28	-134.748711306	177.391614236
56	"1"	"1"	21	FALSE	-60	135	100	0	0	-395.979797464	395.979797464	0.501779079437	-275	-50	-180.801270189	213.156986041
56	"1"	"1"	21	FALSE	-60	135	100	0	0	-395.979797464	395.979797464	0.534399032593	-320	-75	-224.951905284	239.628129211
56	"1"	"1"	21	FALSE	-60	135	100	0	0	-395.979797464	395.979797464	0.568490982056	-363	-98	-266.370489571	265.367221574
56	"1"	"1"	21	FALSE	-60	135	100	0	0	-395.979797464	395.979797464	0.601850986481	-398	-114	-297.726896031	287.678110706
56	"1"	"1"	21	FALSE	-60	135	100	0	0	-395.979797464	395.979797464	0.634849071503	-425	-131	-325.949327896	302.560796608
56	"1"	"1"	21	FALSE	-60	135	100	0	0	-395.979797464	395.979797464	0.668582201004	-441	-144	-345.207658145	309.917203069
56	"1"	"1"	21	FALSE	-60	135	100	0	0	-395.979797464	395.979797464	0.701805114746	-452	-156	-361.09996299	313.443482511
56	"1"	"1"	21	FALSE	-60	135	100	0	0	-395.979797464	395.979797464	0.735176086426	-460	-164	-372.028166221	316.371685741
56	"1"	"1"	21	FALSE	-60	135	100	0	0	-395.979797464	395.979797464	0.768131017685	-464	-168	-377.492267836	317.835787356
56	"1"	"1"	21	FALSE	-60	135	100	0	0	-395.979797464	395.979797464	0.802029132843	-470	-171	-383.090344047	321.531939779
56	"1"	"1"	21	FALSE	-60	135	100	0	0	-395.979797464	395.979797464	0.835319042206	-476	-173	-387.822394855	325.728092201
56	"1"	"1"	21	FALSE	-60	135	100	0	0	-395.979797464	395.979797464	0.868808984756	-482	-173	-390.822394855	330.924244624
56	"1"	"1"	21	FALSE	-60	135	100	0	0	-395.979797464	395.979797464	0.901728153229	-488	-172	-392.956369451	336.620397047
56	"1"	"1"	21	FALSE	-60	135	100	0	0	-395.979797464	395.979797464	0.935466051102	-496	-170	-395.224318643	344.548600277
56	"1"	"1"	21	FALSE	-60	135	100	0	0	-395.979797464	395.979797464	0.968833208084	-505	-166	-396.260217028	354.342828911
56	"1"	"1"	21	FALSE	-60	135	100	0	0	-395.979797464	395.979797464	1.00212597847	-512	-164	-398.028166221	361.405006738
56	"1"	"1"	21	FALSE	-60	135	100	0	0	-395.979797464	395.979797464	1.03550314903	-519	-160	-398.064064606	369.467184564
56	"1"	"1"	21	FALSE	-60	135	100	0	0	-395.979797464	395.979797464	1.06874799728	-522	-158	-397.832013798	373.065260775
56	"1"	"1"	21	FALSE	-60	135	100	0	0	-395.979797464	395.979797464	1.10224199295	-524	-153	-394.501886779	377.297311583
56	"1"	"1"	21	FALSE	-60	135	100	0	0	-395.979797464	395.979797464	1.13546514511	-528	-144	-388.707658145	385.261413198
56	"1"	"1"	21	FALSE	-60	135	100	0	0	-395.979797464	395.979797464	1.16884016991	-530	-138	-384.511505722	389.993464006
56	"1"	"1"	21	FALSE	-60	135	100	0	0	-395.979797464	395.979797464	1.20236110687	-532	-135	-382.913429511	393.225514813
