"task_num"	"task_name"	"trial_type"	"trial_num"	"terminalfeedback_bool"	"rotation_angle"	"targetangle_deg"	"targetdistance_percmax"	"homex_px"	"homey_px"	"targetx_px"	"targety_px"	"time_s"	"mousex_px"	"mousey_px"	"cursorx_px"	"cursory_px"
32	"1"	"1"	1	FALSE	-30	90	100	0	0	3.42901103761e-14	560	0.00189995765686	6	5	7.69615242271	1.33012701892
32	"1"	"1"	1	FALSE	-30	90	100	0	0	3.42901103761e-14	560	0.0214741230011	6	5	7.69615242271	1.33012701892
32	"1"	"1"	1	FALSE	-30	90	100	0	0	3.42901103761e-14	560	0.0548031330109	5	6	7.33012701892	2.69615242271
32	"1"	"1"	1	FALSE	-30	90	100	0	0	3.42901103761e-14	560	0.0887110233307	4	6	6.46410161514	3.19615242271
32	"1"	"1"	1	FALSE	-30	90	100	0	0	3.42901103761e-14	560	0.1218791008	3	6	5.59807621135	3.69615242271
32	"1"	"1"	1	FALSE	-30	90	100	0	0	3.42901103761e-14	560	0.15522813797	3	6	5.59807621135	3.69615242271
32	"1"	"1"	1	FALSE	-30	90	100	0	0	3.42901103761e-14	560	0.187948942184	3	7	6.09807621135	4.56217782649
32	"1"	"1"	1	FALSE	-30	90	100	0	0	3.42901103761e-14	560	0.221917152405	3	7	6.09807621135	4.56217782649
32	"1"	"1"	1	FALSE	-30	90	100	0	0	3.42901103761e-14	560	0.255373954773	3	7	6.09807621135	4.56217782649
32	"1"	"1"	1	FALSE	-30	90	100	0	0	3.42901103761e-14	560	0.288561105728	3	7	6.09807621135	4.56217782649
32	"1"	"1"	1	FALSE	-30	90	100	0	0	3.42901103761e-14	560	0.32205414772	4	7	6.96410161514	4.06217782649
32	"1"	"1"	1	FALSE	-30	90	100	0	0	3.42901103761e-14	560	0.355509996414	4	7	6.96410161514	4.06217782649
32	"1"	"1"	1	FALSE	-30	90	100	0	0	3.42901103761e-14	560	0.388728141785	4	7	6.96410161514	4.06217782649
32	"1"	"1"	1	FALSE	-30	90	100	0	0	3.42901103761e-14	560	0.422110080719	4	7	6.96410161514	4.06217782649
32	"1"	"1"	1	FALSE	-30	90	100	0	0	3.42901103761e-14	560	0.455541133881	4	7	6.96410161514	4.06217782649
32	"1"	"1"	1	FALSE	-30	90	100	0	0	3.42901103761e-14	560	0.488731145859	4	6	6.46410161514	3.19615242271
32	"1"	"1"	1	FALSE	-30	90	100	0	0	3.42901103761e-14	560	0.522282123566	4	6	6.46410161514	3.19615242271
32	"1"	"1"	1	FALSE	-30	90	100	0	0	3.42901103761e-14	560	0.555670976639	4	6	6.46410161514	3.19615242271
32	"1"	"1"	1	FALSE	-30	90	100	0	0	3.42901103761e-14	560	0.588984012604	2	12	7.73205080757	9.39230484541
32	"1"	"1"	1	FALSE	-30	90	100	0	0	3.42901103761e-14	560	0.621964931488	1	27	14.3660254038	22.8826859022
32	"1"	"1"	1	FALSE	-30	90	100	0	0	3.42901103761e-14	560	0.655090093613	1	38	19.8660254038	32.4089653438
32	"1"	"1"	1	FALSE	-30	90	100	0	0	3.42901103761e-14	560	0.68834400177	2	42	22.7320508076	35.3730669589
32	"1"	"1"	1	FALSE	-30	90	100	0	0	3.42901103761e-14	560	0.722290039062	2	42	22.7320508076	35.3730669589
32	"1"	"1"	1	FALSE	-30	90	100	0	0	3.42901103761e-14	560	0.755759954453	4	40	23.4641016151	32.6410161514
32	"1"	"1"	1	FALSE	-30	90	100	0	0	3.42901103761e-14	560	0.788561105728	6	38	24.1961524227	29.9089653438
32	"1"	"1"	1	FALSE	-30	90	100	0	0	3.42901103761e-14	560	0.822565078735	6	38	24.1961524227	29.9089653438
32	"1"	"1"	1	FALSE	-30	90	100	0	0	3.42901103761e-14	560	0.855838060379	6	38	24.1961524227	29.9089653438
32	"1"	"1"	1	FALSE	-30	90	100	0	0	3.42901103761e-14	560	0.889270067215	6	37	23.6961524227	29.04293994
32	"1"	"1"	1	FALSE	-30	90	100	0	0	3.42901103761e-14	560	0.922210931778	6	37	23.6961524227	29.04293994
32	"1"	"1"	1	FALSE	-30	90	100	0	0	3.42901103761e-14	560	0.955879926682	6	37	23.6961524227	29.04293994
32	"1"	"1"	1	FALSE	-30	90	100	0	0	3.42901103761e-14	560	0.989259004593	6	35	22.6961524227	27.3108891325
32	"1"	"1"	1	FALSE	-30	90	100	0	0	3.42901103761e-14	560	1.02262210846	4	30	18.4641016151	23.9807621135
32	"1"	"1"	1	FALSE	-30	90	100	0	0	3.42901103761e-14	560	1.05604195595	3	26	15.5980762114	21.0166604984
32	"1"	"1"	1	FALSE	-30	90	100	0	0	3.42901103761e-14	560	1.08891201019	3	26	15.5980762114	21.0166604984
32	"1"	"1"	1	FALSE	-30	90	100	0	0	3.42901103761e-14	560	1.12275695801	3	25	15.0980762114	20.1506350946
32	"1"	"1"	1	FALSE	-30	90	100	0	0	3.42901103761e-14	560	1.1558599472	3	21	13.0980762114	16.6865334795
32	"1"	"1"	1	FALSE	-30	90	100	0	0	3.42901103761e-14	560	1.18924212456	2	17	10.2320508076	13.7224318643
32	"1"	"1"	1	FALSE	-30	90	100	0	0	3.42901103761e-14	560	1.22283101082	1	14	7.86602540378	11.624355653
32	"1"	"1"	1	FALSE	-30	90	100	0	0	3.42901103761e-14	560	1.25610613823	2	12	7.73205080757	9.39230484541
32	"1"	"1"	1	FALSE	-30	90	100	0	0	3.42901103761e-14	560	1.2891190052	2	9	6.23205080757	6.79422863406
32	"1"	"1"	1	FALSE	-30	90	100	0	0	3.42901103761e-14	560	1.32266592979	1	6	3.86602540378	4.69615242271
32	"1"	"1"	1	FALSE	-30	90	100	0	0	3.42901103761e-14	560	1.35600209236	1	5	3.36602540378	3.83012701892
32	"1"	"1"	1	FALSE	-30	90	100	0	0	3.42901103761e-14	560	1.38934206963	1	5	3.36602540378	3.83012701892
32	"1"	"1"	1	FALSE	-30	90	100	0	0	3.42901103761e-14	560	1.42225003242	1	6	3.86602540378	4.69615242271
32	"1"	"1"	1	FALSE	-30	90	100	0	0	3.42901103761e-14	560	1.45642495155	0	11	5.5	9.52627944163
32	"1"	"1"	1	FALSE	-30	90	100	0	0	3.42901103761e-14	560	1.48964715004	-3	25	9.90192378865	23.1506350946
32	"1"	"1"	1	FALSE	-30	90	100	0	0	3.42901103761e-14	560	1.52292203903	-9	49	16.7057713659	46.9352447854
32	"1"	"1"	1	FALSE	-30	90	100	0	0	3.42901103761e-14	560	1.55608510971	-14	76	25.875644347	72.8179306876
32	"1"	"1"	1	FALSE	-30	90	100	0	0	3.42901103761e-14	560	1.58980798721	-21	103	33.3134665205	99.7006165898
32	"1"	"1"	1	FALSE	-30	90	100	0	0	3.42901103761e-14	560	1.62312912941	-29	134	41.8852632903	130.547404107
32	"1"	"1"	1	FALSE	-30	90	100	0	0	3.42901103761e-14	560	1.6564810276	-36	167	52.3230854638	162.626242432
32	"1"	"1"	1	FALSE	-30	90	100	0	0	3.42901103761e-14	560	1.68970298767	-42	198	62.6269330411	192.473029949
32	"1"	"1"	1	FALSE	-30	90	100	0	0	3.42901103761e-14	560	1.72269010544	-50	232	72.6987298108	225.917893678
32	"1"	"1"	1	FALSE	-30	90	100	0	0	3.42901103761e-14	560	1.75651097298	-59	265	81.4045011767	258.996732003
32	"1"	"1"	1	FALSE	-30	90	100	0	0	3.42901103761e-14	560	1.7898170948	-67	289	86.4762979464	283.781341694
32	"1"	"1"	1	FALSE	-30	90	100	0	0	3.42901103761e-14	560	1.82329106331	-81	317	88.3519422935	315.030053
32	"1"	"1"	1	FALSE	-30	90	100	0	0	3.42901103761e-14	560	1.85663604736	-92	334	87.3256628518	335.252484864
32	"1"	"1"	1	FALSE	-30	90	100	0	0	3.42901103761e-14	560	1.89002799988	-101	348	86.5314342178	351.876840517
32	"1"	"1"	1	FALSE	-30	90	100	0	0	3.42901103761e-14	560	1.9230029583	-111	361	84.3711801799	368.135170766
32	"1"	"1"	1	FALSE	-30	90	100	0	0	3.42901103761e-14	560	1.95607304573	-123	373	79.9788753345	384.527475612
32	"1"	"1"	1	FALSE	-30	90	100	0	0	3.42901103761e-14	560	1.99006104469	-134	383	75.4525958929	398.687729649
32	"1"	"1"	1	FALSE	-30	90	100	0	0	3.42901103761e-14	560	2.02345395088	-142	392	73.0243926626	410.481958283
32	"1"	"1"	1	FALSE	-30	90	100	0	0	3.42901103761e-14	560	2.05629706383	-150	404	72.0961894323	424.874263129
32	"1"	"1"	1	FALSE	-30	90	100	0	0	3.42901103761e-14	560	2.09019207954	-159	417	70.8019607983	440.632593378
32	"1"	"1"	1	FALSE	-30	90	100	0	0	3.42901103761e-14	560	2.12340712547	-170	431	68.2756813566	458.256949031
32	"1"	"1"	1	FALSE	-30	90	100	0	0	3.42901103761e-14	560	2.15686392784	-181	445	65.749401915	475.881304684
32	"1"	"1"	1	FALSE	-30	90	100	0	0	3.42901103761e-14	560	2.19013810158	-192	456	61.7231224734	490.907584126
32	"1"	"1"	1	FALSE	-30	90	100	0	0	3.42901103761e-14	560	2.22324514389	-204	467	56.830817628	506.433863567
32	"1"	"1"	1	FALSE	-30	90	100	0	0	3.42901103761e-14	560	2.25626897812	-214	476	52.6705635901	519.228092201
32	"1"	"1"	1	FALSE	-30	90	100	0	0	3.42901103761e-14	560	2.2903649807	-226	485	46.7782587447	533.022320835
32	"1"	"1"	1	FALSE	-30	90	100	0	0	3.42901103761e-14	560	2.32368898392	-238	492	39.8859538993	545.084498662
32	"1"	"1"	1	FALSE	-30	90	100	0	0	3.42901103761e-14	560	2.35699415207	-249	497	32.8596744577	554.914625681
32	"1"	"1"	1	FALSE	-30	90	100	0	0	3.42901103761e-14	560	2.39051008224	-259	499	25.1994204198	561.646676488
32	"1"	"1"	1	FALSE	-30	90	100	0	0	3.42901103761e-14	560	2.42374300957	-268	501	18.4051917858	567.878727296
32	"1"	"1"	1	FALSE	-30	90	100	0	0	3.42901103761e-14	560	2.45710897446	-272	502	15.4410901706	570.7447527
32	"1"	"1"	1	FALSE	-30	90	100	0	0	3.42901103761e-14	560	2.49044704437	-273	502	14.5750647668	571.2447527
32	"1"	"1"	1	FALSE	-30	90	100	0	0	3.42901103761e-14	560	2.52389407158	-273	499	13.0750647668	568.646676488
32	"1"	"1"	1	FALSE	-30	90	100	0	0	3.42901103761e-14	560	2.55723905563	-273	493	10.0750647668	563.450524066
32	"1"	"1"	1	FALSE	-30	90	100	0	0	3.42901103761e-14	560	2.59050893784	-275	488	5.84301395928	560.120397047
32	"1"	"1"	2	FALSE	-30	45	100	0	0	395.979797464	395.979797464	0.00229692459106	-4	-3	-4.96410161514	-0.598076211353
32	"1"	"1"	2	FALSE	-30	45	100	0	0	395.979797464	395.979797464	0.0385730266571	-4	-4	-5.46410161514	-1.46410161514
32	"1"	"1"	2	FALSE	-30	45	100	0	0	395.979797464	395.979797464	0.0719249248505	-4	-4	-5.46410161514	-1.46410161514
32	"1"	"1"	2	FALSE	-30	45	100	0	0	395.979797464	395.979797464	0.105251073837	-4	-4	-5.46410161514	-1.46410161514
32	"1"	"1"	2	FALSE	-30	45	100	0	0	395.979797464	395.979797464	0.138724088669	-4	-4	-5.46410161514	-1.46410161514
32	"1"	"1"	2	FALSE	-30	45	100	0	0	395.979797464	395.979797464	0.172019004822	-4	-4	-5.46410161514	-1.46410161514
32	"1"	"1"	2	FALSE	-30	45	100	0	0	395.979797464	395.979797464	0.205128908157	-4	-4	-5.46410161514	-1.46410161514
32	"1"	"1"	2	FALSE	-30	45	100	0	0	395.979797464	395.979797464	0.238656044006	-4	-4	-5.46410161514	-1.46410161514
32	"1"	"1"	2	FALSE	-30	45	100	0	0	395.979797464	395.979797464	0.271903991699	-4	-4	-5.46410161514	-1.46410161514
32	"1"	"1"	2	FALSE	-30	45	100	0	0	395.979797464	395.979797464	0.305571079254	-4	-4	-5.46410161514	-1.46410161514
32	"1"	"1"	2	FALSE	-30	45	100	0	0	395.979797464	395.979797464	0.338835954666	-3	-1	-3.09807621135	0.633974596216
32	"1"	"1"	2	FALSE	-30	45	100	0	0	395.979797464	395.979797464	0.372195959091	-1	6	2.13397459622	5.69615242271
32	"1"	"1"	2	FALSE	-30	45	100	0	0	395.979797464	395.979797464	0.405397891998	2	18	10.7320508076	14.5884572681
32	"1"	"1"	2	FALSE	-30	45	100	0	0	395.979797464	395.979797464	0.438858985901	5	31	19.8301270189	24.3467875173
32	"1"	"1"	2	FALSE	-30	45	100	0	0	395.979797464	395.979797464	0.472223043442	12	54	37.3923048454	40.7653718044
32	"1"	"1"	2	FALSE	-30	45	100	0	0	395.979797464	395.979797464	0.505635023117	21	79	57.6865334795	57.916006899
32	"1"	"1"	2	FALSE	-30	45	100	0	0	395.979797464	395.979797464	0.538845062256	34	106	82.4448637287	74.7986928012
32	"1"	"1"	2	FALSE	-30	45	100	0	0	395.979797464	395.979797464	0.572348117828	49	136	110.435244785	93.2794549147
32	"1"	"1"	2	FALSE	-30	45	100	0	0	395.979797464	395.979797464	0.605669975281	62	163	135.193575035	110.162140817
32	"1"	"1"	2	FALSE	-30	45	100	0	0	395.979797464	395.979797464	0.638936042786	77	193	163.183956091	128.64290293
32	"1"	"1"	2	FALSE	-30	45	100	0	0	395.979797464	395.979797464	0.672460079193	92	222	190.674337148	146.25763964
32	"1"	"1"	2	FALSE	-30	45	100	0	0	395.979797464	395.979797464	0.7056889534	104	247	213.566641994	161.908274735
32	"1"	"1"	2	FALSE	-30	45	100	0	0	395.979797464	395.979797464	0.738929033279	118	275	239.690997647	179.156986041
32	"1"	"1"	2	FALSE	-30	45	100	0	0	395.979797464	395.979797464	0.772493124008	130	297	261.083302492	192.209544924
32	"1"	"1"	2	FALSE	-30	45	100	0	0	395.979797464	395.979797464	0.805850982666	143	323	285.341632741	208.226205422
32	"1"	"1"	2	FALSE	-30	45	100	0	0	395.979797464	395.979797464	0.839193105698	152	347	305.135861375	224.510815113
32	"1"	"1"	2	FALSE	-30	45	100	0	0	395.979797464	395.979797464	0.872596979141	159	371	323.198039202	241.795424804
32	"1"	"1"	2	FALSE	-30	45	100	0	0	395.979797464	395.979797464	0.905972003937	164	393	338.528166221	258.347983687
32	"1"	"1"	2	FALSE	-30	45	100	0	0	395.979797464	395.979797464	0.939229011536	166	412	349.760217028	273.802466359
32	"1"	"1"	2	FALSE	-30	45	100	0	0	395.979797464	395.979797464	0.972697973251	169	433	362.85829324	290.488999839
32	"1"	"1"	2	FALSE	-30	45	100	0	0	395.979797464	395.979797464	1.00591111183	171	451	373.590344047	305.077457107
32	"1"	"1"	2	FALSE	-30	45	100	0	0	395.979797464	395.979797464	1.03942012787	172	464	380.956369451	315.835787356
32	"1"	"1"	2	FALSE	-30	45	100	0	0	395.979797464	395.979797464	1.07268810272	173	480	389.822394855	329.192193817
32	"1"	"1"	2	FALSE	-30	45	100	0	0	395.979797464	395.979797464	1.10604405403	173	491	395.322394855	338.718473258
32	"1"	"1"	2	FALSE	-30	45	100	0	0	395.979797464	395.979797464	1.13946795464	174	502	401.688420258	347.7447527
32	"1"	"1"	2	FALSE	-30	45	100	0	0	395.979797464	395.979797464	1.17275691032	174	509	405.188420258	353.806930526
32	"1"	"1"	2	FALSE	-30	45	100	0	0	395.979797464	395.979797464	1.20617294312	173	516	407.822394855	360.369108353
32	"1"	"1"	2	FALSE	-30	45	100	0	0	395.979797464	395.979797464	1.23956203461	170	521	407.724318643	366.199235372
32	"1"	"1"	2	FALSE	-30	45	100	0	0	395.979797464	395.979797464	1.27281689644	166	523	405.260217028	369.931286179
32	"1"	"1"	2	FALSE	-30	45	100	0	0	395.979797464	395.979797464	1.30628800392	157	526	398.965988394	377.029362391
32	"1"	"1"	2	FALSE	-30	45	100	0	0	395.979797464	395.979797464	1.33965301514	153	527	396.001886779	379.895387794
32	"1"	"1"	2	FALSE	-30	45	100	0	0	395.979797464	395.979797464	1.37277698517	152	527	395.135861375	380.395387794
32	"1"	"1"	2	FALSE	-30	45	100	0	0	395.979797464	395.979797464	1.40632390976	152	527	395.135861375	380.395387794
32	"1"	"1"	2	FALSE	-30	45	100	0	0	395.979797464	395.979797464	1.43958806992	152	527	395.135861375	380.395387794
32	"1"	"1"	2	FALSE	-30	45	100	0	0	395.979797464	395.979797464	1.4730091095	152	527	395.135861375	380.395387794
32	"1"	"1"	2	FALSE	-30	45	100	0	0	395.979797464	395.979797464	1.50616908073	152	527	395.135861375	380.395387794
32	"1"	"1"	2	FALSE	-30	45	100	0	0	395.979797464	395.979797464	1.5397670269	151	528	394.769835971	381.761413198
32	"1"	"1"	3	FALSE	-30	135	100	0	0	-395.979797464	395.979797464	0.00207304954529	-7	-3	-7.56217782649	0.901923788647
32	"1"	"1"	3	FALSE	-30	135	100	0	0	-395.979797464	395.979797464	0.0376219749451	-7	-3	-7.56217782649	0.901923788647
32	"1"	"1"	3	FALSE	-30	135	100	0	0	-395.979797464	395.979797464	0.0710048675537	-7	-3	-7.56217782649	0.901923788647
32	"1"	"1"	3	FALSE	-30	135	100	0	0	-395.979797464	395.979797464	0.104291915894	-7	-3	-7.56217782649	0.901923788647
32	"1"	"1"	3	FALSE	-30	135	100	0	0	-395.979797464	395.979797464	0.137667894363	-7	-3	-7.56217782649	0.901923788647
32	"1"	"1"	3	FALSE	-30	135	100	0	0	-395.979797464	395.979797464	0.171028852463	-7	-3	-7.56217782649	0.901923788647
32	"1"	"1"	3	FALSE	-30	135	100	0	0	-395.979797464	395.979797464	0.204228878021	-7	-3	-7.56217782649	0.901923788647
32	"1"	"1"	3	FALSE	-30	135	100	0	0	-395.979797464	395.979797464	0.237823963165	-7	-3	-7.56217782649	0.901923788647
32	"1"	"1"	3	FALSE	-30	135	100	0	0	-395.979797464	395.979797464	0.271228075027	-7	-3	-7.56217782649	0.901923788647
32	"1"	"1"	3	FALSE	-30	135	100	0	0	-395.979797464	395.979797464	0.304548978806	-8	-3	-8.42820323028	1.40192378865
32	"1"	"1"	3	FALSE	-30	135	100	0	0	-395.979797464	395.979797464	0.337976932526	-12	0	-10.3923048454	6
32	"1"	"1"	3	FALSE	-30	135	100	0	0	-395.979797464	395.979797464	0.37119102478	-24	7	-17.2846096908	18.0621778265
32	"1"	"1"	3	FALSE	-30	135	100	0	0	-395.979797464	395.979797464	0.404341936111	-46	17	-31.3371685741	37.7224318643
32	"1"	"1"	3	FALSE	-30	135	100	0	0	-395.979797464	395.979797464	0.437877893448	-74	28	-50.08587988	61.248711306
32	"1"	"1"	3	FALSE	-30	135	100	0	0	-395.979797464	395.979797464	0.470661878586	-101	40	-67.4685657822	85.1410161514
32	"1"	"1"	3	FALSE	-30	135	100	0	0	-395.979797464	395.979797464	0.50465297699	-135	58	-87.9134295109	117.729473419
32	"1"	"1"	3	FALSE	-30	135	100	0	0	-395.979797464	395.979797464	0.537981033325	-173	78	-110.822394855	154.049981495
32	"1"	"1"	3	FALSE	-30	135	100	0	0	-395.979797464	395.979797464	0.571229934692	-204	97	-128.169182372	186.004464167
32	"1"	"1"	3	FALSE	-30	135	100	0	0	-395.979797464	395.979797464	0.604745864868	-243	119	-150.94417312	224.55702305
32	"1"	"1"	3	FALSE	-30	135	100	0	0	-395.979797464	395.979797464	0.638077974319	-278	137	-172.255062252	257.645480318
32	"1"	"1"	3	FALSE	-30	135	100	0	0	-395.979797464	395.979797464	0.671320915222	-325	158	-202.45825623	299.332013798
32	"1"	"1"	3	FALSE	-30	135	100	0	0	-395.979797464	395.979797464	0.704468011856	-359	170	-225.903119959	326.724318643
32	"1"	"1"	3	FALSE	-30	135	100	0	0	-395.979797464	395.979797464	0.738219976425	-395	182	-251.080034495	355.116623489
32	"1"	"1"	3	FALSE	-30	135	100	0	0	-395.979797464	395.979797464	0.77156496048	-426	191	-273.426822012	378.410852123
32	"1"	"1"	3	FALSE	-30	135	100	0	0	-395.979797464	395.979797464	0.804836988449	-449	195	-291.345406299	393.374953738
32	"1"	"1"	3	FALSE	-30	135	100	0	0	-395.979797464	395.979797464	0.838130950928	-471	197	-309.397965182	406.107004546
32	"1"	"1"	3	FALSE	-30	135	100	0	0	-395.979797464	395.979797464	0.871484041214	-490	196	-326.352447854	414.740979142
32	"1"	"1"	3	FALSE	-30	135	100	0	0	-395.979797464	395.979797464	0.904837846756	-503	192	-339.610778104	417.776877527
32	"1"	"1"	3	FALSE	-30	135	100	0	0	-395.979797464	395.979797464	0.938294887543	-519	187	-355.967184564	421.446750508
32	"1"	"1"	3	FALSE	-30	135	100	0	0	-395.979797464	395.979797464	0.97177696228	-529	181	-367.627438602	421.250598085
32	"1"	"1"	3	FALSE	-30	135	100	0	0	-395.979797464	395.979797464	1.0049328804	-533	177	-373.091540217	419.78649647
32	"1"	"1"	3	FALSE	-30	135	100	0	0	-395.979797464	395.979797464	1.03775405884	-534	174	-375.457565621	417.688420258
32	"1"	"1"	3	FALSE	-30	135	100	0	0	-395.979797464	395.979797464	1.07174897194	-536	169	-379.689616428	414.35829324
32	"1"	"1"	3	FALSE	-30	135	100	0	0	-395.979797464	395.979797464	1.10515403748	-537	165	-382.555641832	411.394191624
32	"1"	"1"	3	FALSE	-30	135	100	0	0	-395.979797464	395.979797464	1.13833403587	-538	161	-385.421667236	408.430090009
32	"1"	"1"	3	FALSE	-30	135	100	0	0	-395.979797464	395.979797464	1.17188000679	-539	159	-387.28769264	407.198039202
32	"1"	"1"	4	FALSE	-30	45	100	0	0	395.979797464	395.979797464	0.00208306312561	-11	-4	-11.5262794416	2.03589838486
32	"1"	"1"	4	FALSE	-30	45	100	0	0	395.979797464	395.979797464	0.0375111103058	-9	-5	-10.2942286341	0.169872981078
32	"1"	"1"	4	FALSE	-30	45	100	0	0	395.979797464	395.979797464	0.0708980560303	-9	-5	-10.2942286341	0.169872981078
32	"1"	"1"	4	FALSE	-30	45	100	0	0	395.979797464	395.979797464	0.103523015976	-9	-5	-10.2942286341	0.169872981078
32	"1"	"1"	4	FALSE	-30	45	100	0	0	395.979797464	395.979797464	0.137557029724	-9	-5	-10.2942286341	0.169872981078
32	"1"	"1"	4	FALSE	-30	45	100	0	0	395.979797464	395.979797464	0.170933961868	-9	-5	-10.2942286341	0.169872981078
32	"1"	"1"	4	FALSE	-30	45	100	0	0	395.979797464	395.979797464	0.203939914703	-9	-5	-10.2942286341	0.169872981078
32	"1"	"1"	4	FALSE	-30	45	100	0	0	395.979797464	395.979797464	0.237251996994	-9	-5	-10.2942286341	0.169872981078
32	"1"	"1"	4	FALSE	-30	45	100	0	0	395.979797464	395.979797464	0.270318984985	-9	-5	-10.2942286341	0.169872981078
32	"1"	"1"	4	FALSE	-30	45	100	0	0	395.979797464	395.979797464	0.304379940033	-9	-4	-9.79422863406	1.03589838486
32	"1"	"1"	4	FALSE	-30	45	100	0	0	395.979797464	395.979797464	0.337719917297	-9	3	-6.29422863406	7.09807621135
32	"1"	"1"	4	FALSE	-30	45	100	0	0	395.979797464	395.979797464	0.37092089653	-4	19	6.03589838486	18.4544826719
32	"1"	"1"	4	FALSE	-30	45	100	0	0	395.979797464	395.979797464	0.404318094254	8	46	29.9282032303	35.8371685741
32	"1"	"1"	4	FALSE	-30	45	100	0	0	395.979797464	395.979797464	0.437078952789	18	72	51.5884572681	53.3538290725
32	"1"	"1"	4	FALSE	-30	45	100	0	0	395.979797464	395.979797464	0.471122980118	33	106	81.5788383249	75.2986928012
32	"1"	"1"	4	FALSE	-30	45	100	0	0	395.979797464	395.979797464	0.50453710556	47	141	111.203193978	98.6095819336
32	"1"	"1"	4	FALSE	-30	45	100	0	0	395.979797464	395.979797464	0.537890911102	60	177	140.461524227	123.28649647
32	"1"	"1"	4	FALSE	-30	45	100	0	0	395.979797464	395.979797464	0.571248054504	72	208	166.353829072	144.133283987
32	"1"	"1"	4	FALSE	-30	45	100	0	0	395.979797464	395.979797464	0.604608058929	86	242	195.478184725	166.578147716
32	"1"	"1"	4	FALSE	-30	45	100	0	0	395.979797464	395.979797464	0.637991905212	97	274	221.004464167	188.790960637
32	"1"	"1"	4	FALSE	-30	45	100	0	0	395.979797464	395.979797464	0.670903921127	105	298	239.932667397	205.575570328
32	"1"	"1"	4	FALSE	-30	45	100	0	0	395.979797464	395.979797464	0.70471906662	113	324	259.860870628	224.092230826
32	"1"	"1"	4	FALSE	-30	45	100	0	0	395.979797464	395.979797464	0.737988948822	118	344	274.190997647	238.912738902
32	"1"	"1"	4	FALSE	-30	45	100	0	0	395.979797464	395.979797464	0.771219968796	121	358	283.789073858	249.537094555
32	"1"	"1"	4	FALSE	-30	45	100	0	0	395.979797464	395.979797464	0.804636001587	125	374	295.253175473	261.393501015
32	"1"	"1"	4	FALSE	-30	45	100	0	0	395.979797464	395.979797464	0.838212966919	129	388	305.717277088	271.517856668
32	"1"	"1"	4	FALSE	-30	45	100	0	0	395.979797464	395.979797464	0.871212005615	133	403	316.681378703	282.508237725
32	"1"	"1"	4	FALSE	-30	45	100	0	0	395.979797464	395.979797464	0.904639005661	135	414	323.913429511	291.034517167
32	"1"	"1"	4	FALSE	-30	45	100	0	0	395.979797464	395.979797464	0.938204050064	136	426	330.779454915	300.926822012
32	"1"	"1"	4	FALSE	-30	45	100	0	0	395.979797464	395.979797464	0.97118806839	138	439	339.011505722	311.185152261
32	"1"	"1"	4	FALSE	-30	45	100	0	0	395.979797464	395.979797464	1.00485992432	140	450	346.24355653	319.711431703
32	"1"	"1"	4	FALSE	-30	45	100	0	0	395.979797464	395.979797464	1.03812003136	140	462	352.24355653	330.103736548
32	"1"	"1"	4	FALSE	-30	45	100	0	0	395.979797464	395.979797464	1.07161808014	141	475	359.609581934	340.862066798
32	"1"	"1"	4	FALSE	-30	45	100	0	0	395.979797464	395.979797464	1.10489797592	142	486	365.975607337	349.888346239
32	"1"	"1"	4	FALSE	-30	45	100	0	0	395.979797464	395.979797464	1.13814401627	142	499	372.475607337	361.146676488
32	"1"	"1"	4	FALSE	-30	45	100	0	0	395.979797464	395.979797464	1.17102599144	142	509	377.475607337	369.806930526
32	"1"	"1"	4	FALSE	-30	45	100	0	0	395.979797464	395.979797464	1.20502901077	142	516	380.975607337	375.869108353
32	"1"	"1"	4	FALSE	-30	45	100	0	0	395.979797464	395.979797464	1.23841905594	143	521	384.341632741	379.699235372
32	"1"	"1"	4	FALSE	-30	45	100	0	0	395.979797464	395.979797464	1.2715690136	143	524	385.841632741	382.297311583
32	"1"	"1"	4	FALSE	-30	45	100	0	0	395.979797464	395.979797464	1.30464911461	143	525	386.341632741	383.163336987
32	"1"	"1"	4	FALSE	-30	45	100	0	0	395.979797464	395.979797464	1.33778810501	143	525	386.341632741	383.163336987
32	"1"	"1"	4	FALSE	-30	45	100	0	0	395.979797464	395.979797464	1.37183690071	143	527	387.341632741	384.895387794
32	"1"	"1"	4	FALSE	-30	45	100	0	0	395.979797464	395.979797464	1.40527009964	142	530	387.975607337	387.993464006
32	"1"	"1"	5	FALSE	-30	90	100	0	0	3.42901103761e-14	560	0.00211715698242	-10	7	-5.16025403784	11.0621778265
32	"1"	"1"	5	FALSE	-30	90	100	0	0	3.42901103761e-14	560	0.0374960899353	-10	6	-5.66025403784	10.1961524227
32	"1"	"1"	5	FALSE	-30	90	100	0	0	3.42901103761e-14	560	0.0707471370697	-10	6	-5.66025403784	10.1961524227
32	"1"	"1"	5	FALSE	-30	90	100	0	0	3.42901103761e-14	560	0.103696107864	-10	6	-5.66025403784	10.1961524227
32	"1"	"1"	5	FALSE	-30	90	100	0	0	3.42901103761e-14	560	0.13692522049	-10	6	-5.66025403784	10.1961524227
32	"1"	"1"	5	FALSE	-30	90	100	0	0	3.42901103761e-14	560	0.170251131058	-9	5	-5.29422863406	8.83012701892
32	"1"	"1"	5	FALSE	-30	90	100	0	0	3.42901103761e-14	560	0.203592061996	-9	5	-5.29422863406	8.83012701892
32	"1"	"1"	5	FALSE	-30	90	100	0	0	3.42901103761e-14	560	0.237496137619	-9	5	-5.29422863406	8.83012701892
32	"1"	"1"	5	FALSE	-30	90	100	0	0	3.42901103761e-14	560	0.270929098129	-9	5	-5.29422863406	8.83012701892
32	"1"	"1"	5	FALSE	-30	90	100	0	0	3.42901103761e-14	560	0.303815126419	-9	7	-4.29422863406	10.5621778265
32	"1"	"1"	5	FALSE	-30	90	100	0	0	3.42901103761e-14	560	0.337670087814	-12	14	-3.39230484541	18.124355653
32	"1"	"1"	5	FALSE	-30	90	100	0	0	3.42901103761e-14	560	0.370990991592	-15	24	-0.990381056767	28.2846096908
32	"1"	"1"	5	FALSE	-30	90	100	0	0	3.42901103761e-14	560	0.403741121292	-19	42	4.5455173281	45.8730669589
32	"1"	"1"	5	FALSE	-30	90	100	0	0	3.42901103761e-14	560	0.437758207321	-29	69	9.38526329025	74.2557528611
32	"1"	"1"	5	FALSE	-30	90	100	0	0	3.42901103761e-14	560	0.471147060394	-40	97	13.8589838486	104.004464167
32	"1"	"1"	5	FALSE	-30	90	100	0	0	3.42901103761e-14	560	0.504384040833	-50	122	17.6987298108	130.655099262
32	"1"	"1"	5	FALSE	-30	90	100	0	0	3.42901103761e-14	560	0.537712097168	-65	155	21.208348754	166.733937587
32	"1"	"1"	5	FALSE	-30	90	100	0	0	3.42901103761e-14	560	0.571288108826	-80	191	26.2179676972	205.410852123
32	"1"	"1"	5	FALSE	-30	90	100	0	0	3.42901103761e-14	560	0.604500055313	-93	222	30.459637448	238.75763964
32	"1"	"1"	5	FALSE	-30	90	100	0	0	3.42901103761e-14	560	0.637848138809	-109	259	35.1032309875	278.80057958
32	"1"	"1"	5	FALSE	-30	90	100	0	0	3.42901103761e-14	560	0.67121720314	-125	294	38.7468245269	317.111468713
32	"1"	"1"	5	FALSE	-30	90	100	0	0	3.42901103761e-14	560	0.704053163528	-138	328	44.4884942777	353.056332441
32	"1"	"1"	5	FALSE	-30	90	100	0	0	3.42901103761e-14	560	0.737892150879	-153	353	43.998113221	382.206967536
32	"1"	"1"	5	FALSE	-30	90	100	0	0	3.42901103761e-14	560	0.771291017532	-166	375	43.7397829718	407.759526419
32	"1"	"1"	5	FALSE	-30	90	100	0	0	3.42901103761e-14	560	0.804651021957	-179	394	41.9814527226	430.714009091
32	"1"	"1"	5	FALSE	-30	90	100	0	0	3.42901103761e-14	560	0.837500095367	-190	410	40.455173281	450.070415552
32	"1"	"1"	5	FALSE	-30	90	100	0	0	3.42901103761e-14	560	0.871412038803	-203	426	37.1968430318	470.426822012
32	"1"	"1"	5	FALSE	-30	90	100	0	0	3.42901103761e-14	560	0.904667139053	-217	438	31.0724873788	487.819126858
32	"1"	"1"	5	FALSE	-30	90	100	0	0	3.42901103761e-14	560	0.937550067902	-228	447	26.0462079371	501.113355492
32	"1"	"1"	5	FALSE	-30	90	100	0	0	3.42901103761e-14	560	0.971459150314	-241	455	18.787877688	514.541558722
32	"1"	"1"	5	FALSE	-30	90	100	0	0	3.42901103761e-14	560	1.00481915474	-252	458	10.7615982463	522.639634933
32	"1"	"1"	5	FALSE	-30	90	100	0	0	3.42901103761e-14	560	1.03762817383	-258	462	7.56544582361	529.103736548
32	"1"	"1"	5	FALSE	-30	90	100	0	0	3.42901103761e-14	560	1.07164406776	-263	466	5.23531880469	535.067838164
32	"1"	"1"	5	FALSE	-30	90	100	0	0	3.42901103761e-14	560	1.10491800308	-266	470	4.63724259334	540.031939779
32	"1"	"1"	5	FALSE	-30	90	100	0	0	3.42901103761e-14	560	1.13837718964	-267	473	5.27121718955	543.13001599
32	"1"	"1"	5	FALSE	-30	90	100	0	0	3.42901103761e-14	560	1.17180109024	-268	475	5.40519178577	545.362066798
32	"1"	"1"	5	FALSE	-30	90	100	0	0	3.42901103761e-14	560	1.20511603355	-273	479	3.07506476685	551.326168413
32	"1"	"1"	5	FALSE	-30	90	100	0	0	3.42901103761e-14	560	1.23831605911	-276	480	0.976988555495	553.692193817
32	"1"	"1"	5	FALSE	-30	90	100	0	0	3.42901103761e-14	560	1.27172017097	-278	482	0.244937747926	556.424244624
32	"1"	"1"	5	FALSE	-30	90	100	0	0	3.42901103761e-14	560	1.30509614944	-279	483	-0.121087655858	557.790270028
32	"1"	"1"	6	FALSE	-30	135	100	0	0	-395.979797464	395.979797464	0.00198411941528	-3	-9	-7.09807621135	-6.29422863406
32	"1"	"1"	6	FALSE	-30	135	100	0	0	-395.979797464	395.979797464	0.0375070571899	-3	-9	-7.09807621135	-6.29422863406
32	"1"	"1"	6	FALSE	-30	135	100	0	0	-395.979797464	395.979797464	0.0708501338959	-3	-9	-7.09807621135	-6.29422863406
32	"1"	"1"	6	FALSE	-30	135	100	0	0	-395.979797464	395.979797464	0.104109048843	-3	-9	-7.09807621135	-6.29422863406
32	"1"	"1"	6	FALSE	-30	135	100	0	0	-395.979797464	395.979797464	0.137400150299	-3	-9	-7.09807621135	-6.29422863406
32	"1"	"1"	6	FALSE	-30	135	100	0	0	-395.979797464	395.979797464	0.170518159866	-3	-9	-7.09807621135	-6.29422863406
32	"1"	"1"	6	FALSE	-30	135	100	0	0	-395.979797464	395.979797464	0.204138040543	-3	-8	-6.59807621135	-5.42820323028
32	"1"	"1"	6	FALSE	-30	135	100	0	0	-395.979797464	395.979797464	0.237608194351	-3	-8	-6.59807621135	-5.42820323028
32	"1"	"1"	6	FALSE	-30	135	100	0	0	-395.979797464	395.979797464	0.270895004272	-3	-7	-6.09807621135	-4.56217782649
32	"1"	"1"	6	FALSE	-30	135	100	0	0	-395.979797464	395.979797464	0.303896188736	-5	-5	-6.83012701892	-1.83012701892
32	"1"	"1"	6	FALSE	-30	135	100	0	0	-395.979797464	395.979797464	0.33727812767	-11	-1	-10.0262794416	4.63397459622
32	"1"	"1"	6	FALSE	-30	135	100	0	0	-395.979797464	395.979797464	0.370672225952	-21	6	-15.1865334795	15.6961524227
32	"1"	"1"	6	FALSE	-30	135	100	0	0	-395.979797464	395.979797464	0.404372215271	-34	16	-21.4448637287	30.8564064606
32	"1"	"1"	6	FALSE	-30	135	100	0	0	-395.979797464	395.979797464	0.437573194504	-59	28	-37.0954988233	53.748711306
32	"1"	"1"	6	FALSE	-30	135	100	0	0	-395.979797464	395.979797464	0.470933198929	-87	38	-56.3442101292	76.4089653438
32	"1"	"1"	6	FALSE	-30	135	100	0	0	-395.979797464	395.979797464	0.503769159317	-121	48	-80.7890738579	102.069219382
32	"1"	"1"	6	FALSE	-30	135	100	0	0	-395.979797464	395.979797464	0.537664175034	-151	56	-102.769835971	123.997422612
32	"1"	"1"	6	FALSE	-30	135	100	0	0	-395.979797464	395.979797464	0.571167230606	-186	66	-128.080725104	150.15767665
32	"1"	"1"	6	FALSE	-30	135	100	0	0	-395.979797464	395.979797464	0.604194164276	-221	79	-151.891614236	178.916006899
32	"1"	"1"	6	FALSE	-30	135	100	0	0	-395.979797464	395.979797464	0.637814044952	-249	91	-170.140325542	203.308311744
32	"1"	"1"	6	FALSE	-30	135	100	0	0	-395.979797464	395.979797464	0.671210050583	-280	106	-189.48711306	231.798692801
32	"1"	"1"	6	FALSE	-30	135	100	0	0	-395.979797464	395.979797464	0.704562187195	-311	115	-211.833900577	255.092921435
32	"1"	"1"	6	FALSE	-30	135	100	0	0	-395.979797464	395.979797464	0.737948179245	-341	125	-232.81466269	278.753175473
32	"1"	"1"	6	FALSE	-30	135	100	0	0	-395.979797464	395.979797464	0.771409034729	-363	132	-248.367221574	295.8153533
32	"1"	"1"	6	FALSE	-30	135	100	0	0	-395.979797464	395.979797464	0.804609060287	-386	141	-263.785805861	315.109581934
32	"1"	"1"	6	FALSE	-30	135	100	0	0	-395.979797464	395.979797464	0.837642192841	-403	147	-275.508237725	328.805734356
32	"1"	"1"	6	FALSE	-30	135	100	0	0	-395.979797464	395.979797464	0.871264219284	-418	150	-286.998618782	338.903810568
32	"1"	"1"	6	FALSE	-30	135	100	0	0	-395.979797464	395.979797464	0.904039144516	-435	153	-300.221050646	350.001886779
32	"1"	"1"	6	FALSE	-30	135	100	0	0	-395.979797464	395.979797464	0.938091039658	-450	152	-313.711431703	356.635861375
32	"1"	"1"	6	FALSE	-30	135	100	0	0	-395.979797464	395.979797464	0.971435070038	-461	150	-324.237711145	360.403810568
32	"1"	"1"	6	FALSE	-30	135	100	0	0	-395.979797464	395.979797464	1.00457310677	-476	149	-337.728092201	367.037785164
32	"1"	"1"	6	FALSE	-30	135	100	0	0	-395.979797464	395.979797464	1.03810405731	-486	147	-347.388346239	370.305734356
32	"1"	"1"	6	FALSE	-30	135	100	0	0	-395.979797464	395.979797464	1.07150220871	-498	145	-358.780651085	374.573683549
32	"1"	"1"	6	FALSE	-30	135	100	0	0	-395.979797464	395.979797464	1.10456705093	-508	143	-368.440905122	377.841632741
32	"1"	"1"	6	FALSE	-30	135	100	0	0	-395.979797464	395.979797464	1.13813900948	-515	142	-375.003082949	380.475607337
32	"1"	"1"	6	FALSE	-30	135	100	0	0	-395.979797464	395.979797464	1.17136120796	-517	142	-376.735133757	381.475607337
32	"1"	"1"	6	FALSE	-30	135	100	0	0	-395.979797464	395.979797464	1.20439314842	-518	142	-377.60115916	381.975607337
32	"1"	"1"	6	FALSE	-30	135	100	0	0	-395.979797464	395.979797464	1.238312006	-521	141	-380.699235372	382.609581934
32	"1"	"1"	6	FALSE	-30	135	100	0	0	-395.979797464	395.979797464	1.27169013023	-525	141	-384.163336987	384.609581934
32	"1"	"1"	6	FALSE	-30	135	100	0	0	-395.979797464	395.979797464	1.30482411385	-527	140	-386.395387794	384.74355653
32	"1"	"1"	6	FALSE	-30	135	100	0	0	-395.979797464	395.979797464	1.33822512627	-527	140	-386.395387794	384.74355653
32	"1"	"1"	6	FALSE	-30	135	100	0	0	-395.979797464	395.979797464	1.37179613113	-527	140	-386.395387794	384.74355653
32	"1"	"1"	6	FALSE	-30	135	100	0	0	-395.979797464	395.979797464	1.40462017059	-529	141	-387.627438602	386.609581934
32	"1"	"1"	7	FALSE	-30	135	100	0	0	-395.979797464	395.979797464	0.00191402435303	-4	-5	-5.96410161514	-2.33012701892
32	"1"	"1"	7	FALSE	-30	135	100	0	0	-395.979797464	395.979797464	0.0377600193024	-4	-5	-5.96410161514	-2.33012701892
32	"1"	"1"	7	FALSE	-30	135	100	0	0	-395.979797464	395.979797464	0.0710489749908	-4	-5	-5.96410161514	-2.33012701892
32	"1"	"1"	7	FALSE	-30	135	100	0	0	-395.979797464	395.979797464	0.104474067688	-4	-5	-5.96410161514	-2.33012701892
32	"1"	"1"	7	FALSE	-30	135	100	0	0	-395.979797464	395.979797464	0.137820959091	-3	-4	-4.59807621135	-1.96410161514
32	"1"	"1"	7	FALSE	-30	135	100	0	0	-395.979797464	395.979797464	0.170725107193	-3	-2	-3.59807621135	-0.232050807569
32	"1"	"1"	7	FALSE	-30	135	100	0	0	-395.979797464	395.979797464	0.204128980637	-1	1	-0.366025403784	1.36602540378
32	"1"	"1"	7	FALSE	-30	135	100	0	0	-395.979797464	395.979797464	0.237840175629	1	6	3.86602540378	4.69615242271
32	"1"	"1"	7	FALSE	-30	135	100	0	0	-395.979797464	395.979797464	0.271152973175	3	10	7.59807621135	7.16025403784
32	"1"	"1"	7	FALSE	-30	135	100	0	0	-395.979797464	395.979797464	0.304651975632	3	16	10.5980762114	12.3564064606
32	"1"	"1"	7	FALSE	-30	135	100	0	0	-395.979797464	395.979797464	0.337896108627	0	26	13	22.5166604984
32	"1"	"1"	7	FALSE	-30	135	100	0	0	-395.979797464	395.979797464	0.370928049088	-10	38	10.3397459622	37.9089653438
32	"1"	"1"	7	FALSE	-30	135	100	0	0	-395.979797464	395.979797464	0.404673099518	-27	51	2.11731409782	57.667295593
32	"1"	"1"	7	FALSE	-30	135	100	0	0	-395.979797464	395.979797464	0.438019037247	-57	69	-14.8634480157	88.2557528611
32	"1"	"1"	7	FALSE	-30	135	100	0	0	-395.979797464	395.979797464	0.471218109131	-93	85	-38.040362552	120.112159322
32	"1"	"1"	7	FALSE	-30	135	100	0	0	-395.979797464	395.979797464	0.504688978195	-128	99	-61.3512516844	149.736514975
32	"1"	"1"	7	FALSE	-30	135	100	0	0	-395.979797464	395.979797464	0.538160085678	-181	115	-99.250598085	190.092921435
32	"1"	"1"	7	FALSE	-30	135	100	0	0	-395.979797464	395.979797464	0.571465969086	-223	124	-131.123665044	218.887150069
32	"1"	"1"	7	FALSE	-30	135	100	0	0	-395.979797464	395.979797464	0.604472160339	-264	129	-164.130706599	243.717277088
32	"1"	"1"	7	FALSE	-30	135	100	0	0	-395.979797464	395.979797464	0.638173103333	-309	133	-201.101849769	269.681378703
32	"1"	"1"	7	FALSE	-30	135	100	0	0	-395.979797464	395.979797464	0.671535015106	-351	134	-236.974916728	291.547404107
32	"1"	"1"	7	FALSE	-30	135	100	0	0	-395.979797464	395.979797464	0.704427957535	-389	133	-270.383882072	309.681378703
32	"1"	"1"	7	FALSE	-30	135	100	0	0	-395.979797464	395.979797464	0.738098144531	-417	132	-295.132593378	322.8153533
32	"1"	"1"	7	FALSE	-30	135	100	0	0	-395.979797464	395.979797464	0.771430969238	-446	130	-321.247330088	335.583302492
32	"1"	"1"	7	FALSE	-30	135	100	0	0	-395.979797464	395.979797464	0.804713964462	-467	131	-338.933863567	346.949327896
32	"1"	"1"	7	FALSE	-30	135	100	0	0	-395.979797464	395.979797464	0.838368177414	-480	134	-348.692193817	356.047404107
32	"1"	"1"	7	FALSE	-30	135	100	0	0	-395.979797464	395.979797464	0.871109962463	-490	140	-354.352447854	366.24355653
32	"1"	"1"	7	FALSE	-30	135	100	0	0	-395.979797464	395.979797464	0.904410123825	-496	145	-357.048600277	373.573683549
32	"1"	"1"	7	FALSE	-30	135	100	0	0	-395.979797464	395.979797464	0.937600135803	-505	150	-362.342828911	382.403810568
32	"1"	"1"	7	FALSE	-30	135	100	0	0	-395.979797464	395.979797464	0.970957040787	-512	152	-367.405006738	387.635861375
32	"1"	"1"	7	FALSE	-30	135	100	0	0	-395.979797464	395.979797464	1.0043091774	-521	154	-374.199235372	393.867912183
32	"1"	"1"	7	FALSE	-30	135	100	0	0	-395.979797464	395.979797464	1.03766298294	-530	154	-381.993464006	398.367912183
32	"1"	"1"	7	FALSE	-30	135	100	0	0	-395.979797464	395.979797464	1.07101011276	-535	155	-385.823591025	401.733937587
32	"1"	"1"	7	FALSE	-30	135	100	0	0	-395.979797464	395.979797464	1.10443997383	-539	155	-389.28769264	403.733937587
32	"1"	"1"	8	FALSE	-30	90	100	0	0	3.42901103761e-14	560	0.00203204154968	-9	4	-5.79422863406	7.96410161514
32	"1"	"1"	8	FALSE	-30	90	100	0	0	3.42901103761e-14	560	0.0374150276184	-8	4	-4.92820323028	7.46410161514
32	"1"	"1"	8	FALSE	-30	90	100	0	0	3.42901103761e-14	560	0.0708611011505	-8	4	-4.92820323028	7.46410161514
32	"1"	"1"	8	FALSE	-30	90	100	0	0	3.42901103761e-14	560	0.104104995728	-8	4	-4.92820323028	7.46410161514
32	"1"	"1"	8	FALSE	-30	90	100	0	0	3.42901103761e-14	560	0.137156009674	-8	4	-4.92820323028	7.46410161514
32	"1"	"1"	8	FALSE	-30	90	100	0	0	3.42901103761e-14	560	0.170650959015	-8	4	-4.92820323028	7.46410161514
32	"1"	"1"	8	FALSE	-30	90	100	0	0	3.42901103761e-14	560	0.204029083252	-8	3	-5.42820323028	6.59807621135
32	"1"	"1"	8	FALSE	-30	90	100	0	0	3.42901103761e-14	560	0.237575054169	-8	3	-5.42820323028	6.59807621135
32	"1"	"1"	8	FALSE	-30	90	100	0	0	3.42901103761e-14	560	0.27053809166	-8	3	-5.42820323028	6.59807621135
32	"1"	"1"	8	FALSE	-30	90	100	0	0	3.42901103761e-14	560	0.304327964783	-8	3	-5.42820323028	6.59807621135
32	"1"	"1"	8	FALSE	-30	90	100	0	0	3.42901103761e-14	560	0.337609052658	-11	7	-6.02627944163	11.5621778265
32	"1"	"1"	8	FALSE	-30	90	100	0	0	3.42901103761e-14	560	0.371011018753	-19	17	-7.9544826719	24.2224318643
32	"1"	"1"	8	FALSE	-30	90	100	0	0	3.42901103761e-14	560	0.404224157333	-28	29	-9.74871130596	39.1147367097
32	"1"	"1"	8	FALSE	-30	90	100	0	0	3.42901103761e-14	560	0.437731981277	-37	51	-6.54293994002	62.667295593
32	"1"	"1"	8	FALSE	-30	90	100	0	0	3.42901103761e-14	560	0.47109413147	-45	79	0.5288568297	90.916006899
32	"1"	"1"	8	FALSE	-30	90	100	0	0	3.42901103761e-14	560	0.504446029663	-51	105	8.33270440699	116.432667397
32	"1"	"1"	8	FALSE	-30	90	100	0	0	3.42901103761e-14	560	0.537286996841	-61	134	14.1724503691	146.547404107
32	"1"	"1"	8	FALSE	-30	90	100	0	0	3.42901103761e-14	560	0.571066141129	-76	162	15.1820693124	178.296115413
32	"1"	"1"	8	FALSE	-30	90	100	0	0	3.42901103761e-14	560	0.604556083679	-89	187	16.4237390632	206.446750508
32	"1"	"1"	8	FALSE	-30	90	100	0	0	3.42901103761e-14	560	0.637671947479	-104	221	20.4333580064	243.391614236
32	"1"	"1"	8	FALSE	-30	90	100	0	0	3.42901103761e-14	560	0.671159029007	-120	246	19.0769515459	273.042249331
32	"1"	"1"	8	FALSE	-30	90	100	0	0	3.42901103761e-14	560	0.704421043396	-133	270	19.8186212967	300.326859022
32	"1"	"1"	8	FALSE	-30	90	100	0	0	3.42901103761e-14	560	0.73796916008	-154	300	16.6320878172	336.807621135
32	"1"	"1"	8	FALSE	-30	90	100	0	0	3.42901103761e-14	560	0.77134513855	-170	321	13.2756813566	362.994154615
32	"1"	"1"	8	FALSE	-30	90	100	0	0	3.42901103761e-14	560	0.804461956024	-188	342	8.18722408853	390.180688094
32	"1"	"1"	8	FALSE	-30	90	100	0	0	3.42901103761e-14	560	0.838012933731	-204	360	3.33081762797	413.769145362
32	"1"	"1"	8	FALSE	-30	90	100	0	0	3.42901103761e-14	560	0.871372938156	-218	380	1.20646197499	438.089653438
32	"1"	"1"	8	FALSE	-30	90	100	0	0	3.42901103761e-14	560	0.904370069504	-227	394	0.412233340932	454.714009091
32	"1"	"1"	8	FALSE	-30	90	100	0	0	3.42901103761e-14	560	0.938024997711	-237	408	-1.24802069691	471.838364744
32	"1"	"1"	8	FALSE	-30	90	100	0	0	3.42901103761e-14	560	0.970782995224	-250	423	-5.00635094611	491.328745801
32	"1"	"1"	8	FALSE	-30	90	100	0	0	3.42901103761e-14	560	1.00478410721	-259	432	-8.30057958017	503.622974435
32	"1"	"1"	8	FALSE	-30	90	100	0	0	3.42901103761e-14	560	1.03823494911	-265	442	-8.49673200288	515.283228473
32	"1"	"1"	8	FALSE	-30	90	100	0	0	3.42901103761e-14	560	1.0715200901	-268	450	-7.09480821423	523.711431703
32	"1"	"1"	8	FALSE	-30	90	100	0	0	3.42901103761e-14	560	1.10491514206	-270	458	-4.8268590218	531.639634933
32	"1"	"1"	8	FALSE	-30	90	100	0	0	3.42901103761e-14	560	1.13822102547	-271	465	-2.19288442558	538.20181276
32	"1"	"1"	8	FALSE	-30	90	100	0	0	3.42901103761e-14	560	1.17133903503	-273	470	-1.42493523315	543.531939779
32	"1"	"1"	8	FALSE	-30	90	100	0	0	3.42901103761e-14	560	1.20499706268	-278	476	-2.75506225207	551.228092201
32	"1"	"1"	8	FALSE	-30	90	100	0	0	3.42901103761e-14	560	1.2383890152	-281	479	-3.85313846343	555.326168413
32	"1"	"1"	8	FALSE	-30	90	100	0	0	3.42901103761e-14	560	1.27170705795	-282	480	-4.21916386721	556.692193817
32	"1"	"1"	8	FALSE	-30	90	100	0	0	3.42901103761e-14	560	1.30507707596	-283	481	-4.585189271	558.05821922
32	"1"	"1"	9	FALSE	-30	45	100	0	0	395.979797464	395.979797464	0.00171899795532	-7	7	-2.56217782649	9.56217782649
32	"1"	"1"	9	FALSE	-30	45	100	0	0	395.979797464	395.979797464	0.0378949642181	-7	7	-2.56217782649	9.56217782649
32	"1"	"1"	9	FALSE	-30	45	100	0	0	395.979797464	395.979797464	0.0711939334869	-7	7	-2.56217782649	9.56217782649
32	"1"	"1"	9	FALSE	-30	45	100	0	0	395.979797464	395.979797464	0.104651927948	-7	7	-2.56217782649	9.56217782649
32	"1"	"1"	9	FALSE	-30	45	100	0	0	395.979797464	395.979797464	0.138010025024	-7	7	-2.56217782649	9.56217782649
32	"1"	"1"	9	FALSE	-30	45	100	0	0	395.979797464	395.979797464	0.170684099197	-7	7	-2.56217782649	9.56217782649
32	"1"	"1"	9	FALSE	-30	45	100	0	0	395.979797464	395.979797464	0.204733133316	-7	8	-2.06217782649	10.4282032303
32	"1"	"1"	9	FALSE	-30	45	100	0	0	395.979797464	395.979797464	0.23810005188	-11	14	-2.52627944163	17.624355653
32	"1"	"1"	9	FALSE	-30	45	100	0	0	395.979797464	395.979797464	0.271322011948	-16	24	-1.85640646055	28.7846096908
32	"1"	"1"	9	FALSE	-30	45	100	0	0	395.979797464	395.979797464	0.304752111435	-24	37	-2.28460969083	44.04293994
32	"1"	"1"	9	FALSE	-30	45	100	0	0	395.979797464	395.979797464	0.337500095367	-31	61	3.65321248268	68.3275496309
32	"1"	"1"	9	FALSE	-30	45	100	0	0	395.979797464	395.979797464	0.371541023254	-28	81	16.251288694	84.1480577065
32	"1"	"1"	9	FALSE	-30	45	100	0	0	395.979797464	395.979797464	0.404814958572	-23	105	32.581415713	102.432667397
32	"1"	"1"	9	FALSE	-30	45	100	0	0	395.979797464	395.979797464	0.438128948212	-15	130	52.0096189432	120.083302492
32	"1"	"1"	9	FALSE	-30	45	100	0	0	395.979797464	395.979797464	0.471224069595	-4	157	75.0358983849	137.965988394
32	"1"	"1"	9	FALSE	-30	45	100	0	0	395.979797464	395.979797464	0.504987001419	9	181	98.2942286341	152.250598085
32	"1"	"1"	9	FALSE	-30	45	100	0	0	395.979797464	395.979797464	0.538339138031	27	214	130.382685902	171.82943641
32	"1"	"1"	9	FALSE	-30	45	100	0	0	395.979797464	395.979797464	0.571602106094	46	238	158.837168574	183.114046101
32	"1"	"1"	9	FALSE	-30	45	100	0	0	395.979797464	395.979797464	0.605010986328	64	265	187.925625842	197.496732003
32	"1"	"1"	9	FALSE	-30	45	100	0	0	395.979797464	395.979797464	0.63840508461	79	291	213.916006899	212.513392501
32	"1"	"1"	9	FALSE	-30	45	100	0	0	395.979797464	395.979797464	0.671738147736	92	313	236.174337148	225.065951385
32	"1"	"1"	9	FALSE	-30	45	100	0	0	395.979797464	395.979797464	0.705024003983	103	340	259.20061659	242.948637287
32	"1"	"1"	9	FALSE	-30	45	100	0	0	395.979797464	395.979797464	0.737801074982	115	363	281.092921435	256.867221574
32	"1"	"1"	9	FALSE	-30	45	100	0	0	395.979797464	395.979797464	0.771805047989	128	390	305.851251684	273.749907476
32	"1"	"1"	9	FALSE	-30	45	100	0	0	395.979797464	395.979797464	0.805140972137	139	416	328.377531126	290.766567974
32	"1"	"1"	9	FALSE	-30	45	100	0	0	395.979797464	395.979797464	0.837949991226	146	436	344.439708953	304.58707605
32	"1"	"1"	9	FALSE	-30	45	100	0	0	395.979797464	395.979797464	0.871863126755	152	459	361.135861375	321.505660337
32	"1"	"1"	9	FALSE	-30	45	100	0	0	395.979797464	395.979797464	0.905177116394	154	470	368.367912183	330.031939779
32	"1"	"1"	9	FALSE	-30	45	100	0	0	395.979797464	395.979797464	0.938584089279	156	483	376.59996299	340.290270028
32	"1"	"1"	9	FALSE	-30	45	100	0	0	395.979797464	395.979797464	0.971843004227	155	493	380.733937587	349.450524066
32	"1"	"1"	9	FALSE	-30	45	100	0	0	395.979797464	395.979797464	1.00520300865	152	500	381.635861375	357.012701892
32	"1"	"1"	9	FALSE	-30	45	100	0	0	395.979797464	395.979797464	1.03805804253	148	508	382.17175976	365.940905122
32	"1"	"1"	9	FALSE	-30	45	100	0	0	395.979797464	395.979797464	1.07204294205	144	515	382.207658145	374.003082949
32	"1"	"1"	9	FALSE	-30	45	100	0	0	395.979797464	395.979797464	1.10546302795	141	523	383.609581934	382.431286179
32	"1"	"1"	9	FALSE	-30	45	100	0	0	395.979797464	395.979797464	1.13815808296	142	529	387.475607337	387.127438602
32	"1"	"1"	9	FALSE	-30	45	100	0	0	395.979797464	395.979797464	1.1721329689	142	531	388.475607337	388.85948941
32	"1"	"1"	10	FALSE	-30	45	100	0	0	395.979797464	395.979797464	0.00225806236267	-4	2	-2.46410161514	3.73205080757
32	"1"	"1"	10	FALSE	-30	45	100	0	0	395.979797464	395.979797464	0.0378210544586	-4	2	-2.46410161514	3.73205080757
32	"1"	"1"	10	FALSE	-30	45	100	0	0	395.979797464	395.979797464	0.0710289478302	-4	2	-2.46410161514	3.73205080757
32	"1"	"1"	10	FALSE	-30	45	100	0	0	395.979797464	395.979797464	0.104300022125	-4	2	-2.46410161514	3.73205080757
32	"1"	"1"	10	FALSE	-30	45	100	0	0	395.979797464	395.979797464	0.137737035751	-4	2	-2.46410161514	3.73205080757
32	"1"	"1"	10	FALSE	-30	45	100	0	0	395.979797464	395.979797464	0.171307086945	-4	2	-2.46410161514	3.73205080757
32	"1"	"1"	10	FALSE	-30	45	100	0	0	395.979797464	395.979797464	0.204470157623	-4	2	-2.46410161514	3.73205080757
32	"1"	"1"	10	FALSE	-30	45	100	0	0	395.979797464	395.979797464	0.237890005112	-5	2	-3.33012701892	4.23205080757
32	"1"	"1"	10	FALSE	-30	45	100	0	0	395.979797464	395.979797464	0.271347999573	-5	3	-2.83012701892	5.09807621135
32	"1"	"1"	10	FALSE	-30	45	100	0	0	395.979797464	395.979797464	0.304530143738	-6	4	-3.19615242271	6.46410161514
32	"1"	"1"	10	FALSE	-30	45	100	0	0	395.979797464	395.979797464	0.33762216568	-6	6	-2.19615242271	8.19615242271
32	"1"	"1"	10	FALSE	-30	45	100	0	0	395.979797464	395.979797464	0.371392965317	-6	14	1.80384757729	15.124355653
32	"1"	"1"	10	FALSE	-30	45	100	0	0	395.979797464	395.979797464	0.404757976532	-5	26	8.66987298108	25.0166604984
32	"1"	"1"	10	FALSE	-30	45	100	0	0	395.979797464	395.979797464	0.437714099884	-2	54	25.2679491924	47.7653718044
32	"1"	"1"	10	FALSE	-30	45	100	0	0	395.979797464	395.979797464	0.471379041672	6	83	46.6961524227	68.8801085141
32	"1"	"1"	10	FALSE	-30	45	100	0	0	395.979797464	395.979797464	0.504723072052	19	122	77.4544826719	96.1550992617
32	"1"	"1"	10	FALSE	-30	45	100	0	0	395.979797464	395.979797464	0.537524938583	33	158	107.578838325	120.332013798
32	"1"	"1"	10	FALSE	-30	45	100	0	0	395.979797464	395.979797464	0.571470975876	50	200	143.301270189	148.205080757
32	"1"	"1"	10	FALSE	-30	45	100	0	0	395.979797464	395.979797464	0.604861021042	66	242	178.15767665	176.578147716
32	"1"	"1"	10	FALSE	-30	45	100	0	0	395.979797464	395.979797464	0.637880086899	81	277	208.648057707	199.389036848
32	"1"	"1"	10	FALSE	-30	45	100	0	0	395.979797464	395.979797464	0.671631097794	96	315	240.638438763	224.798002192
32	"1"	"1"	10	FALSE	-30	45	100	0	0	395.979797464	395.979797464	0.704833984375	109	350	269.396769013	248.608891325
32	"1"	"1"	10	FALSE	-30	45	100	0	0	395.979797464	395.979797464	0.738361120224	118	378	291.190997647	268.357602631
32	"1"	"1"	10	FALSE	-30	45	100	0	0	395.979797464	395.979797464	0.771744966507	129	410	316.717277088	290.570415552
32	"1"	"1"	10	FALSE	-30	45	100	0	0	395.979797464	395.979797464	0.805011987686	134	429	330.547404107	304.524898224
32	"1"	"1"	10	FALSE	-30	45	100	0	0	395.979797464	395.979797464	0.837967157364	137	442	339.645480318	314.283228473
32	"1"	"1"	10	FALSE	-30	45	100	0	0	395.979797464	395.979797464	0.871757030487	139	460	350.377531126	328.871685741
32	"1"	"1"	10	FALSE	-30	45	100	0	0	395.979797464	395.979797464	0.905158042908	140	471	356.74355653	337.897965182
32	"1"	"1"	10	FALSE	-30	45	100	0	0	395.979797464	395.979797464	0.937948942184	141	481	362.609581934	346.05821922
32	"1"	"1"	10	FALSE	-30	45	100	0	0	395.979797464	395.979797464	0.971874952316	142	489	367.475607337	352.486422451
32	"1"	"1"	10	FALSE	-30	45	100	0	0	395.979797464	395.979797464	1.00522398949	143	499	373.341632741	360.646676488
32	"1"	"1"	10	FALSE	-30	45	100	0	0	395.979797464	395.979797464	1.03854393959	146	507	379.939708953	366.074879719
32	"1"	"1"	10	FALSE	-30	45	100	0	0	395.979797464	395.979797464	1.07176995277	148	513	384.67175976	370.271032141
32	"1"	"1"	10	FALSE	-30	45	100	0	0	395.979797464	395.979797464	1.10466814041	149	518	388.037785164	374.10115916
32	"1"	"1"	10	FALSE	-30	45	100	0	0	395.979797464	395.979797464	1.1385550499	150	523	391.403810568	377.931286179
32	"1"	"1"	10	FALSE	-30	45	100	0	0	395.979797464	395.979797464	1.17186808586	151	528	394.769835971	381.761413198
32	"1"	"1"	10	FALSE	-30	45	100	0	0	395.979797464	395.979797464	1.20484209061	151	532	396.769835971	385.225514813
32	"1"	"1"	10	FALSE	-30	45	100	0	0	395.979797464	395.979797464	1.23873305321	151	536	398.769835971	388.689616428
32	"1"	"1"	10	FALSE	-30	45	100	0	0	395.979797464	395.979797464	1.27213811874	151	538	399.769835971	390.421667236
32	"1"	"1"	11	FALSE	-30	135	100	0	0	-395.979797464	395.979797464	0.00192499160767	3	5	5.09807621135	2.83012701892
32	"1"	"1"	11	FALSE	-30	135	100	0	0	-395.979797464	395.979797464	0.0375239849091	3	5	5.09807621135	2.83012701892
32	"1"	"1"	11	FALSE	-30	135	100	0	0	-395.979797464	395.979797464	0.070953130722	3	5	5.09807621135	2.83012701892
32	"1"	"1"	11	FALSE	-30	135	100	0	0	-395.979797464	395.979797464	0.103671073914	3	5	5.09807621135	2.83012701892
32	"1"	"1"	11	FALSE	-30	135	100	0	0	-395.979797464	395.979797464	0.137709140778	3	5	5.09807621135	2.83012701892
32	"1"	"1"	11	FALSE	-30	135	100	0	0	-395.979797464	395.979797464	0.171133995056	3	5	5.09807621135	2.83012701892
32	"1"	"1"	11	FALSE	-30	135	100	0	0	-395.979797464	395.979797464	0.204447031021	3	5	5.09807621135	2.83012701892
32	"1"	"1"	11	FALSE	-30	135	100	0	0	-395.979797464	395.979797464	0.237744092941	3	5	5.09807621135	2.83012701892
32	"1"	"1"	11	FALSE	-30	135	100	0	0	-395.979797464	395.979797464	0.271140098572	3	5	5.09807621135	2.83012701892
32	"1"	"1"	11	FALSE	-30	135	100	0	0	-395.979797464	395.979797464	0.304479122162	3	6	5.59807621135	3.69615242271
32	"1"	"1"	11	FALSE	-30	135	100	0	0	-395.979797464	395.979797464	0.337208032608	-1	9	3.63397459622	8.29422863406
32	"1"	"1"	11	FALSE	-30	135	100	0	0	-395.979797464	395.979797464	0.371042013168	-10	14	-1.66025403784	17.124355653
32	"1"	"1"	11	FALSE	-30	135	100	0	0	-395.979797464	395.979797464	0.404663085938	-32	20	-17.7128129211	33.3205080757
32	"1"	"1"	11	FALSE	-30	135	100	0	0	-395.979797464	395.979797464	0.437952041626	-58	25	-37.7294734195	50.6506350946
32	"1"	"1"	11	FALSE	-30	135	100	0	0	-395.979797464	395.979797464	0.470921993256	-97	32	-68.0044641671	76.2128129211
32	"1"	"1"	11	FALSE	-30	135	100	0	0	-395.979797464	395.979797464	0.504724979401	-128	39	-91.3512516844	97.7749907476
32	"1"	"1"	11	FALSE	-30	135	100	0	0	-395.979797464	395.979797464	0.537969112396	-164	47	-118.528166221	122.703193978
32	"1"	"1"	11	FALSE	-30	135	100	0	0	-395.979797464	395.979797464	0.571349143982	-192	53	-139.776877527	141.899346401
32	"1"	"1"	11	FALSE	-30	135	100	0	0	-395.979797464	395.979797464	0.604674100876	-220	59	-161.025588833	161.095498823
32	"1"	"1"	11	FALSE	-30	135	100	0	0	-395.979797464	395.979797464	0.6380879879	-258	65	-190.934554176	185.291651246
32	"1"	"1"	11	FALSE	-30	135	100	0	0	-395.979797464	395.979797464	0.671463012695	-284	70	-210.951214675	202.621778265
32	"1"	"1"	11	FALSE	-30	135	100	0	0	-395.979797464	395.979797464	0.704124927521	-315	77	-234.298002192	224.183956091
32	"1"	"1"	11	FALSE	-30	135	100	0	0	-395.979797464	395.979797464	0.738213062286	-343	86	-254.046713498	245.978184725
32	"1"	"1"	11	FALSE	-30	135	100	0	0	-395.979797464	395.979797464	0.771772146225	-366	97	-268.465297785	267.004464167
32	"1"	"1"	11	FALSE	-30	135	100	0	0	-395.979797464	395.979797464	0.80487704277	-391	104	-286.61593288	285.566641994
32	"1"	"1"	11	FALSE	-30	135	100	0	0	-395.979797464	395.979797464	0.83814907074	-415	111	-303.900542571	303.62881982
32	"1"	"1"	11	FALSE	-30	135	100	0	0	-395.979797464	395.979797464	0.871487140656	-437	119	-318.953101454	321.55702305
32	"1"	"1"	11	FALSE	-30	135	100	0	0	-395.979797464	395.979797464	0.904789924622	-448	124	-325.979380895	331.387150069
32	"1"	"1"	11	FALSE	-30	135	100	0	0	-395.979797464	395.979797464	0.938374042511	-463	131	-335.469761952	344.949327896
32	"1"	"1"	11	FALSE	-30	135	100	0	0	-395.979797464	395.979797464	0.971697092056	-476	138	-343.228092201	357.511505722
32	"1"	"1"	11	FALSE	-30	135	100	0	0	-395.979797464	395.979797464	1.00508093834	-486	144	-348.888346239	367.707658145
32	"1"	"1"	11	FALSE	-30	135	100	0	0	-395.979797464	395.979797464	1.03833603859	-496	148	-355.548600277	376.17175976
32	"1"	"1"	11	FALSE	-30	135	100	0	0	-395.979797464	395.979797464	1.07139992714	-504	150	-361.476803507	381.903810568
32	"1"	"1"	11	FALSE	-30	135	100	0	0	-395.979797464	395.979797464	1.10510706902	-515	151	-370.503082949	388.269835971
32	"1"	"1"	11	FALSE	-30	135	100	0	0	-395.979797464	395.979797464	1.13839697838	-523	152	-376.931286179	393.135861375
32	"1"	"1"	11	FALSE	-30	135	100	0	0	-395.979797464	395.979797464	1.17147612572	-528	153	-380.761413198	396.501886779
32	"1"	"1"	11	FALSE	-30	135	100	0	0	-395.979797464	395.979797464	1.20519113541	-530	153	-382.493464006	397.501886779
32	"1"	"1"	12	FALSE	-30	90	100	0	0	3.42901103761e-14	560	0.00224304199219	-11	4	-7.52627944163	8.96410161514
32	"1"	"1"	12	FALSE	-30	90	100	0	0	3.42901103761e-14	560	0.0376851558685	-10	3	-7.16025403784	7.59807621135
32	"1"	"1"	12	FALSE	-30	90	100	0	0	3.42901103761e-14	560	0.0710020065308	-10	3	-7.16025403784	7.59807621135
32	"1"	"1"	12	FALSE	-30	90	100	0	0	3.42901103761e-14	560	0.104342937469	-10	3	-7.16025403784	7.59807621135
32	"1"	"1"	12	FALSE	-30	90	100	0	0	3.42901103761e-14	560	0.137717962265	-10	3	-7.16025403784	7.59807621135
32	"1"	"1"	12	FALSE	-30	90	100	0	0	3.42901103761e-14	560	0.17108297348	-10	3	-7.16025403784	7.59807621135
32	"1"	"1"	12	FALSE	-30	90	100	0	0	3.42901103761e-14	560	0.204414129257	-10	3	-7.16025403784	7.59807621135
32	"1"	"1"	12	FALSE	-30	90	100	0	0	3.42901103761e-14	560	0.23771905899	-9	3	-6.29422863406	7.09807621135
32	"1"	"1"	12	FALSE	-30	90	100	0	0	3.42901103761e-14	560	0.271229982376	-9	3	-6.29422863406	7.09807621135
32	"1"	"1"	12	FALSE	-30	90	100	0	0	3.42901103761e-14	560	0.304551124573	-11	4	-7.52627944163	8.96410161514
32	"1"	"1"	12	FALSE	-30	90	100	0	0	3.42901103761e-14	560	0.337893009186	-15	9	-8.49038105677	15.2942286341
32	"1"	"1"	12	FALSE	-30	90	100	0	0	3.42901103761e-14	560	0.371258974075	-21	18	-9.18653347947	26.0884572681
32	"1"	"1"	12	FALSE	-30	90	100	0	0	3.42901103761e-14	560	0.404380083084	-31	40	-6.84678751732	50.1410161514
32	"1"	"1"	12	FALSE	-30	90	100	0	0	3.42901103761e-14	560	0.438107967377	-39	61	-3.27499074759	72.3275496309
32	"1"	"1"	12	FALSE	-30	90	100	0	0	3.42901103761e-14	560	0.471275091171	-47	81	-0.203193977869	93.6480577065
32	"1"	"1"	12	FALSE	-30	90	100	0	0	3.42901103761e-14	560	0.504697084427	-60	107	1.53847577293	122.664718205
32	"1"	"1"	12	FALSE	-30	90	100	0	0	3.42901103761e-14	560	0.538043022156	-75	133	1.54809471617	152.681378703
32	"1"	"1"	12	FALSE	-30	90	100	0	0	3.42901103761e-14	560	0.571398019791	-87	155	2.15578987075	177.733937587
32	"1"	"1"	12	FALSE	-30	90	100	0	0	3.42901103761e-14	560	0.604769945145	-101	182	3.53143421777	208.116623489
32	"1"	"1"	12	FALSE	-30	90	100	0	0	3.42901103761e-14	560	0.638119935989	-116	209	4.04105316101	238.999309391
32	"1"	"1"	12	FALSE	-30	90	100	0	0	3.42901103761e-14	560	0.671430110931	-131	238	5.55067210424	271.614046101
32	"1"	"1"	12	FALSE	-30	90	100	0	0	3.42901103761e-14	560	0.704833984375	-143	262	7.15836725883	298.398655792
32	"1"	"1"	12	FALSE	-30	90	100	0	0	3.42901103761e-14	560	0.738260030746	-157	290	9.03401160584	329.647367097
32	"1"	"1"	12	FALSE	-30	90	100	0	0	3.42901103761e-14	560	0.77152299881	-171	316	9.90965595286	359.164027596
32	"1"	"1"	12	FALSE	-30	90	100	0	0	3.42901103761e-14	560	0.804863929749	-183	338	10.5173511074	384.216586479
32	"1"	"1"	12	FALSE	-30	90	100	0	0	3.42901103761e-14	560	0.83820605278	-196	363	11.7590208583	412.367221574
32	"1"	"1"	12	FALSE	-30	90	100	0	0	3.42901103761e-14	560	0.871689081192	-208	384	11.8667160128	436.553755053
32	"1"	"1"	12	FALSE	-30	90	100	0	0	3.42901103761e-14	560	0.905010938644	-218	401	11.706461975	456.276186918
32	"1"	"1"	12	FALSE	-30	90	100	0	0	3.42901103761e-14	560	0.938382148743	-227	416	11.4122333409	473.766567974
32	"1"	"1"	12	FALSE	-30	90	100	0	0	3.42901103761e-14	560	0.971684932709	-238	430	8.8859538993	491.390923627
32	"1"	"1"	12	FALSE	-30	90	100	0	0	3.42901103761e-14	560	1.00507092476	-249	441	4.85967445767	506.417203069
32	"1"	"1"	12	FALSE	-30	90	100	0	0	3.42901103761e-14	560	1.03834009171	-254	451	5.52954743875	517.577457107
32	"1"	"1"	12	FALSE	-30	90	100	0	0	3.42901103761e-14	560	1.07177901268	-259	461	6.19942041983	528.737711145
32	"1"	"1"	12	FALSE	-30	90	100	0	0	3.42901103761e-14	560	1.10515594482	-264	469	5.86929340091	538.165914375
32	"1"	"1"	12	FALSE	-30	90	100	0	0	3.42901103761e-14	560	1.13859701157	-269	476	5.03916638199	546.728092201
32	"1"	"1"	12	FALSE	-30	90	100	0	0	3.42901103761e-14	560	1.17180299759	-273	479	3.07506476685	551.326168413
32	"1"	"1"	12	FALSE	-30	90	100	0	0	3.42901103761e-14	560	1.20514297485	-276	482	1.97698855549	555.424244624
32	"1"	"1"	12	FALSE	-30	90	100	0	0	3.42901103761e-14	560	1.23843812943	-277	484	2.11096315171	557.656295432
32	"1"	"1"	13	FALSE	-30	45	100	0	0	395.979797464	395.979797464	0.00231409072876	-4	8	0.535898384862	8.92820323028
32	"1"	"1"	13	FALSE	-30	45	100	0	0	395.979797464	395.979797464	0.0375261306763	-4	8	0.535898384862	8.92820323028
32	"1"	"1"	13	FALSE	-30	45	100	0	0	395.979797464	395.979797464	0.070848941803	-4	7	0.0358983848622	8.06217782649
32	"1"	"1"	13	FALSE	-30	45	100	0	0	395.979797464	395.979797464	0.104239940643	-3	6	0.401923788647	6.69615242271
32	"1"	"1"	13	FALSE	-30	45	100	0	0	395.979797464	395.979797464	0.137558937073	-2	5	0.767949192431	5.33012701892
32	"1"	"1"	13	FALSE	-30	45	100	0	0	395.979797464	395.979797464	0.170902013779	-2	5	0.767949192431	5.33012701892
32	"1"	"1"	13	FALSE	-30	45	100	0	0	395.979797464	395.979797464	0.20427107811	-2	5	0.767949192431	5.33012701892
32	"1"	"1"	13	FALSE	-30	45	100	0	0	395.979797464	395.979797464	0.237267017365	-2	5	0.767949192431	5.33012701892
32	"1"	"1"	13	FALSE	-30	45	100	0	0	395.979797464	395.979797464	0.270625114441	-2	5	0.767949192431	5.33012701892
32	"1"	"1"	13	FALSE	-30	45	100	0	0	395.979797464	395.979797464	0.303631067276	-2	8	2.26794919243	7.92820323028
32	"1"	"1"	13	FALSE	-30	45	100	0	0	395.979797464	395.979797464	0.337710142136	-3	14	4.40192378865	13.624355653
32	"1"	"1"	13	FALSE	-30	45	100	0	0	395.979797464	395.979797464	0.370988130569	-4	24	8.53589838486	22.7846096908
32	"1"	"1"	13	FALSE	-30	45	100	0	0	395.979797464	395.979797464	0.40443611145	-4	42	17.5358983849	38.3730669589
32	"1"	"1"	13	FALSE	-30	45	100	0	0	395.979797464	395.979797464	0.43804693222	0	64	32	55.4256258422
32	"1"	"1"	13	FALSE	-30	45	100	0	0	395.979797464	395.979797464	0.471262931824	10	90	53.6602540378	72.9422863406
32	"1"	"1"	13	FALSE	-30	45	100	0	0	395.979797464	395.979797464	0.504395008087	23	123	81.418584287	95.0211246655
32	"1"	"1"	13	FALSE	-30	45	100	0	0	395.979797464	395.979797464	0.53780412674	34	155	106.944863729	117.233937587
32	"1"	"1"	13	FALSE	-30	45	100	0	0	395.979797464	395.979797464	0.571161031723	48	192	137.569219382	142.276877527
32	"1"	"1"	13	FALSE	-30	45	100	0	0	395.979797464	395.979797464	0.604192018509	59	227	164.595498823	167.087766659
32	"1"	"1"	13	FALSE	-30	45	100	0	0	395.979797464	395.979797464	0.637984037399	69	262	190.755752861	192.398655792
32	"1"	"1"	13	FALSE	-30	45	100	0	0	395.979797464	395.979797464	0.671189069748	78	290	212.549981495	212.147367097
32	"1"	"1"	13	FALSE	-30	45	100	0	0	395.979797464	395.979797464	0.704705953598	88	321	236.710235533	233.994154615
32	"1"	"1"	13	FALSE	-30	45	100	0	0	395.979797464	395.979797464	0.737947940826	97	349	258.504464167	253.742865921
32	"1"	"1"	13	FALSE	-30	45	100	0	0	395.979797464	395.979797464	0.771250963211	104	372	276.066641994	270.161450208
32	"1"	"1"	13	FALSE	-30	45	100	0	0	395.979797464	395.979797464	0.804129123688	113	398	296.860870628	288.178110706
32	"1"	"1"	13	FALSE	-30	45	100	0	0	395.979797464	395.979797464	0.838063001633	120	421	314.423048454	304.596694993
32	"1"	"1"	13	FALSE	-30	45	100	0	0	395.979797464	395.979797464	0.871701002121	125	437	326.753175473	315.953101454
32	"1"	"1"	13	FALSE	-30	45	100	0	0	395.979797464	395.979797464	0.904909133911	129	452	337.717277088	326.943482511
32	"1"	"1"	13	FALSE	-30	45	100	0	0	395.979797464	395.979797464	0.938174009323	134	467	349.547404107	337.433863567
32	"1"	"1"	13	FALSE	-30	45	100	0	0	395.979797464	395.979797464	0.971539020538	137	479	358.145480318	346.326168413
32	"1"	"1"	13	FALSE	-30	45	100	0	0	395.979797464	395.979797464	1.00493097305	139	488	364.377531126	353.120397047
32	"1"	"1"	13	FALSE	-30	45	100	0	0	395.979797464	395.979797464	1.03831505775	141	497	370.609581934	359.914625681
32	"1"	"1"	13	FALSE	-30	45	100	0	0	395.979797464	395.979797464	1.07157802582	144	506	377.707658145	366.208854315
32	"1"	"1"	13	FALSE	-30	45	100	0	0	395.979797464	395.979797464	1.10485196114	146	512	382.439708953	370.405006738
32	"1"	"1"	13	FALSE	-30	45	100	0	0	395.979797464	395.979797464	1.13832211494	149	521	389.537785164	376.699235372
32	"1"	"1"	13	FALSE	-30	45	100	0	0	395.979797464	395.979797464	1.17166495323	150	527	393.403810568	381.395387794
32	"1"	"1"	13	FALSE	-30	45	100	0	0	395.979797464	395.979797464	1.20504403114	151	529	395.269835971	382.627438602
32	"1"	"1"	14	FALSE	-30	90	100	0	0	3.42901103761e-14	560	0.00182795524597	-4	-9	-7.96410161514	-5.79422863406
32	"1"	"1"	14	FALSE	-30	90	100	0	0	3.42901103761e-14	560	0.0375120639801	-4	-9	-7.96410161514	-5.79422863406
32	"1"	"1"	14	FALSE	-30	90	100	0	0	3.42901103761e-14	560	0.0709209442139	-4	-9	-7.96410161514	-5.79422863406
32	"1"	"1"	14	FALSE	-30	90	100	0	0	3.42901103761e-14	560	0.104182004929	-4	-9	-7.96410161514	-5.79422863406
32	"1"	"1"	14	FALSE	-30	90	100	0	0	3.42901103761e-14	560	0.137543916702	-3	-8	-6.59807621135	-5.42820323028
32	"1"	"1"	14	FALSE	-30	90	100	0	0	3.42901103761e-14	560	0.171029090881	-3	-7	-6.09807621135	-4.56217782649
32	"1"	"1"	14	FALSE	-30	90	100	0	0	3.42901103761e-14	560	0.204383134842	-3	-7	-6.09807621135	-4.56217782649
32	"1"	"1"	14	FALSE	-30	90	100	0	0	3.42901103761e-14	560	0.237726926804	-3	-7	-6.09807621135	-4.56217782649
32	"1"	"1"	14	FALSE	-30	90	100	0	0	3.42901103761e-14	560	0.271078109741	-3	-7	-6.09807621135	-4.56217782649
32	"1"	"1"	14	FALSE	-30	90	100	0	0	3.42901103761e-14	560	0.304485082626	-3	-5	-5.09807621135	-2.83012701892
32	"1"	"1"	14	FALSE	-30	90	100	0	0	3.42901103761e-14	560	0.337821960449	-6	1	-4.69615242271	3.86602540378
32	"1"	"1"	14	FALSE	-30	90	100	0	0	3.42901103761e-14	560	0.371273040771	-11	13	-3.02627944163	16.7583302492
32	"1"	"1"	14	FALSE	-30	90	100	0	0	3.42901103761e-14	560	0.40453004837	-18	36	2.41154273188	40.1769145362
32	"1"	"1"	14	FALSE	-30	90	100	0	0	3.42901103761e-14	560	0.437861919403	-25	59	7.84936490539	63.5954988233
32	"1"	"1"	14	FALSE	-30	90	100	0	0	3.42901103761e-14	560	0.471285104752	-32	79	11.7871870789	84.416006899
32	"1"	"1"	14	FALSE	-30	90	100	0	0	3.42901103761e-14	560	0.504667043686	-43	105	15.2609076373	112.432667397
32	"1"	"1"	14	FALSE	-30	90	100	0	0	3.42901103761e-14	560	0.537919044495	-57	131	16.1365519843	141.949327896
32	"1"	"1"	14	FALSE	-30	90	100	0	0	3.42901103761e-14	560	0.571362018585	-72	158	16.6461709275	172.832013798
32	"1"	"1"	14	FALSE	-30	90	100	0	0	3.42901103761e-14	560	0.604747056961	-86	181	16.0218152745	199.750598085
32	"1"	"1"	14	FALSE	-30	90	100	0	0	3.42901103761e-14	560	0.63804101944	-100	207	16.8974596216	229.267258583
32	"1"	"1"	14	FALSE	-30	90	100	0	0	3.42901103761e-14	560	0.671425104141	-112	234	20.0051547761	258.649944486
32	"1"	"1"	14	FALSE	-30	90	100	0	0	3.42901103761e-14	560	0.704746961594	-124	259	22.1128499307	286.30057958
32	"1"	"1"	14	FALSE	-30	90	100	0	0	3.42901103761e-14	560	0.738126039505	-139	284	21.622468874	315.451214675
32	"1"	"1"	14	FALSE	-30	90	100	0	0	3.42901103761e-14	560	0.771367073059	-150	304	22.0961894323	338.27172275
32	"1"	"1"	14	FALSE	-30	90	100	0	0	3.42901103761e-14	560	0.804888010025	-162	325	22.2038845869	362.45825623
32	"1"	"1"	14	FALSE	-30	90	100	0	0	3.42901103761e-14	560	0.838191986084	-175	340	18.4455543377	381.948637287
32	"1"	"1"	14	FALSE	-30	90	100	0	0	3.42901103761e-14	560	0.871546030045	-190	360	15.455173281	406.769145362
32	"1"	"1"	14	FALSE	-30	90	100	0	0	3.42901103761e-14	560	0.904936075211	-202	376	13.0628684355	426.625551823
32	"1"	"1"	14	FALSE	-30	90	100	0	0	3.42901103761e-14	560	0.938251972198	-212	391	11.9026143977	444.61593288
32	"1"	"1"	14	FALSE	-30	90	100	0	0	3.42901103761e-14	560	0.97159910202	-222	406	10.7423603599	462.606313936
32	"1"	"1"	14	FALSE	-30	90	100	0	0	3.42901103761e-14	560	1.00491499901	-229	420	11.6801825334	478.230669589
32	"1"	"1"	14	FALSE	-30	90	100	0	0	3.42901103761e-14	560	1.03831291199	-238	432	9.8859538993	493.122974435
32	"1"	"1"	14	FALSE	-30	90	100	0	0	3.42901103761e-14	560	1.07172894478	-245	441	8.32377607281	504.417203069
32	"1"	"1"	14	FALSE	-30	90	100	0	0	3.42901103761e-14	560	1.10507512093	-252	451	7.26159824632	516.577457107
32	"1"	"1"	14	FALSE	-30	90	100	0	0	3.42901103761e-14	560	1.13785600662	-258	461	7.06544582361	528.237711145
32	"1"	"1"	14	FALSE	-30	90	100	0	0	3.42901103761e-14	560	1.17179012299	-263	468	6.23531880469	536.799888971
32	"1"	"1"	14	FALSE	-30	90	100	0	0	3.42901103761e-14	560	1.20521807671	-268	475	5.40519178577	545.362066798
32	"1"	"1"	14	FALSE	-30	90	100	0	0	3.42901103761e-14	560	1.23815011978	-273	480	3.57506476685	552.192193817
32	"1"	"1"	14	FALSE	-30	90	100	0	0	3.42901103761e-14	560	1.27187299728	-276	483	2.47698855549	556.290270028
32	"1"	"1"	14	FALSE	-30	90	100	0	0	3.42901103761e-14	560	1.30525302887	-278	484	1.24493774793	558.156295432
32	"1"	"1"	14	FALSE	-30	90	100	0	0	3.42901103761e-14	560	1.33857011795	-279	485	0.878912344142	559.522320835
32	"1"	"1"	14	FALSE	-30	90	100	0	0	3.42901103761e-14	560	1.37195205688	-281	487	0.146861536573	562.254371643
32	"1"	"1"	14	FALSE	-30	90	100	0	0	3.42901103761e-14	560	1.40528011322	-282	488	-0.219163867212	563.620397047
32	"1"	"1"	15	FALSE	-30	135	100	0	0	-395.979797464	395.979797464	0.00191307067871	-4	2	-2.46410161514	3.73205080757
32	"1"	"1"	15	FALSE	-30	135	100	0	0	-395.979797464	395.979797464	0.0375971794128	-4	2	-2.46410161514	3.73205080757
32	"1"	"1"	15	FALSE	-30	135	100	0	0	-395.979797464	395.979797464	0.0709760189056	-4	2	-2.46410161514	3.73205080757
32	"1"	"1"	15	FALSE	-30	135	100	0	0	-395.979797464	395.979797464	0.104201078415	-4	2	-2.46410161514	3.73205080757
32	"1"	"1"	15	FALSE	-30	135	100	0	0	-395.979797464	395.979797464	0.137301206589	-4	2	-2.46410161514	3.73205080757
32	"1"	"1"	15	FALSE	-30	135	100	0	0	-395.979797464	395.979797464	0.171068191528	-4	2	-2.46410161514	3.73205080757
32	"1"	"1"	15	FALSE	-30	135	100	0	0	-395.979797464	395.979797464	0.204290151596	-4	3	-1.96410161514	4.59807621135
32	"1"	"1"	15	FALSE	-30	135	100	0	0	-395.979797464	395.979797464	0.237371206284	-4	4	-1.46410161514	5.46410161514
32	"1"	"1"	15	FALSE	-30	135	100	0	0	-395.979797464	395.979797464	0.271045207977	-5	6	-1.33012701892	7.69615242271
32	"1"	"1"	15	FALSE	-30	135	100	0	0	-395.979797464	395.979797464	0.304516077042	-7	9	-1.56217782649	11.2942286341
32	"1"	"1"	15	FALSE	-30	135	100	0	0	-395.979797464	395.979797464	0.337175130844	-14	17	-3.62435565298	21.7224318643
32	"1"	"1"	15	FALSE	-30	135	100	0	0	-395.979797464	395.979797464	0.370994091034	-27	24	-11.3826859022	34.2846096908
32	"1"	"1"	15	FALSE	-30	135	100	0	0	-395.979797464	395.979797464	0.404420137405	-42	32	-20.3730669589	48.7128129211
32	"1"	"1"	15	FALSE	-30	135	100	0	0	-395.979797464	395.979797464	0.437208175659	-62	41	-33.1935750346	66.5070415552
32	"1"	"1"	15	FALSE	-30	135	100	0	0	-395.979797464	395.979797464	0.471231222153	-88	52	-50.210235533	89.0333209968
32	"1"	"1"	15	FALSE	-30	135	100	0	0	-395.979797464	395.979797464	0.50444316864	-120	61	-73.4230484541	112.827549631
32	"1"	"1"	15	FALSE	-30	135	100	0	0	-395.979797464	395.979797464	0.5378241539	-148	69	-93.6717597601	133.755752861
32	"1"	"1"	15	FALSE	-30	135	100	0	0	-395.979797464	395.979797464	0.570718050003	-181	78	-117.750598085	158.049981495
32	"1"	"1"	15	FALSE	-30	135	100	0	0	-395.979797464	395.979797464	0.604713201523	-217	87	-144.427512621	183.844210129
32	"1"	"1"	15	FALSE	-30	135	100	0	0	-395.979797464	395.979797464	0.637786149979	-253	94	-172.104427157	207.906387956
32	"1"	"1"	15	FALSE	-30	135	100	0	0	-395.979797464	395.979797464	0.671355009079	-288	99	-199.91531629	229.736514975
32	"1"	"1"	15	FALSE	-30	135	100	0	0	-395.979797464	395.979797464	0.704824209213	-317	105	-222.030053	249.432667397
32	"1"	"1"	15	FALSE	-30	135	100	0	0	-395.979797464	395.979797464	0.738118171692	-347	111	-245.010815113	269.62881982
32	"1"	"1"	15	FALSE	-30	135	100	0	0	-395.979797464	395.979797464	0.771464109421	-371	115	-263.795424804	285.092921435
32	"1"	"1"	15	FALSE	-30	135	100	0	0	-395.979797464	395.979797464	0.80419921875	-397	121	-283.312085302	303.289073858
32	"1"	"1"	15	FALSE	-30	135	100	0	0	-395.979797464	395.979797464	0.838228225708	-419	127	-299.364644186	319.485226281
32	"1"	"1"	15	FALSE	-30	135	100	0	0	-395.979797464	395.979797464	0.871559143066	-437	131	-312.953101454	331.949327896
32	"1"	"1"	15	FALSE	-30	135	100	0	0	-395.979797464	395.979797464	0.90492105484	-455	136	-326.041558722	345.279454915
32	"1"	"1"	15	FALSE	-30	135	100	0	0	-395.979797464	395.979797464	0.937956094742	-470	141	-336.531939779	357.109581934
32	"1"	"1"	15	FALSE	-30	135	100	0	0	-395.979797464	395.979797464	0.971612215042	-486	146	-347.888346239	369.439708953
32	"1"	"1"	15	FALSE	-30	135	100	0	0	-395.979797464	395.979797464	1.00497817993	-496	149	-355.048600277	377.037785164
32	"1"	"1"	15	FALSE	-30	135	100	0	0	-395.979797464	395.979797464	1.03831601143	-508	152	-363.940905122	385.635861375
32	"1"	"1"	15	FALSE	-30	135	100	0	0	-395.979797464	395.979797464	1.07173109055	-518	154	-371.60115916	392.367912183
32	"1"	"1"	15	FALSE	-30	135	100	0	0	-395.979797464	395.979797464	1.10480809212	-524	154	-376.797311583	395.367912183
32	"1"	"1"	15	FALSE	-30	135	100	0	0	-395.979797464	395.979797464	1.13843202591	-529	154	-381.127438602	397.867912183
32	"1"	"1"	15	FALSE	-30	135	100	0	0	-395.979797464	395.979797464	1.1718981266	-532	154	-383.725514813	399.367912183
32	"1"	"1"	15	FALSE	-30	135	100	0	0	-395.979797464	395.979797464	1.20515012741	-533	153	-385.091540217	399.001886779
32	"1"	"1"	16	FALSE	-30	45	100	0	0	395.979797464	395.979797464	0.00210380554199	-4	-6	-6.46410161514	-3.19615242271
32	"1"	"1"	16	FALSE	-30	45	100	0	0	395.979797464	395.979797464	0.0371887683868	-4	-6	-6.46410161514	-3.19615242271
32	"1"	"1"	16	FALSE	-30	45	100	0	0	395.979797464	395.979797464	0.070643901825	-4	-6	-6.46410161514	-3.19615242271
32	"1"	"1"	16	FALSE	-30	45	100	0	0	395.979797464	395.979797464	0.103965997696	-4	-6	-6.46410161514	-3.19615242271
32	"1"	"1"	16	FALSE	-30	45	100	0	0	395.979797464	395.979797464	0.137275934219	-4	-6	-6.46410161514	-3.19615242271
32	"1"	"1"	16	FALSE	-30	45	100	0	0	395.979797464	395.979797464	0.17023396492	-4	-6	-6.46410161514	-3.19615242271
32	"1"	"1"	16	FALSE	-30	45	100	0	0	395.979797464	395.979797464	0.203939914703	-4	-6	-6.46410161514	-3.19615242271
32	"1"	"1"	16	FALSE	-30	45	100	0	0	395.979797464	395.979797464	0.236780881882	-4	-6	-6.46410161514	-3.19615242271
32	"1"	"1"	16	FALSE	-30	45	100	0	0	395.979797464	395.979797464	0.270828962326	-4	-6	-6.46410161514	-3.19615242271
32	"1"	"1"	16	FALSE	-30	45	100	0	0	395.979797464	395.979797464	0.304002761841	-4	-4	-5.46410161514	-1.46410161514
32	"1"	"1"	16	FALSE	-30	45	100	0	0	395.979797464	395.979797464	0.337303876877	-5	1	-3.83012701892	3.36602540378
32	"1"	"1"	16	FALSE	-30	45	100	0	0	395.979797464	395.979797464	0.370730876923	-3	11	2.90192378865	11.0262794416
32	"1"	"1"	16	FALSE	-30	45	100	0	0	395.979797464	395.979797464	0.403959989548	3	27	16.0980762114	21.8826859022
32	"1"	"1"	16	FALSE	-30	45	100	0	0	395.979797464	395.979797464	0.437500953674	12	53	36.8923048454	39.8993464006
32	"1"	"1"	16	FALSE	-30	45	100	0	0	395.979797464	395.979797464	0.470854997635	26	81	63.0166604984	57.1480577065
32	"1"	"1"	16	FALSE	-30	45	100	0	0	395.979797464	395.979797464	0.503657817841	37	108	86.04293994	75.0307436087
32	"1"	"1"	16	FALSE	-30	45	100	0	0	395.979797464	395.979797464	0.537696838379	52	140	115.033320997	95.2435565298
32	"1"	"1"	16	FALSE	-30	45	100	0	0	395.979797464	395.979797464	0.571086883545	65	169	140.791651246	113.85829324
32	"1"	"1"	16	FALSE	-30	45	100	0	0	395.979797464	395.979797464	0.603745937347	81	205	172.648057707	137.035207776
32	"1"	"1"	16	FALSE	-30	45	100	0	0	395.979797464	395.979797464	0.637839794159	95	240	202.27241336	160.346096908
32	"1"	"1"	16	FALSE	-30	45	100	0	0	395.979797464	395.979797464	0.671086788177	105	268	224.932667397	179.594808214
32	"1"	"1"	16	FALSE	-30	45	100	0	0	395.979797464	395.979797464	0.704567909241	114	305	251.226896031	207.137748154
32	"1"	"1"	16	FALSE	-30	45	100	0	0	395.979797464	395.979797464	0.737872838974	118	331	267.690997647	227.654408653
32	"1"	"1"	16	FALSE	-30	45	100	0	0	395.979797464	395.979797464	0.771206855774	122	357	284.155099262	248.171069151
32	"1"	"1"	16	FALSE	-30	45	100	0	0	395.979797464	395.979797464	0.804665803909	125	382	299.253175473	268.321704246
32	"1"	"1"	16	FALSE	-30	45	100	0	0	395.979797464	395.979797464	0.837957859039	128	401	311.351251684	283.276186918
32	"1"	"1"	16	FALSE	-30	45	100	0	0	395.979797464	395.979797464	0.871236801147	129	422	322.717277088	300.962720397
32	"1"	"1"	16	FALSE	-30	45	100	0	0	395.979797464	395.979797464	0.904159784317	130	434	329.583302492	310.855025242
32	"1"	"1"	16	FALSE	-30	45	100	0	0	395.979797464	395.979797464	0.937453985214	132	451	339.8153533	324.577457107
32	"1"	"1"	16	FALSE	-30	45	100	0	0	395.979797464	395.979797464	0.97144985199	132	465	346.8153533	336.70181276
32	"1"	"1"	16	FALSE	-30	45	100	0	0	395.979797464	395.979797464	1.00464892387	133	478	354.181378703	347.460143009
32	"1"	"1"	16	FALSE	-30	45	100	0	0	395.979797464	395.979797464	1.03792691231	136	488	361.779454915	354.620397047
32	"1"	"1"	16	FALSE	-30	45	100	0	0	395.979797464	395.979797464	1.07145094872	138	495	367.011505722	359.682574873
32	"1"	"1"	16	FALSE	-30	45	100	0	0	395.979797464	395.979797464	1.10483288765	139	503	371.877531126	366.110778104
32	"1"	"1"	16	FALSE	-30	45	100	0	0	395.979797464	395.979797464	1.13815379143	140	510	376.24355653	371.67295593
32	"1"	"1"	16	FALSE	-30	45	100	0	0	395.979797464	395.979797464	1.17102098465	141	516	380.109581934	376.369108353
32	"1"	"1"	16	FALSE	-30	45	100	0	0	395.979797464	395.979797464	1.20478081703	143	524	385.841632741	382.297311583
32	"1"	"1"	16	FALSE	-30	45	100	0	0	395.979797464	395.979797464	1.23814582825	145	531	391.073683549	387.35948941
32	"1"	"1"	16	FALSE	-30	45	100	0	0	395.979797464	395.979797464	1.27150297165	147	540	397.305734356	394.153718044
32	"1"	"1"	16	FALSE	-30	45	100	0	0	395.979797464	395.979797464	1.30496478081	148	545	400.67175976	397.983845063
32	"1"	"1"	16	FALSE	-30	45	100	0	0	395.979797464	395.979797464	1.33837485313	149	548	403.037785164	400.081921274
32	"1"	"1"	17	FALSE	-30	90	100	0	0	3.42901103761e-14	560	0.00179886817932	0	5	2.5	4.33012701892
32	"1"	"1"	17	FALSE	-30	90	100	0	0	3.42901103761e-14	560	0.0376400947571	0	5	2.5	4.33012701892
32	"1"	"1"	17	FALSE	-30	90	100	0	0	3.42901103761e-14	560	0.0708510875702	0	5	2.5	4.33012701892
32	"1"	"1"	17	FALSE	-30	90	100	0	0	3.42901103761e-14	560	0.103897094727	0	5	2.5	4.33012701892
32	"1"	"1"	17	FALSE	-30	90	100	0	0	3.42901103761e-14	560	0.1369099617	0	5	2.5	4.33012701892
32	"1"	"1"	17	FALSE	-30	90	100	0	0	3.42901103761e-14	560	0.170847892761	0	5	2.5	4.33012701892
32	"1"	"1"	17	FALSE	-30	90	100	0	0	3.42901103761e-14	560	0.204359054565	0	5	2.5	4.33012701892
32	"1"	"1"	17	FALSE	-30	90	100	0	0	3.42901103761e-14	560	0.237534999847	0	5	2.5	4.33012701892
32	"1"	"1"	17	FALSE	-30	90	100	0	0	3.42901103761e-14	560	0.270615100861	0	5	2.5	4.33012701892
32	"1"	"1"	17	FALSE	-30	90	100	0	0	3.42901103761e-14	560	0.304218053818	0	5	2.5	4.33012701892
32	"1"	"1"	17	FALSE	-30	90	100	0	0	3.42901103761e-14	560	0.33780002594	0	7	3.5	6.06217782649
32	"1"	"1"	17	FALSE	-30	90	100	0	0	3.42901103761e-14	560	0.371116876602	-1	14	6.13397459622	12.624355653
32	"1"	"1"	17	FALSE	-30	90	100	0	0	3.42901103761e-14	560	0.404355049133	-5	24	7.66987298108	23.2846096908
32	"1"	"1"	17	FALSE	-30	90	100	0	0	3.42901103761e-14	560	0.437733888626	-9	35	9.70577136594	34.8108891325
32	"1"	"1"	17	FALSE	-30	90	100	0	0	3.42901103761e-14	560	0.471118927002	-16	57	14.6435935394	57.3634480157
32	"1"	"1"	17	FALSE	-30	90	100	0	0	3.42901103761e-14	560	0.504457950592	-23	76	18.081415713	77.3179306876
32	"1"	"1"	17	FALSE	-30	90	100	0	0	3.42901103761e-14	560	0.537324905396	-35	97	18.1891108675	101.504464167
32	"1"	"1"	17	FALSE	-30	90	100	0	0	3.42901103761e-14	560	0.571193933487	-49	121	18.0647552146	129.289073858
32	"1"	"1"	17	FALSE	-30	90	100	0	0	3.42901103761e-14	560	0.604681015015	-64	145	17.0743741578	157.573683549
32	"1"	"1"	17	FALSE	-30	90	100	0	0	3.42901103761e-14	560	0.638046979904	-81	178	18.8519422935	194.652521874
32	"1"	"1"	17	FALSE	-30	90	100	0	0	3.42901103761e-14	560	0.67076587677	-94	204	20.5936120443	223.669182372
32	"1"	"1"	17	FALSE	-30	90	100	0	0	3.42901103761e-14	560	0.704720973969	-112	235	20.5051547761	259.515969889
32	"1"	"1"	17	FALSE	-30	90	100	0	0	3.42901103761e-14	560	0.738121986389	-131	264	18.5506721042	294.130706599
32	"1"	"1"	17	FALSE	-30	90	100	0	0	3.42901103761e-14	560	0.771373033524	-146	289	18.0602910475	323.281341694
32	"1"	"1"	17	FALSE	-30	90	100	0	0	3.42901103761e-14	560	0.804816007614	-166	315	13.7397829718	355.798002192
32	"1"	"1"	17	FALSE	-30	90	100	0	0	3.42901103761e-14	560	0.837809085846	-182	337	10.8833765112	382.850561075
32	"1"	"1"	17	FALSE	-30	90	100	0	0	3.42901103761e-14	560	0.871273994446	-197	361	9.89299545447	411.135170766
32	"1"	"1"	17	FALSE	-30	90	100	0	0	3.42901103761e-14	560	0.904733896255	-210	382	9.13466520527	435.821704246
32	"1"	"1"	17	FALSE	-30	90	100	0	0	3.42901103761e-14	560	0.937571048737	-220	397	7.97441116742	453.812085302
32	"1"	"1"	17	FALSE	-30	90	100	0	0	3.42901103761e-14	560	0.971623897552	-231	414	6.94813172579	474.034517167
32	"1"	"1"	17	FALSE	-30	90	100	0	0	3.42901103761e-14	560	1.00485801697	-240	427	5.65390309173	489.792847416
32	"1"	"1"	17	FALSE	-30	90	100	0	0	3.42901103761e-14	560	1.03837394714	-248	437	3.72569986146	502.453101454
32	"1"	"1"	17	FALSE	-30	90	100	0	0	3.42901103761e-14	560	1.07173609734	-256	447	1.79749663118	515.113355492
32	"1"	"1"	17	FALSE	-30	90	100	0	0	3.42901103761e-14	560	1.10461091995	-260	456	2.83339501605	524.907584126
32	"1"	"1"	17	FALSE	-30	90	100	0	0	3.42901103761e-14	560	1.13838791847	-264	464	3.36929340091	533.835787356
32	"1"	"1"	17	FALSE	-30	90	100	0	0	3.42901103761e-14	560	1.17140698433	-266	469	4.13724259334	539.165914375
32	"1"	"1"	17	FALSE	-30	90	100	0	0	3.42901103761e-14	560	1.20485591888	-271	476	3.30711557442	547.728092201
32	"1"	"1"	17	FALSE	-30	90	100	0	0	3.42901103761e-14	560	1.23853993416	-275	481	2.34301395928	554.05821922
32	"1"	"1"	17	FALSE	-30	90	100	0	0	3.42901103761e-14	560	1.27190494537	-279	487	1.87891234414	561.254371643
32	"1"	"1"	17	FALSE	-30	90	100	0	0	3.42901103761e-14	560	1.30491399765	-283	492	0.914810729004	567.584498662
32	"1"	"1"	17	FALSE	-30	90	100	0	0	3.42901103761e-14	560	1.33855295181	-284	494	1.04878532522	569.81654947
32	"1"	"1"	17	FALSE	-30	90	100	0	0	3.42901103761e-14	560	1.37174487114	-285	495	0.682759921435	571.182574873
32	"1"	"1"	18	FALSE	-30	135	100	0	0	-395.979797464	395.979797464	0.00203108787537	-8	-3	-8.42820323028	1.40192378865
32	"1"	"1"	18	FALSE	-30	135	100	0	0	-395.979797464	395.979797464	0.0375390052795	-8	-3	-8.42820323028	1.40192378865
32	"1"	"1"	18	FALSE	-30	135	100	0	0	-395.979797464	395.979797464	0.0708780288696	-8	-3	-8.42820323028	1.40192378865
32	"1"	"1"	18	FALSE	-30	135	100	0	0	-395.979797464	395.979797464	0.104155063629	-8	-3	-8.42820323028	1.40192378865
32	"1"	"1"	18	FALSE	-30	135	100	0	0	-395.979797464	395.979797464	0.137495040894	-8	-3	-8.42820323028	1.40192378865
32	"1"	"1"	18	FALSE	-30	135	100	0	0	-395.979797464	395.979797464	0.170567035675	-8	-3	-8.42820323028	1.40192378865
32	"1"	"1"	18	FALSE	-30	135	100	0	0	-395.979797464	395.979797464	0.204155921936	-8	-3	-8.42820323028	1.40192378865
32	"1"	"1"	18	FALSE	-30	135	100	0	0	-395.979797464	395.979797464	0.237654924393	-9	-2	-8.79422863406	2.76794919243
32	"1"	"1"	18	FALSE	-30	135	100	0	0	-395.979797464	395.979797464	0.270421028137	-11	-1	-10.0262794416	4.63397459622
32	"1"	"1"	18	FALSE	-30	135	100	0	0	-395.979797464	395.979797464	0.303692102432	-19	1	-15.9544826719	10.3660254038
32	"1"	"1"	18	FALSE	-30	135	100	0	0	-395.979797464	395.979797464	0.337508916855	-37	7	-28.54293994	24.5621778265
32	"1"	"1"	18	FALSE	-30	135	100	0	0	-395.979797464	395.979797464	0.37099313736	-68	14	-51.8897274573	46.124355653
32	"1"	"1"	18	FALSE	-30	135	100	0	0	-395.979797464	395.979797464	0.404415130615	-101	22	-76.4685657822	69.5525588833
32	"1"	"1"	18	FALSE	-30	135	100	0	0	-395.979797464	395.979797464	0.437777996063	-131	29	-98.9493278958	90.6147367097
32	"1"	"1"	18	FALSE	-30	135	100	0	0	-395.979797464	395.979797464	0.471132040024	-164	39	-122.528166221	115.774990748
32	"1"	"1"	18	FALSE	-30	135	100	0	0	-395.979797464	395.979797464	0.504514932632	-196	51	-144.240979142	142.167295593
32	"1"	"1"	18	FALSE	-30	135	100	0	0	-395.979797464	395.979797464	0.537890911102	-223	61	-162.623665044	164.327549631
32	"1"	"1"	18	FALSE	-30	135	100	0	0	-395.979797464	395.979797464	0.571274995804	-259	69	-189.80057958	189.255752861
32	"1"	"1"	18	FALSE	-30	135	100	0	0	-395.979797464	395.979797464	0.604512929916	-291	73	-215.513392501	208.719854476
32	"1"	"1"	18	FALSE	-30	135	100	0	0	-395.979797464	395.979797464	0.637995958328	-333	73	-251.88645946	229.719854476
32	"1"	"1"	18	FALSE	-30	135	100	0	0	-395.979797464	395.979797464	0.671332120895	-363	74	-277.367221574	245.58587988
32	"1"	"1"	18	FALSE	-30	135	100	0	0	-395.979797464	395.979797464	0.704745054245	-397	76	-305.812085302	264.317930688
32	"1"	"1"	18	FALSE	-30	135	100	0	0	-395.979797464	395.979797464	0.737966060638	-426	80	-328.926822012	282.282032303
32	"1"	"1"	18	FALSE	-30	135	100	0	0	-395.979797464	395.979797464	0.771415948868	-448	84	-345.979380895	296.746133918
32	"1"	"1"	18	FALSE	-30	135	100	0	0	-395.979797464	395.979797464	0.80476307869	-472	92	-362.763990586	315.674337148
32	"1"	"1"	18	FALSE	-30	135	100	0	0	-395.979797464	395.979797464	0.838019132614	-493	100	-376.950524066	333.102540378
32	"1"	"1"	18	FALSE	-30	135	100	0	0	-395.979797464	395.979797464	0.871325016022	-509	107	-387.306930526	347.164718205
32	"1"	"1"	18	FALSE	-30	135	100	0	0	-395.979797464	395.979797464	0.90482211113	-524	113	-397.297311583	359.860870628
32	"1"	"1"	18	FALSE	-30	135	100	0	0	-395.979797464	395.979797464	0.938292980194	-539	120	-406.78769264	373.423048454
32	"1"	"1"	18	FALSE	-30	135	100	0	0	-395.979797464	395.979797464	0.971528053284	-549	126	-412.447946678	383.619200877
32	"1"	"1"	18	FALSE	-30	135	100	0	0	-395.979797464	395.979797464	1.00484895706	-556	131	-416.010124504	391.449327896
32	"1"	"1"	18	FALSE	-30	135	100	0	0	-395.979797464	395.979797464	1.03826904297	-562	135	-419.206276927	397.913429511
32	"1"	"1"	18	FALSE	-30	135	100	0	0	-395.979797464	395.979797464	1.07165598869	-564	137	-419.938327734	400.645480318
32	"1"	"1"	18	FALSE	-30	135	100	0	0	-395.979797464	395.979797464	1.10488605499	-564	139	-418.938327734	402.377531126
32	"1"	"1"	18	FALSE	-30	135	100	0	0	-395.979797464	395.979797464	1.13832807541	-562	140	-416.706276927	402.24355653
32	"1"	"1"	18	FALSE	-30	135	100	0	0	-395.979797464	395.979797464	1.17177200317	-559	142	-413.108200716	402.475607337
32	"1"	"1"	18	FALSE	-30	135	100	0	0	-395.979797464	395.979797464	1.20506596565	-555	143	-409.1440991	401.341632741
32	"1"	"1"	18	FALSE	-30	135	100	0	0	-395.979797464	395.979797464	1.23851299286	-553	144	-406.912048293	401.207658145
32	"1"	"1"	18	FALSE	-30	135	100	0	0	-395.979797464	395.979797464	1.27155399323	-550	145	-403.813972081	400.573683549
32	"1"	"1"	18	FALSE	-30	135	100	0	0	-395.979797464	395.979797464	1.30520892143	-548	145	-402.081921274	399.573683549
32	"1"	"1"	19	FALSE	-30	45	100	0	0	395.979797464	395.979797464	0.00239014625549	-6	-6	-8.19615242271	-2.19615242271
32	"1"	"1"	19	FALSE	-30	45	100	0	0	395.979797464	395.979797464	0.0376060009003	-6	-6	-8.19615242271	-2.19615242271
32	"1"	"1"	19	FALSE	-30	45	100	0	0	395.979797464	395.979797464	0.070897102356	-6	-6	-8.19615242271	-2.19615242271
32	"1"	"1"	19	FALSE	-30	45	100	0	0	395.979797464	395.979797464	0.104149103165	-6	-6	-8.19615242271	-2.19615242271
32	"1"	"1"	19	FALSE	-30	45	100	0	0	395.979797464	395.979797464	0.136945962906	-6	-6	-8.19615242271	-2.19615242271
32	"1"	"1"	19	FALSE	-30	45	100	0	0	395.979797464	395.979797464	0.170953035355	-6	-6	-8.19615242271	-2.19615242271
32	"1"	"1"	19	FALSE	-30	45	100	0	0	395.979797464	395.979797464	0.204383134842	-6	-6	-8.19615242271	-2.19615242271
32	"1"	"1"	19	FALSE	-30	45	100	0	0	395.979797464	395.979797464	0.237590074539	-6	-6	-8.19615242271	-2.19615242271
32	"1"	"1"	19	FALSE	-30	45	100	0	0	395.979797464	395.979797464	0.271063089371	-6	-6	-8.19615242271	-2.19615242271
32	"1"	"1"	19	FALSE	-30	45	100	0	0	395.979797464	395.979797464	0.304221153259	-6	-6	-8.19615242271	-2.19615242271
32	"1"	"1"	19	FALSE	-30	45	100	0	0	395.979797464	395.979797464	0.337651968002	-5	-4	-6.33012701892	-0.964101615138
32	"1"	"1"	19	FALSE	-30	45	100	0	0	395.979797464	395.979797464	0.370559930801	-4	2	-2.46410161514	3.73205080757
32	"1"	"1"	19	FALSE	-30	45	100	0	0	395.979797464	395.979797464	0.404490947723	-3	13	3.90192378865	12.7583302492
32	"1"	"1"	19	FALSE	-30	45	100	0	0	395.979797464	395.979797464	0.437925100327	1	28	14.8660254038	23.748711306
32	"1"	"1"	19	FALSE	-30	45	100	0	0	395.979797464	395.979797464	0.471280097961	13	56	39.2583302492	41.9974226119
32	"1"	"1"	19	FALSE	-30	45	100	0	0	395.979797464	395.979797464	0.504083156586	26	87	66.0166604984	62.3442101292
32	"1"	"1"	19	FALSE	-30	45	100	0	0	395.979797464	395.979797464	0.537986040115	38	115	90.4089653438	80.5929214352
32	"1"	"1"	19	FALSE	-30	45	100	0	0	395.979797464	395.979797464	0.571365118027	53	150	120.899346401	103.403810568
32	"1"	"1"	19	FALSE	-30	45	100	0	0	395.979797464	395.979797464	0.604766130447	67	186	151.023702054	127.580725104
32	"1"	"1"	19	FALSE	-30	45	100	0	0	395.979797464	395.979797464	0.638040065765	79	219	177.916006899	150.159563429
32	"1"	"1"	19	FALSE	-30	45	100	0	0	395.979797464	395.979797464	0.671185016632	87	246	198.344210129	169.542249331
32	"1"	"1"	19	FALSE	-30	45	100	0	0	395.979797464	395.979797464	0.704476118088	95	275	219.77241336	190.656986041
32	"1"	"1"	19	FALSE	-30	45	100	0	0	395.979797464	395.979797464	0.738106012344	102	302	239.334591186	210.539671943
32	"1"	"1"	19	FALSE	-30	45	100	0	0	395.979797464	395.979797464	0.771485090256	108	324	255.530743609	226.592230826
32	"1"	"1"	19	FALSE	-30	45	100	0	0	395.979797464	395.979797464	0.804188013077	114	347	272.226896031	243.510815113
32	"1"	"1"	19	FALSE	-30	45	100	0	0	395.979797464	395.979797464	0.838247060776	121	371	290.289073858	260.795424804
32	"1"	"1"	19	FALSE	-30	45	100	0	0	395.979797464	395.979797464	0.871459960938	126	393	305.619200877	277.347983687
32	"1"	"1"	19	FALSE	-30	45	100	0	0	395.979797464	395.979797464	0.904792070389	130	412	318.583302492	291.802466359
32	"1"	"1"	19	FALSE	-30	45	100	0	0	395.979797464	395.979797464	0.937585115433	132	430	329.3153533	306.390923627
32	"1"	"1"	19	FALSE	-30	45	100	0	0	395.979797464	395.979797464	0.971661090851	134	449	340.547404107	321.845406299
32	"1"	"1"	19	FALSE	-30	45	100	0	0	395.979797464	395.979797464	1.00498914719	137	463	350.145480318	332.469761952
32	"1"	"1"	19	FALSE	-30	45	100	0	0	395.979797464	395.979797464	1.03771996498	141	478	361.109581934	343.460143009
32	"1"	"1"	19	FALSE	-30	45	100	0	0	395.979797464	395.979797464	1.07167315483	144	493	371.207658145	354.950524066
32	"1"	"1"	19	FALSE	-30	45	100	0	0	395.979797464	395.979797464	1.10512804985	146	505	378.939708953	364.342828911
32	"1"	"1"	19	FALSE	-30	45	100	0	0	395.979797464	395.979797464	1.13839101791	148	517	386.67175976	373.735133757
32	"1"	"1"	19	FALSE	-30	45	100	0	0	395.979797464	395.979797464	1.17172598839	150	528	393.903810568	382.261413198
32	"1"	"1"	19	FALSE	-30	45	100	0	0	395.979797464	395.979797464	1.20459794998	151	537	399.269835971	389.555641832
32	"1"	"1"	19	FALSE	-30	45	100	0	0	395.979797464	395.979797464	1.23840999603	152	543	403.135861375	394.251794255
32	"1"	"1"	20	FALSE	-30	135	100	0	0	-395.979797464	395.979797464	0.00168490409851	1	0	0.866025403784	-0.5
32	"1"	"1"	20	FALSE	-30	135	100	0	0	-395.979797464	395.979797464	0.0377640724182	1	0	0.866025403784	-0.5
32	"1"	"1"	20	FALSE	-30	135	100	0	0	-395.979797464	395.979797464	0.0711359977722	1	0	0.866025403784	-0.5
32	"1"	"1"	20	FALSE	-30	135	100	0	0	-395.979797464	395.979797464	0.104042053223	1	0	0.866025403784	-0.5
32	"1"	"1"	20	FALSE	-30	135	100	0	0	-395.979797464	395.979797464	0.137854099274	1	0	0.866025403784	-0.5
32	"1"	"1"	20	FALSE	-30	135	100	0	0	-395.979797464	395.979797464	0.171153068542	0	0	0	0
32	"1"	"1"	20	FALSE	-30	135	100	0	0	-395.979797464	395.979797464	0.204442024231	0	0	0	0
32	"1"	"1"	20	FALSE	-30	135	100	0	0	-395.979797464	395.979797464	0.237500905991	0	0	0	0
32	"1"	"1"	20	FALSE	-30	135	100	0	0	-395.979797464	395.979797464	0.270663022995	0	0	0	0
32	"1"	"1"	20	FALSE	-30	135	100	0	0	-395.979797464	395.979797464	0.304645061493	0	0	0	0
32	"1"	"1"	20	FALSE	-30	135	100	0	0	-395.979797464	395.979797464	0.337981939316	0	0	0	0
32	"1"	"1"	20	FALSE	-30	135	100	0	0	-395.979797464	395.979797464	0.371309041977	-2	1	-1.23205080757	1.86602540378
32	"1"	"1"	20	FALSE	-30	135	100	0	0	-395.979797464	395.979797464	0.40465593338	-11	5	-7.02627944163	9.83012701892
32	"1"	"1"	20	FALSE	-30	135	100	0	0	-395.979797464	395.979797464	0.437366962433	-27	9	-18.8826859022	21.2942286341
32	"1"	"1"	20	FALSE	-30	135	100	0	0	-395.979797464	395.979797464	0.471409082413	-51	15	-36.667295593	38.4903810568
32	"1"	"1"	20	FALSE	-30	135	100	0	0	-395.979797464	395.979797464	0.504750013351	-75	19	-55.4519052838	53.9544826719
32	"1"	"1"	20	FALSE	-30	135	100	0	0	-395.979797464	395.979797464	0.537776947021	-103	25	-76.7006165898	73.1506350946
32	"1"	"1"	20	FALSE	-30	135	100	0	0	-395.979797464	395.979797464	0.571496963501	-133	35	-97.6813787033	96.8108891325
32	"1"	"1"	20	FALSE	-30	135	100	0	0	-395.979797464	395.979797464	0.604526996613	-160	45	-116.064064606	118.97114317
32	"1"	"1"	20	FALSE	-30	135	100	0	0	-395.979797464	395.979797464	0.6381919384	-191	59	-135.910852123	146.595498823
32	"1"	"1"	20	FALSE	-30	135	100	0	0	-395.979797464	395.979797464	0.67155790329	-224	73	-157.489690448	175.219854476
32	"1"	"1"	20	FALSE	-30	135	100	0	0	-395.979797464	395.979797464	0.704894065857	-251	85	-174.87237635	199.112159322
32	"1"	"1"	20	FALSE	-30	135	100	0	0	-395.979797464	395.979797464	0.738271951675	-283	98	-196.085189271	226.370489571
32	"1"	"1"	20	FALSE	-30	135	100	0	0	-395.979797464	395.979797464	0.771688938141	-314	110	-216.931976788	252.262794416
32	"1"	"1"	20	FALSE	-30	135	100	0	0	-395.979797464	395.979797464	0.804924964905	-341	120	-235.31466269	274.423048454
32	"1"	"1"	20	FALSE	-30	135	100	0	0	-395.979797464	395.979797464	0.838339090347	-369	128	-255.563373996	295.351251684
32	"1"	"1"	20	FALSE	-30	135	100	0	0	-395.979797464	395.979797464	0.87162899971	-398	136	-276.678110706	316.779454915
32	"1"	"1"	20	FALSE	-30	135	100	0	0	-395.979797464	395.979797464	0.904922962189	-424	142	-296.194771205	334.975607337
32	"1"	"1"	20	FALSE	-30	135	100	0	0	-395.979797464	395.979797464	0.938508033752	-446	146	-313.247330088	349.439708953
32	"1"	"1"	20	FALSE	-30	135	100	0	0	-395.979797464	395.979797464	0.971827983856	-469	148	-332.165914375	362.67175976
32	"1"	"1"	20	FALSE	-30	135	100	0	0	-395.979797464	395.979797464	1.00462412834	-490	148	-350.352447854	373.17175976
32	"1"	"1"	20	FALSE	-30	135	100	0	0	-395.979797464	395.979797464	1.03851699829	-504	147	-362.976803507	379.305734356
32	"1"	"1"	20	FALSE	-30	135	100	0	0	-395.979797464	395.979797464	1.07188796997	-517	146	-374.735133757	384.939708953
32	"1"	"1"	20	FALSE	-30	135	100	0	0	-395.979797464	395.979797464	1.10527396202	-528	144	-385.261413198	388.707658145
32	"1"	"1"	20	FALSE	-30	135	100	0	0	-395.979797464	395.979797464	1.13856697083	-536	142	-393.189616428	390.975607337
32	"1"	"1"	20	FALSE	-30	135	100	0	0	-395.979797464	395.979797464	1.17185211182	-541	141	-398.019743447	392.609581934
32	"1"	"1"	21	FALSE	-30	90	100	0	0	3.42901103761e-14	560	0.00197815895081	-4	-9	-7.96410161514	-5.79422863406
32	"1"	"1"	21	FALSE	-30	90	100	0	0	3.42901103761e-14	560	0.0377960205078	-1	-8	-4.86602540378	-6.42820323028
32	"1"	"1"	21	FALSE	-30	90	100	0	0	3.42901103761e-14	560	0.0711970329285	0	-8	-4	-6.92820323028
32	"1"	"1"	21	FALSE	-30	90	100	0	0	3.42901103761e-14	560	0.104444026947	0	-8	-4	-6.92820323028
32	"1"	"1"	21	FALSE	-30	90	100	0	0	3.42901103761e-14	560	0.137716054916	0	-8	-4	-6.92820323028
32	"1"	"1"	21	FALSE	-30	90	100	0	0	3.42901103761e-14	560	0.171172142029	0	-8	-4	-6.92820323028
32	"1"	"1"	21	FALSE	-30	90	100	0	0	3.42901103761e-14	560	0.204032182693	0	-8	-4	-6.92820323028
32	"1"	"1"	21	FALSE	-30	90	100	0	0	3.42901103761e-14	560	0.237885951996	0	-8	-4	-6.92820323028
32	"1"	"1"	21	FALSE	-30	90	100	0	0	3.42901103761e-14	560	0.271276950836	0	-8	-4	-6.92820323028
32	"1"	"1"	21	FALSE	-30	90	100	0	0	3.42901103761e-14	560	0.304116010666	0	-8	-4	-6.92820323028
32	"1"	"1"	21	FALSE	-30	90	100	0	0	3.42901103761e-14	560	0.337959051132	0	-7	-3.5	-6.06217782649
32	"1"	"1"	21	FALSE	-30	90	100	0	0	3.42901103761e-14	560	0.371343135834	-2	-3	-3.23205080757	-1.59807621135
32	"1"	"1"	21	FALSE	-30	90	100	0	0	3.42901103761e-14	560	0.404670953751	-4	4	-1.46410161514	5.46410161514
32	"1"	"1"	21	FALSE	-30	90	100	0	0	3.42901103761e-14	560	0.438102960587	-6	13	1.30384757729	14.2583302492
32	"1"	"1"	21	FALSE	-30	90	100	0	0	3.42901103761e-14	560	0.470771074295	-10	26	4.33974596216	27.5166604984
32	"1"	"1"	21	FALSE	-30	90	100	0	0	3.42901103761e-14	560	0.504722118378	-15	44	9.00961894323	45.6051177665
32	"1"	"1"	21	FALSE	-30	90	100	0	0	3.42901103761e-14	560	0.538169145584	-23	66	13.081415713	68.6576766498
32	"1"	"1"	21	FALSE	-30	90	100	0	0	3.42901103761e-14	560	0.571413040161	-34	91	16.0551362713	95.8083117444
32	"1"	"1"	21	FALSE	-30	90	100	0	0	3.42901103761e-14	560	0.604642152786	-47	118	18.2968060221	125.690997647
32	"1"	"1"	21	FALSE	-30	90	100	0	0	3.42901103761e-14	560	0.637562990189	-61	149	21.6724503691	159.537785164
32	"1"	"1"	21	FALSE	-30	90	100	0	0	3.42901103761e-14	560	0.671625137329	-75	175	22.5480947162	189.054445662
32	"1"	"1"	21	FALSE	-30	90	100	0	0	3.42901103761e-14	560	0.705024957657	-92	207	23.8256628518	225.267258583
32	"1"	"1"	21	FALSE	-30	90	100	0	0	3.42901103761e-14	560	0.737825155258	-110	238	23.7372055837	261.114046101
32	"1"	"1"	21	FALSE	-30	90	100	0	0	3.42901103761e-14	560	0.771600961685	-126	263	22.3807991232	290.764681195
32	"1"	"1"	21	FALSE	-30	90	100	0	0	3.42901103761e-14	560	0.805022001266	-144	290	20.292341855	323.147367097
32	"1"	"1"	21	FALSE	-30	90	100	0	0	3.42901103761e-14	560	0.838241100311	-162	315	17.2038845869	353.798002192
32	"1"	"1"	21	FALSE	-30	90	100	0	0	3.42901103761e-14	560	0.871792078018	-176	339	17.0795289339	381.582611883
32	"1"	"1"	21	FALSE	-30	90	100	0	0	3.42901103761e-14	560	0.904976129532	-188	356	15.1872240885	402.305043747
32	"1"	"1"	21	FALSE	-30	90	100	0	0	3.42901103761e-14	560	0.938371181488	-199	371	13.1609446469	420.795424804
32	"1"	"1"	21	FALSE	-30	90	100	0	0	3.42901103761e-14	560	0.971392154694	-214	387	8.17056359013	442.151831265
32	"1"	"1"	21	FALSE	-30	90	100	0	0	3.42901103761e-14	560	1.00519108772	-224	399	5.51030955229	457.54413611
32	"1"	"1"	21	FALSE	-30	90	100	0	0	3.42901103761e-14	560	1.03845310211	-234	412	3.35005551444	473.802466359
32	"1"	"1"	21	FALSE	-30	90	100	0	0	3.42901103761e-14	560	1.07151508331	-242	423	1.92185228417	487.328745801
32	"1"	"1"	21	FALSE	-30	90	100	0	0	3.42901103761e-14	560	1.105230093	-248	432	1.22569986146	498.122974435
32	"1"	"1"	21	FALSE	-30	90	100	0	0	3.42901103761e-14	560	1.13863706589	-253	442	1.89557284254	509.283228473
32	"1"	"1"	21	FALSE	-30	90	100	0	0	3.42901103761e-14	560	1.17198705673	-257	452	3.4314712274	519.943482511
32	"1"	"1"	21	FALSE	-30	90	100	0	0	3.42901103761e-14	560	1.20484018326	-261	460	3.96736961226	528.871685741
32	"1"	"1"	21	FALSE	-30	90	100	0	0	3.42901103761e-14	560	1.23866796494	-265	466	3.50326799712	536.067838164
32	"1"	"1"	21	FALSE	-30	90	100	0	0	3.42901103761e-14	560	1.27179718018	-269	472	3.03916638199	543.263990586
32	"1"	"1"	21	FALSE	-30	90	100	0	0	3.42901103761e-14	560	1.30545902252	-273	478	2.57506476685	550.460143009
32	"1"	"1"	21	FALSE	-30	90	100	0	0	3.42901103761e-14	560	1.33885002136	-275	482	2.84301395928	554.924244624
32	"1"	"1"	21	FALSE	-30	90	100	0	0	3.42901103761e-14	560	1.37220597267	-276	485	3.47698855549	558.022320835
32	"1"	"1"	21	FALSE	-30	90	100	0	0	3.42901103761e-14	560	1.4055621624	-277	487	3.61096315171	560.254371643
32	"1"	"1"	21	FALSE	-30	90	100	0	0	3.42901103761e-14	560	1.43876314163	-277	489	4.61096315171	561.986422451
