"task_num"	"task_name"	"trial_type"	"trial_num"	"terminalfeedback_bool"	"rotation_angle"	"targetangle_deg"	"targetdistance_percmax"	"homex_px"	"homey_px"	"targetx_px"	"targety_px"	"time_s"	"mousex_px"	"mousey_px"	"cursorx_px"	"cursory_px"
9	"1"	"1"	1	FALSE	0	90	100	0	0	3.42901103761e-14	560	0.726542949677	-3	10	-3	10
9	"1"	"1"	1	FALSE	0	90	100	0	0	3.42901103761e-14	560	0.759948968887	-3	10	-3	10
9	"1"	"1"	1	FALSE	0	90	100	0	0	3.42901103761e-14	560	0.793016910553	-2	9	-2	9
9	"1"	"1"	1	FALSE	0	90	100	0	0	3.42901103761e-14	560	0.82644701004	-1	8	-1	8
9	"1"	"1"	1	FALSE	0	90	100	0	0	3.42901103761e-14	560	0.859941959381	-1	8	-1	8
9	"1"	"1"	1	FALSE	0	90	100	0	0	3.42901103761e-14	560	0.893280982971	0	7	0	7
9	"1"	"1"	1	FALSE	0	90	100	0	0	3.42901103761e-14	560	0.926687002182	2	7	2	7
9	"1"	"1"	1	FALSE	0	90	100	0	0	3.42901103761e-14	560	0.960042953491	2	7	2	7
9	"1"	"1"	1	FALSE	0	90	100	0	0	3.42901103761e-14	560	0.993318080902	2	7	2	7
9	"1"	"1"	1	FALSE	0	90	100	0	0	3.42901103761e-14	560	1.02608394623	2	7	2	7
9	"1"	"1"	1	FALSE	0	90	100	0	0	3.42901103761e-14	560	1.06016492844	2	11	2	11
9	"1"	"1"	1	FALSE	0	90	100	0	0	3.42901103761e-14	560	1.09342193604	0	26	0	26
9	"1"	"1"	1	FALSE	0	90	100	0	0	3.42901103761e-14	560	1.12679791451	-2	57	-2	57
9	"1"	"1"	1	FALSE	0	90	100	0	0	3.42901103761e-14	560	1.15969896317	-4	86	-4	86
9	"1"	"1"	1	FALSE	0	90	100	0	0	3.42901103761e-14	560	1.19360089302	-6	133	-6	133
9	"1"	"1"	1	FALSE	0	90	100	0	0	3.42901103761e-14	560	1.22694206238	-9	170	-9	170
9	"1"	"1"	1	FALSE	0	90	100	0	0	3.42901103761e-14	560	1.26034903526	-14	206	-14	206
9	"1"	"1"	1	FALSE	0	90	100	0	0	3.42901103761e-14	560	1.29325795174	-14	233	-14	233
9	"1"	"1"	1	FALSE	0	90	100	0	0	3.42901103761e-14	560	1.3267018795	-16	263	-16	263
9	"1"	"1"	1	FALSE	0	90	100	0	0	3.42901103761e-14	560	1.35966587067	-18	291	-18	291
9	"1"	"1"	1	FALSE	0	90	100	0	0	3.42901103761e-14	560	1.39369106293	-18	313	-18	313
9	"1"	"1"	1	FALSE	0	90	100	0	0	3.42901103761e-14	560	1.4270401001	-14	346	-14	346
9	"1"	"1"	1	FALSE	0	90	100	0	0	3.42901103761e-14	560	1.46035504341	-9	369	-9	369
9	"1"	"1"	1	FALSE	0	90	100	0	0	3.42901103761e-14	560	1.4938249588	-6	393	-6	393
9	"1"	"1"	1	FALSE	0	90	100	0	0	3.42901103761e-14	560	1.52724504471	-3	417	-3	417
9	"1"	"1"	1	FALSE	0	90	100	0	0	3.42901103761e-14	560	1.56055688858	0	436	0	436
9	"1"	"1"	1	FALSE	0	90	100	0	0	3.42901103761e-14	560	1.59382390976	1	452	1	452
9	"1"	"1"	1	FALSE	0	90	100	0	0	3.42901103761e-14	560	1.62713694572	1	465	1	465
9	"1"	"1"	1	FALSE	0	90	100	0	0	3.42901103761e-14	560	1.66054296494	3	479	3	479
9	"1"	"1"	1	FALSE	0	90	100	0	0	3.42901103761e-14	560	1.6938970089	4	491	4	491
9	"1"	"1"	1	FALSE	0	90	100	0	0	3.42901103761e-14	560	1.72737598419	3	499	3	499
9	"1"	"1"	1	FALSE	0	90	100	0	0	3.42901103761e-14	560	1.7606139183	3	506	3	506
9	"1"	"1"	1	FALSE	0	90	100	0	0	3.42901103761e-14	560	1.7939260006	3	512	3	512
9	"1"	"1"	1	FALSE	0	90	100	0	0	3.42901103761e-14	560	1.8274140358	2	520	2	520
9	"1"	"1"	1	FALSE	0	90	100	0	0	3.42901103761e-14	560	1.86071705818	3	528	3	528
9	"1"	"1"	1	FALSE	0	90	100	0	0	3.42901103761e-14	560	1.89402294159	4	538	4	538
9	"1"	"1"	1	FALSE	0	90	100	0	0	3.42901103761e-14	560	1.9273750782	5	545	5	545
9	"1"	"1"	1	FALSE	0	90	100	0	0	3.42901103761e-14	560	1.96042990685	6	548	6	548
9	"1"	"1"	2	FALSE	0	135	100	0	0	-395.979797464	395.979797464	0.00221300125122	4	5	4	5
9	"1"	"1"	2	FALSE	0	135	100	0	0	-395.979797464	395.979797464	0.0230209827423	4	5	4	5
9	"1"	"1"	2	FALSE	0	135	100	0	0	-395.979797464	395.979797464	0.0564279556274	4	5	4	5
9	"1"	"1"	2	FALSE	0	135	100	0	0	-395.979797464	395.979797464	0.0892679691315	4	5	4	5
9	"1"	"1"	2	FALSE	0	135	100	0	0	-395.979797464	395.979797464	0.123231887817	4	5	4	5
9	"1"	"1"	2	FALSE	0	135	100	0	0	-395.979797464	395.979797464	0.15673494339	4	5	4	5
9	"1"	"1"	2	FALSE	0	135	100	0	0	-395.979797464	395.979797464	0.189981937408	4	5	4	5
9	"1"	"1"	2	FALSE	0	135	100	0	0	-395.979797464	395.979797464	0.223426818848	4	5	4	5
9	"1"	"1"	2	FALSE	0	135	100	0	0	-395.979797464	395.979797464	0.256744861603	4	5	4	5
9	"1"	"1"	2	FALSE	0	135	100	0	0	-395.979797464	395.979797464	0.290087938309	3	12	3	12
9	"1"	"1"	2	FALSE	0	135	100	0	0	-395.979797464	395.979797464	0.323197841644	-3	22	-3	22
9	"1"	"1"	2	FALSE	0	135	100	0	0	-395.979797464	395.979797464	0.356892824173	-15	39	-15	39
9	"1"	"1"	2	FALSE	0	135	100	0	0	-395.979797464	395.979797464	0.390285015106	-45	59	-45	59
9	"1"	"1"	2	FALSE	0	135	100	0	0	-395.979797464	395.979797464	0.422911882401	-74	74	-74	74
9	"1"	"1"	2	FALSE	0	135	100	0	0	-395.979797464	395.979797464	0.456836938858	-98	85	-98	85
9	"1"	"1"	2	FALSE	0	135	100	0	0	-395.979797464	395.979797464	0.490298986435	-125	102	-125	102
9	"1"	"1"	2	FALSE	0	135	100	0	0	-395.979797464	395.979797464	0.523056983948	-149	123	-149	123
9	"1"	"1"	2	FALSE	0	135	100	0	0	-395.979797464	395.979797464	0.557009935379	-169	144	-169	144
9	"1"	"1"	2	FALSE	0	135	100	0	0	-395.979797464	395.979797464	0.590265035629	-192	167	-192	167
9	"1"	"1"	2	FALSE	0	135	100	0	0	-395.979797464	395.979797464	0.623597860336	-211	187	-211	187
9	"1"	"1"	2	FALSE	0	135	100	0	0	-395.979797464	395.979797464	0.657019853592	-225	212	-225	212
9	"1"	"1"	2	FALSE	0	135	100	0	0	-395.979797464	395.979797464	0.689906835556	-236	228	-236	228
9	"1"	"1"	2	FALSE	0	135	100	0	0	-395.979797464	395.979797464	0.723692893982	-246	245	-246	245
9	"1"	"1"	2	FALSE	0	135	100	0	0	-395.979797464	395.979797464	0.757130861282	-256	261	-256	261
9	"1"	"1"	2	FALSE	0	135	100	0	0	-395.979797464	395.979797464	0.790511846542	-264	274	-264	274
9	"1"	"1"	2	FALSE	0	135	100	0	0	-395.979797464	395.979797464	0.823647975922	-270	290	-270	290
9	"1"	"1"	2	FALSE	0	135	100	0	0	-395.979797464	395.979797464	0.856698989868	-279	303	-279	303
9	"1"	"1"	2	FALSE	0	135	100	0	0	-395.979797464	395.979797464	0.889904975891	-288	313	-288	313
9	"1"	"1"	2	FALSE	0	135	100	0	0	-395.979797464	395.979797464	0.92325091362	-302	321	-302	321
9	"1"	"1"	2	FALSE	0	135	100	0	0	-395.979797464	395.979797464	0.957296848297	-315	330	-315	330
9	"1"	"1"	2	FALSE	0	135	100	0	0	-395.979797464	395.979797464	0.990670919418	-328	337	-328	337
9	"1"	"1"	2	FALSE	0	135	100	0	0	-395.979797464	395.979797464	1.02407693863	-338	341	-338	341
9	"1"	"1"	2	FALSE	0	135	100	0	0	-395.979797464	395.979797464	1.05731892586	-348	345	-348	345
9	"1"	"1"	2	FALSE	0	135	100	0	0	-395.979797464	395.979797464	1.09077596664	-355	351	-355	351
9	"1"	"1"	2	FALSE	0	135	100	0	0	-395.979797464	395.979797464	1.12387990952	-361	356	-361	356
9	"1"	"1"	2	FALSE	0	135	100	0	0	-395.979797464	395.979797464	1.15735387802	-368	362	-368	362
9	"1"	"1"	2	FALSE	0	135	100	0	0	-395.979797464	395.979797464	1.19086289406	-377	366	-377	366
9	"1"	"1"	2	FALSE	0	135	100	0	0	-395.979797464	395.979797464	1.2241499424	-382	372	-382	372
9	"1"	"1"	2	FALSE	0	135	100	0	0	-395.979797464	395.979797464	1.25708794594	-385	377	-385	377
9	"1"	"1"	2	FALSE	0	135	100	0	0	-395.979797464	395.979797464	1.29096984863	-389	382	-389	382
9	"1"	"1"	2	FALSE	0	135	100	0	0	-395.979797464	395.979797464	1.32431292534	-390	385	-390	385
9	"1"	"1"	2	FALSE	0	135	100	0	0	-395.979797464	395.979797464	1.35719203949	-392	387	-392	387
9	"1"	"1"	2	FALSE	0	135	100	0	0	-395.979797464	395.979797464	1.39094781876	-394	389	-394	389
9	"1"	"1"	3	FALSE	0	45	100	0	0	395.979797464	395.979797464	0.00205993652344	2	3	2	3
9	"1"	"1"	3	FALSE	0	45	100	0	0	395.979797464	395.979797464	0.0224928855896	2	2	2	2
9	"1"	"1"	3	FALSE	0	45	100	0	0	395.979797464	395.979797464	0.0560839176178	2	2	2	2
9	"1"	"1"	3	FALSE	0	45	100	0	0	395.979797464	395.979797464	0.0894999504089	2	2	2	2
9	"1"	"1"	3	FALSE	0	45	100	0	0	395.979797464	395.979797464	0.122685909271	2	2	2	2
9	"1"	"1"	3	FALSE	0	45	100	0	0	395.979797464	395.979797464	0.155725002289	2	2	2	2
9	"1"	"1"	3	FALSE	0	45	100	0	0	395.979797464	395.979797464	0.188775062561	2	2	2	2
9	"1"	"1"	3	FALSE	0	45	100	0	0	395.979797464	395.979797464	0.223341941833	3	1	3	1
9	"1"	"1"	3	FALSE	0	45	100	0	0	395.979797464	395.979797464	0.256232976913	4	1	4	1
9	"1"	"1"	3	FALSE	0	45	100	0	0	395.979797464	395.979797464	0.289520025253	7	5	7	5
9	"1"	"1"	3	FALSE	0	45	100	0	0	395.979797464	395.979797464	0.322531938553	17	18	17	18
9	"1"	"1"	3	FALSE	0	45	100	0	0	395.979797464	395.979797464	0.356260061264	33	35	33	35
9	"1"	"1"	3	FALSE	0	45	100	0	0	395.979797464	395.979797464	0.389507055283	57	59	57	59
9	"1"	"1"	3	FALSE	0	45	100	0	0	395.979797464	395.979797464	0.422607898712	85	86	85	86
9	"1"	"1"	3	FALSE	0	45	100	0	0	395.979797464	395.979797464	0.456351995468	114	116	114	116
9	"1"	"1"	3	FALSE	0	45	100	0	0	395.979797464	395.979797464	0.489670991898	140	141	140	141
9	"1"	"1"	3	FALSE	0	45	100	0	0	395.979797464	395.979797464	0.52312207222	169	169	169	169
9	"1"	"1"	3	FALSE	0	45	100	0	0	395.979797464	395.979797464	0.555820941925	191	188	191	188
9	"1"	"1"	3	FALSE	0	45	100	0	0	395.979797464	395.979797464	0.589864969254	217	214	217	214
9	"1"	"1"	3	FALSE	0	45	100	0	0	395.979797464	395.979797464	0.623096942902	236	236	236	236
9	"1"	"1"	3	FALSE	0	45	100	0	0	395.979797464	395.979797464	0.656456947327	259	259	259	259
9	"1"	"1"	3	FALSE	0	45	100	0	0	395.979797464	395.979797464	0.689878940582	280	280	280	280
9	"1"	"1"	3	FALSE	0	45	100	0	0	395.979797464	395.979797464	0.723229885101	294	300	294	300
9	"1"	"1"	3	FALSE	0	45	100	0	0	395.979797464	395.979797464	0.75622010231	305	314	305	314
9	"1"	"1"	3	FALSE	0	45	100	0	0	395.979797464	395.979797464	0.789401054382	315	328	315	328
9	"1"	"1"	3	FALSE	0	45	100	0	0	395.979797464	395.979797464	0.822676897049	323	338	323	338
9	"1"	"1"	3	FALSE	0	45	100	0	0	395.979797464	395.979797464	0.856275081635	330	347	330	347
9	"1"	"1"	3	FALSE	0	45	100	0	0	395.979797464	395.979797464	0.889976978302	336	352	336	352
9	"1"	"1"	3	FALSE	0	45	100	0	0	395.979797464	395.979797464	0.922756910324	346	359	346	359
9	"1"	"1"	3	FALSE	0	45	100	0	0	395.979797464	395.979797464	0.956741094589	356	366	356	366
9	"1"	"1"	3	FALSE	0	45	100	0	0	395.979797464	395.979797464	0.990008115768	365	372	365	372
9	"1"	"1"	3	FALSE	0	45	100	0	0	395.979797464	395.979797464	1.0227689743	378	378	378	378
9	"1"	"1"	3	FALSE	0	45	100	0	0	395.979797464	395.979797464	1.0568780899	388	384	388	384
9	"1"	"1"	3	FALSE	0	45	100	0	0	395.979797464	395.979797464	1.09016394615	393	389	393	389
9	"1"	"1"	3	FALSE	0	45	100	0	0	395.979797464	395.979797464	1.12343406677	398	392	398	392
9	"1"	"1"	3	FALSE	0	45	100	0	0	395.979797464	395.979797464	1.15634799004	399	393	399	393
9	"1"	"1"	4	FALSE	0	90	100	0	0	3.42901103761e-14	560	0.00184488296509	5	-9	5	-9
9	"1"	"1"	4	FALSE	0	90	100	0	0	3.42901103761e-14	560	0.022383928299	5	-9	5	-9
9	"1"	"1"	4	FALSE	0	90	100	0	0	3.42901103761e-14	560	0.056049823761	5	-9	5	-9
9	"1"	"1"	4	FALSE	0	90	100	0	0	3.42901103761e-14	560	0.089320898056	5	-9	5	-9
9	"1"	"1"	4	FALSE	0	90	100	0	0	3.42901103761e-14	560	0.122800827026	5	-9	5	-9
9	"1"	"1"	4	FALSE	0	90	100	0	0	3.42901103761e-14	560	0.156051874161	5	-9	5	-9
9	"1"	"1"	4	FALSE	0	90	100	0	0	3.42901103761e-14	560	0.18957901001	5	-9	5	-9
9	"1"	"1"	4	FALSE	0	90	100	0	0	3.42901103761e-14	560	0.222846984863	5	-9	5	-9
9	"1"	"1"	4	FALSE	0	90	100	0	0	3.42901103761e-14	560	0.256208896637	5	-9	5	-9
9	"1"	"1"	4	FALSE	0	90	100	0	0	3.42901103761e-14	560	0.289180994034	4	-4	4	-4
9	"1"	"1"	4	FALSE	0	90	100	0	0	3.42901103761e-14	560	0.322932004929	4	15	4	15
9	"1"	"1"	4	FALSE	0	90	100	0	0	3.42901103761e-14	560	0.356331825256	3	46	3	46
9	"1"	"1"	4	FALSE	0	90	100	0	0	3.42901103761e-14	560	0.389496803284	1	93	1	93
9	"1"	"1"	4	FALSE	0	90	100	0	0	3.42901103761e-14	560	0.423030853271	4	124	4	124
9	"1"	"1"	4	FALSE	0	90	100	0	0	3.42901103761e-14	560	0.456385850906	6	160	6	160
9	"1"	"1"	4	FALSE	0	90	100	0	0	3.42901103761e-14	560	0.489594936371	8	191	8	191
9	"1"	"1"	4	FALSE	0	90	100	0	0	3.42901103761e-14	560	0.522738933563	9	222	9	222
9	"1"	"1"	4	FALSE	0	90	100	0	0	3.42901103761e-14	560	0.556458950043	9	254	9	254
9	"1"	"1"	4	FALSE	0	90	100	0	0	3.42901103761e-14	560	0.589799880981	9	282	9	282
9	"1"	"1"	4	FALSE	0	90	100	0	0	3.42901103761e-14	560	0.623257875443	9	313	9	313
9	"1"	"1"	4	FALSE	0	90	100	0	0	3.42901103761e-14	560	0.656563997269	9	340	9	340
9	"1"	"1"	4	FALSE	0	90	100	0	0	3.42901103761e-14	560	0.689970970154	7	366	7	366
9	"1"	"1"	4	FALSE	0	90	100	0	0	3.42901103761e-14	560	0.723181962967	7	389	7	389
9	"1"	"1"	4	FALSE	0	90	100	0	0	3.42901103761e-14	560	0.756614923477	6	403	6	403
9	"1"	"1"	4	FALSE	0	90	100	0	0	3.42901103761e-14	560	0.789844989777	3	419	3	419
9	"1"	"1"	4	FALSE	0	90	100	0	0	3.42901103761e-14	560	0.823404788971	2	433	2	433
9	"1"	"1"	4	FALSE	0	90	100	0	0	3.42901103761e-14	560	0.856650829315	1	449	1	449
9	"1"	"1"	4	FALSE	0	90	100	0	0	3.42901103761e-14	560	0.889484882355	0	462	0	462
9	"1"	"1"	4	FALSE	0	90	100	0	0	3.42901103761e-14	560	0.923420906067	1	473	1	473
9	"1"	"1"	4	FALSE	0	90	100	0	0	3.42901103761e-14	560	0.956679821014	3	486	3	486
9	"1"	"1"	4	FALSE	0	90	100	0	0	3.42901103761e-14	560	0.989986896515	4	494	4	494
9	"1"	"1"	4	FALSE	0	90	100	0	0	3.42901103761e-14	560	1.02287697792	7	502	7	502
9	"1"	"1"	4	FALSE	0	90	100	0	0	3.42901103761e-14	560	1.05682778358	9	511	9	511
9	"1"	"1"	4	FALSE	0	90	100	0	0	3.42901103761e-14	560	1.09015679359	11	517	11	517
9	"1"	"1"	4	FALSE	0	90	100	0	0	3.42901103761e-14	560	1.12304401398	13	523	13	523
9	"1"	"1"	4	FALSE	0	90	100	0	0	3.42901103761e-14	560	1.15679788589	16	529	16	529
9	"1"	"1"	4	FALSE	0	90	100	0	0	3.42901103761e-14	560	1.19033479691	16	535	16	535
9	"1"	"1"	4	FALSE	0	90	100	0	0	3.42901103761e-14	560	1.22352981567	15	538	15	538
9	"1"	"1"	4	FALSE	0	90	100	0	0	3.42901103761e-14	560	1.25706982613	13	542	13	542
9	"1"	"1"	4	FALSE	0	90	100	0	0	3.42901103761e-14	560	1.2903239727	10	546	10	546
9	"1"	"1"	4	FALSE	0	90	100	0	0	3.42901103761e-14	560	1.32355499268	7	548	7	548
9	"1"	"1"	4	FALSE	0	90	100	0	0	3.42901103761e-14	560	1.35655784607	4	549	4	549
9	"1"	"1"	4	FALSE	0	90	100	0	0	3.42901103761e-14	560	1.39026999474	2	550	2	550
9	"1"	"1"	4	FALSE	0	90	100	0	0	3.42901103761e-14	560	1.4237909317	-1	550	-1	550
9	"1"	"1"	5	FALSE	0	45	100	0	0	395.979797464	395.979797464	0.00191402435303	1	0	1	0
9	"1"	"1"	5	FALSE	0	45	100	0	0	395.979797464	395.979797464	0.0225830078125	1	0	1	0
9	"1"	"1"	5	FALSE	0	45	100	0	0	395.979797464	395.979797464	0.0560140609741	1	0	1	0
9	"1"	"1"	5	FALSE	0	45	100	0	0	395.979797464	395.979797464	0.0890171527863	1	0	1	0
9	"1"	"1"	5	FALSE	0	45	100	0	0	395.979797464	395.979797464	0.122698068619	1	0	1	0
9	"1"	"1"	5	FALSE	0	45	100	0	0	395.979797464	395.979797464	0.156247138977	1	0	1	0
9	"1"	"1"	5	FALSE	0	45	100	0	0	395.979797464	395.979797464	0.189587116241	1	0	1	0
9	"1"	"1"	5	FALSE	0	45	100	0	0	395.979797464	395.979797464	0.222709178925	1	0	1	0
9	"1"	"1"	5	FALSE	0	45	100	0	0	395.979797464	395.979797464	0.256149053574	1	0	1	0
9	"1"	"1"	5	FALSE	0	45	100	0	0	395.979797464	395.979797464	0.289639234543	4	3	4	3
9	"1"	"1"	5	FALSE	0	45	100	0	0	395.979797464	395.979797464	0.322938203812	15	17	15	17
9	"1"	"1"	5	FALSE	0	45	100	0	0	395.979797464	395.979797464	0.355721235275	35	41	35	41
9	"1"	"1"	5	FALSE	0	45	100	0	0	395.979797464	395.979797464	0.38972401619	65	72	65	72
9	"1"	"1"	5	FALSE	0	45	100	0	0	395.979797464	395.979797464	0.423133134842	101	111	101	111
9	"1"	"1"	5	FALSE	0	45	100	0	0	395.979797464	395.979797464	0.455794095993	140	150	140	150
9	"1"	"1"	5	FALSE	0	45	100	0	0	395.979797464	395.979797464	0.489828109741	172	182	172	182
9	"1"	"1"	5	FALSE	0	45	100	0	0	395.979797464	395.979797464	0.523151159286	206	216	206	216
9	"1"	"1"	5	FALSE	0	45	100	0	0	395.979797464	395.979797464	0.555931091309	237	248	237	248
9	"1"	"1"	5	FALSE	0	45	100	0	0	395.979797464	395.979797464	0.589836120605	262	271	262	271
9	"1"	"1"	5	FALSE	0	45	100	0	0	395.979797464	395.979797464	0.623267173767	288	297	288	297
9	"1"	"1"	5	FALSE	0	45	100	0	0	395.979797464	395.979797464	0.656565189362	311	322	311	322
9	"1"	"1"	5	FALSE	0	45	100	0	0	395.979797464	395.979797464	0.689973115921	332	341	332	341
9	"1"	"1"	5	FALSE	0	45	100	0	0	395.979797464	395.979797464	0.723197221756	343	352	343	352
9	"1"	"1"	5	FALSE	0	45	100	0	0	395.979797464	395.979797464	0.756828069687	357	369	357	369
9	"1"	"1"	5	FALSE	0	45	100	0	0	395.979797464	395.979797464	0.78951215744	368	380	368	380
9	"1"	"1"	5	FALSE	0	45	100	0	0	395.979797464	395.979797464	0.82329416275	374	387	374	387
9	"1"	"1"	5	FALSE	0	45	100	0	0	395.979797464	395.979797464	0.856640100479	377	389	377	389
9	"1"	"1"	5	FALSE	0	45	100	0	0	395.979797464	395.979797464	0.890063047409	379	390	379	390
9	"1"	"1"	5	FALSE	0	45	100	0	0	395.979797464	395.979797464	0.923368215561	380	391	380	391
9	"1"	"1"	5	FALSE	0	45	100	0	0	395.979797464	395.979797464	0.956755161285	381	393	381	393
9	"1"	"1"	5	FALSE	0	45	100	0	0	395.979797464	395.979797464	0.98974108696	384	396	384	396
9	"1"	"1"	5	FALSE	0	45	100	0	0	395.979797464	395.979797464	1.02359700203	388	398	388	398
9	"1"	"1"	5	FALSE	0	45	100	0	0	395.979797464	395.979797464	1.05690813065	390	398	390	398
9	"1"	"1"	5	FALSE	0	45	100	0	0	395.979797464	395.979797464	1.08991622925	391	396	391	396
9	"1"	"1"	5	FALSE	0	45	100	0	0	395.979797464	395.979797464	1.12371015549	392	395	392	395
9	"1"	"1"	6	FALSE	0	135	100	0	0	-395.979797464	395.979797464	0.00415277481079	4	4	4	4
9	"1"	"1"	6	FALSE	0	135	100	0	0	-395.979797464	395.979797464	0.0393478870392	4	4	4	4
9	"1"	"1"	6	FALSE	0	135	100	0	0	-395.979797464	395.979797464	0.072634935379	4	4	4	4
9	"1"	"1"	6	FALSE	0	135	100	0	0	-395.979797464	395.979797464	0.105856895447	4	4	4	4
9	"1"	"1"	6	FALSE	0	135	100	0	0	-395.979797464	395.979797464	0.13938498497	4	4	4	4
9	"1"	"1"	6	FALSE	0	135	100	0	0	-395.979797464	395.979797464	0.17272400856	4	3	4	3
9	"1"	"1"	6	FALSE	0	135	100	0	0	-395.979797464	395.979797464	0.206160783768	4	3	4	3
9	"1"	"1"	6	FALSE	0	135	100	0	0	-395.979797464	395.979797464	0.239398956299	4	3	4	3
9	"1"	"1"	6	FALSE	0	135	100	0	0	-395.979797464	395.979797464	0.272813796997	4	4	4	4
9	"1"	"1"	6	FALSE	0	135	100	0	0	-395.979797464	395.979797464	0.306125879288	-3	9	-3	9
9	"1"	"1"	6	FALSE	0	135	100	0	0	-395.979797464	395.979797464	0.339492797852	-16	22	-16	22
9	"1"	"1"	6	FALSE	0	135	100	0	0	-395.979797464	395.979797464	0.372950792313	-37	40	-37	40
9	"1"	"1"	6	FALSE	0	135	100	0	0	-395.979797464	395.979797464	0.406137943268	-69	53	-69	53
9	"1"	"1"	6	FALSE	0	135	100	0	0	-395.979797464	395.979797464	0.439563989639	-101	71	-101	71
9	"1"	"1"	6	FALSE	0	135	100	0	0	-395.979797464	395.979797464	0.473033905029	-130	94	-130	94
9	"1"	"1"	6	FALSE	0	135	100	0	0	-395.979797464	395.979797464	0.506308794022	-154	115	-154	115
9	"1"	"1"	6	FALSE	0	135	100	0	0	-395.979797464	395.979797464	0.539654970169	-184	143	-184	143
9	"1"	"1"	6	FALSE	0	135	100	0	0	-395.979797464	395.979797464	0.573131799698	-214	171	-214	171
9	"1"	"1"	6	FALSE	0	135	100	0	0	-395.979797464	395.979797464	0.606318950653	-237	193	-237	193
9	"1"	"1"	6	FALSE	0	135	100	0	0	-395.979797464	395.979797464	0.639784812927	-262	221	-262	221
9	"1"	"1"	6	FALSE	0	135	100	0	0	-395.979797464	395.979797464	0.673098802567	-283	243	-283	243
9	"1"	"1"	6	FALSE	0	135	100	0	0	-395.979797464	395.979797464	0.706459999084	-304	265	-304	265
9	"1"	"1"	6	FALSE	0	135	100	0	0	-395.979797464	395.979797464	0.739838838577	-315	278	-315	278
9	"1"	"1"	6	FALSE	0	135	100	0	0	-395.979797464	395.979797464	0.773189783096	-326	293	-326	293
9	"1"	"1"	6	FALSE	0	135	100	0	0	-395.979797464	395.979797464	0.806569814682	-335	306	-335	306
9	"1"	"1"	6	FALSE	0	135	100	0	0	-395.979797464	395.979797464	0.839938879013	-342	315	-342	315
9	"1"	"1"	6	FALSE	0	135	100	0	0	-395.979797464	395.979797464	0.873170852661	-346	326	-346	326
9	"1"	"1"	6	FALSE	0	135	100	0	0	-395.979797464	395.979797464	0.906596899033	-347	335	-347	335
9	"1"	"1"	6	FALSE	0	135	100	0	0	-395.979797464	395.979797464	0.94008398056	-349	341	-349	341
9	"1"	"1"	6	FALSE	0	135	100	0	0	-395.979797464	395.979797464	0.973378896713	-352	346	-352	346
9	"1"	"1"	6	FALSE	0	135	100	0	0	-395.979797464	395.979797464	1.00662589073	-356	351	-356	351
9	"1"	"1"	6	FALSE	0	135	100	0	0	-395.979797464	395.979797464	1.04009985924	-362	356	-362	356
9	"1"	"1"	6	FALSE	0	135	100	0	0	-395.979797464	395.979797464	1.07343792915	-367	361	-367	361
9	"1"	"1"	6	FALSE	0	135	100	0	0	-395.979797464	395.979797464	1.10649299622	-371	367	-371	367
9	"1"	"1"	6	FALSE	0	135	100	0	0	-395.979797464	395.979797464	1.1401758194	-377	374	-377	374
9	"1"	"1"	6	FALSE	0	135	100	0	0	-395.979797464	395.979797464	1.17353582382	-381	379	-381	379
9	"1"	"1"	6	FALSE	0	135	100	0	0	-395.979797464	395.979797464	1.20686793327	-384	383	-384	383
9	"1"	"1"	6	FALSE	0	135	100	0	0	-395.979797464	395.979797464	1.24011588097	-388	385	-388	385
9	"1"	"1"	6	FALSE	0	135	100	0	0	-395.979797464	395.979797464	1.27368783951	-389	387	-389	387
9	"1"	"1"	7	FALSE	0	90	100	0	0	3.42901103761e-14	560	0.00193095207214	-2	-8	-2	-8
9	"1"	"1"	7	FALSE	0	90	100	0	0	3.42901103761e-14	560	0.022528886795	-2	-8	-2	-8
9	"1"	"1"	7	FALSE	0	90	100	0	0	3.42901103761e-14	560	0.0559358596802	-2	-8	-2	-8
9	"1"	"1"	7	FALSE	0	90	100	0	0	3.42901103761e-14	560	0.0893659591675	-2	-8	-2	-8
9	"1"	"1"	7	FALSE	0	90	100	0	0	3.42901103761e-14	560	0.122721910477	-1	-7	-1	-7
9	"1"	"1"	7	FALSE	0	90	100	0	0	3.42901103761e-14	560	0.156134843826	-1	-6	-1	-6
9	"1"	"1"	7	FALSE	0	90	100	0	0	3.42901103761e-14	560	0.189291954041	0	-4	0	-4
9	"1"	"1"	7	FALSE	0	90	100	0	0	3.42901103761e-14	560	0.222752809525	1	-4	1	-4
9	"1"	"1"	7	FALSE	0	90	100	0	0	3.42901103761e-14	560	0.256111860275	1	-4	1	-4
9	"1"	"1"	7	FALSE	0	90	100	0	0	3.42901103761e-14	560	0.289349794388	1	-4	1	-4
9	"1"	"1"	7	FALSE	0	90	100	0	0	3.42901103761e-14	560	0.32262301445	1	-1	1	-1
9	"1"	"1"	7	FALSE	0	90	100	0	0	3.42901103761e-14	560	0.356096982956	0	9	0	9
9	"1"	"1"	7	FALSE	0	90	100	0	0	3.42901103761e-14	560	0.38961482048	-1	38	-1	38
9	"1"	"1"	7	FALSE	0	90	100	0	0	3.42901103761e-14	560	0.423000812531	-1	74	-1	74
9	"1"	"1"	7	FALSE	0	90	100	0	0	3.42901103761e-14	560	0.456249952316	2	105	2	105
9	"1"	"1"	7	FALSE	0	90	100	0	0	3.42901103761e-14	560	0.489625930786	3	142	3	142
9	"1"	"1"	7	FALSE	0	90	100	0	0	3.42901103761e-14	560	0.52296090126	1	181	1	181
9	"1"	"1"	7	FALSE	0	90	100	0	0	3.42901103761e-14	560	0.556353807449	1	213	1	213
9	"1"	"1"	7	FALSE	0	90	100	0	0	3.42901103761e-14	560	0.58975982666	0	249	0	249
9	"1"	"1"	7	FALSE	0	90	100	0	0	3.42901103761e-14	560	0.623099803925	0	284	0	284
9	"1"	"1"	7	FALSE	0	90	100	0	0	3.42901103761e-14	560	0.656471014023	0	317	0	317
9	"1"	"1"	7	FALSE	0	90	100	0	0	3.42901103761e-14	560	0.689739942551	0	341	0	341
9	"1"	"1"	7	FALSE	0	90	100	0	0	3.42901103761e-14	560	0.723106861115	-1	368	-1	368
9	"1"	"1"	7	FALSE	0	90	100	0	0	3.42901103761e-14	560	0.756452798843	0	392	0	392
9	"1"	"1"	7	FALSE	0	90	100	0	0	3.42901103761e-14	560	0.789811849594	-1	406	-1	406
9	"1"	"1"	7	FALSE	0	90	100	0	0	3.42901103761e-14	560	0.823231935501	-3	421	-3	421
9	"1"	"1"	7	FALSE	0	90	100	0	0	3.42901103761e-14	560	0.856455802917	-4	435	-4	435
9	"1"	"1"	7	FALSE	0	90	100	0	0	3.42901103761e-14	560	0.889979839325	-7	448	-7	448
9	"1"	"1"	7	FALSE	0	90	100	0	0	3.42901103761e-14	560	0.923330783844	-8	458	-8	458
9	"1"	"1"	7	FALSE	0	90	100	0	0	3.42901103761e-14	560	0.956743001938	-9	468	-9	468
9	"1"	"1"	7	FALSE	0	90	100	0	0	3.42901103761e-14	560	0.989880800247	-10	476	-10	476
9	"1"	"1"	7	FALSE	0	90	100	0	0	3.42901103761e-14	560	1.02338385582	-10	482	-10	482
9	"1"	"1"	7	FALSE	0	90	100	0	0	3.42901103761e-14	560	1.05678892136	-10	489	-10	489
9	"1"	"1"	7	FALSE	0	90	100	0	0	3.42901103761e-14	560	1.09011483192	-9	497	-9	497
9	"1"	"1"	7	FALSE	0	90	100	0	0	3.42901103761e-14	560	1.12343478203	-9	505	-9	505
9	"1"	"1"	7	FALSE	0	90	100	0	0	3.42901103761e-14	560	1.15675783157	-8	513	-8	513
9	"1"	"1"	7	FALSE	0	90	100	0	0	3.42901103761e-14	560	1.19003391266	-6	521	-6	521
9	"1"	"1"	7	FALSE	0	90	100	0	0	3.42901103761e-14	560	1.22357082367	-4	528	-4	528
9	"1"	"1"	7	FALSE	0	90	100	0	0	3.42901103761e-14	560	1.25686979294	-3	534	-3	534
9	"1"	"1"	7	FALSE	0	90	100	0	0	3.42901103761e-14	560	1.29022693634	-2	538	-2	538
9	"1"	"1"	7	FALSE	0	90	100	0	0	3.42901103761e-14	560	1.32363700867	0	542	0	542
9	"1"	"1"	7	FALSE	0	90	100	0	0	3.42901103761e-14	560	1.35695195198	1	545	1	545
9	"1"	"1"	7	FALSE	0	90	100	0	0	3.42901103761e-14	560	1.39029479027	2	547	2	547
9	"1"	"1"	7	FALSE	0	90	100	0	0	3.42901103761e-14	560	1.42363595963	3	549	3	549
9	"1"	"1"	8	FALSE	0	45	100	0	0	395.979797464	395.979797464	0.00209403038025	7	-1	7	-1
9	"1"	"1"	8	FALSE	0	45	100	0	0	395.979797464	395.979797464	0.0225551128387	7	-1	7	-1
9	"1"	"1"	8	FALSE	0	45	100	0	0	395.979797464	395.979797464	0.0561170578003	8	-1	8	-1
9	"1"	"1"	8	FALSE	0	45	100	0	0	395.979797464	395.979797464	0.0893630981445	8	-1	8	-1
9	"1"	"1"	8	FALSE	0	45	100	0	0	395.979797464	395.979797464	0.12268614769	8	-1	8	-1
9	"1"	"1"	8	FALSE	0	45	100	0	0	395.979797464	395.979797464	0.156033039093	8	-1	8	-1
9	"1"	"1"	8	FALSE	0	45	100	0	0	395.979797464	395.979797464	0.189305067062	8	-1	8	-1
9	"1"	"1"	8	FALSE	0	45	100	0	0	395.979797464	395.979797464	0.222743988037	8	-1	8	-1
9	"1"	"1"	8	FALSE	0	45	100	0	0	395.979797464	395.979797464	0.256145000458	8	-1	8	-1
9	"1"	"1"	8	FALSE	0	45	100	0	0	395.979797464	395.979797464	0.289514064789	12	2	12	2
9	"1"	"1"	8	FALSE	0	45	100	0	0	395.979797464	395.979797464	0.322798013687	19	11	19	11
9	"1"	"1"	8	FALSE	0	45	100	0	0	395.979797464	395.979797464	0.356245994568	31	23	31	23
9	"1"	"1"	8	FALSE	0	45	100	0	0	395.979797464	395.979797464	0.389600992203	56	48	56	48
9	"1"	"1"	8	FALSE	0	45	100	0	0	395.979797464	395.979797464	0.422940015793	77	69	77	69
9	"1"	"1"	8	FALSE	0	45	100	0	0	395.979797464	395.979797464	0.456418991089	105	96	105	96
9	"1"	"1"	8	FALSE	0	45	100	0	0	395.979797464	395.979797464	0.489712953568	134	124	134	124
9	"1"	"1"	8	FALSE	0	45	100	0	0	395.979797464	395.979797464	0.523012161255	159	149	159	149
9	"1"	"1"	8	FALSE	0	45	100	0	0	395.979797464	395.979797464	0.556369066238	190	181	190	181
9	"1"	"1"	8	FALSE	0	45	100	0	0	395.979797464	395.979797464	0.589652061462	215	210	215	210
9	"1"	"1"	8	FALSE	0	45	100	0	0	395.979797464	395.979797464	0.623080015182	242	238	242	238
9	"1"	"1"	8	FALSE	0	45	100	0	0	395.979797464	395.979797464	0.656491994858	268	262	268	262
9	"1"	"1"	8	FALSE	0	45	100	0	0	395.979797464	395.979797464	0.689785957336	290	284	290	284
9	"1"	"1"	8	FALSE	0	45	100	0	0	395.979797464	395.979797464	0.723266124725	309	306	309	306
9	"1"	"1"	8	FALSE	0	45	100	0	0	395.979797464	395.979797464	0.756390094757	318	317	318	317
9	"1"	"1"	8	FALSE	0	45	100	0	0	395.979797464	395.979797464	0.789910078049	329	329	329	329
9	"1"	"1"	8	FALSE	0	45	100	0	0	395.979797464	395.979797464	0.823282957077	337	339	337	339
9	"1"	"1"	8	FALSE	0	45	100	0	0	395.979797464	395.979797464	0.856688976288	341	346	341	346
9	"1"	"1"	8	FALSE	0	45	100	0	0	395.979797464	395.979797464	0.89005613327	343	350	343	350
9	"1"	"1"	8	FALSE	0	45	100	0	0	395.979797464	395.979797464	0.923290967941	346	353	346	353
9	"1"	"1"	8	FALSE	0	45	100	0	0	395.979797464	395.979797464	0.956655025482	352	361	352	361
9	"1"	"1"	8	FALSE	0	45	100	0	0	395.979797464	395.979797464	0.990051031113	359	369	359	369
9	"1"	"1"	8	FALSE	0	45	100	0	0	395.979797464	395.979797464	1.02324199677	366	375	366	375
9	"1"	"1"	8	FALSE	0	45	100	0	0	395.979797464	395.979797464	1.05666804314	376	384	376	384
9	"1"	"1"	8	FALSE	0	45	100	0	0	395.979797464	395.979797464	1.09007811546	385	392	385	392
9	"1"	"1"	8	FALSE	0	45	100	0	0	395.979797464	395.979797464	1.12352705002	390	394	390	394
9	"1"	"1"	8	FALSE	0	45	100	0	0	395.979797464	395.979797464	1.1568570137	394	395	394	395
9	"1"	"1"	8	FALSE	0	45	100	0	0	395.979797464	395.979797464	1.19028306007	397	397	397	397
9	"1"	"1"	9	FALSE	0	135	100	0	0	-395.979797464	395.979797464	0.00209784507751	1	-6	1	-6
9	"1"	"1"	9	FALSE	0	135	100	0	0	-395.979797464	395.979797464	0.0218949317932	1	-6	1	-6
9	"1"	"1"	9	FALSE	0	135	100	0	0	-395.979797464	395.979797464	0.0559539794922	1	-6	1	-6
9	"1"	"1"	9	FALSE	0	135	100	0	0	-395.979797464	395.979797464	0.0893609523773	1	-6	1	-6
9	"1"	"1"	9	FALSE	0	135	100	0	0	-395.979797464	395.979797464	0.12229681015	1	-6	1	-6
9	"1"	"1"	9	FALSE	0	135	100	0	0	-395.979797464	395.979797464	0.155995845795	1	-6	1	-6
9	"1"	"1"	9	FALSE	0	135	100	0	0	-395.979797464	395.979797464	0.189371824265	1	-6	1	-6
9	"1"	"1"	9	FALSE	0	135	100	0	0	-395.979797464	395.979797464	0.222281932831	1	-6	1	-6
9	"1"	"1"	9	FALSE	0	135	100	0	0	-395.979797464	395.979797464	0.256145000458	0	-6	0	-6
9	"1"	"1"	9	FALSE	0	135	100	0	0	-395.979797464	395.979797464	0.289355993271	-10	-2	-10	-2
9	"1"	"1"	9	FALSE	0	135	100	0	0	-395.979797464	395.979797464	0.322186946869	-36	15	-36	15
9	"1"	"1"	9	FALSE	0	135	100	0	0	-395.979797464	395.979797464	0.356236934662	-63	34	-63	34
9	"1"	"1"	9	FALSE	0	135	100	0	0	-395.979797464	395.979797464	0.389506816864	-99	56	-99	56
9	"1"	"1"	9	FALSE	0	135	100	0	0	-395.979797464	395.979797464	0.42294883728	-131	77	-131	77
9	"1"	"1"	9	FALSE	0	135	100	0	0	-395.979797464	395.979797464	0.455762863159	-158	95	-158	95
9	"1"	"1"	9	FALSE	0	135	100	0	0	-395.979797464	395.979797464	0.489593982697	-186	114	-186	114
9	"1"	"1"	9	FALSE	0	135	100	0	0	-395.979797464	395.979797464	0.522948980331	-212	135	-212	135
9	"1"	"1"	9	FALSE	0	135	100	0	0	-395.979797464	395.979797464	0.556385993958	-236	161	-236	161
9	"1"	"1"	9	FALSE	0	135	100	0	0	-395.979797464	395.979797464	0.589587926865	-256	180	-256	180
9	"1"	"1"	9	FALSE	0	135	100	0	0	-395.979797464	395.979797464	0.622494935989	-276	203	-276	203
9	"1"	"1"	9	FALSE	0	135	100	0	0	-395.979797464	395.979797464	0.656483888626	-293	228	-293	228
9	"1"	"1"	9	FALSE	0	135	100	0	0	-395.979797464	395.979797464	0.689778804779	-306	245	-306	245
9	"1"	"1"	9	FALSE	0	135	100	0	0	-395.979797464	395.979797464	0.723104953766	-318	263	-318	263
9	"1"	"1"	9	FALSE	0	135	100	0	0	-395.979797464	395.979797464	0.756381988525	-332	279	-332	279
9	"1"	"1"	9	FALSE	0	135	100	0	0	-395.979797464	395.979797464	0.789448976517	-341	296	-341	296
9	"1"	"1"	9	FALSE	0	135	100	0	0	-395.979797464	395.979797464	0.822602987289	-348	310	-348	310
9	"1"	"1"	9	FALSE	0	135	100	0	0	-395.979797464	395.979797464	0.856626987457	-357	327	-357	327
9	"1"	"1"	9	FALSE	0	135	100	0	0	-395.979797464	395.979797464	0.889899015427	-363	341	-363	341
9	"1"	"1"	9	FALSE	0	135	100	0	0	-395.979797464	395.979797464	0.922643899918	-368	350	-368	350
9	"1"	"1"	9	FALSE	0	135	100	0	0	-395.979797464	395.979797464	0.956670999527	-375	357	-375	357
9	"1"	"1"	9	FALSE	0	135	100	0	0	-395.979797464	395.979797464	0.989878892899	-380	363	-380	363
9	"1"	"1"	9	FALSE	0	135	100	0	0	-395.979797464	395.979797464	1.02278184891	-382	366	-382	366
9	"1"	"1"	9	FALSE	0	135	100	0	0	-395.979797464	395.979797464	1.0565969944	-386	368	-386	368
9	"1"	"1"	9	FALSE	0	135	100	0	0	-395.979797464	395.979797464	1.09004187584	-388	372	-388	372
9	"1"	"1"	9	FALSE	0	135	100	0	0	-395.979797464	395.979797464	1.12330198288	-390	375	-390	375
9	"1"	"1"	9	FALSE	0	135	100	0	0	-395.979797464	395.979797464	1.15674090385	-391	378	-391	378
9	"1"	"1"	9	FALSE	0	135	100	0	0	-395.979797464	395.979797464	1.1896879673	-392	382	-392	382
9	"1"	"1"	9	FALSE	0	135	100	0	0	-395.979797464	395.979797464	1.2235558033	-392	385	-392	385
9	"1"	"1"	9	FALSE	0	135	100	0	0	-395.979797464	395.979797464	1.25691890717	-392	387	-392	387
9	"1"	"1"	9	FALSE	0	135	100	0	0	-395.979797464	395.979797464	1.29028487206	-393	390	-393	390
9	"1"	"1"	10	FALSE	0	135	100	0	0	-395.979797464	395.979797464	0.00212812423706	2	-11	2	-11
9	"1"	"1"	10	FALSE	0	135	100	0	0	-395.979797464	395.979797464	0.0223679542542	2	-11	2	-11
9	"1"	"1"	10	FALSE	0	135	100	0	0	-395.979797464	395.979797464	0.0559680461884	2	-11	2	-11
9	"1"	"1"	10	FALSE	0	135	100	0	0	-395.979797464	395.979797464	0.0892570018768	2	-10	2	-10
9	"1"	"1"	10	FALSE	0	135	100	0	0	-395.979797464	395.979797464	0.122064113617	3	-8	3	-8
9	"1"	"1"	10	FALSE	0	135	100	0	0	-395.979797464	395.979797464	0.156059980392	4	-7	4	-7
9	"1"	"1"	10	FALSE	0	135	100	0	0	-395.979797464	395.979797464	0.189517974854	4	-7	4	-7
9	"1"	"1"	10	FALSE	0	135	100	0	0	-395.979797464	395.979797464	0.222646951675	4	-6	4	-6
9	"1"	"1"	10	FALSE	0	135	100	0	0	-395.979797464	395.979797464	0.255980014801	3	-6	3	-6
9	"1"	"1"	10	FALSE	0	135	100	0	0	-395.979797464	395.979797464	0.289535999298	1	-4	1	-4
9	"1"	"1"	10	FALSE	0	135	100	0	0	-395.979797464	395.979797464	0.322942018509	-7	3	-7	3
9	"1"	"1"	10	FALSE	0	135	100	0	0	-395.979797464	395.979797464	0.356297969818	-21	16	-21	16
9	"1"	"1"	10	FALSE	0	135	100	0	0	-395.979797464	395.979797464	0.389657020569	-53	40	-53	40
9	"1"	"1"	10	FALSE	0	135	100	0	0	-395.979797464	395.979797464	0.422876119614	-90	70	-90	70
9	"1"	"1"	10	FALSE	0	135	100	0	0	-395.979797464	395.979797464	0.456228017807	-121	99	-121	99
9	"1"	"1"	10	FALSE	0	135	100	0	0	-395.979797464	395.979797464	0.489673137665	-150	126	-150	126
9	"1"	"1"	10	FALSE	0	135	100	0	0	-395.979797464	395.979797464	0.522967100143	-175	147	-175	147
9	"1"	"1"	10	FALSE	0	135	100	0	0	-395.979797464	395.979797464	0.55651807785	-201	175	-201	175
9	"1"	"1"	10	FALSE	0	135	100	0	0	-395.979797464	395.979797464	0.589777946472	-225	196	-225	196
9	"1"	"1"	10	FALSE	0	135	100	0	0	-395.979797464	395.979797464	0.623116016388	-246	218	-246	218
9	"1"	"1"	10	FALSE	0	135	100	0	0	-395.979797464	395.979797464	0.656380176544	-261	242	-261	242
9	"1"	"1"	10	FALSE	0	135	100	0	0	-395.979797464	395.979797464	0.689857006073	-273	262	-273	262
9	"1"	"1"	10	FALSE	0	135	100	0	0	-395.979797464	395.979797464	0.723171949387	-284	279	-284	279
9	"1"	"1"	10	FALSE	0	135	100	0	0	-395.979797464	395.979797464	0.756546020508	-294	292	-294	292
9	"1"	"1"	10	FALSE	0	135	100	0	0	-395.979797464	395.979797464	0.789881944656	-304	303	-304	303
9	"1"	"1"	10	FALSE	0	135	100	0	0	-395.979797464	395.979797464	0.823241949081	-316	315	-316	315
9	"1"	"1"	10	FALSE	0	135	100	0	0	-395.979797464	395.979797464	0.856644153595	-326	327	-326	327
9	"1"	"1"	10	FALSE	0	135	100	0	0	-395.979797464	395.979797464	0.889657974243	-334	337	-334	337
9	"1"	"1"	10	FALSE	0	135	100	0	0	-395.979797464	395.979797464	0.923335075378	-340	346	-340	346
9	"1"	"1"	10	FALSE	0	135	100	0	0	-395.979797464	395.979797464	0.956608057022	-348	357	-348	357
9	"1"	"1"	10	FALSE	0	135	100	0	0	-395.979797464	395.979797464	0.989914178848	-356	366	-356	366
9	"1"	"1"	10	FALSE	0	135	100	0	0	-395.979797464	395.979797464	1.02332115173	-363	373	-363	373
9	"1"	"1"	10	FALSE	0	135	100	0	0	-395.979797464	395.979797464	1.05678915977	-369	379	-369	379
9	"1"	"1"	10	FALSE	0	135	100	0	0	-395.979797464	395.979797464	1.08947110176	-375	384	-375	384
9	"1"	"1"	10	FALSE	0	135	100	0	0	-395.979797464	395.979797464	1.12357711792	-379	387	-379	387
9	"1"	"1"	10	FALSE	0	135	100	0	0	-395.979797464	395.979797464	1.15685296059	-384	389	-384	389
9	"1"	"1"	10	FALSE	0	135	100	0	0	-395.979797464	395.979797464	1.1901550293	-388	391	-388	391
9	"1"	"1"	10	FALSE	0	135	100	0	0	-395.979797464	395.979797464	1.22357702255	-389	392	-389	392
9	"1"	"1"	10	FALSE	0	135	100	0	0	-395.979797464	395.979797464	1.25690817833	-390	393	-390	393
9	"1"	"1"	11	FALSE	0	45	100	0	0	395.979797464	395.979797464	0.00223278999329	2	-1	2	-1
9	"1"	"1"	11	FALSE	0	45	100	0	0	395.979797464	395.979797464	0.0222089290619	2	-1	2	-1
9	"1"	"1"	11	FALSE	0	45	100	0	0	395.979797464	395.979797464	0.0555617809296	2	-1	2	-1
9	"1"	"1"	11	FALSE	0	45	100	0	0	395.979797464	395.979797464	0.0889039039612	2	-1	2	-1
9	"1"	"1"	11	FALSE	0	45	100	0	0	395.979797464	395.979797464	0.122569799423	2	-2	2	-2
9	"1"	"1"	11	FALSE	0	45	100	0	0	395.979797464	395.979797464	0.155962944031	2	-2	2	-2
9	"1"	"1"	11	FALSE	0	45	100	0	0	395.979797464	395.979797464	0.189324855804	2	-2	2	-2
9	"1"	"1"	11	FALSE	0	45	100	0	0	395.979797464	395.979797464	0.222419977188	2	-2	2	-2
9	"1"	"1"	11	FALSE	0	45	100	0	0	395.979797464	395.979797464	0.256008863449	4	1	4	1
9	"1"	"1"	11	FALSE	0	45	100	0	0	395.979797464	395.979797464	0.289457798004	11	11	11	11
9	"1"	"1"	11	FALSE	0	45	100	0	0	395.979797464	395.979797464	0.32225394249	26	31	26	31
9	"1"	"1"	11	FALSE	0	45	100	0	0	395.979797464	395.979797464	0.356126785278	49	58	49	58
9	"1"	"1"	11	FALSE	0	45	100	0	0	395.979797464	395.979797464	0.389497995377	80	95	80	95
9	"1"	"1"	11	FALSE	0	45	100	0	0	395.979797464	395.979797464	0.422555923462	110	128	110	128
9	"1"	"1"	11	FALSE	0	45	100	0	0	395.979797464	395.979797464	0.456254959106	148	162	148	162
9	"1"	"1"	11	FALSE	0	45	100	0	0	395.979797464	395.979797464	0.489551782608	186	195	186	195
9	"1"	"1"	11	FALSE	0	45	100	0	0	395.979797464	395.979797464	0.522961854935	216	221	216	221
9	"1"	"1"	11	FALSE	0	45	100	0	0	395.979797464	395.979797464	0.556269884109	252	250	252	250
9	"1"	"1"	11	FALSE	0	45	100	0	0	395.979797464	395.979797464	0.589554786682	274	270	274	270
9	"1"	"1"	11	FALSE	0	45	100	0	0	395.979797464	395.979797464	0.622987985611	297	287	297	287
9	"1"	"1"	11	FALSE	0	45	100	0	0	395.979797464	395.979797464	0.656276941299	312	297	312	297
9	"1"	"1"	11	FALSE	0	45	100	0	0	395.979797464	395.979797464	0.689796924591	325	309	325	309
9	"1"	"1"	11	FALSE	0	45	100	0	0	395.979797464	395.979797464	0.723116874695	335	321	335	321
9	"1"	"1"	11	FALSE	0	45	100	0	0	395.979797464	395.979797464	0.756314992905	343	330	343	330
9	"1"	"1"	11	FALSE	0	45	100	0	0	395.979797464	395.979797464	0.789231777191	350	341	350	341
9	"1"	"1"	11	FALSE	0	45	100	0	0	395.979797464	395.979797464	0.823174953461	357	351	357	351
9	"1"	"1"	11	FALSE	0	45	100	0	0	395.979797464	395.979797464	0.856581926346	365	362	365	362
9	"1"	"1"	11	FALSE	0	45	100	0	0	395.979797464	395.979797464	0.889531850815	372	374	372	374
9	"1"	"1"	11	FALSE	0	45	100	0	0	395.979797464	395.979797464	0.922986984253	377	382	377	382
9	"1"	"1"	11	FALSE	0	45	100	0	0	395.979797464	395.979797464	0.95591378212	384	389	384	389
9	"1"	"1"	11	FALSE	0	45	100	0	0	395.979797464	395.979797464	0.98996591568	390	393	390	393
9	"1"	"1"	11	FALSE	0	45	100	0	0	395.979797464	395.979797464	1.02337694168	396	397	396	397
9	"1"	"1"	11	FALSE	0	45	100	0	0	395.979797464	395.979797464	1.05662989616	403	401	403	401
9	"1"	"1"	11	FALSE	0	45	100	0	0	395.979797464	395.979797464	1.09003782272	407	404	407	404
9	"1"	"1"	11	FALSE	0	45	100	0	0	395.979797464	395.979797464	1.12339687347	408	405	408	405
9	"1"	"1"	11	FALSE	0	45	100	0	0	395.979797464	395.979797464	1.15683078766	408	405	408	405
9	"1"	"1"	11	FALSE	0	45	100	0	0	395.979797464	395.979797464	1.19001984596	408	405	408	405
9	"1"	"1"	11	FALSE	0	45	100	0	0	395.979797464	395.979797464	1.22353982925	408	405	408	405
9	"1"	"1"	11	FALSE	0	45	100	0	0	395.979797464	395.979797464	1.25691580772	408	405	408	405
9	"1"	"1"	11	FALSE	0	45	100	0	0	395.979797464	395.979797464	1.28964781761	408	405	408	405
9	"1"	"1"	11	FALSE	0	45	100	0	0	395.979797464	395.979797464	1.32363390923	408	404	408	404
9	"1"	"1"	11	FALSE	0	45	100	0	0	395.979797464	395.979797464	1.35690379143	408	402	408	402
9	"1"	"1"	11	FALSE	0	45	100	0	0	395.979797464	395.979797464	1.38994884491	407	401	407	401
9	"1"	"1"	11	FALSE	0	45	100	0	0	395.979797464	395.979797464	1.42349791527	406	399	406	399
9	"1"	"1"	11	FALSE	0	45	100	0	0	395.979797464	395.979797464	1.45643687248	405	398	405	398
9	"1"	"1"	12	FALSE	0	90	100	0	0	3.42901103761e-14	560	0.00176405906677	-9	-7	-9	-7
9	"1"	"1"	12	FALSE	0	90	100	0	0	3.42901103761e-14	560	0.0219011306763	-9	-7	-9	-7
9	"1"	"1"	12	FALSE	0	90	100	0	0	3.42901103761e-14	560	0.0556230545044	-9	-7	-9	-7
9	"1"	"1"	12	FALSE	0	90	100	0	0	3.42901103761e-14	560	0.0889980792999	-8	-7	-8	-7
9	"1"	"1"	12	FALSE	0	90	100	0	0	3.42901103761e-14	560	0.121892929077	-7	-7	-7	-7
9	"1"	"1"	12	FALSE	0	90	100	0	0	3.42901103761e-14	560	0.155679941177	-5	-6	-5	-6
9	"1"	"1"	12	FALSE	0	90	100	0	0	3.42901103761e-14	560	0.188952922821	-3	-4	-3	-4
9	"1"	"1"	12	FALSE	0	90	100	0	0	3.42901103761e-14	560	0.222377061844	-1	-3	-1	-3
9	"1"	"1"	12	FALSE	0	90	100	0	0	3.42901103761e-14	560	0.255582094193	-1	-3	-1	-3
9	"1"	"1"	12	FALSE	0	90	100	0	0	3.42901103761e-14	560	0.289082050323	-1	-3	-1	-3
9	"1"	"1"	12	FALSE	0	90	100	0	0	3.42901103761e-14	560	0.32217502594	-2	0	-2	0
9	"1"	"1"	12	FALSE	0	90	100	0	0	3.42901103761e-14	560	0.355808973312	-6	9	-6	9
9	"1"	"1"	12	FALSE	0	90	100	0	0	3.42901103761e-14	560	0.389189004898	-8	32	-8	32
9	"1"	"1"	12	FALSE	0	90	100	0	0	3.42901103761e-14	560	0.42180109024	-6	60	-6	60
9	"1"	"1"	12	FALSE	0	90	100	0	0	3.42901103761e-14	560	0.455946922302	-6	85	-6	85
9	"1"	"1"	12	FALSE	0	90	100	0	0	3.42901103761e-14	560	0.489181995392	-5	121	-5	121
9	"1"	"1"	12	FALSE	0	90	100	0	0	3.42901103761e-14	560	0.522440910339	-4	160	-4	160
9	"1"	"1"	12	FALSE	0	90	100	0	0	3.42901103761e-14	560	0.556061029434	-5	199	-5	199
9	"1"	"1"	12	FALSE	0	90	100	0	0	3.42901103761e-14	560	0.589353084564	-4	230	-4	230
9	"1"	"1"	12	FALSE	0	90	100	0	0	3.42901103761e-14	560	0.622553110123	-5	266	-5	266
9	"1"	"1"	12	FALSE	0	90	100	0	0	3.42901103761e-14	560	0.655426979065	-6	299	-6	299
9	"1"	"1"	12	FALSE	0	90	100	0	0	3.42901103761e-14	560	0.689409971237	-8	325	-8	325
9	"1"	"1"	12	FALSE	0	90	100	0	0	3.42901103761e-14	560	0.72257399559	-8	354	-8	354
9	"1"	"1"	12	FALSE	0	90	100	0	0	3.42901103761e-14	560	0.756119966507	-10	383	-10	383
9	"1"	"1"	12	FALSE	0	90	100	0	0	3.42901103761e-14	560	0.789460897446	-11	407	-11	407
9	"1"	"1"	12	FALSE	0	90	100	0	0	3.42901103761e-14	560	0.822863101959	-13	423	-13	423
9	"1"	"1"	12	FALSE	0	90	100	0	0	3.42901103761e-14	560	0.856265068054	-15	440	-15	440
9	"1"	"1"	12	FALSE	0	90	100	0	0	3.42901103761e-14	560	0.889578104019	-16	457	-16	457
9	"1"	"1"	12	FALSE	0	90	100	0	0	3.42901103761e-14	560	0.922960042953	-16	468	-16	468
9	"1"	"1"	12	FALSE	0	90	100	0	0	3.42901103761e-14	560	0.95560503006	-14	479	-14	479
9	"1"	"1"	12	FALSE	0	90	100	0	0	3.42901103761e-14	560	0.989546060562	-11	489	-11	489
9	"1"	"1"	12	FALSE	0	90	100	0	0	3.42901103761e-14	560	1.0228099823	-9	496	-9	496
9	"1"	"1"	12	FALSE	0	90	100	0	0	3.42901103761e-14	560	1.05642199516	-5	508	-5	508
9	"1"	"1"	12	FALSE	0	90	100	0	0	3.42901103761e-14	560	1.08963704109	0	515	0	515
9	"1"	"1"	12	FALSE	0	90	100	0	0	3.42901103761e-14	560	1.1231110096	3	522	3	522
9	"1"	"1"	12	FALSE	0	90	100	0	0	3.42901103761e-14	560	1.15646910667	3	526	3	526
9	"1"	"1"	12	FALSE	0	90	100	0	0	3.42901103761e-14	560	1.18942308426	2	531	2	531
9	"1"	"1"	12	FALSE	0	90	100	0	0	3.42901103761e-14	560	1.22317290306	3	535	3	535
9	"1"	"1"	12	FALSE	0	90	100	0	0	3.42901103761e-14	560	1.25649809837	2	537	2	537
9	"1"	"1"	12	FALSE	0	90	100	0	0	3.42901103761e-14	560	1.28983592987	2	539	2	539
9	"1"	"1"	12	FALSE	0	90	100	0	0	3.42901103761e-14	560	1.3231959343	2	542	2	542
9	"1"	"1"	12	FALSE	0	90	100	0	0	3.42901103761e-14	560	1.35659503937	1	545	1	545
9	"1"	"1"	12	FALSE	0	90	100	0	0	3.42901103761e-14	560	1.38947606087	0	548	0	548
9	"1"	"1"	12	FALSE	0	90	100	0	0	3.42901103761e-14	560	1.42336010933	0	553	0	553
9	"1"	"1"	12	FALSE	0	90	100	0	0	3.42901103761e-14	560	1.45654797554	0	557	0	557
9	"1"	"1"	12	FALSE	0	90	100	0	0	3.42901103761e-14	560	1.48958492279	0	560	0	560
9	"1"	"1"	12	FALSE	0	90	100	0	0	3.42901103761e-14	560	1.52339696884	1	561	1	561
9	"1"	"1"	13	FALSE	0	90	100	0	0	3.42901103761e-14	560	0.00172996520996	2	-13	2	-13
9	"1"	"1"	13	FALSE	0	90	100	0	0	3.42901103761e-14	560	0.0227310657501	2	-13	2	-13
9	"1"	"1"	13	FALSE	0	90	100	0	0	3.42901103761e-14	560	0.0562260150909	2	-13	2	-13
9	"1"	"1"	13	FALSE	0	90	100	0	0	3.42901103761e-14	560	0.0895099639893	2	-13	2	-13
9	"1"	"1"	13	FALSE	0	90	100	0	0	3.42901103761e-14	560	0.122789144516	2	-13	2	-13
9	"1"	"1"	13	FALSE	0	90	100	0	0	3.42901103761e-14	560	0.155910015106	2	-13	2	-13
9	"1"	"1"	13	FALSE	0	90	100	0	0	3.42901103761e-14	560	0.189625024796	2	-13	2	-13
9	"1"	"1"	13	FALSE	0	90	100	0	0	3.42901103761e-14	560	0.222923994064	2	-13	2	-13
9	"1"	"1"	13	FALSE	0	90	100	0	0	3.42901103761e-14	560	0.256044149399	2	-13	2	-13
9	"1"	"1"	13	FALSE	0	90	100	0	0	3.42901103761e-14	560	0.289649009705	2	-12	2	-12
9	"1"	"1"	13	FALSE	0	90	100	0	0	3.42901103761e-14	560	0.323066949844	3	-5	3	-5
9	"1"	"1"	13	FALSE	0	90	100	0	0	3.42901103761e-14	560	0.356487989426	4	16	4	16
9	"1"	"1"	13	FALSE	0	90	100	0	0	3.42901103761e-14	560	0.389933109283	7	44	7	44
9	"1"	"1"	13	FALSE	0	90	100	0	0	3.42901103761e-14	560	0.423238039017	9	73	9	73
9	"1"	"1"	13	FALSE	0	90	100	0	0	3.42901103761e-14	560	0.456573009491	9	112	9	112
9	"1"	"1"	13	FALSE	0	90	100	0	0	3.42901103761e-14	560	0.489895105362	9	154	9	154
9	"1"	"1"	13	FALSE	0	90	100	0	0	3.42901103761e-14	560	0.523092985153	8	191	8	191
9	"1"	"1"	13	FALSE	0	90	100	0	0	3.42901103761e-14	560	0.556532144547	5	230	5	230
9	"1"	"1"	13	FALSE	0	90	100	0	0	3.42901103761e-14	560	0.590003967285	4	266	4	266
9	"1"	"1"	13	FALSE	0	90	100	0	0	3.42901103761e-14	560	0.623317956924	2	307	2	307
9	"1"	"1"	13	FALSE	0	90	100	0	0	3.42901103761e-14	560	0.656666994095	-1	333	-1	333
9	"1"	"1"	13	FALSE	0	90	100	0	0	3.42901103761e-14	560	0.69012594223	-2	362	-2	362
9	"1"	"1"	13	FALSE	0	90	100	0	0	3.42901103761e-14	560	0.723446130753	-1	389	-1	389
9	"1"	"1"	13	FALSE	0	90	100	0	0	3.42901103761e-14	560	0.756731033325	-3	406	-3	406
9	"1"	"1"	13	FALSE	0	90	100	0	0	3.42901103761e-14	560	0.790116071701	-4	421	-4	421
9	"1"	"1"	13	FALSE	0	90	100	0	0	3.42901103761e-14	560	0.82343506813	-3	437	-3	437
9	"1"	"1"	13	FALSE	0	90	100	0	0	3.42901103761e-14	560	0.85672211647	-5	450	-5	450
9	"1"	"1"	13	FALSE	0	90	100	0	0	3.42901103761e-14	560	0.890217065811	-6	462	-6	462
9	"1"	"1"	13	FALSE	0	90	100	0	0	3.42901103761e-14	560	0.923473119736	-5	475	-5	475
9	"1"	"1"	13	FALSE	0	90	100	0	0	3.42901103761e-14	560	0.956875085831	-6	488	-6	488
9	"1"	"1"	13	FALSE	0	90	100	0	0	3.42901103761e-14	560	0.990288972855	-5	497	-5	497
9	"1"	"1"	13	FALSE	0	90	100	0	0	3.42901103761e-14	560	1.02367591858	-3	505	-3	505
9	"1"	"1"	13	FALSE	0	90	100	0	0	3.42901103761e-14	560	1.05699896812	-1	512	-1	512
9	"1"	"1"	13	FALSE	0	90	100	0	0	3.42901103761e-14	560	1.09034895897	0	518	0	518
9	"1"	"1"	13	FALSE	0	90	100	0	0	3.42901103761e-14	560	1.12370204926	2	526	2	526
9	"1"	"1"	13	FALSE	0	90	100	0	0	3.42901103761e-14	560	1.15698504448	4	533	4	533
9	"1"	"1"	13	FALSE	0	90	100	0	0	3.42901103761e-14	560	1.19041514397	4	539	4	539
9	"1"	"1"	13	FALSE	0	90	100	0	0	3.42901103761e-14	560	1.22383403778	5	544	5	544
9	"1"	"1"	13	FALSE	0	90	100	0	0	3.42901103761e-14	560	1.25721096992	5	550	5	550
9	"1"	"1"	13	FALSE	0	90	100	0	0	3.42901103761e-14	560	1.29048514366	6	555	6	555
9	"1"	"1"	13	FALSE	0	90	100	0	0	3.42901103761e-14	560	1.32387709618	6	558	6	558
9	"1"	"1"	13	FALSE	0	90	100	0	0	3.42901103761e-14	560	1.35721492767	6	560	6	560
9	"1"	"1"	13	FALSE	0	90	100	0	0	3.42901103761e-14	560	1.39060091972	5	561	5	561
9	"1"	"1"	14	FALSE	0	135	100	0	0	-395.979797464	395.979797464	0.00168204307556	1	9	1	9
9	"1"	"1"	14	FALSE	0	135	100	0	0	-395.979797464	395.979797464	0.0222671031952	1	9	1	9
9	"1"	"1"	14	FALSE	0	135	100	0	0	-395.979797464	395.979797464	0.0556190013885	1	9	1	9
9	"1"	"1"	14	FALSE	0	135	100	0	0	-395.979797464	395.979797464	0.0890831947327	2	7	2	7
9	"1"	"1"	14	FALSE	0	135	100	0	0	-395.979797464	395.979797464	0.122419118881	2	7	2	7
9	"1"	"1"	14	FALSE	0	135	100	0	0	-395.979797464	395.979797464	0.155819177628	2	6	2	6
9	"1"	"1"	14	FALSE	0	135	100	0	0	-395.979797464	395.979797464	0.189056158066	2	5	2	5
9	"1"	"1"	14	FALSE	0	135	100	0	0	-395.979797464	395.979797464	0.22248005867	2	5	2	5
9	"1"	"1"	14	FALSE	0	135	100	0	0	-395.979797464	395.979797464	0.25527215004	2	5	2	5
9	"1"	"1"	14	FALSE	0	135	100	0	0	-395.979797464	395.979797464	0.289129018784	2	6	2	6
9	"1"	"1"	14	FALSE	0	135	100	0	0	-395.979797464	395.979797464	0.322715044022	0	13	0	13
9	"1"	"1"	14	FALSE	0	135	100	0	0	-395.979797464	395.979797464	0.355604171753	-8	25	-8	25
9	"1"	"1"	14	FALSE	0	135	100	0	0	-395.979797464	395.979797464	0.389255046844	-27	43	-27	43
9	"1"	"1"	14	FALSE	0	135	100	0	0	-395.979797464	395.979797464	0.422196149826	-50	68	-50	68
9	"1"	"1"	14	FALSE	0	135	100	0	0	-395.979797464	395.979797464	0.45605301857	-71	86	-71	86
9	"1"	"1"	14	FALSE	0	135	100	0	0	-395.979797464	395.979797464	0.489421129227	-98	109	-98	109
9	"1"	"1"	14	FALSE	0	135	100	0	0	-395.979797464	395.979797464	0.522663116455	-128	135	-128	135
9	"1"	"1"	14	FALSE	0	135	100	0	0	-395.979797464	395.979797464	0.555619001389	-150	157	-150	157
9	"1"	"1"	14	FALSE	0	135	100	0	0	-395.979797464	395.979797464	0.58927822113	-174	183	-174	183
9	"1"	"1"	14	FALSE	0	135	100	0	0	-395.979797464	395.979797464	0.622726202011	-197	207	-197	207
9	"1"	"1"	14	FALSE	0	135	100	0	0	-395.979797464	395.979797464	0.656071186066	-220	228	-220	228
9	"1"	"1"	14	FALSE	0	135	100	0	0	-395.979797464	395.979797464	0.689434051514	-240	249	-240	249
9	"1"	"1"	14	FALSE	0	135	100	0	0	-395.979797464	395.979797464	0.723016023636	-261	266	-261	266
9	"1"	"1"	14	FALSE	0	135	100	0	0	-395.979797464	395.979797464	0.756277084351	-280	281	-280	281
9	"1"	"1"	14	FALSE	0	135	100	0	0	-395.979797464	395.979797464	0.789300203323	-292	290	-292	290
9	"1"	"1"	14	FALSE	0	135	100	0	0	-395.979797464	395.979797464	0.823052167892	-309	301	-309	301
9	"1"	"1"	14	FALSE	0	135	100	0	0	-395.979797464	395.979797464	0.856479167938	-325	313	-325	313
9	"1"	"1"	14	FALSE	0	135	100	0	0	-395.979797464	395.979797464	0.889260053635	-339	324	-339	324
9	"1"	"1"	14	FALSE	0	135	100	0	0	-395.979797464	395.979797464	0.923086166382	-356	337	-356	337
9	"1"	"1"	14	FALSE	0	135	100	0	0	-395.979797464	395.979797464	0.956339120865	-366	347	-366	347
9	"1"	"1"	14	FALSE	0	135	100	0	0	-395.979797464	395.979797464	0.989415168762	-376	359	-376	359
9	"1"	"1"	14	FALSE	0	135	100	0	0	-395.979797464	395.979797464	1.02321410179	-381	369	-381	369
9	"1"	"1"	14	FALSE	0	135	100	0	0	-395.979797464	395.979797464	1.05655813217	-386	374	-386	374
9	"1"	"1"	14	FALSE	0	135	100	0	0	-395.979797464	395.979797464	1.08938217163	-391	379	-391	379
9	"1"	"1"	14	FALSE	0	135	100	0	0	-395.979797464	395.979797464	1.1230661869	-394	384	-394	384
9	"1"	"1"	14	FALSE	0	135	100	0	0	-395.979797464	395.979797464	1.15654420853	-396	388	-396	388
9	"1"	"1"	14	FALSE	0	135	100	0	0	-395.979797464	395.979797464	1.18968200684	-397	390	-397	390
9	"1"	"1"	14	FALSE	0	135	100	0	0	-395.979797464	395.979797464	1.22332715988	-398	391	-398	391
9	"1"	"1"	14	FALSE	0	135	100	0	0	-395.979797464	395.979797464	1.25671410561	-399	393	-399	393
9	"1"	"1"	15	FALSE	0	45	100	0	0	395.979797464	395.979797464	0.00221800804138	-7	7	-7	7
9	"1"	"1"	15	FALSE	0	45	100	0	0	395.979797464	395.979797464	0.0224628448486	-7	7	-7	7
9	"1"	"1"	15	FALSE	0	45	100	0	0	395.979797464	395.979797464	0.0560309886932	-7	7	-7	7
9	"1"	"1"	15	FALSE	0	45	100	0	0	395.979797464	395.979797464	0.0894467830658	-6	6	-6	6
9	"1"	"1"	15	FALSE	0	45	100	0	0	395.979797464	395.979797464	0.122738838196	-5	5	-5	5
9	"1"	"1"	15	FALSE	0	45	100	0	0	395.979797464	395.979797464	0.156145811081	-4	4	-4	4
9	"1"	"1"	15	FALSE	0	45	100	0	0	395.979797464	395.979797464	0.189387798309	-4	4	-4	4
9	"1"	"1"	15	FALSE	0	45	100	0	0	395.979797464	395.979797464	0.222551822662	-4	3	-4	3
9	"1"	"1"	15	FALSE	0	45	100	0	0	395.979797464	395.979797464	0.256140947342	-4	4	-4	4
9	"1"	"1"	15	FALSE	0	45	100	0	0	395.979797464	395.979797464	0.288938999176	0	7	0	7
9	"1"	"1"	15	FALSE	0	45	100	0	0	395.979797464	395.979797464	0.322815895081	7	15	7	15
9	"1"	"1"	15	FALSE	0	45	100	0	0	395.979797464	395.979797464	0.35628080368	20	30	20	30
9	"1"	"1"	15	FALSE	0	45	100	0	0	395.979797464	395.979797464	0.389616966248	41	55	41	55
9	"1"	"1"	15	FALSE	0	45	100	0	0	395.979797464	395.979797464	0.422908782959	63	77	63	77
9	"1"	"1"	15	FALSE	0	45	100	0	0	395.979797464	395.979797464	0.455946922302	82	99	82	99
9	"1"	"1"	15	FALSE	0	45	100	0	0	395.979797464	395.979797464	0.489548921585	107	126	107	126
9	"1"	"1"	15	FALSE	0	45	100	0	0	395.979797464	395.979797464	0.522526979446	135	152	135	152
9	"1"	"1"	15	FALSE	0	45	100	0	0	395.979797464	395.979797464	0.556376934052	161	172	161	172
9	"1"	"1"	15	FALSE	0	45	100	0	0	395.979797464	395.979797464	0.589741945267	190	197	190	197
9	"1"	"1"	15	FALSE	0	45	100	0	0	395.979797464	395.979797464	0.622887849808	219	222	219	222
9	"1"	"1"	15	FALSE	0	45	100	0	0	395.979797464	395.979797464	0.656014919281	247	244	247	244
9	"1"	"1"	15	FALSE	0	45	100	0	0	395.979797464	395.979797464	0.689869880676	271	263	271	263
9	"1"	"1"	15	FALSE	0	45	100	0	0	395.979797464	395.979797464	0.723146915436	300	286	300	286
9	"1"	"1"	15	FALSE	0	45	100	0	0	395.979797464	395.979797464	0.75618481636	326	305	326	305
9	"1"	"1"	15	FALSE	0	45	100	0	0	395.979797464	395.979797464	0.789978981018	346	322	346	322
9	"1"	"1"	15	FALSE	0	45	100	0	0	395.979797464	395.979797464	0.823150873184	369	340	369	340
9	"1"	"1"	15	FALSE	0	45	100	0	0	395.979797464	395.979797464	0.856585979462	384	353	384	353
9	"1"	"1"	15	FALSE	0	45	100	0	0	395.979797464	395.979797464	0.89001584053	396	364	396	364
9	"1"	"1"	15	FALSE	0	45	100	0	0	395.979797464	395.979797464	0.923179864883	410	376	410	376
9	"1"	"1"	15	FALSE	0	45	100	0	0	395.979797464	395.979797464	0.956649780273	417	382	417	382
9	"1"	"1"	15	FALSE	0	45	100	0	0	395.979797464	395.979797464	0.989789009094	421	386	421	386
9	"1"	"1"	15	FALSE	0	45	100	0	0	395.979797464	395.979797464	1.02341485023	422	388	422	388
9	"1"	"1"	15	FALSE	0	45	100	0	0	395.979797464	395.979797464	1.05679798126	423	389	423	389
9	"1"	"1"	15	FALSE	0	45	100	0	0	395.979797464	395.979797464	1.08998298645	421	390	421	390
9	"1"	"1"	15	FALSE	0	45	100	0	0	395.979797464	395.979797464	1.12341594696	419	391	419	391
9	"1"	"1"	15	FALSE	0	45	100	0	0	395.979797464	395.979797464	1.15671396255	416	392	416	392
9	"1"	"1"	15	FALSE	0	45	100	0	0	395.979797464	395.979797464	1.19023799896	414	392	414	392
9	"1"	"1"	15	FALSE	0	45	100	0	0	395.979797464	395.979797464	1.22359085083	413	392	413	392
9	"1"	"1"	15	FALSE	0	45	100	0	0	395.979797464	395.979797464	1.25696992874	411	392	411	392
9	"1"	"1"	15	FALSE	0	45	100	0	0	395.979797464	395.979797464	1.28983592987	410	392	410	392
9	"1"	"1"	15	FALSE	0	45	100	0	0	395.979797464	395.979797464	1.32365584373	408	391	408	391
9	"1"	"1"	16	FALSE	0	45	100	0	0	395.979797464	395.979797464	0.00211000442505	-5	-8	-5	-8
9	"1"	"1"	16	FALSE	0	45	100	0	0	395.979797464	395.979797464	0.0217990875244	-5	-8	-5	-8
9	"1"	"1"	16	FALSE	0	45	100	0	0	395.979797464	395.979797464	0.0557341575623	-4	-8	-4	-8
9	"1"	"1"	16	FALSE	0	45	100	0	0	395.979797464	395.979797464	0.089035987854	-4	-8	-4	-8
9	"1"	"1"	16	FALSE	0	45	100	0	0	395.979797464	395.979797464	0.122268199921	-3	-7	-3	-7
9	"1"	"1"	16	FALSE	0	45	100	0	0	395.979797464	395.979797464	0.155752182007	-1	-6	-1	-6
9	"1"	"1"	16	FALSE	0	45	100	0	0	395.979797464	395.979797464	0.188755989075	-1	-5	-1	-5
9	"1"	"1"	16	FALSE	0	45	100	0	0	395.979797464	395.979797464	0.222541093826	-1	-5	-1	-5
9	"1"	"1"	16	FALSE	0	45	100	0	0	395.979797464	395.979797464	0.255289077759	0	-4	0	-4
9	"1"	"1"	16	FALSE	0	45	100	0	0	395.979797464	395.979797464	0.289275169373	2	-3	2	-3
9	"1"	"1"	16	FALSE	0	45	100	0	0	395.979797464	395.979797464	0.322657108307	7	3	7	3
9	"1"	"1"	16	FALSE	0	45	100	0	0	395.979797464	395.979797464	0.356019020081	19	16	19	16
9	"1"	"1"	16	FALSE	0	45	100	0	0	395.979797464	395.979797464	0.389267206192	38	37	38	37
9	"1"	"1"	16	FALSE	0	45	100	0	0	395.979797464	395.979797464	0.422770023346	60	62	60	62
9	"1"	"1"	16	FALSE	0	45	100	0	0	395.979797464	395.979797464	0.455743074417	88	92	88	92
9	"1"	"1"	16	FALSE	0	45	100	0	0	395.979797464	395.979797464	0.48948097229	117	122	117	122
9	"1"	"1"	16	FALSE	0	45	100	0	0	395.979797464	395.979797464	0.52258515358	141	147	141	147
9	"1"	"1"	16	FALSE	0	45	100	0	0	395.979797464	395.979797464	0.556181192398	168	173	168	173
9	"1"	"1"	16	FALSE	0	45	100	0	0	395.979797464	395.979797464	0.5894780159	189	195	189	195
9	"1"	"1"	16	FALSE	0	45	100	0	0	395.979797464	395.979797464	0.622552156448	215	222	215	222
9	"1"	"1"	16	FALSE	0	45	100	0	0	395.979797464	395.979797464	0.656126976013	232	241	232	241
9	"1"	"1"	16	FALSE	0	45	100	0	0	395.979797464	395.979797464	0.68964600563	251	260	251	260
9	"1"	"1"	16	FALSE	0	45	100	0	0	395.979797464	395.979797464	0.722987174988	267	274	267	274
9	"1"	"1"	16	FALSE	0	45	100	0	0	395.979797464	395.979797464	0.756247997284	280	286	280	286
9	"1"	"1"	16	FALSE	0	45	100	0	0	395.979797464	395.979797464	0.789241075516	293	299	293	299
9	"1"	"1"	16	FALSE	0	45	100	0	0	395.979797464	395.979797464	0.823026180267	307	311	307	311
9	"1"	"1"	16	FALSE	0	45	100	0	0	395.979797464	395.979797464	0.856371164322	317	320	317	320
9	"1"	"1"	16	FALSE	0	45	100	0	0	395.979797464	395.979797464	0.889767169952	328	330	328	330
9	"1"	"1"	16	FALSE	0	45	100	0	0	395.979797464	395.979797464	0.923084974289	339	338	339	338
9	"1"	"1"	16	FALSE	0	45	100	0	0	395.979797464	395.979797464	0.956206083298	349	344	349	344
9	"1"	"1"	16	FALSE	0	45	100	0	0	395.979797464	395.979797464	0.989941120148	355	350	355	350
9	"1"	"1"	16	FALSE	0	45	100	0	0	395.979797464	395.979797464	1.02310109138	361	357	361	357
9	"1"	"1"	16	FALSE	0	45	100	0	0	395.979797464	395.979797464	1.05651116371	367	362	367	362
9	"1"	"1"	16	FALSE	0	45	100	0	0	395.979797464	395.979797464	1.08991098404	371	367	371	367
9	"1"	"1"	16	FALSE	0	45	100	0	0	395.979797464	395.979797464	1.12257099152	376	372	376	372
9	"1"	"1"	16	FALSE	0	45	100	0	0	395.979797464	395.979797464	1.15666007996	383	377	383	377
9	"1"	"1"	16	FALSE	0	45	100	0	0	395.979797464	395.979797464	1.18993902206	385	379	385	379
9	"1"	"1"	16	FALSE	0	45	100	0	0	395.979797464	395.979797464	1.22266197205	387	382	387	382
9	"1"	"1"	16	FALSE	0	45	100	0	0	395.979797464	395.979797464	1.25674915314	390	386	390	386
9	"1"	"1"	16	FALSE	0	45	100	0	0	395.979797464	395.979797464	1.29008698463	393	390	393	390
9	"1"	"1"	16	FALSE	0	45	100	0	0	395.979797464	395.979797464	1.32285904884	394	392	394	392
9	"1"	"1"	16	FALSE	0	45	100	0	0	395.979797464	395.979797464	1.35674309731	397	395	397	395
9	"1"	"1"	16	FALSE	0	45	100	0	0	395.979797464	395.979797464	1.38982105255	398	397	398	397
9	"1"	"1"	17	FALSE	0	135	100	0	0	-395.979797464	395.979797464	0.0019850730896	-8	0	-8	0
9	"1"	"1"	17	FALSE	0	135	100	0	0	-395.979797464	395.979797464	0.022509098053	-8	0	-8	0
9	"1"	"1"	17	FALSE	0	135	100	0	0	-395.979797464	395.979797464	0.0560410022736	-8	0	-8	0
9	"1"	"1"	17	FALSE	0	135	100	0	0	-395.979797464	395.979797464	0.089152097702	-8	0	-8	0
9	"1"	"1"	17	FALSE	0	135	100	0	0	-395.979797464	395.979797464	0.122781991959	-8	0	-8	0
9	"1"	"1"	17	FALSE	0	135	100	0	0	-395.979797464	395.979797464	0.156013011932	-8	0	-8	0
9	"1"	"1"	17	FALSE	0	135	100	0	0	-395.979797464	395.979797464	0.189603090286	-7	0	-7	0
9	"1"	"1"	17	FALSE	0	135	100	0	0	-395.979797464	395.979797464	0.222765922546	-7	0	-7	0
9	"1"	"1"	17	FALSE	0	135	100	0	0	-395.979797464	395.979797464	0.256249904633	-7	0	-7	0
9	"1"	"1"	17	FALSE	0	135	100	0	0	-395.979797464	395.979797464	0.289613008499	-7	1	-7	1
9	"1"	"1"	17	FALSE	0	135	100	0	0	-395.979797464	395.979797464	0.322890996933	-12	8	-12	8
9	"1"	"1"	17	FALSE	0	135	100	0	0	-395.979797464	395.979797464	0.356252908707	-30	23	-30	23
9	"1"	"1"	17	FALSE	0	135	100	0	0	-395.979797464	395.979797464	0.389122962952	-51	42	-51	42
9	"1"	"1"	17	FALSE	0	135	100	0	0	-395.979797464	395.979797464	0.423044919968	-77	60	-77	60
9	"1"	"1"	17	FALSE	0	135	100	0	0	-395.979797464	395.979797464	0.456400871277	-97	73	-97	73
9	"1"	"1"	17	FALSE	0	135	100	0	0	-395.979797464	395.979797464	0.489787101746	-121	90	-121	90
9	"1"	"1"	17	FALSE	0	135	100	0	0	-395.979797464	395.979797464	0.523241996765	-139	108	-139	108
9	"1"	"1"	17	FALSE	0	135	100	0	0	-395.979797464	395.979797464	0.556423902512	-161	127	-161	127
9	"1"	"1"	17	FALSE	0	135	100	0	0	-395.979797464	395.979797464	0.589464902878	-183	146	-183	146
9	"1"	"1"	17	FALSE	0	135	100	0	0	-395.979797464	395.979797464	0.623168945312	-198	160	-198	160
9	"1"	"1"	17	FALSE	0	135	100	0	0	-395.979797464	395.979797464	0.656678915024	-218	184	-218	184
9	"1"	"1"	17	FALSE	0	135	100	0	0	-395.979797464	395.979797464	0.689907073975	-230	197	-230	197
9	"1"	"1"	17	FALSE	0	135	100	0	0	-395.979797464	395.979797464	0.723321914673	-247	214	-247	214
9	"1"	"1"	17	FALSE	0	135	100	0	0	-395.979797464	395.979797464	0.756380081177	-263	232	-263	232
9	"1"	"1"	17	FALSE	0	135	100	0	0	-395.979797464	395.979797464	0.789984941483	-273	247	-273	247
9	"1"	"1"	17	FALSE	0	135	100	0	0	-395.979797464	395.979797464	0.823411941528	-284	261	-284	261
9	"1"	"1"	17	FALSE	0	135	100	0	0	-395.979797464	395.979797464	0.856456041336	-295	273	-295	273
9	"1"	"1"	17	FALSE	0	135	100	0	0	-395.979797464	395.979797464	0.889853000641	-304	288	-304	288
9	"1"	"1"	17	FALSE	0	135	100	0	0	-395.979797464	395.979797464	0.923269033432	-311	299	-311	299
9	"1"	"1"	17	FALSE	0	135	100	0	0	-395.979797464	395.979797464	0.956652879715	-320	310	-320	310
9	"1"	"1"	17	FALSE	0	135	100	0	0	-395.979797464	395.979797464	0.990247011185	-328	320	-328	320
9	"1"	"1"	17	FALSE	0	135	100	0	0	-395.979797464	395.979797464	1.02344202995	-335	326	-335	326
9	"1"	"1"	17	FALSE	0	135	100	0	0	-395.979797464	395.979797464	1.05681705475	-345	331	-345	331
9	"1"	"1"	17	FALSE	0	135	100	0	0	-395.979797464	395.979797464	1.0901119709	-352	336	-352	336
9	"1"	"1"	17	FALSE	0	135	100	0	0	-395.979797464	395.979797464	1.12328100204	-357	343	-357	343
9	"1"	"1"	17	FALSE	0	135	100	0	0	-395.979797464	395.979797464	1.1569890976	-360	348	-360	348
9	"1"	"1"	17	FALSE	0	135	100	0	0	-395.979797464	395.979797464	1.19039392471	-363	353	-363	353
9	"1"	"1"	17	FALSE	0	135	100	0	0	-395.979797464	395.979797464	1.2234249115	-367	359	-367	359
9	"1"	"1"	17	FALSE	0	135	100	0	0	-395.979797464	395.979797464	1.25704789162	-370	362	-370	362
9	"1"	"1"	17	FALSE	0	135	100	0	0	-395.979797464	395.979797464	1.29036188126	-374	366	-374	366
9	"1"	"1"	17	FALSE	0	135	100	0	0	-395.979797464	395.979797464	1.32371902466	-377	370	-377	370
9	"1"	"1"	17	FALSE	0	135	100	0	0	-395.979797464	395.979797464	1.35641694069	-379	372	-379	372
9	"1"	"1"	17	FALSE	0	135	100	0	0	-395.979797464	395.979797464	1.39052009583	-383	375	-383	375
9	"1"	"1"	17	FALSE	0	135	100	0	0	-395.979797464	395.979797464	1.42382907867	-386	378	-386	378
9	"1"	"1"	17	FALSE	0	135	100	0	0	-395.979797464	395.979797464	1.4571659565	-388	381	-388	381
9	"1"	"1"	17	FALSE	0	135	100	0	0	-395.979797464	395.979797464	1.49053001404	-391	383	-391	383
9	"1"	"1"	17	FALSE	0	135	100	0	0	-395.979797464	395.979797464	1.5239880085	-393	385	-393	385
9	"1"	"1"	17	FALSE	0	135	100	0	0	-395.979797464	395.979797464	1.55727005005	-394	387	-394	387
9	"1"	"1"	18	FALSE	0	90	100	0	0	3.42901103761e-14	560	0.00174593925476	8	-2	8	-2
9	"1"	"1"	18	FALSE	0	90	100	0	0	3.42901103761e-14	560	0.0224108695984	8	-2	8	-2
9	"1"	"1"	18	FALSE	0	90	100	0	0	3.42901103761e-14	560	0.0554308891296	8	-2	8	-2
9	"1"	"1"	18	FALSE	0	90	100	0	0	3.42901103761e-14	560	0.0885000228882	8	-2	8	-2
9	"1"	"1"	18	FALSE	0	90	100	0	0	3.42901103761e-14	560	0.122503995895	8	-2	8	-2
9	"1"	"1"	18	FALSE	0	90	100	0	0	3.42901103761e-14	560	0.155958890915	8	-2	8	-2
9	"1"	"1"	18	FALSE	0	90	100	0	0	3.42901103761e-14	560	0.188862800598	8	-2	8	-2
9	"1"	"1"	18	FALSE	0	90	100	0	0	3.42901103761e-14	560	0.222615003586	8	-2	8	-2
9	"1"	"1"	18	FALSE	0	90	100	0	0	3.42901103761e-14	560	0.255975961685	8	-2	8	-2
9	"1"	"1"	18	FALSE	0	90	100	0	0	3.42901103761e-14	560	0.288779020309	8	-1	8	-1
9	"1"	"1"	18	FALSE	0	90	100	0	0	3.42901103761e-14	560	0.322750806808	8	7	8	7
9	"1"	"1"	18	FALSE	0	90	100	0	0	3.42901103761e-14	560	0.356036901474	10	26	10	26
9	"1"	"1"	18	FALSE	0	90	100	0	0	3.42901103761e-14	560	0.389299869537	15	49	15	49
9	"1"	"1"	18	FALSE	0	90	100	0	0	3.42901103761e-14	560	0.42209482193	20	79	20	79
9	"1"	"1"	18	FALSE	0	90	100	0	0	3.42901103761e-14	560	0.45613694191	25	116	25	116
9	"1"	"1"	18	FALSE	0	90	100	0	0	3.42901103761e-14	560	0.489523887634	26	152	26	152
9	"1"	"1"	18	FALSE	0	90	100	0	0	3.42901103761e-14	560	0.522732019424	25	183	25	183
9	"1"	"1"	18	FALSE	0	90	100	0	0	3.42901103761e-14	560	0.556010961533	21	218	21	218
9	"1"	"1"	18	FALSE	0	90	100	0	0	3.42901103761e-14	560	0.588901996613	16	249	16	249
9	"1"	"1"	18	FALSE	0	90	100	0	0	3.42901103761e-14	560	0.622954845428	11	274	11	274
9	"1"	"1"	18	FALSE	0	90	100	0	0	3.42901103761e-14	560	0.656289815903	7	300	7	300
9	"1"	"1"	18	FALSE	0	90	100	0	0	3.42901103761e-14	560	0.689707994461	4	325	4	325
9	"1"	"1"	18	FALSE	0	90	100	0	0	3.42901103761e-14	560	0.722599029541	4	345	4	345
9	"1"	"1"	18	FALSE	0	90	100	0	0	3.42901103761e-14	560	0.756366014481	2	367	2	367
9	"1"	"1"	18	FALSE	0	90	100	0	0	3.42901103761e-14	560	0.789696931839	1	389	1	389
9	"1"	"1"	18	FALSE	0	90	100	0	0	3.42901103761e-14	560	0.822973012924	2	405	2	405
9	"1"	"1"	18	FALSE	0	90	100	0	0	3.42901103761e-14	560	0.856122016907	4	418	4	418
9	"1"	"1"	18	FALSE	0	90	100	0	0	3.42901103761e-14	560	0.889647960663	5	433	5	433
9	"1"	"1"	18	FALSE	0	90	100	0	0	3.42901103761e-14	560	0.922914981842	4	446	4	446
9	"1"	"1"	18	FALSE	0	90	100	0	0	3.42901103761e-14	560	0.955862998962	5	457	5	457
9	"1"	"1"	18	FALSE	0	90	100	0	0	3.42901103761e-14	560	0.989972829819	6	466	6	466
9	"1"	"1"	18	FALSE	0	90	100	0	0	3.42901103761e-14	560	1.02318501472	9	477	9	477
9	"1"	"1"	18	FALSE	0	90	100	0	0	3.42901103761e-14	560	1.05630993843	10	488	10	488
9	"1"	"1"	18	FALSE	0	90	100	0	0	3.42901103761e-14	560	1.08992099762	10	499	10	499
9	"1"	"1"	18	FALSE	0	90	100	0	0	3.42901103761e-14	560	1.12321686745	11	508	11	508
9	"1"	"1"	18	FALSE	0	90	100	0	0	3.42901103761e-14	560	1.15603995323	11	518	11	518
9	"1"	"1"	18	FALSE	0	90	100	0	0	3.42901103761e-14	560	1.19002795219	11	524	11	524
9	"1"	"1"	18	FALSE	0	90	100	0	0	3.42901103761e-14	560	1.22349190712	12	529	12	529
9	"1"	"1"	18	FALSE	0	90	100	0	0	3.42901103761e-14	560	1.25635290146	11	535	11	535
9	"1"	"1"	18	FALSE	0	90	100	0	0	3.42901103761e-14	560	1.2901558876	10	540	10	540
9	"1"	"1"	18	FALSE	0	90	100	0	0	3.42901103761e-14	560	1.3235938549	10	544	10	544
9	"1"	"1"	18	FALSE	0	90	100	0	0	3.42901103761e-14	560	1.35650086403	9	546	9	546
9	"1"	"1"	18	FALSE	0	90	100	0	0	3.42901103761e-14	560	1.3902130127	8	548	8	548
9	"1"	"1"	19	FALSE	0	90	100	0	0	3.42901103761e-14	560	0.00167608261108	2	11	2	11
9	"1"	"1"	19	FALSE	0	90	100	0	0	3.42901103761e-14	560	0.0224471092224	2	11	2	11
9	"1"	"1"	19	FALSE	0	90	100	0	0	3.42901103761e-14	560	0.055890083313	2	10	2	10
9	"1"	"1"	19	FALSE	0	90	100	0	0	3.42901103761e-14	560	0.089182138443	2	10	2	10
9	"1"	"1"	19	FALSE	0	90	100	0	0	3.42901103761e-14	560	0.122739076614	2	10	2	10
9	"1"	"1"	19	FALSE	0	90	100	0	0	3.42901103761e-14	560	0.1559882164	2	8	2	8
9	"1"	"1"	19	FALSE	0	90	100	0	0	3.42901103761e-14	560	0.189093112946	2	7	2	7
9	"1"	"1"	19	FALSE	0	90	100	0	0	3.42901103761e-14	560	0.222712039948	2	7	2	7
9	"1"	"1"	19	FALSE	0	90	100	0	0	3.42901103761e-14	560	0.256184101105	2	7	2	7
9	"1"	"1"	19	FALSE	0	90	100	0	0	3.42901103761e-14	560	0.289505004883	3	11	3	11
9	"1"	"1"	19	FALSE	0	90	100	0	0	3.42901103761e-14	560	0.322901010513	4	24	4	24
9	"1"	"1"	19	FALSE	0	90	100	0	0	3.42901103761e-14	560	0.35622215271	4	57	4	57
9	"1"	"1"	19	FALSE	0	90	100	0	0	3.42901103761e-14	560	0.389675140381	6	92	6	92
9	"1"	"1"	19	FALSE	0	90	100	0	0	3.42901103761e-14	560	0.422957181931	9	124	9	124
9	"1"	"1"	19	FALSE	0	90	100	0	0	3.42901103761e-14	560	0.456310033798	11	162	11	162
9	"1"	"1"	19	FALSE	0	90	100	0	0	3.42901103761e-14	560	0.489718198776	11	199	11	199
9	"1"	"1"	19	FALSE	0	90	100	0	0	3.42901103761e-14	560	0.523061990738	9	233	9	233
9	"1"	"1"	19	FALSE	0	90	100	0	0	3.42901103761e-14	560	0.55642914772	5	268	5	268
9	"1"	"1"	19	FALSE	0	90	100	0	0	3.42901103761e-14	560	0.589682102203	0	295	0	295
9	"1"	"1"	19	FALSE	0	90	100	0	0	3.42901103761e-14	560	0.623107194901	-3	322	-3	322
9	"1"	"1"	19	FALSE	0	90	100	0	0	3.42901103761e-14	560	0.656553030014	-2	345	-2	345
9	"1"	"1"	19	FALSE	0	90	100	0	0	3.42901103761e-14	560	0.6899330616	-6	369	-6	369
9	"1"	"1"	19	FALSE	0	90	100	0	0	3.42901103761e-14	560	0.723262071609	-7	390	-7	390
9	"1"	"1"	19	FALSE	0	90	100	0	0	3.42901103761e-14	560	0.756572008133	-9	405	-9	405
9	"1"	"1"	19	FALSE	0	90	100	0	0	3.42901103761e-14	560	0.789920091629	-11	419	-11	419
9	"1"	"1"	19	FALSE	0	90	100	0	0	3.42901103761e-14	560	0.823198080063	-13	434	-13	434
9	"1"	"1"	19	FALSE	0	90	100	0	0	3.42901103761e-14	560	0.856689214706	-13	446	-13	446
9	"1"	"1"	19	FALSE	0	90	100	0	0	3.42901103761e-14	560	0.889864206314	-14	454	-14	454
9	"1"	"1"	19	FALSE	0	90	100	0	0	3.42901103761e-14	560	0.923184156418	-14	464	-14	464
9	"1"	"1"	19	FALSE	0	90	100	0	0	3.42901103761e-14	560	0.956736087799	-13	474	-13	474
9	"1"	"1"	19	FALSE	0	90	100	0	0	3.42901103761e-14	560	0.99004817009	-14	483	-14	483
9	"1"	"1"	19	FALSE	0	90	100	0	0	3.42901103761e-14	560	1.02345705032	-12	495	-12	495
9	"1"	"1"	19	FALSE	0	90	100	0	0	3.42901103761e-14	560	1.05674314499	-9	504	-9	504
9	"1"	"1"	19	FALSE	0	90	100	0	0	3.42901103761e-14	560	1.09013915062	-8	510	-8	510
9	"1"	"1"	19	FALSE	0	90	100	0	0	3.42901103761e-14	560	1.1235229969	-6	520	-6	520
9	"1"	"1"	19	FALSE	0	90	100	0	0	3.42901103761e-14	560	1.15660405159	-4	527	-4	527
9	"1"	"1"	19	FALSE	0	90	100	0	0	3.42901103761e-14	560	1.19008803368	-4	532	-4	532
9	"1"	"1"	19	FALSE	0	90	100	0	0	3.42901103761e-14	560	1.22358107567	-3	536	-3	536
9	"1"	"1"	19	FALSE	0	90	100	0	0	3.42901103761e-14	560	1.25694704056	-2	541	-2	541
9	"1"	"1"	19	FALSE	0	90	100	0	0	3.42901103761e-14	560	1.29022908211	-3	543	-3	543
9	"1"	"1"	19	FALSE	0	90	100	0	0	3.42901103761e-14	560	1.32361412048	-3	545	-3	545
9	"1"	"1"	19	FALSE	0	90	100	0	0	3.42901103761e-14	560	1.35682415962	-2	548	-2	548
9	"1"	"1"	19	FALSE	0	90	100	0	0	3.42901103761e-14	560	1.39021801949	-2	551	-2	551
9	"1"	"1"	20	FALSE	0	45	100	0	0	395.979797464	395.979797464	0.00152707099915	5	12	5	12
9	"1"	"1"	20	FALSE	0	45	100	0	0	395.979797464	395.979797464	0.0220079421997	5	12	5	12
9	"1"	"1"	20	FALSE	0	45	100	0	0	395.979797464	395.979797464	0.0554139614105	5	12	5	12
9	"1"	"1"	20	FALSE	0	45	100	0	0	395.979797464	395.979797464	0.0885150432587	5	12	5	12
9	"1"	"1"	20	FALSE	0	45	100	0	0	395.979797464	395.979797464	0.121932983398	5	11	5	11
9	"1"	"1"	20	FALSE	0	45	100	0	0	395.979797464	395.979797464	0.155436992645	5	10	5	10
9	"1"	"1"	20	FALSE	0	45	100	0	0	395.979797464	395.979797464	0.188810110092	5	10	5	10
9	"1"	"1"	20	FALSE	0	45	100	0	0	395.979797464	395.979797464	0.222074985504	6	10	6	10
9	"1"	"1"	20	FALSE	0	45	100	0	0	395.979797464	395.979797464	0.255347967148	8	13	8	13
9	"1"	"1"	20	FALSE	0	45	100	0	0	395.979797464	395.979797464	0.28871011734	14	20	14	20
9	"1"	"1"	20	FALSE	0	45	100	0	0	395.979797464	395.979797464	0.322082996368	26	35	26	35
9	"1"	"1"	20	FALSE	0	45	100	0	0	395.979797464	395.979797464	0.35543012619	49	60	49	60
9	"1"	"1"	20	FALSE	0	45	100	0	0	395.979797464	395.979797464	0.388793945312	71	79	71	79
9	"1"	"1"	20	FALSE	0	45	100	0	0	395.979797464	395.979797464	0.422217130661	100	106	100	106
9	"1"	"1"	20	FALSE	0	45	100	0	0	395.979797464	395.979797464	0.455584049225	129	124	129	124
9	"1"	"1"	20	FALSE	0	45	100	0	0	395.979797464	395.979797464	0.48893404007	157	146	157	146
9	"1"	"1"	20	FALSE	0	45	100	0	0	395.979797464	395.979797464	0.522230148315	185	166	185	166
9	"1"	"1"	20	FALSE	0	45	100	0	0	395.979797464	395.979797464	0.555583000183	207	182	207	182
9	"1"	"1"	20	FALSE	0	45	100	0	0	395.979797464	395.979797464	0.588948011398	231	199	231	199
9	"1"	"1"	20	FALSE	0	45	100	0	0	395.979797464	395.979797464	0.622291088104	248	212	248	212
9	"1"	"1"	20	FALSE	0	45	100	0	0	395.979797464	395.979797464	0.6556661129	261	224	261	224
9	"1"	"1"	20	FALSE	0	45	100	0	0	395.979797464	395.979797464	0.689018964767	274	238	274	238
9	"1"	"1"	20	FALSE	0	45	100	0	0	395.979797464	395.979797464	0.722408056259	288	252	288	252
9	"1"	"1"	20	FALSE	0	45	100	0	0	395.979797464	395.979797464	0.755779981613	299	266	299	266
9	"1"	"1"	20	FALSE	0	45	100	0	0	395.979797464	395.979797464	0.789091110229	306	276	306	276
9	"1"	"1"	20	FALSE	0	45	100	0	0	395.979797464	395.979797464	0.822457075119	315	286	315	286
9	"1"	"1"	20	FALSE	0	45	100	0	0	395.979797464	395.979797464	0.85582613945	324	297	324	297
9	"1"	"1"	20	FALSE	0	45	100	0	0	395.979797464	395.979797464	0.889162063599	331	309	331	309
9	"1"	"1"	20	FALSE	0	45	100	0	0	395.979797464	395.979797464	0.922534942627	339	321	339	321
9	"1"	"1"	20	FALSE	0	45	100	0	0	395.979797464	395.979797464	0.955904960632	348	332	348	332
9	"1"	"1"	20	FALSE	0	45	100	0	0	395.979797464	395.979797464	0.989287137985	357	346	357	346
9	"1"	"1"	20	FALSE	0	45	100	0	0	395.979797464	395.979797464	1.02259492874	364	356	364	356
9	"1"	"1"	20	FALSE	0	45	100	0	0	395.979797464	395.979797464	1.05597805977	371	366	371	366
9	"1"	"1"	20	FALSE	0	45	100	0	0	395.979797464	395.979797464	1.08933806419	377	377	377	377
9	"1"	"1"	20	FALSE	0	45	100	0	0	395.979797464	395.979797464	1.12267708778	381	383	381	383
9	"1"	"1"	20	FALSE	0	45	100	0	0	395.979797464	395.979797464	1.15615296364	386	388	386	388
9	"1"	"1"	20	FALSE	0	45	100	0	0	395.979797464	395.979797464	1.18960213661	390	392	390	392
9	"1"	"1"	20	FALSE	0	45	100	0	0	395.979797464	395.979797464	1.22275209427	395	397	395	397
9	"1"	"1"	20	FALSE	0	45	100	0	0	395.979797464	395.979797464	1.2561249733	399	402	399	402
9	"1"	"1"	20	FALSE	0	45	100	0	0	395.979797464	395.979797464	1.28947210312	401	405	401	405
9	"1"	"1"	21	FALSE	0	135	100	0	0	-395.979797464	395.979797464	0.00157189369202	-1	0	-1	0
9	"1"	"1"	21	FALSE	0	135	100	0	0	-395.979797464	395.979797464	0.0220520496368	-1	0	-1	0
9	"1"	"1"	21	FALSE	0	135	100	0	0	-395.979797464	395.979797464	0.0555090904236	-1	0	-1	0
9	"1"	"1"	21	FALSE	0	135	100	0	0	-395.979797464	395.979797464	0.0887320041656	-1	0	-1	0
9	"1"	"1"	21	FALSE	0	135	100	0	0	-395.979797464	395.979797464	0.122039079666	-1	0	-1	0
9	"1"	"1"	21	FALSE	0	135	100	0	0	-395.979797464	395.979797464	0.15547990799	0	1	0	1
9	"1"	"1"	21	FALSE	0	135	100	0	0	-395.979797464	395.979797464	0.188972949982	2	3	2	3
9	"1"	"1"	21	FALSE	0	135	100	0	0	-395.979797464	395.979797464	0.222352027893	3	4	3	4
9	"1"	"1"	21	FALSE	0	135	100	0	0	-395.979797464	395.979797464	0.255489110947	3	4	3	4
9	"1"	"1"	21	FALSE	0	135	100	0	0	-395.979797464	395.979797464	0.28883600235	3	5	3	5
9	"1"	"1"	21	FALSE	0	135	100	0	0	-395.979797464	395.979797464	0.32221698761	-1	10	-1	10
9	"1"	"1"	21	FALSE	0	135	100	0	0	-395.979797464	395.979797464	0.355556964874	-13	23	-13	23
9	"1"	"1"	21	FALSE	0	135	100	0	0	-395.979797464	395.979797464	0.388998031616	-37	40	-37	40
9	"1"	"1"	21	FALSE	0	135	100	0	0	-395.979797464	395.979797464	0.422352075577	-62	55	-62	55
9	"1"	"1"	21	FALSE	0	135	100	0	0	-395.979797464	395.979797464	0.455630064011	-81	66	-81	66
9	"1"	"1"	21	FALSE	0	135	100	0	0	-395.979797464	395.979797464	0.48908996582	-101	82	-101	82
9	"1"	"1"	21	FALSE	0	135	100	0	0	-395.979797464	395.979797464	0.522433042526	-119	99	-119	99
9	"1"	"1"	21	FALSE	0	135	100	0	0	-395.979797464	395.979797464	0.555721998215	-136	114	-136	114
9	"1"	"1"	21	FALSE	0	135	100	0	0	-395.979797464	395.979797464	0.589092969894	-157	134	-157	134
9	"1"	"1"	21	FALSE	0	135	100	0	0	-395.979797464	395.979797464	0.622442960739	-172	150	-172	150
9	"1"	"1"	21	FALSE	0	135	100	0	0	-395.979797464	395.979797464	0.655796051025	-193	167	-193	167
9	"1"	"1"	21	FALSE	0	135	100	0	0	-395.979797464	395.979797464	0.689157009125	-216	184	-216	184
9	"1"	"1"	21	FALSE	0	135	100	0	0	-395.979797464	395.979797464	0.722516059875	-231	201	-231	201
9	"1"	"1"	21	FALSE	0	135	100	0	0	-395.979797464	395.979797464	0.755938053131	-247	215	-247	215
9	"1"	"1"	21	FALSE	0	135	100	0	0	-395.979797464	395.979797464	0.789338111877	-262	227	-262	227
9	"1"	"1"	21	FALSE	0	135	100	0	0	-395.979797464	395.979797464	0.822606086731	-279	242	-279	242
9	"1"	"1"	21	FALSE	0	135	100	0	0	-395.979797464	395.979797464	0.855937004089	-289	256	-289	256
9	"1"	"1"	21	FALSE	0	135	100	0	0	-395.979797464	395.979797464	0.889545917511	-298	273	-298	273
9	"1"	"1"	21	FALSE	0	135	100	0	0	-395.979797464	395.979797464	0.922890901566	-307	291	-307	291
9	"1"	"1"	21	FALSE	0	135	100	0	0	-395.979797464	395.979797464	0.956018924713	-314	304	-314	304
9	"1"	"1"	21	FALSE	0	135	100	0	0	-395.979797464	395.979797464	0.98938703537	-323	318	-323	318
9	"1"	"1"	21	FALSE	0	135	100	0	0	-395.979797464	395.979797464	1.02284002304	-331	332	-331	332
9	"1"	"1"	21	FALSE	0	135	100	0	0	-395.979797464	395.979797464	1.05611395836	-339	344	-339	344
9	"1"	"1"	21	FALSE	0	135	100	0	0	-395.979797464	395.979797464	1.08947205544	-348	355	-348	355
9	"1"	"1"	21	FALSE	0	135	100	0	0	-395.979797464	395.979797464	1.12282395363	-356	362	-356	362
9	"1"	"1"	21	FALSE	0	135	100	0	0	-395.979797464	395.979797464	1.156208992	-364	369	-364	369
9	"1"	"1"	21	FALSE	0	135	100	0	0	-395.979797464	395.979797464	1.18955802917	-370	374	-370	374
9	"1"	"1"	21	FALSE	0	135	100	0	0	-395.979797464	395.979797464	1.22290205956	-377	378	-377	378
9	"1"	"1"	21	FALSE	0	135	100	0	0	-395.979797464	395.979797464	1.25629210472	-380	381	-380	381
9	"1"	"1"	21	FALSE	0	135	100	0	0	-395.979797464	395.979797464	1.28969192505	-382	382	-382	382
9	"1"	"1"	21	FALSE	0	135	100	0	0	-395.979797464	395.979797464	1.32297706604	-383	383	-383	383
9	"1"	"1"	21	FALSE	0	135	100	0	0	-395.979797464	395.979797464	1.35633397102	-385	385	-385	385
9	"1"	"1"	21	FALSE	0	135	100	0	0	-395.979797464	395.979797464	1.38977789879	-387	388	-387	388
9	"1"	"1"	21	FALSE	0	135	100	0	0	-395.979797464	395.979797464	1.42310500145	-388	389	-388	389
9	"1"	"1"	21	FALSE	0	135	100	0	0	-395.979797464	395.979797464	1.45643496513	-390	390	-390	390
9	"1"	"1"	21	FALSE	0	135	100	0	0	-395.979797464	395.979797464	1.48988008499	-391	391	-391	391
