"task_num"	"task_name"	"trial_type"	"trial_num"	"terminalfeedback_bool"	"rotation_angle"	"targetangle_deg"	"targetdistance_percmax"	"homex_px"	"homey_px"	"targetx_px"	"targety_px"	"time_s"	"mousex_px"	"mousey_px"	"cursorx_px"	"cursory_px"
9	"1"	"1"	1	FALSE	0	45	100	0	0	395.979797464	395.979797464	1551805507.07	1	-2	1	-2
9	"1"	"1"	1	FALSE	0	45	100	0	0	395.979797464	395.979797464	1551805507.1	2	-2	2	-2
9	"1"	"1"	1	FALSE	0	45	100	0	0	395.979797464	395.979797464	1551805507.14	3	-2	3	-2
9	"1"	"1"	1	FALSE	0	45	100	0	0	395.979797464	395.979797464	1551805507.17	3	-2	3	-2
9	"1"	"1"	1	FALSE	0	45	100	0	0	395.979797464	395.979797464	1551805507.2	3	-3	3	-3
9	"1"	"1"	1	FALSE	0	45	100	0	0	395.979797464	395.979797464	1551805507.24	4	-3	4	-3
9	"1"	"1"	1	FALSE	0	45	100	0	0	395.979797464	395.979797464	1551805507.27	4	-3	4	-3
9	"1"	"1"	1	FALSE	0	45	100	0	0	395.979797464	395.979797464	1551805507.3	4	-3	4	-3
9	"1"	"1"	1	FALSE	0	45	100	0	0	395.979797464	395.979797464	1551805507.34	4	-3	4	-3
9	"1"	"1"	1	FALSE	0	45	100	0	0	395.979797464	395.979797464	1551805507.37	4	-3	4	-3
9	"1"	"1"	1	FALSE	0	45	100	0	0	395.979797464	395.979797464	1551805507.4	4	-3	4	-3
9	"1"	"1"	1	FALSE	0	45	100	0	0	395.979797464	395.979797464	1551805507.44	4	-3	4	-3
9	"1"	"1"	1	FALSE	0	45	100	0	0	395.979797464	395.979797464	1551805507.47	5	-1	5	-1
9	"1"	"1"	1	FALSE	0	45	100	0	0	395.979797464	395.979797464	1551805507.5	19	18	19	18
9	"1"	"1"	1	FALSE	0	45	100	0	0	395.979797464	395.979797464	1551805507.54	47	50	47	50
9	"1"	"1"	1	FALSE	0	45	100	0	0	395.979797464	395.979797464	1551805507.57	74	80	74	80
9	"1"	"1"	1	FALSE	0	45	100	0	0	395.979797464	395.979797464	1551805507.6	107	112	107	112
9	"1"	"1"	1	FALSE	0	45	100	0	0	395.979797464	395.979797464	1551805507.64	132	137	132	137
9	"1"	"1"	1	FALSE	0	45	100	0	0	395.979797464	395.979797464	1551805507.67	160	168	160	168
9	"1"	"1"	1	FALSE	0	45	100	0	0	395.979797464	395.979797464	1551805507.7	187	198	187	198
9	"1"	"1"	1	FALSE	0	45	100	0	0	395.979797464	395.979797464	1551805507.74	210	226	210	226
9	"1"	"1"	1	FALSE	0	45	100	0	0	395.979797464	395.979797464	1551805507.77	238	258	238	258
9	"1"	"1"	1	FALSE	0	45	100	0	0	395.979797464	395.979797464	1551805507.81	264	291	264	291
9	"1"	"1"	1	FALSE	0	45	100	0	0	395.979797464	395.979797464	1551805507.84	288	319	288	319
9	"1"	"1"	1	FALSE	0	45	100	0	0	395.979797464	395.979797464	1551805507.87	307	341	307	341
9	"1"	"1"	1	FALSE	0	45	100	0	0	395.979797464	395.979797464	1551805507.91	314	351	314	351
9	"1"	"1"	1	FALSE	0	45	100	0	0	395.979797464	395.979797464	1551805507.94	324	361	324	361
9	"1"	"1"	1	FALSE	0	45	100	0	0	395.979797464	395.979797464	1551805507.97	330	364	330	364
9	"1"	"1"	1	FALSE	0	45	100	0	0	395.979797464	395.979797464	1551805508.01	339	369	339	369
9	"1"	"1"	1	FALSE	0	45	100	0	0	395.979797464	395.979797464	1551805508.04	350	373	350	373
9	"1"	"1"	1	FALSE	0	45	100	0	0	395.979797464	395.979797464	1551805508.07	360	378	360	378
9	"1"	"1"	1	FALSE	0	45	100	0	0	395.979797464	395.979797464	1551805508.11	367	381	367	381
9	"1"	"1"	1	FALSE	0	45	100	0	0	395.979797464	395.979797464	1551805508.14	375	386	375	386
9	"1"	"1"	1	FALSE	0	45	100	0	0	395.979797464	395.979797464	1551805508.17	389	395	389	395
9	"1"	"1"	1	FALSE	0	45	100	0	0	395.979797464	395.979797464	1551805508.21	400	402	400	402
9	"1"	"1"	1	FALSE	0	45	100	0	0	395.979797464	395.979797464	1551805508.24	403	404	403	404
9	"1"	"1"	2	FALSE	0	135	100	0	0	-395.979797464	395.979797464	1551805509.55	-9	-10	-9	-10
9	"1"	"1"	2	FALSE	0	135	100	0	0	-395.979797464	395.979797464	1551805509.57	-9	-10	-9	-10
9	"1"	"1"	2	FALSE	0	135	100	0	0	-395.979797464	395.979797464	1551805509.61	-9	-10	-9	-10
9	"1"	"1"	2	FALSE	0	135	100	0	0	-395.979797464	395.979797464	1551805509.64	-9	-10	-9	-10
9	"1"	"1"	2	FALSE	0	135	100	0	0	-395.979797464	395.979797464	1551805509.67	-9	-10	-9	-10
9	"1"	"1"	2	FALSE	0	135	100	0	0	-395.979797464	395.979797464	1551805509.71	-9	-10	-9	-10
9	"1"	"1"	2	FALSE	0	135	100	0	0	-395.979797464	395.979797464	1551805509.74	-9	-10	-9	-10
9	"1"	"1"	2	FALSE	0	135	100	0	0	-395.979797464	395.979797464	1551805509.77	-8	-9	-8	-9
9	"1"	"1"	2	FALSE	0	135	100	0	0	-395.979797464	395.979797464	1551805509.81	-7	-9	-7	-9
9	"1"	"1"	2	FALSE	0	135	100	0	0	-395.979797464	395.979797464	1551805509.84	-7	-8	-7	-8
9	"1"	"1"	2	FALSE	0	135	100	0	0	-395.979797464	395.979797464	1551805509.87	-9	-6	-9	-6
9	"1"	"1"	2	FALSE	0	135	100	0	0	-395.979797464	395.979797464	1551805509.91	-18	3	-18	3
9	"1"	"1"	2	FALSE	0	135	100	0	0	-395.979797464	395.979797464	1551805509.94	-33	22	-33	22
9	"1"	"1"	2	FALSE	0	135	100	0	0	-395.979797464	395.979797464	1551805509.97	-54	46	-54	46
9	"1"	"1"	2	FALSE	0	135	100	0	0	-395.979797464	395.979797464	1551805510.01	-82	69	-82	69
9	"1"	"1"	2	FALSE	0	135	100	0	0	-395.979797464	395.979797464	1551805510.04	-112	91	-112	91
9	"1"	"1"	2	FALSE	0	135	100	0	0	-395.979797464	395.979797464	1551805510.07	-136	111	-136	111
9	"1"	"1"	2	FALSE	0	135	100	0	0	-395.979797464	395.979797464	1551805510.11	-162	140	-162	140
9	"1"	"1"	2	FALSE	0	135	100	0	0	-395.979797464	395.979797464	1551805510.14	-187	169	-187	169
9	"1"	"1"	2	FALSE	0	135	100	0	0	-395.979797464	395.979797464	1551805510.17	-213	189	-213	189
9	"1"	"1"	2	FALSE	0	135	100	0	0	-395.979797464	395.979797464	1551805510.21	-242	214	-242	214
9	"1"	"1"	2	FALSE	0	135	100	0	0	-395.979797464	395.979797464	1551805510.24	-268	237	-268	237
9	"1"	"1"	2	FALSE	0	135	100	0	0	-395.979797464	395.979797464	1551805510.27	-288	257	-288	257
9	"1"	"1"	2	FALSE	0	135	100	0	0	-395.979797464	395.979797464	1551805510.31	-307	278	-307	278
9	"1"	"1"	2	FALSE	0	135	100	0	0	-395.979797464	395.979797464	1551805510.34	-321	292	-321	292
9	"1"	"1"	2	FALSE	0	135	100	0	0	-395.979797464	395.979797464	1551805510.37	-336	308	-336	308
9	"1"	"1"	2	FALSE	0	135	100	0	0	-395.979797464	395.979797464	1551805510.41	-343	322	-343	322
9	"1"	"1"	2	FALSE	0	135	100	0	0	-395.979797464	395.979797464	1551805510.44	-350	335	-350	335
9	"1"	"1"	2	FALSE	0	135	100	0	0	-395.979797464	395.979797464	1551805510.47	-357	347	-357	347
9	"1"	"1"	2	FALSE	0	135	100	0	0	-395.979797464	395.979797464	1551805510.51	-362	358	-362	358
9	"1"	"1"	2	FALSE	0	135	100	0	0	-395.979797464	395.979797464	1551805510.54	-369	369	-369	369
9	"1"	"1"	2	FALSE	0	135	100	0	0	-395.979797464	395.979797464	1551805510.57	-377	378	-377	378
9	"1"	"1"	2	FALSE	0	135	100	0	0	-395.979797464	395.979797464	1551805510.61	-384	388	-384	388
9	"1"	"1"	2	FALSE	0	135	100	0	0	-395.979797464	395.979797464	1551805510.64	-388	393	-388	393
9	"1"	"1"	2	FALSE	0	135	100	0	0	-395.979797464	395.979797464	1551805510.67	-394	397	-394	397
9	"1"	"1"	2	FALSE	0	135	100	0	0	-395.979797464	395.979797464	1551805510.71	-399	402	-399	402
9	"1"	"1"	2	FALSE	0	135	100	0	0	-395.979797464	395.979797464	1551805510.74	-402	405	-402	405
9	"1"	"1"	2	FALSE	0	135	100	0	0	-395.979797464	395.979797464	1551805510.77	-406	408	-406	408
9	"1"	"1"	2	FALSE	0	135	100	0	0	-395.979797464	395.979797464	1551805510.81	-408	409	-408	409
9	"1"	"1"	2	FALSE	0	135	100	0	0	-395.979797464	395.979797464	1551805510.84	-410	410	-410	410
9	"1"	"1"	2	FALSE	0	135	100	0	0	-395.979797464	395.979797464	1551805510.87	-410	410	-410	410
9	"1"	"1"	2	FALSE	0	135	100	0	0	-395.979797464	395.979797464	1551805510.91	-410	411	-410	411
9	"1"	"1"	2	FALSE	0	135	100	0	0	-395.979797464	395.979797464	1551805510.94	-410	411	-410	411
9	"1"	"1"	2	FALSE	0	135	100	0	0	-395.979797464	395.979797464	1551805510.97	-409	409	-409	409
9	"1"	"1"	2	FALSE	0	135	100	0	0	-395.979797464	395.979797464	1551805511.01	-406	404	-406	404
9	"1"	"1"	2	FALSE	0	135	100	0	0	-395.979797464	395.979797464	1551805511.04	-405	401	-405	401
9	"1"	"1"	3	FALSE	0	90	100	0	0	3.42901103761e-14	560	1551805512.22	5	-6	5	-6
9	"1"	"1"	3	FALSE	0	90	100	0	0	3.42901103761e-14	560	1551805512.24	5	-6	5	-6
9	"1"	"1"	3	FALSE	0	90	100	0	0	3.42901103761e-14	560	1551805512.28	5	-6	5	-6
9	"1"	"1"	3	FALSE	0	90	100	0	0	3.42901103761e-14	560	1551805512.31	4	-6	4	-6
9	"1"	"1"	3	FALSE	0	90	100	0	0	3.42901103761e-14	560	1551805512.34	4	-6	4	-6
9	"1"	"1"	3	FALSE	0	90	100	0	0	3.42901103761e-14	560	1551805512.38	4	-6	4	-6
9	"1"	"1"	3	FALSE	0	90	100	0	0	3.42901103761e-14	560	1551805512.41	4	-6	4	-6
9	"1"	"1"	3	FALSE	0	90	100	0	0	3.42901103761e-14	560	1551805512.44	4	-6	4	-6
9	"1"	"1"	3	FALSE	0	90	100	0	0	3.42901103761e-14	560	1551805512.48	4	-6	4	-6
9	"1"	"1"	3	FALSE	0	90	100	0	0	3.42901103761e-14	560	1551805512.51	4	-6	4	-6
9	"1"	"1"	3	FALSE	0	90	100	0	0	3.42901103761e-14	560	1551805512.54	4	-6	4	-6
9	"1"	"1"	3	FALSE	0	90	100	0	0	3.42901103761e-14	560	1551805512.58	4	-6	4	-6
9	"1"	"1"	3	FALSE	0	90	100	0	0	3.42901103761e-14	560	1551805512.61	4	-6	4	-6
9	"1"	"1"	3	FALSE	0	90	100	0	0	3.42901103761e-14	560	1551805512.64	4	-2	4	-2
9	"1"	"1"	3	FALSE	0	90	100	0	0	3.42901103761e-14	560	1551805512.68	6	13	6	13
9	"1"	"1"	3	FALSE	0	90	100	0	0	3.42901103761e-14	560	1551805512.71	8	40	8	40
9	"1"	"1"	3	FALSE	0	90	100	0	0	3.42901103761e-14	560	1551805512.74	8	69	8	69
9	"1"	"1"	3	FALSE	0	90	100	0	0	3.42901103761e-14	560	1551805512.78	8	100	8	100
9	"1"	"1"	3	FALSE	0	90	100	0	0	3.42901103761e-14	560	1551805512.81	8	154	8	154
9	"1"	"1"	3	FALSE	0	90	100	0	0	3.42901103761e-14	560	1551805512.84	9	194	9	194
9	"1"	"1"	3	FALSE	0	90	100	0	0	3.42901103761e-14	560	1551805512.88	12	240	12	240
9	"1"	"1"	3	FALSE	0	90	100	0	0	3.42901103761e-14	560	1551805512.91	15	286	15	286
9	"1"	"1"	3	FALSE	0	90	100	0	0	3.42901103761e-14	560	1551805512.94	14	316	14	316
9	"1"	"1"	3	FALSE	0	90	100	0	0	3.42901103761e-14	560	1551805512.98	11	343	11	343
9	"1"	"1"	3	FALSE	0	90	100	0	0	3.42901103761e-14	560	1551805513.01	9	367	9	367
9	"1"	"1"	3	FALSE	0	90	100	0	0	3.42901103761e-14	560	1551805513.04	5	393	5	393
9	"1"	"1"	3	FALSE	0	90	100	0	0	3.42901103761e-14	560	1551805513.08	4	416	4	416
9	"1"	"1"	3	FALSE	0	90	100	0	0	3.42901103761e-14	560	1551805513.11	4	439	4	439
9	"1"	"1"	3	FALSE	0	90	100	0	0	3.42901103761e-14	560	1551805513.14	4	457	4	457
9	"1"	"1"	3	FALSE	0	90	100	0	0	3.42901103761e-14	560	1551805513.18	4	472	4	472
9	"1"	"1"	3	FALSE	0	90	100	0	0	3.42901103761e-14	560	1551805513.21	3	489	3	489
9	"1"	"1"	3	FALSE	0	90	100	0	0	3.42901103761e-14	560	1551805513.24	1	502	1	502
9	"1"	"1"	3	FALSE	0	90	100	0	0	3.42901103761e-14	560	1551805513.28	0	511	0	511
9	"1"	"1"	3	FALSE	0	90	100	0	0	3.42901103761e-14	560	1551805513.31	-2	521	-2	521
9	"1"	"1"	3	FALSE	0	90	100	0	0	3.42901103761e-14	560	1551805513.34	-2	527	-2	527
9	"1"	"1"	3	FALSE	0	90	100	0	0	3.42901103761e-14	560	1551805513.38	-3	532	-3	532
9	"1"	"1"	3	FALSE	0	90	100	0	0	3.42901103761e-14	560	1551805513.41	-3	538	-3	538
9	"1"	"1"	3	FALSE	0	90	100	0	0	3.42901103761e-14	560	1551805513.44	-3	544	-3	544
9	"1"	"1"	3	FALSE	0	90	100	0	0	3.42901103761e-14	560	1551805513.48	-3	548	-3	548
9	"1"	"1"	3	FALSE	0	90	100	0	0	3.42901103761e-14	560	1551805513.51	-3	552	-3	552
9	"1"	"1"	3	FALSE	0	90	100	0	0	3.42901103761e-14	560	1551805513.54	-3	555	-3	555
9	"1"	"1"	4	FALSE	0	45	100	0	0	395.979797464	395.979797464	1551805514.79	1	-5	1	-5
9	"1"	"1"	4	FALSE	0	45	100	0	0	395.979797464	395.979797464	1551805514.81	1	-5	1	-5
9	"1"	"1"	4	FALSE	0	45	100	0	0	395.979797464	395.979797464	1551805514.84	1	-5	1	-5
9	"1"	"1"	4	FALSE	0	45	100	0	0	395.979797464	395.979797464	1551805514.88	0	-3	0	-3
9	"1"	"1"	4	FALSE	0	45	100	0	0	395.979797464	395.979797464	1551805514.91	-1	1	-1	1
9	"1"	"1"	4	FALSE	0	45	100	0	0	395.979797464	395.979797464	1551805514.94	-1	1	-1	1
9	"1"	"1"	4	FALSE	0	45	100	0	0	395.979797464	395.979797464	1551805514.98	-1	1	-1	1
9	"1"	"1"	4	FALSE	0	45	100	0	0	395.979797464	395.979797464	1551805515.01	-1	1	-1	1
9	"1"	"1"	4	FALSE	0	45	100	0	0	395.979797464	395.979797464	1551805515.04	0	0	0	0
9	"1"	"1"	4	FALSE	0	45	100	0	0	395.979797464	395.979797464	1551805515.08	1	-1	1	-1
9	"1"	"1"	4	FALSE	0	45	100	0	0	395.979797464	395.979797464	1551805515.11	4	1	4	1
9	"1"	"1"	4	FALSE	0	45	100	0	0	395.979797464	395.979797464	1551805515.14	19	21	19	21
9	"1"	"1"	4	FALSE	0	45	100	0	0	395.979797464	395.979797464	1551805515.18	47	57	47	57
9	"1"	"1"	4	FALSE	0	45	100	0	0	395.979797464	395.979797464	1551805515.21	75	89	75	89
9	"1"	"1"	4	FALSE	0	45	100	0	0	395.979797464	395.979797464	1551805515.24	112	126	112	126
9	"1"	"1"	4	FALSE	0	45	100	0	0	395.979797464	395.979797464	1551805515.28	150	161	150	161
9	"1"	"1"	4	FALSE	0	45	100	0	0	395.979797464	395.979797464	1551805515.31	184	192	184	192
9	"1"	"1"	4	FALSE	0	45	100	0	0	395.979797464	395.979797464	1551805515.34	211	219	211	219
9	"1"	"1"	4	FALSE	0	45	100	0	0	395.979797464	395.979797464	1551805515.38	239	247	239	247
9	"1"	"1"	4	FALSE	0	45	100	0	0	395.979797464	395.979797464	1551805515.41	265	272	265	272
9	"1"	"1"	4	FALSE	0	45	100	0	0	395.979797464	395.979797464	1551805515.44	287	295	287	295
9	"1"	"1"	4	FALSE	0	45	100	0	0	395.979797464	395.979797464	1551805515.48	312	316	312	316
9	"1"	"1"	4	FALSE	0	45	100	0	0	395.979797464	395.979797464	1551805515.51	335	334	335	334
9	"1"	"1"	4	FALSE	0	45	100	0	0	395.979797464	395.979797464	1551805515.54	355	350	355	350
9	"1"	"1"	4	FALSE	0	45	100	0	0	395.979797464	395.979797464	1551805515.58	369	360	369	360
9	"1"	"1"	4	FALSE	0	45	100	0	0	395.979797464	395.979797464	1551805515.61	377	367	377	367
9	"1"	"1"	4	FALSE	0	45	100	0	0	395.979797464	395.979797464	1551805515.64	385	375	385	375
9	"1"	"1"	4	FALSE	0	45	100	0	0	395.979797464	395.979797464	1551805515.68	391	382	391	382
9	"1"	"1"	4	FALSE	0	45	100	0	0	395.979797464	395.979797464	1551805515.71	397	389	397	389
9	"1"	"1"	4	FALSE	0	45	100	0	0	395.979797464	395.979797464	1551805515.74	404	395	404	395
9	"1"	"1"	4	FALSE	0	45	100	0	0	395.979797464	395.979797464	1551805515.78	409	399	409	399
9	"1"	"1"	4	FALSE	0	45	100	0	0	395.979797464	395.979797464	1551805515.81	410	399	410	399
9	"1"	"1"	4	FALSE	0	45	100	0	0	395.979797464	395.979797464	1551805515.84	411	399	411	399
9	"1"	"1"	4	FALSE	0	45	100	0	0	395.979797464	395.979797464	1551805515.88	411	399	411	399
9	"1"	"1"	4	FALSE	0	45	100	0	0	395.979797464	395.979797464	1551805515.91	411	399	411	399
9	"1"	"1"	4	FALSE	0	45	100	0	0	395.979797464	395.979797464	1551805515.94	411	399	411	399
9	"1"	"1"	4	FALSE	0	45	100	0	0	395.979797464	395.979797464	1551805515.98	411	399	411	399
9	"1"	"1"	4	FALSE	0	45	100	0	0	395.979797464	395.979797464	1551805516.01	410	399	410	399
9	"1"	"1"	4	FALSE	0	45	100	0	0	395.979797464	395.979797464	1551805516.04	404	395	404	395
9	"1"	"1"	4	FALSE	0	45	100	0	0	395.979797464	395.979797464	1551805516.08	400	393	400	393
9	"1"	"1"	5	FALSE	0	90	100	0	0	3.42901103761e-14	560	1551805517.22	-2	3	-2	3
9	"1"	"1"	5	FALSE	0	90	100	0	0	3.42901103761e-14	560	1551805517.25	-2	2	-2	2
9	"1"	"1"	5	FALSE	0	90	100	0	0	3.42901103761e-14	560	1551805517.28	-2	1	-2	1
9	"1"	"1"	5	FALSE	0	90	100	0	0	3.42901103761e-14	560	1551805517.31	-2	1	-2	1
9	"1"	"1"	5	FALSE	0	90	100	0	0	3.42901103761e-14	560	1551805517.35	-2	1	-2	1
9	"1"	"1"	5	FALSE	0	90	100	0	0	3.42901103761e-14	560	1551805517.38	-2	1	-2	1
9	"1"	"1"	5	FALSE	0	90	100	0	0	3.42901103761e-14	560	1551805517.41	-2	1	-2	1
9	"1"	"1"	5	FALSE	0	90	100	0	0	3.42901103761e-14	560	1551805517.45	-2	1	-2	1
9	"1"	"1"	5	FALSE	0	90	100	0	0	3.42901103761e-14	560	1551805517.48	-2	1	-2	1
9	"1"	"1"	5	FALSE	0	90	100	0	0	3.42901103761e-14	560	1551805517.51	-3	7	-3	7
9	"1"	"1"	5	FALSE	0	90	100	0	0	3.42901103761e-14	560	1551805517.55	-2	30	-2	30
9	"1"	"1"	5	FALSE	0	90	100	0	0	3.42901103761e-14	560	1551805517.58	-1	70	-1	70
9	"1"	"1"	5	FALSE	0	90	100	0	0	3.42901103761e-14	560	1551805517.61	1	120	1	120
9	"1"	"1"	5	FALSE	0	90	100	0	0	3.42901103761e-14	560	1551805517.65	2	165	2	165
9	"1"	"1"	5	FALSE	0	90	100	0	0	3.42901103761e-14	560	1551805517.68	5	218	5	218
9	"1"	"1"	5	FALSE	0	90	100	0	0	3.42901103761e-14	560	1551805517.71	11	275	11	275
9	"1"	"1"	5	FALSE	0	90	100	0	0	3.42901103761e-14	560	1551805517.75	14	315	14	315
9	"1"	"1"	5	FALSE	0	90	100	0	0	3.42901103761e-14	560	1551805517.78	14	354	14	354
9	"1"	"1"	5	FALSE	0	90	100	0	0	3.42901103761e-14	560	1551805517.81	14	391	14	391
9	"1"	"1"	5	FALSE	0	90	100	0	0	3.42901103761e-14	560	1551805517.85	11	423	11	423
9	"1"	"1"	5	FALSE	0	90	100	0	0	3.42901103761e-14	560	1551805517.88	11	448	11	448
9	"1"	"1"	5	FALSE	0	90	100	0	0	3.42901103761e-14	560	1551805517.91	13	469	13	469
9	"1"	"1"	5	FALSE	0	90	100	0	0	3.42901103761e-14	560	1551805517.95	11	482	11	482
9	"1"	"1"	5	FALSE	0	90	100	0	0	3.42901103761e-14	560	1551805517.98	10	491	10	491
9	"1"	"1"	5	FALSE	0	90	100	0	0	3.42901103761e-14	560	1551805518.01	9	502	9	502
9	"1"	"1"	5	FALSE	0	90	100	0	0	3.42901103761e-14	560	1551805518.05	7	511	7	511
9	"1"	"1"	5	FALSE	0	90	100	0	0	3.42901103761e-14	560	1551805518.08	7	520	7	520
9	"1"	"1"	5	FALSE	0	90	100	0	0	3.42901103761e-14	560	1551805518.11	4	529	4	529
9	"1"	"1"	5	FALSE	0	90	100	0	0	3.42901103761e-14	560	1551805518.15	0	538	0	538
9	"1"	"1"	5	FALSE	0	90	100	0	0	3.42901103761e-14	560	1551805518.18	-3	546	-3	546
9	"1"	"1"	5	FALSE	0	90	100	0	0	3.42901103761e-14	560	1551805518.21	-5	552	-5	552
9	"1"	"1"	5	FALSE	0	90	100	0	0	3.42901103761e-14	560	1551805518.25	-6	556	-6	556
9	"1"	"1"	6	FALSE	0	135	100	0	0	-395.979797464	395.979797464	1551805519.46	0	-6	0	-6
9	"1"	"1"	6	FALSE	0	135	100	0	0	-395.979797464	395.979797464	1551805519.48	0	-6	0	-6
9	"1"	"1"	6	FALSE	0	135	100	0	0	-395.979797464	395.979797464	1551805519.51	0	-6	0	-6
9	"1"	"1"	6	FALSE	0	135	100	0	0	-395.979797464	395.979797464	1551805519.55	0	-6	0	-6
9	"1"	"1"	6	FALSE	0	135	100	0	0	-395.979797464	395.979797464	1551805519.58	0	-6	0	-6
9	"1"	"1"	6	FALSE	0	135	100	0	0	-395.979797464	395.979797464	1551805519.61	0	-6	0	-6
9	"1"	"1"	6	FALSE	0	135	100	0	0	-395.979797464	395.979797464	1551805519.65	0	-6	0	-6
9	"1"	"1"	6	FALSE	0	135	100	0	0	-395.979797464	395.979797464	1551805519.68	0	-6	0	-6
9	"1"	"1"	6	FALSE	0	135	100	0	0	-395.979797464	395.979797464	1551805519.71	0	-2	0	-2
9	"1"	"1"	6	FALSE	0	135	100	0	0	-395.979797464	395.979797464	1551805519.75	-2	8	-2	8
9	"1"	"1"	6	FALSE	0	135	100	0	0	-395.979797464	395.979797464	1551805519.78	-11	30	-11	30
9	"1"	"1"	6	FALSE	0	135	100	0	0	-395.979797464	395.979797464	1551805519.81	-32	55	-32	55
9	"1"	"1"	6	FALSE	0	135	100	0	0	-395.979797464	395.979797464	1551805519.85	-67	86	-67	86
9	"1"	"1"	6	FALSE	0	135	100	0	0	-395.979797464	395.979797464	1551805519.88	-105	119	-105	119
9	"1"	"1"	6	FALSE	0	135	100	0	0	-395.979797464	395.979797464	1551805519.91	-133	144	-133	144
9	"1"	"1"	6	FALSE	0	135	100	0	0	-395.979797464	395.979797464	1551805519.95	-161	176	-161	176
9	"1"	"1"	6	FALSE	0	135	100	0	0	-395.979797464	395.979797464	1551805519.98	-187	207	-187	207
9	"1"	"1"	6	FALSE	0	135	100	0	0	-395.979797464	395.979797464	1551805520.01	-209	229	-209	229
9	"1"	"1"	6	FALSE	0	135	100	0	0	-395.979797464	395.979797464	1551805520.05	-234	260	-234	260
9	"1"	"1"	6	FALSE	0	135	100	0	0	-395.979797464	395.979797464	1551805520.08	-254	281	-254	281
9	"1"	"1"	6	FALSE	0	135	100	0	0	-395.979797464	395.979797464	1551805520.11	-279	305	-279	305
9	"1"	"1"	6	FALSE	0	135	100	0	0	-395.979797464	395.979797464	1551805520.15	-301	323	-301	323
9	"1"	"1"	6	FALSE	0	135	100	0	0	-395.979797464	395.979797464	1551805520.18	-315	335	-315	335
9	"1"	"1"	6	FALSE	0	135	100	0	0	-395.979797464	395.979797464	1551805520.21	-329	350	-329	350
9	"1"	"1"	6	FALSE	0	135	100	0	0	-395.979797464	395.979797464	1551805520.25	-337	360	-337	360
9	"1"	"1"	6	FALSE	0	135	100	0	0	-395.979797464	395.979797464	1551805520.28	-345	367	-345	367
9	"1"	"1"	6	FALSE	0	135	100	0	0	-395.979797464	395.979797464	1551805520.31	-351	372	-351	372
9	"1"	"1"	6	FALSE	0	135	100	0	0	-395.979797464	395.979797464	1551805520.35	-357	377	-357	377
9	"1"	"1"	6	FALSE	0	135	100	0	0	-395.979797464	395.979797464	1551805520.38	-366	382	-366	382
9	"1"	"1"	6	FALSE	0	135	100	0	0	-395.979797464	395.979797464	1551805520.41	-373	387	-373	387
9	"1"	"1"	6	FALSE	0	135	100	0	0	-395.979797464	395.979797464	1551805520.45	-379	390	-379	390
9	"1"	"1"	6	FALSE	0	135	100	0	0	-395.979797464	395.979797464	1551805520.48	-384	390	-384	390
9	"1"	"1"	6	FALSE	0	135	100	0	0	-395.979797464	395.979797464	1551805520.51	-389	390	-389	390
9	"1"	"1"	6	FALSE	0	135	100	0	0	-395.979797464	395.979797464	1551805520.55	-392	390	-392	390
9	"1"	"1"	6	FALSE	0	135	100	0	0	-395.979797464	395.979797464	1551805520.58	-396	389	-396	389
9	"1"	"1"	6	FALSE	0	135	100	0	0	-395.979797464	395.979797464	1551805520.62	-400	390	-400	390
9	"1"	"1"	6	FALSE	0	135	100	0	0	-395.979797464	395.979797464	1551805520.65	-402	390	-402	390
9	"1"	"1"	6	FALSE	0	135	100	0	0	-395.979797464	395.979797464	1551805520.68	-404	391	-404	391
9	"1"	"1"	7	FALSE	0	135	100	0	0	-395.979797464	395.979797464	1551805521.8	10	-2	10	-2
9	"1"	"1"	7	FALSE	0	135	100	0	0	-395.979797464	395.979797464	1551805521.82	10	-2	10	-2
9	"1"	"1"	7	FALSE	0	135	100	0	0	-395.979797464	395.979797464	1551805521.85	10	-2	10	-2
9	"1"	"1"	7	FALSE	0	135	100	0	0	-395.979797464	395.979797464	1551805521.88	10	-2	10	-2
9	"1"	"1"	7	FALSE	0	135	100	0	0	-395.979797464	395.979797464	1551805521.92	10	-2	10	-2
9	"1"	"1"	7	FALSE	0	135	100	0	0	-395.979797464	395.979797464	1551805521.95	10	-2	10	-2
9	"1"	"1"	7	FALSE	0	135	100	0	0	-395.979797464	395.979797464	1551805521.98	10	-2	10	-2
9	"1"	"1"	7	FALSE	0	135	100	0	0	-395.979797464	395.979797464	1551805522.02	10	-2	10	-2
9	"1"	"1"	7	FALSE	0	135	100	0	0	-395.979797464	395.979797464	1551805522.05	10	-2	10	-2
9	"1"	"1"	7	FALSE	0	135	100	0	0	-395.979797464	395.979797464	1551805522.08	2	7	2	7
9	"1"	"1"	7	FALSE	0	135	100	0	0	-395.979797464	395.979797464	1551805522.12	-17	35	-17	35
9	"1"	"1"	7	FALSE	0	135	100	0	0	-395.979797464	395.979797464	1551805522.15	-45	79	-45	79
9	"1"	"1"	7	FALSE	0	135	100	0	0	-395.979797464	395.979797464	1551805522.18	-88	121	-88	121
9	"1"	"1"	7	FALSE	0	135	100	0	0	-395.979797464	395.979797464	1551805522.22	-127	146	-127	146
9	"1"	"1"	7	FALSE	0	135	100	0	0	-395.979797464	395.979797464	1551805522.25	-163	173	-163	173
9	"1"	"1"	7	FALSE	0	135	100	0	0	-395.979797464	395.979797464	1551805522.28	-194	201	-194	201
9	"1"	"1"	7	FALSE	0	135	100	0	0	-395.979797464	395.979797464	1551805522.32	-221	226	-221	226
9	"1"	"1"	7	FALSE	0	135	100	0	0	-395.979797464	395.979797464	1551805522.35	-243	241	-243	241
9	"1"	"1"	7	FALSE	0	135	100	0	0	-395.979797464	395.979797464	1551805522.38	-267	256	-267	256
9	"1"	"1"	7	FALSE	0	135	100	0	0	-395.979797464	395.979797464	1551805522.42	-291	273	-291	273
9	"1"	"1"	7	FALSE	0	135	100	0	0	-395.979797464	395.979797464	1551805522.45	-311	286	-311	286
9	"1"	"1"	7	FALSE	0	135	100	0	0	-395.979797464	395.979797464	1551805522.48	-332	304	-332	304
9	"1"	"1"	7	FALSE	0	135	100	0	0	-395.979797464	395.979797464	1551805522.52	-347	319	-347	319
9	"1"	"1"	7	FALSE	0	135	100	0	0	-395.979797464	395.979797464	1551805522.55	-362	339	-362	339
9	"1"	"1"	7	FALSE	0	135	100	0	0	-395.979797464	395.979797464	1551805522.58	-373	359	-373	359
9	"1"	"1"	7	FALSE	0	135	100	0	0	-395.979797464	395.979797464	1551805522.62	-381	373	-381	373
9	"1"	"1"	7	FALSE	0	135	100	0	0	-395.979797464	395.979797464	1551805522.65	-392	385	-392	385
9	"1"	"1"	7	FALSE	0	135	100	0	0	-395.979797464	395.979797464	1551805522.68	-399	394	-399	394
9	"1"	"1"	7	FALSE	0	135	100	0	0	-395.979797464	395.979797464	1551805522.72	-403	402	-403	402
9	"1"	"1"	7	FALSE	0	135	100	0	0	-395.979797464	395.979797464	1551805522.75	-405	407	-405	407
9	"1"	"1"	7	FALSE	0	135	100	0	0	-395.979797464	395.979797464	1551805522.78	-405	408	-405	408
9	"1"	"1"	7	FALSE	0	135	100	0	0	-395.979797464	395.979797464	1551805522.82	-405	408	-405	408
9	"1"	"1"	7	FALSE	0	135	100	0	0	-395.979797464	395.979797464	1551805522.85	-405	408	-405	408
9	"1"	"1"	7	FALSE	0	135	100	0	0	-395.979797464	395.979797464	1551805522.88	-405	408	-405	408
9	"1"	"1"	7	FALSE	0	135	100	0	0	-395.979797464	395.979797464	1551805522.92	-405	408	-405	408
9	"1"	"1"	7	FALSE	0	135	100	0	0	-395.979797464	395.979797464	1551805522.95	-405	408	-405	408
9	"1"	"1"	7	FALSE	0	135	100	0	0	-395.979797464	395.979797464	1551805522.98	-404	407	-404	407
9	"1"	"1"	7	FALSE	0	135	100	0	0	-395.979797464	395.979797464	1551805523.02	-402	405	-402	405
9	"1"	"1"	7	FALSE	0	135	100	0	0	-395.979797464	395.979797464	1551805523.05	-401	404	-401	404
9	"1"	"1"	8	FALSE	0	90	100	0	0	3.42901103761e-14	560	1551805524.7	6	-6	6	-6
9	"1"	"1"	8	FALSE	0	90	100	0	0	3.42901103761e-14	560	1551805524.72	5	-6	5	-6
9	"1"	"1"	8	FALSE	0	90	100	0	0	3.42901103761e-14	560	1551805524.75	4	-6	4	-6
9	"1"	"1"	8	FALSE	0	90	100	0	0	3.42901103761e-14	560	1551805524.78	4	-6	4	-6
9	"1"	"1"	8	FALSE	0	90	100	0	0	3.42901103761e-14	560	1551805524.82	4	-6	4	-6
9	"1"	"1"	8	FALSE	0	90	100	0	0	3.42901103761e-14	560	1551805524.85	4	-6	4	-6
9	"1"	"1"	8	FALSE	0	90	100	0	0	3.42901103761e-14	560	1551805524.88	4	-6	4	-6
9	"1"	"1"	8	FALSE	0	90	100	0	0	3.42901103761e-14	560	1551805524.92	4	-6	4	-6
9	"1"	"1"	8	FALSE	0	90	100	0	0	3.42901103761e-14	560	1551805524.95	4	-6	4	-6
9	"1"	"1"	8	FALSE	0	90	100	0	0	3.42901103761e-14	560	1551805524.99	4	-6	4	-6
9	"1"	"1"	8	FALSE	0	90	100	0	0	3.42901103761e-14	560	1551805525.02	4	-5	4	-5
9	"1"	"1"	8	FALSE	0	90	100	0	0	3.42901103761e-14	560	1551805525.05	0	7	0	7
9	"1"	"1"	8	FALSE	0	90	100	0	0	3.42901103761e-14	560	1551805525.09	-7	47	-7	47
9	"1"	"1"	8	FALSE	0	90	100	0	0	3.42901103761e-14	560	1551805525.12	-14	91	-14	91
9	"1"	"1"	8	FALSE	0	90	100	0	0	3.42901103761e-14	560	1551805525.15	-18	151	-18	151
9	"1"	"1"	8	FALSE	0	90	100	0	0	3.42901103761e-14	560	1551805525.19	-15	205	-15	205
9	"1"	"1"	8	FALSE	0	90	100	0	0	3.42901103761e-14	560	1551805525.22	-5	253	-5	253
9	"1"	"1"	8	FALSE	0	90	100	0	0	3.42901103761e-14	560	1551805525.25	9	313	9	313
9	"1"	"1"	8	FALSE	0	90	100	0	0	3.42901103761e-14	560	1551805525.29	14	352	14	352
9	"1"	"1"	8	FALSE	0	90	100	0	0	3.42901103761e-14	560	1551805525.32	18	386	18	386
9	"1"	"1"	8	FALSE	0	90	100	0	0	3.42901103761e-14	560	1551805525.35	20	414	20	414
9	"1"	"1"	8	FALSE	0	90	100	0	0	3.42901103761e-14	560	1551805525.39	20	437	20	437
9	"1"	"1"	8	FALSE	0	90	100	0	0	3.42901103761e-14	560	1551805525.42	19	448	19	448
9	"1"	"1"	8	FALSE	0	90	100	0	0	3.42901103761e-14	560	1551805525.45	18	455	18	455
9	"1"	"1"	8	FALSE	0	90	100	0	0	3.42901103761e-14	560	1551805525.49	16	465	16	465
9	"1"	"1"	8	FALSE	0	90	100	0	0	3.42901103761e-14	560	1551805525.52	14	474	14	474
9	"1"	"1"	8	FALSE	0	90	100	0	0	3.42901103761e-14	560	1551805525.55	12	485	12	485
9	"1"	"1"	8	FALSE	0	90	100	0	0	3.42901103761e-14	560	1551805525.59	9	501	9	501
9	"1"	"1"	8	FALSE	0	90	100	0	0	3.42901103761e-14	560	1551805525.62	8	513	8	513
9	"1"	"1"	8	FALSE	0	90	100	0	0	3.42901103761e-14	560	1551805525.65	8	524	8	524
9	"1"	"1"	8	FALSE	0	90	100	0	0	3.42901103761e-14	560	1551805525.69	7	533	7	533
9	"1"	"1"	8	FALSE	0	90	100	0	0	3.42901103761e-14	560	1551805525.72	7	544	7	544
9	"1"	"1"	8	FALSE	0	90	100	0	0	3.42901103761e-14	560	1551805525.75	6	550	6	550
9	"1"	"1"	8	FALSE	0	90	100	0	0	3.42901103761e-14	560	1551805525.79	5	556	5	556
9	"1"	"1"	8	FALSE	0	90	100	0	0	3.42901103761e-14	560	1551805525.82	4	562	4	562
9	"1"	"1"	8	FALSE	0	90	100	0	0	3.42901103761e-14	560	1551805525.85	4	564	4	564
9	"1"	"1"	8	FALSE	0	90	100	0	0	3.42901103761e-14	560	1551805525.89	3	567	3	567
9	"1"	"1"	8	FALSE	0	90	100	0	0	3.42901103761e-14	560	1551805525.92	2	569	2	569
9	"1"	"1"	9	FALSE	0	45	100	0	0	395.979797464	395.979797464	1551805527.11	-5	-8	-5	-8
9	"1"	"1"	9	FALSE	0	45	100	0	0	395.979797464	395.979797464	1551805527.14	-5	-8	-5	-8
9	"1"	"1"	9	FALSE	0	45	100	0	0	395.979797464	395.979797464	1551805527.17	-5	-8	-5	-8
9	"1"	"1"	9	FALSE	0	45	100	0	0	395.979797464	395.979797464	1551805527.2	-5	-8	-5	-8
9	"1"	"1"	9	FALSE	0	45	100	0	0	395.979797464	395.979797464	1551805527.24	-4	-8	-4	-8
9	"1"	"1"	9	FALSE	0	45	100	0	0	395.979797464	395.979797464	1551805527.27	-2	-2	-2	-2
9	"1"	"1"	9	FALSE	0	45	100	0	0	395.979797464	395.979797464	1551805527.3	0	1	0	1
9	"1"	"1"	9	FALSE	0	45	100	0	0	395.979797464	395.979797464	1551805527.34	1	1	1	1
9	"1"	"1"	9	FALSE	0	45	100	0	0	395.979797464	395.979797464	1551805527.37	1	1	1	1
9	"1"	"1"	9	FALSE	0	45	100	0	0	395.979797464	395.979797464	1551805527.4	1	1	1	1
9	"1"	"1"	9	FALSE	0	45	100	0	0	395.979797464	395.979797464	1551805527.44	5	0	5	0
9	"1"	"1"	9	FALSE	0	45	100	0	0	395.979797464	395.979797464	1551805527.47	13	4	13	4
9	"1"	"1"	9	FALSE	0	45	100	0	0	395.979797464	395.979797464	1551805527.5	39	35	39	35
9	"1"	"1"	9	FALSE	0	45	100	0	0	395.979797464	395.979797464	1551805527.54	74	76	74	76
9	"1"	"1"	9	FALSE	0	45	100	0	0	395.979797464	395.979797464	1551805527.57	107	113	107	113
9	"1"	"1"	9	FALSE	0	45	100	0	0	395.979797464	395.979797464	1551805527.6	147	158	147	158
9	"1"	"1"	9	FALSE	0	45	100	0	0	395.979797464	395.979797464	1551805527.64	179	196	179	196
9	"1"	"1"	9	FALSE	0	45	100	0	0	395.979797464	395.979797464	1551805527.67	211	234	211	234
9	"1"	"1"	9	FALSE	0	45	100	0	0	395.979797464	395.979797464	1551805527.7	240	266	240	266
9	"1"	"1"	9	FALSE	0	45	100	0	0	395.979797464	395.979797464	1551805527.74	270	295	270	295
9	"1"	"1"	9	FALSE	0	45	100	0	0	395.979797464	395.979797464	1551805527.77	296	314	296	314
9	"1"	"1"	9	FALSE	0	45	100	0	0	395.979797464	395.979797464	1551805527.8	314	327	314	327
9	"1"	"1"	9	FALSE	0	45	100	0	0	395.979797464	395.979797464	1551805527.84	334	340	334	340
9	"1"	"1"	9	FALSE	0	45	100	0	0	395.979797464	395.979797464	1551805527.87	351	354	351	354
9	"1"	"1"	9	FALSE	0	45	100	0	0	395.979797464	395.979797464	1551805527.9	366	364	366	364
9	"1"	"1"	9	FALSE	0	45	100	0	0	395.979797464	395.979797464	1551805527.94	380	376	380	376
9	"1"	"1"	9	FALSE	0	45	100	0	0	395.979797464	395.979797464	1551805527.97	389	382	389	382
9	"1"	"1"	9	FALSE	0	45	100	0	0	395.979797464	395.979797464	1551805528	400	386	400	386
9	"1"	"1"	9	FALSE	0	45	100	0	0	395.979797464	395.979797464	1551805528.04	404	388	404	388
9	"1"	"1"	9	FALSE	0	45	100	0	0	395.979797464	395.979797464	1551805528.07	405	389	405	389
9	"1"	"1"	9	FALSE	0	45	100	0	0	395.979797464	395.979797464	1551805528.1	407	392	407	392
9	"1"	"1"	9	FALSE	0	45	100	0	0	395.979797464	395.979797464	1551805528.14	408	394	408	394
9	"1"	"1"	10	FALSE	0	45	100	0	0	395.979797464	395.979797464	1551805529.08	10	1	10	1
9	"1"	"1"	10	FALSE	0	45	100	0	0	395.979797464	395.979797464	1551805529.1	9	-1	9	-1
9	"1"	"1"	10	FALSE	0	45	100	0	0	395.979797464	395.979797464	1551805529.14	8	-2	8	-2
9	"1"	"1"	10	FALSE	0	45	100	0	0	395.979797464	395.979797464	1551805529.17	8	-2	8	-2
9	"1"	"1"	10	FALSE	0	45	100	0	0	395.979797464	395.979797464	1551805529.2	8	-2	8	-2
9	"1"	"1"	10	FALSE	0	45	100	0	0	395.979797464	395.979797464	1551805529.24	8	-2	8	-2
9	"1"	"1"	10	FALSE	0	45	100	0	0	395.979797464	395.979797464	1551805529.27	8	-2	8	-2
9	"1"	"1"	10	FALSE	0	45	100	0	0	395.979797464	395.979797464	1551805529.3	7	-1	7	-1
9	"1"	"1"	10	FALSE	0	45	100	0	0	395.979797464	395.979797464	1551805529.34	6	1	6	1
9	"1"	"1"	10	FALSE	0	45	100	0	0	395.979797464	395.979797464	1551805529.37	5	4	5	4
9	"1"	"1"	10	FALSE	0	45	100	0	0	395.979797464	395.979797464	1551805529.41	4	5	4	5
9	"1"	"1"	10	FALSE	0	45	100	0	0	395.979797464	395.979797464	1551805529.44	4	5	4	5
9	"1"	"1"	10	FALSE	0	45	100	0	0	395.979797464	395.979797464	1551805529.47	4	5	4	5
9	"1"	"1"	10	FALSE	0	45	100	0	0	395.979797464	395.979797464	1551805529.51	6	8	6	8
9	"1"	"1"	10	FALSE	0	45	100	0	0	395.979797464	395.979797464	1551805529.54	19	31	19	31
9	"1"	"1"	10	FALSE	0	45	100	0	0	395.979797464	395.979797464	1551805529.57	48	68	48	68
9	"1"	"1"	10	FALSE	0	45	100	0	0	395.979797464	395.979797464	1551805529.61	80	106	80	106
9	"1"	"1"	10	FALSE	0	45	100	0	0	395.979797464	395.979797464	1551805529.64	129	159	129	159
9	"1"	"1"	10	FALSE	0	45	100	0	0	395.979797464	395.979797464	1551805529.67	181	212	181	212
9	"1"	"1"	10	FALSE	0	45	100	0	0	395.979797464	395.979797464	1551805529.71	226	250	226	250
9	"1"	"1"	10	FALSE	0	45	100	0	0	395.979797464	395.979797464	1551805529.74	263	279	263	279
9	"1"	"1"	10	FALSE	0	45	100	0	0	395.979797464	395.979797464	1551805529.77	293	301	293	301
9	"1"	"1"	10	FALSE	0	45	100	0	0	395.979797464	395.979797464	1551805529.81	313	313	313	313
9	"1"	"1"	10	FALSE	0	45	100	0	0	395.979797464	395.979797464	1551805529.84	330	324	330	324
9	"1"	"1"	10	FALSE	0	45	100	0	0	395.979797464	395.979797464	1551805529.87	344	334	344	334
9	"1"	"1"	10	FALSE	0	45	100	0	0	395.979797464	395.979797464	1551805529.91	365	348	365	348
9	"1"	"1"	10	FALSE	0	45	100	0	0	395.979797464	395.979797464	1551805529.94	386	362	386	362
9	"1"	"1"	10	FALSE	0	45	100	0	0	395.979797464	395.979797464	1551805529.97	395	369	395	369
9	"1"	"1"	10	FALSE	0	45	100	0	0	395.979797464	395.979797464	1551805530.01	403	376	403	376
9	"1"	"1"	10	FALSE	0	45	100	0	0	395.979797464	395.979797464	1551805530.04	408	382	408	382
9	"1"	"1"	10	FALSE	0	45	100	0	0	395.979797464	395.979797464	1551805530.07	409	385	409	385
9	"1"	"1"	10	FALSE	0	45	100	0	0	395.979797464	395.979797464	1551805530.11	411	390	411	390
9	"1"	"1"	10	FALSE	0	45	100	0	0	395.979797464	395.979797464	1551805530.14	413	394	413	394
9	"1"	"1"	10	FALSE	0	45	100	0	0	395.979797464	395.979797464	1551805530.17	413	394	413	394
9	"1"	"1"	10	FALSE	0	45	100	0	0	395.979797464	395.979797464	1551805530.21	413	397	413	397
9	"1"	"1"	10	FALSE	0	45	100	0	0	395.979797464	395.979797464	1551805530.24	413	398	413	398
9	"1"	"1"	10	FALSE	0	45	100	0	0	395.979797464	395.979797464	1551805530.27	412	399	412	399
9	"1"	"1"	10	FALSE	0	45	100	0	0	395.979797464	395.979797464	1551805530.31	410	400	410	400
9	"1"	"1"	10	FALSE	0	45	100	0	0	395.979797464	395.979797464	1551805530.34	405	398	405	398
9	"1"	"1"	10	FALSE	0	45	100	0	0	395.979797464	395.979797464	1551805530.37	398	395	398	395
9	"1"	"1"	10	FALSE	0	45	100	0	0	395.979797464	395.979797464	1551805530.41	396	393	396	393
9	"1"	"1"	10	FALSE	0	45	100	0	0	395.979797464	395.979797464	1551805530.44	394	391	394	391
9	"1"	"1"	11	FALSE	0	135	100	0	0	-395.979797464	395.979797464	1551805531.72	-1	6	-1	6
9	"1"	"1"	11	FALSE	0	135	100	0	0	-395.979797464	395.979797464	1551805531.74	1	6	1	6
9	"1"	"1"	11	FALSE	0	135	100	0	0	-395.979797464	395.979797464	1551805531.77	1	6	1	6
9	"1"	"1"	11	FALSE	0	135	100	0	0	-395.979797464	395.979797464	1551805531.81	2	6	2	6
9	"1"	"1"	11	FALSE	0	135	100	0	0	-395.979797464	395.979797464	1551805531.84	2	6	2	6
9	"1"	"1"	11	FALSE	0	135	100	0	0	-395.979797464	395.979797464	1551805531.87	2	2	2	2
9	"1"	"1"	11	FALSE	0	135	100	0	0	-395.979797464	395.979797464	1551805531.91	1	-3	1	-3
9	"1"	"1"	11	FALSE	0	135	100	0	0	-395.979797464	395.979797464	1551805531.94	0	-4	0	-4
9	"1"	"1"	11	FALSE	0	135	100	0	0	-395.979797464	395.979797464	1551805531.97	0	-4	0	-4
9	"1"	"1"	11	FALSE	0	135	100	0	0	-395.979797464	395.979797464	1551805532.01	-1	-2	-1	-2
9	"1"	"1"	11	FALSE	0	135	100	0	0	-395.979797464	395.979797464	1551805532.04	-6	6	-6	6
9	"1"	"1"	11	FALSE	0	135	100	0	0	-395.979797464	395.979797464	1551805532.07	-24	33	-24	33
9	"1"	"1"	11	FALSE	0	135	100	0	0	-395.979797464	395.979797464	1551805532.11	-44	57	-44	57
9	"1"	"1"	11	FALSE	0	135	100	0	0	-395.979797464	395.979797464	1551805532.14	-77	80	-77	80
9	"1"	"1"	11	FALSE	0	135	100	0	0	-395.979797464	395.979797464	1551805532.17	-116	106	-116	106
9	"1"	"1"	11	FALSE	0	135	100	0	0	-395.979797464	395.979797464	1551805532.21	-157	146	-157	146
9	"1"	"1"	11	FALSE	0	135	100	0	0	-395.979797464	395.979797464	1551805532.24	-194	179	-194	179
9	"1"	"1"	11	FALSE	0	135	100	0	0	-395.979797464	395.979797464	1551805532.27	-219	203	-219	203
9	"1"	"1"	11	FALSE	0	135	100	0	0	-395.979797464	395.979797464	1551805532.31	-243	228	-243	228
9	"1"	"1"	11	FALSE	0	135	100	0	0	-395.979797464	395.979797464	1551805532.34	-267	248	-267	248
9	"1"	"1"	11	FALSE	0	135	100	0	0	-395.979797464	395.979797464	1551805532.37	-281	260	-281	260
9	"1"	"1"	11	FALSE	0	135	100	0	0	-395.979797464	395.979797464	1551805532.41	-296	275	-296	275
9	"1"	"1"	11	FALSE	0	135	100	0	0	-395.979797464	395.979797464	1551805532.44	-314	290	-314	290
9	"1"	"1"	11	FALSE	0	135	100	0	0	-395.979797464	395.979797464	1551805532.47	-331	308	-331	308
9	"1"	"1"	11	FALSE	0	135	100	0	0	-395.979797464	395.979797464	1551805532.51	-343	321	-343	321
9	"1"	"1"	11	FALSE	0	135	100	0	0	-395.979797464	395.979797464	1551805532.54	-355	341	-355	341
9	"1"	"1"	11	FALSE	0	135	100	0	0	-395.979797464	395.979797464	1551805532.57	-363	358	-363	358
9	"1"	"1"	11	FALSE	0	135	100	0	0	-395.979797464	395.979797464	1551805532.61	-372	368	-372	368
9	"1"	"1"	11	FALSE	0	135	100	0	0	-395.979797464	395.979797464	1551805532.64	-383	377	-383	377
9	"1"	"1"	11	FALSE	0	135	100	0	0	-395.979797464	395.979797464	1551805532.67	-392	385	-392	385
9	"1"	"1"	11	FALSE	0	135	100	0	0	-395.979797464	395.979797464	1551805532.71	-400	390	-400	390
9	"1"	"1"	11	FALSE	0	135	100	0	0	-395.979797464	395.979797464	1551805532.74	-404	394	-404	394
9	"1"	"1"	11	FALSE	0	135	100	0	0	-395.979797464	395.979797464	1551805532.77	-406	396	-406	396
9	"1"	"1"	12	FALSE	0	90	100	0	0	3.42901103761e-14	560	1551805533.95	5	-11	5	-11
9	"1"	"1"	12	FALSE	0	90	100	0	0	3.42901103761e-14	560	1551805533.98	5	-11	5	-11
9	"1"	"1"	12	FALSE	0	90	100	0	0	3.42901103761e-14	560	1551805534.01	5	-11	5	-11
9	"1"	"1"	12	FALSE	0	90	100	0	0	3.42901103761e-14	560	1551805534.04	5	-11	5	-11
9	"1"	"1"	12	FALSE	0	90	100	0	0	3.42901103761e-14	560	1551805534.08	4	-10	4	-10
9	"1"	"1"	12	FALSE	0	90	100	0	0	3.42901103761e-14	560	1551805534.11	2	-6	2	-6
9	"1"	"1"	12	FALSE	0	90	100	0	0	3.42901103761e-14	560	1551805534.14	2	-5	2	-5
9	"1"	"1"	12	FALSE	0	90	100	0	0	3.42901103761e-14	560	1551805534.18	1	-4	1	-4
9	"1"	"1"	12	FALSE	0	90	100	0	0	3.42901103761e-14	560	1551805534.21	0	-3	0	-3
9	"1"	"1"	12	FALSE	0	90	100	0	0	3.42901103761e-14	560	1551805534.24	0	-3	0	-3
9	"1"	"1"	12	FALSE	0	90	100	0	0	3.42901103761e-14	560	1551805534.28	-1	-1	-1	-1
9	"1"	"1"	12	FALSE	0	90	100	0	0	3.42901103761e-14	560	1551805534.31	-4	14	-4	14
9	"1"	"1"	12	FALSE	0	90	100	0	0	3.42901103761e-14	560	1551805534.34	-10	55	-10	55
9	"1"	"1"	12	FALSE	0	90	100	0	0	3.42901103761e-14	560	1551805534.38	-15	107	-15	107
9	"1"	"1"	12	FALSE	0	90	100	0	0	3.42901103761e-14	560	1551805534.41	-16	158	-16	158
9	"1"	"1"	12	FALSE	0	90	100	0	0	3.42901103761e-14	560	1551805534.44	-12	208	-12	208
9	"1"	"1"	12	FALSE	0	90	100	0	0	3.42901103761e-14	560	1551805534.48	-8	265	-8	265
9	"1"	"1"	12	FALSE	0	90	100	0	0	3.42901103761e-14	560	1551805534.51	-14	309	-14	309
9	"1"	"1"	12	FALSE	0	90	100	0	0	3.42901103761e-14	560	1551805534.54	-20	348	-20	348
9	"1"	"1"	12	FALSE	0	90	100	0	0	3.42901103761e-14	560	1551805534.58	-23	388	-23	388
9	"1"	"1"	12	FALSE	0	90	100	0	0	3.42901103761e-14	560	1551805534.61	-23	424	-23	424
9	"1"	"1"	12	FALSE	0	90	100	0	0	3.42901103761e-14	560	1551805534.64	-16	457	-16	457
9	"1"	"1"	12	FALSE	0	90	100	0	0	3.42901103761e-14	560	1551805534.68	-10	494	-10	494
9	"1"	"1"	12	FALSE	0	90	100	0	0	3.42901103761e-14	560	1551805534.71	-8	514	-8	514
9	"1"	"1"	12	FALSE	0	90	100	0	0	3.42901103761e-14	560	1551805534.74	-4	528	-4	528
9	"1"	"1"	12	FALSE	0	90	100	0	0	3.42901103761e-14	560	1551805534.78	-1	538	-1	538
9	"1"	"1"	12	FALSE	0	90	100	0	0	3.42901103761e-14	560	1551805534.81	0	541	0	541
9	"1"	"1"	12	FALSE	0	90	100	0	0	3.42901103761e-14	560	1551805534.84	2	542	2	542
9	"1"	"1"	12	FALSE	0	90	100	0	0	3.42901103761e-14	560	1551805534.88	2	542	2	542
9	"1"	"1"	12	FALSE	0	90	100	0	0	3.42901103761e-14	560	1551805534.91	2	542	2	542
9	"1"	"1"	12	FALSE	0	90	100	0	0	3.42901103761e-14	560	1551805534.94	2	542	2	542
9	"1"	"1"	12	FALSE	0	90	100	0	0	3.42901103761e-14	560	1551805534.98	2	543	2	543
9	"1"	"1"	12	FALSE	0	90	100	0	0	3.42901103761e-14	560	1551805535.01	1	548	1	548
9	"1"	"1"	12	FALSE	0	90	100	0	0	3.42901103761e-14	560	1551805535.04	0	550	0	550
9	"1"	"1"	12	FALSE	0	90	100	0	0	3.42901103761e-14	560	1551805535.08	-2	553	-2	553
9	"1"	"1"	12	FALSE	0	90	100	0	0	3.42901103761e-14	560	1551805535.11	-3	555	-3	555
9	"1"	"1"	13	FALSE	0	90	100	0	0	3.42901103761e-14	560	1551805536.22	-5	0	-5	0
9	"1"	"1"	13	FALSE	0	90	100	0	0	3.42901103761e-14	560	1551805536.24	-5	0	-5	0
9	"1"	"1"	13	FALSE	0	90	100	0	0	3.42901103761e-14	560	1551805536.28	-4	-1	-4	-1
9	"1"	"1"	13	FALSE	0	90	100	0	0	3.42901103761e-14	560	1551805536.31	-4	-1	-4	-1
9	"1"	"1"	13	FALSE	0	90	100	0	0	3.42901103761e-14	560	1551805536.34	-4	-1	-4	-1
9	"1"	"1"	13	FALSE	0	90	100	0	0	3.42901103761e-14	560	1551805536.38	-4	-1	-4	-1
9	"1"	"1"	13	FALSE	0	90	100	0	0	3.42901103761e-14	560	1551805536.41	-4	-1	-4	-1
9	"1"	"1"	13	FALSE	0	90	100	0	0	3.42901103761e-14	560	1551805536.44	-4	-1	-4	-1
9	"1"	"1"	13	FALSE	0	90	100	0	0	3.42901103761e-14	560	1551805536.48	-4	0	-4	0
9	"1"	"1"	13	FALSE	0	90	100	0	0	3.42901103761e-14	560	1551805536.51	0	10	0	10
9	"1"	"1"	13	FALSE	0	90	100	0	0	3.42901103761e-14	560	1551805536.54	4	50	4	50
9	"1"	"1"	13	FALSE	0	90	100	0	0	3.42901103761e-14	560	1551805536.58	4	102	4	102
9	"1"	"1"	13	FALSE	0	90	100	0	0	3.42901103761e-14	560	1551805536.61	0	179	0	179
9	"1"	"1"	13	FALSE	0	90	100	0	0	3.42901103761e-14	560	1551805536.64	-4	217	-4	217
9	"1"	"1"	13	FALSE	0	90	100	0	0	3.42901103761e-14	560	1551805536.68	-6	260	-6	260
9	"1"	"1"	13	FALSE	0	90	100	0	0	3.42901103761e-14	560	1551805536.71	-5	311	-5	311
9	"1"	"1"	13	FALSE	0	90	100	0	0	3.42901103761e-14	560	1551805536.74	-1	354	-1	354
9	"1"	"1"	13	FALSE	0	90	100	0	0	3.42901103761e-14	560	1551805536.78	3	399	3	399
9	"1"	"1"	13	FALSE	0	90	100	0	0	3.42901103761e-14	560	1551805536.81	5	439	5	439
9	"1"	"1"	13	FALSE	0	90	100	0	0	3.42901103761e-14	560	1551805536.84	6	471	6	471
9	"1"	"1"	13	FALSE	0	90	100	0	0	3.42901103761e-14	560	1551805536.88	5	502	5	502
9	"1"	"1"	13	FALSE	0	90	100	0	0	3.42901103761e-14	560	1551805536.91	4	530	4	530
9	"1"	"1"	13	FALSE	0	90	100	0	0	3.42901103761e-14	560	1551805536.94	3	550	3	550
9	"1"	"1"	13	FALSE	0	90	100	0	0	3.42901103761e-14	560	1551805536.98	1	558	1	558
9	"1"	"1"	13	FALSE	0	90	100	0	0	3.42901103761e-14	560	1551805537.01	0	563	0	563
9	"1"	"1"	14	FALSE	0	135	100	0	0	-395.979797464	395.979797464	1551805538.75	-3	-5	-3	-5
9	"1"	"1"	14	FALSE	0	135	100	0	0	-395.979797464	395.979797464	1551805538.78	-3	-5	-3	-5
9	"1"	"1"	14	FALSE	0	135	100	0	0	-395.979797464	395.979797464	1551805538.81	-1	-5	-1	-5
9	"1"	"1"	14	FALSE	0	135	100	0	0	-395.979797464	395.979797464	1551805538.85	2	-5	2	-5
9	"1"	"1"	14	FALSE	0	135	100	0	0	-395.979797464	395.979797464	1551805538.88	4	-4	4	-4
9	"1"	"1"	14	FALSE	0	135	100	0	0	-395.979797464	395.979797464	1551805538.91	5	-4	5	-4
9	"1"	"1"	14	FALSE	0	135	100	0	0	-395.979797464	395.979797464	1551805538.95	5	-4	5	-4
9	"1"	"1"	14	FALSE	0	135	100	0	0	-395.979797464	395.979797464	1551805538.98	5	-4	5	-4
9	"1"	"1"	14	FALSE	0	135	100	0	0	-395.979797464	395.979797464	1551805539.01	5	-4	5	-4
9	"1"	"1"	14	FALSE	0	135	100	0	0	-395.979797464	395.979797464	1551805539.05	5	-4	5	-4
9	"1"	"1"	14	FALSE	0	135	100	0	0	-395.979797464	395.979797464	1551805539.08	5	-3	5	-3
9	"1"	"1"	14	FALSE	0	135	100	0	0	-395.979797464	395.979797464	1551805539.11	1	1	1	1
9	"1"	"1"	14	FALSE	0	135	100	0	0	-395.979797464	395.979797464	1551805539.15	-20	33	-20	33
9	"1"	"1"	14	FALSE	0	135	100	0	0	-395.979797464	395.979797464	1551805539.18	-46	72	-46	72
9	"1"	"1"	14	FALSE	0	135	100	0	0	-395.979797464	395.979797464	1551805539.21	-84	107	-84	107
9	"1"	"1"	14	FALSE	0	135	100	0	0	-395.979797464	395.979797464	1551805539.25	-120	124	-120	124
9	"1"	"1"	14	FALSE	0	135	100	0	0	-395.979797464	395.979797464	1551805539.28	-159	139	-159	139
9	"1"	"1"	14	FALSE	0	135	100	0	0	-395.979797464	395.979797464	1551805539.31	-195	164	-195	164
9	"1"	"1"	14	FALSE	0	135	100	0	0	-395.979797464	395.979797464	1551805539.35	-221	188	-221	188
9	"1"	"1"	14	FALSE	0	135	100	0	0	-395.979797464	395.979797464	1551805539.38	-246	214	-246	214
9	"1"	"1"	14	FALSE	0	135	100	0	0	-395.979797464	395.979797464	1551805539.41	-270	238	-270	238
9	"1"	"1"	14	FALSE	0	135	100	0	0	-395.979797464	395.979797464	1551805539.45	-294	256	-294	256
9	"1"	"1"	14	FALSE	0	135	100	0	0	-395.979797464	395.979797464	1551805539.48	-309	272	-309	272
9	"1"	"1"	14	FALSE	0	135	100	0	0	-395.979797464	395.979797464	1551805539.51	-320	287	-320	287
9	"1"	"1"	14	FALSE	0	135	100	0	0	-395.979797464	395.979797464	1551805539.55	-330	311	-330	311
9	"1"	"1"	14	FALSE	0	135	100	0	0	-395.979797464	395.979797464	1551805539.58	-331	328	-331	328
9	"1"	"1"	14	FALSE	0	135	100	0	0	-395.979797464	395.979797464	1551805539.61	-332	339	-332	339
9	"1"	"1"	14	FALSE	0	135	100	0	0	-395.979797464	395.979797464	1551805539.65	-336	351	-336	351
9	"1"	"1"	14	FALSE	0	135	100	0	0	-395.979797464	395.979797464	1551805539.68	-340	363	-340	363
9	"1"	"1"	14	FALSE	0	135	100	0	0	-395.979797464	395.979797464	1551805539.71	-347	373	-347	373
9	"1"	"1"	14	FALSE	0	135	100	0	0	-395.979797464	395.979797464	1551805539.75	-353	379	-353	379
9	"1"	"1"	14	FALSE	0	135	100	0	0	-395.979797464	395.979797464	1551805539.78	-361	386	-361	386
9	"1"	"1"	14	FALSE	0	135	100	0	0	-395.979797464	395.979797464	1551805539.81	-370	392	-370	392
9	"1"	"1"	14	FALSE	0	135	100	0	0	-395.979797464	395.979797464	1551805539.85	-379	395	-379	395
9	"1"	"1"	14	FALSE	0	135	100	0	0	-395.979797464	395.979797464	1551805539.88	-388	397	-388	397
9	"1"	"1"	14	FALSE	0	135	100	0	0	-395.979797464	395.979797464	1551805539.91	-394	398	-394	398
9	"1"	"1"	14	FALSE	0	135	100	0	0	-395.979797464	395.979797464	1551805539.95	-400	398	-400	398
9	"1"	"1"	14	FALSE	0	135	100	0	0	-395.979797464	395.979797464	1551805539.98	-405	398	-405	398
9	"1"	"1"	15	FALSE	0	45	100	0	0	395.979797464	395.979797464	1551805541.13	-6	-4	-6	-4
9	"1"	"1"	15	FALSE	0	45	100	0	0	395.979797464	395.979797464	1551805541.15	-5	-4	-5	-4
9	"1"	"1"	15	FALSE	0	45	100	0	0	395.979797464	395.979797464	1551805541.18	-3	-5	-3	-5
9	"1"	"1"	15	FALSE	0	45	100	0	0	395.979797464	395.979797464	1551805541.21	1	-6	1	-6
9	"1"	"1"	15	FALSE	0	45	100	0	0	395.979797464	395.979797464	1551805541.25	4	-7	4	-7
9	"1"	"1"	15	FALSE	0	45	100	0	0	395.979797464	395.979797464	1551805541.28	4	-7	4	-7
9	"1"	"1"	15	FALSE	0	45	100	0	0	395.979797464	395.979797464	1551805541.31	4	-7	4	-7
9	"1"	"1"	15	FALSE	0	45	100	0	0	395.979797464	395.979797464	1551805541.35	4	-7	4	-7
9	"1"	"1"	15	FALSE	0	45	100	0	0	395.979797464	395.979797464	1551805541.38	4	-7	4	-7
9	"1"	"1"	15	FALSE	0	45	100	0	0	395.979797464	395.979797464	1551805541.41	4	-7	4	-7
9	"1"	"1"	15	FALSE	0	45	100	0	0	395.979797464	395.979797464	1551805541.45	5	-4	5	-4
9	"1"	"1"	15	FALSE	0	45	100	0	0	395.979797464	395.979797464	1551805541.48	13	12	13	12
9	"1"	"1"	15	FALSE	0	45	100	0	0	395.979797464	395.979797464	1551805541.51	41	49	41	49
9	"1"	"1"	15	FALSE	0	45	100	0	0	395.979797464	395.979797464	1551805541.55	76	85	76	85
9	"1"	"1"	15	FALSE	0	45	100	0	0	395.979797464	395.979797464	1551805541.58	133	140	133	140
9	"1"	"1"	15	FALSE	0	45	100	0	0	395.979797464	395.979797464	1551805541.61	194	192	194	192
9	"1"	"1"	15	FALSE	0	45	100	0	0	395.979797464	395.979797464	1551805541.65	242	238	242	238
9	"1"	"1"	15	FALSE	0	45	100	0	0	395.979797464	395.979797464	1551805541.68	273	272	273	272
9	"1"	"1"	15	FALSE	0	45	100	0	0	395.979797464	395.979797464	1551805541.71	294	295	294	295
9	"1"	"1"	15	FALSE	0	45	100	0	0	395.979797464	395.979797464	1551805541.75	303	306	303	306
9	"1"	"1"	15	FALSE	0	45	100	0	0	395.979797464	395.979797464	1551805541.78	310	314	310	314
9	"1"	"1"	15	FALSE	0	45	100	0	0	395.979797464	395.979797464	1551805541.81	316	327	316	327
9	"1"	"1"	15	FALSE	0	45	100	0	0	395.979797464	395.979797464	1551805541.85	323	340	323	340
9	"1"	"1"	15	FALSE	0	45	100	0	0	395.979797464	395.979797464	1551805541.88	333	351	333	351
9	"1"	"1"	15	FALSE	0	45	100	0	0	395.979797464	395.979797464	1551805541.91	349	366	349	366
9	"1"	"1"	15	FALSE	0	45	100	0	0	395.979797464	395.979797464	1551805541.95	364	379	364	379
9	"1"	"1"	15	FALSE	0	45	100	0	0	395.979797464	395.979797464	1551805541.98	379	389	379	389
9	"1"	"1"	15	FALSE	0	45	100	0	0	395.979797464	395.979797464	1551805542.01	393	398	393	398
9	"1"	"1"	15	FALSE	0	45	100	0	0	395.979797464	395.979797464	1551805542.05	403	405	403	405
9	"1"	"1"	15	FALSE	0	45	100	0	0	395.979797464	395.979797464	1551805542.08	410	408	410	408
9	"1"	"1"	15	FALSE	0	45	100	0	0	395.979797464	395.979797464	1551805542.11	411	408	411	408
9	"1"	"1"	15	FALSE	0	45	100	0	0	395.979797464	395.979797464	1551805542.15	412	409	412	409
9	"1"	"1"	15	FALSE	0	45	100	0	0	395.979797464	395.979797464	1551805542.18	412	409	412	409
9	"1"	"1"	15	FALSE	0	45	100	0	0	395.979797464	395.979797464	1551805542.21	412	409	412	409
9	"1"	"1"	15	FALSE	0	45	100	0	0	395.979797464	395.979797464	1551805542.25	412	409	412	409
9	"1"	"1"	15	FALSE	0	45	100	0	0	395.979797464	395.979797464	1551805542.28	410	407	410	407
9	"1"	"1"	15	FALSE	0	45	100	0	0	395.979797464	395.979797464	1551805542.32	403	398	403	398
9	"1"	"1"	15	FALSE	0	45	100	0	0	395.979797464	395.979797464	1551805542.35	396	390	396	390
9	"1"	"1"	15	FALSE	0	45	100	0	0	395.979797464	395.979797464	1551805542.38	391	387	391	387
9	"1"	"1"	16	FALSE	0	135	100	0	0	-395.979797464	395.979797464	1551805543.26	3	-3	3	-3
9	"1"	"1"	16	FALSE	0	135	100	0	0	-395.979797464	395.979797464	1551805543.28	6	-2	6	-2
9	"1"	"1"	16	FALSE	0	135	100	0	0	-395.979797464	395.979797464	1551805543.32	11	1	11	1
9	"1"	"1"	16	FALSE	0	135	100	0	0	-395.979797464	395.979797464	1551805543.35	14	4	14	4
9	"1"	"1"	16	FALSE	0	135	100	0	0	-395.979797464	395.979797464	1551805543.38	14	5	14	5
9	"1"	"1"	16	FALSE	0	135	100	0	0	-395.979797464	395.979797464	1551805543.42	14	5	14	5
9	"1"	"1"	16	FALSE	0	135	100	0	0	-395.979797464	395.979797464	1551805543.45	14	5	14	5
9	"1"	"1"	16	FALSE	0	135	100	0	0	-395.979797464	395.979797464	1551805543.48	12	4	12	4
9	"1"	"1"	16	FALSE	0	135	100	0	0	-395.979797464	395.979797464	1551805543.52	6	1	6	1
9	"1"	"1"	16	FALSE	0	135	100	0	0	-395.979797464	395.979797464	1551805543.55	3	1	3	1
9	"1"	"1"	16	FALSE	0	135	100	0	0	-395.979797464	395.979797464	1551805543.58	2	2	2	2
9	"1"	"1"	16	FALSE	0	135	100	0	0	-395.979797464	395.979797464	1551805543.62	-2	4	-2	4
9	"1"	"1"	16	FALSE	0	135	100	0	0	-395.979797464	395.979797464	1551805543.65	-14	11	-14	11
9	"1"	"1"	16	FALSE	0	135	100	0	0	-395.979797464	395.979797464	1551805543.68	-45	38	-45	38
9	"1"	"1"	16	FALSE	0	135	100	0	0	-395.979797464	395.979797464	1551805543.72	-76	62	-76	62
9	"1"	"1"	16	FALSE	0	135	100	0	0	-395.979797464	395.979797464	1551805543.75	-119	88	-119	88
9	"1"	"1"	16	FALSE	0	135	100	0	0	-395.979797464	395.979797464	1551805543.78	-166	118	-166	118
9	"1"	"1"	16	FALSE	0	135	100	0	0	-395.979797464	395.979797464	1551805543.82	-201	153	-201	153
9	"1"	"1"	16	FALSE	0	135	100	0	0	-395.979797464	395.979797464	1551805543.85	-230	195	-230	195
9	"1"	"1"	16	FALSE	0	135	100	0	0	-395.979797464	395.979797464	1551805543.88	-246	241	-246	241
9	"1"	"1"	16	FALSE	0	135	100	0	0	-395.979797464	395.979797464	1551805543.92	-261	280	-261	280
9	"1"	"1"	16	FALSE	0	135	100	0	0	-395.979797464	395.979797464	1551805543.95	-276	313	-276	313
9	"1"	"1"	16	FALSE	0	135	100	0	0	-395.979797464	395.979797464	1551805543.98	-290	336	-290	336
9	"1"	"1"	16	FALSE	0	135	100	0	0	-395.979797464	395.979797464	1551805544.02	-306	354	-306	354
9	"1"	"1"	16	FALSE	0	135	100	0	0	-395.979797464	395.979797464	1551805544.05	-322	369	-322	369
9	"1"	"1"	16	FALSE	0	135	100	0	0	-395.979797464	395.979797464	1551805544.08	-336	379	-336	379
9	"1"	"1"	16	FALSE	0	135	100	0	0	-395.979797464	395.979797464	1551805544.12	-350	390	-350	390
9	"1"	"1"	16	FALSE	0	135	100	0	0	-395.979797464	395.979797464	1551805544.15	-358	398	-358	398
9	"1"	"1"	16	FALSE	0	135	100	0	0	-395.979797464	395.979797464	1551805544.18	-367	403	-367	403
9	"1"	"1"	16	FALSE	0	135	100	0	0	-395.979797464	395.979797464	1551805544.22	-372	406	-372	406
9	"1"	"1"	16	FALSE	0	135	100	0	0	-395.979797464	395.979797464	1551805544.25	-375	407	-375	407
9	"1"	"1"	16	FALSE	0	135	100	0	0	-395.979797464	395.979797464	1551805544.28	-379	408	-379	408
9	"1"	"1"	16	FALSE	0	135	100	0	0	-395.979797464	395.979797464	1551805544.32	-383	409	-383	409
9	"1"	"1"	16	FALSE	0	135	100	0	0	-395.979797464	395.979797464	1551805544.35	-390	409	-390	409
9	"1"	"1"	16	FALSE	0	135	100	0	0	-395.979797464	395.979797464	1551805544.38	-393	409	-393	409
9	"1"	"1"	17	FALSE	0	45	100	0	0	395.979797464	395.979797464	1551805545.53	-5	-6	-5	-6
9	"1"	"1"	17	FALSE	0	45	100	0	0	395.979797464	395.979797464	1551805545.55	-5	-6	-5	-6
9	"1"	"1"	17	FALSE	0	45	100	0	0	395.979797464	395.979797464	1551805545.58	-5	-6	-5	-6
9	"1"	"1"	17	FALSE	0	45	100	0	0	395.979797464	395.979797464	1551805545.62	-5	-6	-5	-6
9	"1"	"1"	17	FALSE	0	45	100	0	0	395.979797464	395.979797464	1551805545.65	-5	-6	-5	-6
9	"1"	"1"	17	FALSE	0	45	100	0	0	395.979797464	395.979797464	1551805545.68	-5	-6	-5	-6
9	"1"	"1"	17	FALSE	0	45	100	0	0	395.979797464	395.979797464	1551805545.72	-5	-6	-5	-6
9	"1"	"1"	17	FALSE	0	45	100	0	0	395.979797464	395.979797464	1551805545.75	-5	-6	-5	-6
9	"1"	"1"	17	FALSE	0	45	100	0	0	395.979797464	395.979797464	1551805545.78	-5	-6	-5	-6
9	"1"	"1"	17	FALSE	0	45	100	0	0	395.979797464	395.979797464	1551805545.82	-5	-7	-5	-7
9	"1"	"1"	17	FALSE	0	45	100	0	0	395.979797464	395.979797464	1551805545.85	-4	-6	-4	-6
9	"1"	"1"	17	FALSE	0	45	100	0	0	395.979797464	395.979797464	1551805545.88	-1	-5	-1	-5
9	"1"	"1"	17	FALSE	0	45	100	0	0	395.979797464	395.979797464	1551805545.92	4	-1	4	-1
9	"1"	"1"	17	FALSE	0	45	100	0	0	395.979797464	395.979797464	1551805545.95	16	12	16	12
9	"1"	"1"	17	FALSE	0	45	100	0	0	395.979797464	395.979797464	1551805545.98	47	47	47	47
9	"1"	"1"	17	FALSE	0	45	100	0	0	395.979797464	395.979797464	1551805546.02	83	85	83	85
9	"1"	"1"	17	FALSE	0	45	100	0	0	395.979797464	395.979797464	1551805546.05	135	134	135	134
9	"1"	"1"	17	FALSE	0	45	100	0	0	395.979797464	395.979797464	1551805546.08	186	178	186	178
9	"1"	"1"	17	FALSE	0	45	100	0	0	395.979797464	395.979797464	1551805546.12	227	220	227	220
9	"1"	"1"	17	FALSE	0	45	100	0	0	395.979797464	395.979797464	1551805546.15	254	250	254	250
9	"1"	"1"	17	FALSE	0	45	100	0	0	395.979797464	395.979797464	1551805546.18	278	278	278	278
9	"1"	"1"	17	FALSE	0	45	100	0	0	395.979797464	395.979797464	1551805546.22	292	295	292	295
9	"1"	"1"	17	FALSE	0	45	100	0	0	395.979797464	395.979797464	1551805546.25	301	305	301	305
9	"1"	"1"	17	FALSE	0	45	100	0	0	395.979797464	395.979797464	1551805546.28	313	320	313	320
9	"1"	"1"	17	FALSE	0	45	100	0	0	395.979797464	395.979797464	1551805546.32	325	331	325	331
9	"1"	"1"	17	FALSE	0	45	100	0	0	395.979797464	395.979797464	1551805546.35	335	342	335	342
9	"1"	"1"	17	FALSE	0	45	100	0	0	395.979797464	395.979797464	1551805546.38	353	357	353	357
9	"1"	"1"	17	FALSE	0	45	100	0	0	395.979797464	395.979797464	1551805546.42	365	364	365	364
9	"1"	"1"	17	FALSE	0	45	100	0	0	395.979797464	395.979797464	1551805546.45	378	376	378	376
9	"1"	"1"	17	FALSE	0	45	100	0	0	395.979797464	395.979797464	1551805546.48	393	389	393	389
9	"1"	"1"	17	FALSE	0	45	100	0	0	395.979797464	395.979797464	1551805546.52	401	397	401	397
9	"1"	"1"	17	FALSE	0	45	100	0	0	395.979797464	395.979797464	1551805546.55	405	400	405	400
9	"1"	"1"	17	FALSE	0	45	100	0	0	395.979797464	395.979797464	1551805546.59	409	402	409	402
9	"1"	"1"	17	FALSE	0	45	100	0	0	395.979797464	395.979797464	1551805546.62	409	403	409	403
9	"1"	"1"	17	FALSE	0	45	100	0	0	395.979797464	395.979797464	1551805546.65	409	403	409	403
9	"1"	"1"	17	FALSE	0	45	100	0	0	395.979797464	395.979797464	1551805546.69	410	403	410	403
9	"1"	"1"	17	FALSE	0	45	100	0	0	395.979797464	395.979797464	1551805546.72	410	403	410	403
9	"1"	"1"	17	FALSE	0	45	100	0	0	395.979797464	395.979797464	1551805546.75	410	403	410	403
9	"1"	"1"	17	FALSE	0	45	100	0	0	395.979797464	395.979797464	1551805546.79	410	403	410	403
9	"1"	"1"	17	FALSE	0	45	100	0	0	395.979797464	395.979797464	1551805546.82	407	401	407	401
9	"1"	"1"	17	FALSE	0	45	100	0	0	395.979797464	395.979797464	1551805546.85	398	396	398	396
9	"1"	"1"	17	FALSE	0	45	100	0	0	395.979797464	395.979797464	1551805546.89	394	395	394	395
9	"1"	"1"	17	FALSE	0	45	100	0	0	395.979797464	395.979797464	1551805546.92	393	394	393	394
9	"1"	"1"	18	FALSE	0	90	100	0	0	3.42901103761e-14	560	1551805548.07	-4	-4	-4	-4
9	"1"	"1"	18	FALSE	0	90	100	0	0	3.42901103761e-14	560	1551805548.09	-4	-4	-4	-4
9	"1"	"1"	18	FALSE	0	90	100	0	0	3.42901103761e-14	560	1551805548.12	-4	-4	-4	-4
9	"1"	"1"	18	FALSE	0	90	100	0	0	3.42901103761e-14	560	1551805548.15	-4	-4	-4	-4
9	"1"	"1"	18	FALSE	0	90	100	0	0	3.42901103761e-14	560	1551805548.19	-4	-4	-4	-4
9	"1"	"1"	18	FALSE	0	90	100	0	0	3.42901103761e-14	560	1551805548.22	-4	-4	-4	-4
9	"1"	"1"	18	FALSE	0	90	100	0	0	3.42901103761e-14	560	1551805548.25	-2	3	-2	3
9	"1"	"1"	18	FALSE	0	90	100	0	0	3.42901103761e-14	560	1551805548.29	2	12	2	12
9	"1"	"1"	18	FALSE	0	90	100	0	0	3.42901103761e-14	560	1551805548.32	6	18	6	18
9	"1"	"1"	18	FALSE	0	90	100	0	0	3.42901103761e-14	560	1551805548.35	9	23	9	23
9	"1"	"1"	18	FALSE	0	90	100	0	0	3.42901103761e-14	560	1551805548.39	10	33	10	33
9	"1"	"1"	18	FALSE	0	90	100	0	0	3.42901103761e-14	560	1551805548.42	8	61	8	61
9	"1"	"1"	18	FALSE	0	90	100	0	0	3.42901103761e-14	560	1551805548.45	6	99	6	99
9	"1"	"1"	18	FALSE	0	90	100	0	0	3.42901103761e-14	560	1551805548.49	4	154	4	154
9	"1"	"1"	18	FALSE	0	90	100	0	0	3.42901103761e-14	560	1551805548.52	0	200	0	200
9	"1"	"1"	18	FALSE	0	90	100	0	0	3.42901103761e-14	560	1551805548.55	-1	258	-1	258
9	"1"	"1"	18	FALSE	0	90	100	0	0	3.42901103761e-14	560	1551805548.59	-2	308	-2	308
9	"1"	"1"	18	FALSE	0	90	100	0	0	3.42901103761e-14	560	1551805548.62	-6	343	-6	343
9	"1"	"1"	18	FALSE	0	90	100	0	0	3.42901103761e-14	560	1551805548.65	-6	371	-6	371
9	"1"	"1"	18	FALSE	0	90	100	0	0	3.42901103761e-14	560	1551805548.69	-4	391	-4	391
9	"1"	"1"	18	FALSE	0	90	100	0	0	3.42901103761e-14	560	1551805548.72	-3	406	-3	406
9	"1"	"1"	18	FALSE	0	90	100	0	0	3.42901103761e-14	560	1551805548.75	2	423	2	423
9	"1"	"1"	18	FALSE	0	90	100	0	0	3.42901103761e-14	560	1551805548.79	6	436	6	436
9	"1"	"1"	18	FALSE	0	90	100	0	0	3.42901103761e-14	560	1551805548.82	8	451	8	451
9	"1"	"1"	18	FALSE	0	90	100	0	0	3.42901103761e-14	560	1551805548.85	11	467	11	467
9	"1"	"1"	18	FALSE	0	90	100	0	0	3.42901103761e-14	560	1551805548.89	11	486	11	486
9	"1"	"1"	18	FALSE	0	90	100	0	0	3.42901103761e-14	560	1551805548.92	10	496	10	496
9	"1"	"1"	18	FALSE	0	90	100	0	0	3.42901103761e-14	560	1551805548.95	9	507	9	507
9	"1"	"1"	18	FALSE	0	90	100	0	0	3.42901103761e-14	560	1551805548.99	7	519	7	519
9	"1"	"1"	18	FALSE	0	90	100	0	0	3.42901103761e-14	560	1551805549.02	7	525	7	525
9	"1"	"1"	18	FALSE	0	90	100	0	0	3.42901103761e-14	560	1551805549.05	7	536	7	536
9	"1"	"1"	18	FALSE	0	90	100	0	0	3.42901103761e-14	560	1551805549.09	7	543	7	543
9	"1"	"1"	18	FALSE	0	90	100	0	0	3.42901103761e-14	560	1551805549.12	6	549	6	549
9	"1"	"1"	18	FALSE	0	90	100	0	0	3.42901103761e-14	560	1551805549.15	7	554	7	554
9	"1"	"1"	19	FALSE	0	90	100	0	0	3.42901103761e-14	560	1551805550.43	-5	0	-5	0
9	"1"	"1"	19	FALSE	0	90	100	0	0	3.42901103761e-14	560	1551805550.45	-5	0	-5	0
9	"1"	"1"	19	FALSE	0	90	100	0	0	3.42901103761e-14	560	1551805550.49	-5	0	-5	0
9	"1"	"1"	19	FALSE	0	90	100	0	0	3.42901103761e-14	560	1551805550.52	-4	0	-4	0
9	"1"	"1"	19	FALSE	0	90	100	0	0	3.42901103761e-14	560	1551805550.55	-3	0	-3	0
9	"1"	"1"	19	FALSE	0	90	100	0	0	3.42901103761e-14	560	1551805550.59	0	3	0	3
9	"1"	"1"	19	FALSE	0	90	100	0	0	3.42901103761e-14	560	1551805550.62	2	8	2	8
9	"1"	"1"	19	FALSE	0	90	100	0	0	3.42901103761e-14	560	1551805550.65	3	10	3	10
9	"1"	"1"	19	FALSE	0	90	100	0	0	3.42901103761e-14	560	1551805550.69	3	10	3	10
9	"1"	"1"	19	FALSE	0	90	100	0	0	3.42901103761e-14	560	1551805550.72	3	10	3	10
9	"1"	"1"	19	FALSE	0	90	100	0	0	3.42901103761e-14	560	1551805550.75	3	10	3	10
9	"1"	"1"	19	FALSE	0	90	100	0	0	3.42901103761e-14	560	1551805550.79	-1	18	-1	18
9	"1"	"1"	19	FALSE	0	90	100	0	0	3.42901103761e-14	560	1551805550.82	-9	62	-9	62
9	"1"	"1"	19	FALSE	0	90	100	0	0	3.42901103761e-14	560	1551805550.86	-11	123	-11	123
9	"1"	"1"	19	FALSE	0	90	100	0	0	3.42901103761e-14	560	1551805550.89	-9	185	-9	185
9	"1"	"1"	19	FALSE	0	90	100	0	0	3.42901103761e-14	560	1551805550.92	-5	241	-5	241
9	"1"	"1"	19	FALSE	0	90	100	0	0	3.42901103761e-14	560	1551805550.96	2	297	2	297
9	"1"	"1"	19	FALSE	0	90	100	0	0	3.42901103761e-14	560	1551805550.99	6	355	6	355
9	"1"	"1"	19	FALSE	0	90	100	0	0	3.42901103761e-14	560	1551805551.02	8	393	8	393
9	"1"	"1"	19	FALSE	0	90	100	0	0	3.42901103761e-14	560	1551805551.06	10	419	10	419
9	"1"	"1"	19	FALSE	0	90	100	0	0	3.42901103761e-14	560	1551805551.09	14	447	14	447
9	"1"	"1"	19	FALSE	0	90	100	0	0	3.42901103761e-14	560	1551805551.12	15	459	15	459
9	"1"	"1"	19	FALSE	0	90	100	0	0	3.42901103761e-14	560	1551805551.16	15	468	15	468
9	"1"	"1"	19	FALSE	0	90	100	0	0	3.42901103761e-14	560	1551805551.19	16	476	16	476
9	"1"	"1"	19	FALSE	0	90	100	0	0	3.42901103761e-14	560	1551805551.22	16	486	16	486
9	"1"	"1"	19	FALSE	0	90	100	0	0	3.42901103761e-14	560	1551805551.26	13	498	13	498
9	"1"	"1"	19	FALSE	0	90	100	0	0	3.42901103761e-14	560	1551805551.29	12	507	12	507
9	"1"	"1"	19	FALSE	0	90	100	0	0	3.42901103761e-14	560	1551805551.32	11	516	11	516
9	"1"	"1"	19	FALSE	0	90	100	0	0	3.42901103761e-14	560	1551805551.36	11	527	11	527
9	"1"	"1"	19	FALSE	0	90	100	0	0	3.42901103761e-14	560	1551805551.39	10	533	10	533
9	"1"	"1"	19	FALSE	0	90	100	0	0	3.42901103761e-14	560	1551805551.42	10	537	10	537
9	"1"	"1"	19	FALSE	0	90	100	0	0	3.42901103761e-14	560	1551805551.46	9	540	9	540
9	"1"	"1"	19	FALSE	0	90	100	0	0	3.42901103761e-14	560	1551805551.49	8	543	8	543
9	"1"	"1"	19	FALSE	0	90	100	0	0	3.42901103761e-14	560	1551805551.52	6	547	6	547
9	"1"	"1"	19	FALSE	0	90	100	0	0	3.42901103761e-14	560	1551805551.56	5	551	5	551
9	"1"	"1"	19	FALSE	0	90	100	0	0	3.42901103761e-14	560	1551805551.59	3	554	3	554
9	"1"	"1"	19	FALSE	0	90	100	0	0	3.42901103761e-14	560	1551805551.62	2	557	2	557
9	"1"	"1"	19	FALSE	0	90	100	0	0	3.42901103761e-14	560	1551805551.66	1	558	1	558
9	"1"	"1"	20	FALSE	0	135	100	0	0	-395.979797464	395.979797464	1551805552.77	9	-3	9	-3
9	"1"	"1"	20	FALSE	0	135	100	0	0	-395.979797464	395.979797464	1551805552.79	9	-3	9	-3
9	"1"	"1"	20	FALSE	0	135	100	0	0	-395.979797464	395.979797464	1551805552.82	9	-3	9	-3
9	"1"	"1"	20	FALSE	0	135	100	0	0	-395.979797464	395.979797464	1551805552.86	7	-3	7	-3
9	"1"	"1"	20	FALSE	0	135	100	0	0	-395.979797464	395.979797464	1551805552.89	4	-1	4	-1
9	"1"	"1"	20	FALSE	0	135	100	0	0	-395.979797464	395.979797464	1551805552.92	-1	3	-1	3
9	"1"	"1"	20	FALSE	0	135	100	0	0	-395.979797464	395.979797464	1551805552.96	-2	3	-2	3
9	"1"	"1"	20	FALSE	0	135	100	0	0	-395.979797464	395.979797464	1551805552.99	-2	3	-2	3
9	"1"	"1"	20	FALSE	0	135	100	0	0	-395.979797464	395.979797464	1551805553.02	-2	3	-2	3
9	"1"	"1"	20	FALSE	0	135	100	0	0	-395.979797464	395.979797464	1551805553.06	-2	3	-2	3
9	"1"	"1"	20	FALSE	0	135	100	0	0	-395.979797464	395.979797464	1551805553.09	-4	4	-4	4
9	"1"	"1"	20	FALSE	0	135	100	0	0	-395.979797464	395.979797464	1551805553.12	-21	22	-21	22
9	"1"	"1"	20	FALSE	0	135	100	0	0	-395.979797464	395.979797464	1551805553.16	-44	53	-44	53
9	"1"	"1"	20	FALSE	0	135	100	0	0	-395.979797464	395.979797464	1551805553.19	-71	77	-71	77
9	"1"	"1"	20	FALSE	0	135	100	0	0	-395.979797464	395.979797464	1551805553.22	-104	101	-104	101
9	"1"	"1"	20	FALSE	0	135	100	0	0	-395.979797464	395.979797464	1551805553.26	-139	128	-139	128
9	"1"	"1"	20	FALSE	0	135	100	0	0	-395.979797464	395.979797464	1551805553.29	-181	157	-181	157
9	"1"	"1"	20	FALSE	0	135	100	0	0	-395.979797464	395.979797464	1551805553.32	-217	184	-217	184
9	"1"	"1"	20	FALSE	0	135	100	0	0	-395.979797464	395.979797464	1551805553.36	-266	228	-266	228
9	"1"	"1"	20	FALSE	0	135	100	0	0	-395.979797464	395.979797464	1551805553.39	-302	256	-302	256
9	"1"	"1"	20	FALSE	0	135	100	0	0	-395.979797464	395.979797464	1551805553.42	-334	282	-334	282
9	"1"	"1"	20	FALSE	0	135	100	0	0	-395.979797464	395.979797464	1551805553.46	-357	306	-357	306
9	"1"	"1"	20	FALSE	0	135	100	0	0	-395.979797464	395.979797464	1551805553.49	-370	329	-370	329
9	"1"	"1"	20	FALSE	0	135	100	0	0	-395.979797464	395.979797464	1551805553.52	-376	353	-376	353
9	"1"	"1"	20	FALSE	0	135	100	0	0	-395.979797464	395.979797464	1551805553.56	-381	366	-381	366
9	"1"	"1"	20	FALSE	0	135	100	0	0	-395.979797464	395.979797464	1551805553.59	-386	375	-386	375
9	"1"	"1"	20	FALSE	0	135	100	0	0	-395.979797464	395.979797464	1551805553.62	-389	384	-389	384
9	"1"	"1"	20	FALSE	0	135	100	0	0	-395.979797464	395.979797464	1551805553.66	-390	387	-390	387
9	"1"	"1"	21	FALSE	0	45	100	0	0	395.979797464	395.979797464	1551805554.9	2	-7	2	-7
9	"1"	"1"	21	FALSE	0	45	100	0	0	395.979797464	395.979797464	1551805554.92	3	-5	3	-5
9	"1"	"1"	21	FALSE	0	45	100	0	0	395.979797464	395.979797464	1551805554.96	3	0	3	0
9	"1"	"1"	21	FALSE	0	45	100	0	0	395.979797464	395.979797464	1551805554.99	3	1	3	1
9	"1"	"1"	21	FALSE	0	45	100	0	0	395.979797464	395.979797464	1551805555.02	3	1	3	1
9	"1"	"1"	21	FALSE	0	45	100	0	0	395.979797464	395.979797464	1551805555.06	3	1	3	1
9	"1"	"1"	21	FALSE	0	45	100	0	0	395.979797464	395.979797464	1551805555.09	3	1	3	1
9	"1"	"1"	21	FALSE	0	45	100	0	0	395.979797464	395.979797464	1551805555.12	3	1	3	1
9	"1"	"1"	21	FALSE	0	45	100	0	0	395.979797464	395.979797464	1551805555.16	3	1	3	1
9	"1"	"1"	21	FALSE	0	45	100	0	0	395.979797464	395.979797464	1551805555.19	3	1	3	1
9	"1"	"1"	21	FALSE	0	45	100	0	0	395.979797464	395.979797464	1551805555.23	9	4	9	4
9	"1"	"1"	21	FALSE	0	45	100	0	0	395.979797464	395.979797464	1551805555.26	31	32	31	32
9	"1"	"1"	21	FALSE	0	45	100	0	0	395.979797464	395.979797464	1551805555.29	66	76	66	76
9	"1"	"1"	21	FALSE	0	45	100	0	0	395.979797464	395.979797464	1551805555.33	113	132	113	132
9	"1"	"1"	21	FALSE	0	45	100	0	0	395.979797464	395.979797464	1551805555.36	160	181	160	181
9	"1"	"1"	21	FALSE	0	45	100	0	0	395.979797464	395.979797464	1551805555.39	218	234	218	234
9	"1"	"1"	21	FALSE	0	45	100	0	0	395.979797464	395.979797464	1551805555.43	267	278	267	278
9	"1"	"1"	21	FALSE	0	45	100	0	0	395.979797464	395.979797464	1551805555.46	313	315	313	315
9	"1"	"1"	21	FALSE	0	45	100	0	0	395.979797464	395.979797464	1551805555.49	340	334	340	334
9	"1"	"1"	21	FALSE	0	45	100	0	0	395.979797464	395.979797464	1551805555.53	350	340	350	340
9	"1"	"1"	21	FALSE	0	45	100	0	0	395.979797464	395.979797464	1551805555.56	352	344	352	344
9	"1"	"1"	21	FALSE	0	45	100	0	0	395.979797464	395.979797464	1551805555.59	351	347	351	347
9	"1"	"1"	21	FALSE	0	45	100	0	0	395.979797464	395.979797464	1551805555.63	351	347	351	347
9	"1"	"1"	21	FALSE	0	45	100	0	0	395.979797464	395.979797464	1551805555.66	351	347	351	347
9	"1"	"1"	21	FALSE	0	45	100	0	0	395.979797464	395.979797464	1551805555.69	360	352	360	352
9	"1"	"1"	21	FALSE	0	45	100	0	0	395.979797464	395.979797464	1551805555.73	370	359	370	359
9	"1"	"1"	21	FALSE	0	45	100	0	0	395.979797464	395.979797464	1551805555.76	380	368	380	368
9	"1"	"1"	21	FALSE	0	45	100	0	0	395.979797464	395.979797464	1551805555.79	390	379	390	379
9	"1"	"1"	21	FALSE	0	45	100	0	0	395.979797464	395.979797464	1551805555.83	391	381	391	381
9	"1"	"1"	21	FALSE	0	45	100	0	0	395.979797464	395.979797464	1551805555.86	391	381	391	381
9	"1"	"1"	21	FALSE	0	45	100	0	0	395.979797464	395.979797464	1551805555.89	390	382	390	382
9	"1"	"1"	21	FALSE	0	45	100	0	0	395.979797464	395.979797464	1551805555.93	389	382	389	382
9	"1"	"1"	21	FALSE	0	45	100	0	0	395.979797464	395.979797464	1551805555.96	386	382	386	382
9	"1"	"1"	21	FALSE	0	45	100	0	0	395.979797464	395.979797464	1551805555.99	384	381	384	381
9	"1"	"1"	21	FALSE	0	45	100	0	0	395.979797464	395.979797464	1551805556.03	384	382	384	382
9	"1"	"1"	21	FALSE	0	45	100	0	0	395.979797464	395.979797464	1551805556.06	386	384	386	384
9	"1"	"1"	21	FALSE	0	45	100	0	0	395.979797464	395.979797464	1551805556.09	392	390	392	390
9	"1"	"1"	21	FALSE	0	45	100	0	0	395.979797464	395.979797464	1551805556.13	398	396	398	396
9	"1"	"1"	21	FALSE	0	45	100	0	0	395.979797464	395.979797464	1551805556.16	399	397	399	397
