"task_num"	"task_name"	"trial_type"	"trial_num"	"terminalfeedback_bool"	"rotation_angle"	"targetangle_deg"	"targetdistance_percmax"	"homex_px"	"homey_px"	"targetx_px"	"targety_px"	"time_s"	"mousex_px"	"mousey_px"	"cursorx_px"	"cursory_px"
9	"1"	"1"	1	FALSE	0	45	100	0	0	395.979797464	395.979797464	1551383187.97	-12	-1	-12	-1
9	"1"	"1"	1	FALSE	0	45	100	0	0	395.979797464	395.979797464	1551383188	-12	-1	-12	-1
9	"1"	"1"	1	FALSE	0	45	100	0	0	395.979797464	395.979797464	1551383188.03	-12	-1	-12	-1
9	"1"	"1"	1	FALSE	0	45	100	0	0	395.979797464	395.979797464	1551383188.07	-12	-1	-12	-1
9	"1"	"1"	1	FALSE	0	45	100	0	0	395.979797464	395.979797464	1551383188.1	-12	-1	-12	-1
9	"1"	"1"	1	FALSE	0	45	100	0	0	395.979797464	395.979797464	1551383188.13	-12	-1	-12	-1
9	"1"	"1"	1	FALSE	0	45	100	0	0	395.979797464	395.979797464	1551383188.17	-12	-1	-12	-1
9	"1"	"1"	1	FALSE	0	45	100	0	0	395.979797464	395.979797464	1551383188.2	-12	-1	-12	-1
9	"1"	"1"	1	FALSE	0	45	100	0	0	395.979797464	395.979797464	1551383188.23	-12	-1	-12	-1
9	"1"	"1"	1	FALSE	0	45	100	0	0	395.979797464	395.979797464	1551383188.27	-12	-1	-12	-1
9	"1"	"1"	1	FALSE	0	45	100	0	0	395.979797464	395.979797464	1551383188.3	-12	-1	-12	-1
9	"1"	"1"	1	FALSE	0	45	100	0	0	395.979797464	395.979797464	1551383188.33	-12	-1	-12	-1
9	"1"	"1"	1	FALSE	0	45	100	0	0	395.979797464	395.979797464	1551383188.37	-12	-1	-12	-1
9	"1"	"1"	1	FALSE	0	45	100	0	0	395.979797464	395.979797464	1551383188.4	-12	-1	-12	-1
9	"1"	"1"	1	FALSE	0	45	100	0	0	395.979797464	395.979797464	1551383188.43	-12	-1	-12	-1
9	"1"	"1"	1	FALSE	0	45	100	0	0	395.979797464	395.979797464	1551383188.47	-10	1	-10	1
9	"1"	"1"	1	FALSE	0	45	100	0	0	395.979797464	395.979797464	1551383188.5	-6	6	-6	6
9	"1"	"1"	1	FALSE	0	45	100	0	0	395.979797464	395.979797464	1551383188.53	1	16	1	16
9	"1"	"1"	1	FALSE	0	45	100	0	0	395.979797464	395.979797464	1551383188.57	11	29	11	29
9	"1"	"1"	1	FALSE	0	45	100	0	0	395.979797464	395.979797464	1551383188.6	26	47	26	47
9	"1"	"1"	1	FALSE	0	45	100	0	0	395.979797464	395.979797464	1551383188.63	49	75	49	75
9	"1"	"1"	1	FALSE	0	45	100	0	0	395.979797464	395.979797464	1551383188.67	69	96	69	96
9	"1"	"1"	1	FALSE	0	45	100	0	0	395.979797464	395.979797464	1551383188.7	97	124	97	124
9	"1"	"1"	1	FALSE	0	45	100	0	0	395.979797464	395.979797464	1551383188.73	124	151	124	151
9	"1"	"1"	1	FALSE	0	45	100	0	0	395.979797464	395.979797464	1551383188.77	158	184	158	184
9	"1"	"1"	1	FALSE	0	45	100	0	0	395.979797464	395.979797464	1551383188.8	193	218	193	218
9	"1"	"1"	1	FALSE	0	45	100	0	0	395.979797464	395.979797464	1551383188.83	222	243	222	243
9	"1"	"1"	1	FALSE	0	45	100	0	0	395.979797464	395.979797464	1551383188.87	255	271	255	271
9	"1"	"1"	1	FALSE	0	45	100	0	0	395.979797464	395.979797464	1551383188.9	286	292	286	292
9	"1"	"1"	1	FALSE	0	45	100	0	0	395.979797464	395.979797464	1551383188.93	312	311	312	311
9	"1"	"1"	1	FALSE	0	45	100	0	0	395.979797464	395.979797464	1551383188.97	337	330	337	330
9	"1"	"1"	1	FALSE	0	45	100	0	0	395.979797464	395.979797464	1551383189	354	342	354	342
9	"1"	"1"	1	FALSE	0	45	100	0	0	395.979797464	395.979797464	1551383189.03	368	353	368	353
9	"1"	"1"	1	FALSE	0	45	100	0	0	395.979797464	395.979797464	1551383189.07	380	363	380	363
9	"1"	"1"	1	FALSE	0	45	100	0	0	395.979797464	395.979797464	1551383189.1	390	372	390	372
9	"1"	"1"	1	FALSE	0	45	100	0	0	395.979797464	395.979797464	1551383189.13	395	377	395	377
9	"1"	"1"	1	FALSE	0	45	100	0	0	395.979797464	395.979797464	1551383189.17	396	380	396	380
9	"1"	"1"	1	FALSE	0	45	100	0	0	395.979797464	395.979797464	1551383189.2	397	385	397	385
9	"1"	"1"	1	FALSE	0	45	100	0	0	395.979797464	395.979797464	1551383189.24	397	387	397	387
9	"1"	"1"	1	FALSE	0	45	100	0	0	395.979797464	395.979797464	1551383189.27	398	389	398	389
9	"1"	"1"	1	FALSE	0	45	100	0	0	395.979797464	395.979797464	1551383189.3	398	391	398	391
9	"1"	"1"	2	FALSE	0	135	100	0	0	-395.979797464	395.979797464	1551383190.78	10	6	10	6
9	"1"	"1"	2	FALSE	0	135	100	0	0	-395.979797464	395.979797464	1551383190.8	9	6	9	6
9	"1"	"1"	2	FALSE	0	135	100	0	0	-395.979797464	395.979797464	1551383190.84	7	4	7	4
9	"1"	"1"	2	FALSE	0	135	100	0	0	-395.979797464	395.979797464	1551383190.87	6	3	6	3
9	"1"	"1"	2	FALSE	0	135	100	0	0	-395.979797464	395.979797464	1551383190.9	6	4	6	4
9	"1"	"1"	2	FALSE	0	135	100	0	0	-395.979797464	395.979797464	1551383190.94	6	4	6	4
9	"1"	"1"	2	FALSE	0	135	100	0	0	-395.979797464	395.979797464	1551383190.97	6	4	6	4
9	"1"	"1"	2	FALSE	0	135	100	0	0	-395.979797464	395.979797464	1551383191	6	4	6	4
9	"1"	"1"	2	FALSE	0	135	100	0	0	-395.979797464	395.979797464	1551383191.04	6	4	6	4
9	"1"	"1"	2	FALSE	0	135	100	0	0	-395.979797464	395.979797464	1551383191.07	6	4	6	4
9	"1"	"1"	2	FALSE	0	135	100	0	0	-395.979797464	395.979797464	1551383191.1	4	7	4	7
9	"1"	"1"	2	FALSE	0	135	100	0	0	-395.979797464	395.979797464	1551383191.14	6	12	6	12
9	"1"	"1"	2	FALSE	0	135	100	0	0	-395.979797464	395.979797464	1551383191.17	11	19	11	19
9	"1"	"1"	2	FALSE	0	135	100	0	0	-395.979797464	395.979797464	1551383191.2	48	38	48	38
9	"1"	"1"	2	FALSE	0	135	100	0	0	-395.979797464	395.979797464	1551383191.24	94	57	94	57
9	"1"	"1"	2	FALSE	0	135	100	0	0	-395.979797464	395.979797464	1551383191.27	139	75	139	75
9	"1"	"1"	2	FALSE	0	135	100	0	0	-395.979797464	395.979797464	1551383191.3	165	82	165	82
9	"1"	"1"	2	FALSE	0	135	100	0	0	-395.979797464	395.979797464	1551383191.34	182	83	182	83
9	"1"	"1"	2	FALSE	0	135	100	0	0	-395.979797464	395.979797464	1551383191.37	192	82	192	82
9	"1"	"1"	2	FALSE	0	135	100	0	0	-395.979797464	395.979797464	1551383191.4	199	77	199	77
9	"1"	"1"	2	FALSE	0	135	100	0	0	-395.979797464	395.979797464	1551383191.44	194	73	194	73
9	"1"	"1"	2	FALSE	0	135	100	0	0	-395.979797464	395.979797464	1551383191.47	189	74	189	74
9	"1"	"1"	2	FALSE	0	135	100	0	0	-395.979797464	395.979797464	1551383191.5	184	77	184	77
9	"1"	"1"	2	FALSE	0	135	100	0	0	-395.979797464	395.979797464	1551383191.54	172	82	172	82
9	"1"	"1"	2	FALSE	0	135	100	0	0	-395.979797464	395.979797464	1551383191.57	157	91	157	91
9	"1"	"1"	2	FALSE	0	135	100	0	0	-395.979797464	395.979797464	1551383191.6	141	100	141	100
9	"1"	"1"	2	FALSE	0	135	100	0	0	-395.979797464	395.979797464	1551383191.64	115	110	115	110
9	"1"	"1"	2	FALSE	0	135	100	0	0	-395.979797464	395.979797464	1551383191.67	90	121	90	121
9	"1"	"1"	2	FALSE	0	135	100	0	0	-395.979797464	395.979797464	1551383191.7	64	133	64	133
9	"1"	"1"	2	FALSE	0	135	100	0	0	-395.979797464	395.979797464	1551383191.74	43	142	43	142
9	"1"	"1"	2	FALSE	0	135	100	0	0	-395.979797464	395.979797464	1551383191.77	17	154	17	154
9	"1"	"1"	2	FALSE	0	135	100	0	0	-395.979797464	395.979797464	1551383191.8	-11	167	-11	167
9	"1"	"1"	2	FALSE	0	135	100	0	0	-395.979797464	395.979797464	1551383191.84	-35	182	-35	182
9	"1"	"1"	2	FALSE	0	135	100	0	0	-395.979797464	395.979797464	1551383191.87	-62	202	-62	202
9	"1"	"1"	2	FALSE	0	135	100	0	0	-395.979797464	395.979797464	1551383191.9	-92	220	-92	220
9	"1"	"1"	2	FALSE	0	135	100	0	0	-395.979797464	395.979797464	1551383191.94	-117	232	-117	232
9	"1"	"1"	2	FALSE	0	135	100	0	0	-395.979797464	395.979797464	1551383191.97	-148	248	-148	248
9	"1"	"1"	2	FALSE	0	135	100	0	0	-395.979797464	395.979797464	1551383192	-170	259	-170	259
9	"1"	"1"	2	FALSE	0	135	100	0	0	-395.979797464	395.979797464	1551383192.04	-192	273	-192	273
9	"1"	"1"	2	FALSE	0	135	100	0	0	-395.979797464	395.979797464	1551383192.07	-210	284	-210	284
9	"1"	"1"	2	FALSE	0	135	100	0	0	-395.979797464	395.979797464	1551383192.1	-230	295	-230	295
9	"1"	"1"	2	FALSE	0	135	100	0	0	-395.979797464	395.979797464	1551383192.14	-251	307	-251	307
9	"1"	"1"	2	FALSE	0	135	100	0	0	-395.979797464	395.979797464	1551383192.17	-266	316	-266	316
9	"1"	"1"	2	FALSE	0	135	100	0	0	-395.979797464	395.979797464	1551383192.2	-281	325	-281	325
9	"1"	"1"	2	FALSE	0	135	100	0	0	-395.979797464	395.979797464	1551383192.24	-296	335	-296	335
9	"1"	"1"	2	FALSE	0	135	100	0	0	-395.979797464	395.979797464	1551383192.27	-309	346	-309	346
9	"1"	"1"	2	FALSE	0	135	100	0	0	-395.979797464	395.979797464	1551383192.3	-319	352	-319	352
9	"1"	"1"	2	FALSE	0	135	100	0	0	-395.979797464	395.979797464	1551383192.34	-328	358	-328	358
9	"1"	"1"	2	FALSE	0	135	100	0	0	-395.979797464	395.979797464	1551383192.37	-335	364	-335	364
9	"1"	"1"	2	FALSE	0	135	100	0	0	-395.979797464	395.979797464	1551383192.4	-341	369	-341	369
9	"1"	"1"	2	FALSE	0	135	100	0	0	-395.979797464	395.979797464	1551383192.44	-347	374	-347	374
9	"1"	"1"	2	FALSE	0	135	100	0	0	-395.979797464	395.979797464	1551383192.47	-353	379	-353	379
9	"1"	"1"	2	FALSE	0	135	100	0	0	-395.979797464	395.979797464	1551383192.5	-358	384	-358	384
9	"1"	"1"	2	FALSE	0	135	100	0	0	-395.979797464	395.979797464	1551383192.54	-363	389	-363	389
9	"1"	"1"	2	FALSE	0	135	100	0	0	-395.979797464	395.979797464	1551383192.57	-367	391	-367	391
9	"1"	"1"	2	FALSE	0	135	100	0	0	-395.979797464	395.979797464	1551383192.6	-370	394	-370	394
9	"1"	"1"	2	FALSE	0	135	100	0	0	-395.979797464	395.979797464	1551383192.64	-372	395	-372	395
9	"1"	"1"	2	FALSE	0	135	100	0	0	-395.979797464	395.979797464	1551383192.67	-373	396	-373	396
9	"1"	"1"	2	FALSE	0	135	100	0	0	-395.979797464	395.979797464	1551383192.7	-374	397	-374	397
9	"1"	"1"	2	FALSE	0	135	100	0	0	-395.979797464	395.979797464	1551383192.74	-375	398	-375	398
9	"1"	"1"	2	FALSE	0	135	100	0	0	-395.979797464	395.979797464	1551383192.77	-377	399	-377	399
9	"1"	"1"	2	FALSE	0	135	100	0	0	-395.979797464	395.979797464	1551383192.8	-378	399	-378	399
9	"1"	"1"	2	FALSE	0	135	100	0	0	-395.979797464	395.979797464	1551383192.84	-380	400	-380	400
9	"1"	"1"	2	FALSE	0	135	100	0	0	-395.979797464	395.979797464	1551383192.87	-383	400	-383	400
9	"1"	"1"	2	FALSE	0	135	100	0	0	-395.979797464	395.979797464	1551383192.9	-385	400	-385	400
9	"1"	"1"	3	FALSE	0	90	100	0	0	3.42901103761e-14	560	1551383194.35	6	-2	6	-2
9	"1"	"1"	3	FALSE	0	90	100	0	0	3.42901103761e-14	560	1551383194.37	4	-2	4	-2
9	"1"	"1"	3	FALSE	0	90	100	0	0	3.42901103761e-14	560	1551383194.41	-2	-3	-2	-3
9	"1"	"1"	3	FALSE	0	90	100	0	0	3.42901103761e-14	560	1551383194.44	-6	-2	-6	-2
9	"1"	"1"	3	FALSE	0	90	100	0	0	3.42901103761e-14	560	1551383194.47	-8	0	-8	0
9	"1"	"1"	3	FALSE	0	90	100	0	0	3.42901103761e-14	560	1551383194.51	-8	0	-8	0
9	"1"	"1"	3	FALSE	0	90	100	0	0	3.42901103761e-14	560	1551383194.54	-8	0	-8	0
9	"1"	"1"	3	FALSE	0	90	100	0	0	3.42901103761e-14	560	1551383194.57	-8	0	-8	0
9	"1"	"1"	3	FALSE	0	90	100	0	0	3.42901103761e-14	560	1551383194.61	-7	0	-7	0
9	"1"	"1"	3	FALSE	0	90	100	0	0	3.42901103761e-14	560	1551383194.64	-7	0	-7	0
9	"1"	"1"	3	FALSE	0	90	100	0	0	3.42901103761e-14	560	1551383194.67	-8	1	-8	1
9	"1"	"1"	3	FALSE	0	90	100	0	0	3.42901103761e-14	560	1551383194.71	-12	14	-12	14
9	"1"	"1"	3	FALSE	0	90	100	0	0	3.42901103761e-14	560	1551383194.74	-23	48	-23	48
9	"1"	"1"	3	FALSE	0	90	100	0	0	3.42901103761e-14	560	1551383194.77	-29	80	-29	80
9	"1"	"1"	3	FALSE	0	90	100	0	0	3.42901103761e-14	560	1551383194.81	-35	122	-35	122
9	"1"	"1"	3	FALSE	0	90	100	0	0	3.42901103761e-14	560	1551383194.84	-36	154	-36	154
9	"1"	"1"	3	FALSE	0	90	100	0	0	3.42901103761e-14	560	1551383194.87	-33	191	-33	191
9	"1"	"1"	3	FALSE	0	90	100	0	0	3.42901103761e-14	560	1551383194.91	-27	234	-27	234
9	"1"	"1"	3	FALSE	0	90	100	0	0	3.42901103761e-14	560	1551383194.94	-24	267	-24	267
9	"1"	"1"	3	FALSE	0	90	100	0	0	3.42901103761e-14	560	1551383194.97	-23	301	-23	301
9	"1"	"1"	3	FALSE	0	90	100	0	0	3.42901103761e-14	560	1551383195.01	-21	331	-21	331
9	"1"	"1"	3	FALSE	0	90	100	0	0	3.42901103761e-14	560	1551383195.04	-17	359	-17	359
9	"1"	"1"	3	FALSE	0	90	100	0	0	3.42901103761e-14	560	1551383195.07	-14	382	-14	382
9	"1"	"1"	3	FALSE	0	90	100	0	0	3.42901103761e-14	560	1551383195.11	-11	407	-11	407
9	"1"	"1"	3	FALSE	0	90	100	0	0	3.42901103761e-14	560	1551383195.14	-7	431	-7	431
9	"1"	"1"	3	FALSE	0	90	100	0	0	3.42901103761e-14	560	1551383195.17	-5	450	-5	450
9	"1"	"1"	3	FALSE	0	90	100	0	0	3.42901103761e-14	560	1551383195.21	-4	466	-4	466
9	"1"	"1"	3	FALSE	0	90	100	0	0	3.42901103761e-14	560	1551383195.24	-3	482	-3	482
9	"1"	"1"	3	FALSE	0	90	100	0	0	3.42901103761e-14	560	1551383195.27	-3	493	-3	493
9	"1"	"1"	3	FALSE	0	90	100	0	0	3.42901103761e-14	560	1551383195.31	-4	505	-4	505
9	"1"	"1"	3	FALSE	0	90	100	0	0	3.42901103761e-14	560	1551383195.34	-4	515	-4	515
9	"1"	"1"	3	FALSE	0	90	100	0	0	3.42901103761e-14	560	1551383195.37	-4	523	-4	523
9	"1"	"1"	3	FALSE	0	90	100	0	0	3.42901103761e-14	560	1551383195.41	-3	529	-3	529
9	"1"	"1"	3	FALSE	0	90	100	0	0	3.42901103761e-14	560	1551383195.44	-1	536	-1	536
9	"1"	"1"	3	FALSE	0	90	100	0	0	3.42901103761e-14	560	1551383195.47	0	541	0	541
9	"1"	"1"	3	FALSE	0	90	100	0	0	3.42901103761e-14	560	1551383195.51	0	544	0	544
9	"1"	"1"	3	FALSE	0	90	100	0	0	3.42901103761e-14	560	1551383195.54	2	550	2	550
9	"1"	"1"	3	FALSE	0	90	100	0	0	3.42901103761e-14	560	1551383195.57	3	556	3	556
9	"1"	"1"	3	FALSE	0	90	100	0	0	3.42901103761e-14	560	1551383195.61	4	559	4	559
9	"1"	"1"	4	FALSE	0	90	100	0	0	3.42901103761e-14	560	1551383196.99	-3	-9	-3	-9
9	"1"	"1"	4	FALSE	0	90	100	0	0	3.42901103761e-14	560	1551383197.01	-3	-9	-3	-9
9	"1"	"1"	4	FALSE	0	90	100	0	0	3.42901103761e-14	560	1551383197.04	-3	-7	-3	-7
9	"1"	"1"	4	FALSE	0	90	100	0	0	3.42901103761e-14	560	1551383197.07	-2	-7	-2	-7
9	"1"	"1"	4	FALSE	0	90	100	0	0	3.42901103761e-14	560	1551383197.11	-2	-6	-2	-6
9	"1"	"1"	4	FALSE	0	90	100	0	0	3.42901103761e-14	560	1551383197.14	-1	-4	-1	-4
9	"1"	"1"	4	FALSE	0	90	100	0	0	3.42901103761e-14	560	1551383197.17	-1	-4	-1	-4
9	"1"	"1"	4	FALSE	0	90	100	0	0	3.42901103761e-14	560	1551383197.21	-1	-3	-1	-3
9	"1"	"1"	4	FALSE	0	90	100	0	0	3.42901103761e-14	560	1551383197.24	0	-2	0	-2
9	"1"	"1"	4	FALSE	0	90	100	0	0	3.42901103761e-14	560	1551383197.27	0	-1	0	-1
9	"1"	"1"	4	FALSE	0	90	100	0	0	3.42901103761e-14	560	1551383197.31	0	1	0	1
9	"1"	"1"	4	FALSE	0	90	100	0	0	3.42901103761e-14	560	1551383197.34	-4	10	-4	10
9	"1"	"1"	4	FALSE	0	90	100	0	0	3.42901103761e-14	560	1551383197.37	-14	33	-14	33
9	"1"	"1"	4	FALSE	0	90	100	0	0	3.42901103761e-14	560	1551383197.41	-22	58	-22	58
9	"1"	"1"	4	FALSE	0	90	100	0	0	3.42901103761e-14	560	1551383197.44	-27	81	-27	81
9	"1"	"1"	4	FALSE	0	90	100	0	0	3.42901103761e-14	560	1551383197.47	-28	109	-28	109
9	"1"	"1"	4	FALSE	0	90	100	0	0	3.42901103761e-14	560	1551383197.51	-26	133	-26	133
9	"1"	"1"	4	FALSE	0	90	100	0	0	3.42901103761e-14	560	1551383197.54	-24	159	-24	159
9	"1"	"1"	4	FALSE	0	90	100	0	0	3.42901103761e-14	560	1551383197.57	-23	188	-23	188
9	"1"	"1"	4	FALSE	0	90	100	0	0	3.42901103761e-14	560	1551383197.61	-22	215	-22	215
9	"1"	"1"	4	FALSE	0	90	100	0	0	3.42901103761e-14	560	1551383197.64	-21	247	-21	247
9	"1"	"1"	4	FALSE	0	90	100	0	0	3.42901103761e-14	560	1551383197.67	-20	279	-20	279
9	"1"	"1"	4	FALSE	0	90	100	0	0	3.42901103761e-14	560	1551383197.71	-20	307	-20	307
9	"1"	"1"	4	FALSE	0	90	100	0	0	3.42901103761e-14	560	1551383197.74	-20	336	-20	336
9	"1"	"1"	4	FALSE	0	90	100	0	0	3.42901103761e-14	560	1551383197.78	-20	359	-20	359
9	"1"	"1"	4	FALSE	0	90	100	0	0	3.42901103761e-14	560	1551383197.81	-22	384	-22	384
9	"1"	"1"	4	FALSE	0	90	100	0	0	3.42901103761e-14	560	1551383197.84	-22	406	-22	406
9	"1"	"1"	4	FALSE	0	90	100	0	0	3.42901103761e-14	560	1551383197.88	-21	429	-21	429
9	"1"	"1"	4	FALSE	0	90	100	0	0	3.42901103761e-14	560	1551383197.91	-21	451	-21	451
9	"1"	"1"	4	FALSE	0	90	100	0	0	3.42901103761e-14	560	1551383197.94	-20	463	-20	463
9	"1"	"1"	4	FALSE	0	90	100	0	0	3.42901103761e-14	560	1551383197.98	-20	479	-20	479
9	"1"	"1"	4	FALSE	0	90	100	0	0	3.42901103761e-14	560	1551383198.01	-19	491	-19	491
9	"1"	"1"	4	FALSE	0	90	100	0	0	3.42901103761e-14	560	1551383198.04	-15	503	-15	503
9	"1"	"1"	4	FALSE	0	90	100	0	0	3.42901103761e-14	560	1551383198.08	-13	511	-13	511
9	"1"	"1"	4	FALSE	0	90	100	0	0	3.42901103761e-14	560	1551383198.11	-11	518	-11	518
9	"1"	"1"	4	FALSE	0	90	100	0	0	3.42901103761e-14	560	1551383198.14	-10	525	-10	525
9	"1"	"1"	4	FALSE	0	90	100	0	0	3.42901103761e-14	560	1551383198.18	-10	530	-10	530
9	"1"	"1"	4	FALSE	0	90	100	0	0	3.42901103761e-14	560	1551383198.21	-9	536	-9	536
9	"1"	"1"	4	FALSE	0	90	100	0	0	3.42901103761e-14	560	1551383198.24	-9	540	-9	540
9	"1"	"1"	4	FALSE	0	90	100	0	0	3.42901103761e-14	560	1551383198.28	-9	543	-9	543
9	"1"	"1"	4	FALSE	0	90	100	0	0	3.42901103761e-14	560	1551383198.31	-9	546	-9	546
9	"1"	"1"	4	FALSE	0	90	100	0	0	3.42901103761e-14	560	1551383198.34	-8	549	-8	549
9	"1"	"1"	4	FALSE	0	90	100	0	0	3.42901103761e-14	560	1551383198.38	-8	554	-8	554
9	"1"	"1"	4	FALSE	0	90	100	0	0	3.42901103761e-14	560	1551383198.41	-7	558	-7	558
9	"1"	"1"	4	FALSE	0	90	100	0	0	3.42901103761e-14	560	1551383198.44	-7	562	-7	562
9	"1"	"1"	4	FALSE	0	90	100	0	0	3.42901103761e-14	560	1551383198.48	-6	563	-6	563
9	"1"	"1"	5	FALSE	0	45	100	0	0	395.979797464	395.979797464	1551383199.79	-3	-10	-3	-10
9	"1"	"1"	5	FALSE	0	45	100	0	0	395.979797464	395.979797464	1551383199.81	-3	-10	-3	-10
9	"1"	"1"	5	FALSE	0	45	100	0	0	395.979797464	395.979797464	1551383199.84	-3	-10	-3	-10
9	"1"	"1"	5	FALSE	0	45	100	0	0	395.979797464	395.979797464	1551383199.88	-4	-10	-4	-10
9	"1"	"1"	5	FALSE	0	45	100	0	0	395.979797464	395.979797464	1551383199.91	-4	-9	-4	-9
9	"1"	"1"	5	FALSE	0	45	100	0	0	395.979797464	395.979797464	1551383199.94	-3	-7	-3	-7
9	"1"	"1"	5	FALSE	0	45	100	0	0	395.979797464	395.979797464	1551383199.98	-2	-6	-2	-6
9	"1"	"1"	5	FALSE	0	45	100	0	0	395.979797464	395.979797464	1551383200.01	-2	-5	-2	-5
9	"1"	"1"	5	FALSE	0	45	100	0	0	395.979797464	395.979797464	1551383200.04	-2	-5	-2	-5
9	"1"	"1"	5	FALSE	0	45	100	0	0	395.979797464	395.979797464	1551383200.08	-1	-4	-1	-4
9	"1"	"1"	5	FALSE	0	45	100	0	0	395.979797464	395.979797464	1551383200.11	1	1	1	1
9	"1"	"1"	5	FALSE	0	45	100	0	0	395.979797464	395.979797464	1551383200.14	6	14	6	14
9	"1"	"1"	5	FALSE	0	45	100	0	0	395.979797464	395.979797464	1551383200.18	19	36	19	36
9	"1"	"1"	5	FALSE	0	45	100	0	0	395.979797464	395.979797464	1551383200.21	34	56	34	56
9	"1"	"1"	5	FALSE	0	45	100	0	0	395.979797464	395.979797464	1551383200.24	52	79	52	79
9	"1"	"1"	5	FALSE	0	45	100	0	0	395.979797464	395.979797464	1551383200.28	74	100	74	100
9	"1"	"1"	5	FALSE	0	45	100	0	0	395.979797464	395.979797464	1551383200.31	94	120	94	120
9	"1"	"1"	5	FALSE	0	45	100	0	0	395.979797464	395.979797464	1551383200.34	124	148	124	148
9	"1"	"1"	5	FALSE	0	45	100	0	0	395.979797464	395.979797464	1551383200.38	148	171	148	171
9	"1"	"1"	5	FALSE	0	45	100	0	0	395.979797464	395.979797464	1551383200.41	176	197	176	197
9	"1"	"1"	5	FALSE	0	45	100	0	0	395.979797464	395.979797464	1551383200.44	200	219	200	219
9	"1"	"1"	5	FALSE	0	45	100	0	0	395.979797464	395.979797464	1551383200.48	227	241	227	241
9	"1"	"1"	5	FALSE	0	45	100	0	0	395.979797464	395.979797464	1551383200.51	254	261	254	261
9	"1"	"1"	5	FALSE	0	45	100	0	0	395.979797464	395.979797464	1551383200.54	274	275	274	275
9	"1"	"1"	5	FALSE	0	45	100	0	0	395.979797464	395.979797464	1551383200.58	298	290	298	290
9	"1"	"1"	5	FALSE	0	45	100	0	0	395.979797464	395.979797464	1551383200.61	317	304	317	304
9	"1"	"1"	5	FALSE	0	45	100	0	0	395.979797464	395.979797464	1551383200.64	330	314	330	314
9	"1"	"1"	5	FALSE	0	45	100	0	0	395.979797464	395.979797464	1551383200.68	341	323	341	323
9	"1"	"1"	5	FALSE	0	45	100	0	0	395.979797464	395.979797464	1551383200.71	352	335	352	335
9	"1"	"1"	5	FALSE	0	45	100	0	0	395.979797464	395.979797464	1551383200.74	360	348	360	348
9	"1"	"1"	5	FALSE	0	45	100	0	0	395.979797464	395.979797464	1551383200.78	365	356	365	356
9	"1"	"1"	5	FALSE	0	45	100	0	0	395.979797464	395.979797464	1551383200.81	370	364	370	364
9	"1"	"1"	5	FALSE	0	45	100	0	0	395.979797464	395.979797464	1551383200.84	376	373	376	373
9	"1"	"1"	5	FALSE	0	45	100	0	0	395.979797464	395.979797464	1551383200.88	381	378	381	378
9	"1"	"1"	5	FALSE	0	45	100	0	0	395.979797464	395.979797464	1551383200.91	383	383	383	383
9	"1"	"1"	5	FALSE	0	45	100	0	0	395.979797464	395.979797464	1551383200.94	386	389	386	389
9	"1"	"1"	5	FALSE	0	45	100	0	0	395.979797464	395.979797464	1551383200.98	389	395	389	395
9	"1"	"1"	5	FALSE	0	45	100	0	0	395.979797464	395.979797464	1551383201.01	390	397	390	397
9	"1"	"1"	5	FALSE	0	45	100	0	0	395.979797464	395.979797464	1551383201.04	391	399	391	399
9	"1"	"1"	5	FALSE	0	45	100	0	0	395.979797464	395.979797464	1551383201.08	392	400	392	400
9	"1"	"1"	6	FALSE	0	135	100	0	0	-395.979797464	395.979797464	1551383202.22	-4	-4	-4	-4
9	"1"	"1"	6	FALSE	0	135	100	0	0	-395.979797464	395.979797464	1551383202.24	-4	-4	-4	-4
9	"1"	"1"	6	FALSE	0	135	100	0	0	-395.979797464	395.979797464	1551383202.28	-4	-4	-4	-4
9	"1"	"1"	6	FALSE	0	135	100	0	0	-395.979797464	395.979797464	1551383202.31	-4	-4	-4	-4
9	"1"	"1"	6	FALSE	0	135	100	0	0	-395.979797464	395.979797464	1551383202.35	-3	-4	-3	-4
9	"1"	"1"	6	FALSE	0	135	100	0	0	-395.979797464	395.979797464	1551383202.38	-3	-4	-3	-4
9	"1"	"1"	6	FALSE	0	135	100	0	0	-395.979797464	395.979797464	1551383202.41	-3	-4	-3	-4
9	"1"	"1"	6	FALSE	0	135	100	0	0	-395.979797464	395.979797464	1551383202.45	-3	-4	-3	-4
9	"1"	"1"	6	FALSE	0	135	100	0	0	-395.979797464	395.979797464	1551383202.48	-3	-3	-3	-3
9	"1"	"1"	6	FALSE	0	135	100	0	0	-395.979797464	395.979797464	1551383202.51	-3	1	-3	1
9	"1"	"1"	6	FALSE	0	135	100	0	0	-395.979797464	395.979797464	1551383202.55	-6	12	-6	12
9	"1"	"1"	6	FALSE	0	135	100	0	0	-395.979797464	395.979797464	1551383202.58	-15	30	-15	30
9	"1"	"1"	6	FALSE	0	135	100	0	0	-395.979797464	395.979797464	1551383202.61	-38	58	-38	58
9	"1"	"1"	6	FALSE	0	135	100	0	0	-395.979797464	395.979797464	1551383202.65	-60	82	-60	82
9	"1"	"1"	6	FALSE	0	135	100	0	0	-395.979797464	395.979797464	1551383202.68	-89	105	-89	105
9	"1"	"1"	6	FALSE	0	135	100	0	0	-395.979797464	395.979797464	1551383202.71	-119	127	-119	127
9	"1"	"1"	6	FALSE	0	135	100	0	0	-395.979797464	395.979797464	1551383202.75	-146	144	-146	144
9	"1"	"1"	6	FALSE	0	135	100	0	0	-395.979797464	395.979797464	1551383202.78	-178	163	-178	163
9	"1"	"1"	6	FALSE	0	135	100	0	0	-395.979797464	395.979797464	1551383202.81	-201	179	-201	179
9	"1"	"1"	6	FALSE	0	135	100	0	0	-395.979797464	395.979797464	1551383202.85	-231	198	-231	198
9	"1"	"1"	6	FALSE	0	135	100	0	0	-395.979797464	395.979797464	1551383202.88	-253	212	-253	212
9	"1"	"1"	6	FALSE	0	135	100	0	0	-395.979797464	395.979797464	1551383202.91	-274	228	-274	228
9	"1"	"1"	6	FALSE	0	135	100	0	0	-395.979797464	395.979797464	1551383202.95	-290	241	-290	241
9	"1"	"1"	6	FALSE	0	135	100	0	0	-395.979797464	395.979797464	1551383202.98	-305	254	-305	254
9	"1"	"1"	6	FALSE	0	135	100	0	0	-395.979797464	395.979797464	1551383203.01	-319	271	-319	271
9	"1"	"1"	6	FALSE	0	135	100	0	0	-395.979797464	395.979797464	1551383203.05	-333	287	-333	287
9	"1"	"1"	6	FALSE	0	135	100	0	0	-395.979797464	395.979797464	1551383203.08	-345	301	-345	301
9	"1"	"1"	6	FALSE	0	135	100	0	0	-395.979797464	395.979797464	1551383203.11	-356	317	-356	317
9	"1"	"1"	6	FALSE	0	135	100	0	0	-395.979797464	395.979797464	1551383203.15	-365	330	-365	330
9	"1"	"1"	6	FALSE	0	135	100	0	0	-395.979797464	395.979797464	1551383203.18	-371	342	-371	342
9	"1"	"1"	6	FALSE	0	135	100	0	0	-395.979797464	395.979797464	1551383203.21	-375	352	-375	352
9	"1"	"1"	6	FALSE	0	135	100	0	0	-395.979797464	395.979797464	1551383203.25	-378	361	-378	361
9	"1"	"1"	6	FALSE	0	135	100	0	0	-395.979797464	395.979797464	1551383203.28	-379	368	-379	368
9	"1"	"1"	6	FALSE	0	135	100	0	0	-395.979797464	395.979797464	1551383203.31	-380	374	-380	374
9	"1"	"1"	6	FALSE	0	135	100	0	0	-395.979797464	395.979797464	1551383203.35	-381	380	-381	380
9	"1"	"1"	6	FALSE	0	135	100	0	0	-395.979797464	395.979797464	1551383203.38	-382	385	-382	385
9	"1"	"1"	6	FALSE	0	135	100	0	0	-395.979797464	395.979797464	1551383203.41	-383	390	-383	390
9	"1"	"1"	6	FALSE	0	135	100	0	0	-395.979797464	395.979797464	1551383203.45	-384	393	-384	393
9	"1"	"1"	6	FALSE	0	135	100	0	0	-395.979797464	395.979797464	1551383203.48	-385	396	-385	396
9	"1"	"1"	7	FALSE	0	90	100	0	0	3.42901103761e-14	560	1551383205.06	-5	0	-5	0
9	"1"	"1"	7	FALSE	0	90	100	0	0	3.42901103761e-14	560	1551383205.08	-3	0	-3	0
9	"1"	"1"	7	FALSE	0	90	100	0	0	3.42901103761e-14	560	1551383205.11	-3	0	-3	0
9	"1"	"1"	7	FALSE	0	90	100	0	0	3.42901103761e-14	560	1551383205.15	-3	0	-3	0
9	"1"	"1"	7	FALSE	0	90	100	0	0	3.42901103761e-14	560	1551383205.18	-2	0	-2	0
9	"1"	"1"	7	FALSE	0	90	100	0	0	3.42901103761e-14	560	1551383205.21	-2	-1	-2	-1
9	"1"	"1"	7	FALSE	0	90	100	0	0	3.42901103761e-14	560	1551383205.25	-2	-1	-2	-1
9	"1"	"1"	7	FALSE	0	90	100	0	0	3.42901103761e-14	560	1551383205.28	-2	-1	-2	-1
9	"1"	"1"	7	FALSE	0	90	100	0	0	3.42901103761e-14	560	1551383205.31	-2	-1	-2	-1
9	"1"	"1"	7	FALSE	0	90	100	0	0	3.42901103761e-14	560	1551383205.35	-2	0	-2	0
9	"1"	"1"	7	FALSE	0	90	100	0	0	3.42901103761e-14	560	1551383205.38	-2	6	-2	6
9	"1"	"1"	7	FALSE	0	90	100	0	0	3.42901103761e-14	560	1551383205.41	-4	17	-4	17
9	"1"	"1"	7	FALSE	0	90	100	0	0	3.42901103761e-14	560	1551383205.45	-6	33	-6	33
9	"1"	"1"	7	FALSE	0	90	100	0	0	3.42901103761e-14	560	1551383205.48	-10	47	-10	47
9	"1"	"1"	7	FALSE	0	90	100	0	0	3.42901103761e-14	560	1551383205.51	-14	64	-14	64
9	"1"	"1"	7	FALSE	0	90	100	0	0	3.42901103761e-14	560	1551383205.55	-17	81	-17	81
9	"1"	"1"	7	FALSE	0	90	100	0	0	3.42901103761e-14	560	1551383205.58	-19	103	-19	103
9	"1"	"1"	7	FALSE	0	90	100	0	0	3.42901103761e-14	560	1551383205.61	-20	128	-20	128
9	"1"	"1"	7	FALSE	0	90	100	0	0	3.42901103761e-14	560	1551383205.65	-21	157	-21	157
9	"1"	"1"	7	FALSE	0	90	100	0	0	3.42901103761e-14	560	1551383205.68	-21	185	-21	185
9	"1"	"1"	7	FALSE	0	90	100	0	0	3.42901103761e-14	560	1551383205.71	-21	221	-21	221
9	"1"	"1"	7	FALSE	0	90	100	0	0	3.42901103761e-14	560	1551383205.75	-19	248	-19	248
9	"1"	"1"	7	FALSE	0	90	100	0	0	3.42901103761e-14	560	1551383205.78	-17	281	-17	281
9	"1"	"1"	7	FALSE	0	90	100	0	0	3.42901103761e-14	560	1551383205.81	-16	305	-16	305
9	"1"	"1"	7	FALSE	0	90	100	0	0	3.42901103761e-14	560	1551383205.85	-15	331	-15	331
9	"1"	"1"	7	FALSE	0	90	100	0	0	3.42901103761e-14	560	1551383205.88	-14	357	-14	357
9	"1"	"1"	7	FALSE	0	90	100	0	0	3.42901103761e-14	560	1551383205.91	-13	378	-13	378
9	"1"	"1"	7	FALSE	0	90	100	0	0	3.42901103761e-14	560	1551383205.95	-10	405	-10	405
9	"1"	"1"	7	FALSE	0	90	100	0	0	3.42901103761e-14	560	1551383205.98	-8	430	-8	430
9	"1"	"1"	7	FALSE	0	90	100	0	0	3.42901103761e-14	560	1551383206.01	-7	455	-7	455
9	"1"	"1"	7	FALSE	0	90	100	0	0	3.42901103761e-14	560	1551383206.05	-4	475	-4	475
9	"1"	"1"	7	FALSE	0	90	100	0	0	3.42901103761e-14	560	1551383206.08	-3	494	-3	494
9	"1"	"1"	7	FALSE	0	90	100	0	0	3.42901103761e-14	560	1551383206.11	-4	507	-4	507
9	"1"	"1"	7	FALSE	0	90	100	0	0	3.42901103761e-14	560	1551383206.15	-4	517	-4	517
9	"1"	"1"	7	FALSE	0	90	100	0	0	3.42901103761e-14	560	1551383206.18	-4	527	-4	527
9	"1"	"1"	7	FALSE	0	90	100	0	0	3.42901103761e-14	560	1551383206.21	-4	535	-4	535
9	"1"	"1"	7	FALSE	0	90	100	0	0	3.42901103761e-14	560	1551383206.25	-4	540	-4	540
9	"1"	"1"	7	FALSE	0	90	100	0	0	3.42901103761e-14	560	1551383206.28	-2	548	-2	548
9	"1"	"1"	7	FALSE	0	90	100	0	0	3.42901103761e-14	560	1551383206.32	0	554	0	554
9	"1"	"1"	7	FALSE	0	90	100	0	0	3.42901103761e-14	560	1551383206.35	2	560	2	560
9	"1"	"1"	7	FALSE	0	90	100	0	0	3.42901103761e-14	560	1551383206.38	5	566	5	566
9	"1"	"1"	7	FALSE	0	90	100	0	0	3.42901103761e-14	560	1551383206.41	7	572	7	572
9	"1"	"1"	7	FALSE	0	90	100	0	0	3.42901103761e-14	560	1551383206.45	8	574	8	574
9	"1"	"1"	7	FALSE	0	90	100	0	0	3.42901103761e-14	560	1551383206.48	8	574	8	574
9	"1"	"1"	7	FALSE	0	90	100	0	0	3.42901103761e-14	560	1551383206.52	8	574	8	574
9	"1"	"1"	7	FALSE	0	90	100	0	0	3.42901103761e-14	560	1551383206.55	8	574	8	574
9	"1"	"1"	7	FALSE	0	90	100	0	0	3.42901103761e-14	560	1551383206.58	8	574	8	574
9	"1"	"1"	7	FALSE	0	90	100	0	0	3.42901103761e-14	560	1551383206.62	7	571	7	571
9	"1"	"1"	7	FALSE	0	90	100	0	0	3.42901103761e-14	560	1551383206.65	6	564	6	564
9	"1"	"1"	7	FALSE	0	90	100	0	0	3.42901103761e-14	560	1551383206.68	3	555	3	555
9	"1"	"1"	7	FALSE	0	90	100	0	0	3.42901103761e-14	560	1551383206.72	1	552	1	552
9	"1"	"1"	8	FALSE	0	45	100	0	0	395.979797464	395.979797464	1551383207.76	3	4	3	4
9	"1"	"1"	8	FALSE	0	45	100	0	0	395.979797464	395.979797464	1551383207.78	3	4	3	4
9	"1"	"1"	8	FALSE	0	45	100	0	0	395.979797464	395.979797464	1551383207.82	3	4	3	4
9	"1"	"1"	8	FALSE	0	45	100	0	0	395.979797464	395.979797464	1551383207.85	3	4	3	4
9	"1"	"1"	8	FALSE	0	45	100	0	0	395.979797464	395.979797464	1551383207.88	3	4	3	4
9	"1"	"1"	8	FALSE	0	45	100	0	0	395.979797464	395.979797464	1551383207.92	3	4	3	4
9	"1"	"1"	8	FALSE	0	45	100	0	0	395.979797464	395.979797464	1551383207.95	3	4	3	4
9	"1"	"1"	8	FALSE	0	45	100	0	0	395.979797464	395.979797464	1551383207.98	3	4	3	4
9	"1"	"1"	8	FALSE	0	45	100	0	0	395.979797464	395.979797464	1551383208.02	3	4	3	4
9	"1"	"1"	8	FALSE	0	45	100	0	0	395.979797464	395.979797464	1551383208.05	3	4	3	4
9	"1"	"1"	8	FALSE	0	45	100	0	0	395.979797464	395.979797464	1551383208.08	3	4	3	4
9	"1"	"1"	8	FALSE	0	45	100	0	0	395.979797464	395.979797464	1551383208.12	4	6	4	6
9	"1"	"1"	8	FALSE	0	45	100	0	0	395.979797464	395.979797464	1551383208.15	7	14	7	14
9	"1"	"1"	8	FALSE	0	45	100	0	0	395.979797464	395.979797464	1551383208.18	15	26	15	26
9	"1"	"1"	8	FALSE	0	45	100	0	0	395.979797464	395.979797464	1551383208.22	37	57	37	57
9	"1"	"1"	8	FALSE	0	45	100	0	0	395.979797464	395.979797464	1551383208.25	57	84	57	84
9	"1"	"1"	8	FALSE	0	45	100	0	0	395.979797464	395.979797464	1551383208.28	83	114	83	114
9	"1"	"1"	8	FALSE	0	45	100	0	0	395.979797464	395.979797464	1551383208.32	113	147	113	147
9	"1"	"1"	8	FALSE	0	45	100	0	0	395.979797464	395.979797464	1551383208.35	148	179	148	179
9	"1"	"1"	8	FALSE	0	45	100	0	0	395.979797464	395.979797464	1551383208.38	188	217	188	217
9	"1"	"1"	8	FALSE	0	45	100	0	0	395.979797464	395.979797464	1551383208.42	218	243	218	243
9	"1"	"1"	8	FALSE	0	45	100	0	0	395.979797464	395.979797464	1551383208.45	240	263	240	263
9	"1"	"1"	8	FALSE	0	45	100	0	0	395.979797464	395.979797464	1551383208.48	270	283	270	283
9	"1"	"1"	8	FALSE	0	45	100	0	0	395.979797464	395.979797464	1551383208.52	296	299	296	299
9	"1"	"1"	8	FALSE	0	45	100	0	0	395.979797464	395.979797464	1551383208.55	318	313	318	313
9	"1"	"1"	8	FALSE	0	45	100	0	0	395.979797464	395.979797464	1551383208.58	337	323	337	323
9	"1"	"1"	8	FALSE	0	45	100	0	0	395.979797464	395.979797464	1551383208.62	357	336	357	336
9	"1"	"1"	8	FALSE	0	45	100	0	0	395.979797464	395.979797464	1551383208.65	371	347	371	347
9	"1"	"1"	8	FALSE	0	45	100	0	0	395.979797464	395.979797464	1551383208.68	386	359	386	359
9	"1"	"1"	8	FALSE	0	45	100	0	0	395.979797464	395.979797464	1551383208.72	401	369	401	369
9	"1"	"1"	8	FALSE	0	45	100	0	0	395.979797464	395.979797464	1551383208.75	414	377	414	377
9	"1"	"1"	8	FALSE	0	45	100	0	0	395.979797464	395.979797464	1551383208.78	422	382	422	382
9	"1"	"1"	8	FALSE	0	45	100	0	0	395.979797464	395.979797464	1551383208.82	427	386	427	386
9	"1"	"1"	8	FALSE	0	45	100	0	0	395.979797464	395.979797464	1551383208.85	429	389	429	389
9	"1"	"1"	8	FALSE	0	45	100	0	0	395.979797464	395.979797464	1551383208.88	429	393	429	393
9	"1"	"1"	8	FALSE	0	45	100	0	0	395.979797464	395.979797464	1551383208.92	428	397	428	397
9	"1"	"1"	8	FALSE	0	45	100	0	0	395.979797464	395.979797464	1551383208.95	426	400	426	400
9	"1"	"1"	8	FALSE	0	45	100	0	0	395.979797464	395.979797464	1551383208.98	424	402	424	402
9	"1"	"1"	8	FALSE	0	45	100	0	0	395.979797464	395.979797464	1551383209.02	421	403	421	403
9	"1"	"1"	8	FALSE	0	45	100	0	0	395.979797464	395.979797464	1551383209.05	418	402	418	402
9	"1"	"1"	8	FALSE	0	45	100	0	0	395.979797464	395.979797464	1551383209.08	416	400	416	400
9	"1"	"1"	8	FALSE	0	45	100	0	0	395.979797464	395.979797464	1551383209.12	415	399	415	399
9	"1"	"1"	8	FALSE	0	45	100	0	0	395.979797464	395.979797464	1551383209.15	415	399	415	399
9	"1"	"1"	8	FALSE	0	45	100	0	0	395.979797464	395.979797464	1551383209.18	415	398	415	398
9	"1"	"1"	8	FALSE	0	45	100	0	0	395.979797464	395.979797464	1551383209.22	415	398	415	398
9	"1"	"1"	8	FALSE	0	45	100	0	0	395.979797464	395.979797464	1551383209.25	415	398	415	398
9	"1"	"1"	8	FALSE	0	45	100	0	0	395.979797464	395.979797464	1551383209.28	411	395	411	395
9	"1"	"1"	8	FALSE	0	45	100	0	0	395.979797464	395.979797464	1551383209.32	409	395	409	395
9	"1"	"1"	9	FALSE	0	135	100	0	0	-395.979797464	395.979797464	1551383210.4	8	-2	8	-2
9	"1"	"1"	9	FALSE	0	135	100	0	0	-395.979797464	395.979797464	1551383210.42	7	-2	7	-2
9	"1"	"1"	9	FALSE	0	135	100	0	0	-395.979797464	395.979797464	1551383210.45	5	-1	5	-1
9	"1"	"1"	9	FALSE	0	135	100	0	0	-395.979797464	395.979797464	1551383210.48	4	0	4	0
9	"1"	"1"	9	FALSE	0	135	100	0	0	-395.979797464	395.979797464	1551383210.52	3	2	3	2
9	"1"	"1"	9	FALSE	0	135	100	0	0	-395.979797464	395.979797464	1551383210.55	3	4	3	4
9	"1"	"1"	9	FALSE	0	135	100	0	0	-395.979797464	395.979797464	1551383210.58	3	5	3	5
9	"1"	"1"	9	FALSE	0	135	100	0	0	-395.979797464	395.979797464	1551383210.62	3	5	3	5
9	"1"	"1"	9	FALSE	0	135	100	0	0	-395.979797464	395.979797464	1551383210.65	3	5	3	5
9	"1"	"1"	9	FALSE	0	135	100	0	0	-395.979797464	395.979797464	1551383210.69	3	5	3	5
9	"1"	"1"	9	FALSE	0	135	100	0	0	-395.979797464	395.979797464	1551383210.72	3	5	3	5
9	"1"	"1"	9	FALSE	0	135	100	0	0	-395.979797464	395.979797464	1551383210.75	-1	9	-1	9
9	"1"	"1"	9	FALSE	0	135	100	0	0	-395.979797464	395.979797464	1551383210.78	-10	19	-10	19
9	"1"	"1"	9	FALSE	0	135	100	0	0	-395.979797464	395.979797464	1551383210.82	-30	36	-30	36
9	"1"	"1"	9	FALSE	0	135	100	0	0	-395.979797464	395.979797464	1551383210.85	-52	55	-52	55
9	"1"	"1"	9	FALSE	0	135	100	0	0	-395.979797464	395.979797464	1551383210.89	-78	84	-78	84
9	"1"	"1"	9	FALSE	0	135	100	0	0	-395.979797464	395.979797464	1551383210.92	-109	109	-109	109
9	"1"	"1"	9	FALSE	0	135	100	0	0	-395.979797464	395.979797464	1551383210.95	-137	128	-137	128
9	"1"	"1"	9	FALSE	0	135	100	0	0	-395.979797464	395.979797464	1551383210.99	-169	151	-169	151
9	"1"	"1"	9	FALSE	0	135	100	0	0	-395.979797464	395.979797464	1551383211.02	-201	172	-201	172
9	"1"	"1"	9	FALSE	0	135	100	0	0	-395.979797464	395.979797464	1551383211.05	-231	191	-231	191
9	"1"	"1"	9	FALSE	0	135	100	0	0	-395.979797464	395.979797464	1551383211.09	-259	212	-259	212
9	"1"	"1"	9	FALSE	0	135	100	0	0	-395.979797464	395.979797464	1551383211.12	-281	230	-281	230
9	"1"	"1"	9	FALSE	0	135	100	0	0	-395.979797464	395.979797464	1551383211.15	-306	253	-306	253
9	"1"	"1"	9	FALSE	0	135	100	0	0	-395.979797464	395.979797464	1551383211.19	-325	272	-325	272
9	"1"	"1"	9	FALSE	0	135	100	0	0	-395.979797464	395.979797464	1551383211.22	-345	293	-345	293
9	"1"	"1"	9	FALSE	0	135	100	0	0	-395.979797464	395.979797464	1551383211.25	-362	312	-362	312
9	"1"	"1"	9	FALSE	0	135	100	0	0	-395.979797464	395.979797464	1551383211.29	-373	325	-373	325
9	"1"	"1"	9	FALSE	0	135	100	0	0	-395.979797464	395.979797464	1551383211.32	-380	336	-380	336
9	"1"	"1"	9	FALSE	0	135	100	0	0	-395.979797464	395.979797464	1551383211.35	-384	344	-384	344
9	"1"	"1"	9	FALSE	0	135	100	0	0	-395.979797464	395.979797464	1551383211.39	-387	351	-387	351
9	"1"	"1"	9	FALSE	0	135	100	0	0	-395.979797464	395.979797464	1551383211.42	-388	357	-388	357
9	"1"	"1"	9	FALSE	0	135	100	0	0	-395.979797464	395.979797464	1551383211.45	-389	362	-389	362
9	"1"	"1"	9	FALSE	0	135	100	0	0	-395.979797464	395.979797464	1551383211.49	-389	368	-389	368
9	"1"	"1"	9	FALSE	0	135	100	0	0	-395.979797464	395.979797464	1551383211.52	-388	373	-388	373
9	"1"	"1"	9	FALSE	0	135	100	0	0	-395.979797464	395.979797464	1551383211.55	-387	378	-387	378
9	"1"	"1"	9	FALSE	0	135	100	0	0	-395.979797464	395.979797464	1551383211.59	-386	384	-386	384
9	"1"	"1"	9	FALSE	0	135	100	0	0	-395.979797464	395.979797464	1551383211.62	-386	386	-386	386
9	"1"	"1"	10	FALSE	0	90	100	0	0	3.42901103761e-14	560	1551383212.8	-6	2	-6	2
9	"1"	"1"	10	FALSE	0	90	100	0	0	3.42901103761e-14	560	1551383212.82	-6	2	-6	2
9	"1"	"1"	10	FALSE	0	90	100	0	0	3.42901103761e-14	560	1551383212.85	-6	2	-6	2
9	"1"	"1"	10	FALSE	0	90	100	0	0	3.42901103761e-14	560	1551383212.89	-6	2	-6	2
9	"1"	"1"	10	FALSE	0	90	100	0	0	3.42901103761e-14	560	1551383212.92	-6	2	-6	2
9	"1"	"1"	10	FALSE	0	90	100	0	0	3.42901103761e-14	560	1551383212.95	-6	2	-6	2
9	"1"	"1"	10	FALSE	0	90	100	0	0	3.42901103761e-14	560	1551383212.99	-6	2	-6	2
9	"1"	"1"	10	FALSE	0	90	100	0	0	3.42901103761e-14	560	1551383213.02	-6	2	-6	2
9	"1"	"1"	10	FALSE	0	90	100	0	0	3.42901103761e-14	560	1551383213.05	-6	2	-6	2
9	"1"	"1"	10	FALSE	0	90	100	0	0	3.42901103761e-14	560	1551383213.09	-7	3	-7	3
9	"1"	"1"	10	FALSE	0	90	100	0	0	3.42901103761e-14	560	1551383213.12	-14	25	-14	25
9	"1"	"1"	10	FALSE	0	90	100	0	0	3.42901103761e-14	560	1551383213.15	-20	57	-20	57
9	"1"	"1"	10	FALSE	0	90	100	0	0	3.42901103761e-14	560	1551383213.19	-24	99	-24	99
9	"1"	"1"	10	FALSE	0	90	100	0	0	3.42901103761e-14	560	1551383213.22	-27	146	-27	146
9	"1"	"1"	10	FALSE	0	90	100	0	0	3.42901103761e-14	560	1551383213.25	-27	188	-27	188
9	"1"	"1"	10	FALSE	0	90	100	0	0	3.42901103761e-14	560	1551383213.29	-19	225	-19	225
9	"1"	"1"	10	FALSE	0	90	100	0	0	3.42901103761e-14	560	1551383213.32	-8	265	-8	265
9	"1"	"1"	10	FALSE	0	90	100	0	0	3.42901103761e-14	560	1551383213.35	-5	300	-5	300
9	"1"	"1"	10	FALSE	0	90	100	0	0	3.42901103761e-14	560	1551383213.39	-2	333	-2	333
9	"1"	"1"	10	FALSE	0	90	100	0	0	3.42901103761e-14	560	1551383213.42	5	368	5	368
9	"1"	"1"	10	FALSE	0	90	100	0	0	3.42901103761e-14	560	1551383213.45	8	399	8	399
9	"1"	"1"	10	FALSE	0	90	100	0	0	3.42901103761e-14	560	1551383213.49	9	426	9	426
9	"1"	"1"	10	FALSE	0	90	100	0	0	3.42901103761e-14	560	1551383213.52	10	451	10	451
9	"1"	"1"	10	FALSE	0	90	100	0	0	3.42901103761e-14	560	1551383213.55	9	465	9	465
9	"1"	"1"	10	FALSE	0	90	100	0	0	3.42901103761e-14	560	1551383213.59	9	488	9	488
9	"1"	"1"	10	FALSE	0	90	100	0	0	3.42901103761e-14	560	1551383213.62	9	499	9	499
9	"1"	"1"	10	FALSE	0	90	100	0	0	3.42901103761e-14	560	1551383213.65	7	509	7	509
9	"1"	"1"	10	FALSE	0	90	100	0	0	3.42901103761e-14	560	1551383213.69	6	520	6	520
9	"1"	"1"	10	FALSE	0	90	100	0	0	3.42901103761e-14	560	1551383213.72	7	528	7	528
9	"1"	"1"	10	FALSE	0	90	100	0	0	3.42901103761e-14	560	1551383213.75	7	535	7	535
9	"1"	"1"	10	FALSE	0	90	100	0	0	3.42901103761e-14	560	1551383213.79	6	541	6	541
9	"1"	"1"	10	FALSE	0	90	100	0	0	3.42901103761e-14	560	1551383213.82	4	549	4	549
9	"1"	"1"	10	FALSE	0	90	100	0	0	3.42901103761e-14	560	1551383213.85	1	555	1	555
9	"1"	"1"	10	FALSE	0	90	100	0	0	3.42901103761e-14	560	1551383213.89	0	557	0	557
9	"1"	"1"	11	FALSE	0	135	100	0	0	-395.979797464	395.979797464	1551383215.23	2	-7	2	-7
9	"1"	"1"	11	FALSE	0	135	100	0	0	-395.979797464	395.979797464	1551383215.25	2	-7	2	-7
9	"1"	"1"	11	FALSE	0	135	100	0	0	-395.979797464	395.979797464	1551383215.29	2	-7	2	-7
9	"1"	"1"	11	FALSE	0	135	100	0	0	-395.979797464	395.979797464	1551383215.32	2	-7	2	-7
9	"1"	"1"	11	FALSE	0	135	100	0	0	-395.979797464	395.979797464	1551383215.36	2	-7	2	-7
9	"1"	"1"	11	FALSE	0	135	100	0	0	-395.979797464	395.979797464	1551383215.39	2	-7	2	-7
9	"1"	"1"	11	FALSE	0	135	100	0	0	-395.979797464	395.979797464	1551383215.42	2	-7	2	-7
9	"1"	"1"	11	FALSE	0	135	100	0	0	-395.979797464	395.979797464	1551383215.46	2	-7	2	-7
9	"1"	"1"	11	FALSE	0	135	100	0	0	-395.979797464	395.979797464	1551383215.49	2	-6	2	-6
9	"1"	"1"	11	FALSE	0	135	100	0	0	-395.979797464	395.979797464	1551383215.52	2	-6	2	-6
9	"1"	"1"	11	FALSE	0	135	100	0	0	-395.979797464	395.979797464	1551383215.56	-5	0	-5	0
9	"1"	"1"	11	FALSE	0	135	100	0	0	-395.979797464	395.979797464	1551383215.59	-20	11	-20	11
9	"1"	"1"	11	FALSE	0	135	100	0	0	-395.979797464	395.979797464	1551383215.62	-51	31	-51	31
9	"1"	"1"	11	FALSE	0	135	100	0	0	-395.979797464	395.979797464	1551383215.66	-72	43	-72	43
9	"1"	"1"	11	FALSE	0	135	100	0	0	-395.979797464	395.979797464	1551383215.69	-92	57	-92	57
9	"1"	"1"	11	FALSE	0	135	100	0	0	-395.979797464	395.979797464	1551383215.72	-110	73	-110	73
9	"1"	"1"	11	FALSE	0	135	100	0	0	-395.979797464	395.979797464	1551383215.76	-134	97	-134	97
9	"1"	"1"	11	FALSE	0	135	100	0	0	-395.979797464	395.979797464	1551383215.79	-158	123	-158	123
9	"1"	"1"	11	FALSE	0	135	100	0	0	-395.979797464	395.979797464	1551383215.82	-181	149	-181	149
9	"1"	"1"	11	FALSE	0	135	100	0	0	-395.979797464	395.979797464	1551383215.86	-212	177	-212	177
9	"1"	"1"	11	FALSE	0	135	100	0	0	-395.979797464	395.979797464	1551383215.89	-246	206	-246	206
9	"1"	"1"	11	FALSE	0	135	100	0	0	-395.979797464	395.979797464	1551383215.92	-274	231	-274	231
9	"1"	"1"	11	FALSE	0	135	100	0	0	-395.979797464	395.979797464	1551383215.96	-305	258	-305	258
9	"1"	"1"	11	FALSE	0	135	100	0	0	-395.979797464	395.979797464	1551383215.99	-326	280	-326	280
9	"1"	"1"	11	FALSE	0	135	100	0	0	-395.979797464	395.979797464	1551383216.02	-351	306	-351	306
9	"1"	"1"	11	FALSE	0	135	100	0	0	-395.979797464	395.979797464	1551383216.06	-361	317	-361	317
9	"1"	"1"	11	FALSE	0	135	100	0	0	-395.979797464	395.979797464	1551383216.09	-372	330	-372	330
9	"1"	"1"	11	FALSE	0	135	100	0	0	-395.979797464	395.979797464	1551383216.12	-378	340	-378	340
9	"1"	"1"	11	FALSE	0	135	100	0	0	-395.979797464	395.979797464	1551383216.16	-382	349	-382	349
9	"1"	"1"	11	FALSE	0	135	100	0	0	-395.979797464	395.979797464	1551383216.19	-386	357	-386	357
9	"1"	"1"	11	FALSE	0	135	100	0	0	-395.979797464	395.979797464	1551383216.22	-388	364	-388	364
9	"1"	"1"	11	FALSE	0	135	100	0	0	-395.979797464	395.979797464	1551383216.26	-389	369	-389	369
9	"1"	"1"	11	FALSE	0	135	100	0	0	-395.979797464	395.979797464	1551383216.29	-389	374	-389	374
9	"1"	"1"	11	FALSE	0	135	100	0	0	-395.979797464	395.979797464	1551383216.32	-388	380	-388	380
9	"1"	"1"	11	FALSE	0	135	100	0	0	-395.979797464	395.979797464	1551383216.36	-386	384	-386	384
9	"1"	"1"	11	FALSE	0	135	100	0	0	-395.979797464	395.979797464	1551383216.39	-385	387	-385	387
9	"1"	"1"	11	FALSE	0	135	100	0	0	-395.979797464	395.979797464	1551383216.42	-383	391	-383	391
9	"1"	"1"	12	FALSE	0	45	100	0	0	395.979797464	395.979797464	1551383217.84	-1	4	-1	4
9	"1"	"1"	12	FALSE	0	45	100	0	0	395.979797464	395.979797464	1551383217.86	-1	4	-1	4
9	"1"	"1"	12	FALSE	0	45	100	0	0	395.979797464	395.979797464	1551383217.89	-1	4	-1	4
9	"1"	"1"	12	FALSE	0	45	100	0	0	395.979797464	395.979797464	1551383217.92	-1	4	-1	4
9	"1"	"1"	12	FALSE	0	45	100	0	0	395.979797464	395.979797464	1551383217.96	-1	4	-1	4
9	"1"	"1"	12	FALSE	0	45	100	0	0	395.979797464	395.979797464	1551383217.99	-1	4	-1	4
9	"1"	"1"	12	FALSE	0	45	100	0	0	395.979797464	395.979797464	1551383218.02	-1	4	-1	4
9	"1"	"1"	12	FALSE	0	45	100	0	0	395.979797464	395.979797464	1551383218.06	-1	4	-1	4
9	"1"	"1"	12	FALSE	0	45	100	0	0	395.979797464	395.979797464	1551383218.09	-1	4	-1	4
9	"1"	"1"	12	FALSE	0	45	100	0	0	395.979797464	395.979797464	1551383218.12	-1	5	-1	5
9	"1"	"1"	12	FALSE	0	45	100	0	0	395.979797464	395.979797464	1551383218.16	0	14	0	14
9	"1"	"1"	12	FALSE	0	45	100	0	0	395.979797464	395.979797464	1551383218.19	4	28	4	28
9	"1"	"1"	12	FALSE	0	45	100	0	0	395.979797464	395.979797464	1551383218.22	17	53	17	53
9	"1"	"1"	12	FALSE	0	45	100	0	0	395.979797464	395.979797464	1551383218.26	36	79	36	79
9	"1"	"1"	12	FALSE	0	45	100	0	0	395.979797464	395.979797464	1551383218.29	62	109	62	109
9	"1"	"1"	12	FALSE	0	45	100	0	0	395.979797464	395.979797464	1551383218.32	84	136	84	136
9	"1"	"1"	12	FALSE	0	45	100	0	0	395.979797464	395.979797464	1551383218.36	109	167	109	167
9	"1"	"1"	12	FALSE	0	45	100	0	0	395.979797464	395.979797464	1551383218.39	138	195	138	195
9	"1"	"1"	12	FALSE	0	45	100	0	0	395.979797464	395.979797464	1551383218.42	166	221	166	221
9	"1"	"1"	12	FALSE	0	45	100	0	0	395.979797464	395.979797464	1551383218.46	199	250	199	250
9	"1"	"1"	12	FALSE	0	45	100	0	0	395.979797464	395.979797464	1551383218.49	234	275	234	275
9	"1"	"1"	12	FALSE	0	45	100	0	0	395.979797464	395.979797464	1551383218.52	265	294	265	294
9	"1"	"1"	12	FALSE	0	45	100	0	0	395.979797464	395.979797464	1551383218.56	301	314	301	314
9	"1"	"1"	12	FALSE	0	45	100	0	0	395.979797464	395.979797464	1551383218.59	326	327	326	327
9	"1"	"1"	12	FALSE	0	45	100	0	0	395.979797464	395.979797464	1551383218.62	351	342	351	342
9	"1"	"1"	12	FALSE	0	45	100	0	0	395.979797464	395.979797464	1551383218.66	364	350	364	350
9	"1"	"1"	12	FALSE	0	45	100	0	0	395.979797464	395.979797464	1551383218.69	380	361	380	361
9	"1"	"1"	12	FALSE	0	45	100	0	0	395.979797464	395.979797464	1551383218.72	394	371	394	371
9	"1"	"1"	12	FALSE	0	45	100	0	0	395.979797464	395.979797464	1551383218.76	401	377	401	377
9	"1"	"1"	12	FALSE	0	45	100	0	0	395.979797464	395.979797464	1551383218.79	408	387	408	387
9	"1"	"1"	12	FALSE	0	45	100	0	0	395.979797464	395.979797464	1551383218.82	416	397	416	397
9	"1"	"1"	12	FALSE	0	45	100	0	0	395.979797464	395.979797464	1551383218.86	419	402	419	402
9	"1"	"1"	12	FALSE	0	45	100	0	0	395.979797464	395.979797464	1551383218.89	419	404	419	404
9	"1"	"1"	12	FALSE	0	45	100	0	0	395.979797464	395.979797464	1551383218.92	419	405	419	405
9	"1"	"1"	12	FALSE	0	45	100	0	0	395.979797464	395.979797464	1551383218.96	418	405	418	405
9	"1"	"1"	12	FALSE	0	45	100	0	0	395.979797464	395.979797464	1551383218.99	419	407	419	407
9	"1"	"1"	12	FALSE	0	45	100	0	0	395.979797464	395.979797464	1551383219.02	419	408	419	408
9	"1"	"1"	12	FALSE	0	45	100	0	0	395.979797464	395.979797464	1551383219.06	416	409	416	409
9	"1"	"1"	12	FALSE	0	45	100	0	0	395.979797464	395.979797464	1551383219.09	408	407	408	407
9	"1"	"1"	12	FALSE	0	45	100	0	0	395.979797464	395.979797464	1551383219.12	402	405	402	405
9	"1"	"1"	13	FALSE	0	135	100	0	0	-395.979797464	395.979797464	1551383220.34	4	6	4	6
9	"1"	"1"	13	FALSE	0	135	100	0	0	-395.979797464	395.979797464	1551383220.36	3	6	3	6
9	"1"	"1"	13	FALSE	0	135	100	0	0	-395.979797464	395.979797464	1551383220.39	1	4	1	4
9	"1"	"1"	13	FALSE	0	135	100	0	0	-395.979797464	395.979797464	1551383220.43	1	4	1	4
9	"1"	"1"	13	FALSE	0	135	100	0	0	-395.979797464	395.979797464	1551383220.46	1	4	1	4
9	"1"	"1"	13	FALSE	0	135	100	0	0	-395.979797464	395.979797464	1551383220.49	1	4	1	4
9	"1"	"1"	13	FALSE	0	135	100	0	0	-395.979797464	395.979797464	1551383220.53	1	4	1	4
9	"1"	"1"	13	FALSE	0	135	100	0	0	-395.979797464	395.979797464	1551383220.56	1	4	1	4
9	"1"	"1"	13	FALSE	0	135	100	0	0	-395.979797464	395.979797464	1551383220.59	1	4	1	4
9	"1"	"1"	13	FALSE	0	135	100	0	0	-395.979797464	395.979797464	1551383220.63	0	5	0	5
9	"1"	"1"	13	FALSE	0	135	100	0	0	-395.979797464	395.979797464	1551383220.66	-6	10	-6	10
9	"1"	"1"	13	FALSE	0	135	100	0	0	-395.979797464	395.979797464	1551383220.69	-19	24	-19	24
9	"1"	"1"	13	FALSE	0	135	100	0	0	-395.979797464	395.979797464	1551383220.73	-41	42	-41	42
9	"1"	"1"	13	FALSE	0	135	100	0	0	-395.979797464	395.979797464	1551383220.76	-66	58	-66	58
9	"1"	"1"	13	FALSE	0	135	100	0	0	-395.979797464	395.979797464	1551383220.79	-91	73	-91	73
9	"1"	"1"	13	FALSE	0	135	100	0	0	-395.979797464	395.979797464	1551383220.83	-118	89	-118	89
9	"1"	"1"	13	FALSE	0	135	100	0	0	-395.979797464	395.979797464	1551383220.86	-143	105	-143	105
9	"1"	"1"	13	FALSE	0	135	100	0	0	-395.979797464	395.979797464	1551383220.89	-174	127	-174	127
9	"1"	"1"	13	FALSE	0	135	100	0	0	-395.979797464	395.979797464	1551383220.93	-203	150	-203	150
9	"1"	"1"	13	FALSE	0	135	100	0	0	-395.979797464	395.979797464	1551383220.96	-229	173	-229	173
9	"1"	"1"	13	FALSE	0	135	100	0	0	-395.979797464	395.979797464	1551383220.99	-260	195	-260	195
9	"1"	"1"	13	FALSE	0	135	100	0	0	-395.979797464	395.979797464	1551383221.03	-284	214	-284	214
9	"1"	"1"	13	FALSE	0	135	100	0	0	-395.979797464	395.979797464	1551383221.06	-314	239	-314	239
9	"1"	"1"	13	FALSE	0	135	100	0	0	-395.979797464	395.979797464	1551383221.09	-331	256	-331	256
9	"1"	"1"	13	FALSE	0	135	100	0	0	-395.979797464	395.979797464	1551383221.13	-345	271	-345	271
9	"1"	"1"	13	FALSE	0	135	100	0	0	-395.979797464	395.979797464	1551383221.16	-358	287	-358	287
9	"1"	"1"	13	FALSE	0	135	100	0	0	-395.979797464	395.979797464	1551383221.19	-366	300	-366	300
9	"1"	"1"	13	FALSE	0	135	100	0	0	-395.979797464	395.979797464	1551383221.23	-372	313	-372	313
9	"1"	"1"	13	FALSE	0	135	100	0	0	-395.979797464	395.979797464	1551383221.26	-376	328	-376	328
9	"1"	"1"	13	FALSE	0	135	100	0	0	-395.979797464	395.979797464	1551383221.29	-379	339	-379	339
9	"1"	"1"	13	FALSE	0	135	100	0	0	-395.979797464	395.979797464	1551383221.33	-381	352	-381	352
9	"1"	"1"	13	FALSE	0	135	100	0	0	-395.979797464	395.979797464	1551383221.36	-382	364	-382	364
9	"1"	"1"	13	FALSE	0	135	100	0	0	-395.979797464	395.979797464	1551383221.39	-384	373	-384	373
9	"1"	"1"	13	FALSE	0	135	100	0	0	-395.979797464	395.979797464	1551383221.43	-384	380	-384	380
9	"1"	"1"	13	FALSE	0	135	100	0	0	-395.979797464	395.979797464	1551383221.46	-385	386	-385	386
9	"1"	"1"	13	FALSE	0	135	100	0	0	-395.979797464	395.979797464	1551383221.49	-385	392	-385	392
9	"1"	"1"	13	FALSE	0	135	100	0	0	-395.979797464	395.979797464	1551383221.53	-386	395	-386	395
9	"1"	"1"	13	FALSE	0	135	100	0	0	-395.979797464	395.979797464	1551383221.56	-387	398	-387	398
9	"1"	"1"	13	FALSE	0	135	100	0	0	-395.979797464	395.979797464	1551383221.59	-388	399	-388	399
9	"1"	"1"	14	FALSE	0	90	100	0	0	3.42901103761e-14	560	1551383223.01	4	2	4	2
9	"1"	"1"	14	FALSE	0	90	100	0	0	3.42901103761e-14	560	1551383223.03	4	2	4	2
9	"1"	"1"	14	FALSE	0	90	100	0	0	3.42901103761e-14	560	1551383223.06	4	2	4	2
9	"1"	"1"	14	FALSE	0	90	100	0	0	3.42901103761e-14	560	1551383223.09	4	2	4	2
9	"1"	"1"	14	FALSE	0	90	100	0	0	3.42901103761e-14	560	1551383223.13	4	2	4	2
9	"1"	"1"	14	FALSE	0	90	100	0	0	3.42901103761e-14	560	1551383223.16	4	2	4	2
9	"1"	"1"	14	FALSE	0	90	100	0	0	3.42901103761e-14	560	1551383223.19	4	2	4	2
9	"1"	"1"	14	FALSE	0	90	100	0	0	3.42901103761e-14	560	1551383223.23	4	2	4	2
9	"1"	"1"	14	FALSE	0	90	100	0	0	3.42901103761e-14	560	1551383223.26	4	3	4	3
9	"1"	"1"	14	FALSE	0	90	100	0	0	3.42901103761e-14	560	1551383223.29	3	5	3	5
9	"1"	"1"	14	FALSE	0	90	100	0	0	3.42901103761e-14	560	1551383223.33	-3	18	-3	18
9	"1"	"1"	14	FALSE	0	90	100	0	0	3.42901103761e-14	560	1551383223.36	-10	44	-10	44
9	"1"	"1"	14	FALSE	0	90	100	0	0	3.42901103761e-14	560	1551383223.39	-13	66	-13	66
9	"1"	"1"	14	FALSE	0	90	100	0	0	3.42901103761e-14	560	1551383223.43	-16	101	-16	101
9	"1"	"1"	14	FALSE	0	90	100	0	0	3.42901103761e-14	560	1551383223.46	-18	136	-18	136
9	"1"	"1"	14	FALSE	0	90	100	0	0	3.42901103761e-14	560	1551383223.49	-17	182	-17	182
9	"1"	"1"	14	FALSE	0	90	100	0	0	3.42901103761e-14	560	1551383223.53	-11	229	-11	229
9	"1"	"1"	14	FALSE	0	90	100	0	0	3.42901103761e-14	560	1551383223.56	-3	268	-3	268
9	"1"	"1"	14	FALSE	0	90	100	0	0	3.42901103761e-14	560	1551383223.59	3	308	3	308
9	"1"	"1"	14	FALSE	0	90	100	0	0	3.42901103761e-14	560	1551383223.63	8	342	8	342
9	"1"	"1"	14	FALSE	0	90	100	0	0	3.42901103761e-14	560	1551383223.66	12	375	12	375
9	"1"	"1"	14	FALSE	0	90	100	0	0	3.42901103761e-14	560	1551383223.69	14	402	14	402
9	"1"	"1"	14	FALSE	0	90	100	0	0	3.42901103761e-14	560	1551383223.73	17	432	17	432
9	"1"	"1"	14	FALSE	0	90	100	0	0	3.42901103761e-14	560	1551383223.76	19	457	19	457
9	"1"	"1"	14	FALSE	0	90	100	0	0	3.42901103761e-14	560	1551383223.79	19	475	19	475
9	"1"	"1"	14	FALSE	0	90	100	0	0	3.42901103761e-14	560	1551383223.83	19	494	19	494
9	"1"	"1"	14	FALSE	0	90	100	0	0	3.42901103761e-14	560	1551383223.86	17	505	17	505
9	"1"	"1"	14	FALSE	0	90	100	0	0	3.42901103761e-14	560	1551383223.9	15	517	15	517
9	"1"	"1"	14	FALSE	0	90	100	0	0	3.42901103761e-14	560	1551383223.93	13	529	13	529
9	"1"	"1"	14	FALSE	0	90	100	0	0	3.42901103761e-14	560	1551383223.96	11	537	11	537
9	"1"	"1"	14	FALSE	0	90	100	0	0	3.42901103761e-14	560	1551383224	9	547	9	547
9	"1"	"1"	14	FALSE	0	90	100	0	0	3.42901103761e-14	560	1551383224.03	9	555	9	555
9	"1"	"1"	14	FALSE	0	90	100	0	0	3.42901103761e-14	560	1551383224.06	9	562	9	562
9	"1"	"1"	14	FALSE	0	90	100	0	0	3.42901103761e-14	560	1551383224.1	8	566	8	566
9	"1"	"1"	14	FALSE	0	90	100	0	0	3.42901103761e-14	560	1551383224.13	7	570	7	570
9	"1"	"1"	14	FALSE	0	90	100	0	0	3.42901103761e-14	560	1551383224.16	7	572	7	572
9	"1"	"1"	15	FALSE	0	45	100	0	0	395.979797464	395.979797464	1551383225.48	-3	-1	-3	-1
9	"1"	"1"	15	FALSE	0	45	100	0	0	395.979797464	395.979797464	1551383225.5	-3	-4	-3	-4
9	"1"	"1"	15	FALSE	0	45	100	0	0	395.979797464	395.979797464	1551383225.53	-2	-9	-2	-9
9	"1"	"1"	15	FALSE	0	45	100	0	0	395.979797464	395.979797464	1551383225.56	-1	-10	-1	-10
9	"1"	"1"	15	FALSE	0	45	100	0	0	395.979797464	395.979797464	1551383225.6	-1	-11	-1	-11
9	"1"	"1"	15	FALSE	0	45	100	0	0	395.979797464	395.979797464	1551383225.63	-1	-11	-1	-11
9	"1"	"1"	15	FALSE	0	45	100	0	0	395.979797464	395.979797464	1551383225.66	-1	-11	-1	-11
9	"1"	"1"	15	FALSE	0	45	100	0	0	395.979797464	395.979797464	1551383225.7	-1	-11	-1	-11
9	"1"	"1"	15	FALSE	0	45	100	0	0	395.979797464	395.979797464	1551383225.73	-1	-11	-1	-11
9	"1"	"1"	15	FALSE	0	45	100	0	0	395.979797464	395.979797464	1551383225.76	-1	-10	-1	-10
9	"1"	"1"	15	FALSE	0	45	100	0	0	395.979797464	395.979797464	1551383225.8	0	-7	0	-7
9	"1"	"1"	15	FALSE	0	45	100	0	0	395.979797464	395.979797464	1551383225.83	4	7	4	7
9	"1"	"1"	15	FALSE	0	45	100	0	0	395.979797464	395.979797464	1551383225.86	15	34	15	34
9	"1"	"1"	15	FALSE	0	45	100	0	0	395.979797464	395.979797464	1551383225.9	27	56	27	56
9	"1"	"1"	15	FALSE	0	45	100	0	0	395.979797464	395.979797464	1551383225.93	45	84	45	84
9	"1"	"1"	15	FALSE	0	45	100	0	0	395.979797464	395.979797464	1551383225.96	65	107	65	107
9	"1"	"1"	15	FALSE	0	45	100	0	0	395.979797464	395.979797464	1551383226	82	127	82	127
9	"1"	"1"	15	FALSE	0	45	100	0	0	395.979797464	395.979797464	1551383226.03	101	148	101	148
9	"1"	"1"	15	FALSE	0	45	100	0	0	395.979797464	395.979797464	1551383226.06	122	168	122	168
9	"1"	"1"	15	FALSE	0	45	100	0	0	395.979797464	395.979797464	1551383226.1	145	190	145	190
9	"1"	"1"	15	FALSE	0	45	100	0	0	395.979797464	395.979797464	1551383226.13	167	211	167	211
9	"1"	"1"	15	FALSE	0	45	100	0	0	395.979797464	395.979797464	1551383226.16	194	230	194	230
9	"1"	"1"	15	FALSE	0	45	100	0	0	395.979797464	395.979797464	1551383226.2	224	252	224	252
9	"1"	"1"	15	FALSE	0	45	100	0	0	395.979797464	395.979797464	1551383226.23	251	272	251	272
9	"1"	"1"	15	FALSE	0	45	100	0	0	395.979797464	395.979797464	1551383226.26	279	293	279	293
9	"1"	"1"	15	FALSE	0	45	100	0	0	395.979797464	395.979797464	1551383226.3	302	312	302	312
9	"1"	"1"	15	FALSE	0	45	100	0	0	395.979797464	395.979797464	1551383226.33	325	327	325	327
9	"1"	"1"	15	FALSE	0	45	100	0	0	395.979797464	395.979797464	1551383226.36	343	340	343	340
9	"1"	"1"	15	FALSE	0	45	100	0	0	395.979797464	395.979797464	1551383226.4	355	352	355	352
9	"1"	"1"	15	FALSE	0	45	100	0	0	395.979797464	395.979797464	1551383226.43	367	365	367	365
9	"1"	"1"	15	FALSE	0	45	100	0	0	395.979797464	395.979797464	1551383226.46	374	374	374	374
9	"1"	"1"	15	FALSE	0	45	100	0	0	395.979797464	395.979797464	1551383226.5	379	382	379	382
9	"1"	"1"	15	FALSE	0	45	100	0	0	395.979797464	395.979797464	1551383226.53	385	389	385	389
9	"1"	"1"	15	FALSE	0	45	100	0	0	395.979797464	395.979797464	1551383226.56	393	395	393	395
9	"1"	"1"	15	FALSE	0	45	100	0	0	395.979797464	395.979797464	1551383226.6	399	400	399	400
9	"1"	"1"	15	FALSE	0	45	100	0	0	395.979797464	395.979797464	1551383226.63	404	404	404	404
9	"1"	"1"	15	FALSE	0	45	100	0	0	395.979797464	395.979797464	1551383226.66	411	408	411	408
9	"1"	"1"	15	FALSE	0	45	100	0	0	395.979797464	395.979797464	1551383226.7	414	410	414	410
9	"1"	"1"	15	FALSE	0	45	100	0	0	395.979797464	395.979797464	1551383226.73	416	412	416	412
9	"1"	"1"	15	FALSE	0	45	100	0	0	395.979797464	395.979797464	1551383226.76	415	411	415	411
9	"1"	"1"	15	FALSE	0	45	100	0	0	395.979797464	395.979797464	1551383226.8	412	410	412	410
9	"1"	"1"	15	FALSE	0	45	100	0	0	395.979797464	395.979797464	1551383226.83	409	409	409	409
9	"1"	"1"	15	FALSE	0	45	100	0	0	395.979797464	395.979797464	1551383226.86	410	408	410	408
9	"1"	"1"	15	FALSE	0	45	100	0	0	395.979797464	395.979797464	1551383226.9	409	406	409	406
9	"1"	"1"	15	FALSE	0	45	100	0	0	395.979797464	395.979797464	1551383226.93	406	404	406	404
9	"1"	"1"	15	FALSE	0	45	100	0	0	395.979797464	395.979797464	1551383226.96	403	402	403	402
9	"1"	"1"	15	FALSE	0	45	100	0	0	395.979797464	395.979797464	1551383227	399	400	399	400
9	"1"	"1"	15	FALSE	0	45	100	0	0	395.979797464	395.979797464	1551383227.03	397	399	397	399
9	"1"	"1"	16	FALSE	0	45	100	0	0	395.979797464	395.979797464	1551383228.11	-9	-5	-9	-5
9	"1"	"1"	16	FALSE	0	45	100	0	0	395.979797464	395.979797464	1551383228.13	-9	-5	-9	-5
9	"1"	"1"	16	FALSE	0	45	100	0	0	395.979797464	395.979797464	1551383228.16	-9	-5	-9	-5
9	"1"	"1"	16	FALSE	0	45	100	0	0	395.979797464	395.979797464	1551383228.2	-9	-5	-9	-5
9	"1"	"1"	16	FALSE	0	45	100	0	0	395.979797464	395.979797464	1551383228.23	-9	-5	-9	-5
9	"1"	"1"	16	FALSE	0	45	100	0	0	395.979797464	395.979797464	1551383228.27	-9	-5	-9	-5
9	"1"	"1"	16	FALSE	0	45	100	0	0	395.979797464	395.979797464	1551383228.3	-6	-2	-6	-2
9	"1"	"1"	16	FALSE	0	45	100	0	0	395.979797464	395.979797464	1551383228.33	-3	1	-3	1
9	"1"	"1"	16	FALSE	0	45	100	0	0	395.979797464	395.979797464	1551383228.37	-2	3	-2	3
9	"1"	"1"	16	FALSE	0	45	100	0	0	395.979797464	395.979797464	1551383228.4	-1	3	-1	3
9	"1"	"1"	16	FALSE	0	45	100	0	0	395.979797464	395.979797464	1551383228.43	-1	3	-1	3
9	"1"	"1"	16	FALSE	0	45	100	0	0	395.979797464	395.979797464	1551383228.47	-1	3	-1	3
9	"1"	"1"	16	FALSE	0	45	100	0	0	395.979797464	395.979797464	1551383228.5	-1	3	-1	3
9	"1"	"1"	16	FALSE	0	45	100	0	0	395.979797464	395.979797464	1551383228.53	0	4	0	4
9	"1"	"1"	16	FALSE	0	45	100	0	0	395.979797464	395.979797464	1551383228.57	6	11	6	11
9	"1"	"1"	16	FALSE	0	45	100	0	0	395.979797464	395.979797464	1551383228.6	26	44	26	44
9	"1"	"1"	16	FALSE	0	45	100	0	0	395.979797464	395.979797464	1551383228.63	56	87	56	87
9	"1"	"1"	16	FALSE	0	45	100	0	0	395.979797464	395.979797464	1551383228.67	89	124	89	124
9	"1"	"1"	16	FALSE	0	45	100	0	0	395.979797464	395.979797464	1551383228.7	130	165	130	165
9	"1"	"1"	16	FALSE	0	45	100	0	0	395.979797464	395.979797464	1551383228.73	166	197	166	197
9	"1"	"1"	16	FALSE	0	45	100	0	0	395.979797464	395.979797464	1551383228.77	194	218	194	218
9	"1"	"1"	16	FALSE	0	45	100	0	0	395.979797464	395.979797464	1551383228.8	220	238	220	238
9	"1"	"1"	16	FALSE	0	45	100	0	0	395.979797464	395.979797464	1551383228.83	239	252	239	252
9	"1"	"1"	16	FALSE	0	45	100	0	0	395.979797464	395.979797464	1551383228.87	262	272	262	272
9	"1"	"1"	16	FALSE	0	45	100	0	0	395.979797464	395.979797464	1551383228.9	275	283	275	283
9	"1"	"1"	16	FALSE	0	45	100	0	0	395.979797464	395.979797464	1551383228.93	293	302	293	302
9	"1"	"1"	16	FALSE	0	45	100	0	0	395.979797464	395.979797464	1551383228.97	310	317	310	317
9	"1"	"1"	16	FALSE	0	45	100	0	0	395.979797464	395.979797464	1551383229	322	328	322	328
9	"1"	"1"	16	FALSE	0	45	100	0	0	395.979797464	395.979797464	1551383229.03	335	340	335	340
9	"1"	"1"	16	FALSE	0	45	100	0	0	395.979797464	395.979797464	1551383229.07	345	350	345	350
9	"1"	"1"	16	FALSE	0	45	100	0	0	395.979797464	395.979797464	1551383229.1	353	356	353	356
9	"1"	"1"	16	FALSE	0	45	100	0	0	395.979797464	395.979797464	1551383229.13	360	362	360	362
9	"1"	"1"	16	FALSE	0	45	100	0	0	395.979797464	395.979797464	1551383229.17	364	366	364	366
9	"1"	"1"	16	FALSE	0	45	100	0	0	395.979797464	395.979797464	1551383229.2	370	371	370	371
9	"1"	"1"	16	FALSE	0	45	100	0	0	395.979797464	395.979797464	1551383229.23	373	374	373	374
9	"1"	"1"	16	FALSE	0	45	100	0	0	395.979797464	395.979797464	1551383229.27	373	375	373	375
9	"1"	"1"	16	FALSE	0	45	100	0	0	395.979797464	395.979797464	1551383229.3	378	379	378	379
9	"1"	"1"	16	FALSE	0	45	100	0	0	395.979797464	395.979797464	1551383229.33	382	381	382	381
9	"1"	"1"	16	FALSE	0	45	100	0	0	395.979797464	395.979797464	1551383229.37	383	382	383	382
9	"1"	"1"	16	FALSE	0	45	100	0	0	395.979797464	395.979797464	1551383229.4	386	384	386	384
9	"1"	"1"	16	FALSE	0	45	100	0	0	395.979797464	395.979797464	1551383229.43	389	386	389	386
9	"1"	"1"	17	FALSE	0	135	100	0	0	-395.979797464	395.979797464	1551383230.58	-8	-4	-8	-4
9	"1"	"1"	17	FALSE	0	135	100	0	0	-395.979797464	395.979797464	1551383230.6	-8	-4	-8	-4
9	"1"	"1"	17	FALSE	0	135	100	0	0	-395.979797464	395.979797464	1551383230.63	-8	-4	-8	-4
9	"1"	"1"	17	FALSE	0	135	100	0	0	-395.979797464	395.979797464	1551383230.67	-8	-4	-8	-4
9	"1"	"1"	17	FALSE	0	135	100	0	0	-395.979797464	395.979797464	1551383230.7	-8	-4	-8	-4
9	"1"	"1"	17	FALSE	0	135	100	0	0	-395.979797464	395.979797464	1551383230.73	-8	-4	-8	-4
9	"1"	"1"	17	FALSE	0	135	100	0	0	-395.979797464	395.979797464	1551383230.77	-8	-4	-8	-4
9	"1"	"1"	17	FALSE	0	135	100	0	0	-395.979797464	395.979797464	1551383230.8	-8	-4	-8	-4
9	"1"	"1"	17	FALSE	0	135	100	0	0	-395.979797464	395.979797464	1551383230.83	-7	-3	-7	-3
9	"1"	"1"	17	FALSE	0	135	100	0	0	-395.979797464	395.979797464	1551383230.87	-6	-2	-6	-2
9	"1"	"1"	17	FALSE	0	135	100	0	0	-395.979797464	395.979797464	1551383230.9	-5	0	-5	0
9	"1"	"1"	17	FALSE	0	135	100	0	0	-395.979797464	395.979797464	1551383230.93	-7	5	-7	5
9	"1"	"1"	17	FALSE	0	135	100	0	0	-395.979797464	395.979797464	1551383230.97	-13	16	-13	16
9	"1"	"1"	17	FALSE	0	135	100	0	0	-395.979797464	395.979797464	1551383231	-24	31	-24	31
9	"1"	"1"	17	FALSE	0	135	100	0	0	-395.979797464	395.979797464	1551383231.03	-37	52	-37	52
9	"1"	"1"	17	FALSE	0	135	100	0	0	-395.979797464	395.979797464	1551383231.07	-54	81	-54	81
9	"1"	"1"	17	FALSE	0	135	100	0	0	-395.979797464	395.979797464	1551383231.1	-74	111	-74	111
9	"1"	"1"	17	FALSE	0	135	100	0	0	-395.979797464	395.979797464	1551383231.13	-95	140	-95	140
9	"1"	"1"	17	FALSE	0	135	100	0	0	-395.979797464	395.979797464	1551383231.17	-118	160	-118	160
9	"1"	"1"	17	FALSE	0	135	100	0	0	-395.979797464	395.979797464	1551383231.2	-149	186	-149	186
9	"1"	"1"	17	FALSE	0	135	100	0	0	-395.979797464	395.979797464	1551383231.23	-185	212	-185	212
9	"1"	"1"	17	FALSE	0	135	100	0	0	-395.979797464	395.979797464	1551383231.27	-217	232	-217	232
9	"1"	"1"	17	FALSE	0	135	100	0	0	-395.979797464	395.979797464	1551383231.3	-255	256	-255	256
9	"1"	"1"	17	FALSE	0	135	100	0	0	-395.979797464	395.979797464	1551383231.33	-291	279	-291	279
9	"1"	"1"	17	FALSE	0	135	100	0	0	-395.979797464	395.979797464	1551383231.37	-322	297	-322	297
9	"1"	"1"	17	FALSE	0	135	100	0	0	-395.979797464	395.979797464	1551383231.4	-346	312	-346	312
9	"1"	"1"	17	FALSE	0	135	100	0	0	-395.979797464	395.979797464	1551383231.43	-358	320	-358	320
9	"1"	"1"	17	FALSE	0	135	100	0	0	-395.979797464	395.979797464	1551383231.47	-371	329	-371	329
9	"1"	"1"	17	FALSE	0	135	100	0	0	-395.979797464	395.979797464	1551383231.5	-378	336	-378	336
9	"1"	"1"	17	FALSE	0	135	100	0	0	-395.979797464	395.979797464	1551383231.53	-384	346	-384	346
9	"1"	"1"	17	FALSE	0	135	100	0	0	-395.979797464	395.979797464	1551383231.57	-388	359	-388	359
9	"1"	"1"	17	FALSE	0	135	100	0	0	-395.979797464	395.979797464	1551383231.6	-391	371	-391	371
9	"1"	"1"	17	FALSE	0	135	100	0	0	-395.979797464	395.979797464	1551383231.63	-396	386	-396	386
9	"1"	"1"	17	FALSE	0	135	100	0	0	-395.979797464	395.979797464	1551383231.67	-398	392	-398	392
9	"1"	"1"	17	FALSE	0	135	100	0	0	-395.979797464	395.979797464	1551383231.7	-399	395	-399	395
9	"1"	"1"	18	FALSE	0	90	100	0	0	3.42901103761e-14	560	1551383233.15	-3	-9	-3	-9
9	"1"	"1"	18	FALSE	0	90	100	0	0	3.42901103761e-14	560	1551383233.17	-3	-8	-3	-8
9	"1"	"1"	18	FALSE	0	90	100	0	0	3.42901103761e-14	560	1551383233.2	-2	-6	-2	-6
9	"1"	"1"	18	FALSE	0	90	100	0	0	3.42901103761e-14	560	1551383233.24	-2	-5	-2	-5
9	"1"	"1"	18	FALSE	0	90	100	0	0	3.42901103761e-14	560	1551383233.27	-2	-2	-2	-2
9	"1"	"1"	18	FALSE	0	90	100	0	0	3.42901103761e-14	560	1551383233.3	-3	0	-3	0
9	"1"	"1"	18	FALSE	0	90	100	0	0	3.42901103761e-14	560	1551383233.34	-3	3	-3	3
9	"1"	"1"	18	FALSE	0	90	100	0	0	3.42901103761e-14	560	1551383233.37	-4	4	-4	4
9	"1"	"1"	18	FALSE	0	90	100	0	0	3.42901103761e-14	560	1551383233.4	-4	4	-4	4
9	"1"	"1"	18	FALSE	0	90	100	0	0	3.42901103761e-14	560	1551383233.44	-4	5	-4	5
9	"1"	"1"	18	FALSE	0	90	100	0	0	3.42901103761e-14	560	1551383233.47	-6	9	-6	9
9	"1"	"1"	18	FALSE	0	90	100	0	0	3.42901103761e-14	560	1551383233.5	-12	22	-12	22
9	"1"	"1"	18	FALSE	0	90	100	0	0	3.42901103761e-14	560	1551383233.54	-23	48	-23	48
9	"1"	"1"	18	FALSE	0	90	100	0	0	3.42901103761e-14	560	1551383233.57	-28	67	-28	67
9	"1"	"1"	18	FALSE	0	90	100	0	0	3.42901103761e-14	560	1551383233.6	-32	92	-32	92
9	"1"	"1"	18	FALSE	0	90	100	0	0	3.42901103761e-14	560	1551383233.64	-33	122	-33	122
9	"1"	"1"	18	FALSE	0	90	100	0	0	3.42901103761e-14	560	1551383233.67	-31	148	-31	148
9	"1"	"1"	18	FALSE	0	90	100	0	0	3.42901103761e-14	560	1551383233.7	-30	175	-30	175
9	"1"	"1"	18	FALSE	0	90	100	0	0	3.42901103761e-14	560	1551383233.74	-29	205	-29	205
9	"1"	"1"	18	FALSE	0	90	100	0	0	3.42901103761e-14	560	1551383233.77	-27	240	-27	240
9	"1"	"1"	18	FALSE	0	90	100	0	0	3.42901103761e-14	560	1551383233.8	-24	268	-24	268
9	"1"	"1"	18	FALSE	0	90	100	0	0	3.42901103761e-14	560	1551383233.84	-21	281	-21	281
9	"1"	"1"	18	FALSE	0	90	100	0	0	3.42901103761e-14	560	1551383233.87	-17	299	-17	299
9	"1"	"1"	18	FALSE	0	90	100	0	0	3.42901103761e-14	560	1551383233.9	-12	330	-12	330
9	"1"	"1"	18	FALSE	0	90	100	0	0	3.42901103761e-14	560	1551383233.94	-9	346	-9	346
9	"1"	"1"	18	FALSE	0	90	100	0	0	3.42901103761e-14	560	1551383233.97	-7	360	-7	360
9	"1"	"1"	18	FALSE	0	90	100	0	0	3.42901103761e-14	560	1551383234	-5	379	-5	379
9	"1"	"1"	18	FALSE	0	90	100	0	0	3.42901103761e-14	560	1551383234.04	-2	393	-2	393
9	"1"	"1"	18	FALSE	0	90	100	0	0	3.42901103761e-14	560	1551383234.07	0	407	0	407
9	"1"	"1"	18	FALSE	0	90	100	0	0	3.42901103761e-14	560	1551383234.1	1	430	1	430
9	"1"	"1"	18	FALSE	0	90	100	0	0	3.42901103761e-14	560	1551383234.14	3	441	3	441
9	"1"	"1"	18	FALSE	0	90	100	0	0	3.42901103761e-14	560	1551383234.17	4	453	4	453
9	"1"	"1"	18	FALSE	0	90	100	0	0	3.42901103761e-14	560	1551383234.2	6	465	6	465
9	"1"	"1"	18	FALSE	0	90	100	0	0	3.42901103761e-14	560	1551383234.24	6	477	6	477
9	"1"	"1"	18	FALSE	0	90	100	0	0	3.42901103761e-14	560	1551383234.27	7	488	7	488
9	"1"	"1"	18	FALSE	0	90	100	0	0	3.42901103761e-14	560	1551383234.3	7	501	7	501
9	"1"	"1"	18	FALSE	0	90	100	0	0	3.42901103761e-14	560	1551383234.34	7	512	7	512
9	"1"	"1"	18	FALSE	0	90	100	0	0	3.42901103761e-14	560	1551383234.37	7	522	7	522
9	"1"	"1"	18	FALSE	0	90	100	0	0	3.42901103761e-14	560	1551383234.4	8	535	8	535
9	"1"	"1"	18	FALSE	0	90	100	0	0	3.42901103761e-14	560	1551383234.44	7	548	7	548
9	"1"	"1"	18	FALSE	0	90	100	0	0	3.42901103761e-14	560	1551383234.47	6	558	6	558
9	"1"	"1"	18	FALSE	0	90	100	0	0	3.42901103761e-14	560	1551383234.5	5	562	5	562
9	"1"	"1"	18	FALSE	0	90	100	0	0	3.42901103761e-14	560	1551383234.54	5	565	5	565
9	"1"	"1"	18	FALSE	0	90	100	0	0	3.42901103761e-14	560	1551383234.57	4	569	4	569
9	"1"	"1"	19	FALSE	0	135	100	0	0	-395.979797464	395.979797464	1551383235.82	3	-6	3	-6
9	"1"	"1"	19	FALSE	0	135	100	0	0	-395.979797464	395.979797464	1551383235.84	3	-6	3	-6
9	"1"	"1"	19	FALSE	0	135	100	0	0	-395.979797464	395.979797464	1551383235.87	2	-6	2	-6
9	"1"	"1"	19	FALSE	0	135	100	0	0	-395.979797464	395.979797464	1551383235.9	1	-5	1	-5
9	"1"	"1"	19	FALSE	0	135	100	0	0	-395.979797464	395.979797464	1551383235.94	0	-5	0	-5
9	"1"	"1"	19	FALSE	0	135	100	0	0	-395.979797464	395.979797464	1551383235.97	-1	-5	-1	-5
9	"1"	"1"	19	FALSE	0	135	100	0	0	-395.979797464	395.979797464	1551383236	-2	-3	-2	-3
9	"1"	"1"	19	FALSE	0	135	100	0	0	-395.979797464	395.979797464	1551383236.04	-3	-1	-3	-1
9	"1"	"1"	19	FALSE	0	135	100	0	0	-395.979797464	395.979797464	1551383236.07	-4	0	-4	0
9	"1"	"1"	19	FALSE	0	135	100	0	0	-395.979797464	395.979797464	1551383236.1	-5	2	-5	2
9	"1"	"1"	19	FALSE	0	135	100	0	0	-395.979797464	395.979797464	1551383236.14	-9	4	-9	4
9	"1"	"1"	19	FALSE	0	135	100	0	0	-395.979797464	395.979797464	1551383236.17	-19	10	-19	10
9	"1"	"1"	19	FALSE	0	135	100	0	0	-395.979797464	395.979797464	1551383236.2	-38	20	-38	20
9	"1"	"1"	19	FALSE	0	135	100	0	0	-395.979797464	395.979797464	1551383236.24	-61	32	-61	32
9	"1"	"1"	19	FALSE	0	135	100	0	0	-395.979797464	395.979797464	1551383236.27	-91	46	-91	46
9	"1"	"1"	19	FALSE	0	135	100	0	0	-395.979797464	395.979797464	1551383236.3	-112	55	-112	55
9	"1"	"1"	19	FALSE	0	135	100	0	0	-395.979797464	395.979797464	1551383236.34	-136	71	-136	71
9	"1"	"1"	19	FALSE	0	135	100	0	0	-395.979797464	395.979797464	1551383236.37	-164	91	-164	91
9	"1"	"1"	19	FALSE	0	135	100	0	0	-395.979797464	395.979797464	1551383236.4	-190	107	-190	107
9	"1"	"1"	19	FALSE	0	135	100	0	0	-395.979797464	395.979797464	1551383236.44	-218	128	-218	128
9	"1"	"1"	19	FALSE	0	135	100	0	0	-395.979797464	395.979797464	1551383236.47	-244	154	-244	154
9	"1"	"1"	19	FALSE	0	135	100	0	0	-395.979797464	395.979797464	1551383236.5	-265	175	-265	175
9	"1"	"1"	19	FALSE	0	135	100	0	0	-395.979797464	395.979797464	1551383236.54	-279	195	-279	195
9	"1"	"1"	19	FALSE	0	135	100	0	0	-395.979797464	395.979797464	1551383236.57	-294	225	-294	225
9	"1"	"1"	19	FALSE	0	135	100	0	0	-395.979797464	395.979797464	1551383236.6	-306	251	-306	251
9	"1"	"1"	19	FALSE	0	135	100	0	0	-395.979797464	395.979797464	1551383236.64	-316	274	-316	274
9	"1"	"1"	19	FALSE	0	135	100	0	0	-395.979797464	395.979797464	1551383236.67	-328	303	-328	303
9	"1"	"1"	19	FALSE	0	135	100	0	0	-395.979797464	395.979797464	1551383236.7	-334	321	-334	321
9	"1"	"1"	19	FALSE	0	135	100	0	0	-395.979797464	395.979797464	1551383236.74	-341	335	-341	335
9	"1"	"1"	19	FALSE	0	135	100	0	0	-395.979797464	395.979797464	1551383236.77	-348	351	-348	351
9	"1"	"1"	19	FALSE	0	135	100	0	0	-395.979797464	395.979797464	1551383236.81	-355	362	-355	362
9	"1"	"1"	19	FALSE	0	135	100	0	0	-395.979797464	395.979797464	1551383236.84	-363	370	-363	370
9	"1"	"1"	19	FALSE	0	135	100	0	0	-395.979797464	395.979797464	1551383236.87	-369	375	-369	375
9	"1"	"1"	19	FALSE	0	135	100	0	0	-395.979797464	395.979797464	1551383236.91	-375	380	-375	380
9	"1"	"1"	19	FALSE	0	135	100	0	0	-395.979797464	395.979797464	1551383236.94	-379	384	-379	384
9	"1"	"1"	19	FALSE	0	135	100	0	0	-395.979797464	395.979797464	1551383236.97	-382	387	-382	387
9	"1"	"1"	19	FALSE	0	135	100	0	0	-395.979797464	395.979797464	1551383237.01	-385	392	-385	392
9	"1"	"1"	19	FALSE	0	135	100	0	0	-395.979797464	395.979797464	1551383237.04	-386	394	-386	394
9	"1"	"1"	20	FALSE	0	90	100	0	0	3.42901103761e-14	560	1551383238.72	-8	3	-8	3
9	"1"	"1"	20	FALSE	0	90	100	0	0	3.42901103761e-14	560	1551383238.74	-7	3	-7	3
9	"1"	"1"	20	FALSE	0	90	100	0	0	3.42901103761e-14	560	1551383238.77	-5	4	-5	4
9	"1"	"1"	20	FALSE	0	90	100	0	0	3.42901103761e-14	560	1551383238.81	-4	4	-4	4
9	"1"	"1"	20	FALSE	0	90	100	0	0	3.42901103761e-14	560	1551383238.84	-3	3	-3	3
9	"1"	"1"	20	FALSE	0	90	100	0	0	3.42901103761e-14	560	1551383238.87	-3	3	-3	3
9	"1"	"1"	20	FALSE	0	90	100	0	0	3.42901103761e-14	560	1551383238.91	-2	2	-2	2
9	"1"	"1"	20	FALSE	0	90	100	0	0	3.42901103761e-14	560	1551383238.94	-2	2	-2	2
9	"1"	"1"	20	FALSE	0	90	100	0	0	3.42901103761e-14	560	1551383238.97	-1	1	-1	1
9	"1"	"1"	20	FALSE	0	90	100	0	0	3.42901103761e-14	560	1551383239.01	-1	2	-1	2
9	"1"	"1"	20	FALSE	0	90	100	0	0	3.42901103761e-14	560	1551383239.04	-3	7	-3	7
9	"1"	"1"	20	FALSE	0	90	100	0	0	3.42901103761e-14	560	1551383239.07	-7	15	-7	15
9	"1"	"1"	20	FALSE	0	90	100	0	0	3.42901103761e-14	560	1551383239.11	-15	36	-15	36
9	"1"	"1"	20	FALSE	0	90	100	0	0	3.42901103761e-14	560	1551383239.14	-22	61	-22	61
9	"1"	"1"	20	FALSE	0	90	100	0	0	3.42901103761e-14	560	1551383239.17	-22	82	-22	82
9	"1"	"1"	20	FALSE	0	90	100	0	0	3.42901103761e-14	560	1551383239.21	-20	107	-20	107
9	"1"	"1"	20	FALSE	0	90	100	0	0	3.42901103761e-14	560	1551383239.24	-20	143	-20	143
9	"1"	"1"	20	FALSE	0	90	100	0	0	3.42901103761e-14	560	1551383239.27	-18	172	-18	172
9	"1"	"1"	20	FALSE	0	90	100	0	0	3.42901103761e-14	560	1551383239.31	-16	197	-16	197
9	"1"	"1"	20	FALSE	0	90	100	0	0	3.42901103761e-14	560	1551383239.34	-13	236	-13	236
9	"1"	"1"	20	FALSE	0	90	100	0	0	3.42901103761e-14	560	1551383239.37	-8	263	-8	263
9	"1"	"1"	20	FALSE	0	90	100	0	0	3.42901103761e-14	560	1551383239.41	-6	285	-6	285
9	"1"	"1"	20	FALSE	0	90	100	0	0	3.42901103761e-14	560	1551383239.44	-4	324	-4	324
9	"1"	"1"	20	FALSE	0	90	100	0	0	3.42901103761e-14	560	1551383239.47	-2	345	-2	345
9	"1"	"1"	20	FALSE	0	90	100	0	0	3.42901103761e-14	560	1551383239.51	0	370	0	370
9	"1"	"1"	20	FALSE	0	90	100	0	0	3.42901103761e-14	560	1551383239.54	1	391	1	391
9	"1"	"1"	20	FALSE	0	90	100	0	0	3.42901103761e-14	560	1551383239.57	1	403	1	403
9	"1"	"1"	20	FALSE	0	90	100	0	0	3.42901103761e-14	560	1551383239.61	0	417	0	417
9	"1"	"1"	20	FALSE	0	90	100	0	0	3.42901103761e-14	560	1551383239.64	0	436	0	436
9	"1"	"1"	20	FALSE	0	90	100	0	0	3.42901103761e-14	560	1551383239.67	1	457	1	457
9	"1"	"1"	20	FALSE	0	90	100	0	0	3.42901103761e-14	560	1551383239.71	3	468	3	468
9	"1"	"1"	20	FALSE	0	90	100	0	0	3.42901103761e-14	560	1551383239.74	3	479	3	479
9	"1"	"1"	20	FALSE	0	90	100	0	0	3.42901103761e-14	560	1551383239.77	4	489	4	489
9	"1"	"1"	20	FALSE	0	90	100	0	0	3.42901103761e-14	560	1551383239.81	4	496	4	496
9	"1"	"1"	20	FALSE	0	90	100	0	0	3.42901103761e-14	560	1551383239.84	3	504	3	504
9	"1"	"1"	20	FALSE	0	90	100	0	0	3.42901103761e-14	560	1551383239.87	3	511	3	511
9	"1"	"1"	20	FALSE	0	90	100	0	0	3.42901103761e-14	560	1551383239.91	3	518	3	518
9	"1"	"1"	20	FALSE	0	90	100	0	0	3.42901103761e-14	560	1551383239.94	3	526	3	526
9	"1"	"1"	20	FALSE	0	90	100	0	0	3.42901103761e-14	560	1551383239.97	3	533	3	533
9	"1"	"1"	20	FALSE	0	90	100	0	0	3.42901103761e-14	560	1551383240.01	3	540	3	540
9	"1"	"1"	20	FALSE	0	90	100	0	0	3.42901103761e-14	560	1551383240.04	3	544	3	544
9	"1"	"1"	20	FALSE	0	90	100	0	0	3.42901103761e-14	560	1551383240.07	3	548	3	548
9	"1"	"1"	20	FALSE	0	90	100	0	0	3.42901103761e-14	560	1551383240.11	3	551	3	551
9	"1"	"1"	20	FALSE	0	90	100	0	0	3.42901103761e-14	560	1551383240.14	3	555	3	555
9	"1"	"1"	20	FALSE	0	90	100	0	0	3.42901103761e-14	560	1551383240.17	3	559	3	559
9	"1"	"1"	20	FALSE	0	90	100	0	0	3.42901103761e-14	560	1551383240.21	3	561	3	561
9	"1"	"1"	20	FALSE	0	90	100	0	0	3.42901103761e-14	560	1551383240.24	2	563	2	563
9	"1"	"1"	21	FALSE	0	45	100	0	0	395.979797464	395.979797464	1551383241.45	-3	5	-3	5
9	"1"	"1"	21	FALSE	0	45	100	0	0	395.979797464	395.979797464	1551383241.48	-3	5	-3	5
9	"1"	"1"	21	FALSE	0	45	100	0	0	395.979797464	395.979797464	1551383241.51	-3	5	-3	5
9	"1"	"1"	21	FALSE	0	45	100	0	0	395.979797464	395.979797464	1551383241.54	-3	5	-3	5
9	"1"	"1"	21	FALSE	0	45	100	0	0	395.979797464	395.979797464	1551383241.58	-3	5	-3	5
9	"1"	"1"	21	FALSE	0	45	100	0	0	395.979797464	395.979797464	1551383241.61	-3	5	-3	5
9	"1"	"1"	21	FALSE	0	45	100	0	0	395.979797464	395.979797464	1551383241.64	-3	5	-3	5
9	"1"	"1"	21	FALSE	0	45	100	0	0	395.979797464	395.979797464	1551383241.68	-3	5	-3	5
9	"1"	"1"	21	FALSE	0	45	100	0	0	395.979797464	395.979797464	1551383241.71	-1	3	-1	3
9	"1"	"1"	21	FALSE	0	45	100	0	0	395.979797464	395.979797464	1551383241.74	-1	3	-1	3
9	"1"	"1"	21	FALSE	0	45	100	0	0	395.979797464	395.979797464	1551383241.78	1	4	1	4
9	"1"	"1"	21	FALSE	0	45	100	0	0	395.979797464	395.979797464	1551383241.81	5	10	5	10
9	"1"	"1"	21	FALSE	0	45	100	0	0	395.979797464	395.979797464	1551383241.84	12	20	12	20
9	"1"	"1"	21	FALSE	0	45	100	0	0	395.979797464	395.979797464	1551383241.88	25	35	25	35
9	"1"	"1"	21	FALSE	0	45	100	0	0	395.979797464	395.979797464	1551383241.91	46	62	46	62
9	"1"	"1"	21	FALSE	0	45	100	0	0	395.979797464	395.979797464	1551383241.94	65	85	65	85
9	"1"	"1"	21	FALSE	0	45	100	0	0	395.979797464	395.979797464	1551383241.98	81	100	81	100
9	"1"	"1"	21	FALSE	0	45	100	0	0	395.979797464	395.979797464	1551383242.01	105	125	105	125
9	"1"	"1"	21	FALSE	0	45	100	0	0	395.979797464	395.979797464	1551383242.04	132	152	132	152
9	"1"	"1"	21	FALSE	0	45	100	0	0	395.979797464	395.979797464	1551383242.08	156	176	156	176
9	"1"	"1"	21	FALSE	0	45	100	0	0	395.979797464	395.979797464	1551383242.11	187	203	187	203
9	"1"	"1"	21	FALSE	0	45	100	0	0	395.979797464	395.979797464	1551383242.14	218	232	218	232
9	"1"	"1"	21	FALSE	0	45	100	0	0	395.979797464	395.979797464	1551383242.18	244	251	244	251
9	"1"	"1"	21	FALSE	0	45	100	0	0	395.979797464	395.979797464	1551383242.21	272	275	272	275
9	"1"	"1"	21	FALSE	0	45	100	0	0	395.979797464	395.979797464	1551383242.24	300	296	300	296
9	"1"	"1"	21	FALSE	0	45	100	0	0	395.979797464	395.979797464	1551383242.28	324	314	324	314
9	"1"	"1"	21	FALSE	0	45	100	0	0	395.979797464	395.979797464	1551383242.31	342	328	342	328
9	"1"	"1"	21	FALSE	0	45	100	0	0	395.979797464	395.979797464	1551383242.34	359	344	359	344
9	"1"	"1"	21	FALSE	0	45	100	0	0	395.979797464	395.979797464	1551383242.38	372	355	372	355
9	"1"	"1"	21	FALSE	0	45	100	0	0	395.979797464	395.979797464	1551383242.41	381	363	381	363
9	"1"	"1"	21	FALSE	0	45	100	0	0	395.979797464	395.979797464	1551383242.44	390	371	390	371
9	"1"	"1"	21	FALSE	0	45	100	0	0	395.979797464	395.979797464	1551383242.48	396	377	396	377
9	"1"	"1"	21	FALSE	0	45	100	0	0	395.979797464	395.979797464	1551383242.51	399	382	399	382
9	"1"	"1"	21	FALSE	0	45	100	0	0	395.979797464	395.979797464	1551383242.54	401	387	401	387
9	"1"	"1"	21	FALSE	0	45	100	0	0	395.979797464	395.979797464	1551383242.58	402	392	402	392
