"task_num"	"task_name"	"trial_type"	"trial_num"	"terminalfeedback_bool"	"rotation_angle"	"targetangle_deg"	"targetdistance_percmax"	"homex_px"	"homey_px"	"targetx_px"	"targety_px"	"time_s"	"mousex_px"	"mousey_px"	"cursorx_px"	"cursory_px"
9	"1"	"1"	1	FALSE	0	135	100	0	0	-395.979797464	395.979797464	0.00192284584045	4	-3	4	-3
9	"1"	"1"	1	FALSE	0	135	100	0	0	-395.979797464	395.979797464	0.0345377922058	4	-3	4	-3
9	"1"	"1"	1	FALSE	0	135	100	0	0	-395.979797464	395.979797464	0.0680088996887	4	-3	4	-3
9	"1"	"1"	1	FALSE	0	135	100	0	0	-395.979797464	395.979797464	0.101500988007	4	-3	4	-3
9	"1"	"1"	1	FALSE	0	135	100	0	0	-395.979797464	395.979797464	0.134813785553	4	-3	4	-3
9	"1"	"1"	1	FALSE	0	135	100	0	0	-395.979797464	395.979797464	0.168195962906	4	-3	4	-3
9	"1"	"1"	1	FALSE	0	135	100	0	0	-395.979797464	395.979797464	0.201472997665	4	-3	4	-3
9	"1"	"1"	1	FALSE	0	135	100	0	0	-395.979797464	395.979797464	0.234814882278	4	-3	4	-3
9	"1"	"1"	1	FALSE	0	135	100	0	0	-395.979797464	395.979797464	0.268212795258	4	-3	4	-3
9	"1"	"1"	1	FALSE	0	135	100	0	0	-395.979797464	395.979797464	0.301482915878	4	-3	4	-3
9	"1"	"1"	1	FALSE	0	135	100	0	0	-395.979797464	395.979797464	0.334896802902	4	-3	4	-3
9	"1"	"1"	1	FALSE	0	135	100	0	0	-395.979797464	395.979797464	0.368410825729	4	-3	4	-3
9	"1"	"1"	1	FALSE	0	135	100	0	0	-395.979797464	395.979797464	0.401692867279	4	-3	4	-3
9	"1"	"1"	1	FALSE	0	135	100	0	0	-395.979797464	395.979797464	0.434857845306	4	-3	4	-3
9	"1"	"1"	1	FALSE	0	135	100	0	0	-395.979797464	395.979797464	0.468406915665	4	-3	4	-3
9	"1"	"1"	1	FALSE	0	135	100	0	0	-395.979797464	395.979797464	0.501836776733	3	-3	3	-3
9	"1"	"1"	1	FALSE	0	135	100	0	0	-395.979797464	395.979797464	0.535188913345	3	-3	3	-3
9	"1"	"1"	1	FALSE	0	135	100	0	0	-395.979797464	395.979797464	0.568532943726	1	-1	1	-1
9	"1"	"1"	1	FALSE	0	135	100	0	0	-395.979797464	395.979797464	0.601885795593	-1	0	-1	0
9	"1"	"1"	1	FALSE	0	135	100	0	0	-395.979797464	395.979797464	0.63523888588	-3	1	-3	1
9	"1"	"1"	1	FALSE	0	135	100	0	0	-395.979797464	395.979797464	0.668574810028	-9	5	-9	5
9	"1"	"1"	1	FALSE	0	135	100	0	0	-395.979797464	395.979797464	0.701981782913	-20	13	-20	13
9	"1"	"1"	1	FALSE	0	135	100	0	0	-395.979797464	395.979797464	0.7353079319	-37	24	-37	24
9	"1"	"1"	1	FALSE	0	135	100	0	0	-395.979797464	395.979797464	0.768697977066	-57	37	-57	37
9	"1"	"1"	1	FALSE	0	135	100	0	0	-395.979797464	395.979797464	0.802030801773	-82	56	-82	56
9	"1"	"1"	1	FALSE	0	135	100	0	0	-395.979797464	395.979797464	0.835459947586	-109	75	-109	75
9	"1"	"1"	1	FALSE	0	135	100	0	0	-395.979797464	395.979797464	0.86874294281	-132	91	-132	91
9	"1"	"1"	1	FALSE	0	135	100	0	0	-395.979797464	395.979797464	0.902131795883	-159	110	-159	110
9	"1"	"1"	1	FALSE	0	135	100	0	0	-395.979797464	395.979797464	0.93535399437	-181	126	-181	126
9	"1"	"1"	1	FALSE	0	135	100	0	0	-395.979797464	395.979797464	0.968793869019	-209	151	-209	151
9	"1"	"1"	1	FALSE	0	135	100	0	0	-395.979797464	395.979797464	1.00217199326	-228	168	-228	168
9	"1"	"1"	1	FALSE	0	135	100	0	0	-395.979797464	395.979797464	1.03559088707	-249	188	-249	188
9	"1"	"1"	1	FALSE	0	135	100	0	0	-395.979797464	395.979797464	1.0689599514	-265	206	-265	206
9	"1"	"1"	1	FALSE	0	135	100	0	0	-395.979797464	395.979797464	1.10228490829	-277	223	-277	223
9	"1"	"1"	1	FALSE	0	135	100	0	0	-395.979797464	395.979797464	1.13563895226	-288	245	-288	245
9	"1"	"1"	1	FALSE	0	135	100	0	0	-395.979797464	395.979797464	1.16892194748	-297	262	-297	262
9	"1"	"1"	1	FALSE	0	135	100	0	0	-395.979797464	395.979797464	1.2022998333	-303	277	-303	277
9	"1"	"1"	1	FALSE	0	135	100	0	0	-395.979797464	395.979797464	1.23566293716	-310	293	-310	293
9	"1"	"1"	1	FALSE	0	135	100	0	0	-395.979797464	395.979797464	1.26907777786	-316	307	-316	307
9	"1"	"1"	1	FALSE	0	135	100	0	0	-395.979797464	395.979797464	1.30233383179	-322	321	-322	321
9	"1"	"1"	1	FALSE	0	135	100	0	0	-395.979797464	395.979797464	1.335698843	-328	332	-328	332
9	"1"	"1"	1	FALSE	0	135	100	0	0	-395.979797464	395.979797464	1.36916899681	-336	345	-336	345
9	"1"	"1"	1	FALSE	0	135	100	0	0	-395.979797464	395.979797464	1.40254592896	-343	355	-343	355
9	"1"	"1"	1	FALSE	0	135	100	0	0	-395.979797464	395.979797464	1.43576598167	-350	363	-350	363
9	"1"	"1"	1	FALSE	0	135	100	0	0	-395.979797464	395.979797464	1.46922087669	-358	372	-358	372
9	"1"	"1"	1	FALSE	0	135	100	0	0	-395.979797464	395.979797464	1.50268387794	-364	381	-364	381
9	"1"	"1"	1	FALSE	0	135	100	0	0	-395.979797464	395.979797464	1.53600597382	-371	388	-371	388
9	"1"	"1"	1	FALSE	0	135	100	0	0	-395.979797464	395.979797464	1.56933093071	-375	392	-375	392
9	"1"	"1"	1	FALSE	0	135	100	0	0	-395.979797464	395.979797464	1.6026198864	-379	395	-379	395
9	"1"	"1"	1	FALSE	0	135	100	0	0	-395.979797464	395.979797464	1.63604092598	-382	397	-382	397
9	"1"	"1"	1	FALSE	0	135	100	0	0	-395.979797464	395.979797464	1.66942882538	-384	399	-384	399
9	"1"	"1"	1	FALSE	0	135	100	0	0	-395.979797464	395.979797464	1.70272898674	-385	400	-385	400
9	"1"	"1"	2	FALSE	0	45	100	0	0	395.979797464	395.979797464	0.00206995010376	-1	2	-1	2
9	"1"	"1"	2	FALSE	0	45	100	0	0	395.979797464	395.979797464	0.0230720043182	-1	2	-1	2
9	"1"	"1"	2	FALSE	0	45	100	0	0	395.979797464	395.979797464	0.056510925293	-1	2	-1	2
9	"1"	"1"	2	FALSE	0	45	100	0	0	395.979797464	395.979797464	0.0898718833923	-1	2	-1	2
9	"1"	"1"	2	FALSE	0	45	100	0	0	395.979797464	395.979797464	0.123212099075	-1	2	-1	2
9	"1"	"1"	2	FALSE	0	45	100	0	0	395.979797464	395.979797464	0.15661406517	-1	2	-1	2
9	"1"	"1"	2	FALSE	0	45	100	0	0	395.979797464	395.979797464	0.19006896019	-1	2	-1	2
9	"1"	"1"	2	FALSE	0	45	100	0	0	395.979797464	395.979797464	0.223289012909	-1	2	-1	2
9	"1"	"1"	2	FALSE	0	45	100	0	0	395.979797464	395.979797464	0.256759881973	-1	2	-1	2
9	"1"	"1"	2	FALSE	0	45	100	0	0	395.979797464	395.979797464	0.290236949921	-1	2	-1	2
9	"1"	"1"	2	FALSE	0	45	100	0	0	395.979797464	395.979797464	0.323474884033	-1	2	-1	2
9	"1"	"1"	2	FALSE	0	45	100	0	0	395.979797464	395.979797464	0.356851100922	0	2	0	2
9	"1"	"1"	2	FALSE	0	45	100	0	0	395.979797464	395.979797464	0.390000104904	0	2	0	2
9	"1"	"1"	2	FALSE	0	45	100	0	0	395.979797464	395.979797464	0.422986984253	2	5	2	5
9	"1"	"1"	2	FALSE	0	45	100	0	0	395.979797464	395.979797464	0.456924915314	11	16	11	16
9	"1"	"1"	2	FALSE	0	45	100	0	0	395.979797464	395.979797464	0.490333080292	22	28	22	28
9	"1"	"1"	2	FALSE	0	45	100	0	0	395.979797464	395.979797464	0.523708105087	41	48	41	48
9	"1"	"1"	2	FALSE	0	45	100	0	0	395.979797464	395.979797464	0.557009935379	62	71	62	71
9	"1"	"1"	2	FALSE	0	45	100	0	0	395.979797464	395.979797464	0.590241909027	87	97	87	97
9	"1"	"1"	2	FALSE	0	45	100	0	0	395.979797464	395.979797464	0.623737096786	113	124	113	124
9	"1"	"1"	2	FALSE	0	45	100	0	0	395.979797464	395.979797464	0.657108068466	137	149	137	149
9	"1"	"1"	2	FALSE	0	45	100	0	0	395.979797464	395.979797464	0.690428972244	166	181	166	181
9	"1"	"1"	2	FALSE	0	45	100	0	0	395.979797464	395.979797464	0.723799943924	195	205	195	205
9	"1"	"1"	2	FALSE	0	45	100	0	0	395.979797464	395.979797464	0.757242918015	222	232	222	232
9	"1"	"1"	2	FALSE	0	45	100	0	0	395.979797464	395.979797464	0.79051399231	247	256	247	256
9	"1"	"1"	2	FALSE	0	45	100	0	0	395.979797464	395.979797464	0.823807954788	266	276	266	276
9	"1"	"1"	2	FALSE	0	45	100	0	0	395.979797464	395.979797464	0.857311010361	286	296	286	296
9	"1"	"1"	2	FALSE	0	45	100	0	0	395.979797464	395.979797464	0.890616893768	298	307	298	307
9	"1"	"1"	2	FALSE	0	45	100	0	0	395.979797464	395.979797464	0.9239590168	312	322	312	322
9	"1"	"1"	2	FALSE	0	45	100	0	0	395.979797464	395.979797464	0.957309961319	325	334	325	334
9	"1"	"1"	2	FALSE	0	45	100	0	0	395.979797464	395.979797464	0.99072098732	334	343	334	343
9	"1"	"1"	2	FALSE	0	45	100	0	0	395.979797464	395.979797464	1.02405595779	342	350	342	350
9	"1"	"1"	2	FALSE	0	45	100	0	0	395.979797464	395.979797464	1.05730390549	349	356	349	356
9	"1"	"1"	2	FALSE	0	45	100	0	0	395.979797464	395.979797464	1.09078288078	359	363	359	363
9	"1"	"1"	2	FALSE	0	45	100	0	0	395.979797464	395.979797464	1.12406301498	365	368	365	368
9	"1"	"1"	2	FALSE	0	45	100	0	0	395.979797464	395.979797464	1.15751791	371	372	371	372
9	"1"	"1"	2	FALSE	0	45	100	0	0	395.979797464	395.979797464	1.19072198868	376	376	376	376
9	"1"	"1"	2	FALSE	0	45	100	0	0	395.979797464	395.979797464	1.22423601151	378	378	378	378
9	"1"	"1"	2	FALSE	0	45	100	0	0	395.979797464	395.979797464	1.25732803345	381	381	381	381
9	"1"	"1"	2	FALSE	0	45	100	0	0	395.979797464	395.979797464	1.29090595245	388	386	388	386
9	"1"	"1"	3	FALSE	0	90	100	0	0	3.42901103761e-14	560	0.00214791297913	5	-4	5	-4
9	"1"	"1"	3	FALSE	0	90	100	0	0	3.42901103761e-14	560	0.022500038147	4	-5	4	-5
9	"1"	"1"	3	FALSE	0	90	100	0	0	3.42901103761e-14	560	0.0558590888977	4	-5	4	-5
9	"1"	"1"	3	FALSE	0	90	100	0	0	3.42901103761e-14	560	0.0892698764801	4	-5	4	-5
9	"1"	"1"	3	FALSE	0	90	100	0	0	3.42901103761e-14	560	0.122159004211	4	-5	4	-5
9	"1"	"1"	3	FALSE	0	90	100	0	0	3.42901103761e-14	560	0.156002044678	4	-5	4	-5
9	"1"	"1"	3	FALSE	0	90	100	0	0	3.42901103761e-14	560	0.18927192688	4	-5	4	-5
9	"1"	"1"	3	FALSE	0	90	100	0	0	3.42901103761e-14	560	0.222555875778	4	-5	4	-5
9	"1"	"1"	3	FALSE	0	90	100	0	0	3.42901103761e-14	560	0.255626916885	4	-5	4	-5
9	"1"	"1"	3	FALSE	0	90	100	0	0	3.42901103761e-14	560	0.289494991302	4	-5	4	-5
9	"1"	"1"	3	FALSE	0	90	100	0	0	3.42901103761e-14	560	0.322752952576	4	-5	4	-5
9	"1"	"1"	3	FALSE	0	90	100	0	0	3.42901103761e-14	560	0.356093883514	4	-5	4	-5
9	"1"	"1"	3	FALSE	0	90	100	0	0	3.42901103761e-14	560	0.389120101929	4	0	4	0
9	"1"	"1"	3	FALSE	0	90	100	0	0	3.42901103761e-14	560	0.422894954681	4	18	4	18
9	"1"	"1"	3	FALSE	0	90	100	0	0	3.42901103761e-14	560	0.456110954285	4	44	4	44
9	"1"	"1"	3	FALSE	0	90	100	0	0	3.42901103761e-14	560	0.489214897156	3	73	3	73
9	"1"	"1"	3	FALSE	0	90	100	0	0	3.42901103761e-14	560	0.522933006287	3	106	3	106
9	"1"	"1"	3	FALSE	0	90	100	0	0	3.42901103761e-14	560	0.556168079376	4	139	4	139
9	"1"	"1"	3	FALSE	0	90	100	0	0	3.42901103761e-14	560	0.589282035828	7	182	7	182
9	"1"	"1"	3	FALSE	0	90	100	0	0	3.42901103761e-14	560	0.622325897217	8	218	8	218
9	"1"	"1"	3	FALSE	0	90	100	0	0	3.42901103761e-14	560	0.656430959702	7	258	7	258
9	"1"	"1"	3	FALSE	0	90	100	0	0	3.42901103761e-14	560	0.689707040787	7	295	7	295
9	"1"	"1"	3	FALSE	0	90	100	0	0	3.42901103761e-14	560	0.722668886185	7	324	7	324
9	"1"	"1"	3	FALSE	0	90	100	0	0	3.42901103761e-14	560	0.755744934082	9	362	9	362
9	"1"	"1"	3	FALSE	0	90	100	0	0	3.42901103761e-14	560	0.789833068848	11	397	11	397
9	"1"	"1"	3	FALSE	0	90	100	0	0	3.42901103761e-14	560	0.823160886765	11	427	11	427
9	"1"	"1"	3	FALSE	0	90	100	0	0	3.42901103761e-14	560	0.855907917023	11	451	11	451
9	"1"	"1"	3	FALSE	0	90	100	0	0	3.42901103761e-14	560	0.889903068542	12	477	12	477
9	"1"	"1"	3	FALSE	0	90	100	0	0	3.42901103761e-14	560	0.923115968704	13	494	13	494
9	"1"	"1"	3	FALSE	0	90	100	0	0	3.42901103761e-14	560	0.955990076065	13	508	13	508
9	"1"	"1"	3	FALSE	0	90	100	0	0	3.42901103761e-14	560	0.989927053452	12	523	12	523
9	"1"	"1"	3	FALSE	0	90	100	0	0	3.42901103761e-14	560	1.0232129097	10	534	10	534
9	"1"	"1"	3	FALSE	0	90	100	0	0	3.42901103761e-14	560	1.05655503273	9	544	9	544
9	"1"	"1"	3	FALSE	0	90	100	0	0	3.42901103761e-14	560	1.08935403824	9	553	9	553
9	"1"	"1"	3	FALSE	0	90	100	0	0	3.42901103761e-14	560	1.12342810631	8	560	8	560
9	"1"	"1"	3	FALSE	0	90	100	0	0	3.42901103761e-14	560	1.15676999092	7	565	7	565
9	"1"	"1"	3	FALSE	0	90	100	0	0	3.42901103761e-14	560	1.18941402435	6	568	6	568
9	"1"	"1"	3	FALSE	0	90	100	0	0	3.42901103761e-14	560	1.22351408005	5	570	5	570
9	"1"	"1"	4	FALSE	0	135	100	0	0	-395.979797464	395.979797464	0.00172686576843	4	2	4	2
9	"1"	"1"	4	FALSE	0	135	100	0	0	-395.979797464	395.979797464	0.0223689079285	4	2	4	2
9	"1"	"1"	4	FALSE	0	135	100	0	0	-395.979797464	395.979797464	0.0560438632965	3	-2	3	-2
9	"1"	"1"	4	FALSE	0	135	100	0	0	-395.979797464	395.979797464	0.0891280174255	3	-5	3	-5
9	"1"	"1"	4	FALSE	0	135	100	0	0	-395.979797464	395.979797464	0.122735977173	3	-5	3	-5
9	"1"	"1"	4	FALSE	0	135	100	0	0	-395.979797464	395.979797464	0.156098842621	3	-5	3	-5
9	"1"	"1"	4	FALSE	0	135	100	0	0	-395.979797464	395.979797464	0.189440011978	3	-5	3	-5
9	"1"	"1"	4	FALSE	0	135	100	0	0	-395.979797464	395.979797464	0.222635984421	3	-5	3	-5
9	"1"	"1"	4	FALSE	0	135	100	0	0	-395.979797464	395.979797464	0.255586862564	3	-5	3	-5
9	"1"	"1"	4	FALSE	0	135	100	0	0	-395.979797464	395.979797464	0.289542913437	3	-5	3	-5
9	"1"	"1"	4	FALSE	0	135	100	0	0	-395.979797464	395.979797464	0.322924852371	3	-4	3	-4
9	"1"	"1"	4	FALSE	0	135	100	0	0	-395.979797464	395.979797464	0.356277942657	0	1	0	1
9	"1"	"1"	4	FALSE	0	135	100	0	0	-395.979797464	395.979797464	0.389467000961	-6	10	-6	10
9	"1"	"1"	4	FALSE	0	135	100	0	0	-395.979797464	395.979797464	0.422922849655	-20	30	-20	30
9	"1"	"1"	4	FALSE	0	135	100	0	0	-395.979797464	395.979797464	0.456429958344	-37	55	-37	55
9	"1"	"1"	4	FALSE	0	135	100	0	0	-395.979797464	395.979797464	0.489683866501	-63	80	-63	80
9	"1"	"1"	4	FALSE	0	135	100	0	0	-395.979797464	395.979797464	0.523062944412	-86	106	-86	106
9	"1"	"1"	4	FALSE	0	135	100	0	0	-395.979797464	395.979797464	0.556418895721	-113	132	-113	132
9	"1"	"1"	4	FALSE	0	135	100	0	0	-395.979797464	395.979797464	0.589844942093	-143	160	-143	160
9	"1"	"1"	4	FALSE	0	135	100	0	0	-395.979797464	395.979797464	0.623091936111	-171	189	-171	189
9	"1"	"1"	4	FALSE	0	135	100	0	0	-395.979797464	395.979797464	0.655854940414	-201	220	-201	220
9	"1"	"1"	4	FALSE	0	135	100	0	0	-395.979797464	395.979797464	0.689831972122	-225	241	-225	241
9	"1"	"1"	4	FALSE	0	135	100	0	0	-395.979797464	395.979797464	0.723177909851	-252	263	-252	263
9	"1"	"1"	4	FALSE	0	135	100	0	0	-395.979797464	395.979797464	0.756624937057	-274	283	-274	283
9	"1"	"1"	4	FALSE	0	135	100	0	0	-395.979797464	395.979797464	0.790050983429	-288	296	-288	296
9	"1"	"1"	4	FALSE	0	135	100	0	0	-395.979797464	395.979797464	0.823315858841	-304	311	-304	311
9	"1"	"1"	4	FALSE	0	135	100	0	0	-395.979797464	395.979797464	0.856700897217	-315	321	-315	321
9	"1"	"1"	4	FALSE	0	135	100	0	0	-395.979797464	395.979797464	0.890041828156	-324	330	-324	330
9	"1"	"1"	4	FALSE	0	135	100	0	0	-395.979797464	395.979797464	0.923046827316	-331	337	-331	337
9	"1"	"1"	4	FALSE	0	135	100	0	0	-395.979797464	395.979797464	0.956689834595	-337	345	-337	345
9	"1"	"1"	4	FALSE	0	135	100	0	0	-395.979797464	395.979797464	0.990087985992	-344	352	-344	352
9	"1"	"1"	4	FALSE	0	135	100	0	0	-395.979797464	395.979797464	1.02334690094	-350	361	-350	361
9	"1"	"1"	4	FALSE	0	135	100	0	0	-395.979797464	395.979797464	1.05690383911	-359	370	-359	370
9	"1"	"1"	4	FALSE	0	135	100	0	0	-395.979797464	395.979797464	1.09015202522	-364	375	-364	375
9	"1"	"1"	4	FALSE	0	135	100	0	0	-395.979797464	395.979797464	1.12312889099	-370	380	-370	380
9	"1"	"1"	4	FALSE	0	135	100	0	0	-395.979797464	395.979797464	1.15693902969	-375	385	-375	385
9	"1"	"1"	4	FALSE	0	135	100	0	0	-395.979797464	395.979797464	1.19026494026	-379	389	-379	389
9	"1"	"1"	4	FALSE	0	135	100	0	0	-395.979797464	395.979797464	1.22319483757	-385	393	-385	393
9	"1"	"1"	4	FALSE	0	135	100	0	0	-395.979797464	395.979797464	1.25691485405	-388	395	-388	395
9	"1"	"1"	4	FALSE	0	135	100	0	0	-395.979797464	395.979797464	1.289716959	-390	396	-390	396
9	"1"	"1"	4	FALSE	0	135	100	0	0	-395.979797464	395.979797464	1.32370591164	-392	397	-392	397
9	"1"	"1"	5	FALSE	0	45	100	0	0	395.979797464	395.979797464	0.00197911262512	4	-4	4	-4
9	"1"	"1"	5	FALSE	0	45	100	0	0	395.979797464	395.979797464	0.0224430561066	4	-4	4	-4
9	"1"	"1"	5	FALSE	0	45	100	0	0	395.979797464	395.979797464	0.0558319091797	4	-4	4	-4
9	"1"	"1"	5	FALSE	0	45	100	0	0	395.979797464	395.979797464	0.0891890525818	4	-4	4	-4
9	"1"	"1"	5	FALSE	0	45	100	0	0	395.979797464	395.979797464	0.122684955597	4	-4	4	-4
9	"1"	"1"	5	FALSE	0	45	100	0	0	395.979797464	395.979797464	0.156137943268	4	-4	4	-4
9	"1"	"1"	5	FALSE	0	45	100	0	0	395.979797464	395.979797464	0.189332962036	4	-4	4	-4
9	"1"	"1"	5	FALSE	0	45	100	0	0	395.979797464	395.979797464	0.222374916077	4	-4	4	-4
9	"1"	"1"	5	FALSE	0	45	100	0	0	395.979797464	395.979797464	0.256040096283	4	-4	4	-4
9	"1"	"1"	5	FALSE	0	45	100	0	0	395.979797464	395.979797464	0.289521932602	4	-4	4	-4
9	"1"	"1"	5	FALSE	0	45	100	0	0	395.979797464	395.979797464	0.322293043137	4	-4	4	-4
9	"1"	"1"	5	FALSE	0	45	100	0	0	395.979797464	395.979797464	0.356256961823	4	-3	4	-3
9	"1"	"1"	5	FALSE	0	45	100	0	0	395.979797464	395.979797464	0.38965010643	9	1	9	1
9	"1"	"1"	5	FALSE	0	45	100	0	0	395.979797464	395.979797464	0.422889947891	23	20	23	20
9	"1"	"1"	5	FALSE	0	45	100	0	0	395.979797464	395.979797464	0.455790996552	49	43	49	43
9	"1"	"1"	5	FALSE	0	45	100	0	0	395.979797464	395.979797464	0.489748001099	75	70	75	70
9	"1"	"1"	5	FALSE	0	45	100	0	0	395.979797464	395.979797464	0.523100137711	100	95	100	95
9	"1"	"1"	5	FALSE	0	45	100	0	0	395.979797464	395.979797464	0.555870056152	130	126	130	126
9	"1"	"1"	5	FALSE	0	45	100	0	0	395.979797464	395.979797464	0.589698076248	159	155	159	155
9	"1"	"1"	5	FALSE	0	45	100	0	0	395.979797464	395.979797464	0.623203039169	184	178	184	178
9	"1"	"1"	5	FALSE	0	45	100	0	0	395.979797464	395.979797464	0.656352996826	212	206	212	206
9	"1"	"1"	5	FALSE	0	45	100	0	0	395.979797464	395.979797464	0.689758062363	237	231	237	231
9	"1"	"1"	5	FALSE	0	45	100	0	0	395.979797464	395.979797464	0.723191022873	262	254	262	254
9	"1"	"1"	5	FALSE	0	45	100	0	0	395.979797464	395.979797464	0.75656414032	287	278	287	278
9	"1"	"1"	5	FALSE	0	45	100	0	0	395.979797464	395.979797464	0.789777994156	302	292	302	292
9	"1"	"1"	5	FALSE	0	45	100	0	0	395.979797464	395.979797464	0.823354005814	316	305	316	305
9	"1"	"1"	5	FALSE	0	45	100	0	0	395.979797464	395.979797464	0.856679916382	328	318	328	318
9	"1"	"1"	5	FALSE	0	45	100	0	0	395.979797464	395.979797464	0.889893054962	341	333	341	333
9	"1"	"1"	5	FALSE	0	45	100	0	0	395.979797464	395.979797464	0.922691106796	354	347	354	347
9	"1"	"1"	5	FALSE	0	45	100	0	0	395.979797464	395.979797464	0.956481933594	365	358	365	358
9	"1"	"1"	5	FALSE	0	45	100	0	0	395.979797464	395.979797464	0.990123033524	373	369	373	369
9	"1"	"1"	5	FALSE	0	45	100	0	0	395.979797464	395.979797464	1.02349114418	382	378	382	378
9	"1"	"1"	5	FALSE	0	45	100	0	0	395.979797464	395.979797464	1.05639410019	386	382	386	382
9	"1"	"1"	5	FALSE	0	45	100	0	0	395.979797464	395.979797464	1.09000205994	390	386	390	386
9	"1"	"1"	5	FALSE	0	45	100	0	0	395.979797464	395.979797464	1.12284708023	393	390	393	390
9	"1"	"1"	5	FALSE	0	45	100	0	0	395.979797464	395.979797464	1.15678906441	394	392	394	392
9	"1"	"1"	6	FALSE	0	90	100	0	0	3.42901103761e-14	560	0.00195288658142	11	-2	11	-2
9	"1"	"1"	6	FALSE	0	90	100	0	0	3.42901103761e-14	560	0.0218570232391	11	-2	11	-2
9	"1"	"1"	6	FALSE	0	90	100	0	0	3.42901103761e-14	560	0.0554728507996	11	-2	11	-2
9	"1"	"1"	6	FALSE	0	90	100	0	0	3.42901103761e-14	560	0.0884490013123	11	-2	11	-2
9	"1"	"1"	6	FALSE	0	90	100	0	0	3.42901103761e-14	560	0.122248888016	11	-2	11	-2
9	"1"	"1"	6	FALSE	0	90	100	0	0	3.42901103761e-14	560	0.155500888824	11	-2	11	-2
9	"1"	"1"	6	FALSE	0	90	100	0	0	3.42901103761e-14	560	0.188494920731	11	-2	11	-2
9	"1"	"1"	6	FALSE	0	90	100	0	0	3.42901103761e-14	560	0.222208976746	11	-2	11	-2
9	"1"	"1"	6	FALSE	0	90	100	0	0	3.42901103761e-14	560	0.25563287735	11	-2	11	-2
9	"1"	"1"	6	FALSE	0	90	100	0	0	3.42901103761e-14	560	0.288615942001	11	-2	11	-2
9	"1"	"1"	6	FALSE	0	90	100	0	0	3.42901103761e-14	560	0.32234787941	11	-2	11	-2
9	"1"	"1"	6	FALSE	0	90	100	0	0	3.42901103761e-14	560	0.35568189621	11	-2	11	-2
9	"1"	"1"	6	FALSE	0	90	100	0	0	3.42901103761e-14	560	0.38897395134	11	-2	11	-2
9	"1"	"1"	6	FALSE	0	90	100	0	0	3.42901103761e-14	560	0.422384023666	11	-2	11	-2
9	"1"	"1"	6	FALSE	0	90	100	0	0	3.42901103761e-14	560	0.455555915833	10	1	10	1
9	"1"	"1"	6	FALSE	0	90	100	0	0	3.42901103761e-14	560	0.489213943481	8	13	8	13
9	"1"	"1"	6	FALSE	0	90	100	0	0	3.42901103761e-14	560	0.521817922592	7	33	7	33
9	"1"	"1"	6	FALSE	0	90	100	0	0	3.42901103761e-14	560	0.555809020996	7	58	7	58
9	"1"	"1"	6	FALSE	0	90	100	0	0	3.42901103761e-14	560	0.589188814163	7	89	7	89
9	"1"	"1"	6	FALSE	0	90	100	0	0	3.42901103761e-14	560	0.622619867325	5	122	5	122
9	"1"	"1"	6	FALSE	0	90	100	0	0	3.42901103761e-14	560	0.655972003937	3	158	3	158
9	"1"	"1"	6	FALSE	0	90	100	0	0	3.42901103761e-14	560	0.68926692009	2	195	2	195
9	"1"	"1"	6	FALSE	0	90	100	0	0	3.42901103761e-14	560	0.72260093689	1	238	1	238
9	"1"	"1"	6	FALSE	0	90	100	0	0	3.42901103761e-14	560	0.755497932434	-2	279	-2	279
9	"1"	"1"	6	FALSE	0	90	100	0	0	3.42901103761e-14	560	0.789371967316	-5	313	-5	313
9	"1"	"1"	6	FALSE	0	90	100	0	0	3.42901103761e-14	560	0.822584867477	-8	352	-8	352
9	"1"	"1"	6	FALSE	0	90	100	0	0	3.42901103761e-14	560	0.855945825577	-9	388	-9	388
9	"1"	"1"	6	FALSE	0	90	100	0	0	3.42901103761e-14	560	0.889420986176	-10	421	-10	421
9	"1"	"1"	6	FALSE	0	90	100	0	0	3.42901103761e-14	560	0.92250585556	-12	444	-12	444
9	"1"	"1"	6	FALSE	0	90	100	0	0	3.42901103761e-14	560	0.956241846085	-13	470	-13	470
9	"1"	"1"	6	FALSE	0	90	100	0	0	3.42901103761e-14	560	0.989560842514	-13	491	-13	491
9	"1"	"1"	6	FALSE	0	90	100	0	0	3.42901103761e-14	560	1.02251601219	-13	505	-13	505
9	"1"	"1"	6	FALSE	0	90	100	0	0	3.42901103761e-14	560	1.05621099472	-12	520	-12	520
9	"1"	"1"	6	FALSE	0	90	100	0	0	3.42901103761e-14	560	1.08923602104	-10	534	-10	534
9	"1"	"1"	6	FALSE	0	90	100	0	0	3.42901103761e-14	560	1.12309288979	-9	543	-9	543
9	"1"	"1"	6	FALSE	0	90	100	0	0	3.42901103761e-14	560	1.15630483627	-8	548	-8	548
9	"1"	"1"	6	FALSE	0	90	100	0	0	3.42901103761e-14	560	1.189661026	-8	552	-8	552
9	"1"	"1"	6	FALSE	0	90	100	0	0	3.42901103761e-14	560	1.22270584106	-7	555	-7	555
9	"1"	"1"	6	FALSE	0	90	100	0	0	3.42901103761e-14	560	1.25640892982	-7	557	-7	557
9	"1"	"1"	6	FALSE	0	90	100	0	0	3.42901103761e-14	560	1.28978180885	-6	561	-6	561
9	"1"	"1"	6	FALSE	0	90	100	0	0	3.42901103761e-14	560	1.32274889946	-5	563	-5	563
9	"1"	"1"	7	FALSE	0	45	100	0	0	395.979797464	395.979797464	0.00212287902832	-7	-1	-7	-1
9	"1"	"1"	7	FALSE	0	45	100	0	0	395.979797464	395.979797464	0.022008895874	-7	-1	-7	-1
9	"1"	"1"	7	FALSE	0	45	100	0	0	395.979797464	395.979797464	0.0556869506836	-7	-1	-7	-1
9	"1"	"1"	7	FALSE	0	45	100	0	0	395.979797464	395.979797464	0.089103937149	-7	-1	-7	-1
9	"1"	"1"	7	FALSE	0	45	100	0	0	395.979797464	395.979797464	0.122437953949	-7	-1	-7	-1
9	"1"	"1"	7	FALSE	0	45	100	0	0	395.979797464	395.979797464	0.155648946762	-7	-1	-7	-1
9	"1"	"1"	7	FALSE	0	45	100	0	0	395.979797464	395.979797464	0.188966989517	-7	-1	-7	-1
9	"1"	"1"	7	FALSE	0	45	100	0	0	395.979797464	395.979797464	0.222597837448	-7	-1	-7	-1
9	"1"	"1"	7	FALSE	0	45	100	0	0	395.979797464	395.979797464	0.255766868591	-7	-1	-7	-1
9	"1"	"1"	7	FALSE	0	45	100	0	0	395.979797464	395.979797464	0.289084911346	-7	-1	-7	-1
9	"1"	"1"	7	FALSE	0	45	100	0	0	395.979797464	395.979797464	0.321933031082	-7	-1	-7	-1
9	"1"	"1"	7	FALSE	0	45	100	0	0	395.979797464	395.979797464	0.35594701767	-7	-1	-7	-1
9	"1"	"1"	7	FALSE	0	45	100	0	0	395.979797464	395.979797464	0.389323949814	-7	-1	-7	-1
9	"1"	"1"	7	FALSE	0	45	100	0	0	395.979797464	395.979797464	0.422657966614	-6	1	-6	1
9	"1"	"1"	7	FALSE	0	45	100	0	0	395.979797464	395.979797464	0.45604801178	1	8	1	8
9	"1"	"1"	7	FALSE	0	45	100	0	0	395.979797464	395.979797464	0.489040851593	13	23	13	23
9	"1"	"1"	7	FALSE	0	45	100	0	0	395.979797464	395.979797464	0.522784948349	40	51	40	51
9	"1"	"1"	7	FALSE	0	45	100	0	0	395.979797464	395.979797464	0.556067943573	68	76	68	76
9	"1"	"1"	7	FALSE	0	45	100	0	0	395.979797464	395.979797464	0.588824987411	99	103	99	103
9	"1"	"1"	7	FALSE	0	45	100	0	0	395.979797464	395.979797464	0.622887849808	125	127	125	127
9	"1"	"1"	7	FALSE	0	45	100	0	0	395.979797464	395.979797464	0.656249046326	155	155	155	155
9	"1"	"1"	7	FALSE	0	45	100	0	0	395.979797464	395.979797464	0.689208984375	181	180	181	180
9	"1"	"1"	7	FALSE	0	45	100	0	0	395.979797464	395.979797464	0.722932815552	213	210	213	210
9	"1"	"1"	7	FALSE	0	45	100	0	0	395.979797464	395.979797464	0.756150007248	239	236	239	236
9	"1"	"1"	7	FALSE	0	45	100	0	0	395.979797464	395.979797464	0.789224863052	259	255	259	255
9	"1"	"1"	7	FALSE	0	45	100	0	0	395.979797464	395.979797464	0.823056936264	282	279	282	279
9	"1"	"1"	7	FALSE	0	45	100	0	0	395.979797464	395.979797464	0.85644197464	293	291	293	291
9	"1"	"1"	7	FALSE	0	45	100	0	0	395.979797464	395.979797464	0.889591932297	309	308	309	308
9	"1"	"1"	7	FALSE	0	45	100	0	0	395.979797464	395.979797464	0.923030853271	323	323	323	323
9	"1"	"1"	7	FALSE	0	45	100	0	0	395.979797464	395.979797464	0.95626783371	335	336	335	336
9	"1"	"1"	7	FALSE	0	45	100	0	0	395.979797464	395.979797464	0.989120006561	350	350	350	350
9	"1"	"1"	7	FALSE	0	45	100	0	0	395.979797464	395.979797464	1.02324485779	362	361	362	361
9	"1"	"1"	7	FALSE	0	45	100	0	0	395.979797464	395.979797464	1.05655503273	373	371	373	371
9	"1"	"1"	7	FALSE	0	45	100	0	0	395.979797464	395.979797464	1.08982992172	382	379	382	379
9	"1"	"1"	7	FALSE	0	45	100	0	0	395.979797464	395.979797464	1.12324786186	391	388	391	388
9	"1"	"1"	7	FALSE	0	45	100	0	0	395.979797464	395.979797464	1.15626502037	393	390	393	390
9	"1"	"1"	8	FALSE	0	135	100	0	0	-395.979797464	395.979797464	0.00161695480347	3	13	3	13
9	"1"	"1"	8	FALSE	0	135	100	0	0	-395.979797464	395.979797464	0.0226149559021	3	13	3	13
9	"1"	"1"	8	FALSE	0	135	100	0	0	-395.979797464	395.979797464	0.0559799671173	3	13	3	13
9	"1"	"1"	8	FALSE	0	135	100	0	0	-395.979797464	395.979797464	0.0895211696625	3	13	3	13
9	"1"	"1"	8	FALSE	0	135	100	0	0	-395.979797464	395.979797464	0.122854948044	3	13	3	13
9	"1"	"1"	8	FALSE	0	135	100	0	0	-395.979797464	395.979797464	0.155826091766	3	13	3	13
9	"1"	"1"	8	FALSE	0	135	100	0	0	-395.979797464	395.979797464	0.189525127411	3	13	3	13
9	"1"	"1"	8	FALSE	0	135	100	0	0	-395.979797464	395.979797464	0.222738027573	3	13	3	13
9	"1"	"1"	8	FALSE	0	135	100	0	0	-395.979797464	395.979797464	0.255946159363	3	13	3	13
9	"1"	"1"	8	FALSE	0	135	100	0	0	-395.979797464	395.979797464	0.289649009705	3	13	3	13
9	"1"	"1"	8	FALSE	0	135	100	0	0	-395.979797464	395.979797464	0.32294511795	3	13	3	13
9	"1"	"1"	8	FALSE	0	135	100	0	0	-395.979797464	395.979797464	0.355955123901	3	13	3	13
9	"1"	"1"	8	FALSE	0	135	100	0	0	-395.979797464	395.979797464	0.38916015625	-1	18	-1	18
9	"1"	"1"	8	FALSE	0	135	100	0	0	-395.979797464	395.979797464	0.422827005386	-8	27	-8	27
9	"1"	"1"	8	FALSE	0	135	100	0	0	-395.979797464	395.979797464	0.456446170807	-17	37	-17	37
9	"1"	"1"	8	FALSE	0	135	100	0	0	-395.979797464	395.979797464	0.489722013474	-30	50	-30	50
9	"1"	"1"	8	FALSE	0	135	100	0	0	-395.979797464	395.979797464	0.522990942001	-46	65	-46	65
9	"1"	"1"	8	FALSE	0	135	100	0	0	-395.979797464	395.979797464	0.555854082108	-60	79	-60	79
9	"1"	"1"	8	FALSE	0	135	100	0	0	-395.979797464	395.979797464	0.58996796608	-84	103	-84	103
9	"1"	"1"	8	FALSE	0	135	100	0	0	-395.979797464	395.979797464	0.623253107071	-105	119	-105	119
9	"1"	"1"	8	FALSE	0	135	100	0	0	-395.979797464	395.979797464	0.656254053116	-127	138	-127	138
9	"1"	"1"	8	FALSE	0	135	100	0	0	-395.979797464	395.979797464	0.689978122711	-146	155	-146	155
9	"1"	"1"	8	FALSE	0	135	100	0	0	-395.979797464	395.979797464	0.723289012909	-169	174	-169	174
9	"1"	"1"	8	FALSE	0	135	100	0	0	-395.979797464	395.979797464	0.756294965744	-190	196	-190	196
9	"1"	"1"	8	FALSE	0	135	100	0	0	-395.979797464	395.979797464	0.789942979813	-209	213	-209	213
9	"1"	"1"	8	FALSE	0	135	100	0	0	-395.979797464	395.979797464	0.82342505455	-230	232	-230	232
9	"1"	"1"	8	FALSE	0	135	100	0	0	-395.979797464	395.979797464	0.856596946716	-251	251	-251	251
9	"1"	"1"	8	FALSE	0	135	100	0	0	-395.979797464	395.979797464	0.890064954758	-271	266	-271	266
9	"1"	"1"	8	FALSE	0	135	100	0	0	-395.979797464	395.979797464	0.923472166061	-284	277	-284	277
9	"1"	"1"	8	FALSE	0	135	100	0	0	-395.979797464	395.979797464	0.956521987915	-300	292	-300	292
9	"1"	"1"	8	FALSE	0	135	100	0	0	-395.979797464	395.979797464	0.990245103836	-314	307	-314	307
9	"1"	"1"	8	FALSE	0	135	100	0	0	-395.979797464	395.979797464	1.02351593971	-325	319	-325	319
9	"1"	"1"	8	FALSE	0	135	100	0	0	-395.979797464	395.979797464	1.0564520359	-337	332	-337	332
9	"1"	"1"	8	FALSE	0	135	100	0	0	-395.979797464	395.979797464	1.09018516541	-348	343	-348	343
9	"1"	"1"	8	FALSE	0	135	100	0	0	-395.979797464	395.979797464	1.12362098694	-355	353	-355	353
9	"1"	"1"	8	FALSE	0	135	100	0	0	-395.979797464	395.979797464	1.15635704994	-363	365	-363	365
9	"1"	"1"	8	FALSE	0	135	100	0	0	-395.979797464	395.979797464	1.19037604332	-371	375	-371	375
9	"1"	"1"	8	FALSE	0	135	100	0	0	-395.979797464	395.979797464	1.22362613678	-378	383	-378	383
9	"1"	"1"	8	FALSE	0	135	100	0	0	-395.979797464	395.979797464	1.25637102127	-384	389	-384	389
9	"1"	"1"	8	FALSE	0	135	100	0	0	-395.979797464	395.979797464	1.29038310051	-390	394	-390	394
9	"1"	"1"	8	FALSE	0	135	100	0	0	-395.979797464	395.979797464	1.32368707657	-395	398	-395	398
9	"1"	"1"	8	FALSE	0	135	100	0	0	-395.979797464	395.979797464	1.35677099228	-399	400	-399	400
9	"1"	"1"	8	FALSE	0	135	100	0	0	-395.979797464	395.979797464	1.39051294327	-401	401	-401	401
9	"1"	"1"	9	FALSE	0	90	100	0	0	3.42901103761e-14	560	0.00191688537598	-1	0	-1	0
9	"1"	"1"	9	FALSE	0	90	100	0	0	3.42901103761e-14	560	0.021782875061	0	-2	0	-2
9	"1"	"1"	9	FALSE	0	90	100	0	0	3.42901103761e-14	560	0.0552890300751	0	-2	0	-2
9	"1"	"1"	9	FALSE	0	90	100	0	0	3.42901103761e-14	560	0.0885820388794	0	-2	0	-2
9	"1"	"1"	9	FALSE	0	90	100	0	0	3.42901103761e-14	560	0.122069835663	0	-2	0	-2
9	"1"	"1"	9	FALSE	0	90	100	0	0	3.42901103761e-14	560	0.154939889908	0	-2	0	-2
9	"1"	"1"	9	FALSE	0	90	100	0	0	3.42901103761e-14	560	0.188722848892	0	-2	0	-2
9	"1"	"1"	9	FALSE	0	90	100	0	0	3.42901103761e-14	560	0.22208404541	0	-2	0	-2
9	"1"	"1"	9	FALSE	0	90	100	0	0	3.42901103761e-14	560	0.255367040634	0	-2	0	-2
9	"1"	"1"	9	FALSE	0	90	100	0	0	3.42901103761e-14	560	0.288178920746	0	-2	0	-2
9	"1"	"1"	9	FALSE	0	90	100	0	0	3.42901103761e-14	560	0.322162866592	0	-2	0	-2
9	"1"	"1"	9	FALSE	0	90	100	0	0	3.42901103761e-14	560	0.355469942093	0	-2	0	-2
9	"1"	"1"	9	FALSE	0	90	100	0	0	3.42901103761e-14	560	0.388491868973	0	-2	0	-2
9	"1"	"1"	9	FALSE	0	90	100	0	0	3.42901103761e-14	560	0.422273874283	0	-2	0	-2
9	"1"	"1"	9	FALSE	0	90	100	0	0	3.42901103761e-14	560	0.455567836761	0	-2	0	-2
9	"1"	"1"	9	FALSE	0	90	100	0	0	3.42901103761e-14	560	0.48877286911	0	-1	0	-1
9	"1"	"1"	9	FALSE	0	90	100	0	0	3.42901103761e-14	560	0.522178888321	0	11	0	11
9	"1"	"1"	9	FALSE	0	90	100	0	0	3.42901103761e-14	560	0.555158853531	-1	32	-1	32
9	"1"	"1"	9	FALSE	0	90	100	0	0	3.42901103761e-14	560	0.589099884033	-2	61	-2	61
9	"1"	"1"	9	FALSE	0	90	100	0	0	3.42901103761e-14	560	0.622385978699	-3	84	-3	84
9	"1"	"1"	9	FALSE	0	90	100	0	0	3.42901103761e-14	560	0.655414819717	-5	114	-5	114
9	"1"	"1"	9	FALSE	0	90	100	0	0	3.42901103761e-14	560	0.689112901688	-6	148	-6	148
9	"1"	"1"	9	FALSE	0	90	100	0	0	3.42901103761e-14	560	0.722414970398	-5	178	-5	178
9	"1"	"1"	9	FALSE	0	90	100	0	0	3.42901103761e-14	560	0.755753993988	-6	211	-6	211
9	"1"	"1"	9	FALSE	0	90	100	0	0	3.42901103761e-14	560	0.789106845856	-8	244	-8	244
9	"1"	"1"	9	FALSE	0	90	100	0	0	3.42901103761e-14	560	0.82226395607	-9	278	-9	278
9	"1"	"1"	9	FALSE	0	90	100	0	0	3.42901103761e-14	560	0.855223894119	-10	307	-10	307
9	"1"	"1"	9	FALSE	0	90	100	0	0	3.42901103761e-14	560	0.889274835587	-9	341	-9	341
9	"1"	"1"	9	FALSE	0	90	100	0	0	3.42901103761e-14	560	0.922650814056	-9	372	-9	372
9	"1"	"1"	9	FALSE	0	90	100	0	0	3.42901103761e-14	560	0.955965995789	-9	396	-9	396
9	"1"	"1"	9	FALSE	0	90	100	0	0	3.42901103761e-14	560	0.989336967468	-8	423	-8	423
9	"1"	"1"	9	FALSE	0	90	100	0	0	3.42901103761e-14	560	1.02224898338	-5	447	-5	447
9	"1"	"1"	9	FALSE	0	90	100	0	0	3.42901103761e-14	560	1.05604887009	-4	462	-4	462
9	"1"	"1"	9	FALSE	0	90	100	0	0	3.42901103761e-14	560	1.08947181702	-4	477	-4	477
9	"1"	"1"	9	FALSE	0	90	100	0	0	3.42901103761e-14	560	1.12262392044	-3	494	-3	494
9	"1"	"1"	9	FALSE	0	90	100	0	0	3.42901103761e-14	560	1.15615391731	-1	508	-1	508
9	"1"	"1"	9	FALSE	0	90	100	0	0	3.42901103761e-14	560	1.18953299522	-1	517	-1	517
9	"1"	"1"	9	FALSE	0	90	100	0	0	3.42901103761e-14	560	1.22224092484	-1	527	-1	527
9	"1"	"1"	9	FALSE	0	90	100	0	0	3.42901103761e-14	560	1.25629997253	-1	534	-1	534
9	"1"	"1"	9	FALSE	0	90	100	0	0	3.42901103761e-14	560	1.28958201408	-1	539	-1	539
9	"1"	"1"	9	FALSE	0	90	100	0	0	3.42901103761e-14	560	1.32297492027	-1	545	-1	545
9	"1"	"1"	9	FALSE	0	90	100	0	0	3.42901103761e-14	560	1.35627985001	-1	549	-1	549
9	"1"	"1"	9	FALSE	0	90	100	0	0	3.42901103761e-14	560	1.38966798782	-1	552	-1	552
9	"1"	"1"	9	FALSE	0	90	100	0	0	3.42901103761e-14	560	1.42293190956	-1	555	-1	555
9	"1"	"1"	9	FALSE	0	90	100	0	0	3.42901103761e-14	560	1.45640087128	-1	557	-1	557
9	"1"	"1"	10	FALSE	0	90	100	0	0	3.42901103761e-14	560	0.00190496444702	1	-8	1	-8
9	"1"	"1"	10	FALSE	0	90	100	0	0	3.42901103761e-14	560	0.0223751068115	1	-8	1	-8
9	"1"	"1"	10	FALSE	0	90	100	0	0	3.42901103761e-14	560	0.0558149814606	1	-8	1	-8
9	"1"	"1"	10	FALSE	0	90	100	0	0	3.42901103761e-14	560	0.0888411998749	1	-8	1	-8
9	"1"	"1"	10	FALSE	0	90	100	0	0	3.42901103761e-14	560	0.1219830513	1	-8	1	-8
9	"1"	"1"	10	FALSE	0	90	100	0	0	3.42901103761e-14	560	0.155963182449	1	-8	1	-8
9	"1"	"1"	10	FALSE	0	90	100	0	0	3.42901103761e-14	560	0.189373970032	1	-8	1	-8
9	"1"	"1"	10	FALSE	0	90	100	0	0	3.42901103761e-14	560	0.222136974335	1	-8	1	-8
9	"1"	"1"	10	FALSE	0	90	100	0	0	3.42901103761e-14	560	0.256055116653	1	-8	1	-8
9	"1"	"1"	10	FALSE	0	90	100	0	0	3.42901103761e-14	560	0.2892370224	1	-8	1	-8
9	"1"	"1"	10	FALSE	0	90	100	0	0	3.42901103761e-14	560	0.322535991669	1	-8	1	-8
9	"1"	"1"	10	FALSE	0	90	100	0	0	3.42901103761e-14	560	0.355966091156	1	-8	1	-8
9	"1"	"1"	10	FALSE	0	90	100	0	0	3.42901103761e-14	560	0.389492034912	1	-8	1	-8
9	"1"	"1"	10	FALSE	0	90	100	0	0	3.42901103761e-14	560	0.422782182693	1	-6	1	-6
9	"1"	"1"	10	FALSE	0	90	100	0	0	3.42901103761e-14	560	0.456145048141	2	3	2	3
9	"1"	"1"	10	FALSE	0	90	100	0	0	3.42901103761e-14	560	0.489433050156	3	18	3	18
9	"1"	"1"	10	FALSE	0	90	100	0	0	3.42901103761e-14	560	0.523054122925	5	43	5	43
9	"1"	"1"	10	FALSE	0	90	100	0	0	3.42901103761e-14	560	0.555767059326	6	65	6	65
9	"1"	"1"	10	FALSE	0	90	100	0	0	3.42901103761e-14	560	0.589092969894	9	95	9	95
9	"1"	"1"	10	FALSE	0	90	100	0	0	3.42901103761e-14	560	0.622220039368	12	126	12	126
9	"1"	"1"	10	FALSE	0	90	100	0	0	3.42901103761e-14	560	0.655567169189	13	152	13	152
9	"1"	"1"	10	FALSE	0	90	100	0	0	3.42901103761e-14	560	0.688934087753	14	186	14	186
9	"1"	"1"	10	FALSE	0	90	100	0	0	3.42901103761e-14	560	0.722290039062	16	212	16	212
9	"1"	"1"	10	FALSE	0	90	100	0	0	3.42901103761e-14	560	0.75562620163	16	244	16	244
9	"1"	"1"	10	FALSE	0	90	100	0	0	3.42901103761e-14	560	0.789222002029	17	272	17	272
9	"1"	"1"	10	FALSE	0	90	100	0	0	3.42901103761e-14	560	0.822597026825	17	297	17	297
9	"1"	"1"	10	FALSE	0	90	100	0	0	3.42901103761e-14	560	0.855714082718	17	326	17	326
9	"1"	"1"	10	FALSE	0	90	100	0	0	3.42901103761e-14	560	0.889067173004	19	351	19	351
9	"1"	"1"	10	FALSE	0	90	100	0	0	3.42901103761e-14	560	0.922435045242	19	376	19	376
9	"1"	"1"	10	FALSE	0	90	100	0	0	3.42901103761e-14	560	0.955769062042	18	400	18	400
9	"1"	"1"	10	FALSE	0	90	100	0	0	3.42901103761e-14	560	0.989408016205	16	423	16	423
9	"1"	"1"	10	FALSE	0	90	100	0	0	3.42901103761e-14	560	1.02272415161	15	442	15	442
9	"1"	"1"	10	FALSE	0	90	100	0	0	3.42901103761e-14	560	1.05585503578	15	460	15	460
9	"1"	"1"	10	FALSE	0	90	100	0	0	3.42901103761e-14	560	1.08925819397	15	475	15	475
9	"1"	"1"	10	FALSE	0	90	100	0	0	3.42901103761e-14	560	1.12258696556	13	489	13	489
9	"1"	"1"	10	FALSE	0	90	100	0	0	3.42901103761e-14	560	1.15592598915	11	500	11	500
9	"1"	"1"	10	FALSE	0	90	100	0	0	3.42901103761e-14	560	1.18935799599	10	511	10	511
9	"1"	"1"	10	FALSE	0	90	100	0	0	3.42901103761e-14	560	1.2226960659	8	521	8	521
9	"1"	"1"	10	FALSE	0	90	100	0	0	3.42901103761e-14	560	1.2561340332	6	529	6	529
9	"1"	"1"	10	FALSE	0	90	100	0	0	3.42901103761e-14	560	1.28964805603	5	535	5	535
9	"1"	"1"	10	FALSE	0	90	100	0	0	3.42901103761e-14	560	1.32303619385	4	542	4	542
9	"1"	"1"	10	FALSE	0	90	100	0	0	3.42901103761e-14	560	1.35610508919	3	547	3	547
9	"1"	"1"	10	FALSE	0	90	100	0	0	3.42901103761e-14	560	1.38944816589	2	550	2	550
9	"1"	"1"	10	FALSE	0	90	100	0	0	3.42901103761e-14	560	1.42281007767	2	552	2	552
9	"1"	"1"	11	FALSE	0	135	100	0	0	-395.979797464	395.979797464	0.00156402587891	4	-13	4	-13
9	"1"	"1"	11	FALSE	0	135	100	0	0	-395.979797464	395.979797464	0.021861076355	4	-13	4	-13
9	"1"	"1"	11	FALSE	0	135	100	0	0	-395.979797464	395.979797464	0.0553522109985	4	-13	4	-13
9	"1"	"1"	11	FALSE	0	135	100	0	0	-395.979797464	395.979797464	0.0884380340576	4	-13	4	-13
9	"1"	"1"	11	FALSE	0	135	100	0	0	-395.979797464	395.979797464	0.121843099594	4	-13	4	-13
9	"1"	"1"	11	FALSE	0	135	100	0	0	-395.979797464	395.979797464	0.155252218246	4	-13	4	-13
9	"1"	"1"	11	FALSE	0	135	100	0	0	-395.979797464	395.979797464	0.188663005829	4	-13	4	-13
9	"1"	"1"	11	FALSE	0	135	100	0	0	-395.979797464	395.979797464	0.221893072128	4	-13	4	-13
9	"1"	"1"	11	FALSE	0	135	100	0	0	-395.979797464	395.979797464	0.255330085754	4	-13	4	-13
9	"1"	"1"	11	FALSE	0	135	100	0	0	-395.979797464	395.979797464	0.28865814209	4	-13	4	-13
9	"1"	"1"	11	FALSE	0	135	100	0	0	-395.979797464	395.979797464	0.322000026703	4	-13	4	-13
9	"1"	"1"	11	FALSE	0	135	100	0	0	-395.979797464	395.979797464	0.355339050293	4	-12	4	-12
9	"1"	"1"	11	FALSE	0	135	100	0	0	-395.979797464	395.979797464	0.388708114624	4	-12	4	-12
9	"1"	"1"	11	FALSE	0	135	100	0	0	-395.979797464	395.979797464	0.422096014023	3	-10	3	-10
9	"1"	"1"	11	FALSE	0	135	100	0	0	-395.979797464	395.979797464	0.455525159836	-3	-3	-3	-3
9	"1"	"1"	11	FALSE	0	135	100	0	0	-395.979797464	395.979797464	0.488830089569	-11	5	-11	5
9	"1"	"1"	11	FALSE	0	135	100	0	0	-395.979797464	395.979797464	0.522198200226	-23	16	-23	16
9	"1"	"1"	11	FALSE	0	135	100	0	0	-395.979797464	395.979797464	0.555530071259	-36	27	-36	27
9	"1"	"1"	11	FALSE	0	135	100	0	0	-395.979797464	395.979797464	0.588903188705	-55	41	-55	41
9	"1"	"1"	11	FALSE	0	135	100	0	0	-395.979797464	395.979797464	0.622239112854	-81	62	-81	62
9	"1"	"1"	11	FALSE	0	135	100	0	0	-395.979797464	395.979797464	0.655685186386	-100	79	-100	79
9	"1"	"1"	11	FALSE	0	135	100	0	0	-395.979797464	395.979797464	0.68904209137	-125	100	-125	100
9	"1"	"1"	11	FALSE	0	135	100	0	0	-395.979797464	395.979797464	0.722313165665	-150	121	-150	121
9	"1"	"1"	11	FALSE	0	135	100	0	0	-395.979797464	395.979797464	0.755689144135	-176	143	-176	143
9	"1"	"1"	11	FALSE	0	135	100	0	0	-395.979797464	395.979797464	0.789348125458	-201	164	-201	164
9	"1"	"1"	11	FALSE	0	135	100	0	0	-395.979797464	395.979797464	0.822787046432	-223	185	-223	185
9	"1"	"1"	11	FALSE	0	135	100	0	0	-395.979797464	395.979797464	0.85577917099	-248	210	-248	210
9	"1"	"1"	11	FALSE	0	135	100	0	0	-395.979797464	395.979797464	0.889130115509	-268	230	-268	230
9	"1"	"1"	11	FALSE	0	135	100	0	0	-395.979797464	395.979797464	0.922480106354	-291	255	-291	255
9	"1"	"1"	11	FALSE	0	135	100	0	0	-395.979797464	395.979797464	0.955845117569	-313	278	-313	278
9	"1"	"1"	11	FALSE	0	135	100	0	0	-395.979797464	395.979797464	0.989277124405	-329	296	-329	296
9	"1"	"1"	11	FALSE	0	135	100	0	0	-395.979797464	395.979797464	1.02269005775	-349	319	-349	319
9	"1"	"1"	11	FALSE	0	135	100	0	0	-395.979797464	395.979797464	1.05592918396	-358	332	-358	332
9	"1"	"1"	11	FALSE	0	135	100	0	0	-395.979797464	395.979797464	1.08928513527	-370	350	-370	350
9	"1"	"1"	11	FALSE	0	135	100	0	0	-395.979797464	395.979797464	1.12262320518	-378	363	-378	363
9	"1"	"1"	11	FALSE	0	135	100	0	0	-395.979797464	395.979797464	1.15600013733	-385	375	-385	375
9	"1"	"1"	11	FALSE	0	135	100	0	0	-395.979797464	395.979797464	1.1893529892	-390	384	-390	384
9	"1"	"1"	11	FALSE	0	135	100	0	0	-395.979797464	395.979797464	1.22270107269	-393	390	-393	390
9	"1"	"1"	11	FALSE	0	135	100	0	0	-395.979797464	395.979797464	1.25607919693	-395	393	-395	393
9	"1"	"1"	11	FALSE	0	135	100	0	0	-395.979797464	395.979797464	1.28949403763	-396	395	-396	395
9	"1"	"1"	12	FALSE	0	45	100	0	0	395.979797464	395.979797464	0.00164413452148	10	-7	10	-7
9	"1"	"1"	12	FALSE	0	45	100	0	0	395.979797464	395.979797464	0.0223491191864	10	-7	10	-7
9	"1"	"1"	12	FALSE	0	45	100	0	0	395.979797464	395.979797464	0.0559649467468	11	-7	11	-7
9	"1"	"1"	12	FALSE	0	45	100	0	0	395.979797464	395.979797464	0.0893619060516	11	-7	11	-7
9	"1"	"1"	12	FALSE	0	45	100	0	0	395.979797464	395.979797464	0.122689962387	11	-7	11	-7
9	"1"	"1"	12	FALSE	0	45	100	0	0	395.979797464	395.979797464	0.156013011932	11	-7	11	-7
9	"1"	"1"	12	FALSE	0	45	100	0	0	395.979797464	395.979797464	0.188935995102	11	-7	11	-7
9	"1"	"1"	12	FALSE	0	45	100	0	0	395.979797464	395.979797464	0.222513914108	11	-7	11	-7
9	"1"	"1"	12	FALSE	0	45	100	0	0	395.979797464	395.979797464	0.256037950516	11	-7	11	-7
9	"1"	"1"	12	FALSE	0	45	100	0	0	395.979797464	395.979797464	0.289533138275	11	-7	11	-7
9	"1"	"1"	12	FALSE	0	45	100	0	0	395.979797464	395.979797464	0.322536945343	11	-7	11	-7
9	"1"	"1"	12	FALSE	0	45	100	0	0	395.979797464	395.979797464	0.356107950211	11	-6	11	-6
9	"1"	"1"	12	FALSE	0	45	100	0	0	395.979797464	395.979797464	0.389542102814	11	-6	11	-6
9	"1"	"1"	12	FALSE	0	45	100	0	0	395.979797464	395.979797464	0.422925949097	11	-5	11	-5
9	"1"	"1"	12	FALSE	0	45	100	0	0	395.979797464	395.979797464	0.456162929535	16	3	16	3
9	"1"	"1"	12	FALSE	0	45	100	0	0	395.979797464	395.979797464	0.488928079605	26	15	26	15
9	"1"	"1"	12	FALSE	0	45	100	0	0	395.979797464	395.979797464	0.522870063782	46	39	46	39
9	"1"	"1"	12	FALSE	0	45	100	0	0	395.979797464	395.979797464	0.556195020676	68	66	68	66
9	"1"	"1"	12	FALSE	0	45	100	0	0	395.979797464	395.979797464	0.58916592598	90	93	90	93
9	"1"	"1"	12	FALSE	0	45	100	0	0	395.979797464	395.979797464	0.623040914536	119	123	119	123
9	"1"	"1"	12	FALSE	0	45	100	0	0	395.979797464	395.979797464	0.656481981277	149	155	149	155
9	"1"	"1"	12	FALSE	0	45	100	0	0	395.979797464	395.979797464	0.689742088318	180	187	180	187
9	"1"	"1"	12	FALSE	0	45	100	0	0	395.979797464	395.979797464	0.723184108734	206	214	206	214
9	"1"	"1"	12	FALSE	0	45	100	0	0	395.979797464	395.979797464	0.756213903427	234	244	234	244
9	"1"	"1"	12	FALSE	0	45	100	0	0	395.979797464	395.979797464	0.78994011879	260	273	260	273
9	"1"	"1"	12	FALSE	0	45	100	0	0	395.979797464	395.979797464	0.823247909546	279	294	279	294
9	"1"	"1"	12	FALSE	0	45	100	0	0	395.979797464	395.979797464	0.856558084488	298	316	298	316
9	"1"	"1"	12	FALSE	0	45	100	0	0	395.979797464	395.979797464	0.889961004257	316	336	316	336
9	"1"	"1"	12	FALSE	0	45	100	0	0	395.979797464	395.979797464	0.923300027847	331	353	331	353
9	"1"	"1"	12	FALSE	0	45	100	0	0	395.979797464	395.979797464	0.956658124924	345	368	345	368
9	"1"	"1"	12	FALSE	0	45	100	0	0	395.979797464	395.979797464	0.989393949509	358	382	358	382
9	"1"	"1"	12	FALSE	0	45	100	0	0	395.979797464	395.979797464	1.02328109741	370	393	370	393
9	"1"	"1"	12	FALSE	0	45	100	0	0	395.979797464	395.979797464	1.05682206154	378	401	378	401
9	"1"	"1"	12	FALSE	0	45	100	0	0	395.979797464	395.979797464	1.09002709389	386	408	386	408
9	"1"	"1"	12	FALSE	0	45	100	0	0	395.979797464	395.979797464	1.12344694138	391	412	391	412
9	"1"	"1"	12	FALSE	0	45	100	0	0	395.979797464	395.979797464	1.15681409836	393	414	393	414
9	"1"	"1"	12	FALSE	0	45	100	0	0	395.979797464	395.979797464	1.18964004517	394	414	394	414
9	"1"	"1"	12	FALSE	0	45	100	0	0	395.979797464	395.979797464	1.22351813316	394	414	394	414
9	"1"	"1"	12	FALSE	0	45	100	0	0	395.979797464	395.979797464	1.25689506531	394	414	394	414
9	"1"	"1"	12	FALSE	0	45	100	0	0	395.979797464	395.979797464	1.28996706009	394	414	394	414
9	"1"	"1"	12	FALSE	0	45	100	0	0	395.979797464	395.979797464	1.32358694077	394	414	394	414
9	"1"	"1"	12	FALSE	0	45	100	0	0	395.979797464	395.979797464	1.35704112053	394	414	394	414
9	"1"	"1"	12	FALSE	0	45	100	0	0	395.979797464	395.979797464	1.39023399353	394	414	394	414
9	"1"	"1"	12	FALSE	0	45	100	0	0	395.979797464	395.979797464	1.42357707024	394	414	394	414
9	"1"	"1"	12	FALSE	0	45	100	0	0	395.979797464	395.979797464	1.45691990852	394	414	394	414
9	"1"	"1"	12	FALSE	0	45	100	0	0	395.979797464	395.979797464	1.48974108696	394	414	394	414
9	"1"	"1"	12	FALSE	0	45	100	0	0	395.979797464	395.979797464	1.52373194695	394	412	394	412
9	"1"	"1"	12	FALSE	0	45	100	0	0	395.979797464	395.979797464	1.55710411072	393	409	393	409
9	"1"	"1"	13	FALSE	0	135	100	0	0	-395.979797464	395.979797464	0.00221514701843	7	4	7	4
9	"1"	"1"	13	FALSE	0	135	100	0	0	-395.979797464	395.979797464	0.0222911834717	7	4	7	4
9	"1"	"1"	13	FALSE	0	135	100	0	0	-395.979797464	395.979797464	0.0559890270233	7	4	7	4
9	"1"	"1"	13	FALSE	0	135	100	0	0	-395.979797464	395.979797464	0.08931016922	7	4	7	4
9	"1"	"1"	13	FALSE	0	135	100	0	0	-395.979797464	395.979797464	0.122554063797	7	4	7	4
9	"1"	"1"	13	FALSE	0	135	100	0	0	-395.979797464	395.979797464	0.155969142914	7	4	7	4
9	"1"	"1"	13	FALSE	0	135	100	0	0	-395.979797464	395.979797464	0.189230203629	7	4	7	4
9	"1"	"1"	13	FALSE	0	135	100	0	0	-395.979797464	395.979797464	0.222681045532	7	4	7	4
9	"1"	"1"	13	FALSE	0	135	100	0	0	-395.979797464	395.979797464	0.255990028381	7	4	7	4
9	"1"	"1"	13	FALSE	0	135	100	0	0	-395.979797464	395.979797464	0.289270162582	7	4	7	4
9	"1"	"1"	13	FALSE	0	135	100	0	0	-395.979797464	395.979797464	0.322867155075	7	4	7	4
9	"1"	"1"	13	FALSE	0	135	100	0	0	-395.979797464	395.979797464	0.356113195419	7	4	7	4
9	"1"	"1"	13	FALSE	0	135	100	0	0	-395.979797464	395.979797464	0.389526128769	6	5	6	5
9	"1"	"1"	13	FALSE	0	135	100	0	0	-395.979797464	395.979797464	0.422928094864	1	14	1	14
9	"1"	"1"	13	FALSE	0	135	100	0	0	-395.979797464	395.979797464	0.456032037735	-8	27	-8	27
9	"1"	"1"	13	FALSE	0	135	100	0	0	-395.979797464	395.979797464	0.489650011063	-23	42	-23	42
9	"1"	"1"	13	FALSE	0	135	100	0	0	-395.979797464	395.979797464	0.522963047028	-45	62	-45	62
9	"1"	"1"	13	FALSE	0	135	100	0	0	-395.979797464	395.979797464	0.556307077408	-67	83	-67	83
9	"1"	"1"	13	FALSE	0	135	100	0	0	-395.979797464	395.979797464	0.589693069458	-87	105	-87	105
9	"1"	"1"	13	FALSE	0	135	100	0	0	-395.979797464	395.979797464	0.623073101044	-111	129	-111	129
9	"1"	"1"	13	FALSE	0	135	100	0	0	-395.979797464	395.979797464	0.656423091888	-135	152	-135	152
9	"1"	"1"	13	FALSE	0	135	100	0	0	-395.979797464	395.979797464	0.689707040787	-156	172	-156	172
9	"1"	"1"	13	FALSE	0	135	100	0	0	-395.979797464	395.979797464	0.723122119904	-180	196	-180	196
9	"1"	"1"	13	FALSE	0	135	100	0	0	-395.979797464	395.979797464	0.75662112236	-199	216	-199	216
9	"1"	"1"	13	FALSE	0	135	100	0	0	-395.979797464	395.979797464	0.789808034897	-223	237	-223	237
9	"1"	"1"	13	FALSE	0	135	100	0	0	-395.979797464	395.979797464	0.823130130768	-240	255	-240	255
9	"1"	"1"	13	FALSE	0	135	100	0	0	-395.979797464	395.979797464	0.856562137604	-259	274	-259	274
9	"1"	"1"	13	FALSE	0	135	100	0	0	-395.979797464	395.979797464	0.889880180359	-274	289	-274	289
9	"1"	"1"	13	FALSE	0	135	100	0	0	-395.979797464	395.979797464	0.923272132874	-290	303	-290	303
9	"1"	"1"	13	FALSE	0	135	100	0	0	-395.979797464	395.979797464	0.956650018692	-307	319	-307	319
9	"1"	"1"	13	FALSE	0	135	100	0	0	-395.979797464	395.979797464	0.989925146103	-321	334	-321	334
9	"1"	"1"	13	FALSE	0	135	100	0	0	-395.979797464	395.979797464	1.02325105667	-332	345	-332	345
9	"1"	"1"	13	FALSE	0	135	100	0	0	-395.979797464	395.979797464	1.05675506592	-344	357	-344	357
9	"1"	"1"	13	FALSE	0	135	100	0	0	-395.979797464	395.979797464	1.0901260376	-354	366	-354	366
9	"1"	"1"	13	FALSE	0	135	100	0	0	-395.979797464	395.979797464	1.12350821495	-361	373	-361	373
9	"1"	"1"	13	FALSE	0	135	100	0	0	-395.979797464	395.979797464	1.15679621696	-367	378	-367	378
9	"1"	"1"	13	FALSE	0	135	100	0	0	-395.979797464	395.979797464	1.19025111198	-373	384	-373	384
9	"1"	"1"	13	FALSE	0	135	100	0	0	-395.979797464	395.979797464	1.22352910042	-379	389	-379	389
9	"1"	"1"	13	FALSE	0	135	100	0	0	-395.979797464	395.979797464	1.25684213638	-384	394	-384	394
9	"1"	"1"	13	FALSE	0	135	100	0	0	-395.979797464	395.979797464	1.2902700901	-389	398	-389	398
9	"1"	"1"	13	FALSE	0	135	100	0	0	-395.979797464	395.979797464	1.32351899147	-392	400	-392	400
9	"1"	"1"	13	FALSE	0	135	100	0	0	-395.979797464	395.979797464	1.35701012611	-393	401	-393	401
9	"1"	"1"	14	FALSE	0	90	100	0	0	3.42901103761e-14	560	0.00196194648743	3	2	3	2
9	"1"	"1"	14	FALSE	0	90	100	0	0	3.42901103761e-14	560	0.0223560333252	3	2	3	2
9	"1"	"1"	14	FALSE	0	90	100	0	0	3.42901103761e-14	560	0.055741071701	4	0	4	0
9	"1"	"1"	14	FALSE	0	90	100	0	0	3.42901103761e-14	560	0.0892019271851	5	-1	5	-1
9	"1"	"1"	14	FALSE	0	90	100	0	0	3.42901103761e-14	560	0.122604846954	6	-2	6	-2
9	"1"	"1"	14	FALSE	0	90	100	0	0	3.42901103761e-14	560	0.155962944031	6	-2	6	-2
9	"1"	"1"	14	FALSE	0	90	100	0	0	3.42901103761e-14	560	0.189251899719	6	-2	6	-2
9	"1"	"1"	14	FALSE	0	90	100	0	0	3.42901103761e-14	560	0.222630023956	6	-2	6	-2
9	"1"	"1"	14	FALSE	0	90	100	0	0	3.42901103761e-14	560	0.255997896194	6	-2	6	-2
9	"1"	"1"	14	FALSE	0	90	100	0	0	3.42901103761e-14	560	0.289332866669	6	-2	6	-2
9	"1"	"1"	14	FALSE	0	90	100	0	0	3.42901103761e-14	560	0.322803974152	6	-2	6	-2
9	"1"	"1"	14	FALSE	0	90	100	0	0	3.42901103761e-14	560	0.35600399971	5	7	5	7
9	"1"	"1"	14	FALSE	0	90	100	0	0	3.42901103761e-14	560	0.389400005341	2	34	2	34
9	"1"	"1"	14	FALSE	0	90	100	0	0	3.42901103761e-14	560	0.422755002975	1	63	1	63
9	"1"	"1"	14	FALSE	0	90	100	0	0	3.42901103761e-14	560	0.456117868423	-2	91	-2	91
9	"1"	"1"	14	FALSE	0	90	100	0	0	3.42901103761e-14	560	0.489659070969	-4	128	-4	128
9	"1"	"1"	14	FALSE	0	90	100	0	0	3.42901103761e-14	560	0.522975921631	-4	169	-4	169
9	"1"	"1"	14	FALSE	0	90	100	0	0	3.42901103761e-14	560	0.556261062622	-2	208	-2	208
9	"1"	"1"	14	FALSE	0	90	100	0	0	3.42901103761e-14	560	0.589609861374	-1	253	-1	253
9	"1"	"1"	14	FALSE	0	90	100	0	0	3.42901103761e-14	560	0.622978925705	-1	293	-1	293
9	"1"	"1"	14	FALSE	0	90	100	0	0	3.42901103761e-14	560	0.656105995178	-2	327	-2	327
9	"1"	"1"	14	FALSE	0	90	100	0	0	3.42901103761e-14	560	0.689718008041	-1	365	-1	365
9	"1"	"1"	14	FALSE	0	90	100	0	0	3.42901103761e-14	560	0.723083972931	-1	400	-1	400
9	"1"	"1"	14	FALSE	0	90	100	0	0	3.42901103761e-14	560	0.756241083145	-1	431	-1	431
9	"1"	"1"	14	FALSE	0	90	100	0	0	3.42901103761e-14	560	0.789630889893	-1	455	-1	455
9	"1"	"1"	14	FALSE	0	90	100	0	0	3.42901103761e-14	560	0.823145866394	-1	478	-1	478
9	"1"	"1"	14	FALSE	0	90	100	0	0	3.42901103761e-14	560	0.856518030167	-2	500	-2	500
9	"1"	"1"	14	FALSE	0	90	100	0	0	3.42901103761e-14	560	0.889838933945	-2	517	-2	517
9	"1"	"1"	14	FALSE	0	90	100	0	0	3.42901103761e-14	560	0.923094034195	-3	529	-3	529
9	"1"	"1"	14	FALSE	0	90	100	0	0	3.42901103761e-14	560	0.956559896469	-4	541	-4	541
9	"1"	"1"	14	FALSE	0	90	100	0	0	3.42901103761e-14	560	0.989995002747	-5	549	-5	549
9	"1"	"1"	14	FALSE	0	90	100	0	0	3.42901103761e-14	560	1.02308607101	-6	557	-6	557
9	"1"	"1"	14	FALSE	0	90	100	0	0	3.42901103761e-14	560	1.05660605431	-6	561	-6	561
9	"1"	"1"	14	FALSE	0	90	100	0	0	3.42901103761e-14	560	1.08998990059	-6	564	-6	564
9	"1"	"1"	15	FALSE	0	45	100	0	0	395.979797464	395.979797464	0.00220108032227	5	-5	5	-5
9	"1"	"1"	15	FALSE	0	45	100	0	0	395.979797464	395.979797464	0.0221002101898	5	-5	5	-5
9	"1"	"1"	15	FALSE	0	45	100	0	0	395.979797464	395.979797464	0.055762052536	5	-5	5	-5
9	"1"	"1"	15	FALSE	0	45	100	0	0	395.979797464	395.979797464	0.0889160633087	5	-5	5	-5
9	"1"	"1"	15	FALSE	0	45	100	0	0	395.979797464	395.979797464	0.122418165207	5	-5	5	-5
9	"1"	"1"	15	FALSE	0	45	100	0	0	395.979797464	395.979797464	0.155682086945	5	-5	5	-5
9	"1"	"1"	15	FALSE	0	45	100	0	0	395.979797464	395.979797464	0.189207077026	5	-5	5	-5
9	"1"	"1"	15	FALSE	0	45	100	0	0	395.979797464	395.979797464	0.222460031509	5	-5	5	-5
9	"1"	"1"	15	FALSE	0	45	100	0	0	395.979797464	395.979797464	0.255831003189	5	-5	5	-5
9	"1"	"1"	15	FALSE	0	45	100	0	0	395.979797464	395.979797464	0.289071083069	5	-5	5	-5
9	"1"	"1"	15	FALSE	0	45	100	0	0	395.979797464	395.979797464	0.322538137436	5	-5	5	-5
9	"1"	"1"	15	FALSE	0	45	100	0	0	395.979797464	395.979797464	0.356037139893	7	-4	7	-4
9	"1"	"1"	15	FALSE	0	45	100	0	0	395.979797464	395.979797464	0.389029026031	15	3	15	3
9	"1"	"1"	15	FALSE	0	45	100	0	0	395.979797464	395.979797464	0.422723054886	28	14	28	14
9	"1"	"1"	15	FALSE	0	45	100	0	0	395.979797464	395.979797464	0.455944061279	54	39	54	39
9	"1"	"1"	15	FALSE	0	45	100	0	0	395.979797464	395.979797464	0.489414215088	77	62	77	62
9	"1"	"1"	15	FALSE	0	45	100	0	0	395.979797464	395.979797464	0.522709131241	107	90	107	90
9	"1"	"1"	15	FALSE	0	45	100	0	0	395.979797464	395.979797464	0.55606508255	139	121	139	121
9	"1"	"1"	15	FALSE	0	45	100	0	0	395.979797464	395.979797464	0.589201211929	170	154	170	154
9	"1"	"1"	15	FALSE	0	45	100	0	0	395.979797464	395.979797464	0.622883081436	210	184	210	184
9	"1"	"1"	15	FALSE	0	45	100	0	0	395.979797464	395.979797464	0.656279087067	239	210	239	210
9	"1"	"1"	15	FALSE	0	45	100	0	0	395.979797464	395.979797464	0.689647197723	272	240	272	240
9	"1"	"1"	15	FALSE	0	45	100	0	0	395.979797464	395.979797464	0.722795009613	302	266	302	266
9	"1"	"1"	15	FALSE	0	45	100	0	0	395.979797464	395.979797464	0.75631403923	322	285	322	285
9	"1"	"1"	15	FALSE	0	45	100	0	0	395.979797464	395.979797464	0.789681196213	335	296	335	296
9	"1"	"1"	15	FALSE	0	45	100	0	0	395.979797464	395.979797464	0.822321176529	345	306	345	306
9	"1"	"1"	15	FALSE	0	45	100	0	0	395.979797464	395.979797464	0.856436014175	352	314	352	314
9	"1"	"1"	15	FALSE	0	45	100	0	0	395.979797464	395.979797464	0.889760017395	355	319	355	319
9	"1"	"1"	15	FALSE	0	45	100	0	0	395.979797464	395.979797464	0.922744035721	359	326	359	326
9	"1"	"1"	15	FALSE	0	45	100	0	0	395.979797464	395.979797464	0.956438064575	365	334	365	334
9	"1"	"1"	15	FALSE	0	45	100	0	0	395.979797464	395.979797464	0.989814043045	371	343	371	343
9	"1"	"1"	15	FALSE	0	45	100	0	0	395.979797464	395.979797464	1.02324700356	376	351	376	351
9	"1"	"1"	15	FALSE	0	45	100	0	0	395.979797464	395.979797464	1.05647206306	381	357	381	357
9	"1"	"1"	15	FALSE	0	45	100	0	0	395.979797464	395.979797464	1.08982515335	386	364	386	364
9	"1"	"1"	15	FALSE	0	45	100	0	0	395.979797464	395.979797464	1.12328100204	391	371	391	371
9	"1"	"1"	15	FALSE	0	45	100	0	0	395.979797464	395.979797464	1.15668201447	395	378	395	378
9	"1"	"1"	15	FALSE	0	45	100	0	0	395.979797464	395.979797464	1.19003105164	399	383	399	383
9	"1"	"1"	15	FALSE	0	45	100	0	0	395.979797464	395.979797464	1.22298502922	400	384	400	384
9	"1"	"1"	16	FALSE	0	45	100	0	0	395.979797464	395.979797464	0.00207901000977	9	2	9	2
9	"1"	"1"	16	FALSE	0	45	100	0	0	395.979797464	395.979797464	0.0224230289459	8	1	8	1
9	"1"	"1"	16	FALSE	0	45	100	0	0	395.979797464	395.979797464	0.0558080673218	8	1	8	1
9	"1"	"1"	16	FALSE	0	45	100	0	0	395.979797464	395.979797464	0.0892550945282	8	1	8	1
9	"1"	"1"	16	FALSE	0	45	100	0	0	395.979797464	395.979797464	0.122373104095	8	1	8	1
9	"1"	"1"	16	FALSE	0	45	100	0	0	395.979797464	395.979797464	0.155811071396	8	1	8	1
9	"1"	"1"	16	FALSE	0	45	100	0	0	395.979797464	395.979797464	0.188617944717	8	1	8	1
9	"1"	"1"	16	FALSE	0	45	100	0	0	395.979797464	395.979797464	0.222641944885	8	1	8	1
9	"1"	"1"	16	FALSE	0	45	100	0	0	395.979797464	395.979797464	0.256014108658	8	1	8	1
9	"1"	"1"	16	FALSE	0	45	100	0	0	395.979797464	395.979797464	0.289371967316	8	1	8	1
9	"1"	"1"	16	FALSE	0	45	100	0	0	395.979797464	395.979797464	0.322724103928	8	2	8	2
9	"1"	"1"	16	FALSE	0	45	100	0	0	395.979797464	395.979797464	0.356034040451	10	8	10	8
9	"1"	"1"	16	FALSE	0	45	100	0	0	395.979797464	395.979797464	0.389312982559	16	26	16	26
9	"1"	"1"	16	FALSE	0	45	100	0	0	395.979797464	395.979797464	0.422827959061	31	50	31	50
9	"1"	"1"	16	FALSE	0	45	100	0	0	395.979797464	395.979797464	0.45613193512	46	72	46	72
9	"1"	"1"	16	FALSE	0	45	100	0	0	395.979797464	395.979797464	0.489545106888	68	96	68	96
9	"1"	"1"	16	FALSE	0	45	100	0	0	395.979797464	395.979797464	0.522867918015	91	120	91	120
9	"1"	"1"	16	FALSE	0	45	100	0	0	395.979797464	395.979797464	0.556268930435	114	142	114	142
9	"1"	"1"	16	FALSE	0	45	100	0	0	395.979797464	395.979797464	0.589548110962	143	167	143	167
9	"1"	"1"	16	FALSE	0	45	100	0	0	395.979797464	395.979797464	0.622862100601	172	190	172	190
9	"1"	"1"	16	FALSE	0	45	100	0	0	395.979797464	395.979797464	0.656267881393	196	213	196	213
9	"1"	"1"	16	FALSE	0	45	100	0	0	395.979797464	395.979797464	0.689570903778	228	236	228	236
9	"1"	"1"	16	FALSE	0	45	100	0	0	395.979797464	395.979797464	0.722873926163	250	254	250	254
9	"1"	"1"	16	FALSE	0	45	100	0	0	395.979797464	395.979797464	0.756400108337	274	274	274	274
9	"1"	"1"	16	FALSE	0	45	100	0	0	395.979797464	395.979797464	0.789742946625	293	291	293	291
9	"1"	"1"	16	FALSE	0	45	100	0	0	395.979797464	395.979797464	0.823121070862	314	312	314	312
9	"1"	"1"	16	FALSE	0	45	100	0	0	395.979797464	395.979797464	0.856523036957	335	333	335	333
9	"1"	"1"	16	FALSE	0	45	100	0	0	395.979797464	395.979797464	0.889703989029	347	344	347	344
9	"1"	"1"	16	FALSE	0	45	100	0	0	395.979797464	395.979797464	0.923027992249	362	359	362	359
9	"1"	"1"	16	FALSE	0	45	100	0	0	395.979797464	395.979797464	0.956513881683	374	373	374	373
9	"1"	"1"	16	FALSE	0	45	100	0	0	395.979797464	395.979797464	0.989974021912	383	383	383	383
9	"1"	"1"	16	FALSE	0	45	100	0	0	395.979797464	395.979797464	1.02333688736	390	390	390	390
9	"1"	"1"	16	FALSE	0	45	100	0	0	395.979797464	395.979797464	1.05653190613	396	396	396	396
9	"1"	"1"	16	FALSE	0	45	100	0	0	395.979797464	395.979797464	1.09000492096	401	401	401	401
9	"1"	"1"	16	FALSE	0	45	100	0	0	395.979797464	395.979797464	1.12326693535	404	404	404	404
9	"1"	"1"	16	FALSE	0	45	100	0	0	395.979797464	395.979797464	1.15674304962	406	406	406	406
9	"1"	"1"	16	FALSE	0	45	100	0	0	395.979797464	395.979797464	1.19004607201	406	406	406	406
9	"1"	"1"	16	FALSE	0	45	100	0	0	395.979797464	395.979797464	1.22340893745	406	406	406	406
9	"1"	"1"	16	FALSE	0	45	100	0	0	395.979797464	395.979797464	1.25677800179	406	406	406	406
9	"1"	"1"	16	FALSE	0	45	100	0	0	395.979797464	395.979797464	1.29001688957	406	406	406	406
9	"1"	"1"	16	FALSE	0	45	100	0	0	395.979797464	395.979797464	1.32350301743	406	406	406	406
9	"1"	"1"	16	FALSE	0	45	100	0	0	395.979797464	395.979797464	1.35683989525	406	406	406	406
9	"1"	"1"	16	FALSE	0	45	100	0	0	395.979797464	395.979797464	1.3903439045	406	406	406	406
9	"1"	"1"	16	FALSE	0	45	100	0	0	395.979797464	395.979797464	1.42340397835	406	406	406	406
9	"1"	"1"	16	FALSE	0	45	100	0	0	395.979797464	395.979797464	1.45683503151	406	406	406	406
9	"1"	"1"	16	FALSE	0	45	100	0	0	395.979797464	395.979797464	1.49009394646	406	406	406	406
9	"1"	"1"	16	FALSE	0	45	100	0	0	395.979797464	395.979797464	1.5235350132	406	406	406	406
9	"1"	"1"	16	FALSE	0	45	100	0	0	395.979797464	395.979797464	1.55689907074	403	403	403	403
9	"1"	"1"	16	FALSE	0	45	100	0	0	395.979797464	395.979797464	1.59036207199	397	397	397	397
9	"1"	"1"	16	FALSE	0	45	100	0	0	395.979797464	395.979797464	1.62371993065	390	391	390	391
9	"1"	"1"	16	FALSE	0	45	100	0	0	395.979797464	395.979797464	1.65700292587	378	380	378	380
9	"1"	"1"	16	FALSE	0	45	100	0	0	395.979797464	395.979797464	1.6904630661	364	368	364	368
9	"1"	"1"	16	FALSE	0	45	100	0	0	395.979797464	395.979797464	1.72371196747	341	349	341	349
9	"1"	"1"	16	FALSE	0	45	100	0	0	395.979797464	395.979797464	1.75696611404	317	328	317	328
9	"1"	"1"	16	FALSE	0	45	100	0	0	395.979797464	395.979797464	1.79048800468	294	304	294	304
9	"1"	"1"	16	FALSE	0	45	100	0	0	395.979797464	395.979797464	1.82381892204	262	278	262	278
9	"1"	"1"	16	FALSE	0	45	100	0	0	395.979797464	395.979797464	1.85718488693	237	254	237	254
9	"1"	"1"	16	FALSE	0	45	100	0	0	395.979797464	395.979797464	1.89058303833	210	227	210	227
9	"1"	"1"	16	FALSE	0	45	100	0	0	395.979797464	395.979797464	1.92399311066	185	203	185	203
9	"1"	"1"	16	FALSE	0	45	100	0	0	395.979797464	395.979797464	1.95734810829	165	183	165	183
9	"1"	"1"	16	FALSE	0	45	100	0	0	395.979797464	395.979797464	1.99072790146	145	165	145	165
9	"1"	"1"	16	FALSE	0	45	100	0	0	395.979797464	395.979797464	2.02409410477	133	153	133	153
9	"1"	"1"	16	FALSE	0	45	100	0	0	395.979797464	395.979797464	2.05726194382	117	136	117	136
9	"1"	"1"	16	FALSE	0	45	100	0	0	395.979797464	395.979797464	2.09075903893	108	129	108	129
9	"1"	"1"	16	FALSE	0	45	100	0	0	395.979797464	395.979797464	2.12379789352	105	127	105	127
9	"1"	"1"	16	FALSE	0	45	100	0	0	395.979797464	395.979797464	2.15745306015	105	127	105	127
9	"1"	"1"	16	FALSE	0	45	100	0	0	395.979797464	395.979797464	2.19086909294	106	127	106	127
9	"1"	"1"	16	FALSE	0	45	100	0	0	395.979797464	395.979797464	2.22419810295	109	127	109	127
9	"1"	"1"	16	FALSE	0	45	100	0	0	395.979797464	395.979797464	2.25755190849	117	131	117	131
9	"1"	"1"	16	FALSE	0	45	100	0	0	395.979797464	395.979797464	2.29083108902	127	139	127	139
9	"1"	"1"	16	FALSE	0	45	100	0	0	395.979797464	395.979797464	2.32423901558	147	157	147	157
9	"1"	"1"	16	FALSE	0	45	100	0	0	395.979797464	395.979797464	2.35763502121	174	180	174	180
9	"1"	"1"	16	FALSE	0	45	100	0	0	395.979797464	395.979797464	2.39092707634	200	202	200	202
9	"1"	"1"	16	FALSE	0	45	100	0	0	395.979797464	395.979797464	2.42433094978	222	221	222	221
9	"1"	"1"	16	FALSE	0	45	100	0	0	395.979797464	395.979797464	2.45775604248	248	243	248	243
9	"1"	"1"	16	FALSE	0	45	100	0	0	395.979797464	395.979797464	2.49099707603	270	263	270	263
9	"1"	"1"	16	FALSE	0	45	100	0	0	395.979797464	395.979797464	2.52436208725	287	279	287	279
9	"1"	"1"	16	FALSE	0	45	100	0	0	395.979797464	395.979797464	2.55786895752	303	294	303	294
9	"1"	"1"	16	FALSE	0	45	100	0	0	395.979797464	395.979797464	2.59109711647	316	305	316	305
9	"1"	"1"	16	FALSE	0	45	100	0	0	395.979797464	395.979797464	2.62431693077	328	318	328	318
9	"1"	"1"	16	FALSE	0	45	100	0	0	395.979797464	395.979797464	2.65776991844	338	326	338	326
9	"1"	"1"	16	FALSE	0	45	100	0	0	395.979797464	395.979797464	2.69127297401	343	332	343	332
9	"1"	"1"	16	FALSE	0	45	100	0	0	395.979797464	395.979797464	2.7245900631	347	338	347	338
9	"1"	"1"	16	FALSE	0	45	100	0	0	395.979797464	395.979797464	2.75790691376	352	343	352	343
9	"1"	"1"	16	FALSE	0	45	100	0	0	395.979797464	395.979797464	2.79131388664	358	349	358	349
9	"1"	"1"	16	FALSE	0	45	100	0	0	395.979797464	395.979797464	2.82449197769	366	357	366	357
9	"1"	"1"	16	FALSE	0	45	100	0	0	395.979797464	395.979797464	2.85791611671	371	363	371	363
9	"1"	"1"	16	FALSE	0	45	100	0	0	395.979797464	395.979797464	2.89138102531	375	368	375	368
9	"1"	"1"	16	FALSE	0	45	100	0	0	395.979797464	395.979797464	2.92480993271	379	372	379	372
9	"1"	"1"	16	FALSE	0	45	100	0	0	395.979797464	395.979797464	2.95797801018	381	375	381	375
9	"1"	"1"	16	FALSE	0	45	100	0	0	395.979797464	395.979797464	2.99135804176	384	379	384	379
9	"1"	"1"	16	FALSE	0	45	100	0	0	395.979797464	395.979797464	3.02479696274	387	383	387	383
9	"1"	"1"	16	FALSE	0	45	100	0	0	395.979797464	395.979797464	3.05813288689	388	384	388	384
9	"1"	"1"	16	FALSE	0	45	100	0	0	395.979797464	395.979797464	3.09148001671	388	384	388	384
9	"1"	"1"	16	FALSE	0	45	100	0	0	395.979797464	395.979797464	3.12482690811	388	384	388	384
9	"1"	"1"	16	FALSE	0	45	100	0	0	395.979797464	395.979797464	3.15818309784	388	384	388	384
9	"1"	"1"	16	FALSE	0	45	100	0	0	395.979797464	395.979797464	3.19141697884	390	387	390	387
9	"1"	"1"	16	FALSE	0	45	100	0	0	395.979797464	395.979797464	3.22492694855	392	389	392	389
9	"1"	"1"	17	FALSE	0	135	100	0	0	-395.979797464	395.979797464	0.00223207473755	3	6	3	6
9	"1"	"1"	17	FALSE	0	135	100	0	0	-395.979797464	395.979797464	0.0553550720215	3	6	3	6
9	"1"	"1"	17	FALSE	0	135	100	0	0	-395.979797464	395.979797464	0.0886359214783	3	6	3	6
9	"1"	"1"	17	FALSE	0	135	100	0	0	-395.979797464	395.979797464	0.121448993683	3	6	3	6
9	"1"	"1"	17	FALSE	0	135	100	0	0	-395.979797464	395.979797464	0.155333042145	3	6	3	6
9	"1"	"1"	17	FALSE	0	135	100	0	0	-395.979797464	395.979797464	0.188680887222	3	6	3	6
9	"1"	"1"	17	FALSE	0	135	100	0	0	-395.979797464	395.979797464	0.221428871155	3	6	3	6
9	"1"	"1"	17	FALSE	0	135	100	0	0	-395.979797464	395.979797464	0.255354881287	3	6	3	6
9	"1"	"1"	17	FALSE	0	135	100	0	0	-395.979797464	395.979797464	0.288756847382	3	6	3	6
9	"1"	"1"	17	FALSE	0	135	100	0	0	-395.979797464	395.979797464	0.322155952454	3	6	3	6
9	"1"	"1"	17	FALSE	0	135	100	0	0	-395.979797464	395.979797464	0.355391025543	3	6	3	6
9	"1"	"1"	17	FALSE	0	135	100	0	0	-395.979797464	395.979797464	0.388862848282	3	7	3	7
9	"1"	"1"	17	FALSE	0	135	100	0	0	-395.979797464	395.979797464	0.421859025955	0	13	0	13
9	"1"	"1"	17	FALSE	0	135	100	0	0	-395.979797464	395.979797464	0.455582857132	-4	21	-4	21
9	"1"	"1"	17	FALSE	0	135	100	0	0	-395.979797464	395.979797464	0.488985061646	-12	31	-12	31
9	"1"	"1"	17	FALSE	0	135	100	0	0	-395.979797464	395.979797464	0.522336006165	-21	42	-21	42
9	"1"	"1"	17	FALSE	0	135	100	0	0	-395.979797464	395.979797464	0.555593013763	-35	55	-35	55
9	"1"	"1"	17	FALSE	0	135	100	0	0	-395.979797464	395.979797464	0.588820934296	-51	72	-51	72
9	"1"	"1"	17	FALSE	0	135	100	0	0	-395.979797464	395.979797464	0.621825933456	-66	88	-66	88
9	"1"	"1"	17	FALSE	0	135	100	0	0	-395.979797464	395.979797464	0.655807971954	-87	109	-87	109
9	"1"	"1"	17	FALSE	0	135	100	0	0	-395.979797464	395.979797464	0.689180850983	-103	124	-103	124
9	"1"	"1"	17	FALSE	0	135	100	0	0	-395.979797464	395.979797464	0.722456932068	-127	149	-127	149
9	"1"	"1"	17	FALSE	0	135	100	0	0	-395.979797464	395.979797464	0.755823850632	-147	170	-147	170
9	"1"	"1"	17	FALSE	0	135	100	0	0	-395.979797464	395.979797464	0.78884601593	-166	188	-166	188
9	"1"	"1"	17	FALSE	0	135	100	0	0	-395.979797464	395.979797464	0.822556972504	-188	210	-188	210
9	"1"	"1"	17	FALSE	0	135	100	0	0	-395.979797464	395.979797464	0.85529589653	-207	229	-207	229
9	"1"	"1"	17	FALSE	0	135	100	0	0	-395.979797464	395.979797464	0.888546943665	-229	250	-229	250
9	"1"	"1"	17	FALSE	0	135	100	0	0	-395.979797464	395.979797464	0.921947956085	-253	273	-253	273
9	"1"	"1"	17	FALSE	0	135	100	0	0	-395.979797464	395.979797464	0.955990076065	-276	294	-276	294
9	"1"	"1"	17	FALSE	0	135	100	0	0	-395.979797464	395.979797464	0.989302873611	-298	312	-298	312
9	"1"	"1"	17	FALSE	0	135	100	0	0	-395.979797464	395.979797464	1.02229690552	-316	326	-316	326
9	"1"	"1"	17	FALSE	0	135	100	0	0	-395.979797464	395.979797464	1.05558300018	-335	339	-335	339
9	"1"	"1"	17	FALSE	0	135	100	0	0	-395.979797464	395.979797464	1.08919596672	-348	349	-348	349
9	"1"	"1"	17	FALSE	0	135	100	0	0	-395.979797464	395.979797464	1.12227201462	-363	361	-363	361
9	"1"	"1"	17	FALSE	0	135	100	0	0	-395.979797464	395.979797464	1.1561589241	-376	373	-376	373
9	"1"	"1"	17	FALSE	0	135	100	0	0	-395.979797464	395.979797464	1.18949794769	-386	382	-386	382
9	"1"	"1"	17	FALSE	0	135	100	0	0	-395.979797464	395.979797464	1.22293806076	-394	389	-394	389
9	"1"	"1"	17	FALSE	0	135	100	0	0	-395.979797464	395.979797464	1.2562289238	-398	393	-398	393
9	"1"	"1"	17	FALSE	0	135	100	0	0	-395.979797464	395.979797464	1.28961491585	-402	397	-402	397
9	"1"	"1"	17	FALSE	0	135	100	0	0	-395.979797464	395.979797464	1.32291603088	-404	400	-404	400
9	"1"	"1"	17	FALSE	0	135	100	0	0	-395.979797464	395.979797464	1.35563898087	-406	402	-406	402
9	"1"	"1"	18	FALSE	0	90	100	0	0	3.42901103761e-14	560	0.00229001045227	8	-2	8	-2
9	"1"	"1"	18	FALSE	0	90	100	0	0	3.42901103761e-14	560	0.0219969749451	8	-2	8	-2
9	"1"	"1"	18	FALSE	0	90	100	0	0	3.42901103761e-14	560	0.0555920600891	8	-2	8	-2
9	"1"	"1"	18	FALSE	0	90	100	0	0	3.42901103761e-14	560	0.0890531539917	8	-2	8	-2
9	"1"	"1"	18	FALSE	0	90	100	0	0	3.42901103761e-14	560	0.122281074524	8	-2	8	-2
9	"1"	"1"	18	FALSE	0	90	100	0	0	3.42901103761e-14	560	0.155730962753	8	-2	8	-2
9	"1"	"1"	18	FALSE	0	90	100	0	0	3.42901103761e-14	560	0.189105987549	8	-2	8	-2
9	"1"	"1"	18	FALSE	0	90	100	0	0	3.42901103761e-14	560	0.222429037094	8	-2	8	-2
9	"1"	"1"	18	FALSE	0	90	100	0	0	3.42901103761e-14	560	0.255607128143	8	-2	8	-2
9	"1"	"1"	18	FALSE	0	90	100	0	0	3.42901103761e-14	560	0.289000988007	8	-2	8	-2
9	"1"	"1"	18	FALSE	0	90	100	0	0	3.42901103761e-14	560	0.322590112686	8	-2	8	-2
9	"1"	"1"	18	FALSE	0	90	100	0	0	3.42901103761e-14	560	0.355895996094	8	-2	8	-2
9	"1"	"1"	18	FALSE	0	90	100	0	0	3.42901103761e-14	560	0.389214992523	8	-2	8	-2
9	"1"	"1"	18	FALSE	0	90	100	0	0	3.42901103761e-14	560	0.422631978989	7	2	7	2
9	"1"	"1"	18	FALSE	0	90	100	0	0	3.42901103761e-14	560	0.455832004547	7	15	7	15
9	"1"	"1"	18	FALSE	0	90	100	0	0	3.42901103761e-14	560	0.489228963852	8	32	8	32
9	"1"	"1"	18	FALSE	0	90	100	0	0	3.42901103761e-14	560	0.522536993027	9	54	9	54
9	"1"	"1"	18	FALSE	0	90	100	0	0	3.42901103761e-14	560	0.556111097336	10	85	10	85
9	"1"	"1"	18	FALSE	0	90	100	0	0	3.42901103761e-14	560	0.589403152466	11	112	11	112
9	"1"	"1"	18	FALSE	0	90	100	0	0	3.42901103761e-14	560	0.622774124146	13	144	13	144
9	"1"	"1"	18	FALSE	0	90	100	0	0	3.42901103761e-14	560	0.656160116196	15	172	15	172
9	"1"	"1"	18	FALSE	0	90	100	0	0	3.42901103761e-14	560	0.689525127411	16	203	16	203
9	"1"	"1"	18	FALSE	0	90	100	0	0	3.42901103761e-14	560	0.722685098648	18	235	18	235
9	"1"	"1"	18	FALSE	0	90	100	0	0	3.42901103761e-14	560	0.756258010864	20	261	20	261
9	"1"	"1"	18	FALSE	0	90	100	0	0	3.42901103761e-14	560	0.789592981339	21	291	21	291
9	"1"	"1"	18	FALSE	0	90	100	0	0	3.42901103761e-14	560	0.822942972183	22	319	22	319
9	"1"	"1"	18	FALSE	0	90	100	0	0	3.42901103761e-14	560	0.856312990189	22	347	22	347
9	"1"	"1"	18	FALSE	0	90	100	0	0	3.42901103761e-14	560	0.889591932297	23	374	23	374
9	"1"	"1"	18	FALSE	0	90	100	0	0	3.42901103761e-14	560	0.923089981079	23	397	23	397
9	"1"	"1"	18	FALSE	0	90	100	0	0	3.42901103761e-14	560	0.956387996674	22	424	22	424
9	"1"	"1"	18	FALSE	0	90	100	0	0	3.42901103761e-14	560	0.98973608017	21	446	21	446
9	"1"	"1"	18	FALSE	0	90	100	0	0	3.42901103761e-14	560	1.02314305305	19	470	19	470
9	"1"	"1"	18	FALSE	0	90	100	0	0	3.42901103761e-14	560	1.05632805824	16	489	16	489
9	"1"	"1"	18	FALSE	0	90	100	0	0	3.42901103761e-14	560	1.08984494209	13	506	13	506
9	"1"	"1"	18	FALSE	0	90	100	0	0	3.42901103761e-14	560	1.12313508987	10	523	10	523
9	"1"	"1"	18	FALSE	0	90	100	0	0	3.42901103761e-14	560	1.15652394295	7	536	7	536
9	"1"	"1"	18	FALSE	0	90	100	0	0	3.42901103761e-14	560	1.18989109993	4	549	4	549
9	"1"	"1"	18	FALSE	0	90	100	0	0	3.42901103761e-14	560	1.22326612473	2	560	2	560
9	"1"	"1"	18	FALSE	0	90	100	0	0	3.42901103761e-14	560	1.25660705566	1	568	1	568
9	"1"	"1"	18	FALSE	0	90	100	0	0	3.42901103761e-14	560	1.28995895386	0	575	0	575
9	"1"	"1"	18	FALSE	0	90	100	0	0	3.42901103761e-14	560	1.32330799103	-1	578	-1	578
9	"1"	"1"	18	FALSE	0	90	100	0	0	3.42901103761e-14	560	1.35658502579	-1	578	-1	578
9	"1"	"1"	18	FALSE	0	90	100	0	0	3.42901103761e-14	560	1.38992714882	-1	578	-1	578
9	"1"	"1"	18	FALSE	0	90	100	0	0	3.42901103761e-14	560	1.42311096191	-1	578	-1	578
9	"1"	"1"	18	FALSE	0	90	100	0	0	3.42901103761e-14	560	1.45665812492	-1	578	-1	578
9	"1"	"1"	18	FALSE	0	90	100	0	0	3.42901103761e-14	560	1.48982596397	-1	578	-1	578
9	"1"	"1"	18	FALSE	0	90	100	0	0	3.42901103761e-14	560	1.52275514603	-1	578	-1	578
9	"1"	"1"	18	FALSE	0	90	100	0	0	3.42901103761e-14	560	1.55676913261	-1	578	-1	578
9	"1"	"1"	18	FALSE	0	90	100	0	0	3.42901103761e-14	560	1.59015011787	-1	578	-1	578
9	"1"	"1"	18	FALSE	0	90	100	0	0	3.42901103761e-14	560	1.62302112579	-1	578	-1	578
9	"1"	"1"	18	FALSE	0	90	100	0	0	3.42901103761e-14	560	1.65683102608	0	578	0	578
9	"1"	"1"	18	FALSE	0	90	100	0	0	3.42901103761e-14	560	1.69034004211	1	573	1	573
9	"1"	"1"	18	FALSE	0	90	100	0	0	3.42901103761e-14	560	1.72366809845	1	567	1	567
9	"1"	"1"	18	FALSE	0	90	100	0	0	3.42901103761e-14	560	1.75688409805	1	561	1	561
9	"1"	"1"	19	FALSE	0	90	100	0	0	3.42901103761e-14	560	0.00182485580444	13	-1	13	-1
9	"1"	"1"	19	FALSE	0	90	100	0	0	3.42901103761e-14	560	0.0220909118652	13	-1	13	-1
9	"1"	"1"	19	FALSE	0	90	100	0	0	3.42901103761e-14	560	0.0556578636169	11	-2	11	-2
9	"1"	"1"	19	FALSE	0	90	100	0	0	3.42901103761e-14	560	0.0884578227997	9	-3	9	-3
9	"1"	"1"	19	FALSE	0	90	100	0	0	3.42901103761e-14	560	0.122329950333	8	-3	8	-3
9	"1"	"1"	19	FALSE	0	90	100	0	0	3.42901103761e-14	560	0.155650854111	8	-3	8	-3
9	"1"	"1"	19	FALSE	0	90	100	0	0	3.42901103761e-14	560	0.188972949982	8	-3	8	-3
9	"1"	"1"	19	FALSE	0	90	100	0	0	3.42901103761e-14	560	0.222332954407	8	-3	8	-3
9	"1"	"1"	19	FALSE	0	90	100	0	0	3.42901103761e-14	560	0.255347967148	8	-3	8	-3
9	"1"	"1"	19	FALSE	0	90	100	0	0	3.42901103761e-14	560	0.289129972458	8	-3	8	-3
9	"1"	"1"	19	FALSE	0	90	100	0	0	3.42901103761e-14	560	0.32240486145	8	-3	8	-3
9	"1"	"1"	19	FALSE	0	90	100	0	0	3.42901103761e-14	560	0.355166912079	8	-3	8	-3
9	"1"	"1"	19	FALSE	0	90	100	0	0	3.42901103761e-14	560	0.389254808426	8	-3	8	-3
9	"1"	"1"	19	FALSE	0	90	100	0	0	3.42901103761e-14	560	0.422530889511	8	-1	8	-1
9	"1"	"1"	19	FALSE	0	90	100	0	0	3.42901103761e-14	560	0.455843925476	7	6	7	6
9	"1"	"1"	19	FALSE	0	90	100	0	0	3.42901103761e-14	560	0.488983869553	7	22	7	22
9	"1"	"1"	19	FALSE	0	90	100	0	0	3.42901103761e-14	560	0.522107839584	6	46	6	46
9	"1"	"1"	19	FALSE	0	90	100	0	0	3.42901103761e-14	560	0.555423021317	5	67	5	67
9	"1"	"1"	19	FALSE	0	90	100	0	0	3.42901103761e-14	560	0.588560819626	5	92	5	92
9	"1"	"1"	19	FALSE	0	90	100	0	0	3.42901103761e-14	560	0.621914863586	5	119	5	119
9	"1"	"1"	19	FALSE	0	90	100	0	0	3.42901103761e-14	560	0.655314922333	7	150	7	150
9	"1"	"1"	19	FALSE	0	90	100	0	0	3.42901103761e-14	560	0.688650846481	10	176	10	176
9	"1"	"1"	19	FALSE	0	90	100	0	0	3.42901103761e-14	560	0.722012996674	12	206	12	206
9	"1"	"1"	19	FALSE	0	90	100	0	0	3.42901103761e-14	560	0.755362987518	14	239	14	239
9	"1"	"1"	19	FALSE	0	90	100	0	0	3.42901103761e-14	560	0.788717985153	17	265	17	265
9	"1"	"1"	19	FALSE	0	90	100	0	0	3.42901103761e-14	560	0.822075843811	19	294	19	294
9	"1"	"1"	19	FALSE	0	90	100	0	0	3.42901103761e-14	560	0.855439901352	20	323	20	323
9	"1"	"1"	19	FALSE	0	90	100	0	0	3.42901103761e-14	560	0.888789892197	20	346	20	346
9	"1"	"1"	19	FALSE	0	90	100	0	0	3.42901103761e-14	560	0.922137022018	19	373	19	373
9	"1"	"1"	19	FALSE	0	90	100	0	0	3.42901103761e-14	560	0.955533027649	18	398	18	398
9	"1"	"1"	19	FALSE	0	90	100	0	0	3.42901103761e-14	560	0.988900899887	16	422	16	422
9	"1"	"1"	19	FALSE	0	90	100	0	0	3.42901103761e-14	560	1.02222204208	14	442	14	442
9	"1"	"1"	19	FALSE	0	90	100	0	0	3.42901103761e-14	560	1.05561184883	11	464	11	464
9	"1"	"1"	19	FALSE	0	90	100	0	0	3.42901103761e-14	560	1.08896493912	7	483	7	483
9	"1"	"1"	19	FALSE	0	90	100	0	0	3.42901103761e-14	560	1.12229800224	4	496	4	496
9	"1"	"1"	19	FALSE	0	90	100	0	0	3.42901103761e-14	560	1.15570402145	1	513	1	513
9	"1"	"1"	19	FALSE	0	90	100	0	0	3.42901103761e-14	560	1.18902492523	-2	529	-2	529
9	"1"	"1"	19	FALSE	0	90	100	0	0	3.42901103761e-14	560	1.22240900993	-5	542	-5	542
9	"1"	"1"	19	FALSE	0	90	100	0	0	3.42901103761e-14	560	1.25574088097	-7	551	-7	551
9	"1"	"1"	19	FALSE	0	90	100	0	0	3.42901103761e-14	560	1.28911495209	-8	560	-8	560
9	"1"	"1"	19	FALSE	0	90	100	0	0	3.42901103761e-14	560	1.32246303558	-9	565	-9	565
9	"1"	"1"	19	FALSE	0	90	100	0	0	3.42901103761e-14	560	1.35582685471	-9	567	-9	567
9	"1"	"1"	19	FALSE	0	90	100	0	0	3.42901103761e-14	560	1.38917183876	-9	569	-9	569
9	"1"	"1"	20	FALSE	0	45	100	0	0	395.979797464	395.979797464	0.00152683258057	-2	-9	-2	-9
9	"1"	"1"	20	FALSE	0	45	100	0	0	395.979797464	395.979797464	0.0216529369354	-2	-9	-2	-9
9	"1"	"1"	20	FALSE	0	45	100	0	0	395.979797464	395.979797464	0.0550169944763	-2	-9	-2	-9
9	"1"	"1"	20	FALSE	0	45	100	0	0	395.979797464	395.979797464	0.088390827179	-2	-12	-2	-12
9	"1"	"1"	20	FALSE	0	45	100	0	0	395.979797464	395.979797464	0.121656894684	-2	-13	-2	-13
9	"1"	"1"	20	FALSE	0	45	100	0	0	395.979797464	395.979797464	0.155032873154	-2	-13	-2	-13
9	"1"	"1"	20	FALSE	0	45	100	0	0	395.979797464	395.979797464	0.188454866409	-1	-13	-1	-13
9	"1"	"1"	20	FALSE	0	45	100	0	0	395.979797464	395.979797464	0.221978902817	-1	-13	-1	-13
9	"1"	"1"	20	FALSE	0	45	100	0	0	395.979797464	395.979797464	0.255141019821	-1	-13	-1	-13
9	"1"	"1"	20	FALSE	0	45	100	0	0	395.979797464	395.979797464	0.288425922394	-1	-13	-1	-13
9	"1"	"1"	20	FALSE	0	45	100	0	0	395.979797464	395.979797464	0.321830034256	-1	-13	-1	-13
9	"1"	"1"	20	FALSE	0	45	100	0	0	395.979797464	395.979797464	0.355202913284	-1	-12	-1	-12
9	"1"	"1"	20	FALSE	0	45	100	0	0	395.979797464	395.979797464	0.388532876968	2	-10	2	-10
9	"1"	"1"	20	FALSE	0	45	100	0	0	395.979797464	395.979797464	0.421905040741	8	-3	8	-3
9	"1"	"1"	20	FALSE	0	45	100	0	0	395.979797464	395.979797464	0.455260038376	17	8	17	8
9	"1"	"1"	20	FALSE	0	45	100	0	0	395.979797464	395.979797464	0.488687992096	31	26	31	26
9	"1"	"1"	20	FALSE	0	45	100	0	0	395.979797464	395.979797464	0.522084951401	49	41	49	41
9	"1"	"1"	20	FALSE	0	45	100	0	0	395.979797464	395.979797464	0.555452823639	74	66	74	66
9	"1"	"1"	20	FALSE	0	45	100	0	0	395.979797464	395.979797464	0.588723897934	98	89	98	89
9	"1"	"1"	20	FALSE	0	45	100	0	0	395.979797464	395.979797464	0.622056007385	119	110	119	110
9	"1"	"1"	20	FALSE	0	45	100	0	0	395.979797464	395.979797464	0.655443906784	146	136	146	136
9	"1"	"1"	20	FALSE	0	45	100	0	0	395.979797464	395.979797464	0.688776016235	174	162	174	162
9	"1"	"1"	20	FALSE	0	45	100	0	0	395.979797464	395.979797464	0.722146034241	198	184	198	184
9	"1"	"1"	20	FALSE	0	45	100	0	0	395.979797464	395.979797464	0.755499839783	225	210	225	210
9	"1"	"1"	20	FALSE	0	45	100	0	0	395.979797464	395.979797464	0.788888931274	251	235	251	235
9	"1"	"1"	20	FALSE	0	45	100	0	0	395.979797464	395.979797464	0.822321891785	275	259	275	259
9	"1"	"1"	20	FALSE	0	45	100	0	0	395.979797464	395.979797464	0.855650901794	293	279	293	279
9	"1"	"1"	20	FALSE	0	45	100	0	0	395.979797464	395.979797464	0.888928890228	312	299	312	299
9	"1"	"1"	20	FALSE	0	45	100	0	0	395.979797464	395.979797464	0.922297954559	326	314	326	314
9	"1"	"1"	20	FALSE	0	45	100	0	0	395.979797464	395.979797464	0.95564198494	339	329	339	329
9	"1"	"1"	20	FALSE	0	45	100	0	0	395.979797464	395.979797464	0.989010810852	351	345	351	345
9	"1"	"1"	20	FALSE	0	45	100	0	0	395.979797464	395.979797464	1.0223698616	361	357	361	357
9	"1"	"1"	20	FALSE	0	45	100	0	0	395.979797464	395.979797464	1.05582284927	373	373	373	373
9	"1"	"1"	20	FALSE	0	45	100	0	0	395.979797464	395.979797464	1.08910489082	381	382	381	382
9	"1"	"1"	20	FALSE	0	45	100	0	0	395.979797464	395.979797464	1.12246799469	389	392	389	392
9	"1"	"1"	20	FALSE	0	45	100	0	0	395.979797464	395.979797464	1.15580892563	396	400	396	400
9	"1"	"1"	20	FALSE	0	45	100	0	0	395.979797464	395.979797464	1.18917584419	400	405	400	405
9	"1"	"1"	20	FALSE	0	45	100	0	0	395.979797464	395.979797464	1.22252702713	403	407	403	407
9	"1"	"1"	21	FALSE	0	135	100	0	0	-395.979797464	395.979797464	0.00224614143372	6	-6	6	-6
9	"1"	"1"	21	FALSE	0	135	100	0	0	-395.979797464	395.979797464	0.0217521190643	6	-6	6	-6
9	"1"	"1"	21	FALSE	0	135	100	0	0	-395.979797464	395.979797464	0.055379152298	5	-6	5	-6
9	"1"	"1"	21	FALSE	0	135	100	0	0	-395.979797464	395.979797464	0.0887629985809	5	-6	5	-6
9	"1"	"1"	21	FALSE	0	135	100	0	0	-395.979797464	395.979797464	0.122153997421	5	-6	5	-6
9	"1"	"1"	21	FALSE	0	135	100	0	0	-395.979797464	395.979797464	0.155375003815	4	-5	4	-5
9	"1"	"1"	21	FALSE	0	135	100	0	0	-395.979797464	395.979797464	0.188657999039	3	-3	3	-3
9	"1"	"1"	21	FALSE	0	135	100	0	0	-395.979797464	395.979797464	0.22207403183	2	-2	2	-2
9	"1"	"1"	21	FALSE	0	135	100	0	0	-395.979797464	395.979797464	0.255616188049	2	-2	2	-2
9	"1"	"1"	21	FALSE	0	135	100	0	0	-395.979797464	395.979797464	0.288974046707	2	-2	2	-2
9	"1"	"1"	21	FALSE	0	135	100	0	0	-395.979797464	395.979797464	0.322281122208	2	-2	2	-2
9	"1"	"1"	21	FALSE	0	135	100	0	0	-395.979797464	395.979797464	0.355672121048	2	-2	2	-2
9	"1"	"1"	21	FALSE	0	135	100	0	0	-395.979797464	395.979797464	0.389294147491	2	-2	2	-2
9	"1"	"1"	21	FALSE	0	135	100	0	0	-395.979797464	395.979797464	0.422468185425	-4	5	-4	5
9	"1"	"1"	21	FALSE	0	135	100	0	0	-395.979797464	395.979797464	0.455800056458	-12	13	-12	13
9	"1"	"1"	21	FALSE	0	135	100	0	0	-395.979797464	395.979797464	0.489073038101	-23	21	-23	21
9	"1"	"1"	21	FALSE	0	135	100	0	0	-395.979797464	395.979797464	0.522387981415	-38	32	-38	32
9	"1"	"1"	21	FALSE	0	135	100	0	0	-395.979797464	395.979797464	0.555323123932	-51	42	-51	42
9	"1"	"1"	21	FALSE	0	135	100	0	0	-395.979797464	395.979797464	0.589159011841	-71	58	-71	58
9	"1"	"1"	21	FALSE	0	135	100	0	0	-395.979797464	395.979797464	0.622445106506	-90	74	-90	74
9	"1"	"1"	21	FALSE	0	135	100	0	0	-395.979797464	395.979797464	0.655762195587	-110	90	-110	90
9	"1"	"1"	21	FALSE	0	135	100	0	0	-395.979797464	395.979797464	0.689639091492	-133	111	-133	111
9	"1"	"1"	21	FALSE	0	135	100	0	0	-395.979797464	395.979797464	0.722692012787	-148	126	-148	126
9	"1"	"1"	21	FALSE	0	135	100	0	0	-395.979797464	395.979797464	0.755995035172	-167	145	-167	145
9	"1"	"1"	21	FALSE	0	135	100	0	0	-395.979797464	395.979797464	0.789309024811	-184	162	-184	162
9	"1"	"1"	21	FALSE	0	135	100	0	0	-395.979797464	395.979797464	0.822715044022	-204	183	-204	183
9	"1"	"1"	21	FALSE	0	135	100	0	0	-395.979797464	395.979797464	0.856117010117	-223	203	-223	203
9	"1"	"1"	21	FALSE	0	135	100	0	0	-395.979797464	395.979797464	0.889446020126	-240	222	-240	222
9	"1"	"1"	21	FALSE	0	135	100	0	0	-395.979797464	395.979797464	0.922839164734	-257	243	-257	243
9	"1"	"1"	21	FALSE	0	135	100	0	0	-395.979797464	395.979797464	0.956112146378	-273	265	-273	265
9	"1"	"1"	21	FALSE	0	135	100	0	0	-395.979797464	395.979797464	0.989520072937	-287	286	-287	286
9	"1"	"1"	21	FALSE	0	135	100	0	0	-395.979797464	395.979797464	1.02287507057	-301	304	-301	304
9	"1"	"1"	21	FALSE	0	135	100	0	0	-395.979797464	395.979797464	1.05613017082	-310	318	-310	318
9	"1"	"1"	21	FALSE	0	135	100	0	0	-395.979797464	395.979797464	1.08948397636	-324	338	-324	338
9	"1"	"1"	21	FALSE	0	135	100	0	0	-395.979797464	395.979797464	1.12296700478	-333	351	-333	351
9	"1"	"1"	21	FALSE	0	135	100	0	0	-395.979797464	395.979797464	1.15630507469	-345	367	-345	367
9	"1"	"1"	21	FALSE	0	135	100	0	0	-395.979797464	395.979797464	1.18966603279	-355	380	-355	380
9	"1"	"1"	21	FALSE	0	135	100	0	0	-395.979797464	395.979797464	1.22312498093	-362	388	-362	388
9	"1"	"1"	21	FALSE	0	135	100	0	0	-395.979797464	395.979797464	1.25642299652	-370	396	-370	396
9	"1"	"1"	21	FALSE	0	135	100	0	0	-395.979797464	395.979797464	1.28974914551	-375	400	-375	400
9	"1"	"1"	21	FALSE	0	135	100	0	0	-395.979797464	395.979797464	1.32300305367	-380	404	-380	404
9	"1"	"1"	21	FALSE	0	135	100	0	0	-395.979797464	395.979797464	1.35648107529	-383	405	-383	405
9	"1"	"1"	21	FALSE	0	135	100	0	0	-395.979797464	395.979797464	1.38979911804	-385	406	-385	406
9	"1"	"1"	21	FALSE	0	135	100	0	0	-395.979797464	395.979797464	1.42312908173	-386	407	-386	407
9	"1"	"1"	21	FALSE	0	135	100	0	0	-395.979797464	395.979797464	1.45642113686	-386	408	-386	408
9	"1"	"1"	21	FALSE	0	135	100	0	0	-395.979797464	395.979797464	1.48987317085	-386	408	-386	408
9	"1"	"1"	21	FALSE	0	135	100	0	0	-395.979797464	395.979797464	1.523209095	-386	408	-386	408
9	"1"	"1"	21	FALSE	0	135	100	0	0	-395.979797464	395.979797464	1.55665397644	-386	408	-386	408
9	"1"	"1"	21	FALSE	0	135	100	0	0	-395.979797464	395.979797464	1.58991408348	-386	407	-386	407
9	"1"	"1"	21	FALSE	0	135	100	0	0	-395.979797464	395.979797464	1.62339901924	-386	407	-386	407
9	"1"	"1"	21	FALSE	0	135	100	0	0	-395.979797464	395.979797464	1.65669798851	-387	405	-387	405
9	"1"	"1"	21	FALSE	0	135	100	0	0	-395.979797464	395.979797464	1.69010400772	-390	402	-390	402
9	"1"	"1"	21	FALSE	0	135	100	0	0	-395.979797464	395.979797464	1.72332310677	-392	400	-392	400
9	"1"	"1"	21	FALSE	0	135	100	0	0	-395.979797464	395.979797464	1.75667309761	-393	399	-393	399
