"task_num"	"task_name"	"trial_type"	"trial_num"	"terminalfeedback_bool"	"rotation_angle"	"targetangle_deg"	"targetdistance_percmax"	"homex_px"	"homey_px"	"targetx_px"	"targety_px"	"time_s"	"mousex_px"	"mousey_px"	"cursorx_px"	"cursory_px"
9	"1"	"1"	1	FALSE	0	90	100	0	0	3.42901103761e-14	560	3.12725782394	-2	-5	-2	-5
9	"1"	"1"	1	FALSE	0	90	100	0	0	3.42901103761e-14	560	3.16059494019	-2	-5	-2	-5
9	"1"	"1"	1	FALSE	0	90	100	0	0	3.42901103761e-14	560	3.19396090508	-2	-4	-2	-4
9	"1"	"1"	1	FALSE	0	90	100	0	0	3.42901103761e-14	560	3.22743082047	-2	-4	-2	-4
9	"1"	"1"	1	FALSE	0	90	100	0	0	3.42901103761e-14	560	3.26078486443	-2	-3	-2	-3
9	"1"	"1"	1	FALSE	0	90	100	0	0	3.42901103761e-14	560	3.29412484169	-3	-1	-3	-1
9	"1"	"1"	1	FALSE	0	90	100	0	0	3.42901103761e-14	560	3.32744383812	-3	1	-3	1
9	"1"	"1"	1	FALSE	0	90	100	0	0	3.42901103761e-14	560	3.3608109951	-3	2	-3	2
9	"1"	"1"	1	FALSE	0	90	100	0	0	3.42901103761e-14	560	3.39419579506	-3	2	-3	2
9	"1"	"1"	1	FALSE	0	90	100	0	0	3.42901103761e-14	560	3.4276869297	-3	2	-3	2
9	"1"	"1"	1	FALSE	0	90	100	0	0	3.42901103761e-14	560	3.46087694168	-3	2	-3	2
9	"1"	"1"	1	FALSE	0	90	100	0	0	3.42901103761e-14	560	3.4942419529	-3	2	-3	2
9	"1"	"1"	1	FALSE	0	90	100	0	0	3.42901103761e-14	560	3.527602911	-3	1	-3	1
9	"1"	"1"	1	FALSE	0	90	100	0	0	3.42901103761e-14	560	3.56090497971	-3	1	-3	1
9	"1"	"1"	1	FALSE	0	90	100	0	0	3.42901103761e-14	560	3.59431099892	-3	1	-3	1
9	"1"	"1"	1	FALSE	0	90	100	0	0	3.42901103761e-14	560	3.62765192986	-2	1	-2	1
9	"1"	"1"	1	FALSE	0	90	100	0	0	3.42901103761e-14	560	3.66099500656	-2	1	-2	1
9	"1"	"1"	1	FALSE	0	90	100	0	0	3.42901103761e-14	560	3.69438886642	-2	2	-2	2
9	"1"	"1"	1	FALSE	0	90	100	0	0	3.42901103761e-14	560	3.72773098946	-2	3	-2	3
9	"1"	"1"	1	FALSE	0	90	100	0	0	3.42901103761e-14	560	3.76107501984	-2	11	-2	11
9	"1"	"1"	1	FALSE	0	90	100	0	0	3.42901103761e-14	560	3.79452991486	-1	23	-1	23
9	"1"	"1"	1	FALSE	0	90	100	0	0	3.42901103761e-14	560	3.82789993286	0	40	0	40
9	"1"	"1"	1	FALSE	0	90	100	0	0	3.42901103761e-14	560	3.86116790771	0	62	0	62
9	"1"	"1"	1	FALSE	0	90	100	0	0	3.42901103761e-14	560	3.89454698563	0	86	0	86
9	"1"	"1"	1	FALSE	0	90	100	0	0	3.42901103761e-14	560	3.92788481712	0	111	0	111
9	"1"	"1"	1	FALSE	0	90	100	0	0	3.42901103761e-14	560	3.96123695374	0	134	0	134
9	"1"	"1"	1	FALSE	0	90	100	0	0	3.42901103761e-14	560	3.99464392662	0	162	0	162
9	"1"	"1"	1	FALSE	0	90	100	0	0	3.42901103761e-14	560	4.02795600891	1	190	1	190
9	"1"	"1"	1	FALSE	0	90	100	0	0	3.42901103761e-14	560	4.0613629818	3	219	3	219
9	"1"	"1"	1	FALSE	0	90	100	0	0	3.42901103761e-14	560	4.09475302696	5	247	5	247
9	"1"	"1"	1	FALSE	0	90	100	0	0	3.42901103761e-14	560	4.12818288803	9	280	9	280
9	"1"	"1"	1	FALSE	0	90	100	0	0	3.42901103761e-14	560	4.16139698029	11	311	11	311
9	"1"	"1"	1	FALSE	0	90	100	0	0	3.42901103761e-14	560	4.19496679306	13	338	13	338
9	"1"	"1"	1	FALSE	0	90	100	0	0	3.42901103761e-14	560	4.22833991051	14	369	14	369
9	"1"	"1"	1	FALSE	0	90	100	0	0	3.42901103761e-14	560	4.26147484779	13	397	13	397
9	"1"	"1"	1	FALSE	0	90	100	0	0	3.42901103761e-14	560	4.29482793808	12	421	12	421
9	"1"	"1"	1	FALSE	0	90	100	0	0	3.42901103761e-14	560	4.32823801041	11	448	11	448
9	"1"	"1"	1	FALSE	0	90	100	0	0	3.42901103761e-14	560	4.36169195175	10	473	10	473
9	"1"	"1"	1	FALSE	0	90	100	0	0	3.42901103761e-14	560	4.39500498772	9	491	9	491
9	"1"	"1"	1	FALSE	0	90	100	0	0	3.42901103761e-14	560	4.42834281921	6	502	6	502
9	"1"	"1"	1	FALSE	0	90	100	0	0	3.42901103761e-14	560	4.46163702011	2	514	2	514
9	"1"	"1"	1	FALSE	0	90	100	0	0	3.42901103761e-14	560	4.49498200417	0	523	0	523
9	"1"	"1"	1	FALSE	0	90	100	0	0	3.42901103761e-14	560	4.52833795547	0	531	0	531
9	"1"	"1"	1	FALSE	0	90	100	0	0	3.42901103761e-14	560	4.56171488762	0	538	0	538
9	"1"	"1"	1	FALSE	0	90	100	0	0	3.42901103761e-14	560	4.59505701065	0	540	0	540
9	"1"	"1"	1	FALSE	0	90	100	0	0	3.42901103761e-14	560	4.62849497795	0	544	0	544
9	"1"	"1"	1	FALSE	0	90	100	0	0	3.42901103761e-14	560	4.66181993484	0	546	0	546
9	"1"	"1"	1	FALSE	0	90	100	0	0	3.42901103761e-14	560	4.69513297081	1	548	1	548
9	"1"	"1"	1	FALSE	0	90	100	0	0	3.42901103761e-14	560	4.72853183746	4	553	4	553
9	"1"	"1"	2	FALSE	0	135	100	0	0	-395.979797464	395.979797464	0.00154995918274	2	-8	2	-8
9	"1"	"1"	2	FALSE	0	135	100	0	0	-395.979797464	395.979797464	0.0238189697266	0	-10	0	-10
9	"1"	"1"	2	FALSE	0	135	100	0	0	-395.979797464	395.979797464	0.0573878288269	-2	-10	-2	-10
9	"1"	"1"	2	FALSE	0	135	100	0	0	-395.979797464	395.979797464	0.0907440185547	-2	-8	-2	-8
9	"1"	"1"	2	FALSE	0	135	100	0	0	-395.979797464	395.979797464	0.123891830444	-2	-7	-2	-7
9	"1"	"1"	2	FALSE	0	135	100	0	0	-395.979797464	395.979797464	0.157444000244	-2	-7	-2	-7
9	"1"	"1"	2	FALSE	0	135	100	0	0	-395.979797464	395.979797464	0.190745830536	-2	-7	-2	-7
9	"1"	"1"	2	FALSE	0	135	100	0	0	-395.979797464	395.979797464	0.224145889282	0	-6	0	-6
9	"1"	"1"	2	FALSE	0	135	100	0	0	-395.979797464	395.979797464	0.257793903351	1	-5	1	-5
9	"1"	"1"	2	FALSE	0	135	100	0	0	-395.979797464	395.979797464	0.290958881378	1	-4	1	-4
9	"1"	"1"	2	FALSE	0	135	100	0	0	-395.979797464	395.979797464	0.324340820312	1	-4	1	-4
9	"1"	"1"	2	FALSE	0	135	100	0	0	-395.979797464	395.979797464	0.357209920883	1	-4	1	-4
9	"1"	"1"	2	FALSE	0	135	100	0	0	-395.979797464	395.979797464	0.390967845917	0	-4	0	-4
9	"1"	"1"	2	FALSE	0	135	100	0	0	-395.979797464	395.979797464	0.424086809158	-4	0	-4	0
9	"1"	"1"	2	FALSE	0	135	100	0	0	-395.979797464	395.979797464	0.457513809204	-12	9	-12	9
9	"1"	"1"	2	FALSE	0	135	100	0	0	-395.979797464	395.979797464	0.490887880325	-24	25	-24	25
9	"1"	"1"	2	FALSE	0	135	100	0	0	-395.979797464	395.979797464	0.524483919144	-45	52	-45	52
9	"1"	"1"	2	FALSE	0	135	100	0	0	-395.979797464	395.979797464	0.557626962662	-67	77	-67	77
9	"1"	"1"	2	FALSE	0	135	100	0	0	-395.979797464	395.979797464	0.591113805771	-88	100	-88	100
9	"1"	"1"	2	FALSE	0	135	100	0	0	-395.979797464	395.979797464	0.624563932419	-111	131	-111	131
9	"1"	"1"	2	FALSE	0	135	100	0	0	-395.979797464	395.979797464	0.657179832458	-137	160	-137	160
9	"1"	"1"	2	FALSE	0	135	100	0	0	-395.979797464	395.979797464	0.691207885742	-161	183	-161	183
9	"1"	"1"	2	FALSE	0	135	100	0	0	-395.979797464	395.979797464	0.724575996399	-186	212	-186	212
9	"1"	"1"	2	FALSE	0	135	100	0	0	-395.979797464	395.979797464	0.757827997208	-212	240	-212	240
9	"1"	"1"	2	FALSE	0	135	100	0	0	-395.979797464	395.979797464	0.791412830353	-235	267	-235	267
9	"1"	"1"	2	FALSE	0	135	100	0	0	-395.979797464	395.979797464	0.824756860733	-253	287	-253	287
9	"1"	"1"	2	FALSE	0	135	100	0	0	-395.979797464	395.979797464	0.857671976089	-272	309	-272	309
9	"1"	"1"	2	FALSE	0	135	100	0	0	-395.979797464	395.979797464	0.891371011734	-285	326	-285	326
9	"1"	"1"	2	FALSE	0	135	100	0	0	-395.979797464	395.979797464	0.924578905106	-297	338	-297	338
9	"1"	"1"	2	FALSE	0	135	100	0	0	-395.979797464	395.979797464	0.957993984222	-309	350	-309	350
9	"1"	"1"	2	FALSE	0	135	100	0	0	-395.979797464	395.979797464	0.991431951523	-319	360	-319	360
9	"1"	"1"	2	FALSE	0	135	100	0	0	-395.979797464	395.979797464	1.02418494225	-325	367	-325	367
9	"1"	"1"	2	FALSE	0	135	100	0	0	-395.979797464	395.979797464	1.05812191963	-334	374	-334	374
9	"1"	"1"	2	FALSE	0	135	100	0	0	-395.979797464	395.979797464	1.0914888382	-339	378	-339	378
9	"1"	"1"	2	FALSE	0	135	100	0	0	-395.979797464	395.979797464	1.12425088882	-345	382	-345	382
9	"1"	"1"	2	FALSE	0	135	100	0	0	-395.979797464	395.979797464	1.15825986862	-349	385	-349	385
9	"1"	"1"	2	FALSE	0	135	100	0	0	-395.979797464	395.979797464	1.19155502319	-354	388	-354	388
9	"1"	"1"	2	FALSE	0	135	100	0	0	-395.979797464	395.979797464	1.22498083115	-359	390	-359	390
9	"1"	"1"	2	FALSE	0	135	100	0	0	-395.979797464	395.979797464	1.25837087631	-364	392	-364	392
9	"1"	"1"	2	FALSE	0	135	100	0	0	-395.979797464	395.979797464	1.29127383232	-369	395	-369	395
9	"1"	"1"	2	FALSE	0	135	100	0	0	-395.979797464	395.979797464	1.3250348568	-374	397	-374	397
9	"1"	"1"	2	FALSE	0	135	100	0	0	-395.979797464	395.979797464	1.35845899582	-378	399	-378	399
9	"1"	"1"	2	FALSE	0	135	100	0	0	-395.979797464	395.979797464	1.39162182808	-382	399	-382	399
9	"1"	"1"	2	FALSE	0	135	100	0	0	-395.979797464	395.979797464	1.42511796951	-385	400	-385	400
9	"1"	"1"	2	FALSE	0	135	100	0	0	-395.979797464	395.979797464	1.45851683617	-388	400	-388	400
9	"1"	"1"	2	FALSE	0	135	100	0	0	-395.979797464	395.979797464	1.49181580544	-390	400	-390	400
9	"1"	"1"	2	FALSE	0	135	100	0	0	-395.979797464	395.979797464	1.52518892288	-393	401	-393	401
9	"1"	"1"	2	FALSE	0	135	100	0	0	-395.979797464	395.979797464	1.55858588219	-395	401	-395	401
9	"1"	"1"	3	FALSE	0	45	100	0	0	395.979797464	395.979797464	0.00225281715393	2	-6	2	-6
9	"1"	"1"	3	FALSE	0	45	100	0	0	395.979797464	395.979797464	0.0227928161621	2	-6	2	-6
9	"1"	"1"	3	FALSE	0	45	100	0	0	395.979797464	395.979797464	0.0562908649445	1	-5	1	-5
9	"1"	"1"	3	FALSE	0	45	100	0	0	395.979797464	395.979797464	0.0896208286285	1	-5	1	-5
9	"1"	"1"	3	FALSE	0	45	100	0	0	395.979797464	395.979797464	0.122888803482	1	-5	1	-5
9	"1"	"1"	3	FALSE	0	45	100	0	0	395.979797464	395.979797464	0.155725002289	1	-5	1	-5
9	"1"	"1"	3	FALSE	0	45	100	0	0	395.979797464	395.979797464	0.189643859863	1	-5	1	-5
9	"1"	"1"	3	FALSE	0	45	100	0	0	395.979797464	395.979797464	0.223023891449	1	-5	1	-5
9	"1"	"1"	3	FALSE	0	45	100	0	0	395.979797464	395.979797464	0.255764961243	1	-5	1	-5
9	"1"	"1"	3	FALSE	0	45	100	0	0	395.979797464	395.979797464	0.289784908295	1	-5	1	-5
9	"1"	"1"	3	FALSE	0	45	100	0	0	395.979797464	395.979797464	0.323032855988	1	-5	1	-5
9	"1"	"1"	3	FALSE	0	45	100	0	0	395.979797464	395.979797464	0.356532812119	4	-1	4	-1
9	"1"	"1"	3	FALSE	0	45	100	0	0	395.979797464	395.979797464	0.390014886856	10	7	10	7
9	"1"	"1"	3	FALSE	0	45	100	0	0	395.979797464	395.979797464	0.423229932785	18	14	18	14
9	"1"	"1"	3	FALSE	0	45	100	0	0	395.979797464	395.979797464	0.456229925156	26	23	26	23
9	"1"	"1"	3	FALSE	0	45	100	0	0	395.979797464	395.979797464	0.489989995956	36	33	36	33
9	"1"	"1"	3	FALSE	0	45	100	0	0	395.979797464	395.979797464	0.523106813431	46	43	46	43
9	"1"	"1"	3	FALSE	0	45	100	0	0	395.979797464	395.979797464	0.556068897247	59	55	59	55
9	"1"	"1"	3	FALSE	0	45	100	0	0	395.979797464	395.979797464	0.590005874634	71	67	71	67
9	"1"	"1"	3	FALSE	0	45	100	0	0	395.979797464	395.979797464	0.623468875885	86	83	86	83
9	"1"	"1"	3	FALSE	0	45	100	0	0	395.979797464	395.979797464	0.656399965286	100	98	100	98
9	"1"	"1"	3	FALSE	0	45	100	0	0	395.979797464	395.979797464	0.690151929855	118	116	118	116
9	"1"	"1"	3	FALSE	0	45	100	0	0	395.979797464	395.979797464	0.723567962646	140	138	140	138
9	"1"	"1"	3	FALSE	0	45	100	0	0	395.979797464	395.979797464	0.756881952286	154	152	154	152
9	"1"	"1"	3	FALSE	0	45	100	0	0	395.979797464	395.979797464	0.790061950684	179	175	179	175
9	"1"	"1"	3	FALSE	0	45	100	0	0	395.979797464	395.979797464	0.823057889938	201	196	201	196
9	"1"	"1"	3	FALSE	0	45	100	0	0	395.979797464	395.979797464	0.856256008148	219	212	219	212
9	"1"	"1"	3	FALSE	0	45	100	0	0	395.979797464	395.979797464	0.890259027481	237	231	237	231
9	"1"	"1"	3	FALSE	0	45	100	0	0	395.979797464	395.979797464	0.923671960831	254	248	254	248
9	"1"	"1"	3	FALSE	0	45	100	0	0	395.979797464	395.979797464	0.956652879715	276	270	276	270
9	"1"	"1"	3	FALSE	0	45	100	0	0	395.979797464	395.979797464	0.990265846252	293	287	293	287
9	"1"	"1"	3	FALSE	0	45	100	0	0	395.979797464	395.979797464	1.02341580391	307	300	307	300
9	"1"	"1"	3	FALSE	0	45	100	0	0	395.979797464	395.979797464	1.05697202682	322	315	322	315
9	"1"	"1"	3	FALSE	0	45	100	0	0	395.979797464	395.979797464	1.09040784836	334	327	334	327
9	"1"	"1"	3	FALSE	0	45	100	0	0	395.979797464	395.979797464	1.12385082245	348	342	348	342
9	"1"	"1"	3	FALSE	0	45	100	0	0	395.979797464	395.979797464	1.15717792511	359	354	359	354
9	"1"	"1"	3	FALSE	0	45	100	0	0	395.979797464	395.979797464	1.1905310154	369	365	369	365
9	"1"	"1"	3	FALSE	0	45	100	0	0	395.979797464	395.979797464	1.22392296791	376	373	376	373
9	"1"	"1"	3	FALSE	0	45	100	0	0	395.979797464	395.979797464	1.25729990005	383	381	383	381
9	"1"	"1"	3	FALSE	0	45	100	0	0	395.979797464	395.979797464	1.29057383537	388	388	388	388
9	"1"	"1"	3	FALSE	0	45	100	0	0	395.979797464	395.979797464	1.32391881943	393	392	393	392
9	"1"	"1"	3	FALSE	0	45	100	0	0	395.979797464	395.979797464	1.35697603226	395	394	395	394
9	"1"	"1"	4	FALSE	0	45	100	0	0	395.979797464	395.979797464	0.00184297561646	0	6	0	6
9	"1"	"1"	4	FALSE	0	45	100	0	0	395.979797464	395.979797464	0.0232899188995	0	6	0	6
9	"1"	"1"	4	FALSE	0	45	100	0	0	395.979797464	395.979797464	0.0565779209137	0	6	0	6
9	"1"	"1"	4	FALSE	0	45	100	0	0	395.979797464	395.979797464	0.0900418758392	0	5	0	5
9	"1"	"1"	4	FALSE	0	45	100	0	0	395.979797464	395.979797464	0.123330831528	-1	5	-1	5
9	"1"	"1"	4	FALSE	0	45	100	0	0	395.979797464	395.979797464	0.156623840332	-1	5	-1	5
9	"1"	"1"	4	FALSE	0	45	100	0	0	395.979797464	395.979797464	0.189683914185	-1	5	-1	5
9	"1"	"1"	4	FALSE	0	45	100	0	0	395.979797464	395.979797464	0.223424911499	-1	5	-1	5
9	"1"	"1"	4	FALSE	0	45	100	0	0	395.979797464	395.979797464	0.25674700737	-1	5	-1	5
9	"1"	"1"	4	FALSE	0	45	100	0	0	395.979797464	395.979797464	0.290124893188	-1	5	-1	5
9	"1"	"1"	4	FALSE	0	45	100	0	0	395.979797464	395.979797464	0.323565006256	-1	5	-1	5
9	"1"	"1"	4	FALSE	0	45	100	0	0	395.979797464	395.979797464	0.3568379879	-1	6	-1	6
9	"1"	"1"	4	FALSE	0	45	100	0	0	395.979797464	395.979797464	0.389709949493	2	10	2	10
9	"1"	"1"	4	FALSE	0	45	100	0	0	395.979797464	395.979797464	0.423569917679	9	18	9	18
9	"1"	"1"	4	FALSE	0	45	100	0	0	395.979797464	395.979797464	0.456862926483	15	27	15	27
9	"1"	"1"	4	FALSE	0	45	100	0	0	395.979797464	395.979797464	0.490396976471	25	38	25	38
9	"1"	"1"	4	FALSE	0	45	100	0	0	395.979797464	395.979797464	0.523773908615	38	53	38	53
9	"1"	"1"	4	FALSE	0	45	100	0	0	395.979797464	395.979797464	0.55705499649	50	66	50	66
9	"1"	"1"	4	FALSE	0	45	100	0	0	395.979797464	395.979797464	0.590311050415	64	80	64	80
9	"1"	"1"	4	FALSE	0	45	100	0	0	395.979797464	395.979797464	0.623750925064	78	94	78	94
9	"1"	"1"	4	FALSE	0	45	100	0	0	395.979797464	395.979797464	0.657068014145	98	113	98	113
9	"1"	"1"	4	FALSE	0	45	100	0	0	395.979797464	395.979797464	0.690330982208	112	128	112	128
9	"1"	"1"	4	FALSE	0	45	100	0	0	395.979797464	395.979797464	0.72341799736	132	148	132	148
9	"1"	"1"	4	FALSE	0	45	100	0	0	395.979797464	395.979797464	0.757016897202	148	165	148	165
9	"1"	"1"	4	FALSE	0	45	100	0	0	395.979797464	395.979797464	0.790009021759	162	181	162	181
9	"1"	"1"	4	FALSE	0	45	100	0	0	395.979797464	395.979797464	0.823835849762	179	199	179	199
9	"1"	"1"	4	FALSE	0	45	100	0	0	395.979797464	395.979797464	0.857143878937	195	217	195	217
9	"1"	"1"	4	FALSE	0	45	100	0	0	395.979797464	395.979797464	0.889998912811	209	233	209	233
9	"1"	"1"	4	FALSE	0	45	100	0	0	395.979797464	395.979797464	0.92390704155	225	251	225	251
9	"1"	"1"	4	FALSE	0	45	100	0	0	395.979797464	395.979797464	0.957388877869	241	269	241	269
9	"1"	"1"	4	FALSE	0	45	100	0	0	395.979797464	395.979797464	0.990571975708	256	285	256	285
9	"1"	"1"	4	FALSE	0	45	100	0	0	395.979797464	395.979797464	1.02355098724	268	297	268	297
9	"1"	"1"	4	FALSE	0	45	100	0	0	395.979797464	395.979797464	1.05740690231	282	310	282	310
9	"1"	"1"	4	FALSE	0	45	100	0	0	395.979797464	395.979797464	1.09073996544	295	323	295	323
9	"1"	"1"	4	FALSE	0	45	100	0	0	395.979797464	395.979797464	1.12400102615	306	332	306	332
9	"1"	"1"	4	FALSE	0	45	100	0	0	395.979797464	395.979797464	1.15694689751	319	344	319	344
9	"1"	"1"	4	FALSE	0	45	100	0	0	395.979797464	395.979797464	1.1907889843	328	353	328	353
9	"1"	"1"	4	FALSE	0	45	100	0	0	395.979797464	395.979797464	1.22428202629	340	365	340	365
9	"1"	"1"	4	FALSE	0	45	100	0	0	395.979797464	395.979797464	1.25727391243	349	373	349	373
9	"1"	"1"	4	FALSE	0	45	100	0	0	395.979797464	395.979797464	1.29060697556	359	381	359	381
9	"1"	"1"	4	FALSE	0	45	100	0	0	395.979797464	395.979797464	1.32364201546	367	387	367	387
9	"1"	"1"	4	FALSE	0	45	100	0	0	395.979797464	395.979797464	1.35765099525	373	391	373	391
9	"1"	"1"	4	FALSE	0	45	100	0	0	395.979797464	395.979797464	1.39096593857	380	395	380	395
9	"1"	"1"	4	FALSE	0	45	100	0	0	395.979797464	395.979797464	1.42430686951	385	398	385	398
9	"1"	"1"	4	FALSE	0	45	100	0	0	395.979797464	395.979797464	1.45777392387	387	399	387	399
9	"1"	"1"	4	FALSE	0	45	100	0	0	395.979797464	395.979797464	1.49105405807	389	400	389	400
9	"1"	"1"	4	FALSE	0	45	100	0	0	395.979797464	395.979797464	1.5245449543	393	402	393	402
9	"1"	"1"	4	FALSE	0	45	100	0	0	395.979797464	395.979797464	1.55716490746	396	403	396	403
9	"1"	"1"	5	FALSE	0	90	100	0	0	3.42901103761e-14	560	0.00197696685791	0	-1	0	-1
9	"1"	"1"	5	FALSE	0	90	100	0	0	3.42901103761e-14	560	0.0225009918213	0	-1	0	-1
9	"1"	"1"	5	FALSE	0	90	100	0	0	3.42901103761e-14	560	0.0561790466309	0	-1	0	-1
9	"1"	"1"	5	FALSE	0	90	100	0	0	3.42901103761e-14	560	0.0894410610199	0	-1	0	-1
9	"1"	"1"	5	FALSE	0	90	100	0	0	3.42901103761e-14	560	0.122886896133	0	-1	0	-1
9	"1"	"1"	5	FALSE	0	90	100	0	0	3.42901103761e-14	560	0.156131029129	0	-1	0	-1
9	"1"	"1"	5	FALSE	0	90	100	0	0	3.42901103761e-14	560	0.189393043518	0	-1	0	-1
9	"1"	"1"	5	FALSE	0	90	100	0	0	3.42901103761e-14	560	0.222368955612	0	-1	0	-1
9	"1"	"1"	5	FALSE	0	90	100	0	0	3.42901103761e-14	560	0.255796909332	0	-1	0	-1
9	"1"	"1"	5	FALSE	0	90	100	0	0	3.42901103761e-14	560	0.289026021957	0	-1	0	-1
9	"1"	"1"	5	FALSE	0	90	100	0	0	3.42901103761e-14	560	0.32238483429	0	-1	0	-1
9	"1"	"1"	5	FALSE	0	90	100	0	0	3.42901103761e-14	560	0.355798959732	0	-1	0	-1
9	"1"	"1"	5	FALSE	0	90	100	0	0	3.42901103761e-14	560	0.389158964157	0	-1	0	-1
9	"1"	"1"	5	FALSE	0	90	100	0	0	3.42901103761e-14	560	0.422584056854	0	1	0	1
9	"1"	"1"	5	FALSE	0	90	100	0	0	3.42901103761e-14	560	0.455873012543	-1	7	-1	7
9	"1"	"1"	5	FALSE	0	90	100	0	0	3.42901103761e-14	560	0.489277839661	0	16	0	16
9	"1"	"1"	5	FALSE	0	90	100	0	0	3.42901103761e-14	560	0.522624969482	0	28	0	28
9	"1"	"1"	5	FALSE	0	90	100	0	0	3.42901103761e-14	560	0.555978059769	0	40	0	40
9	"1"	"1"	5	FALSE	0	90	100	0	0	3.42901103761e-14	560	0.589313030243	-1	58	-1	58
9	"1"	"1"	5	FALSE	0	90	100	0	0	3.42901103761e-14	560	0.622665882111	-1	81	-1	81
9	"1"	"1"	5	FALSE	0	90	100	0	0	3.42901103761e-14	560	0.656043052673	-2	106	-2	106
9	"1"	"1"	5	FALSE	0	90	100	0	0	3.42901103761e-14	560	0.689388036728	-3	134	-3	134
9	"1"	"1"	5	FALSE	0	90	100	0	0	3.42901103761e-14	560	0.722790956497	-3	166	-3	166
9	"1"	"1"	5	FALSE	0	90	100	0	0	3.42901103761e-14	560	0.756118059158	-3	199	-3	199
9	"1"	"1"	5	FALSE	0	90	100	0	0	3.42901103761e-14	560	0.789425849915	-3	227	-3	227
9	"1"	"1"	5	FALSE	0	90	100	0	0	3.42901103761e-14	560	0.822876930237	-5	257	-5	257
9	"1"	"1"	5	FALSE	0	90	100	0	0	3.42901103761e-14	560	0.856673002243	-6	285	-6	285
9	"1"	"1"	5	FALSE	0	90	100	0	0	3.42901103761e-14	560	0.889986991882	-5	308	-5	308
9	"1"	"1"	5	FALSE	0	90	100	0	0	3.42901103761e-14	560	0.923549890518	-5	333	-5	333
9	"1"	"1"	5	FALSE	0	90	100	0	0	3.42901103761e-14	560	0.956965923309	-7	355	-7	355
9	"1"	"1"	5	FALSE	0	90	100	0	0	3.42901103761e-14	560	0.990226984024	-6	379	-6	379
9	"1"	"1"	5	FALSE	0	90	100	0	0	3.42901103761e-14	560	1.02358198166	-4	400	-4	400
9	"1"	"1"	5	FALSE	0	90	100	0	0	3.42901103761e-14	560	1.05703687668	1	425	1	425
9	"1"	"1"	5	FALSE	0	90	100	0	0	3.42901103761e-14	560	1.09025382996	5	447	5	447
9	"1"	"1"	5	FALSE	0	90	100	0	0	3.42901103761e-14	560	1.12367796898	6	461	6	461
9	"1"	"1"	5	FALSE	0	90	100	0	0	3.42901103761e-14	560	1.1569750309	7	475	7	475
9	"1"	"1"	5	FALSE	0	90	100	0	0	3.42901103761e-14	560	1.19049191475	8	487	8	487
9	"1"	"1"	5	FALSE	0	90	100	0	0	3.42901103761e-14	560	1.22382497787	11	498	11	498
9	"1"	"1"	5	FALSE	0	90	100	0	0	3.42901103761e-14	560	1.2570810318	12	508	12	508
9	"1"	"1"	5	FALSE	0	90	100	0	0	3.42901103761e-14	560	1.29046583176	13	517	13	517
9	"1"	"1"	5	FALSE	0	90	100	0	0	3.42901103761e-14	560	1.32383489609	13	524	13	524
9	"1"	"1"	5	FALSE	0	90	100	0	0	3.42901103761e-14	560	1.35723590851	14	530	14	530
9	"1"	"1"	5	FALSE	0	90	100	0	0	3.42901103761e-14	560	1.39055204391	14	537	14	537
9	"1"	"1"	5	FALSE	0	90	100	0	0	3.42901103761e-14	560	1.423858881	14	544	14	544
9	"1"	"1"	5	FALSE	0	90	100	0	0	3.42901103761e-14	560	1.45719504356	13	549	13	549
9	"1"	"1"	5	FALSE	0	90	100	0	0	3.42901103761e-14	560	1.49056506157	11	553	11	553
9	"1"	"1"	5	FALSE	0	90	100	0	0	3.42901103761e-14	560	1.52387785912	10	556	10	556
9	"1"	"1"	5	FALSE	0	90	100	0	0	3.42901103761e-14	560	1.55741000175	9	559	9	559
9	"1"	"1"	6	FALSE	0	135	100	0	0	-395.979797464	395.979797464	0.00205397605896	1	-5	1	-5
9	"1"	"1"	6	FALSE	0	135	100	0	0	-395.979797464	395.979797464	0.0228118896484	1	-5	1	-5
9	"1"	"1"	6	FALSE	0	135	100	0	0	-395.979797464	395.979797464	0.0563220977783	1	-5	1	-5
9	"1"	"1"	6	FALSE	0	135	100	0	0	-395.979797464	395.979797464	0.0894229412079	1	-5	1	-5
9	"1"	"1"	6	FALSE	0	135	100	0	0	-395.979797464	395.979797464	0.123042106628	1	-5	1	-5
9	"1"	"1"	6	FALSE	0	135	100	0	0	-395.979797464	395.979797464	0.15637087822	1	-5	1	-5
9	"1"	"1"	6	FALSE	0	135	100	0	0	-395.979797464	395.979797464	0.189740896225	1	-5	1	-5
9	"1"	"1"	6	FALSE	0	135	100	0	0	-395.979797464	395.979797464	0.223212957382	1	-5	1	-5
9	"1"	"1"	6	FALSE	0	135	100	0	0	-395.979797464	395.979797464	0.256440877914	1	-5	1	-5
9	"1"	"1"	6	FALSE	0	135	100	0	0	-395.979797464	395.979797464	0.289809942245	1	-5	1	-5
9	"1"	"1"	6	FALSE	0	135	100	0	0	-395.979797464	395.979797464	0.322629928589	-1	-4	-1	-4
9	"1"	"1"	6	FALSE	0	135	100	0	0	-395.979797464	395.979797464	0.356657981873	-3	-1	-3	-1
9	"1"	"1"	6	FALSE	0	135	100	0	0	-395.979797464	395.979797464	0.389882087708	-8	6	-8	6
9	"1"	"1"	6	FALSE	0	135	100	0	0	-395.979797464	395.979797464	0.423186063766	-17	17	-17	17
9	"1"	"1"	6	FALSE	0	135	100	0	0	-395.979797464	395.979797464	0.456001996994	-27	28	-27	28
9	"1"	"1"	6	FALSE	0	135	100	0	0	-395.979797464	395.979797464	0.490078926086	-42	44	-42	44
9	"1"	"1"	6	FALSE	0	135	100	0	0	-395.979797464	395.979797464	0.523418903351	-58	61	-58	61
9	"1"	"1"	6	FALSE	0	135	100	0	0	-395.979797464	395.979797464	0.556587934494	-81	79	-81	79
9	"1"	"1"	6	FALSE	0	135	100	0	0	-395.979797464	395.979797464	0.590200901031	-105	92	-105	92
9	"1"	"1"	6	FALSE	0	135	100	0	0	-395.979797464	395.979797464	0.623208999634	-125	103	-125	103
9	"1"	"1"	6	FALSE	0	135	100	0	0	-395.979797464	395.979797464	0.656521081924	-147	118	-147	118
9	"1"	"1"	6	FALSE	0	135	100	0	0	-395.979797464	395.979797464	0.690257072449	-165	132	-165	132
9	"1"	"1"	6	FALSE	0	135	100	0	0	-395.979797464	395.979797464	0.723586082458	-184	151	-184	151
9	"1"	"1"	6	FALSE	0	135	100	0	0	-395.979797464	395.979797464	0.756828069687	-200	167	-200	167
9	"1"	"1"	6	FALSE	0	135	100	0	0	-395.979797464	395.979797464	0.789850950241	-218	188	-218	188
9	"1"	"1"	6	FALSE	0	135	100	0	0	-395.979797464	395.979797464	0.823296070099	-234	210	-234	210
9	"1"	"1"	6	FALSE	0	135	100	0	0	-395.979797464	395.979797464	0.856996059418	-248	222	-248	222
9	"1"	"1"	6	FALSE	0	135	100	0	0	-395.979797464	395.979797464	0.890472888947	-265	242	-265	242
9	"1"	"1"	6	FALSE	0	135	100	0	0	-395.979797464	395.979797464	0.923361063004	-278	261	-278	261
9	"1"	"1"	6	FALSE	0	135	100	0	0	-395.979797464	395.979797464	0.957072973251	-289	276	-289	276
9	"1"	"1"	6	FALSE	0	135	100	0	0	-395.979797464	395.979797464	0.990312099457	-302	292	-302	292
9	"1"	"1"	6	FALSE	0	135	100	0	0	-395.979797464	395.979797464	1.02332210541	-311	305	-311	305
9	"1"	"1"	6	FALSE	0	135	100	0	0	-395.979797464	395.979797464	1.05717611313	-321	319	-321	319
9	"1"	"1"	6	FALSE	0	135	100	0	0	-395.979797464	395.979797464	1.09047794342	-329	332	-329	332
9	"1"	"1"	6	FALSE	0	135	100	0	0	-395.979797464	395.979797464	1.12400507927	-338	341	-338	341
9	"1"	"1"	6	FALSE	0	135	100	0	0	-395.979797464	395.979797464	1.15692305565	-347	347	-347	347
9	"1"	"1"	6	FALSE	0	135	100	0	0	-395.979797464	395.979797464	1.19062495232	-354	352	-354	352
9	"1"	"1"	6	FALSE	0	135	100	0	0	-395.979797464	395.979797464	1.22406506538	-361	358	-361	358
9	"1"	"1"	6	FALSE	0	135	100	0	0	-395.979797464	395.979797464	1.25734996796	-366	362	-366	362
9	"1"	"1"	6	FALSE	0	135	100	0	0	-395.979797464	395.979797464	1.29068088531	-373	367	-373	367
9	"1"	"1"	6	FALSE	0	135	100	0	0	-395.979797464	395.979797464	1.32403802872	-380	372	-380	372
9	"1"	"1"	6	FALSE	0	135	100	0	0	-395.979797464	395.979797464	1.35733389854	-385	377	-385	377
9	"1"	"1"	6	FALSE	0	135	100	0	0	-395.979797464	395.979797464	1.39082288742	-391	382	-391	382
9	"1"	"1"	6	FALSE	0	135	100	0	0	-395.979797464	395.979797464	1.42410492897	-396	385	-396	385
9	"1"	"1"	6	FALSE	0	135	100	0	0	-395.979797464	395.979797464	1.45705294609	-400	389	-400	389
9	"1"	"1"	6	FALSE	0	135	100	0	0	-395.979797464	395.979797464	1.49017596245	-402	392	-402	392
9	"1"	"1"	6	FALSE	0	135	100	0	0	-395.979797464	395.979797464	1.5239610672	-404	394	-404	394
9	"1"	"1"	6	FALSE	0	135	100	0	0	-395.979797464	395.979797464	1.55755901337	-404	396	-404	396
9	"1"	"1"	6	FALSE	0	135	100	0	0	-395.979797464	395.979797464	1.59075403214	-405	397	-405	397
9	"1"	"1"	7	FALSE	0	45	100	0	0	395.979797464	395.979797464	0.00189518928528	8	-2	8	-2
9	"1"	"1"	7	FALSE	0	45	100	0	0	395.979797464	395.979797464	0.0224761962891	8	-2	8	-2
9	"1"	"1"	7	FALSE	0	45	100	0	0	395.979797464	395.979797464	0.0559921264648	8	-2	8	-2
9	"1"	"1"	7	FALSE	0	45	100	0	0	395.979797464	395.979797464	0.0893361568451	8	-2	8	-2
9	"1"	"1"	7	FALSE	0	45	100	0	0	395.979797464	395.979797464	0.122508049011	8	-2	8	-2
9	"1"	"1"	7	FALSE	0	45	100	0	0	395.979797464	395.979797464	0.155985116959	8	-2	8	-2
9	"1"	"1"	7	FALSE	0	45	100	0	0	395.979797464	395.979797464	0.189325094223	8	-2	8	-2
9	"1"	"1"	7	FALSE	0	45	100	0	0	395.979797464	395.979797464	0.222817182541	8	-2	8	-2
9	"1"	"1"	7	FALSE	0	45	100	0	0	395.979797464	395.979797464	0.256077051163	8	-2	8	-2
9	"1"	"1"	7	FALSE	0	45	100	0	0	395.979797464	395.979797464	0.289473056793	8	-1	8	-1
9	"1"	"1"	7	FALSE	0	45	100	0	0	395.979797464	395.979797464	0.322914123535	10	1	10	1
9	"1"	"1"	7	FALSE	0	45	100	0	0	395.979797464	395.979797464	0.35594701767	17	12	17	12
9	"1"	"1"	7	FALSE	0	45	100	0	0	395.979797464	395.979797464	0.389646053314	30	29	30	29
9	"1"	"1"	7	FALSE	0	45	100	0	0	395.979797464	395.979797464	0.422881126404	51	53	51	53
9	"1"	"1"	7	FALSE	0	45	100	0	0	395.979797464	395.979797464	0.455630064011	68	72	68	72
9	"1"	"1"	7	FALSE	0	45	100	0	0	395.979797464	395.979797464	0.489656209946	89	95	89	95
9	"1"	"1"	7	FALSE	0	45	100	0	0	395.979797464	395.979797464	0.522886991501	111	118	111	118
9	"1"	"1"	7	FALSE	0	45	100	0	0	395.979797464	395.979797464	0.556300163269	132	144	132	144
9	"1"	"1"	7	FALSE	0	45	100	0	0	395.979797464	395.979797464	0.589709043503	157	165	157	165
9	"1"	"1"	7	FALSE	0	45	100	0	0	395.979797464	395.979797464	0.622943162918	180	189	180	189
9	"1"	"1"	7	FALSE	0	45	100	0	0	395.979797464	395.979797464	0.655793190002	203	211	203	211
9	"1"	"1"	7	FALSE	0	45	100	0	0	395.979797464	395.979797464	0.689748048782	222	229	222	229
9	"1"	"1"	7	FALSE	0	45	100	0	0	395.979797464	395.979797464	0.723076105118	242	249	242	249
9	"1"	"1"	7	FALSE	0	45	100	0	0	395.979797464	395.979797464	0.756153106689	257	264	257	264
9	"1"	"1"	7	FALSE	0	45	100	0	0	395.979797464	395.979797464	0.789985179901	272	279	272	279
9	"1"	"1"	7	FALSE	0	45	100	0	0	395.979797464	395.979797464	0.823198080063	289	297	289	297
9	"1"	"1"	7	FALSE	0	45	100	0	0	395.979797464	395.979797464	0.856646060944	302	309	302	309
9	"1"	"1"	7	FALSE	0	45	100	0	0	395.979797464	395.979797464	0.88996720314	314	320	314	320
9	"1"	"1"	7	FALSE	0	45	100	0	0	395.979797464	395.979797464	0.923325061798	322	329	322	329
9	"1"	"1"	7	FALSE	0	45	100	0	0	395.979797464	395.979797464	0.956446170807	330	338	330	338
9	"1"	"1"	7	FALSE	0	45	100	0	0	395.979797464	395.979797464	0.990056037903	337	346	337	346
9	"1"	"1"	7	FALSE	0	45	100	0	0	395.979797464	395.979797464	1.02334713936	343	352	343	352
9	"1"	"1"	7	FALSE	0	45	100	0	0	395.979797464	395.979797464	1.05660414696	350	358	350	358
9	"1"	"1"	7	FALSE	0	45	100	0	0	395.979797464	395.979797464	1.09008717537	356	364	356	364
9	"1"	"1"	7	FALSE	0	45	100	0	0	395.979797464	395.979797464	1.1233291626	362	370	362	370
9	"1"	"1"	7	FALSE	0	45	100	0	0	395.979797464	395.979797464	1.15688705444	372	378	372	378
9	"1"	"1"	7	FALSE	0	45	100	0	0	395.979797464	395.979797464	1.19019007683	380	384	380	384
9	"1"	"1"	7	FALSE	0	45	100	0	0	395.979797464	395.979797464	1.22355604172	385	388	385	388
9	"1"	"1"	7	FALSE	0	45	100	0	0	395.979797464	395.979797464	1.25691699982	386	390	386	390
9	"1"	"1"	7	FALSE	0	45	100	0	0	395.979797464	395.979797464	1.2900800705	389	392	389	392
9	"1"	"1"	7	FALSE	0	45	100	0	0	395.979797464	395.979797464	1.32355618477	391	395	391	395
9	"1"	"1"	7	FALSE	0	45	100	0	0	395.979797464	395.979797464	1.35671615601	392	397	392	397
9	"1"	"1"	7	FALSE	0	45	100	0	0	395.979797464	395.979797464	1.38978505135	394	400	394	400
9	"1"	"1"	7	FALSE	0	45	100	0	0	395.979797464	395.979797464	1.42330098152	396	402	396	402
9	"1"	"1"	7	FALSE	0	45	100	0	0	395.979797464	395.979797464	1.45708203316	397	403	397	403
9	"1"	"1"	8	FALSE	0	90	100	0	0	3.42901103761e-14	560	0.00176000595093	-2	1	-2	1
9	"1"	"1"	8	FALSE	0	90	100	0	0	3.42901103761e-14	560	0.02263712883	-3	0	-3	0
9	"1"	"1"	8	FALSE	0	90	100	0	0	3.42901103761e-14	560	0.0559961795807	-3	0	-3	0
9	"1"	"1"	8	FALSE	0	90	100	0	0	3.42901103761e-14	560	0.0893251895905	-3	-1	-3	-1
9	"1"	"1"	8	FALSE	0	90	100	0	0	3.42901103761e-14	560	0.122079133987	-3	-1	-3	-1
9	"1"	"1"	8	FALSE	0	90	100	0	0	3.42901103761e-14	560	0.156188011169	-3	-1	-3	-1
9	"1"	"1"	8	FALSE	0	90	100	0	0	3.42901103761e-14	560	0.189460039139	-3	-1	-3	-1
9	"1"	"1"	8	FALSE	0	90	100	0	0	3.42901103761e-14	560	0.222808122635	-3	-1	-3	-1
9	"1"	"1"	8	FALSE	0	90	100	0	0	3.42901103761e-14	560	0.255482196808	-3	-1	-3	-1
9	"1"	"1"	8	FALSE	0	90	100	0	0	3.42901103761e-14	560	0.289489984512	-3	-1	-3	-1
9	"1"	"1"	8	FALSE	0	90	100	0	0	3.42901103761e-14	560	0.322815179825	-3	-1	-3	-1
9	"1"	"1"	8	FALSE	0	90	100	0	0	3.42901103761e-14	560	0.355805158615	-4	1	-4	1
9	"1"	"1"	8	FALSE	0	90	100	0	0	3.42901103761e-14	560	0.389607191086	-6	8	-6	8
9	"1"	"1"	8	FALSE	0	90	100	0	0	3.42901103761e-14	560	0.423007011414	-7	19	-7	19
9	"1"	"1"	8	FALSE	0	90	100	0	0	3.42901103761e-14	560	0.456302165985	-8	32	-8	32
9	"1"	"1"	8	FALSE	0	90	100	0	0	3.42901103761e-14	560	0.489773035049	-10	56	-10	56
9	"1"	"1"	8	FALSE	0	90	100	0	0	3.42901103761e-14	560	0.523092031479	-10	82	-10	82
9	"1"	"1"	8	FALSE	0	90	100	0	0	3.42901103761e-14	560	0.556394100189	-11	105	-11	105
9	"1"	"1"	8	FALSE	0	90	100	0	0	3.42901103761e-14	560	0.589848041534	-13	133	-13	133
9	"1"	"1"	8	FALSE	0	90	100	0	0	3.42901103761e-14	560	0.623093128204	-15	164	-15	164
9	"1"	"1"	8	FALSE	0	90	100	0	0	3.42901103761e-14	560	0.656569004059	-15	195	-15	195
9	"1"	"1"	8	FALSE	0	90	100	0	0	3.42901103761e-14	560	0.689861059189	-13	235	-13	235
9	"1"	"1"	8	FALSE	0	90	100	0	0	3.42901103761e-14	560	0.723239183426	-6	280	-6	280
9	"1"	"1"	8	FALSE	0	90	100	0	0	3.42901103761e-14	560	0.756568193436	-4	321	-4	321
9	"1"	"1"	8	FALSE	0	90	100	0	0	3.42901103761e-14	560	0.789880037308	-6	350	-6	350
9	"1"	"1"	8	FALSE	0	90	100	0	0	3.42901103761e-14	560	0.823352098465	-7	383	-7	383
9	"1"	"1"	8	FALSE	0	90	100	0	0	3.42901103761e-14	560	0.856930017471	-6	415	-6	415
9	"1"	"1"	8	FALSE	0	90	100	0	0	3.42901103761e-14	560	0.890053987503	-6	438	-6	438
9	"1"	"1"	8	FALSE	0	90	100	0	0	3.42901103761e-14	560	0.923425197601	-6	461	-6	461
9	"1"	"1"	8	FALSE	0	90	100	0	0	3.42901103761e-14	560	0.956346988678	-6	478	-6	478
9	"1"	"1"	8	FALSE	0	90	100	0	0	3.42901103761e-14	560	0.990084171295	-7	493	-7	493
9	"1"	"1"	8	FALSE	0	90	100	0	0	3.42901103761e-14	560	1.02326416969	-7	507	-7	507
9	"1"	"1"	8	FALSE	0	90	100	0	0	3.42901103761e-14	560	1.05681705475	-4	521	-4	521
9	"1"	"1"	8	FALSE	0	90	100	0	0	3.42901103761e-14	560	1.09017205238	0	532	0	532
9	"1"	"1"	8	FALSE	0	90	100	0	0	3.42901103761e-14	560	1.12289714813	3	539	3	539
9	"1"	"1"	8	FALSE	0	90	100	0	0	3.42901103761e-14	560	1.1568300724	4	544	4	544
9	"1"	"1"	8	FALSE	0	90	100	0	0	3.42901103761e-14	560	1.19011807442	5	548	5	548
9	"1"	"1"	8	FALSE	0	90	100	0	0	3.42901103761e-14	560	1.22330212593	5	550	5	550
9	"1"	"1"	8	FALSE	0	90	100	0	0	3.42901103761e-14	560	1.25682997704	7	554	7	554
9	"1"	"1"	8	FALSE	0	90	100	0	0	3.42901103761e-14	560	1.29031610489	7	557	7	557
9	"1"	"1"	8	FALSE	0	90	100	0	0	3.42901103761e-14	560	1.3230919838	7	559	7	559
9	"1"	"1"	8	FALSE	0	90	100	0	0	3.42901103761e-14	560	1.35705804825	7	561	7	561
9	"1"	"1"	9	FALSE	0	135	100	0	0	-395.979797464	395.979797464	0.00216722488403	3	-6	3	-6
9	"1"	"1"	9	FALSE	0	135	100	0	0	-395.979797464	395.979797464	0.0224711894989	3	-6	3	-6
9	"1"	"1"	9	FALSE	0	135	100	0	0	-395.979797464	395.979797464	0.0558822154999	3	-6	3	-6
9	"1"	"1"	9	FALSE	0	135	100	0	0	-395.979797464	395.979797464	0.0894370079041	3	-6	3	-6
9	"1"	"1"	9	FALSE	0	135	100	0	0	-395.979797464	395.979797464	0.122777223587	3	-6	3	-6
9	"1"	"1"	9	FALSE	0	135	100	0	0	-395.979797464	395.979797464	0.156080007553	3	-6	3	-6
9	"1"	"1"	9	FALSE	0	135	100	0	0	-395.979797464	395.979797464	0.189546108246	3	-6	3	-6
9	"1"	"1"	9	FALSE	0	135	100	0	0	-395.979797464	395.979797464	0.222847223282	3	-6	3	-6
9	"1"	"1"	9	FALSE	0	135	100	0	0	-395.979797464	395.979797464	0.256143093109	3	-6	3	-6
9	"1"	"1"	9	FALSE	0	135	100	0	0	-395.979797464	395.979797464	0.289532184601	3	-5	3	-5
9	"1"	"1"	9	FALSE	0	135	100	0	0	-395.979797464	395.979797464	0.322958230972	1	-3	1	-3
9	"1"	"1"	9	FALSE	0	135	100	0	0	-395.979797464	395.979797464	0.356317043304	-5	2	-5	2
9	"1"	"1"	9	FALSE	0	135	100	0	0	-395.979797464	395.979797464	0.389740228653	-14	11	-14	11
9	"1"	"1"	9	FALSE	0	135	100	0	0	-395.979797464	395.979797464	0.422931194305	-29	24	-29	24
9	"1"	"1"	9	FALSE	0	135	100	0	0	-395.979797464	395.979797464	0.456395149231	-45	38	-45	38
9	"1"	"1"	9	FALSE	0	135	100	0	0	-395.979797464	395.979797464	0.489839076996	-70	64	-70	64
9	"1"	"1"	9	FALSE	0	135	100	0	0	-395.979797464	395.979797464	0.523050069809	-94	86	-94	86
9	"1"	"1"	9	FALSE	0	135	100	0	0	-395.979797464	395.979797464	0.556453227997	-116	107	-116	107
9	"1"	"1"	9	FALSE	0	135	100	0	0	-395.979797464	395.979797464	0.589816093445	-142	130	-142	130
9	"1"	"1"	9	FALSE	0	135	100	0	0	-395.979797464	395.979797464	0.62323307991	-164	150	-164	150
9	"1"	"1"	9	FALSE	0	135	100	0	0	-395.979797464	395.979797464	0.656633138657	-188	177	-188	177
9	"1"	"1"	9	FALSE	0	135	100	0	0	-395.979797464	395.979797464	0.689875125885	-211	198	-211	198
9	"1"	"1"	9	FALSE	0	135	100	0	0	-395.979797464	395.979797464	0.723300218582	-231	220	-231	220
9	"1"	"1"	9	FALSE	0	135	100	0	0	-395.979797464	395.979797464	0.756551027298	-248	240	-248	240
9	"1"	"1"	9	FALSE	0	135	100	0	0	-395.979797464	395.979797464	0.789990186691	-259	253	-259	253
9	"1"	"1"	9	FALSE	0	135	100	0	0	-395.979797464	395.979797464	0.823380231857	-273	270	-273	270
9	"1"	"1"	9	FALSE	0	135	100	0	0	-395.979797464	395.979797464	0.856603145599	-285	287	-285	287
9	"1"	"1"	9	FALSE	0	135	100	0	0	-395.979797464	395.979797464	0.890142202377	-294	300	-294	300
9	"1"	"1"	9	FALSE	0	135	100	0	0	-395.979797464	395.979797464	0.923428058624	-303	313	-303	313
9	"1"	"1"	9	FALSE	0	135	100	0	0	-395.979797464	395.979797464	0.956848144531	-310	326	-310	326
9	"1"	"1"	9	FALSE	0	135	100	0	0	-395.979797464	395.979797464	0.990162134171	-319	337	-319	337
9	"1"	"1"	9	FALSE	0	135	100	0	0	-395.979797464	395.979797464	1.02349114418	-326	345	-326	345
9	"1"	"1"	9	FALSE	0	135	100	0	0	-395.979797464	395.979797464	1.05685806274	-333	355	-333	355
9	"1"	"1"	9	FALSE	0	135	100	0	0	-395.979797464	395.979797464	1.09004616737	-340	363	-340	363
9	"1"	"1"	9	FALSE	0	135	100	0	0	-395.979797464	395.979797464	1.12348508835	-347	368	-347	368
9	"1"	"1"	9	FALSE	0	135	100	0	0	-395.979797464	395.979797464	1.15695309639	-355	373	-355	373
9	"1"	"1"	9	FALSE	0	135	100	0	0	-395.979797464	395.979797464	1.19036102295	-361	377	-361	377
9	"1"	"1"	9	FALSE	0	135	100	0	0	-395.979797464	395.979797464	1.22360706329	-367	381	-367	381
9	"1"	"1"	9	FALSE	0	135	100	0	0	-395.979797464	395.979797464	1.25699901581	-372	385	-372	385
9	"1"	"1"	9	FALSE	0	135	100	0	0	-395.979797464	395.979797464	1.29041099548	-376	388	-376	388
9	"1"	"1"	9	FALSE	0	135	100	0	0	-395.979797464	395.979797464	1.32364702225	-379	390	-379	390
9	"1"	"1"	9	FALSE	0	135	100	0	0	-395.979797464	395.979797464	1.35720205307	-381	391	-381	391
9	"1"	"1"	9	FALSE	0	135	100	0	0	-395.979797464	395.979797464	1.39049816132	-383	392	-383	392
9	"1"	"1"	9	FALSE	0	135	100	0	0	-395.979797464	395.979797464	1.42385816574	-384	393	-384	393
9	"1"	"1"	10	FALSE	0	90	100	0	0	3.42901103761e-14	560	0.00220584869385	6	0	6	0
9	"1"	"1"	10	FALSE	0	90	100	0	0	3.42901103761e-14	560	0.0232028961182	6	0	6	0
9	"1"	"1"	10	FALSE	0	90	100	0	0	3.42901103761e-14	560	0.0565659999847	6	0	6	0
9	"1"	"1"	10	FALSE	0	90	100	0	0	3.42901103761e-14	560	0.0895140171051	6	0	6	0
9	"1"	"1"	10	FALSE	0	90	100	0	0	3.42901103761e-14	560	0.122720956802	6	0	6	0
9	"1"	"1"	10	FALSE	0	90	100	0	0	3.42901103761e-14	560	0.156709909439	6	0	6	0
9	"1"	"1"	10	FALSE	0	90	100	0	0	3.42901103761e-14	560	0.19008898735	6	0	6	0
9	"1"	"1"	10	FALSE	0	90	100	0	0	3.42901103761e-14	560	0.223089933395	6	0	6	0
9	"1"	"1"	10	FALSE	0	90	100	0	0	3.42901103761e-14	560	0.256754875183	6	0	6	0
9	"1"	"1"	10	FALSE	0	90	100	0	0	3.42901103761e-14	560	0.290052890778	6	0	6	0
9	"1"	"1"	10	FALSE	0	90	100	0	0	3.42901103761e-14	560	0.323131084442	6	1	6	1
9	"1"	"1"	10	FALSE	0	90	100	0	0	3.42901103761e-14	560	0.356904029846	5	7	5	7
9	"1"	"1"	10	FALSE	0	90	100	0	0	3.42901103761e-14	560	0.390276908875	6	21	6	21
9	"1"	"1"	10	FALSE	0	90	100	0	0	3.42901103761e-14	560	0.423341989517	7	40	7	40
9	"1"	"1"	10	FALSE	0	90	100	0	0	3.42901103761e-14	560	0.456820011139	7	70	7	70
9	"1"	"1"	10	FALSE	0	90	100	0	0	3.42901103761e-14	560	0.490221977234	6	101	6	101
9	"1"	"1"	10	FALSE	0	90	100	0	0	3.42901103761e-14	560	0.523020029068	3	126	3	126
9	"1"	"1"	10	FALSE	0	90	100	0	0	3.42901103761e-14	560	0.557031869888	-2	159	-2	159
9	"1"	"1"	10	FALSE	0	90	100	0	0	3.42901103761e-14	560	0.590465068817	-5	185	-5	185
9	"1"	"1"	10	FALSE	0	90	100	0	0	3.42901103761e-14	560	0.62375497818	-10	217	-10	217
9	"1"	"1"	10	FALSE	0	90	100	0	0	3.42901103761e-14	560	0.65678191185	-13	245	-13	245
9	"1"	"1"	10	FALSE	0	90	100	0	0	3.42901103761e-14	560	0.690487861633	-14	278	-14	278
9	"1"	"1"	10	FALSE	0	90	100	0	0	3.42901103761e-14	560	0.723857879639	-14	310	-14	310
9	"1"	"1"	10	FALSE	0	90	100	0	0	3.42901103761e-14	560	0.756540060043	-13	337	-13	337
9	"1"	"1"	10	FALSE	0	90	100	0	0	3.42901103761e-14	560	0.790591955185	-11	370	-11	370
9	"1"	"1"	10	FALSE	0	90	100	0	0	3.42901103761e-14	560	0.823824882507	-8	394	-8	394
9	"1"	"1"	10	FALSE	0	90	100	0	0	3.42901103761e-14	560	0.857295036316	-5	419	-5	419
9	"1"	"1"	10	FALSE	0	90	100	0	0	3.42901103761e-14	560	0.890644073486	-2	436	-2	436
9	"1"	"1"	10	FALSE	0	90	100	0	0	3.42901103761e-14	560	0.923333883286	-1	450	-1	450
9	"1"	"1"	10	FALSE	0	90	100	0	0	3.42901103761e-14	560	0.957157850266	0	465	0	465
9	"1"	"1"	10	FALSE	0	90	100	0	0	3.42901103761e-14	560	0.990601062775	0	476	0	476
9	"1"	"1"	10	FALSE	0	90	100	0	0	3.42901103761e-14	560	1.02404689789	2	489	2	489
9	"1"	"1"	10	FALSE	0	90	100	0	0	3.42901103761e-14	560	1.05746889114	5	501	5	501
9	"1"	"1"	10	FALSE	0	90	100	0	0	3.42901103761e-14	560	1.09067392349	8	512	8	512
9	"1"	"1"	10	FALSE	0	90	100	0	0	3.42901103761e-14	560	1.12406897545	11	520	11	520
9	"1"	"1"	10	FALSE	0	90	100	0	0	3.42901103761e-14	560	1.15746903419	13	527	13	527
9	"1"	"1"	10	FALSE	0	90	100	0	0	3.42901103761e-14	560	1.19085693359	15	535	15	535
9	"1"	"1"	10	FALSE	0	90	100	0	0	3.42901103761e-14	560	1.22403001785	17	543	17	543
9	"1"	"1"	10	FALSE	0	90	100	0	0	3.42901103761e-14	560	1.25749588013	18	548	18	548
9	"1"	"1"	10	FALSE	0	90	100	0	0	3.42901103761e-14	560	1.29071497917	19	553	19	553
9	"1"	"1"	10	FALSE	0	90	100	0	0	3.42901103761e-14	560	1.3236849308	19	557	19	557
9	"1"	"1"	10	FALSE	0	90	100	0	0	3.42901103761e-14	560	1.35775399208	18	561	18	561
9	"1"	"1"	10	FALSE	0	90	100	0	0	3.42901103761e-14	560	1.39092707634	17	564	17	564
9	"1"	"1"	10	FALSE	0	90	100	0	0	3.42901103761e-14	560	1.42447900772	16	566	16	566
9	"1"	"1"	10	FALSE	0	90	100	0	0	3.42901103761e-14	560	1.45757889748	16	567	16	567
9	"1"	"1"	10	FALSE	0	90	100	0	0	3.42901103761e-14	560	1.49061799049	15	568	15	568
9	"1"	"1"	10	FALSE	0	90	100	0	0	3.42901103761e-14	560	1.5237019062	15	568	15	568
9	"1"	"1"	10	FALSE	0	90	100	0	0	3.42901103761e-14	560	1.5577249527	15	568	15	568
9	"1"	"1"	10	FALSE	0	90	100	0	0	3.42901103761e-14	560	1.59122991562	16	568	16	568
9	"1"	"1"	10	FALSE	0	90	100	0	0	3.42901103761e-14	560	1.62402486801	16	567	16	567
9	"1"	"1"	10	FALSE	0	90	100	0	0	3.42901103761e-14	560	1.6578540802	16	567	16	567
9	"1"	"1"	10	FALSE	0	90	100	0	0	3.42901103761e-14	560	1.69122695923	15	567	15	567
9	"1"	"1"	10	FALSE	0	90	100	0	0	3.42901103761e-14	560	1.72449207306	15	566	15	566
9	"1"	"1"	10	FALSE	0	90	100	0	0	3.42901103761e-14	560	1.75793504715	15	566	15	566
9	"1"	"1"	10	FALSE	0	90	100	0	0	3.42901103761e-14	560	1.79111790657	15	566	15	566
9	"1"	"1"	10	FALSE	0	90	100	0	0	3.42901103761e-14	560	1.82464790344	14	566	14	566
9	"1"	"1"	10	FALSE	0	90	100	0	0	3.42901103761e-14	560	1.8579750061	14	566	14	566
9	"1"	"1"	10	FALSE	0	90	100	0	0	3.42901103761e-14	560	1.89134693146	14	566	14	566
9	"1"	"1"	10	FALSE	0	90	100	0	0	3.42901103761e-14	560	1.92471694946	13	565	13	565
9	"1"	"1"	11	FALSE	0	45	100	0	0	395.979797464	395.979797464	0.00234794616699	1	-11	1	-11
9	"1"	"1"	11	FALSE	0	45	100	0	0	395.979797464	395.979797464	0.0223879814148	1	-12	1	-12
9	"1"	"1"	11	FALSE	0	45	100	0	0	395.979797464	395.979797464	0.0559480190277	1	-12	1	-12
9	"1"	"1"	11	FALSE	0	45	100	0	0	395.979797464	395.979797464	0.0892000198364	1	-13	1	-13
9	"1"	"1"	11	FALSE	0	45	100	0	0	395.979797464	395.979797464	0.122102975845	2	-13	2	-13
9	"1"	"1"	11	FALSE	0	45	100	0	0	395.979797464	395.979797464	0.156013965607	2	-13	2	-13
9	"1"	"1"	11	FALSE	0	45	100	0	0	395.979797464	395.979797464	0.189327955246	2	-13	2	-13
9	"1"	"1"	11	FALSE	0	45	100	0	0	395.979797464	395.979797464	0.222724914551	2	-13	2	-13
9	"1"	"1"	11	FALSE	0	45	100	0	0	395.979797464	395.979797464	0.256091833115	2	-13	2	-13
9	"1"	"1"	11	FALSE	0	45	100	0	0	395.979797464	395.979797464	0.289012908936	2	-12	2	-12
9	"1"	"1"	11	FALSE	0	45	100	0	0	395.979797464	395.979797464	0.322798013687	2	-11	2	-11
9	"1"	"1"	11	FALSE	0	45	100	0	0	395.979797464	395.979797464	0.356204986572	3	-10	3	-10
9	"1"	"1"	11	FALSE	0	45	100	0	0	395.979797464	395.979797464	0.389410972595	5	-5	5	-5
9	"1"	"1"	11	FALSE	0	45	100	0	0	395.979797464	395.979797464	0.422793865204	10	3	10	3
9	"1"	"1"	11	FALSE	0	45	100	0	0	395.979797464	395.979797464	0.456315040588	19	17	19	17
9	"1"	"1"	11	FALSE	0	45	100	0	0	395.979797464	395.979797464	0.489603042603	31	34	31	34
9	"1"	"1"	11	FALSE	0	45	100	0	0	395.979797464	395.979797464	0.522747039795	45	55	45	55
9	"1"	"1"	11	FALSE	0	45	100	0	0	395.979797464	395.979797464	0.555848836899	62	78	62	78
9	"1"	"1"	11	FALSE	0	45	100	0	0	395.979797464	395.979797464	0.589086055756	77	97	77	97
9	"1"	"1"	11	FALSE	0	45	100	0	0	395.979797464	395.979797464	0.622277021408	94	118	94	118
9	"1"	"1"	11	FALSE	0	45	100	0	0	395.979797464	395.979797464	0.655592918396	106	132	106	132
9	"1"	"1"	11	FALSE	0	45	100	0	0	395.979797464	395.979797464	0.689013004303	122	150	122	150
9	"1"	"1"	11	FALSE	0	45	100	0	0	395.979797464	395.979797464	0.722321987152	141	167	141	167
9	"1"	"1"	11	FALSE	0	45	100	0	0	395.979797464	395.979797464	0.755668878555	155	181	155	181
9	"1"	"1"	11	FALSE	0	45	100	0	0	395.979797464	395.979797464	0.789047956467	172	197	172	197
9	"1"	"1"	11	FALSE	0	45	100	0	0	395.979797464	395.979797464	0.82238483429	189	213	189	213
9	"1"	"1"	11	FALSE	0	45	100	0	0	395.979797464	395.979797464	0.855814933777	206	230	206	230
9	"1"	"1"	11	FALSE	0	45	100	0	0	395.979797464	395.979797464	0.889341831207	219	245	219	245
9	"1"	"1"	11	FALSE	0	45	100	0	0	395.979797464	395.979797464	0.922701835632	234	262	234	262
9	"1"	"1"	11	FALSE	0	45	100	0	0	395.979797464	395.979797464	0.955855846405	249	281	249	281
9	"1"	"1"	11	FALSE	0	45	100	0	0	395.979797464	395.979797464	0.989193916321	262	297	262	297
9	"1"	"1"	11	FALSE	0	45	100	0	0	395.979797464	395.979797464	1.02255487442	276	314	276	314
9	"1"	"1"	11	FALSE	0	45	100	0	0	395.979797464	395.979797464	1.05592489243	290	329	290	329
9	"1"	"1"	11	FALSE	0	45	100	0	0	395.979797464	395.979797464	1.08925795555	300	339	300	339
9	"1"	"1"	11	FALSE	0	45	100	0	0	395.979797464	395.979797464	1.12266397476	308	348	308	348
9	"1"	"1"	11	FALSE	0	45	100	0	0	395.979797464	395.979797464	1.15600085258	314	352	314	352
9	"1"	"1"	11	FALSE	0	45	100	0	0	395.979797464	395.979797464	1.18934798241	320	355	320	355
9	"1"	"1"	11	FALSE	0	45	100	0	0	395.979797464	395.979797464	1.22269892693	327	361	327	361
9	"1"	"1"	11	FALSE	0	45	100	0	0	395.979797464	395.979797464	1.2560749054	335	371	335	371
9	"1"	"1"	11	FALSE	0	45	100	0	0	395.979797464	395.979797464	1.28942298889	338	375	338	375
9	"1"	"1"	11	FALSE	0	45	100	0	0	395.979797464	395.979797464	1.32277297974	340	376	340	376
9	"1"	"1"	11	FALSE	0	45	100	0	0	395.979797464	395.979797464	1.35615897179	347	384	347	384
9	"1"	"1"	11	FALSE	0	45	100	0	0	395.979797464	395.979797464	1.38956189156	362	395	362	395
9	"1"	"1"	11	FALSE	0	45	100	0	0	395.979797464	395.979797464	1.42298984528	372	401	372	401
9	"1"	"1"	11	FALSE	0	45	100	0	0	395.979797464	395.979797464	1.45623993874	377	405	377	405
9	"1"	"1"	11	FALSE	0	45	100	0	0	395.979797464	395.979797464	1.48956203461	383	409	383	409
9	"1"	"1"	11	FALSE	0	45	100	0	0	395.979797464	395.979797464	1.52301096916	390	413	390	413
9	"1"	"1"	11	FALSE	0	45	100	0	0	395.979797464	395.979797464	1.55636882782	394	415	394	415
9	"1"	"1"	11	FALSE	0	45	100	0	0	395.979797464	395.979797464	1.589635849	395	416	395	416
9	"1"	"1"	11	FALSE	0	45	100	0	0	395.979797464	395.979797464	1.62304592133	398	416	398	416
9	"1"	"1"	11	FALSE	0	45	100	0	0	395.979797464	395.979797464	1.65636301041	400	417	400	417
9	"1"	"1"	11	FALSE	0	45	100	0	0	395.979797464	395.979797464	1.68978786469	401	416	401	416
9	"1"	"1"	11	FALSE	0	45	100	0	0	395.979797464	395.979797464	1.72308802605	401	415	401	415
9	"1"	"1"	11	FALSE	0	45	100	0	0	395.979797464	395.979797464	1.75648999214	401	414	401	414
9	"1"	"1"	11	FALSE	0	45	100	0	0	395.979797464	395.979797464	1.78979682922	401	412	401	412
9	"1"	"1"	11	FALSE	0	45	100	0	0	395.979797464	395.979797464	1.8231818676	399	408	399	408
9	"1"	"1"	11	FALSE	0	45	100	0	0	395.979797464	395.979797464	1.85652303696	398	406	398	406
9	"1"	"1"	12	FALSE	0	135	100	0	0	-395.979797464	395.979797464	0.00147390365601	-7	-1	-7	-1
9	"1"	"1"	12	FALSE	0	135	100	0	0	-395.979797464	395.979797464	0.0221109390259	-7	-1	-7	-1
9	"1"	"1"	12	FALSE	0	135	100	0	0	-395.979797464	395.979797464	0.0555779933929	-7	-1	-7	-1
9	"1"	"1"	12	FALSE	0	135	100	0	0	-395.979797464	395.979797464	0.088840007782	-7	-1	-7	-1
9	"1"	"1"	12	FALSE	0	135	100	0	0	-395.979797464	395.979797464	0.12232208252	-7	-1	-7	-1
9	"1"	"1"	12	FALSE	0	135	100	0	0	-395.979797464	395.979797464	0.155596971512	-7	-1	-7	-1
9	"1"	"1"	12	FALSE	0	135	100	0	0	-395.979797464	395.979797464	0.188935041428	-7	-1	-7	-1
9	"1"	"1"	12	FALSE	0	135	100	0	0	-395.979797464	395.979797464	0.222317934036	-7	-1	-7	-1
9	"1"	"1"	12	FALSE	0	135	100	0	0	-395.979797464	395.979797464	0.255624055862	-7	-1	-7	-1
9	"1"	"1"	12	FALSE	0	135	100	0	0	-395.979797464	395.979797464	0.288969993591	-7	-1	-7	-1
9	"1"	"1"	12	FALSE	0	135	100	0	0	-395.979797464	395.979797464	0.322371959686	-8	0	-8	0
9	"1"	"1"	12	FALSE	0	135	100	0	0	-395.979797464	395.979797464	0.35570192337	-12	1	-12	1
9	"1"	"1"	12	FALSE	0	135	100	0	0	-395.979797464	395.979797464	0.389076948166	-21	4	-21	4
9	"1"	"1"	12	FALSE	0	135	100	0	0	-395.979797464	395.979797464	0.422600030899	-32	12	-32	12
9	"1"	"1"	12	FALSE	0	135	100	0	0	-395.979797464	395.979797464	0.456062078476	-45	23	-45	23
9	"1"	"1"	12	FALSE	0	135	100	0	0	-395.979797464	395.979797464	0.489343881607	-58	30	-58	30
9	"1"	"1"	12	FALSE	0	135	100	0	0	-395.979797464	395.979797464	0.522598028183	-75	40	-75	40
9	"1"	"1"	12	FALSE	0	135	100	0	0	-395.979797464	395.979797464	0.556118011475	-92	52	-92	52
9	"1"	"1"	12	FALSE	0	135	100	0	0	-395.979797464	395.979797464	0.589236021042	-109	67	-109	67
9	"1"	"1"	12	FALSE	0	135	100	0	0	-395.979797464	395.979797464	0.622701883316	-134	88	-134	88
9	"1"	"1"	12	FALSE	0	135	100	0	0	-395.979797464	395.979797464	0.656023025513	-157	106	-157	106
9	"1"	"1"	12	FALSE	0	135	100	0	0	-395.979797464	395.979797464	0.689400911331	-181	125	-181	125
9	"1"	"1"	12	FALSE	0	135	100	0	0	-395.979797464	395.979797464	0.722701072693	-201	143	-201	143
9	"1"	"1"	12	FALSE	0	135	100	0	0	-395.979797464	395.979797464	0.756040096283	-224	163	-224	163
9	"1"	"1"	12	FALSE	0	135	100	0	0	-395.979797464	395.979797464	0.789402008057	-248	182	-248	182
9	"1"	"1"	12	FALSE	0	135	100	0	0	-395.979797464	395.979797464	0.822751998901	-267	199	-267	199
9	"1"	"1"	12	FALSE	0	135	100	0	0	-395.979797464	395.979797464	0.856117010117	-286	216	-286	216
9	"1"	"1"	12	FALSE	0	135	100	0	0	-395.979797464	395.979797464	0.889487028122	-302	230	-302	230
9	"1"	"1"	12	FALSE	0	135	100	0	0	-395.979797464	395.979797464	0.922841072083	-317	245	-317	245
9	"1"	"1"	12	FALSE	0	135	100	0	0	-395.979797464	395.979797464	0.956181049347	-331	262	-331	262
9	"1"	"1"	12	FALSE	0	135	100	0	0	-395.979797464	395.979797464	0.989586114883	-344	279	-344	279
9	"1"	"1"	12	FALSE	0	135	100	0	0	-395.979797464	395.979797464	1.02291202545	-355	295	-355	295
9	"1"	"1"	12	FALSE	0	135	100	0	0	-395.979797464	395.979797464	1.05625891685	-364	307	-364	307
9	"1"	"1"	12	FALSE	0	135	100	0	0	-395.979797464	395.979797464	1.0896499157	-371	321	-371	321
9	"1"	"1"	12	FALSE	0	135	100	0	0	-395.979797464	395.979797464	1.12299108505	-378	333	-378	333
9	"1"	"1"	12	FALSE	0	135	100	0	0	-395.979797464	395.979797464	1.15633511543	-383	342	-383	342
9	"1"	"1"	12	FALSE	0	135	100	0	0	-395.979797464	395.979797464	1.18971300125	-388	351	-388	351
9	"1"	"1"	12	FALSE	0	135	100	0	0	-395.979797464	395.979797464	1.22305393219	-392	360	-392	360
9	"1"	"1"	12	FALSE	0	135	100	0	0	-395.979797464	395.979797464	1.25646090508	-392	374	-392	374
9	"1"	"1"	12	FALSE	0	135	100	0	0	-395.979797464	395.979797464	1.28979802132	-392	382	-392	382
9	"1"	"1"	12	FALSE	0	135	100	0	0	-395.979797464	395.979797464	1.32316207886	-394	387	-394	387
9	"1"	"1"	12	FALSE	0	135	100	0	0	-395.979797464	395.979797464	1.35647296906	-395	390	-395	390
9	"1"	"1"	12	FALSE	0	135	100	0	0	-395.979797464	395.979797464	1.389950037	-396	391	-396	391
9	"1"	"1"	13	FALSE	0	45	100	0	0	395.979797464	395.979797464	0.00168514251709	3	-3	3	-3
9	"1"	"1"	13	FALSE	0	45	100	0	0	395.979797464	395.979797464	0.0223820209503	3	-3	3	-3
9	"1"	"1"	13	FALSE	0	45	100	0	0	395.979797464	395.979797464	0.0558440685272	3	-3	3	-3
9	"1"	"1"	13	FALSE	0	45	100	0	0	395.979797464	395.979797464	0.0889940261841	3	-3	3	-3
9	"1"	"1"	13	FALSE	0	45	100	0	0	395.979797464	395.979797464	0.122325181961	3	-3	3	-3
9	"1"	"1"	13	FALSE	0	45	100	0	0	395.979797464	395.979797464	0.15570807457	3	-3	3	-3
9	"1"	"1"	13	FALSE	0	45	100	0	0	395.979797464	395.979797464	0.189081192017	3	-3	3	-3
9	"1"	"1"	13	FALSE	0	45	100	0	0	395.979797464	395.979797464	0.222429037094	3	-3	3	-3
9	"1"	"1"	13	FALSE	0	45	100	0	0	395.979797464	395.979797464	0.255884170532	3	-3	3	-3
9	"1"	"1"	13	FALSE	0	45	100	0	0	395.979797464	395.979797464	0.28924703598	3	-3	3	-3
9	"1"	"1"	13	FALSE	0	45	100	0	0	395.979797464	395.979797464	0.32248711586	4	-2	4	-2
9	"1"	"1"	13	FALSE	0	45	100	0	0	395.979797464	395.979797464	0.356020212173	6	4	6	4
9	"1"	"1"	13	FALSE	0	45	100	0	0	395.979797464	395.979797464	0.38925409317	13	15	13	15
9	"1"	"1"	13	FALSE	0	45	100	0	0	395.979797464	395.979797464	0.422596216202	25	31	25	31
9	"1"	"1"	13	FALSE	0	45	100	0	0	395.979797464	395.979797464	0.455946207047	44	56	44	56
9	"1"	"1"	13	FALSE	0	45	100	0	0	395.979797464	395.979797464	0.489541053772	65	82	65	82
9	"1"	"1"	13	FALSE	0	45	100	0	0	395.979797464	395.979797464	0.522886991501	89	111	89	111
9	"1"	"1"	13	FALSE	0	45	100	0	0	395.979797464	395.979797464	0.556039094925	112	136	112	136
9	"1"	"1"	13	FALSE	0	45	100	0	0	395.979797464	395.979797464	0.58939409256	140	166	140	166
9	"1"	"1"	13	FALSE	0	45	100	0	0	395.979797464	395.979797464	0.622753143311	166	193	166	193
9	"1"	"1"	13	FALSE	0	45	100	0	0	395.979797464	395.979797464	0.656126022339	188	214	188	214
9	"1"	"1"	13	FALSE	0	45	100	0	0	395.979797464	395.979797464	0.689459085464	212	237	212	237
9	"1"	"1"	13	FALSE	0	45	100	0	0	395.979797464	395.979797464	0.722898006439	235	258	235	258
9	"1"	"1"	13	FALSE	0	45	100	0	0	395.979797464	395.979797464	0.756199121475	256	278	256	278
9	"1"	"1"	13	FALSE	0	45	100	0	0	395.979797464	395.979797464	0.789537191391	271	292	271	292
9	"1"	"1"	13	FALSE	0	45	100	0	0	395.979797464	395.979797464	0.822917222977	287	306	287	306
9	"1"	"1"	13	FALSE	0	45	100	0	0	395.979797464	395.979797464	0.856271028519	303	321	303	321
9	"1"	"1"	13	FALSE	0	45	100	0	0	395.979797464	395.979797464	0.889614105225	315	332	315	332
9	"1"	"1"	13	FALSE	0	45	100	0	0	395.979797464	395.979797464	0.922991991043	328	344	328	344
9	"1"	"1"	13	FALSE	0	45	100	0	0	395.979797464	395.979797464	0.956353187561	337	352	337	352
9	"1"	"1"	13	FALSE	0	45	100	0	0	395.979797464	395.979797464	0.989992141724	349	363	349	363
9	"1"	"1"	13	FALSE	0	45	100	0	0	395.979797464	395.979797464	1.02325415611	357	370	357	370
9	"1"	"1"	13	FALSE	0	45	100	0	0	395.979797464	395.979797464	1.05643320084	365	376	365	376
9	"1"	"1"	13	FALSE	0	45	100	0	0	395.979797464	395.979797464	1.08978414536	370	381	370	381
9	"1"	"1"	13	FALSE	0	45	100	0	0	395.979797464	395.979797464	1.1231610775	374	384	374	384
9	"1"	"1"	13	FALSE	0	45	100	0	0	395.979797464	395.979797464	1.15649604797	379	387	379	387
9	"1"	"1"	13	FALSE	0	45	100	0	0	395.979797464	395.979797464	1.18985700607	385	391	385	391
9	"1"	"1"	13	FALSE	0	45	100	0	0	395.979797464	395.979797464	1.22321414948	387	393	387	393
9	"1"	"1"	13	FALSE	0	45	100	0	0	395.979797464	395.979797464	1.25656199455	389	394	389	394
9	"1"	"1"	13	FALSE	0	45	100	0	0	395.979797464	395.979797464	1.29007411003	391	396	391	396
9	"1"	"1"	14	FALSE	0	135	100	0	0	-395.979797464	395.979797464	0.00149512290955	0	-3	0	-3
9	"1"	"1"	14	FALSE	0	135	100	0	0	-395.979797464	395.979797464	0.0225160121918	0	-3	0	-3
9	"1"	"1"	14	FALSE	0	135	100	0	0	-395.979797464	395.979797464	0.0559549331665	0	-3	0	-3
9	"1"	"1"	14	FALSE	0	135	100	0	0	-395.979797464	395.979797464	0.0893261432648	0	-3	0	-3
9	"1"	"1"	14	FALSE	0	135	100	0	0	-395.979797464	395.979797464	0.122732162476	0	-3	0	-3
9	"1"	"1"	14	FALSE	0	135	100	0	0	-395.979797464	395.979797464	0.155847072601	0	-3	0	-3
9	"1"	"1"	14	FALSE	0	135	100	0	0	-395.979797464	395.979797464	0.189483165741	0	-3	0	-3
9	"1"	"1"	14	FALSE	0	135	100	0	0	-395.979797464	395.979797464	0.222772121429	0	-3	0	-3
9	"1"	"1"	14	FALSE	0	135	100	0	0	-395.979797464	395.979797464	0.255912065506	0	-3	0	-3
9	"1"	"1"	14	FALSE	0	135	100	0	0	-395.979797464	395.979797464	0.289242982864	0	-3	0	-3
9	"1"	"1"	14	FALSE	0	135	100	0	0	-395.979797464	395.979797464	0.322637081146	-1	-2	-1	-2
9	"1"	"1"	14	FALSE	0	135	100	0	0	-395.979797464	395.979797464	0.356001138687	-7	2	-7	2
9	"1"	"1"	14	FALSE	0	135	100	0	0	-395.979797464	395.979797464	0.389367103577	-15	10	-15	10
9	"1"	"1"	14	FALSE	0	135	100	0	0	-395.979797464	395.979797464	0.422889947891	-23	18	-23	18
9	"1"	"1"	14	FALSE	0	135	100	0	0	-395.979797464	395.979797464	0.456159114838	-35	27	-35	27
9	"1"	"1"	14	FALSE	0	135	100	0	0	-395.979797464	395.979797464	0.489443063736	-51	37	-51	37
9	"1"	"1"	14	FALSE	0	135	100	0	0	-395.979797464	395.979797464	0.522803068161	-69	51	-69	51
9	"1"	"1"	14	FALSE	0	135	100	0	0	-395.979797464	395.979797464	0.55615901947	-93	71	-93	71
9	"1"	"1"	14	FALSE	0	135	100	0	0	-395.979797464	395.979797464	0.589514017105	-111	88	-111	88
9	"1"	"1"	14	FALSE	0	135	100	0	0	-395.979797464	395.979797464	0.622884988785	-134	108	-134	108
9	"1"	"1"	14	FALSE	0	135	100	0	0	-395.979797464	395.979797464	0.656214952469	-154	125	-154	125
9	"1"	"1"	14	FALSE	0	135	100	0	0	-395.979797464	395.979797464	0.689651966095	-177	147	-177	147
9	"1"	"1"	14	FALSE	0	135	100	0	0	-395.979797464	395.979797464	0.723029136658	-199	170	-199	170
9	"1"	"1"	14	FALSE	0	135	100	0	0	-395.979797464	395.979797464	0.756344079971	-220	191	-220	191
9	"1"	"1"	14	FALSE	0	135	100	0	0	-395.979797464	395.979797464	0.789687156677	-240	213	-240	213
9	"1"	"1"	14	FALSE	0	135	100	0	0	-395.979797464	395.979797464	0.823017120361	-257	230	-257	230
9	"1"	"1"	14	FALSE	0	135	100	0	0	-395.979797464	395.979797464	0.856395959854	-271	244	-271	244
9	"1"	"1"	14	FALSE	0	135	100	0	0	-395.979797464	395.979797464	0.889752149582	-288	261	-288	261
9	"1"	"1"	14	FALSE	0	135	100	0	0	-395.979797464	395.979797464	0.923090934753	-300	276	-300	276
9	"1"	"1"	14	FALSE	0	135	100	0	0	-395.979797464	395.979797464	0.956463098526	-312	293	-312	293
9	"1"	"1"	14	FALSE	0	135	100	0	0	-395.979797464	395.979797464	0.989835977554	-321	308	-321	308
9	"1"	"1"	14	FALSE	0	135	100	0	0	-395.979797464	395.979797464	1.02329301834	-331	323	-331	323
9	"1"	"1"	14	FALSE	0	135	100	0	0	-395.979797464	395.979797464	1.05665206909	-341	336	-341	336
9	"1"	"1"	14	FALSE	0	135	100	0	0	-395.979797464	395.979797464	1.08991408348	-350	347	-350	347
9	"1"	"1"	14	FALSE	0	135	100	0	0	-395.979797464	395.979797464	1.12326097488	-357	357	-357	357
9	"1"	"1"	14	FALSE	0	135	100	0	0	-395.979797464	395.979797464	1.15662503242	-362	365	-362	365
9	"1"	"1"	14	FALSE	0	135	100	0	0	-395.979797464	395.979797464	1.19005513191	-366	371	-366	371
9	"1"	"1"	14	FALSE	0	135	100	0	0	-395.979797464	395.979797464	1.22337698936	-370	375	-370	375
9	"1"	"1"	14	FALSE	0	135	100	0	0	-395.979797464	395.979797464	1.25670909882	-374	378	-374	378
9	"1"	"1"	14	FALSE	0	135	100	0	0	-395.979797464	395.979797464	1.29004502296	-377	380	-377	380
9	"1"	"1"	14	FALSE	0	135	100	0	0	-395.979797464	395.979797464	1.32347893715	-379	382	-379	382
9	"1"	"1"	14	FALSE	0	135	100	0	0	-395.979797464	395.979797464	1.35678005219	-382	385	-382	385
9	"1"	"1"	14	FALSE	0	135	100	0	0	-395.979797464	395.979797464	1.39012098312	-384	387	-384	387
9	"1"	"1"	14	FALSE	0	135	100	0	0	-395.979797464	395.979797464	1.42349505424	-386	388	-386	388
9	"1"	"1"	14	FALSE	0	135	100	0	0	-395.979797464	395.979797464	1.45686912537	-388	390	-388	390
9	"1"	"1"	14	FALSE	0	135	100	0	0	-395.979797464	395.979797464	1.49019503593	-389	391	-389	391
9	"1"	"1"	15	FALSE	0	90	100	0	0	3.42901103761e-14	560	0.00187516212463	1	-4	1	-4
9	"1"	"1"	15	FALSE	0	90	100	0	0	3.42901103761e-14	560	0.0229699611664	1	-4	1	-4
9	"1"	"1"	15	FALSE	0	90	100	0	0	3.42901103761e-14	560	0.0562610626221	1	-4	1	-4
9	"1"	"1"	15	FALSE	0	90	100	0	0	3.42901103761e-14	560	0.0895431041718	1	-4	1	-4
9	"1"	"1"	15	FALSE	0	90	100	0	0	3.42901103761e-14	560	0.123108148575	1	-4	1	-4
9	"1"	"1"	15	FALSE	0	90	100	0	0	3.42901103761e-14	560	0.156414985657	1	-4	1	-4
9	"1"	"1"	15	FALSE	0	90	100	0	0	3.42901103761e-14	560	0.189691066742	1	-4	1	-4
9	"1"	"1"	15	FALSE	0	90	100	0	0	3.42901103761e-14	560	0.22319316864	1	-4	1	-4
9	"1"	"1"	15	FALSE	0	90	100	0	0	3.42901103761e-14	560	0.256493091583	1	-4	1	-4
9	"1"	"1"	15	FALSE	0	90	100	0	0	3.42901103761e-14	560	0.289875984192	1	-4	1	-4
9	"1"	"1"	15	FALSE	0	90	100	0	0	3.42901103761e-14	560	0.322698116302	1	-3	1	-3
9	"1"	"1"	15	FALSE	0	90	100	0	0	3.42901103761e-14	560	0.356532096863	1	-3	1	-3
9	"1"	"1"	15	FALSE	0	90	100	0	0	3.42901103761e-14	560	0.389894962311	1	-3	1	-3
9	"1"	"1"	15	FALSE	0	90	100	0	0	3.42901103761e-14	560	0.423110961914	1	-3	1	-3
9	"1"	"1"	15	FALSE	0	90	100	0	0	3.42901103761e-14	560	0.456710100174	1	-3	1	-3
9	"1"	"1"	15	FALSE	0	90	100	0	0	3.42901103761e-14	560	0.489995002747	1	-3	1	-3
9	"1"	"1"	15	FALSE	0	90	100	0	0	3.42901103761e-14	560	0.523264169693	1	-3	1	-3
9	"1"	"1"	15	FALSE	0	90	100	0	0	3.42901103761e-14	560	0.556216001511	1	-3	1	-3
9	"1"	"1"	15	FALSE	0	90	100	0	0	3.42901103761e-14	560	0.590065956116	0	0	0	0
9	"1"	"1"	15	FALSE	0	90	100	0	0	3.42901103761e-14	560	0.623437166214	1	11	1	11
9	"1"	"1"	15	FALSE	0	90	100	0	0	3.42901103761e-14	560	0.656862974167	2	27	2	27
9	"1"	"1"	15	FALSE	0	90	100	0	0	3.42901103761e-14	560	0.690230131149	4	54	4	54
9	"1"	"1"	15	FALSE	0	90	100	0	0	3.42901103761e-14	560	0.723586082458	4	82	4	82
9	"1"	"1"	15	FALSE	0	90	100	0	0	3.42901103761e-14	560	0.756966114044	6	116	6	116
9	"1"	"1"	15	FALSE	0	90	100	0	0	3.42901103761e-14	560	0.790251016617	7	150	7	150
9	"1"	"1"	15	FALSE	0	90	100	0	0	3.42901103761e-14	560	0.822986125946	8	190	8	190
9	"1"	"1"	15	FALSE	0	90	100	0	0	3.42901103761e-14	560	0.857100963593	7	229	7	229
9	"1"	"1"	15	FALSE	0	90	100	0	0	3.42901103761e-14	560	0.890320062637	7	261	7	261
9	"1"	"1"	15	FALSE	0	90	100	0	0	3.42901103761e-14	560	0.923563957214	7	299	7	299
9	"1"	"1"	15	FALSE	0	90	100	0	0	3.42901103761e-14	560	0.956396102905	8	336	8	336
9	"1"	"1"	15	FALSE	0	90	100	0	0	3.42901103761e-14	560	0.990487098694	9	371	9	371
9	"1"	"1"	15	FALSE	0	90	100	0	0	3.42901103761e-14	560	1.02378201485	9	400	9	400
9	"1"	"1"	15	FALSE	0	90	100	0	0	3.42901103761e-14	560	1.05666995049	6	424	6	424
9	"1"	"1"	15	FALSE	0	90	100	0	0	3.42901103761e-14	560	1.09041500092	5	451	5	451
9	"1"	"1"	15	FALSE	0	90	100	0	0	3.42901103761e-14	560	1.12389111519	8	475	8	475
9	"1"	"1"	15	FALSE	0	90	100	0	0	3.42901103761e-14	560	1.15725111961	10	498	10	498
9	"1"	"1"	15	FALSE	0	90	100	0	0	3.42901103761e-14	560	1.19061493874	10	517	10	517
9	"1"	"1"	15	FALSE	0	90	100	0	0	3.42901103761e-14	560	1.22399902344	10	530	10	530
9	"1"	"1"	15	FALSE	0	90	100	0	0	3.42901103761e-14	560	1.25739216805	10	546	10	546
9	"1"	"1"	15	FALSE	0	90	100	0	0	3.42901103761e-14	560	1.2906191349	8	555	8	555
9	"1"	"1"	15	FALSE	0	90	100	0	0	3.42901103761e-14	560	1.32409310341	8	563	8	563
9	"1"	"1"	15	FALSE	0	90	100	0	0	3.42901103761e-14	560	1.35737204552	7	570	7	570
9	"1"	"1"	15	FALSE	0	90	100	0	0	3.42901103761e-14	560	1.39071893692	7	573	7	573
9	"1"	"1"	15	FALSE	0	90	100	0	0	3.42901103761e-14	560	1.42402100563	6	574	6	574
9	"1"	"1"	15	FALSE	0	90	100	0	0	3.42901103761e-14	560	1.45745301247	6	574	6	574
9	"1"	"1"	15	FALSE	0	90	100	0	0	3.42901103761e-14	560	1.49060297012	6	573	6	573
9	"1"	"1"	15	FALSE	0	90	100	0	0	3.42901103761e-14	560	1.52413201332	6	573	6	573
9	"1"	"1"	15	FALSE	0	90	100	0	0	3.42901103761e-14	560	1.55700302124	6	573	6	573
9	"1"	"1"	16	FALSE	0	135	100	0	0	-395.979797464	395.979797464	0.00238299369812	0	3	0	3
9	"1"	"1"	16	FALSE	0	135	100	0	0	-395.979797464	395.979797464	0.0223960876465	0	2	0	2
9	"1"	"1"	16	FALSE	0	135	100	0	0	-395.979797464	395.979797464	0.0558362007141	1	1	1	1
9	"1"	"1"	16	FALSE	0	135	100	0	0	-395.979797464	395.979797464	0.0893340110779	1	1	1	1
9	"1"	"1"	16	FALSE	0	135	100	0	0	-395.979797464	395.979797464	0.122642993927	1	1	1	1
9	"1"	"1"	16	FALSE	0	135	100	0	0	-395.979797464	395.979797464	0.155942201614	1	1	1	1
9	"1"	"1"	16	FALSE	0	135	100	0	0	-395.979797464	395.979797464	0.189223051071	1	1	1	1
9	"1"	"1"	16	FALSE	0	135	100	0	0	-395.979797464	395.979797464	0.222818136215	1	1	1	1
9	"1"	"1"	16	FALSE	0	135	100	0	0	-395.979797464	395.979797464	0.256151199341	1	1	1	1
9	"1"	"1"	16	FALSE	0	135	100	0	0	-395.979797464	395.979797464	0.2894551754	0	2	0	2
9	"1"	"1"	16	FALSE	0	135	100	0	0	-395.979797464	395.979797464	0.322857141495	-1	3	-1	3
9	"1"	"1"	16	FALSE	0	135	100	0	0	-395.979797464	395.979797464	0.356261014938	-4	7	-4	7
9	"1"	"1"	16	FALSE	0	135	100	0	0	-395.979797464	395.979797464	0.389633178711	-9	13	-9	13
9	"1"	"1"	16	FALSE	0	135	100	0	0	-395.979797464	395.979797464	0.422828197479	-16	19	-16	19
9	"1"	"1"	16	FALSE	0	135	100	0	0	-395.979797464	395.979797464	0.456305027008	-24	24	-24	24
9	"1"	"1"	16	FALSE	0	135	100	0	0	-395.979797464	395.979797464	0.489539146423	-36	32	-36	32
9	"1"	"1"	16	FALSE	0	135	100	0	0	-395.979797464	395.979797464	0.523071050644	-49	42	-49	42
9	"1"	"1"	16	FALSE	0	135	100	0	0	-395.979797464	395.979797464	0.556421041489	-62	53	-62	53
9	"1"	"1"	16	FALSE	0	135	100	0	0	-395.979797464	395.979797464	0.589904069901	-79	68	-79	68
9	"1"	"1"	16	FALSE	0	135	100	0	0	-395.979797464	395.979797464	0.623120069504	-100	90	-100	90
9	"1"	"1"	16	FALSE	0	135	100	0	0	-395.979797464	395.979797464	0.656556129456	-119	111	-119	111
9	"1"	"1"	16	FALSE	0	135	100	0	0	-395.979797464	395.979797464	0.689934015274	-140	128	-140	128
9	"1"	"1"	16	FALSE	0	135	100	0	0	-395.979797464	395.979797464	0.723118066788	-163	151	-163	151
9	"1"	"1"	16	FALSE	0	135	100	0	0	-395.979797464	395.979797464	0.756439208984	-187	173	-187	173
9	"1"	"1"	16	FALSE	0	135	100	0	0	-395.979797464	395.979797464	0.789970159531	-208	193	-208	193
9	"1"	"1"	16	FALSE	0	135	100	0	0	-395.979797464	395.979797464	0.823254108429	-232	216	-232	216
9	"1"	"1"	16	FALSE	0	135	100	0	0	-395.979797464	395.979797464	0.856694221497	-256	239	-256	239
9	"1"	"1"	16	FALSE	0	135	100	0	0	-395.979797464	395.979797464	0.88999915123	-275	255	-275	255
9	"1"	"1"	16	FALSE	0	135	100	0	0	-395.979797464	395.979797464	0.923382043839	-295	271	-295	271
9	"1"	"1"	16	FALSE	0	135	100	0	0	-395.979797464	395.979797464	0.956742048264	-309	284	-309	284
9	"1"	"1"	16	FALSE	0	135	100	0	0	-395.979797464	395.979797464	0.990195035934	-324	298	-324	298
9	"1"	"1"	16	FALSE	0	135	100	0	0	-395.979797464	395.979797464	1.02340722084	-337	308	-337	308
9	"1"	"1"	16	FALSE	0	135	100	0	0	-395.979797464	395.979797464	1.05683517456	-350	318	-350	318
9	"1"	"1"	16	FALSE	0	135	100	0	0	-395.979797464	395.979797464	1.09011316299	-362	326	-362	326
9	"1"	"1"	16	FALSE	0	135	100	0	0	-395.979797464	395.979797464	1.12352204323	-370	333	-370	333
9	"1"	"1"	16	FALSE	0	135	100	0	0	-395.979797464	395.979797464	1.15698719025	-378	340	-378	340
9	"1"	"1"	16	FALSE	0	135	100	0	0	-395.979797464	395.979797464	1.19013309479	-385	347	-385	347
9	"1"	"1"	16	FALSE	0	135	100	0	0	-395.979797464	395.979797464	1.22323513031	-389	353	-389	353
9	"1"	"1"	16	FALSE	0	135	100	0	0	-395.979797464	395.979797464	1.2570002079	-392	358	-392	358
9	"1"	"1"	16	FALSE	0	135	100	0	0	-395.979797464	395.979797464	1.29034614563	-394	362	-394	362
9	"1"	"1"	16	FALSE	0	135	100	0	0	-395.979797464	395.979797464	1.32363605499	-395	367	-395	367
9	"1"	"1"	16	FALSE	0	135	100	0	0	-395.979797464	395.979797464	1.35702610016	-394	372	-394	372
9	"1"	"1"	16	FALSE	0	135	100	0	0	-395.979797464	395.979797464	1.3903491497	-392	377	-392	377
9	"1"	"1"	16	FALSE	0	135	100	0	0	-395.979797464	395.979797464	1.42373013496	-391	378	-391	378
9	"1"	"1"	16	FALSE	0	135	100	0	0	-395.979797464	395.979797464	1.45713400841	-391	380	-391	380
9	"1"	"1"	16	FALSE	0	135	100	0	0	-395.979797464	395.979797464	1.4904460907	-390	383	-390	383
9	"1"	"1"	16	FALSE	0	135	100	0	0	-395.979797464	395.979797464	1.52382612228	-389	386	-389	386
9	"1"	"1"	16	FALSE	0	135	100	0	0	-395.979797464	395.979797464	1.55724906921	-389	390	-389	390
9	"1"	"1"	16	FALSE	0	135	100	0	0	-395.979797464	395.979797464	1.59054112434	-389	393	-389	393
9	"1"	"1"	16	FALSE	0	135	100	0	0	-395.979797464	395.979797464	1.62396812439	-390	394	-390	394
9	"1"	"1"	17	FALSE	0	90	100	0	0	3.42901103761e-14	560	0.00171113014221	-1	-2	-1	-2
9	"1"	"1"	17	FALSE	0	90	100	0	0	3.42901103761e-14	560	0.0226850509644	-1	-2	-1	-2
9	"1"	"1"	17	FALSE	0	90	100	0	0	3.42901103761e-14	560	0.0562169551849	-1	-3	-1	-3
9	"1"	"1"	17	FALSE	0	90	100	0	0	3.42901103761e-14	560	0.0894429683685	-1	-3	-1	-3
9	"1"	"1"	17	FALSE	0	90	100	0	0	3.42901103761e-14	560	0.122287034988	-1	-3	-1	-3
9	"1"	"1"	17	FALSE	0	90	100	0	0	3.42901103761e-14	560	0.156168937683	-1	-3	-1	-3
9	"1"	"1"	17	FALSE	0	90	100	0	0	3.42901103761e-14	560	0.18972992897	-1	-3	-1	-3
9	"1"	"1"	17	FALSE	0	90	100	0	0	3.42901103761e-14	560	0.222551107407	-1	-3	-1	-3
9	"1"	"1"	17	FALSE	0	90	100	0	0	3.42901103761e-14	560	0.256464958191	-1	-3	-1	-3
9	"1"	"1"	17	FALSE	0	90	100	0	0	3.42901103761e-14	560	0.289781093597	-1	-3	-1	-3
9	"1"	"1"	17	FALSE	0	90	100	0	0	3.42901103761e-14	560	0.323104143143	-1	-3	-1	-3
9	"1"	"1"	17	FALSE	0	90	100	0	0	3.42901103761e-14	560	0.356471061707	-1	-2	-1	-2
9	"1"	"1"	17	FALSE	0	90	100	0	0	3.42901103761e-14	560	0.389863967896	-1	-2	-1	-2
9	"1"	"1"	17	FALSE	0	90	100	0	0	3.42901103761e-14	560	0.423200130463	-1	-1	-1	-1
9	"1"	"1"	17	FALSE	0	90	100	0	0	3.42901103761e-14	560	0.455939054489	-2	5	-2	5
9	"1"	"1"	17	FALSE	0	90	100	0	0	3.42901103761e-14	560	0.489902019501	-2	15	-2	15
9	"1"	"1"	17	FALSE	0	90	100	0	0	3.42901103761e-14	560	0.523272037506	-2	27	-2	27
9	"1"	"1"	17	FALSE	0	90	100	0	0	3.42901103761e-14	560	0.556478977203	-1	44	-1	44
9	"1"	"1"	17	FALSE	0	90	100	0	0	3.42901103761e-14	560	0.589330911636	0	61	0	61
9	"1"	"1"	17	FALSE	0	90	100	0	0	3.42901103761e-14	560	0.623369932175	-1	80	-1	80
9	"1"	"1"	17	FALSE	0	90	100	0	0	3.42901103761e-14	560	0.656686067581	-2	96	-2	96
9	"1"	"1"	17	FALSE	0	90	100	0	0	3.42901103761e-14	560	0.689427137375	-5	122	-5	122
9	"1"	"1"	17	FALSE	0	90	100	0	0	3.42901103761e-14	560	0.723330974579	-8	145	-8	145
9	"1"	"1"	17	FALSE	0	90	100	0	0	3.42901103761e-14	560	0.756796121597	-10	167	-10	167
9	"1"	"1"	17	FALSE	0	90	100	0	0	3.42901103761e-14	560	0.789443969727	-12	198	-12	198
9	"1"	"1"	17	FALSE	0	90	100	0	0	3.42901103761e-14	560	0.823476076126	-13	230	-13	230
9	"1"	"1"	17	FALSE	0	90	100	0	0	3.42901103761e-14	560	0.856851100922	-14	258	-14	258
9	"1"	"1"	17	FALSE	0	90	100	0	0	3.42901103761e-14	560	0.889888048172	-14	292	-14	292
9	"1"	"1"	17	FALSE	0	90	100	0	0	3.42901103761e-14	560	0.923542976379	-14	325	-14	325
9	"1"	"1"	17	FALSE	0	90	100	0	0	3.42901103761e-14	560	0.956686973572	-15	357	-15	357
9	"1"	"1"	17	FALSE	0	90	100	0	0	3.42901103761e-14	560	0.990347146988	-15	383	-15	383
9	"1"	"1"	17	FALSE	0	90	100	0	0	3.42901103761e-14	560	1.02361607552	-14	410	-14	410
9	"1"	"1"	17	FALSE	0	90	100	0	0	3.42901103761e-14	560	1.05697607994	-11	437	-11	437
9	"1"	"1"	17	FALSE	0	90	100	0	0	3.42901103761e-14	560	1.08990311623	-9	458	-9	458
9	"1"	"1"	17	FALSE	0	90	100	0	0	3.42901103761e-14	560	1.12369203568	-8	482	-8	482
9	"1"	"1"	17	FALSE	0	90	100	0	0	3.42901103761e-14	560	1.15703701973	-6	504	-6	504
9	"1"	"1"	17	FALSE	0	90	100	0	0	3.42901103761e-14	560	1.19042205811	-3	524	-3	524
9	"1"	"1"	17	FALSE	0	90	100	0	0	3.42901103761e-14	560	1.22373604774	-2	536	-2	536
9	"1"	"1"	17	FALSE	0	90	100	0	0	3.42901103761e-14	560	1.25661301613	0	551	0	551
9	"1"	"1"	17	FALSE	0	90	100	0	0	3.42901103761e-14	560	1.2904920578	2	563	2	563
9	"1"	"1"	17	FALSE	0	90	100	0	0	3.42901103761e-14	560	1.32390999794	3	569	3	569
9	"1"	"1"	17	FALSE	0	90	100	0	0	3.42901103761e-14	560	1.35714006424	2	573	2	573
9	"1"	"1"	18	FALSE	0	45	100	0	0	395.979797464	395.979797464	0.00207901000977	0	-7	0	-7
9	"1"	"1"	18	FALSE	0	45	100	0	0	395.979797464	395.979797464	0.0227630138397	0	-7	0	-7
9	"1"	"1"	18	FALSE	0	45	100	0	0	395.979797464	395.979797464	0.0562210083008	0	-7	0	-7
9	"1"	"1"	18	FALSE	0	45	100	0	0	395.979797464	395.979797464	0.0894129276276	0	-7	0	-7
9	"1"	"1"	18	FALSE	0	45	100	0	0	395.979797464	395.979797464	0.123059988022	0	-7	0	-7
9	"1"	"1"	18	FALSE	0	45	100	0	0	395.979797464	395.979797464	0.156404972076	0	-7	0	-7
9	"1"	"1"	18	FALSE	0	45	100	0	0	395.979797464	395.979797464	0.189604043961	0	-7	0	-7
9	"1"	"1"	18	FALSE	0	45	100	0	0	395.979797464	395.979797464	0.223055124283	0	-7	0	-7
9	"1"	"1"	18	FALSE	0	45	100	0	0	395.979797464	395.979797464	0.256355047226	0	-7	0	-7
9	"1"	"1"	18	FALSE	0	45	100	0	0	395.979797464	395.979797464	0.289222955704	1	-6	1	-6
9	"1"	"1"	18	FALSE	0	45	100	0	0	395.979797464	395.979797464	0.323286056519	3	0	3	0
9	"1"	"1"	18	FALSE	0	45	100	0	0	395.979797464	395.979797464	0.356503009796	10	12	10	12
9	"1"	"1"	18	FALSE	0	45	100	0	0	395.979797464	395.979797464	0.389775037766	19	27	19	27
9	"1"	"1"	18	FALSE	0	45	100	0	0	395.979797464	395.979797464	0.422873973846	34	52	34	52
9	"1"	"1"	18	FALSE	0	45	100	0	0	395.979797464	395.979797464	0.456640958786	52	78	52	78
9	"1"	"1"	18	FALSE	0	45	100	0	0	395.979797464	395.979797464	0.490011930466	74	107	74	107
9	"1"	"1"	18	FALSE	0	45	100	0	0	395.979797464	395.979797464	0.523330926895	96	135	96	135
9	"1"	"1"	18	FALSE	0	45	100	0	0	395.979797464	395.979797464	0.556571960449	115	156	115	156
9	"1"	"1"	18	FALSE	0	45	100	0	0	395.979797464	395.979797464	0.590043067932	137	180	137	180
9	"1"	"1"	18	FALSE	0	45	100	0	0	395.979797464	395.979797464	0.623292922974	156	200	156	200
9	"1"	"1"	18	FALSE	0	45	100	0	0	395.979797464	395.979797464	0.656727075577	178	222	178	222
9	"1"	"1"	18	FALSE	0	45	100	0	0	395.979797464	395.979797464	0.690078020096	201	245	201	245
9	"1"	"1"	18	FALSE	0	45	100	0	0	395.979797464	395.979797464	0.72287607193	221	264	221	264
9	"1"	"1"	18	FALSE	0	45	100	0	0	395.979797464	395.979797464	0.756937026978	246	289	246	289
9	"1"	"1"	18	FALSE	0	45	100	0	0	395.979797464	395.979797464	0.790234088898	265	306	265	306
9	"1"	"1"	18	FALSE	0	45	100	0	0	395.979797464	395.979797464	0.823219060898	285	326	285	326
9	"1"	"1"	18	FALSE	0	45	100	0	0	395.979797464	395.979797464	0.856959104538	299	341	299	341
9	"1"	"1"	18	FALSE	0	45	100	0	0	395.979797464	395.979797464	0.889915943146	314	356	314	356
9	"1"	"1"	18	FALSE	0	45	100	0	0	395.979797464	395.979797464	0.923022985458	329	373	329	373
9	"1"	"1"	18	FALSE	0	45	100	0	0	395.979797464	395.979797464	0.957108020782	341	384	341	384
9	"1"	"1"	18	FALSE	0	45	100	0	0	395.979797464	395.979797464	0.990430116653	353	397	353	397
9	"1"	"1"	18	FALSE	0	45	100	0	0	395.979797464	395.979797464	1.02336597443	364	408	364	408
9	"1"	"1"	18	FALSE	0	45	100	0	0	395.979797464	395.979797464	1.05710506439	374	417	374	417
9	"1"	"1"	18	FALSE	0	45	100	0	0	395.979797464	395.979797464	1.08978891373	382	424	382	424
9	"1"	"1"	18	FALSE	0	45	100	0	0	395.979797464	395.979797464	1.12375712395	388	429	388	429
9	"1"	"1"	18	FALSE	0	45	100	0	0	395.979797464	395.979797464	1.15704989433	394	433	394	433
9	"1"	"1"	18	FALSE	0	45	100	0	0	395.979797464	395.979797464	1.18988800049	397	435	397	435
9	"1"	"1"	18	FALSE	0	45	100	0	0	395.979797464	395.979797464	1.22389793396	399	436	399	436
9	"1"	"1"	18	FALSE	0	45	100	0	0	395.979797464	395.979797464	1.25721096992	399	436	399	436
9	"1"	"1"	18	FALSE	0	45	100	0	0	395.979797464	395.979797464	1.28993797302	399	436	399	436
9	"1"	"1"	18	FALSE	0	45	100	0	0	395.979797464	395.979797464	1.32400202751	399	435	399	435
9	"1"	"1"	18	FALSE	0	45	100	0	0	395.979797464	395.979797464	1.35721206665	399	433	399	433
9	"1"	"1"	18	FALSE	0	45	100	0	0	395.979797464	395.979797464	1.39007210732	397	428	397	428
9	"1"	"1"	18	FALSE	0	45	100	0	0	395.979797464	395.979797464	1.42402005196	397	424	397	424
9	"1"	"1"	18	FALSE	0	45	100	0	0	395.979797464	395.979797464	1.45745992661	396	420	396	420
9	"1"	"1"	18	FALSE	0	45	100	0	0	395.979797464	395.979797464	1.49076008797	396	415	396	415
9	"1"	"1"	18	FALSE	0	45	100	0	0	395.979797464	395.979797464	1.52413511276	395	411	395	411
9	"1"	"1"	18	FALSE	0	45	100	0	0	395.979797464	395.979797464	1.55718708038	396	407	396	407
9	"1"	"1"	18	FALSE	0	45	100	0	0	395.979797464	395.979797464	1.59088897705	397	405	397	405
9	"1"	"1"	19	FALSE	0	45	100	0	0	395.979797464	395.979797464	0.00295305252075	5	3	5	3
9	"1"	"1"	19	FALSE	0	45	100	0	0	395.979797464	395.979797464	0.0396809577942	5	3	5	3
9	"1"	"1"	19	FALSE	0	45	100	0	0	395.979797464	395.979797464	0.0728549957275	5	3	5	3
9	"1"	"1"	19	FALSE	0	45	100	0	0	395.979797464	395.979797464	0.106201887131	5	3	5	3
9	"1"	"1"	19	FALSE	0	45	100	0	0	395.979797464	395.979797464	0.139102935791	5	3	5	3
9	"1"	"1"	19	FALSE	0	45	100	0	0	395.979797464	395.979797464	0.173060894012	5	3	5	3
9	"1"	"1"	19	FALSE	0	45	100	0	0	395.979797464	395.979797464	0.206415891647	5	3	5	3
9	"1"	"1"	19	FALSE	0	45	100	0	0	395.979797464	395.979797464	0.239842891693	5	3	5	3
9	"1"	"1"	19	FALSE	0	45	100	0	0	395.979797464	395.979797464	0.273204088211	5	3	5	3
9	"1"	"1"	19	FALSE	0	45	100	0	0	395.979797464	395.979797464	0.306606054306	6	6	6	6
9	"1"	"1"	19	FALSE	0	45	100	0	0	395.979797464	395.979797464	0.339370965958	9	13	9	13
9	"1"	"1"	19	FALSE	0	45	100	0	0	395.979797464	395.979797464	0.373297929764	16	22	16	22
9	"1"	"1"	19	FALSE	0	45	100	0	0	395.979797464	395.979797464	0.406663894653	26	37	26	37
9	"1"	"1"	19	FALSE	0	45	100	0	0	395.979797464	395.979797464	0.439627885818	41	56	41	56
9	"1"	"1"	19	FALSE	0	45	100	0	0	395.979797464	395.979797464	0.473372936249	54	71	54	71
9	"1"	"1"	19	FALSE	0	45	100	0	0	395.979797464	395.979797464	0.50670003891	71	90	71	90
9	"1"	"1"	19	FALSE	0	45	100	0	0	395.979797464	395.979797464	0.540055036545	85	105	85	105
9	"1"	"1"	19	FALSE	0	45	100	0	0	395.979797464	395.979797464	0.57343506813	105	124	105	124
9	"1"	"1"	19	FALSE	0	45	100	0	0	395.979797464	395.979797464	0.606688976288	119	138	119	138
9	"1"	"1"	19	FALSE	0	45	100	0	0	395.979797464	395.979797464	0.639699935913	136	155	136	155
9	"1"	"1"	19	FALSE	0	45	100	0	0	395.979797464	395.979797464	0.67360496521	152	170	152	170
9	"1"	"1"	19	FALSE	0	45	100	0	0	395.979797464	395.979797464	0.706835031509	167	186	167	186
9	"1"	"1"	19	FALSE	0	45	100	0	0	395.979797464	395.979797464	0.740200042725	185	205	185	205
9	"1"	"1"	19	FALSE	0	45	100	0	0	395.979797464	395.979797464	0.773133993149	203	223	203	223
9	"1"	"1"	19	FALSE	0	45	100	0	0	395.979797464	395.979797464	0.80696105957	217	239	217	239
9	"1"	"1"	19	FALSE	0	45	100	0	0	395.979797464	395.979797464	0.840310096741	234	257	234	257
9	"1"	"1"	19	FALSE	0	45	100	0	0	395.979797464	395.979797464	0.873394966125	252	276	252	276
9	"1"	"1"	19	FALSE	0	45	100	0	0	395.979797464	395.979797464	0.907048940659	268	293	268	293
9	"1"	"1"	19	FALSE	0	45	100	0	0	395.979797464	395.979797464	0.940315008163	281	306	281	306
9	"1"	"1"	19	FALSE	0	45	100	0	0	395.979797464	395.979797464	0.973797082901	296	321	296	321
9	"1"	"1"	19	FALSE	0	45	100	0	0	395.979797464	395.979797464	1.00703406334	310	334	310	334
9	"1"	"1"	19	FALSE	0	45	100	0	0	395.979797464	395.979797464	1.04037594795	321	344	321	344
9	"1"	"1"	19	FALSE	0	45	100	0	0	395.979797464	395.979797464	1.07382011414	334	354	334	354
9	"1"	"1"	19	FALSE	0	45	100	0	0	395.979797464	395.979797464	1.10714507103	345	363	345	363
9	"1"	"1"	19	FALSE	0	45	100	0	0	395.979797464	395.979797464	1.14015698433	357	373	357	373
9	"1"	"1"	19	FALSE	0	45	100	0	0	395.979797464	395.979797464	1.1739449501	368	382	368	382
9	"1"	"1"	19	FALSE	0	45	100	0	0	395.979797464	395.979797464	1.20698690414	379	390	379	390
9	"1"	"1"	19	FALSE	0	45	100	0	0	395.979797464	395.979797464	1.24061799049	388	397	388	397
9	"1"	"1"	19	FALSE	0	45	100	0	0	395.979797464	395.979797464	1.27393198013	394	401	394	401
9	"1"	"1"	19	FALSE	0	45	100	0	0	395.979797464	395.979797464	1.30665493011	399	404	399	404
9	"1"	"1"	19	FALSE	0	45	100	0	0	395.979797464	395.979797464	1.34080290794	401	405	401	405
9	"1"	"1"	20	FALSE	0	90	100	0	0	3.42901103761e-14	560	0.00216603279114	1	-10	1	-10
9	"1"	"1"	20	FALSE	0	90	100	0	0	3.42901103761e-14	560	0.022912979126	1	-9	1	-9
9	"1"	"1"	20	FALSE	0	90	100	0	0	3.42901103761e-14	560	0.0564789772034	1	-9	1	-9
9	"1"	"1"	20	FALSE	0	90	100	0	0	3.42901103761e-14	560	0.0898861885071	1	-8	1	-8
9	"1"	"1"	20	FALSE	0	90	100	0	0	3.42901103761e-14	560	0.122629165649	1	-7	1	-7
9	"1"	"1"	20	FALSE	0	90	100	0	0	3.42901103761e-14	560	0.15648317337	1	-7	1	-7
9	"1"	"1"	20	FALSE	0	90	100	0	0	3.42901103761e-14	560	0.189898014069	1	-7	1	-7
9	"1"	"1"	20	FALSE	0	90	100	0	0	3.42901103761e-14	560	0.222911119461	1	-7	1	-7
9	"1"	"1"	20	FALSE	0	90	100	0	0	3.42901103761e-14	560	0.256189107895	1	-7	1	-7
9	"1"	"1"	20	FALSE	0	90	100	0	0	3.42901103761e-14	560	0.289302110672	1	-7	1	-7
9	"1"	"1"	20	FALSE	0	90	100	0	0	3.42901103761e-14	560	0.323343992233	1	-6	1	-6
9	"1"	"1"	20	FALSE	0	90	100	0	0	3.42901103761e-14	560	0.35663318634	0	-1	0	-1
9	"1"	"1"	20	FALSE	0	90	100	0	0	3.42901103761e-14	560	0.389919996262	-1	10	-1	10
9	"1"	"1"	20	FALSE	0	90	100	0	0	3.42901103761e-14	560	0.422803163528	-2	33	-2	33
9	"1"	"1"	20	FALSE	0	90	100	0	0	3.42901103761e-14	560	0.456784009933	-4	60	-4	60
9	"1"	"1"	20	FALSE	0	90	100	0	0	3.42901103761e-14	560	0.49010515213	-6	97	-6	97
9	"1"	"1"	20	FALSE	0	90	100	0	0	3.42901103761e-14	560	0.523362159729	-8	136	-8	136
9	"1"	"1"	20	FALSE	0	90	100	0	0	3.42901103761e-14	560	0.556845188141	-8	178	-8	178
9	"1"	"1"	20	FALSE	0	90	100	0	0	3.42901103761e-14	560	0.590208053589	-7	223	-7	223
9	"1"	"1"	20	FALSE	0	90	100	0	0	3.42901103761e-14	560	0.622869968414	-8	259	-8	259
9	"1"	"1"	20	FALSE	0	90	100	0	0	3.42901103761e-14	560	0.656980991364	-8	298	-8	298
9	"1"	"1"	20	FALSE	0	90	100	0	0	3.42901103761e-14	560	0.690205097198	-7	331	-7	331
9	"1"	"1"	20	FALSE	0	90	100	0	0	3.42901103761e-14	560	0.723512172699	-7	367	-7	367
9	"1"	"1"	20	FALSE	0	90	100	0	0	3.42901103761e-14	560	0.756429195404	-6	398	-6	398
9	"1"	"1"	20	FALSE	0	90	100	0	0	3.42901103761e-14	560	0.790466070175	-3	428	-3	428
9	"1"	"1"	20	FALSE	0	90	100	0	0	3.42901103761e-14	560	0.823767185211	0	452	0	452
9	"1"	"1"	20	FALSE	0	90	100	0	0	3.42901103761e-14	560	0.857094049454	2	465	2	465
9	"1"	"1"	20	FALSE	0	90	100	0	0	3.42901103761e-14	560	0.890355110168	6	481	6	481
9	"1"	"1"	20	FALSE	0	90	100	0	0	3.42901103761e-14	560	0.923182964325	8	497	8	497
9	"1"	"1"	20	FALSE	0	90	100	0	0	3.42901103761e-14	560	0.957129001617	9	510	9	510
9	"1"	"1"	20	FALSE	0	90	100	0	0	3.42901103761e-14	560	0.99050617218	11	521	11	521
9	"1"	"1"	20	FALSE	0	90	100	0	0	3.42901103761e-14	560	1.02379703522	12	530	12	530
9	"1"	"1"	20	FALSE	0	90	100	0	0	3.42901103761e-14	560	1.05710411072	14	538	14	538
9	"1"	"1"	20	FALSE	0	90	100	0	0	3.42901103761e-14	560	1.09056401253	16	546	16	546
9	"1"	"1"	20	FALSE	0	90	100	0	0	3.42901103761e-14	560	1.1237950325	17	552	17	552
9	"1"	"1"	20	FALSE	0	90	100	0	0	3.42901103761e-14	560	1.15729403496	18	556	18	556
9	"1"	"1"	20	FALSE	0	90	100	0	0	3.42901103761e-14	560	1.19064116478	18	558	18	558
9	"1"	"1"	20	FALSE	0	90	100	0	0	3.42901103761e-14	560	1.22372102737	18	559	18	559
9	"1"	"1"	20	FALSE	0	90	100	0	0	3.42901103761e-14	560	1.25742316246	17	560	17	560
9	"1"	"1"	20	FALSE	0	90	100	0	0	3.42901103761e-14	560	1.29079818726	17	561	17	561
9	"1"	"1"	20	FALSE	0	90	100	0	0	3.42901103761e-14	560	1.32404112816	17	562	17	562
9	"1"	"1"	20	FALSE	0	90	100	0	0	3.42901103761e-14	560	1.3574590683	16	562	16	562
9	"1"	"1"	20	FALSE	0	90	100	0	0	3.42901103761e-14	560	1.39067006111	15	563	15	563
9	"1"	"1"	20	FALSE	0	90	100	0	0	3.42901103761e-14	560	1.42415118217	15	563	15	563
9	"1"	"1"	20	FALSE	0	90	100	0	0	3.42901103761e-14	560	1.45735001564	15	563	15	563
9	"1"	"1"	20	FALSE	0	90	100	0	0	3.42901103761e-14	560	1.49095416069	15	562	15	562
9	"1"	"1"	20	FALSE	0	90	100	0	0	3.42901103761e-14	560	1.52439904213	14	561	14	561
9	"1"	"1"	21	FALSE	0	135	100	0	0	-395.979797464	395.979797464	0.00170397758484	1	1	1	1
9	"1"	"1"	21	FALSE	0	135	100	0	0	-395.979797464	395.979797464	0.0222568511963	1	1	1	1
9	"1"	"1"	21	FALSE	0	135	100	0	0	-395.979797464	395.979797464	0.0555620193481	1	1	1	1
9	"1"	"1"	21	FALSE	0	135	100	0	0	-395.979797464	395.979797464	0.0885879993439	1	1	1	1
9	"1"	"1"	21	FALSE	0	135	100	0	0	-395.979797464	395.979797464	0.122449874878	1	1	1	1
9	"1"	"1"	21	FALSE	0	135	100	0	0	-395.979797464	395.979797464	0.155776023865	1	1	1	1
9	"1"	"1"	21	FALSE	0	135	100	0	0	-395.979797464	395.979797464	0.189194917679	1	1	1	1
9	"1"	"1"	21	FALSE	0	135	100	0	0	-395.979797464	395.979797464	0.222603082657	1	1	1	1
9	"1"	"1"	21	FALSE	0	135	100	0	0	-395.979797464	395.979797464	0.255382061005	1	1	1	1
9	"1"	"1"	21	FALSE	0	135	100	0	0	-395.979797464	395.979797464	0.289361000061	1	2	1	2
9	"1"	"1"	21	FALSE	0	135	100	0	0	-395.979797464	395.979797464	0.322769880295	-3	4	-3	4
9	"1"	"1"	21	FALSE	0	135	100	0	0	-395.979797464	395.979797464	0.35568189621	-9	7	-9	7
9	"1"	"1"	21	FALSE	0	135	100	0	0	-395.979797464	395.979797464	0.389335870743	-19	15	-19	15
9	"1"	"1"	21	FALSE	0	135	100	0	0	-395.979797464	395.979797464	0.42261505127	-33	26	-33	26
9	"1"	"1"	21	FALSE	0	135	100	0	0	-395.979797464	395.979797464	0.455627918243	-48	38	-48	38
9	"1"	"1"	21	FALSE	0	135	100	0	0	-395.979797464	395.979797464	0.489269018173	-74	57	-74	57
9	"1"	"1"	21	FALSE	0	135	100	0	0	-395.979797464	395.979797464	0.522584915161	-96	77	-96	77
9	"1"	"1"	21	FALSE	0	135	100	0	0	-395.979797464	395.979797464	0.555535078049	-120	101	-120	101
9	"1"	"1"	21	FALSE	0	135	100	0	0	-395.979797464	395.979797464	0.589612960815	-142	124	-142	124
9	"1"	"1"	21	FALSE	0	135	100	0	0	-395.979797464	395.979797464	0.622861862183	-168	152	-168	152
9	"1"	"1"	21	FALSE	0	135	100	0	0	-395.979797464	395.979797464	0.65617108345	-195	178	-195	178
9	"1"	"1"	21	FALSE	0	135	100	0	0	-395.979797464	395.979797464	0.689625024796	-219	200	-219	200
9	"1"	"1"	21	FALSE	0	135	100	0	0	-395.979797464	395.979797464	0.723010063171	-245	224	-245	224
9	"1"	"1"	21	FALSE	0	135	100	0	0	-395.979797464	395.979797464	0.756222963333	-270	250	-270	250
9	"1"	"1"	21	FALSE	0	135	100	0	0	-395.979797464	395.979797464	0.789785861969	-293	272	-293	272
9	"1"	"1"	21	FALSE	0	135	100	0	0	-395.979797464	395.979797464	0.823055028915	-313	290	-313	290
9	"1"	"1"	21	FALSE	0	135	100	0	0	-395.979797464	395.979797464	0.856482982635	-334	307	-334	307
9	"1"	"1"	21	FALSE	0	135	100	0	0	-395.979797464	395.979797464	0.889430046082	-349	320	-349	320
9	"1"	"1"	21	FALSE	0	135	100	0	0	-395.979797464	395.979797464	0.923166036606	-362	332	-362	332
9	"1"	"1"	21	FALSE	0	135	100	0	0	-395.979797464	395.979797464	0.956367969513	-375	343	-375	343
9	"1"	"1"	21	FALSE	0	135	100	0	0	-395.979797464	395.979797464	0.989445924759	-384	353	-384	353
9	"1"	"1"	21	FALSE	0	135	100	0	0	-395.979797464	395.979797464	1.02322387695	-390	361	-390	361
9	"1"	"1"	21	FALSE	0	135	100	0	0	-395.979797464	395.979797464	1.05658507347	-395	367	-395	367
9	"1"	"1"	21	FALSE	0	135	100	0	0	-395.979797464	395.979797464	1.08983492851	-397	371	-397	371
9	"1"	"1"	21	FALSE	0	135	100	0	0	-395.979797464	395.979797464	1.12337207794	-399	376	-399	376
9	"1"	"1"	21	FALSE	0	135	100	0	0	-395.979797464	395.979797464	1.15613698959	-399	380	-399	380
9	"1"	"1"	21	FALSE	0	135	100	0	0	-395.979797464	395.979797464	1.19001889229	-399	385	-399	385
9	"1"	"1"	21	FALSE	0	135	100	0	0	-395.979797464	395.979797464	1.2232298851	-398	389	-398	389
9	"1"	"1"	21	FALSE	0	135	100	0	0	-395.979797464	395.979797464	1.25676989555	-396	392	-396	392
9	"1"	"1"	21	FALSE	0	135	100	0	0	-395.979797464	395.979797464	1.2901558876	-395	393	-395	393
