"task_num"	"task_name"	"trial_type"	"trial_num"	"terminalfeedback_bool"	"rotation_angle"	"targetangle_deg"	"targetdistance_percmax"	"homex_px"	"homey_px"	"targetx_px"	"targety_px"	"time_s"	"mousex_px"	"mousey_px"	"cursorx_px"	"cursory_px"
"3369"	9	1	1	1	0	0	90	100	0	0	3.42901103761e-14	560	1551799462.35	1	9	1	9
"3370"	9	1	1	1	0	0	90	100	0	0	3.42901103761e-14	560	1551799462.38	1	9	1	9
"3371"	9	1	1	1	0	0	90	100	0	0	3.42901103761e-14	560	1551799462.41	1	9	1	9
"3372"	9	1	1	1	0	0	90	100	0	0	3.42901103761e-14	560	1551799462.45	1	9	1	9
"3373"	9	1	1	1	0	0	90	100	0	0	3.42901103761e-14	560	1551799462.48	1	9	1	9
"3374"	9	1	1	1	0	0	90	100	0	0	3.42901103761e-14	560	1551799462.51	1	9	1	9
"3375"	9	1	1	1	0	0	90	100	0	0	3.42901103761e-14	560	1551799462.55	1	9	1	9
"3376"	9	1	1	1	0	0	90	100	0	0	3.42901103761e-14	560	1551799462.58	1	8	1	8
"3377"	9	1	1	1	0	0	90	100	0	0	3.42901103761e-14	560	1551799462.61	1	7	1	7
"3378"	9	1	1	1	0	0	90	100	0	0	3.42901103761e-14	560	1551799462.65	1	7	1	7
"3379"	9	1	1	1	0	0	90	100	0	0	3.42901103761e-14	560	1551799462.68	0	8	0	8
"3380"	9	1	1	1	0	0	90	100	0	0	3.42901103761e-14	560	1551799462.71	-3	21	-3	21
"3381"	9	1	1	1	0	0	90	100	0	0	3.42901103761e-14	560	1551799462.75	-6	56	-6	56
"3382"	9	1	1	1	0	0	90	100	0	0	3.42901103761e-14	560	1551799462.78	-7	90	-7	90
"3383"	9	1	1	1	0	0	90	100	0	0	3.42901103761e-14	560	1551799462.81	-9	133	-9	133
"3384"	9	1	1	1	0	0	90	100	0	0	3.42901103761e-14	560	1551799462.85	-10	180	-10	180
"3385"	9	1	1	1	0	0	90	100	0	0	3.42901103761e-14	560	1551799462.88	-11	230	-11	230
"3386"	9	1	1	1	0	0	90	100	0	0	3.42901103761e-14	560	1551799462.91	-18	276	-18	276
"3387"	9	1	1	1	0	0	90	100	0	0	3.42901103761e-14	560	1551799462.95	-25	313	-25	313
"3388"	9	1	1	1	0	0	90	100	0	0	3.42901103761e-14	560	1551799462.98	-31	354	-31	354
"3389"	9	1	1	1	0	0	90	100	0	0	3.42901103761e-14	560	1551799463.01	-36	393	-36	393
"3390"	9	1	1	1	0	0	90	100	0	0	3.42901103761e-14	560	1551799463.05	-39	423	-39	423
"3391"	9	1	1	1	0	0	90	100	0	0	3.42901103761e-14	560	1551799463.08	-37	457	-37	457
"3392"	9	1	1	1	0	0	90	100	0	0	3.42901103761e-14	560	1551799463.11	-29	489	-29	489
"3393"	9	1	1	1	0	0	90	100	0	0	3.42901103761e-14	560	1551799463.15	-21	516	-21	516
"3394"	9	1	1	1	0	0	90	100	0	0	3.42901103761e-14	560	1551799463.18	-14	538	-14	538
"3395"	9	1	1	1	0	0	90	100	0	0	3.42901103761e-14	560	1551799463.21	-5	559	-5	559
"3396"	9	1	1	1	0	0	90	100	0	0	3.42901103761e-14	560	1551799463.25	2	573	2	573
"3397"	9	1	1	1	0	0	90	100	0	0	3.42901103761e-14	560	1551799463.28	9	585	9	585
"3398"	9	1	1	1	0	0	90	100	0	0	3.42901103761e-14	560	1551799463.31	16	595	16	595
"3399"	9	1	1	1	0	0	90	100	0	0	3.42901103761e-14	560	1551799463.35	20	601	20	601
"3400"	9	1	1	1	0	0	90	100	0	0	3.42901103761e-14	560	1551799463.38	22	604	22	604
"3401"	9	1	1	1	0	0	90	100	0	0	3.42901103761e-14	560	1551799463.41	22	604	22	604
"3402"	9	1	1	1	0	0	90	100	0	0	3.42901103761e-14	560	1551799463.45	21	604	21	604
"3403"	9	1	1	1	0	0	90	100	0	0	3.42901103761e-14	560	1551799463.48	17	602	17	602
"3404"	9	1	1	1	0	0	90	100	0	0	3.42901103761e-14	560	1551799463.51	14	600	14	600
"3405"	9	1	1	1	0	0	90	100	0	0	3.42901103761e-14	560	1551799463.55	12	597	12	597
"3406"	9	1	1	1	0	0	90	100	0	0	3.42901103761e-14	560	1551799463.58	11	594	11	594
"3407"	9	1	1	1	0	0	90	100	0	0	3.42901103761e-14	560	1551799463.61	10	592	10	592
"3408"	9	1	1	1	0	0	90	100	0	0	3.42901103761e-14	560	1551799463.65	10	590	10	590
"3409"	9	1	1	1	0	0	90	100	0	0	3.42901103761e-14	560	1551799463.68	11	588	11	588
"3410"	9	1	1	1	0	0	90	100	0	0	3.42901103761e-14	560	1551799463.71	11	587	11	587
"3411"	9	1	1	1	0	0	90	100	0	0	3.42901103761e-14	560	1551799463.75	12	584	12	584
"3412"	9	1	1	1	0	0	90	100	0	0	3.42901103761e-14	560	1551799463.78	13	582	13	582
"3413"	9	1	1	1	0	0	90	100	0	0	3.42901103761e-14	560	1551799463.81	13	579	13	579
"3414"	9	1	1	1	0	0	90	100	0	0	3.42901103761e-14	560	1551799463.85	14	578	14	578
"3415"	9	1	1	1	0	0	90	100	0	0	3.42901103761e-14	560	1551799463.88	15	577	15	577
"3416"	9	1	1	1	0	0	90	100	0	0	3.42901103761e-14	560	1551799463.91	15	577	15	577
"3417"	9	1	1	1	0	0	90	100	0	0	3.42901103761e-14	560	1551799463.95	15	577	15	577
"3418"	9	1	1	1	0	0	90	100	0	0	3.42901103761e-14	560	1551799463.98	15	576	15	576
"3419"	9	1	1	1	0	0	90	100	0	0	3.42901103761e-14	560	1551799464.01	11	573	11	573
"3420"	9	1	1	1	0	0	90	100	0	0	3.42901103761e-14	560	1551799464.05	7	570	7	570
"3421"	9	1	1	1	0	0	90	100	0	0	3.42901103761e-14	560	1551799464.08	5	569	5	569
"3422"	9	1	1	2	0	0	45	100	0	0	395.979797464	395.979797464	1551799465.26	2	3	2	3
"3423"	9	1	1	2	0	0	45	100	0	0	395.979797464	395.979797464	1551799465.28	2	3	2	3
"3424"	9	1	1	2	0	0	45	100	0	0	395.979797464	395.979797464	1551799465.32	2	3	2	3
"3425"	9	1	1	2	0	0	45	100	0	0	395.979797464	395.979797464	1551799465.35	2	3	2	3
"3426"	9	1	1	2	0	0	45	100	0	0	395.979797464	395.979797464	1551799465.38	2	3	2	3
"3427"	9	1	1	2	0	0	45	100	0	0	395.979797464	395.979797464	1551799465.42	2	3	2	3
"3428"	9	1	1	2	0	0	45	100	0	0	395.979797464	395.979797464	1551799465.45	2	3	2	3
"3429"	9	1	1	2	0	0	45	100	0	0	395.979797464	395.979797464	1551799465.48	2	3	2	3
"3430"	9	1	1	2	0	0	45	100	0	0	395.979797464	395.979797464	1551799465.52	2	3	2	3
"3431"	9	1	1	2	0	0	45	100	0	0	395.979797464	395.979797464	1551799465.55	5	7	5	7
"3432"	9	1	1	2	0	0	45	100	0	0	395.979797464	395.979797464	1551799465.58	20	33	20	33
"3433"	9	1	1	2	0	0	45	100	0	0	395.979797464	395.979797464	1551799465.62	40	71	40	71
"3434"	9	1	1	2	0	0	45	100	0	0	395.979797464	395.979797464	1551799465.65	65	116	65	116
"3435"	9	1	1	2	0	0	45	100	0	0	395.979797464	395.979797464	1551799465.68	98	164	98	164
"3436"	9	1	1	2	0	0	45	100	0	0	395.979797464	395.979797464	1551799465.72	127	198	127	198
"3437"	9	1	1	2	0	0	45	100	0	0	395.979797464	395.979797464	1551799465.75	162	234	162	234
"3438"	9	1	1	2	0	0	45	100	0	0	395.979797464	395.979797464	1551799465.78	190	262	190	262
"3439"	9	1	1	2	0	0	45	100	0	0	395.979797464	395.979797464	1551799465.82	218	287	218	287
"3440"	9	1	1	2	0	0	45	100	0	0	395.979797464	395.979797464	1551799465.85	243	307	243	307
"3441"	9	1	1	2	0	0	45	100	0	0	395.979797464	395.979797464	1551799465.88	260	319	260	319
"3442"	9	1	1	2	0	0	45	100	0	0	395.979797464	395.979797464	1551799465.92	277	332	277	332
"3443"	9	1	1	2	0	0	45	100	0	0	395.979797464	395.979797464	1551799465.95	297	346	297	346
"3444"	9	1	1	2	0	0	45	100	0	0	395.979797464	395.979797464	1551799465.98	312	355	312	355
"3445"	9	1	1	2	0	0	45	100	0	0	395.979797464	395.979797464	1551799466.02	326	364	326	364
"3446"	9	1	1	2	0	0	45	100	0	0	395.979797464	395.979797464	1551799466.05	339	373	339	373
"3447"	9	1	1	2	0	0	45	100	0	0	395.979797464	395.979797464	1551799466.08	355	384	355	384
"3448"	9	1	1	2	0	0	45	100	0	0	395.979797464	395.979797464	1551799466.12	363	389	363	389
"3449"	9	1	1	2	0	0	45	100	0	0	395.979797464	395.979797464	1551799466.15	371	393	371	393
"3450"	9	1	1	2	0	0	45	100	0	0	395.979797464	395.979797464	1551799466.18	378	397	378	397
"3451"	9	1	1	2	0	0	45	100	0	0	395.979797464	395.979797464	1551799466.22	382	398	382	398
"3452"	9	1	1	2	0	0	45	100	0	0	395.979797464	395.979797464	1551799466.25	385	398	385	398
"3453"	9	1	1	2	0	0	45	100	0	0	395.979797464	395.979797464	1551799466.28	387	399	387	399
"3454"	9	1	1	3	0	0	135	100	0	0	-395.979797464	395.979797464	1551799467.4	-6	-3	-6	-3
"3455"	9	1	1	3	0	0	135	100	0	0	-395.979797464	395.979797464	1551799467.42	-6	-3	-6	-3
"3456"	9	1	1	3	0	0	135	100	0	0	-395.979797464	395.979797464	1551799467.45	-6	-3	-6	-3
"3457"	9	1	1	3	0	0	135	100	0	0	-395.979797464	395.979797464	1551799467.48	-7	-3	-7	-3
"3458"	9	1	1	3	0	0	135	100	0	0	-395.979797464	395.979797464	1551799467.52	-7	-3	-7	-3
"3459"	9	1	1	3	0	0	135	100	0	0	-395.979797464	395.979797464	1551799467.55	-7	-3	-7	-3
"3460"	9	1	1	3	0	0	135	100	0	0	-395.979797464	395.979797464	1551799467.58	-7	-2	-7	-2
"3461"	9	1	1	3	0	0	135	100	0	0	-395.979797464	395.979797464	1551799467.62	-7	-2	-7	-2
"3462"	9	1	1	3	0	0	135	100	0	0	-395.979797464	395.979797464	1551799467.65	-7	-2	-7	-2
"3463"	9	1	1	3	0	0	135	100	0	0	-395.979797464	395.979797464	1551799467.68	-8	-2	-8	-2
"3464"	9	1	1	3	0	0	135	100	0	0	-395.979797464	395.979797464	1551799467.72	-17	3	-17	3
"3465"	9	1	1	3	0	0	135	100	0	0	-395.979797464	395.979797464	1551799467.75	-30	11	-30	11
"3466"	9	1	1	3	0	0	135	100	0	0	-395.979797464	395.979797464	1551799467.78	-57	36	-57	36
"3467"	9	1	1	3	0	0	135	100	0	0	-395.979797464	395.979797464	1551799467.82	-88	64	-88	64
"3468"	9	1	1	3	0	0	135	100	0	0	-395.979797464	395.979797464	1551799467.85	-123	96	-123	96
"3469"	9	1	1	3	0	0	135	100	0	0	-395.979797464	395.979797464	1551799467.88	-154	124	-154	124
"3470"	9	1	1	3	0	0	135	100	0	0	-395.979797464	395.979797464	1551799467.92	-191	154	-191	154
"3471"	9	1	1	3	0	0	135	100	0	0	-395.979797464	395.979797464	1551799467.95	-229	176	-229	176
"3472"	9	1	1	3	0	0	135	100	0	0	-395.979797464	395.979797464	1551799467.98	-260	194	-260	194
"3473"	9	1	1	3	0	0	135	100	0	0	-395.979797464	395.979797464	1551799468.02	-293	217	-293	217
"3474"	9	1	1	3	0	0	135	100	0	0	-395.979797464	395.979797464	1551799468.05	-322	240	-322	240
"3475"	9	1	1	3	0	0	135	100	0	0	-395.979797464	395.979797464	1551799468.08	-344	259	-344	259
"3476"	9	1	1	3	0	0	135	100	0	0	-395.979797464	395.979797464	1551799468.12	-364	283	-364	283
"3477"	9	1	1	3	0	0	135	100	0	0	-395.979797464	395.979797464	1551799468.15	-382	306	-382	306
"3478"	9	1	1	3	0	0	135	100	0	0	-395.979797464	395.979797464	1551799468.18	-395	321	-395	321
"3479"	9	1	1	3	0	0	135	100	0	0	-395.979797464	395.979797464	1551799468.22	-406	335	-406	335
"3480"	9	1	1	3	0	0	135	100	0	0	-395.979797464	395.979797464	1551799468.25	-418	349	-418	349
"3481"	9	1	1	3	0	0	135	100	0	0	-395.979797464	395.979797464	1551799468.28	-428	357	-428	357
"3482"	9	1	1	3	0	0	135	100	0	0	-395.979797464	395.979797464	1551799468.32	-434	363	-434	363
"3483"	9	1	1	3	0	0	135	100	0	0	-395.979797464	395.979797464	1551799468.35	-438	367	-438	367
"3484"	9	1	1	3	0	0	135	100	0	0	-395.979797464	395.979797464	1551799468.38	-438	370	-438	370
"3485"	9	1	1	3	0	0	135	100	0	0	-395.979797464	395.979797464	1551799468.42	-435	372	-435	372
"3486"	9	1	1	3	0	0	135	100	0	0	-395.979797464	395.979797464	1551799468.45	-431	374	-431	374
"3487"	9	1	1	3	0	0	135	100	0	0	-395.979797464	395.979797464	1551799468.48	-423	375	-423	375
"3488"	9	1	1	3	0	0	135	100	0	0	-395.979797464	395.979797464	1551799468.52	-413	376	-413	376
"3489"	9	1	1	3	0	0	135	100	0	0	-395.979797464	395.979797464	1551799468.55	-406	377	-406	377
"3490"	9	1	1	3	0	0	135	100	0	0	-395.979797464	395.979797464	1551799468.58	-401	378	-401	378
"3491"	9	1	1	3	0	0	135	100	0	0	-395.979797464	395.979797464	1551799468.62	-398	379	-398	379
"3492"	9	1	1	3	0	0	135	100	0	0	-395.979797464	395.979797464	1551799468.65	-398	379	-398	379
"3493"	9	1	1	3	0	0	135	100	0	0	-395.979797464	395.979797464	1551799468.68	-398	379	-398	379
"3494"	9	1	1	3	0	0	135	100	0	0	-395.979797464	395.979797464	1551799468.72	-397	379	-397	379
"3495"	9	1	1	3	0	0	135	100	0	0	-395.979797464	395.979797464	1551799468.75	-397	381	-397	381
"3496"	9	1	1	3	0	0	135	100	0	0	-395.979797464	395.979797464	1551799468.78	-397	385	-397	385
"3497"	9	1	1	3	0	0	135	100	0	0	-395.979797464	395.979797464	1551799468.82	-397	391	-397	391
"3498"	9	1	1	3	0	0	135	100	0	0	-395.979797464	395.979797464	1551799468.85	-398	394	-398	394
"3499"	9	1	1	4	0	0	90	100	0	0	3.42901103761e-14	560	1551799470.33	2	-5	2	-5
"3500"	9	1	1	4	0	0	90	100	0	0	3.42901103761e-14	560	1551799470.35	2	-5	2	-5
"3501"	9	1	1	4	0	0	90	100	0	0	3.42901103761e-14	560	1551799470.39	2	-2	2	-2
"3502"	9	1	1	4	0	0	90	100	0	0	3.42901103761e-14	560	1551799470.42	3	2	3	2
"3503"	9	1	1	4	0	0	90	100	0	0	3.42901103761e-14	560	1551799470.45	2	14	2	14
"3504"	9	1	1	4	0	0	90	100	0	0	3.42901103761e-14	560	1551799470.49	1	29	1	29
"3505"	9	1	1	4	0	0	90	100	0	0	3.42901103761e-14	560	1551799470.52	-1	43	-1	43
"3506"	9	1	1	4	0	0	90	100	0	0	3.42901103761e-14	560	1551799470.55	-5	61	-5	61
"3507"	9	1	1	4	0	0	90	100	0	0	3.42901103761e-14	560	1551799470.59	-9	83	-9	83
"3508"	9	1	1	4	0	0	90	100	0	0	3.42901103761e-14	560	1551799470.62	-12	111	-12	111
"3509"	9	1	1	4	0	0	90	100	0	0	3.42901103761e-14	560	1551799470.65	-13	148	-13	148
"3510"	9	1	1	4	0	0	90	100	0	0	3.42901103761e-14	560	1551799470.69	-13	192	-13	192
"3511"	9	1	1	4	0	0	90	100	0	0	3.42901103761e-14	560	1551799470.72	-14	239	-14	239
"3512"	9	1	1	4	0	0	90	100	0	0	3.42901103761e-14	560	1551799470.75	-12	281	-12	281
"3513"	9	1	1	4	0	0	90	100	0	0	3.42901103761e-14	560	1551799470.79	-7	329	-7	329
"3514"	9	1	1	4	0	0	90	100	0	0	3.42901103761e-14	560	1551799470.82	-2	370	-2	370
"3515"	9	1	1	4	0	0	90	100	0	0	3.42901103761e-14	560	1551799470.85	0	399	0	399
"3516"	9	1	1	4	0	0	90	100	0	0	3.42901103761e-14	560	1551799470.89	0	427	0	427
"3517"	9	1	1	4	0	0	90	100	0	0	3.42901103761e-14	560	1551799470.92	-1	450	-1	450
"3518"	9	1	1	4	0	0	90	100	0	0	3.42901103761e-14	560	1551799470.95	-2	465	-2	465
"3519"	9	1	1	4	0	0	90	100	0	0	3.42901103761e-14	560	1551799470.99	-2	480	-2	480
"3520"	9	1	1	4	0	0	90	100	0	0	3.42901103761e-14	560	1551799471.02	-3	494	-3	494
"3521"	9	1	1	4	0	0	90	100	0	0	3.42901103761e-14	560	1551799471.05	-2	507	-2	507
"3522"	9	1	1	4	0	0	90	100	0	0	3.42901103761e-14	560	1551799471.09	-2	517	-2	517
"3523"	9	1	1	4	0	0	90	100	0	0	3.42901103761e-14	560	1551799471.12	-2	526	-2	526
"3524"	9	1	1	4	0	0	90	100	0	0	3.42901103761e-14	560	1551799471.15	-3	532	-3	532
"3525"	9	1	1	4	0	0	90	100	0	0	3.42901103761e-14	560	1551799471.19	-4	536	-4	536
"3526"	9	1	1	4	0	0	90	100	0	0	3.42901103761e-14	560	1551799471.22	-5	540	-5	540
"3527"	9	1	1	4	0	0	90	100	0	0	3.42901103761e-14	560	1551799471.25	-5	543	-5	543
"3528"	9	1	1	4	0	0	90	100	0	0	3.42901103761e-14	560	1551799471.29	-5	546	-5	546
"3529"	9	1	1	4	0	0	90	100	0	0	3.42901103761e-14	560	1551799471.32	-4	549	-4	549
"3530"	9	1	1	4	0	0	90	100	0	0	3.42901103761e-14	560	1551799471.35	-2	553	-2	553
"3531"	9	1	1	4	0	0	90	100	0	0	3.42901103761e-14	560	1551799471.39	-1	556	-1	556
"3532"	9	1	1	4	0	0	90	100	0	0	3.42901103761e-14	560	1551799471.42	-1	558	-1	558
"3533"	9	1	1	5	0	0	135	100	0	0	-395.979797464	395.979797464	1551799472.7	8	2	8	2
"3534"	9	1	1	5	0	0	135	100	0	0	-395.979797464	395.979797464	1551799472.72	7	3	7	3
"3535"	9	1	1	5	0	0	135	100	0	0	-395.979797464	395.979797464	1551799472.75	4	3	4	3
"3536"	9	1	1	5	0	0	135	100	0	0	-395.979797464	395.979797464	1551799472.79	1	3	1	3
"3537"	9	1	1	5	0	0	135	100	0	0	-395.979797464	395.979797464	1551799472.82	-2	4	-2	4
"3538"	9	1	1	5	0	0	135	100	0	0	-395.979797464	395.979797464	1551799472.85	-3	5	-3	5
"3539"	9	1	1	5	0	0	135	100	0	0	-395.979797464	395.979797464	1551799472.89	-4	5	-4	5
"3540"	9	1	1	5	0	0	135	100	0	0	-395.979797464	395.979797464	1551799472.92	-3	5	-3	5
"3541"	9	1	1	5	0	0	135	100	0	0	-395.979797464	395.979797464	1551799472.95	-3	5	-3	5
"3542"	9	1	1	5	0	0	135	100	0	0	-395.979797464	395.979797464	1551799472.99	-3	5	-3	5
"3543"	9	1	1	5	0	0	135	100	0	0	-395.979797464	395.979797464	1551799473.02	-3	7	-3	7
"3544"	9	1	1	5	0	0	135	100	0	0	-395.979797464	395.979797464	1551799473.05	-5	17	-5	17
"3545"	9	1	1	5	0	0	135	100	0	0	-395.979797464	395.979797464	1551799473.09	-13	31	-13	31
"3546"	9	1	1	5	0	0	135	100	0	0	-395.979797464	395.979797464	1551799473.12	-26	43	-26	43
"3547"	9	1	1	5	0	0	135	100	0	0	-395.979797464	395.979797464	1551799473.15	-56	66	-56	66
"3548"	9	1	1	5	0	0	135	100	0	0	-395.979797464	395.979797464	1551799473.19	-82	85	-82	85
"3549"	9	1	1	5	0	0	135	100	0	0	-395.979797464	395.979797464	1551799473.22	-115	111	-115	111
"3550"	9	1	1	5	0	0	135	100	0	0	-395.979797464	395.979797464	1551799473.25	-145	136	-145	136
"3551"	9	1	1	5	0	0	135	100	0	0	-395.979797464	395.979797464	1551799473.29	-180	168	-180	168
"3552"	9	1	1	5	0	0	135	100	0	0	-395.979797464	395.979797464	1551799473.32	-213	199	-213	199
"3553"	9	1	1	5	0	0	135	100	0	0	-395.979797464	395.979797464	1551799473.35	-238	227	-238	227
"3554"	9	1	1	5	0	0	135	100	0	0	-395.979797464	395.979797464	1551799473.39	-267	258	-267	258
"3555"	9	1	1	5	0	0	135	100	0	0	-395.979797464	395.979797464	1551799473.42	-292	287	-292	287
"3556"	9	1	1	5	0	0	135	100	0	0	-395.979797464	395.979797464	1551799473.45	-315	314	-315	314
"3557"	9	1	1	5	0	0	135	100	0	0	-395.979797464	395.979797464	1551799473.49	-334	336	-334	336
"3558"	9	1	1	5	0	0	135	100	0	0	-395.979797464	395.979797464	1551799473.52	-346	347	-346	347
"3559"	9	1	1	5	0	0	135	100	0	0	-395.979797464	395.979797464	1551799473.55	-363	361	-363	361
"3560"	9	1	1	5	0	0	135	100	0	0	-395.979797464	395.979797464	1551799473.59	-376	371	-376	371
"3561"	9	1	1	5	0	0	135	100	0	0	-395.979797464	395.979797464	1551799473.62	-388	380	-388	380
"3562"	9	1	1	5	0	0	135	100	0	0	-395.979797464	395.979797464	1551799473.65	-396	387	-396	387
"3563"	9	1	1	5	0	0	135	100	0	0	-395.979797464	395.979797464	1551799473.69	-400	390	-400	390
"3564"	9	1	1	5	0	0	135	100	0	0	-395.979797464	395.979797464	1551799473.72	-402	392	-402	392
"3565"	9	1	1	6	0	0	45	100	0	0	395.979797464	395.979797464	1551799474.9	-3	1	-3	1
"3566"	9	1	1	6	0	0	45	100	0	0	395.979797464	395.979797464	1551799474.92	-2	-1	-2	-1
"3567"	9	1	1	6	0	0	45	100	0	0	395.979797464	395.979797464	1551799474.96	-1	-4	-1	-4
"3568"	9	1	1	6	0	0	45	100	0	0	395.979797464	395.979797464	1551799474.99	0	-6	0	-6
"3569"	9	1	1	6	0	0	45	100	0	0	395.979797464	395.979797464	1551799475.02	0	-6	0	-6
"3570"	9	1	1	6	0	0	45	100	0	0	395.979797464	395.979797464	1551799475.06	0	-6	0	-6
"3571"	9	1	1	6	0	0	45	100	0	0	395.979797464	395.979797464	1551799475.09	0	-6	0	-6
"3572"	9	1	1	6	0	0	45	100	0	0	395.979797464	395.979797464	1551799475.12	0	-6	0	-6
"3573"	9	1	1	6	0	0	45	100	0	0	395.979797464	395.979797464	1551799475.16	0	-6	0	-6
"3574"	9	1	1	6	0	0	45	100	0	0	395.979797464	395.979797464	1551799475.19	0	-6	0	-6
"3575"	9	1	1	6	0	0	45	100	0	0	395.979797464	395.979797464	1551799475.22	2	-5	2	-5
"3576"	9	1	1	6	0	0	45	100	0	0	395.979797464	395.979797464	1551799475.26	8	3	8	3
"3577"	9	1	1	6	0	0	45	100	0	0	395.979797464	395.979797464	1551799475.29	26	28	26	28
"3578"	9	1	1	6	0	0	45	100	0	0	395.979797464	395.979797464	1551799475.32	48	55	48	55
"3579"	9	1	1	6	0	0	45	100	0	0	395.979797464	395.979797464	1551799475.36	78	93	78	93
"3580"	9	1	1	6	0	0	45	100	0	0	395.979797464	395.979797464	1551799475.39	113	133	113	133
"3581"	9	1	1	6	0	0	45	100	0	0	395.979797464	395.979797464	1551799475.42	150	169	150	169
"3582"	9	1	1	6	0	0	45	100	0	0	395.979797464	395.979797464	1551799475.46	180	195	180	195
"3583"	9	1	1	6	0	0	45	100	0	0	395.979797464	395.979797464	1551799475.49	212	222	212	222
"3584"	9	1	1	6	0	0	45	100	0	0	395.979797464	395.979797464	1551799475.52	241	245	241	245
"3585"	9	1	1	6	0	0	45	100	0	0	395.979797464	395.979797464	1551799475.56	263	262	263	262
"3586"	9	1	1	6	0	0	45	100	0	0	395.979797464	395.979797464	1551799475.59	285	278	285	278
"3587"	9	1	1	6	0	0	45	100	0	0	395.979797464	395.979797464	1551799475.62	303	291	303	291
"3588"	9	1	1	6	0	0	45	100	0	0	395.979797464	395.979797464	1551799475.66	322	307	322	307
"3589"	9	1	1	6	0	0	45	100	0	0	395.979797464	395.979797464	1551799475.69	335	317	335	317
"3590"	9	1	1	6	0	0	45	100	0	0	395.979797464	395.979797464	1551799475.72	351	330	351	330
"3591"	9	1	1	6	0	0	45	100	0	0	395.979797464	395.979797464	1551799475.76	366	343	366	343
"3592"	9	1	1	6	0	0	45	100	0	0	395.979797464	395.979797464	1551799475.79	377	353	377	353
"3593"	9	1	1	6	0	0	45	100	0	0	395.979797464	395.979797464	1551799475.82	388	363	388	363
"3594"	9	1	1	6	0	0	45	100	0	0	395.979797464	395.979797464	1551799475.86	397	373	397	373
"3595"	9	1	1	6	0	0	45	100	0	0	395.979797464	395.979797464	1551799475.89	403	380	403	380
"3596"	9	1	1	6	0	0	45	100	0	0	395.979797464	395.979797464	1551799475.92	408	387	408	387
"3597"	9	1	1	6	0	0	45	100	0	0	395.979797464	395.979797464	1551799475.96	411	393	411	393
"3598"	9	1	1	6	0	0	45	100	0	0	395.979797464	395.979797464	1551799475.99	412	398	412	398
"3599"	9	1	1	6	0	0	45	100	0	0	395.979797464	395.979797464	1551799476.02	413	403	413	403
"3600"	9	1	1	6	0	0	45	100	0	0	395.979797464	395.979797464	1551799476.06	413	406	413	406
"3601"	9	1	1	6	0	0	45	100	0	0	395.979797464	395.979797464	1551799476.09	412	408	412	408
"3602"	9	1	1	6	0	0	45	100	0	0	395.979797464	395.979797464	1551799476.12	411	408	411	408
"3603"	9	1	1	6	0	0	45	100	0	0	395.979797464	395.979797464	1551799476.16	409	406	409	406
"3604"	9	1	1	6	0	0	45	100	0	0	395.979797464	395.979797464	1551799476.19	404	403	404	403
"3605"	9	1	1	6	0	0	45	100	0	0	395.979797464	395.979797464	1551799476.22	400	399	400	399
"3606"	9	1	1	6	0	0	45	100	0	0	395.979797464	395.979797464	1551799476.26	397	396	397	396
"3607"	9	1	1	6	0	0	45	100	0	0	395.979797464	395.979797464	1551799476.29	396	394	396	394
"3608"	9	1	1	6	0	0	45	100	0	0	395.979797464	395.979797464	1551799476.32	395	392	395	392
"3609"	9	1	1	7	0	0	135	100	0	0	-395.979797464	395.979797464	1551799477.27	3	-3	3	-3
"3610"	9	1	1	7	0	0	135	100	0	0	-395.979797464	395.979797464	1551799477.29	3	-3	3	-3
"3611"	9	1	1	7	0	0	135	100	0	0	-395.979797464	395.979797464	1551799477.32	3	-3	3	-3
"3612"	9	1	1	7	0	0	135	100	0	0	-395.979797464	395.979797464	1551799477.36	3	-3	3	-3
"3613"	9	1	1	7	0	0	135	100	0	0	-395.979797464	395.979797464	1551799477.39	3	-3	3	-3
"3614"	9	1	1	7	0	0	135	100	0	0	-395.979797464	395.979797464	1551799477.42	3	-3	3	-3
"3615"	9	1	1	7	0	0	135	100	0	0	-395.979797464	395.979797464	1551799477.46	3	1	3	1
"3616"	9	1	1	7	0	0	135	100	0	0	-395.979797464	395.979797464	1551799477.49	2	7	2	7
"3617"	9	1	1	7	0	0	135	100	0	0	-395.979797464	395.979797464	1551799477.52	1	17	1	17
"3618"	9	1	1	7	0	0	135	100	0	0	-395.979797464	395.979797464	1551799477.56	-1	30	-1	30
"3619"	9	1	1	7	0	0	135	100	0	0	-395.979797464	395.979797464	1551799477.59	-4	52	-4	52
"3620"	9	1	1	7	0	0	135	100	0	0	-395.979797464	395.979797464	1551799477.62	-11	82	-11	82
"3621"	9	1	1	7	0	0	135	100	0	0	-395.979797464	395.979797464	1551799477.66	-21	102	-21	102
"3622"	9	1	1	7	0	0	135	100	0	0	-395.979797464	395.979797464	1551799477.69	-40	124	-40	124
"3623"	9	1	1	7	0	0	135	100	0	0	-395.979797464	395.979797464	1551799477.72	-63	140	-63	140
"3624"	9	1	1	7	0	0	135	100	0	0	-395.979797464	395.979797464	1551799477.76	-94	159	-94	159
"3625"	9	1	1	7	0	0	135	100	0	0	-395.979797464	395.979797464	1551799477.79	-127	179	-127	179
"3626"	9	1	1	7	0	0	135	100	0	0	-395.979797464	395.979797464	1551799477.82	-156	197	-156	197
"3627"	9	1	1	7	0	0	135	100	0	0	-395.979797464	395.979797464	1551799477.86	-190	221	-190	221
"3628"	9	1	1	7	0	0	135	100	0	0	-395.979797464	395.979797464	1551799477.89	-222	247	-222	247
"3629"	9	1	1	7	0	0	135	100	0	0	-395.979797464	395.979797464	1551799477.92	-251	272	-251	272
"3630"	9	1	1	7	0	0	135	100	0	0	-395.979797464	395.979797464	1551799477.96	-276	294	-276	294
"3631"	9	1	1	7	0	0	135	100	0	0	-395.979797464	395.979797464	1551799477.99	-295	313	-295	313
"3632"	9	1	1	7	0	0	135	100	0	0	-395.979797464	395.979797464	1551799478.02	-311	328	-311	328
"3633"	9	1	1	7	0	0	135	100	0	0	-395.979797464	395.979797464	1551799478.06	-324	339	-324	339
"3634"	9	1	1	7	0	0	135	100	0	0	-395.979797464	395.979797464	1551799478.09	-338	351	-338	351
"3635"	9	1	1	7	0	0	135	100	0	0	-395.979797464	395.979797464	1551799478.13	-350	359	-350	359
"3636"	9	1	1	7	0	0	135	100	0	0	-395.979797464	395.979797464	1551799478.16	-358	365	-358	365
"3637"	9	1	1	7	0	0	135	100	0	0	-395.979797464	395.979797464	1551799478.19	-364	370	-364	370
"3638"	9	1	1	7	0	0	135	100	0	0	-395.979797464	395.979797464	1551799478.23	-367	374	-367	374
"3639"	9	1	1	7	0	0	135	100	0	0	-395.979797464	395.979797464	1551799478.26	-370	377	-370	377
"3640"	9	1	1	7	0	0	135	100	0	0	-395.979797464	395.979797464	1551799478.29	-373	379	-373	379
"3641"	9	1	1	7	0	0	135	100	0	0	-395.979797464	395.979797464	1551799478.33	-377	382	-377	382
"3642"	9	1	1	7	0	0	135	100	0	0	-395.979797464	395.979797464	1551799478.36	-380	384	-380	384
"3643"	9	1	1	7	0	0	135	100	0	0	-395.979797464	395.979797464	1551799478.39	-383	386	-383	386
"3644"	9	1	1	7	0	0	135	100	0	0	-395.979797464	395.979797464	1551799478.43	-387	388	-387	388
"3645"	9	1	1	7	0	0	135	100	0	0	-395.979797464	395.979797464	1551799478.46	-391	391	-391	391
"3646"	9	1	1	7	0	0	135	100	0	0	-395.979797464	395.979797464	1551799478.49	-394	393	-394	393
"3647"	9	1	1	7	0	0	135	100	0	0	-395.979797464	395.979797464	1551799478.53	-396	395	-396	395
"3648"	9	1	1	7	0	0	135	100	0	0	-395.979797464	395.979797464	1551799478.56	-397	396	-397	396
"3649"	9	1	1	8	0	0	90	100	0	0	3.42901103761e-14	560	1551799479.74	-8	-1	-8	-1
"3650"	9	1	1	8	0	0	90	100	0	0	3.42901103761e-14	560	1551799479.76	-8	-1	-8	-1
"3651"	9	1	1	8	0	0	90	100	0	0	3.42901103761e-14	560	1551799479.79	-6	-1	-6	-1
"3652"	9	1	1	8	0	0	90	100	0	0	3.42901103761e-14	560	1551799479.83	-5	0	-5	0
"3653"	9	1	1	8	0	0	90	100	0	0	3.42901103761e-14	560	1551799479.86	-2	1	-2	1
"3654"	9	1	1	8	0	0	90	100	0	0	3.42901103761e-14	560	1551799479.89	0	2	0	2
"3655"	9	1	1	8	0	0	90	100	0	0	3.42901103761e-14	560	1551799479.93	0	2	0	2
"3656"	9	1	1	8	0	0	90	100	0	0	3.42901103761e-14	560	1551799479.96	1	2	1	2
"3657"	9	1	1	8	0	0	90	100	0	0	3.42901103761e-14	560	1551799479.99	1	2	1	2
"3658"	9	1	1	8	0	0	90	100	0	0	3.42901103761e-14	560	1551799480.03	1	2	1	2
"3659"	9	1	1	8	0	0	90	100	0	0	3.42901103761e-14	560	1551799480.06	1	2	1	2
"3660"	9	1	1	8	0	0	90	100	0	0	3.42901103761e-14	560	1551799480.09	-1	6	-1	6
"3661"	9	1	1	8	0	0	90	100	0	0	3.42901103761e-14	560	1551799480.13	-4	17	-4	17
"3662"	9	1	1	8	0	0	90	100	0	0	3.42901103761e-14	560	1551799480.16	-7	36	-7	36
"3663"	9	1	1	8	0	0	90	100	0	0	3.42901103761e-14	560	1551799480.19	-10	61	-10	61
"3664"	9	1	1	8	0	0	90	100	0	0	3.42901103761e-14	560	1551799480.23	-12	91	-12	91
"3665"	9	1	1	8	0	0	90	100	0	0	3.42901103761e-14	560	1551799480.26	-13	119	-13	119
"3666"	9	1	1	8	0	0	90	100	0	0	3.42901103761e-14	560	1551799480.29	-15	152	-15	152
"3667"	9	1	1	8	0	0	90	100	0	0	3.42901103761e-14	560	1551799480.33	-19	184	-19	184
"3668"	9	1	1	8	0	0	90	100	0	0	3.42901103761e-14	560	1551799480.36	-23	214	-23	214
"3669"	9	1	1	8	0	0	90	100	0	0	3.42901103761e-14	560	1551799480.39	-26	247	-26	247
"3670"	9	1	1	8	0	0	90	100	0	0	3.42901103761e-14	560	1551799480.43	-30	281	-30	281
"3671"	9	1	1	8	0	0	90	100	0	0	3.42901103761e-14	560	1551799480.46	-32	315	-32	315
"3672"	9	1	1	8	0	0	90	100	0	0	3.42901103761e-14	560	1551799480.49	-33	342	-33	342
"3673"	9	1	1	8	0	0	90	100	0	0	3.42901103761e-14	560	1551799480.53	-33	372	-33	372
"3674"	9	1	1	8	0	0	90	100	0	0	3.42901103761e-14	560	1551799480.56	-31	401	-31	401
"3675"	9	1	1	8	0	0	90	100	0	0	3.42901103761e-14	560	1551799480.59	-29	424	-29	424
"3676"	9	1	1	8	0	0	90	100	0	0	3.42901103761e-14	560	1551799480.63	-26	447	-26	447
"3677"	9	1	1	8	0	0	90	100	0	0	3.42901103761e-14	560	1551799480.66	-23	464	-23	464
"3678"	9	1	1	8	0	0	90	100	0	0	3.42901103761e-14	560	1551799480.69	-20	480	-20	480
"3679"	9	1	1	8	0	0	90	100	0	0	3.42901103761e-14	560	1551799480.73	-18	492	-18	492
"3680"	9	1	1	8	0	0	90	100	0	0	3.42901103761e-14	560	1551799480.76	-16	502	-16	502
"3681"	9	1	1	8	0	0	90	100	0	0	3.42901103761e-14	560	1551799480.79	-14	511	-14	511
"3682"	9	1	1	8	0	0	90	100	0	0	3.42901103761e-14	560	1551799480.83	-14	518	-14	518
"3683"	9	1	1	8	0	0	90	100	0	0	3.42901103761e-14	560	1551799480.86	-13	525	-13	525
"3684"	9	1	1	8	0	0	90	100	0	0	3.42901103761e-14	560	1551799480.89	-11	533	-11	533
"3685"	9	1	1	8	0	0	90	100	0	0	3.42901103761e-14	560	1551799480.93	-10	539	-10	539
"3686"	9	1	1	8	0	0	90	100	0	0	3.42901103761e-14	560	1551799480.96	-9	545	-9	545
"3687"	9	1	1	8	0	0	90	100	0	0	3.42901103761e-14	560	1551799480.99	-8	552	-8	552
"3688"	9	1	1	8	0	0	90	100	0	0	3.42901103761e-14	560	1551799481.03	-8	556	-8	556
"3689"	9	1	1	8	0	0	90	100	0	0	3.42901103761e-14	560	1551799481.06	-7	558	-7	558
"3690"	9	1	1	9	0	0	45	100	0	0	395.979797464	395.979797464	1551799482.54	-7	-2	-7	-2
"3691"	9	1	1	9	0	0	45	100	0	0	395.979797464	395.979797464	1551799482.56	-7	-2	-7	-2
"3692"	9	1	1	9	0	0	45	100	0	0	395.979797464	395.979797464	1551799482.6	-7	-2	-7	-2
"3693"	9	1	1	9	0	0	45	100	0	0	395.979797464	395.979797464	1551799482.63	-7	-2	-7	-2
"3694"	9	1	1	9	0	0	45	100	0	0	395.979797464	395.979797464	1551799482.66	-7	-2	-7	-2
"3695"	9	1	1	9	0	0	45	100	0	0	395.979797464	395.979797464	1551799482.7	-6	-1	-6	-1
"3696"	9	1	1	9	0	0	45	100	0	0	395.979797464	395.979797464	1551799482.73	-5	-1	-5	-1
"3697"	9	1	1	9	0	0	45	100	0	0	395.979797464	395.979797464	1551799482.76	-3	1	-3	1
"3698"	9	1	1	9	0	0	45	100	0	0	395.979797464	395.979797464	1551799482.8	-2	3	-2	3
"3699"	9	1	1	9	0	0	45	100	0	0	395.979797464	395.979797464	1551799482.83	1	5	1	5
"3700"	9	1	1	9	0	0	45	100	0	0	395.979797464	395.979797464	1551799482.86	7	11	7	11
"3701"	9	1	1	9	0	0	45	100	0	0	395.979797464	395.979797464	1551799482.9	24	27	24	27
"3702"	9	1	1	9	0	0	45	100	0	0	395.979797464	395.979797464	1551799482.93	47	51	47	51
"3703"	9	1	1	9	0	0	45	100	0	0	395.979797464	395.979797464	1551799482.96	75	84	75	84
"3704"	9	1	1	9	0	0	45	100	0	0	395.979797464	395.979797464	1551799483	108	120	108	120
"3705"	9	1	1	9	0	0	45	100	0	0	395.979797464	395.979797464	1551799483.03	134	149	134	149
"3706"	9	1	1	9	0	0	45	100	0	0	395.979797464	395.979797464	1551799483.06	167	183	167	183
"3707"	9	1	1	9	0	0	45	100	0	0	395.979797464	395.979797464	1551799483.1	198	212	198	212
"3708"	9	1	1	9	0	0	45	100	0	0	395.979797464	395.979797464	1551799483.13	232	238	232	238
"3709"	9	1	1	9	0	0	45	100	0	0	395.979797464	395.979797464	1551799483.16	264	262	264	262
"3710"	9	1	1	9	0	0	45	100	0	0	395.979797464	395.979797464	1551799483.2	292	282	292	282
"3711"	9	1	1	9	0	0	45	100	0	0	395.979797464	395.979797464	1551799483.23	316	301	316	301
"3712"	9	1	1	9	0	0	45	100	0	0	395.979797464	395.979797464	1551799483.26	332	313	332	313
"3713"	9	1	1	9	0	0	45	100	0	0	395.979797464	395.979797464	1551799483.3	347	322	347	322
"3714"	9	1	1	9	0	0	45	100	0	0	395.979797464	395.979797464	1551799483.33	359	331	359	331
"3715"	9	1	1	9	0	0	45	100	0	0	395.979797464	395.979797464	1551799483.36	366	337	366	337
"3716"	9	1	1	9	0	0	45	100	0	0	395.979797464	395.979797464	1551799483.4	370	341	370	341
"3717"	9	1	1	9	0	0	45	100	0	0	395.979797464	395.979797464	1551799483.43	371	344	371	344
"3718"	9	1	1	9	0	0	45	100	0	0	395.979797464	395.979797464	1551799483.46	371	350	371	350
"3719"	9	1	1	9	0	0	45	100	0	0	395.979797464	395.979797464	1551799483.5	371	355	371	355
"3720"	9	1	1	9	0	0	45	100	0	0	395.979797464	395.979797464	1551799483.53	373	362	373	362
"3721"	9	1	1	9	0	0	45	100	0	0	395.979797464	395.979797464	1551799483.56	376	369	376	369
"3722"	9	1	1	9	0	0	45	100	0	0	395.979797464	395.979797464	1551799483.6	380	376	380	376
"3723"	9	1	1	9	0	0	45	100	0	0	395.979797464	395.979797464	1551799483.63	384	383	384	383
"3724"	9	1	1	9	0	0	45	100	0	0	395.979797464	395.979797464	1551799483.66	389	390	389	390
"3725"	9	1	1	9	0	0	45	100	0	0	395.979797464	395.979797464	1551799483.7	393	395	393	395
"3726"	9	1	1	9	0	0	45	100	0	0	395.979797464	395.979797464	1551799483.73	396	399	396	399
"3727"	9	1	1	9	0	0	45	100	0	0	395.979797464	395.979797464	1551799483.76	397	401	397	401
"3728"	9	1	1	9	0	0	45	100	0	0	395.979797464	395.979797464	1551799483.8	398	402	398	402
"3729"	9	1	1	10	0	0	45	100	0	0	395.979797464	395.979797464	1551799484.88	8	-6	8	-6
"3730"	9	1	1	10	0	0	45	100	0	0	395.979797464	395.979797464	1551799484.9	7	-5	7	-5
"3731"	9	1	1	10	0	0	45	100	0	0	395.979797464	395.979797464	1551799484.93	5	-4	5	-4
"3732"	9	1	1	10	0	0	45	100	0	0	395.979797464	395.979797464	1551799484.96	2	-3	2	-3
"3733"	9	1	1	10	0	0	45	100	0	0	395.979797464	395.979797464	1551799485	0	-2	0	-2
"3734"	9	1	1	10	0	0	45	100	0	0	395.979797464	395.979797464	1551799485.03	-1	-2	-1	-2
"3735"	9	1	1	10	0	0	45	100	0	0	395.979797464	395.979797464	1551799485.06	-2	-2	-2	-2
"3736"	9	1	1	10	0	0	45	100	0	0	395.979797464	395.979797464	1551799485.1	-2	-1	-2	-1
"3737"	9	1	1	10	0	0	45	100	0	0	395.979797464	395.979797464	1551799485.13	-3	-1	-3	-1
"3738"	9	1	1	10	0	0	45	100	0	0	395.979797464	395.979797464	1551799485.16	-2	-1	-2	-1
"3739"	9	1	1	10	0	0	45	100	0	0	395.979797464	395.979797464	1551799485.2	-2	-1	-2	-1
"3740"	9	1	1	10	0	0	45	100	0	0	395.979797464	395.979797464	1551799485.23	1	4	1	4
"3741"	9	1	1	10	0	0	45	100	0	0	395.979797464	395.979797464	1551799485.26	12	18	12	18
"3742"	9	1	1	10	0	0	45	100	0	0	395.979797464	395.979797464	1551799485.3	31	42	31	42
"3743"	9	1	1	10	0	0	45	100	0	0	395.979797464	395.979797464	1551799485.33	55	71	55	71
"3744"	9	1	1	10	0	0	45	100	0	0	395.979797464	395.979797464	1551799485.36	85	104	85	104
"3745"	9	1	1	10	0	0	45	100	0	0	395.979797464	395.979797464	1551799485.4	119	137	119	137
"3746"	9	1	1	10	0	0	45	100	0	0	395.979797464	395.979797464	1551799485.43	151	165	151	165
"3747"	9	1	1	10	0	0	45	100	0	0	395.979797464	395.979797464	1551799485.46	188	197	188	197
"3748"	9	1	1	10	0	0	45	100	0	0	395.979797464	395.979797464	1551799485.5	223	227	223	227
"3749"	9	1	1	10	0	0	45	100	0	0	395.979797464	395.979797464	1551799485.53	250	251	250	251
"3750"	9	1	1	10	0	0	45	100	0	0	395.979797464	395.979797464	1551799485.56	277	277	277	277
"3751"	9	1	1	10	0	0	45	100	0	0	395.979797464	395.979797464	1551799485.6	301	303	301	303
"3752"	9	1	1	10	0	0	45	100	0	0	395.979797464	395.979797464	1551799485.63	318	322	318	322
"3753"	9	1	1	10	0	0	45	100	0	0	395.979797464	395.979797464	1551799485.66	332	338	332	338
"3754"	9	1	1	10	0	0	45	100	0	0	395.979797464	395.979797464	1551799485.7	346	353	346	353
"3755"	9	1	1	10	0	0	45	100	0	0	395.979797464	395.979797464	1551799485.73	358	366	358	366
"3756"	9	1	1	10	0	0	45	100	0	0	395.979797464	395.979797464	1551799485.76	366	375	366	375
"3757"	9	1	1	10	0	0	45	100	0	0	395.979797464	395.979797464	1551799485.8	375	383	375	383
"3758"	9	1	1	10	0	0	45	100	0	0	395.979797464	395.979797464	1551799485.83	381	389	381	389
"3759"	9	1	1	10	0	0	45	100	0	0	395.979797464	395.979797464	1551799485.86	386	393	386	393
"3760"	9	1	1	10	0	0	45	100	0	0	395.979797464	395.979797464	1551799485.9	390	396	390	396
"3761"	9	1	1	10	0	0	45	100	0	0	395.979797464	395.979797464	1551799485.93	393	398	393	398
"3762"	9	1	1	10	0	0	45	100	0	0	395.979797464	395.979797464	1551799485.96	397	400	397	400
"3763"	9	1	1	10	0	0	45	100	0	0	395.979797464	395.979797464	1551799486	398	401	398	401
"3764"	9	1	1	11	0	0	90	100	0	0	3.42901103761e-14	560	1551799487.31	0	4	0	4
"3765"	9	1	1	11	0	0	90	100	0	0	3.42901103761e-14	560	1551799487.33	0	4	0	4
"3766"	9	1	1	11	0	0	90	100	0	0	3.42901103761e-14	560	1551799487.37	0	4	0	4
"3767"	9	1	1	11	0	0	90	100	0	0	3.42901103761e-14	560	1551799487.4	0	4	0	4
"3768"	9	1	1	11	0	0	90	100	0	0	3.42901103761e-14	560	1551799487.43	1	4	1	4
"3769"	9	1	1	11	0	0	90	100	0	0	3.42901103761e-14	560	1551799487.47	1	4	1	4
"3770"	9	1	1	11	0	0	90	100	0	0	3.42901103761e-14	560	1551799487.5	1	3	1	3
"3771"	9	1	1	11	0	0	90	100	0	0	3.42901103761e-14	560	1551799487.53	1	2	1	2
"3772"	9	1	1	11	0	0	90	100	0	0	3.42901103761e-14	560	1551799487.57	1	1	1	1
"3773"	9	1	1	11	0	0	90	100	0	0	3.42901103761e-14	560	1551799487.6	2	0	2	0
"3774"	9	1	1	11	0	0	90	100	0	0	3.42901103761e-14	560	1551799487.63	2	0	2	0
"3775"	9	1	1	11	0	0	90	100	0	0	3.42901103761e-14	560	1551799487.67	1	1	1	1
"3776"	9	1	1	11	0	0	90	100	0	0	3.42901103761e-14	560	1551799487.7	0	9	0	9
"3777"	9	1	1	11	0	0	90	100	0	0	3.42901103761e-14	560	1551799487.73	-1	23	-1	23
"3778"	9	1	1	11	0	0	90	100	0	0	3.42901103761e-14	560	1551799487.77	-5	53	-5	53
"3779"	9	1	1	11	0	0	90	100	0	0	3.42901103761e-14	560	1551799487.8	-9	87	-9	87
"3780"	9	1	1	11	0	0	90	100	0	0	3.42901103761e-14	560	1551799487.83	-13	118	-13	118
"3781"	9	1	1	11	0	0	90	100	0	0	3.42901103761e-14	560	1551799487.87	-18	157	-18	157
"3782"	9	1	1	11	0	0	90	100	0	0	3.42901103761e-14	560	1551799487.9	-22	198	-22	198
"3783"	9	1	1	11	0	0	90	100	0	0	3.42901103761e-14	560	1551799487.93	-26	241	-26	241
"3784"	9	1	1	11	0	0	90	100	0	0	3.42901103761e-14	560	1551799487.97	-27	277	-27	277
"3785"	9	1	1	11	0	0	90	100	0	0	3.42901103761e-14	560	1551799488	-28	318	-28	318
"3786"	9	1	1	11	0	0	90	100	0	0	3.42901103761e-14	560	1551799488.03	-28	354	-28	354
"3787"	9	1	1	11	0	0	90	100	0	0	3.42901103761e-14	560	1551799488.07	-27	384	-27	384
"3788"	9	1	1	11	0	0	90	100	0	0	3.42901103761e-14	560	1551799488.1	-26	414	-26	414
"3789"	9	1	1	11	0	0	90	100	0	0	3.42901103761e-14	560	1551799488.13	-24	440	-24	440
"3790"	9	1	1	11	0	0	90	100	0	0	3.42901103761e-14	560	1551799488.17	-21	457	-21	457
"3791"	9	1	1	11	0	0	90	100	0	0	3.42901103761e-14	560	1551799488.2	-19	473	-19	473
"3792"	9	1	1	11	0	0	90	100	0	0	3.42901103761e-14	560	1551799488.23	-15	487	-15	487
"3793"	9	1	1	11	0	0	90	100	0	0	3.42901103761e-14	560	1551799488.27	-12	497	-12	497
"3794"	9	1	1	11	0	0	90	100	0	0	3.42901103761e-14	560	1551799488.3	-10	502	-10	502
"3795"	9	1	1	11	0	0	90	100	0	0	3.42901103761e-14	560	1551799488.33	-8	508	-8	508
"3796"	9	1	1	11	0	0	90	100	0	0	3.42901103761e-14	560	1551799488.37	-6	513	-6	513
"3797"	9	1	1	11	0	0	90	100	0	0	3.42901103761e-14	560	1551799488.4	-5	517	-5	517
"3798"	9	1	1	11	0	0	90	100	0	0	3.42901103761e-14	560	1551799488.43	-3	523	-3	523
"3799"	9	1	1	11	0	0	90	100	0	0	3.42901103761e-14	560	1551799488.47	-1	529	-1	529
"3800"	9	1	1	11	0	0	90	100	0	0	3.42901103761e-14	560	1551799488.5	0	537	0	537
"3801"	9	1	1	11	0	0	90	100	0	0	3.42901103761e-14	560	1551799488.53	1	542	1	542
"3802"	9	1	1	11	0	0	90	100	0	0	3.42901103761e-14	560	1551799488.57	0	548	0	548
"3803"	9	1	1	11	0	0	90	100	0	0	3.42901103761e-14	560	1551799488.6	0	553	0	553
"3804"	9	1	1	11	0	0	90	100	0	0	3.42901103761e-14	560	1551799488.63	-1	557	-1	557
"3805"	9	1	1	11	0	0	90	100	0	0	3.42901103761e-14	560	1551799488.67	-1	560	-1	560
"3806"	9	1	1	11	0	0	90	100	0	0	3.42901103761e-14	560	1551799488.7	-1	562	-1	562
"3807"	9	1	1	12	0	0	135	100	0	0	-395.979797464	395.979797464	1551799489.95	0	4	0	4
"3808"	9	1	1	12	0	0	135	100	0	0	-395.979797464	395.979797464	1551799489.97	0	4	0	4
"3809"	9	1	1	12	0	0	135	100	0	0	-395.979797464	395.979797464	1551799490	0	4	0	4
"3810"	9	1	1	12	0	0	135	100	0	0	-395.979797464	395.979797464	1551799490.03	0	4	0	4
"3811"	9	1	1	12	0	0	135	100	0	0	-395.979797464	395.979797464	1551799490.07	0	4	0	4
"3812"	9	1	1	12	0	0	135	100	0	0	-395.979797464	395.979797464	1551799490.1	0	4	0	4
"3813"	9	1	1	12	0	0	135	100	0	0	-395.979797464	395.979797464	1551799490.13	0	4	0	4
"3814"	9	1	1	12	0	0	135	100	0	0	-395.979797464	395.979797464	1551799490.17	0	4	0	4
"3815"	9	1	1	12	0	0	135	100	0	0	-395.979797464	395.979797464	1551799490.2	0	4	0	4
"3816"	9	1	1	12	0	0	135	100	0	0	-395.979797464	395.979797464	1551799490.23	0	4	0	4
"3817"	9	1	1	12	0	0	135	100	0	0	-395.979797464	395.979797464	1551799490.27	-1	5	-1	5
"3818"	9	1	1	12	0	0	135	100	0	0	-395.979797464	395.979797464	1551799490.3	-10	10	-10	10
"3819"	9	1	1	12	0	0	135	100	0	0	-395.979797464	395.979797464	1551799490.33	-23	22	-23	22
"3820"	9	1	1	12	0	0	135	100	0	0	-395.979797464	395.979797464	1551799490.37	-50	46	-50	46
"3821"	9	1	1	12	0	0	135	100	0	0	-395.979797464	395.979797464	1551799490.4	-80	71	-80	71
"3822"	9	1	1	12	0	0	135	100	0	0	-395.979797464	395.979797464	1551799490.43	-115	98	-115	98
"3823"	9	1	1	12	0	0	135	100	0	0	-395.979797464	395.979797464	1551799490.47	-155	129	-155	129
"3824"	9	1	1	12	0	0	135	100	0	0	-395.979797464	395.979797464	1551799490.5	-190	157	-190	157
"3825"	9	1	1	12	0	0	135	100	0	0	-395.979797464	395.979797464	1551799490.53	-228	192	-228	192
"3826"	9	1	1	12	0	0	135	100	0	0	-395.979797464	395.979797464	1551799490.57	-258	222	-258	222
"3827"	9	1	1	12	0	0	135	100	0	0	-395.979797464	395.979797464	1551799490.6	-289	256	-289	256
"3828"	9	1	1	12	0	0	135	100	0	0	-395.979797464	395.979797464	1551799490.63	-314	286	-314	286
"3829"	9	1	1	12	0	0	135	100	0	0	-395.979797464	395.979797464	1551799490.67	-333	309	-333	309
"3830"	9	1	1	12	0	0	135	100	0	0	-395.979797464	395.979797464	1551799490.7	-354	333	-354	333
"3831"	9	1	1	12	0	0	135	100	0	0	-395.979797464	395.979797464	1551799490.73	-363	345	-363	345
"3832"	9	1	1	12	0	0	135	100	0	0	-395.979797464	395.979797464	1551799490.77	-373	360	-373	360
"3833"	9	1	1	12	0	0	135	100	0	0	-395.979797464	395.979797464	1551799490.8	-381	371	-381	371
"3834"	9	1	1	12	0	0	135	100	0	0	-395.979797464	395.979797464	1551799490.83	-387	378	-387	378
"3835"	9	1	1	12	0	0	135	100	0	0	-395.979797464	395.979797464	1551799490.87	-392	383	-392	383
"3836"	9	1	1	12	0	0	135	100	0	0	-395.979797464	395.979797464	1551799490.9	-395	387	-395	387
"3837"	9	1	1	12	0	0	135	100	0	0	-395.979797464	395.979797464	1551799490.93	-396	390	-396	390
"3838"	9	1	1	12	0	0	135	100	0	0	-395.979797464	395.979797464	1551799490.97	-397	392	-397	392
"3839"	9	1	1	12	0	0	135	100	0	0	-395.979797464	395.979797464	1551799491	-396	394	-396	394
"3840"	9	1	1	12	0	0	135	100	0	0	-395.979797464	395.979797464	1551799491.03	-395	396	-395	396
"3841"	9	1	1	12	0	0	135	100	0	0	-395.979797464	395.979797464	1551799491.07	-395	398	-395	398
"3842"	9	1	1	13	0	0	135	100	0	0	-395.979797464	395.979797464	1551799492.11	4	-6	4	-6
"3843"	9	1	1	13	0	0	135	100	0	0	-395.979797464	395.979797464	1551799492.14	4	-6	4	-6
"3844"	9	1	1	13	0	0	135	100	0	0	-395.979797464	395.979797464	1551799492.17	4	-6	4	-6
"3845"	9	1	1	13	0	0	135	100	0	0	-395.979797464	395.979797464	1551799492.2	4	-6	4	-6
"3846"	9	1	1	13	0	0	135	100	0	0	-395.979797464	395.979797464	1551799492.24	4	-6	4	-6
"3847"	9	1	1	13	0	0	135	100	0	0	-395.979797464	395.979797464	1551799492.27	4	-6	4	-6
"3848"	9	1	1	13	0	0	135	100	0	0	-395.979797464	395.979797464	1551799492.3	4	-6	4	-6
"3849"	9	1	1	13	0	0	135	100	0	0	-395.979797464	395.979797464	1551799492.34	4	-5	4	-5
"3850"	9	1	1	13	0	0	135	100	0	0	-395.979797464	395.979797464	1551799492.37	2	-2	2	-2
"3851"	9	1	1	13	0	0	135	100	0	0	-395.979797464	395.979797464	1551799492.4	1	0	1	0
"3852"	9	1	1	13	0	0	135	100	0	0	-395.979797464	395.979797464	1551799492.44	-1	3	-1	3
"3853"	9	1	1	13	0	0	135	100	0	0	-395.979797464	395.979797464	1551799492.47	-9	9	-9	9
"3854"	9	1	1	13	0	0	135	100	0	0	-395.979797464	395.979797464	1551799492.5	-31	18	-31	18
"3855"	9	1	1	13	0	0	135	100	0	0	-395.979797464	395.979797464	1551799492.54	-55	27	-55	27
"3856"	9	1	1	13	0	0	135	100	0	0	-395.979797464	395.979797464	1551799492.57	-86	45	-86	45
"3857"	9	1	1	13	0	0	135	100	0	0	-395.979797464	395.979797464	1551799492.6	-117	73	-117	73
"3858"	9	1	1	13	0	0	135	100	0	0	-395.979797464	395.979797464	1551799492.64	-149	105	-149	105
"3859"	9	1	1	13	0	0	135	100	0	0	-395.979797464	395.979797464	1551799492.67	-178	134	-178	134
"3860"	9	1	1	13	0	0	135	100	0	0	-395.979797464	395.979797464	1551799492.7	-211	169	-211	169
"3861"	9	1	1	13	0	0	135	100	0	0	-395.979797464	395.979797464	1551799492.74	-242	203	-242	203
"3862"	9	1	1	13	0	0	135	100	0	0	-395.979797464	395.979797464	1551799492.77	-267	232	-267	232
"3863"	9	1	1	13	0	0	135	100	0	0	-395.979797464	395.979797464	1551799492.8	-294	264	-294	264
"3864"	9	1	1	13	0	0	135	100	0	0	-395.979797464	395.979797464	1551799492.84	-317	292	-317	292
"3865"	9	1	1	13	0	0	135	100	0	0	-395.979797464	395.979797464	1551799492.87	-335	313	-335	313
"3866"	9	1	1	13	0	0	135	100	0	0	-395.979797464	395.979797464	1551799492.9	-349	328	-349	328
"3867"	9	1	1	13	0	0	135	100	0	0	-395.979797464	395.979797464	1551799492.94	-363	344	-363	344
"3868"	9	1	1	13	0	0	135	100	0	0	-395.979797464	395.979797464	1551799492.97	-374	356	-374	356
"3869"	9	1	1	13	0	0	135	100	0	0	-395.979797464	395.979797464	1551799493	-379	364	-379	364
"3870"	9	1	1	13	0	0	135	100	0	0	-395.979797464	395.979797464	1551799493.04	-383	371	-383	371
"3871"	9	1	1	13	0	0	135	100	0	0	-395.979797464	395.979797464	1551799493.07	-384	376	-384	376
"3872"	9	1	1	13	0	0	135	100	0	0	-395.979797464	395.979797464	1551799493.1	-383	380	-383	380
"3873"	9	1	1	13	0	0	135	100	0	0	-395.979797464	395.979797464	1551799493.14	-382	384	-382	384
"3874"	9	1	1	13	0	0	135	100	0	0	-395.979797464	395.979797464	1551799493.17	-381	388	-381	388
"3875"	9	1	1	13	0	0	135	100	0	0	-395.979797464	395.979797464	1551799493.2	-381	393	-381	393
"3876"	9	1	1	13	0	0	135	100	0	0	-395.979797464	395.979797464	1551799493.24	-381	397	-381	397
"3877"	9	1	1	13	0	0	135	100	0	0	-395.979797464	395.979797464	1551799493.27	-383	402	-383	402
"3878"	9	1	1	13	0	0	135	100	0	0	-395.979797464	395.979797464	1551799493.3	-384	405	-384	405
"3879"	9	1	1	13	0	0	135	100	0	0	-395.979797464	395.979797464	1551799493.34	-385	407	-385	407
"3880"	9	1	1	13	0	0	135	100	0	0	-395.979797464	395.979797464	1551799493.37	-387	407	-387	407
"3881"	9	1	1	13	0	0	135	100	0	0	-395.979797464	395.979797464	1551799493.4	-389	408	-389	408
"3882"	9	1	1	14	0	0	90	100	0	0	3.42901103761e-14	560	1551799494.75	5	1	5	1
"3883"	9	1	1	14	0	0	90	100	0	0	3.42901103761e-14	560	1551799494.77	5	1	5	1
"3884"	9	1	1	14	0	0	90	100	0	0	3.42901103761e-14	560	1551799494.8	5	1	5	1
"3885"	9	1	1	14	0	0	90	100	0	0	3.42901103761e-14	560	1551799494.84	5	1	5	1
"3886"	9	1	1	14	0	0	90	100	0	0	3.42901103761e-14	560	1551799494.87	5	1	5	1
"3887"	9	1	1	14	0	0	90	100	0	0	3.42901103761e-14	560	1551799494.9	4	1	4	1
"3888"	9	1	1	14	0	0	90	100	0	0	3.42901103761e-14	560	1551799494.94	4	1	4	1
"3889"	9	1	1	14	0	0	90	100	0	0	3.42901103761e-14	560	1551799494.97	4	1	4	1
"3890"	9	1	1	14	0	0	90	100	0	0	3.42901103761e-14	560	1551799495	4	1	4	1
"3891"	9	1	1	14	0	0	90	100	0	0	3.42901103761e-14	560	1551799495.04	4	1	4	1
"3892"	9	1	1	14	0	0	90	100	0	0	3.42901103761e-14	560	1551799495.07	4	1	4	1
"3893"	9	1	1	14	0	0	90	100	0	0	3.42901103761e-14	560	1551799495.1	2	9	2	9
"3894"	9	1	1	14	0	0	90	100	0	0	3.42901103761e-14	560	1551799495.14	0	22	0	22
"3895"	9	1	1	14	0	0	90	100	0	0	3.42901103761e-14	560	1551799495.17	-2	58	-2	58
"3896"	9	1	1	14	0	0	90	100	0	0	3.42901103761e-14	560	1551799495.2	-4	89	-4	89
"3897"	9	1	1	14	0	0	90	100	0	0	3.42901103761e-14	560	1551799495.24	-5	130	-5	130
"3898"	9	1	1	14	0	0	90	100	0	0	3.42901103761e-14	560	1551799495.27	-8	175	-8	175
"3899"	9	1	1	14	0	0	90	100	0	0	3.42901103761e-14	560	1551799495.3	-11	214	-11	214
"3900"	9	1	1	14	0	0	90	100	0	0	3.42901103761e-14	560	1551799495.34	-15	260	-15	260
"3901"	9	1	1	14	0	0	90	100	0	0	3.42901103761e-14	560	1551799495.37	-18	299	-18	299
"3902"	9	1	1	14	0	0	90	100	0	0	3.42901103761e-14	560	1551799495.4	-19	343	-19	343
"3903"	9	1	1	14	0	0	90	100	0	0	3.42901103761e-14	560	1551799495.44	-19	383	-19	383
"3904"	9	1	1	14	0	0	90	100	0	0	3.42901103761e-14	560	1551799495.47	-17	418	-17	418
"3905"	9	1	1	14	0	0	90	100	0	0	3.42901103761e-14	560	1551799495.51	-15	449	-15	449
"3906"	9	1	1	14	0	0	90	100	0	0	3.42901103761e-14	560	1551799495.54	-13	471	-13	471
"3907"	9	1	1	14	0	0	90	100	0	0	3.42901103761e-14	560	1551799495.57	-10	493	-10	493
"3908"	9	1	1	14	0	0	90	100	0	0	3.42901103761e-14	560	1551799495.61	-9	507	-9	507
"3909"	9	1	1	14	0	0	90	100	0	0	3.42901103761e-14	560	1551799495.64	-7	520	-7	520
"3910"	9	1	1	14	0	0	90	100	0	0	3.42901103761e-14	560	1551799495.67	-5	532	-5	532
"3911"	9	1	1	14	0	0	90	100	0	0	3.42901103761e-14	560	1551799495.71	-1	541	-1	541
"3912"	9	1	1	14	0	0	90	100	0	0	3.42901103761e-14	560	1551799495.74	2	547	2	547
"3913"	9	1	1	14	0	0	90	100	0	0	3.42901103761e-14	560	1551799495.77	5	550	5	550
"3914"	9	1	1	14	0	0	90	100	0	0	3.42901103761e-14	560	1551799495.81	7	553	7	553
"3915"	9	1	1	15	0	0	45	100	0	0	395.979797464	395.979797464	1551799497.02	4	-11	4	-11
"3916"	9	1	1	15	0	0	45	100	0	0	395.979797464	395.979797464	1551799497.04	4	-12	4	-12
"3917"	9	1	1	15	0	0	45	100	0	0	395.979797464	395.979797464	1551799497.07	3	-12	3	-12
"3918"	9	1	1	15	0	0	45	100	0	0	395.979797464	395.979797464	1551799497.11	3	-12	3	-12
"3919"	9	1	1	15	0	0	45	100	0	0	395.979797464	395.979797464	1551799497.14	3	-12	3	-12
"3920"	9	1	1	15	0	0	45	100	0	0	395.979797464	395.979797464	1551799497.17	4	-12	4	-12
"3921"	9	1	1	15	0	0	45	100	0	0	395.979797464	395.979797464	1551799497.21	4	-12	4	-12
"3922"	9	1	1	15	0	0	45	100	0	0	395.979797464	395.979797464	1551799497.24	4	-10	4	-10
"3923"	9	1	1	15	0	0	45	100	0	0	395.979797464	395.979797464	1551799497.27	4	-7	4	-7
"3924"	9	1	1	15	0	0	45	100	0	0	395.979797464	395.979797464	1551799497.31	4	-4	4	-4
"3925"	9	1	1	15	0	0	45	100	0	0	395.979797464	395.979797464	1551799497.34	8	2	8	2
"3926"	9	1	1	15	0	0	45	100	0	0	395.979797464	395.979797464	1551799497.37	16	13	16	13
"3927"	9	1	1	15	0	0	45	100	0	0	395.979797464	395.979797464	1551799497.41	36	40	36	40
"3928"	9	1	1	15	0	0	45	100	0	0	395.979797464	395.979797464	1551799497.44	62	69	62	69
"3929"	9	1	1	15	0	0	45	100	0	0	395.979797464	395.979797464	1551799497.47	91	97	91	97
"3930"	9	1	1	15	0	0	45	100	0	0	395.979797464	395.979797464	1551799497.51	127	132	127	132
"3931"	9	1	1	15	0	0	45	100	0	0	395.979797464	395.979797464	1551799497.54	164	167	164	167
"3932"	9	1	1	15	0	0	45	100	0	0	395.979797464	395.979797464	1551799497.57	195	197	195	197
"3933"	9	1	1	15	0	0	45	100	0	0	395.979797464	395.979797464	1551799497.61	230	230	230	230
"3934"	9	1	1	15	0	0	45	100	0	0	395.979797464	395.979797464	1551799497.64	260	259	260	259
"3935"	9	1	1	15	0	0	45	100	0	0	395.979797464	395.979797464	1551799497.67	288	284	288	284
"3936"	9	1	1	15	0	0	45	100	0	0	395.979797464	395.979797464	1551799497.71	310	303	310	303
"3937"	9	1	1	15	0	0	45	100	0	0	395.979797464	395.979797464	1551799497.74	331	320	331	320
"3938"	9	1	1	15	0	0	45	100	0	0	395.979797464	395.979797464	1551799497.77	345	331	345	331
"3939"	9	1	1	15	0	0	45	100	0	0	395.979797464	395.979797464	1551799497.81	357	341	357	341
"3940"	9	1	1	15	0	0	45	100	0	0	395.979797464	395.979797464	1551799497.84	366	351	366	351
"3941"	9	1	1	15	0	0	45	100	0	0	395.979797464	395.979797464	1551799497.87	371	361	371	361
"3942"	9	1	1	15	0	0	45	100	0	0	395.979797464	395.979797464	1551799497.91	374	369	374	369
"3943"	9	1	1	15	0	0	45	100	0	0	395.979797464	395.979797464	1551799497.94	376	378	376	378
"3944"	9	1	1	15	0	0	45	100	0	0	395.979797464	395.979797464	1551799497.97	376	385	376	385
"3945"	9	1	1	15	0	0	45	100	0	0	395.979797464	395.979797464	1551799498.01	377	393	377	393
"3946"	9	1	1	15	0	0	45	100	0	0	395.979797464	395.979797464	1551799498.04	379	399	379	399
"3947"	9	1	1	15	0	0	45	100	0	0	395.979797464	395.979797464	1551799498.07	381	404	381	404
"3948"	9	1	1	15	0	0	45	100	0	0	395.979797464	395.979797464	1551799498.11	383	408	383	408
"3949"	9	1	1	15	0	0	45	100	0	0	395.979797464	395.979797464	1551799498.14	384	409	384	409
"3950"	9	1	1	15	0	0	45	100	0	0	395.979797464	395.979797464	1551799498.17	384	409	384	409
"3951"	9	1	1	15	0	0	45	100	0	0	395.979797464	395.979797464	1551799498.21	384	409	384	409
"3952"	9	1	1	15	0	0	45	100	0	0	395.979797464	395.979797464	1551799498.24	384	409	384	409
"3953"	9	1	1	15	0	0	45	100	0	0	395.979797464	395.979797464	1551799498.27	386	408	386	408
"3954"	9	1	1	15	0	0	45	100	0	0	395.979797464	395.979797464	1551799498.31	389	407	389	407
"3955"	9	1	1	15	0	0	45	100	0	0	395.979797464	395.979797464	1551799498.34	391	406	391	406
"3956"	9	1	1	15	0	0	45	100	0	0	395.979797464	395.979797464	1551799498.37	392	405	392	405
"3957"	9	1	1	16	0	0	90	100	0	0	3.42901103761e-14	560	1551799499.55	8	-3	8	-3
"3958"	9	1	1	16	0	0	90	100	0	0	3.42901103761e-14	560	1551799499.57	8	-3	8	-3
"3959"	9	1	1	16	0	0	90	100	0	0	3.42901103761e-14	560	1551799499.61	8	-3	8	-3
"3960"	9	1	1	16	0	0	90	100	0	0	3.42901103761e-14	560	1551799499.64	8	-3	8	-3
"3961"	9	1	1	16	0	0	90	100	0	0	3.42901103761e-14	560	1551799499.67	8	-3	8	-3
"3962"	9	1	1	16	0	0	90	100	0	0	3.42901103761e-14	560	1551799499.71	8	-3	8	-3
"3963"	9	1	1	16	0	0	90	100	0	0	3.42901103761e-14	560	1551799499.74	6	-2	6	-2
"3964"	9	1	1	16	0	0	90	100	0	0	3.42901103761e-14	560	1551799499.77	5	-1	5	-1
"3965"	9	1	1	16	0	0	90	100	0	0	3.42901103761e-14	560	1551799499.81	3	-1	3	-1
"3966"	9	1	1	16	0	0	90	100	0	0	3.42901103761e-14	560	1551799499.84	1	1	1	1
"3967"	9	1	1	16	0	0	90	100	0	0	3.42901103761e-14	560	1551799499.88	-4	8	-4	8
"3968"	9	1	1	16	0	0	90	100	0	0	3.42901103761e-14	560	1551799499.91	-10	22	-10	22
"3969"	9	1	1	16	0	0	90	100	0	0	3.42901103761e-14	560	1551799499.94	-15	51	-15	51
"3970"	9	1	1	16	0	0	90	100	0	0	3.42901103761e-14	560	1551799499.98	-17	88	-17	88
"3971"	9	1	1	16	0	0	90	100	0	0	3.42901103761e-14	560	1551799500.01	-16	126	-16	126
"3972"	9	1	1	16	0	0	90	100	0	0	3.42901103761e-14	560	1551799500.04	-14	175	-14	175
"3973"	9	1	1	16	0	0	90	100	0	0	3.42901103761e-14	560	1551799500.08	-12	225	-12	225
"3974"	9	1	1	16	0	0	90	100	0	0	3.42901103761e-14	560	1551799500.11	-9	268	-9	268
"3975"	9	1	1	16	0	0	90	100	0	0	3.42901103761e-14	560	1551799500.14	-7	317	-7	317
"3976"	9	1	1	16	0	0	90	100	0	0	3.42901103761e-14	560	1551799500.18	-4	363	-4	363
"3977"	9	1	1	16	0	0	90	100	0	0	3.42901103761e-14	560	1551799500.21	0	405	0	405
"3978"	9	1	1	16	0	0	90	100	0	0	3.42901103761e-14	560	1551799500.24	2	437	2	437
"3979"	9	1	1	16	0	0	90	100	0	0	3.42901103761e-14	560	1551799500.28	5	468	5	468
"3980"	9	1	1	16	0	0	90	100	0	0	3.42901103761e-14	560	1551799500.31	8	495	8	495
"3981"	9	1	1	16	0	0	90	100	0	0	3.42901103761e-14	560	1551799500.34	9	512	9	512
"3982"	9	1	1	16	0	0	90	100	0	0	3.42901103761e-14	560	1551799500.38	10	526	10	526
"3983"	9	1	1	16	0	0	90	100	0	0	3.42901103761e-14	560	1551799500.41	12	538	12	538
"3984"	9	1	1	16	0	0	90	100	0	0	3.42901103761e-14	560	1551799500.44	13	548	13	548
"3985"	9	1	1	16	0	0	90	100	0	0	3.42901103761e-14	560	1551799500.48	13	553	13	553
"3986"	9	1	1	16	0	0	90	100	0	0	3.42901103761e-14	560	1551799500.51	14	556	14	556
"3987"	9	1	1	16	0	0	90	100	0	0	3.42901103761e-14	560	1551799500.54	14	559	14	559
"3988"	9	1	1	16	0	0	90	100	0	0	3.42901103761e-14	560	1551799500.58	14	559	14	559
"3989"	9	1	1	16	0	0	90	100	0	0	3.42901103761e-14	560	1551799500.61	14	559	14	559
"3990"	9	1	1	16	0	0	90	100	0	0	3.42901103761e-14	560	1551799500.64	13	560	13	560
"3991"	9	1	1	16	0	0	90	100	0	0	3.42901103761e-14	560	1551799500.68	12	561	12	561
"3992"	9	1	1	16	0	0	90	100	0	0	3.42901103761e-14	560	1551799500.71	10	563	10	563
"3993"	9	1	1	17	0	0	45	100	0	0	395.979797464	395.979797464	1551799502.06	4	8	4	8
"3994"	9	1	1	17	0	0	45	100	0	0	395.979797464	395.979797464	1551799502.08	4	8	4	8
"3995"	9	1	1	17	0	0	45	100	0	0	395.979797464	395.979797464	1551799502.11	4	8	4	8
"3996"	9	1	1	17	0	0	45	100	0	0	395.979797464	395.979797464	1551799502.14	4	8	4	8
"3997"	9	1	1	17	0	0	45	100	0	0	395.979797464	395.979797464	1551799502.18	3	6	3	6
"3998"	9	1	1	17	0	0	45	100	0	0	395.979797464	395.979797464	1551799502.21	2	5	2	5
"3999"	9	1	1	17	0	0	45	100	0	0	395.979797464	395.979797464	1551799502.24	2	3	2	3
"4000"	9	1	1	17	0	0	45	100	0	0	395.979797464	395.979797464	1551799502.28	2	1	2	1
"4001"	9	1	1	17	0	0	45	100	0	0	395.979797464	395.979797464	1551799502.31	2	1	2	1
"4002"	9	1	1	17	0	0	45	100	0	0	395.979797464	395.979797464	1551799502.34	3	1	3	1
"4003"	9	1	1	17	0	0	45	100	0	0	395.979797464	395.979797464	1551799502.38	4	1	4	1
"4004"	9	1	1	17	0	0	45	100	0	0	395.979797464	395.979797464	1551799502.41	10	9	10	9
"4005"	9	1	1	17	0	0	45	100	0	0	395.979797464	395.979797464	1551799502.44	21	25	21	25
"4006"	9	1	1	17	0	0	45	100	0	0	395.979797464	395.979797464	1551799502.48	44	55	44	55
"4007"	9	1	1	17	0	0	45	100	0	0	395.979797464	395.979797464	1551799502.51	68	86	68	86
"4008"	9	1	1	17	0	0	45	100	0	0	395.979797464	395.979797464	1551799502.54	105	129	105	129
"4009"	9	1	1	17	0	0	45	100	0	0	395.979797464	395.979797464	1551799502.58	147	174	147	174
"4010"	9	1	1	17	0	0	45	100	0	0	395.979797464	395.979797464	1551799502.61	184	213	184	213
"4011"	9	1	1	17	0	0	45	100	0	0	395.979797464	395.979797464	1551799502.64	227	254	227	254
"4012"	9	1	1	17	0	0	45	100	0	0	395.979797464	395.979797464	1551799502.68	266	289	266	289
"4013"	9	1	1	17	0	0	45	100	0	0	395.979797464	395.979797464	1551799502.71	298	319	298	319
"4014"	9	1	1	17	0	0	45	100	0	0	395.979797464	395.979797464	1551799502.74	322	341	322	341
"4015"	9	1	1	17	0	0	45	100	0	0	395.979797464	395.979797464	1551799502.78	335	353	335	353
"4016"	9	1	1	17	0	0	45	100	0	0	395.979797464	395.979797464	1551799502.81	348	363	348	363
"4017"	9	1	1	17	0	0	45	100	0	0	395.979797464	395.979797464	1551799502.84	353	367	353	367
"4018"	9	1	1	17	0	0	45	100	0	0	395.979797464	395.979797464	1551799502.88	355	369	355	369
"4019"	9	1	1	17	0	0	45	100	0	0	395.979797464	395.979797464	1551799502.91	357	372	357	372
"4020"	9	1	1	17	0	0	45	100	0	0	395.979797464	395.979797464	1551799502.94	361	376	361	376
"4021"	9	1	1	17	0	0	45	100	0	0	395.979797464	395.979797464	1551799502.98	369	384	369	384
"4022"	9	1	1	17	0	0	45	100	0	0	395.979797464	395.979797464	1551799503.01	376	389	376	389
"4023"	9	1	1	17	0	0	45	100	0	0	395.979797464	395.979797464	1551799503.04	385	395	385	395
"4024"	9	1	1	17	0	0	45	100	0	0	395.979797464	395.979797464	1551799503.08	392	398	392	398
"4025"	9	1	1	17	0	0	45	100	0	0	395.979797464	395.979797464	1551799503.11	397	399	397	399
"4026"	9	1	1	17	0	0	45	100	0	0	395.979797464	395.979797464	1551799503.14	401	400	401	400
"4027"	9	1	1	17	0	0	45	100	0	0	395.979797464	395.979797464	1551799503.18	403	400	403	400
"4028"	9	1	1	18	0	0	135	100	0	0	-395.979797464	395.979797464	1551799504.29	-2	-6	-2	-6
"4029"	9	1	1	18	0	0	135	100	0	0	-395.979797464	395.979797464	1551799504.31	-2	-6	-2	-6
"4030"	9	1	1	18	0	0	135	100	0	0	-395.979797464	395.979797464	1551799504.34	-2	-6	-2	-6
"4031"	9	1	1	18	0	0	135	100	0	0	-395.979797464	395.979797464	1551799504.38	-2	-6	-2	-6
"4032"	9	1	1	18	0	0	135	100	0	0	-395.979797464	395.979797464	1551799504.41	-2	-6	-2	-6
"4033"	9	1	1	18	0	0	135	100	0	0	-395.979797464	395.979797464	1551799504.45	-1	-6	-1	-6
"4034"	9	1	1	18	0	0	135	100	0	0	-395.979797464	395.979797464	1551799504.48	-1	-5	-1	-5
"4035"	9	1	1	18	0	0	135	100	0	0	-395.979797464	395.979797464	1551799504.51	-1	-4	-1	-4
"4036"	9	1	1	18	0	0	135	100	0	0	-395.979797464	395.979797464	1551799504.55	0	-2	0	-2
"4037"	9	1	1	18	0	0	135	100	0	0	-395.979797464	395.979797464	1551799504.58	0	0	0	0
"4038"	9	1	1	18	0	0	135	100	0	0	-395.979797464	395.979797464	1551799504.61	-3	3	-3	3
"4039"	9	1	1	18	0	0	135	100	0	0	-395.979797464	395.979797464	1551799504.65	-12	10	-12	10
"4040"	9	1	1	18	0	0	135	100	0	0	-395.979797464	395.979797464	1551799504.68	-24	19	-24	19
"4041"	9	1	1	18	0	0	135	100	0	0	-395.979797464	395.979797464	1551799504.71	-43	37	-43	37
"4042"	9	1	1	18	0	0	135	100	0	0	-395.979797464	395.979797464	1551799504.75	-69	66	-69	66
"4043"	9	1	1	18	0	0	135	100	0	0	-395.979797464	395.979797464	1551799504.78	-94	98	-94	98
"4044"	9	1	1	18	0	0	135	100	0	0	-395.979797464	395.979797464	1551799504.81	-122	126	-122	126
"4045"	9	1	1	18	0	0	135	100	0	0	-395.979797464	395.979797464	1551799504.85	-156	159	-156	159
"4046"	9	1	1	18	0	0	135	100	0	0	-395.979797464	395.979797464	1551799504.88	-182	191	-182	191
"4047"	9	1	1	18	0	0	135	100	0	0	-395.979797464	395.979797464	1551799504.91	-214	230	-214	230
"4048"	9	1	1	18	0	0	135	100	0	0	-395.979797464	395.979797464	1551799504.95	-236	257	-236	257
"4049"	9	1	1	18	0	0	135	100	0	0	-395.979797464	395.979797464	1551799504.98	-254	283	-254	283
"4050"	9	1	1	18	0	0	135	100	0	0	-395.979797464	395.979797464	1551799505.01	-275	311	-275	311
"4051"	9	1	1	18	0	0	135	100	0	0	-395.979797464	395.979797464	1551799505.05	-286	323	-286	323
"4052"	9	1	1	18	0	0	135	100	0	0	-395.979797464	395.979797464	1551799505.08	-301	338	-301	338
"4053"	9	1	1	18	0	0	135	100	0	0	-395.979797464	395.979797464	1551799505.11	-315	350	-315	350
"4054"	9	1	1	18	0	0	135	100	0	0	-395.979797464	395.979797464	1551799505.15	-325	358	-325	358
"4055"	9	1	1	18	0	0	135	100	0	0	-395.979797464	395.979797464	1551799505.18	-335	364	-335	364
"4056"	9	1	1	18	0	0	135	100	0	0	-395.979797464	395.979797464	1551799505.21	-347	368	-347	368
"4057"	9	1	1	18	0	0	135	100	0	0	-395.979797464	395.979797464	1551799505.25	-358	370	-358	370
"4058"	9	1	1	18	0	0	135	100	0	0	-395.979797464	395.979797464	1551799505.28	-367	371	-367	371
"4059"	9	1	1	18	0	0	135	100	0	0	-395.979797464	395.979797464	1551799505.31	-375	372	-375	372
"4060"	9	1	1	18	0	0	135	100	0	0	-395.979797464	395.979797464	1551799505.35	-382	373	-382	373
"4061"	9	1	1	18	0	0	135	100	0	0	-395.979797464	395.979797464	1551799505.38	-387	374	-387	374
"4062"	9	1	1	18	0	0	135	100	0	0	-395.979797464	395.979797464	1551799505.41	-389	376	-389	376
"4063"	9	1	1	18	0	0	135	100	0	0	-395.979797464	395.979797464	1551799505.45	-390	378	-390	378
"4064"	9	1	1	18	0	0	135	100	0	0	-395.979797464	395.979797464	1551799505.48	-390	379	-390	379
"4065"	9	1	1	18	0	0	135	100	0	0	-395.979797464	395.979797464	1551799505.51	-391	381	-391	381
"4066"	9	1	1	18	0	0	135	100	0	0	-395.979797464	395.979797464	1551799505.55	-391	384	-391	384
"4067"	9	1	1	18	0	0	135	100	0	0	-395.979797464	395.979797464	1551799505.58	-391	386	-391	386
"4068"	9	1	1	18	0	0	135	100	0	0	-395.979797464	395.979797464	1551799505.61	-390	389	-390	389
"4069"	9	1	1	18	0	0	135	100	0	0	-395.979797464	395.979797464	1551799505.65	-390	392	-390	392
"4070"	9	1	1	18	0	0	135	100	0	0	-395.979797464	395.979797464	1551799505.68	-390	395	-390	395
"4071"	9	1	1	19	0	0	135	100	0	0	-395.979797464	395.979797464	1551799506.99	-3	2	-3	2
"4072"	9	1	1	19	0	0	135	100	0	0	-395.979797464	395.979797464	1551799507.01	-3	2	-3	2
"4073"	9	1	1	19	0	0	135	100	0	0	-395.979797464	395.979797464	1551799507.05	-3	2	-3	2
"4074"	9	1	1	19	0	0	135	100	0	0	-395.979797464	395.979797464	1551799507.08	-3	2	-3	2
"4075"	9	1	1	19	0	0	135	100	0	0	-395.979797464	395.979797464	1551799507.11	-3	2	-3	2
"4076"	9	1	1	19	0	0	135	100	0	0	-395.979797464	395.979797464	1551799507.15	-2	2	-2	2
"4077"	9	1	1	19	0	0	135	100	0	0	-395.979797464	395.979797464	1551799507.18	-2	4	-2	4
"4078"	9	1	1	19	0	0	135	100	0	0	-395.979797464	395.979797464	1551799507.21	-1	13	-1	13
"4079"	9	1	1	19	0	0	135	100	0	0	-395.979797464	395.979797464	1551799507.25	0	26	0	26
"4080"	9	1	1	19	0	0	135	100	0	0	-395.979797464	395.979797464	1551799507.28	-1	47	-1	47
"4081"	9	1	1	19	0	0	135	100	0	0	-395.979797464	395.979797464	1551799507.31	-4	71	-4	71
"4082"	9	1	1	19	0	0	135	100	0	0	-395.979797464	395.979797464	1551799507.35	-12	100	-12	100
"4083"	9	1	1	19	0	0	135	100	0	0	-395.979797464	395.979797464	1551799507.38	-27	128	-27	128
"4084"	9	1	1	19	0	0	135	100	0	0	-395.979797464	395.979797464	1551799507.41	-50	148	-50	148
"4085"	9	1	1	19	0	0	135	100	0	0	-395.979797464	395.979797464	1551799507.45	-85	169	-85	169
"4086"	9	1	1	19	0	0	135	100	0	0	-395.979797464	395.979797464	1551799507.48	-125	192	-125	192
"4087"	9	1	1	19	0	0	135	100	0	0	-395.979797464	395.979797464	1551799507.51	-166	216	-166	216
"4088"	9	1	1	19	0	0	135	100	0	0	-395.979797464	395.979797464	1551799507.55	-201	238	-201	238
"4089"	9	1	1	19	0	0	135	100	0	0	-395.979797464	395.979797464	1551799507.58	-239	266	-239	266
"4090"	9	1	1	19	0	0	135	100	0	0	-395.979797464	395.979797464	1551799507.61	-274	293	-274	293
"4091"	9	1	1	19	0	0	135	100	0	0	-395.979797464	395.979797464	1551799507.65	-300	317	-300	317
"4092"	9	1	1	19	0	0	135	100	0	0	-395.979797464	395.979797464	1551799507.68	-325	342	-325	342
"4093"	9	1	1	19	0	0	135	100	0	0	-395.979797464	395.979797464	1551799507.71	-348	363	-348	363
"4094"	9	1	1	19	0	0	135	100	0	0	-395.979797464	395.979797464	1551799507.75	-359	374	-359	374
"4095"	9	1	1	19	0	0	135	100	0	0	-395.979797464	395.979797464	1551799507.78	-377	389	-377	389
"4096"	9	1	1	19	0	0	135	100	0	0	-395.979797464	395.979797464	1551799507.81	-388	396	-388	396
"4097"	9	1	1	19	0	0	135	100	0	0	-395.979797464	395.979797464	1551799507.85	-397	402	-397	402
"4098"	9	1	1	19	0	0	135	100	0	0	-395.979797464	395.979797464	1551799507.88	-402	405	-402	405
"4099"	9	1	1	19	0	0	135	100	0	0	-395.979797464	395.979797464	1551799507.91	-405	407	-405	407
"4100"	9	1	1	19	0	0	135	100	0	0	-395.979797464	395.979797464	1551799507.95	-406	408	-406	408
"4101"	9	1	1	19	0	0	135	100	0	0	-395.979797464	395.979797464	1551799507.98	-406	408	-406	408
"4102"	9	1	1	19	0	0	135	100	0	0	-395.979797464	395.979797464	1551799508.01	-406	408	-406	408
"4103"	9	1	1	19	0	0	135	100	0	0	-395.979797464	395.979797464	1551799508.05	-406	408	-406	408
"4104"	9	1	1	19	0	0	135	100	0	0	-395.979797464	395.979797464	1551799508.08	-405	407	-405	407
"4105"	9	1	1	19	0	0	135	100	0	0	-395.979797464	395.979797464	1551799508.11	-401	404	-401	404
"4106"	9	1	1	19	0	0	135	100	0	0	-395.979797464	395.979797464	1551799508.15	-396	400	-396	400
"4107"	9	1	1	19	0	0	135	100	0	0	-395.979797464	395.979797464	1551799508.18	-388	394	-388	394
"4108"	9	1	1	19	0	0	135	100	0	0	-395.979797464	395.979797464	1551799508.21	-378	386	-378	386
"4109"	9	1	1	19	0	0	135	100	0	0	-395.979797464	395.979797464	1551799508.25	-363	372	-363	372
"4110"	9	1	1	19	0	0	135	100	0	0	-395.979797464	395.979797464	1551799508.28	-344	354	-344	354
"4111"	9	1	1	19	0	0	135	100	0	0	-395.979797464	395.979797464	1551799508.31	-322	334	-322	334
"4112"	9	1	1	19	0	0	135	100	0	0	-395.979797464	395.979797464	1551799508.35	-292	307	-292	307
"4113"	9	1	1	19	0	0	135	100	0	0	-395.979797464	395.979797464	1551799508.38	-269	285	-269	285
"4114"	9	1	1	19	0	0	135	100	0	0	-395.979797464	395.979797464	1551799508.41	-245	263	-245	263
"4115"	9	1	1	19	0	0	135	100	0	0	-395.979797464	395.979797464	1551799508.45	-231	250	-231	250
"4116"	9	1	1	19	0	0	135	100	0	0	-395.979797464	395.979797464	1551799508.48	-223	241	-223	241
"4117"	9	1	1	19	0	0	135	100	0	0	-395.979797464	395.979797464	1551799508.52	-221	239	-221	239
"4118"	9	1	1	19	0	0	135	100	0	0	-395.979797464	395.979797464	1551799508.55	-226	242	-226	242
"4119"	9	1	1	19	0	0	135	100	0	0	-395.979797464	395.979797464	1551799508.58	-241	256	-241	256
"4120"	9	1	1	19	0	0	135	100	0	0	-395.979797464	395.979797464	1551799508.62	-269	277	-269	277
"4121"	9	1	1	19	0	0	135	100	0	0	-395.979797464	395.979797464	1551799508.65	-294	294	-294	294
"4122"	9	1	1	19	0	0	135	100	0	0	-395.979797464	395.979797464	1551799508.68	-319	312	-319	312
"4123"	9	1	1	19	0	0	135	100	0	0	-395.979797464	395.979797464	1551799508.72	-338	327	-338	327
"4124"	9	1	1	19	0	0	135	100	0	0	-395.979797464	395.979797464	1551799508.75	-353	339	-353	339
"4125"	9	1	1	19	0	0	135	100	0	0	-395.979797464	395.979797464	1551799508.78	-365	350	-365	350
"4126"	9	1	1	19	0	0	135	100	0	0	-395.979797464	395.979797464	1551799508.82	-375	361	-375	361
"4127"	9	1	1	19	0	0	135	100	0	0	-395.979797464	395.979797464	1551799508.85	-381	370	-381	370
"4128"	9	1	1	19	0	0	135	100	0	0	-395.979797464	395.979797464	1551799508.88	-383	375	-383	375
"4129"	9	1	1	19	0	0	135	100	0	0	-395.979797464	395.979797464	1551799508.92	-384	378	-384	378
"4130"	9	1	1	19	0	0	135	100	0	0	-395.979797464	395.979797464	1551799508.95	-385	378	-385	378
"4131"	9	1	1	19	0	0	135	100	0	0	-395.979797464	395.979797464	1551799508.98	-385	378	-385	378
"4132"	9	1	1	19	0	0	135	100	0	0	-395.979797464	395.979797464	1551799509.02	-386	380	-386	380
"4133"	9	1	1	19	0	0	135	100	0	0	-395.979797464	395.979797464	1551799509.05	-387	382	-387	382
"4134"	9	1	1	19	0	0	135	100	0	0	-395.979797464	395.979797464	1551799509.08	-389	387	-389	387
"4135"	9	1	1	19	0	0	135	100	0	0	-395.979797464	395.979797464	1551799509.12	-390	391	-390	391
"4136"	9	1	1	19	0	0	135	100	0	0	-395.979797464	395.979797464	1551799509.15	-392	395	-392	395
"4137"	9	1	1	19	0	0	135	100	0	0	-395.979797464	395.979797464	1551799509.18	-394	399	-394	399
"4138"	9	1	1	19	0	0	135	100	0	0	-395.979797464	395.979797464	1551799509.22	-395	401	-395	401
"4139"	9	1	1	19	0	0	135	100	0	0	-395.979797464	395.979797464	1551799509.25	-396	403	-396	403
"4140"	9	1	1	20	0	0	90	100	0	0	3.42901103761e-14	560	1551799510.56	-3	2	-3	2
"4141"	9	1	1	20	0	0	90	100	0	0	3.42901103761e-14	560	1551799510.58	-4	2	-4	2
"4142"	9	1	1	20	0	0	90	100	0	0	3.42901103761e-14	560	1551799510.62	-5	2	-5	2
"4143"	9	1	1	20	0	0	90	100	0	0	3.42901103761e-14	560	1551799510.65	-4	2	-4	2
"4144"	9	1	1	20	0	0	90	100	0	0	3.42901103761e-14	560	1551799510.68	-4	3	-4	3
"4145"	9	1	1	20	0	0	90	100	0	0	3.42901103761e-14	560	1551799510.72	-4	3	-4	3
"4146"	9	1	1	20	0	0	90	100	0	0	3.42901103761e-14	560	1551799510.75	-4	3	-4	3
"4147"	9	1	1	20	0	0	90	100	0	0	3.42901103761e-14	560	1551799510.78	-4	3	-4	3
"4148"	9	1	1	20	0	0	90	100	0	0	3.42901103761e-14	560	1551799510.82	-3	3	-3	3
"4149"	9	1	1	20	0	0	90	100	0	0	3.42901103761e-14	560	1551799510.85	-2	4	-2	4
"4150"	9	1	1	20	0	0	90	100	0	0	3.42901103761e-14	560	1551799510.88	-2	4	-2	4
"4151"	9	1	1	20	0	0	90	100	0	0	3.42901103761e-14	560	1551799510.92	-3	9	-3	9
"4152"	9	1	1	20	0	0	90	100	0	0	3.42901103761e-14	560	1551799510.95	-2	34	-2	34
"4153"	9	1	1	20	0	0	90	100	0	0	3.42901103761e-14	560	1551799510.98	0	60	0	60
"4154"	9	1	1	20	0	0	90	100	0	0	3.42901103761e-14	560	1551799511.02	0	96	0	96
"4155"	9	1	1	20	0	0	90	100	0	0	3.42901103761e-14	560	1551799511.05	-1	140	-1	140
"4156"	9	1	1	20	0	0	90	100	0	0	3.42901103761e-14	560	1551799511.08	-6	178	-6	178
"4157"	9	1	1	20	0	0	90	100	0	0	3.42901103761e-14	560	1551799511.12	-15	224	-15	224
"4158"	9	1	1	20	0	0	90	100	0	0	3.42901103761e-14	560	1551799511.15	-20	273	-20	273
"4159"	9	1	1	20	0	0	90	100	0	0	3.42901103761e-14	560	1551799511.18	-26	319	-26	319
"4160"	9	1	1	20	0	0	90	100	0	0	3.42901103761e-14	560	1551799511.22	-31	355	-31	355
"4161"	9	1	1	20	0	0	90	100	0	0	3.42901103761e-14	560	1551799511.25	-33	395	-33	395
"4162"	9	1	1	20	0	0	90	100	0	0	3.42901103761e-14	560	1551799511.28	-36	427	-36	427
"4163"	9	1	1	20	0	0	90	100	0	0	3.42901103761e-14	560	1551799511.32	-37	452	-37	452
"4164"	9	1	1	20	0	0	90	100	0	0	3.42901103761e-14	560	1551799511.35	-36	479	-36	479
"4165"	9	1	1	20	0	0	90	100	0	0	3.42901103761e-14	560	1551799511.38	-36	500	-36	500
"4166"	9	1	1	20	0	0	90	100	0	0	3.42901103761e-14	560	1551799511.42	-34	516	-34	516
"4167"	9	1	1	20	0	0	90	100	0	0	3.42901103761e-14	560	1551799511.45	-29	531	-29	531
"4168"	9	1	1	20	0	0	90	100	0	0	3.42901103761e-14	560	1551799511.48	-23	546	-23	546
"4169"	9	1	1	20	0	0	90	100	0	0	3.42901103761e-14	560	1551799511.52	-16	558	-16	558
"4170"	9	1	1	20	0	0	90	100	0	0	3.42901103761e-14	560	1551799511.55	-13	564	-13	564
"4171"	9	1	1	20	0	0	90	100	0	0	3.42901103761e-14	560	1551799511.58	-12	567	-12	567
"4172"	9	1	1	21	0	0	45	100	0	0	395.979797464	395.979797464	1551799512.6	-10	-8	-10	-8
"4173"	9	1	1	21	0	0	45	100	0	0	395.979797464	395.979797464	1551799512.62	-10	-8	-10	-8
"4174"	9	1	1	21	0	0	45	100	0	0	395.979797464	395.979797464	1551799512.65	-10	-7	-10	-7
"4175"	9	1	1	21	0	0	45	100	0	0	395.979797464	395.979797464	1551799512.68	-10	-6	-10	-6
"4176"	9	1	1	21	0	0	45	100	0	0	395.979797464	395.979797464	1551799512.72	-8	-2	-8	-2
"4177"	9	1	1	21	0	0	45	100	0	0	395.979797464	395.979797464	1551799512.75	-7	-1	-7	-1
"4178"	9	1	1	21	0	0	45	100	0	0	395.979797464	395.979797464	1551799512.78	-7	0	-7	0
"4179"	9	1	1	21	0	0	45	100	0	0	395.979797464	395.979797464	1551799512.82	-7	0	-7	0
"4180"	9	1	1	21	0	0	45	100	0	0	395.979797464	395.979797464	1551799512.85	-7	-1	-7	-1
"4181"	9	1	1	21	0	0	45	100	0	0	395.979797464	395.979797464	1551799512.88	-7	0	-7	0
"4182"	9	1	1	21	0	0	45	100	0	0	395.979797464	395.979797464	1551799512.92	0	8	0	8
"4183"	9	1	1	21	0	0	45	100	0	0	395.979797464	395.979797464	1551799512.95	15	24	15	24
"4184"	9	1	1	21	0	0	45	100	0	0	395.979797464	395.979797464	1551799512.99	43	58	43	58
"4185"	9	1	1	21	0	0	45	100	0	0	395.979797464	395.979797464	1551799513.02	70	91	70	91
"4186"	9	1	1	21	0	0	45	100	0	0	395.979797464	395.979797464	1551799513.05	108	136	108	136
"4187"	9	1	1	21	0	0	45	100	0	0	395.979797464	395.979797464	1551799513.09	149	179	149	179
"4188"	9	1	1	21	0	0	45	100	0	0	395.979797464	395.979797464	1551799513.12	190	218	190	218
"4189"	9	1	1	21	0	0	45	100	0	0	395.979797464	395.979797464	1551799513.15	229	253	229	253
"4190"	9	1	1	21	0	0	45	100	0	0	395.979797464	395.979797464	1551799513.19	259	278	259	278
"4191"	9	1	1	21	0	0	45	100	0	0	395.979797464	395.979797464	1551799513.22	290	303	290	303
"4192"	9	1	1	21	0	0	45	100	0	0	395.979797464	395.979797464	1551799513.25	312	320	312	320
"4193"	9	1	1	21	0	0	45	100	0	0	395.979797464	395.979797464	1551799513.29	330	335	330	335
"4194"	9	1	1	21	0	0	45	100	0	0	395.979797464	395.979797464	1551799513.32	345	349	345	349
"4195"	9	1	1	21	0	0	45	100	0	0	395.979797464	395.979797464	1551799513.35	358	362	358	362
"4196"	9	1	1	21	0	0	45	100	0	0	395.979797464	395.979797464	1551799513.39	366	373	366	373
"4197"	9	1	1	21	0	0	45	100	0	0	395.979797464	395.979797464	1551799513.42	371	381	371	381
"4198"	9	1	1	21	0	0	45	100	0	0	395.979797464	395.979797464	1551799513.45	375	387	375	387
"4199"	9	1	1	21	0	0	45	100	0	0	395.979797464	395.979797464	1551799513.49	377	391	377	391
"4200"	9	1	1	21	0	0	45	100	0	0	395.979797464	395.979797464	1551799513.52	378	394	378	394
"4201"	9	1	1	21	0	0	45	100	0	0	395.979797464	395.979797464	1551799513.55	381	398	381	398
"4202"	9	1	1	21	0	0	45	100	0	0	395.979797464	395.979797464	1551799513.59	383	400	383	400
"4203"	9	1	1	21	0	0	45	100	0	0	395.979797464	395.979797464	1551799513.62	385	402	385	402
"4204"	9	1	1	21	0	0	45	100	0	0	395.979797464	395.979797464	1551799513.65	386	404	386	404
