"task_num"	"task_name"	"trial_type"	"trial_num"	"terminalfeedback_bool"	"rotation_angle"	"targetangle_deg"	"targetdistance_percmax"	"homex_px"	"homey_px"	"targetx_px"	"targety_px"	"time_s"	"mousex_px"	"mousey_px"	"cursorx_px"	"cursory_px"
9	"1"	"1"	1	FALSE	0	45	100	0	0	395.979797464	395.979797464	1551298408.02	3	4	3	4
9	"1"	"1"	1	FALSE	0	45	100	0	0	395.979797464	395.979797464	1551298408.05	3	4	3	4
9	"1"	"1"	1	FALSE	0	45	100	0	0	395.979797464	395.979797464	1551298408.09	3	4	3	4
9	"1"	"1"	1	FALSE	0	45	100	0	0	395.979797464	395.979797464	1551298408.12	3	4	3	4
9	"1"	"1"	1	FALSE	0	45	100	0	0	395.979797464	395.979797464	1551298408.15	3	4	3	4
9	"1"	"1"	1	FALSE	0	45	100	0	0	395.979797464	395.979797464	1551298408.19	3	4	3	4
9	"1"	"1"	1	FALSE	0	45	100	0	0	395.979797464	395.979797464	1551298408.22	3	4	3	4
9	"1"	"1"	1	FALSE	0	45	100	0	0	395.979797464	395.979797464	1551298408.25	3	4	3	4
9	"1"	"1"	1	FALSE	0	45	100	0	0	395.979797464	395.979797464	1551298408.29	3	4	3	4
9	"1"	"1"	1	FALSE	0	45	100	0	0	395.979797464	395.979797464	1551298408.32	3	4	3	4
9	"1"	"1"	1	FALSE	0	45	100	0	0	395.979797464	395.979797464	1551298408.35	3	4	3	4
9	"1"	"1"	1	FALSE	0	45	100	0	0	395.979797464	395.979797464	1551298408.39	3	4	3	4
9	"1"	"1"	1	FALSE	0	45	100	0	0	395.979797464	395.979797464	1551298408.42	3	4	3	4
9	"1"	"1"	1	FALSE	0	45	100	0	0	395.979797464	395.979797464	1551298408.45	6	7	6	7
9	"1"	"1"	1	FALSE	0	45	100	0	0	395.979797464	395.979797464	1551298408.49	19	27	19	27
9	"1"	"1"	1	FALSE	0	45	100	0	0	395.979797464	395.979797464	1551298408.52	43	56	43	56
9	"1"	"1"	1	FALSE	0	45	100	0	0	395.979797464	395.979797464	1551298408.55	68	89	68	89
9	"1"	"1"	1	FALSE	0	45	100	0	0	395.979797464	395.979797464	1551298408.59	91	121	91	121
9	"1"	"1"	1	FALSE	0	45	100	0	0	395.979797464	395.979797464	1551298408.62	116	158	116	158
9	"1"	"1"	1	FALSE	0	45	100	0	0	395.979797464	395.979797464	1551298408.65	141	198	141	198
9	"1"	"1"	1	FALSE	0	45	100	0	0	395.979797464	395.979797464	1551298408.69	168	239	168	239
9	"1"	"1"	1	FALSE	0	45	100	0	0	395.979797464	395.979797464	1551298408.72	190	268	190	268
9	"1"	"1"	1	FALSE	0	45	100	0	0	395.979797464	395.979797464	1551298408.75	213	293	213	293
9	"1"	"1"	1	FALSE	0	45	100	0	0	395.979797464	395.979797464	1551298408.79	237	317	237	317
9	"1"	"1"	1	FALSE	0	45	100	0	0	395.979797464	395.979797464	1551298408.82	259	336	259	336
9	"1"	"1"	1	FALSE	0	45	100	0	0	395.979797464	395.979797464	1551298408.85	282	355	282	355
9	"1"	"1"	1	FALSE	0	45	100	0	0	395.979797464	395.979797464	1551298408.89	304	373	304	373
9	"1"	"1"	1	FALSE	0	45	100	0	0	395.979797464	395.979797464	1551298408.92	324	388	324	388
9	"1"	"1"	1	FALSE	0	45	100	0	0	395.979797464	395.979797464	1551298408.95	341	399	341	399
9	"1"	"1"	1	FALSE	0	45	100	0	0	395.979797464	395.979797464	1551298408.99	356	406	356	406
9	"1"	"1"	1	FALSE	0	45	100	0	0	395.979797464	395.979797464	1551298409.02	370	412	370	412
9	"1"	"1"	1	FALSE	0	45	100	0	0	395.979797464	395.979797464	1551298409.05	377	413	377	413
9	"1"	"1"	1	FALSE	0	45	100	0	0	395.979797464	395.979797464	1551298409.09	383	414	383	414
9	"1"	"1"	1	FALSE	0	45	100	0	0	395.979797464	395.979797464	1551298409.12	384	414	384	414
9	"1"	"1"	1	FALSE	0	45	100	0	0	395.979797464	395.979797464	1551298409.15	385	413	385	413
9	"1"	"1"	1	FALSE	0	45	100	0	0	395.979797464	395.979797464	1551298409.19	384	410	384	410
9	"1"	"1"	1	FALSE	0	45	100	0	0	395.979797464	395.979797464	1551298409.22	383	407	383	407
9	"1"	"1"	1	FALSE	0	45	100	0	0	395.979797464	395.979797464	1551298409.25	384	403	384	403
9	"1"	"1"	1	FALSE	0	45	100	0	0	395.979797464	395.979797464	1551298409.29	384	400	384	400
9	"1"	"1"	1	FALSE	0	45	100	0	0	395.979797464	395.979797464	1551298409.32	385	399	385	399
9	"1"	"1"	1	FALSE	0	45	100	0	0	395.979797464	395.979797464	1551298409.35	386	398	386	398
9	"1"	"1"	2	FALSE	0	135	100	0	0	-395.979797464	395.979797464	1551298410.83	1	-1	1	-1
9	"1"	"1"	2	FALSE	0	135	100	0	0	-395.979797464	395.979797464	1551298410.85	1	-1	1	-1
9	"1"	"1"	2	FALSE	0	135	100	0	0	-395.979797464	395.979797464	1551298410.89	1	-1	1	-1
9	"1"	"1"	2	FALSE	0	135	100	0	0	-395.979797464	395.979797464	1551298410.92	1	-1	1	-1
9	"1"	"1"	2	FALSE	0	135	100	0	0	-395.979797464	395.979797464	1551298410.95	1	-1	1	-1
9	"1"	"1"	2	FALSE	0	135	100	0	0	-395.979797464	395.979797464	1551298410.99	1	-1	1	-1
9	"1"	"1"	2	FALSE	0	135	100	0	0	-395.979797464	395.979797464	1551298411.02	1	-1	1	-1
9	"1"	"1"	2	FALSE	0	135	100	0	0	-395.979797464	395.979797464	1551298411.05	1	-1	1	-1
9	"1"	"1"	2	FALSE	0	135	100	0	0	-395.979797464	395.979797464	1551298411.09	1	-1	1	-1
9	"1"	"1"	2	FALSE	0	135	100	0	0	-395.979797464	395.979797464	1551298411.12	1	-1	1	-1
9	"1"	"1"	2	FALSE	0	135	100	0	0	-395.979797464	395.979797464	1551298411.16	-1	1	-1	1
9	"1"	"1"	2	FALSE	0	135	100	0	0	-395.979797464	395.979797464	1551298411.19	-6	6	-6	6
9	"1"	"1"	2	FALSE	0	135	100	0	0	-395.979797464	395.979797464	1551298411.22	-17	15	-17	15
9	"1"	"1"	2	FALSE	0	135	100	0	0	-395.979797464	395.979797464	1551298411.26	-32	28	-32	28
9	"1"	"1"	2	FALSE	0	135	100	0	0	-395.979797464	395.979797464	1551298411.29	-53	50	-53	50
9	"1"	"1"	2	FALSE	0	135	100	0	0	-395.979797464	395.979797464	1551298411.32	-70	74	-70	74
9	"1"	"1"	2	FALSE	0	135	100	0	0	-395.979797464	395.979797464	1551298411.36	-84	96	-84	96
9	"1"	"1"	2	FALSE	0	135	100	0	0	-395.979797464	395.979797464	1551298411.39	-100	119	-100	119
9	"1"	"1"	2	FALSE	0	135	100	0	0	-395.979797464	395.979797464	1551298411.42	-115	138	-115	138
9	"1"	"1"	2	FALSE	0	135	100	0	0	-395.979797464	395.979797464	1551298411.46	-135	162	-135	162
9	"1"	"1"	2	FALSE	0	135	100	0	0	-395.979797464	395.979797464	1551298411.49	-153	178	-153	178
9	"1"	"1"	2	FALSE	0	135	100	0	0	-395.979797464	395.979797464	1551298411.52	-174	197	-174	197
9	"1"	"1"	2	FALSE	0	135	100	0	0	-395.979797464	395.979797464	1551298411.56	-197	214	-197	214
9	"1"	"1"	2	FALSE	0	135	100	0	0	-395.979797464	395.979797464	1551298411.59	-216	227	-216	227
9	"1"	"1"	2	FALSE	0	135	100	0	0	-395.979797464	395.979797464	1551298411.62	-237	241	-237	241
9	"1"	"1"	2	FALSE	0	135	100	0	0	-395.979797464	395.979797464	1551298411.66	-254	252	-254	252
9	"1"	"1"	2	FALSE	0	135	100	0	0	-395.979797464	395.979797464	1551298411.69	-267	262	-267	262
9	"1"	"1"	2	FALSE	0	135	100	0	0	-395.979797464	395.979797464	1551298411.72	-282	276	-282	276
9	"1"	"1"	2	FALSE	0	135	100	0	0	-395.979797464	395.979797464	1551298411.76	-298	292	-298	292
9	"1"	"1"	2	FALSE	0	135	100	0	0	-395.979797464	395.979797464	1551298411.79	-312	306	-312	306
9	"1"	"1"	2	FALSE	0	135	100	0	0	-395.979797464	395.979797464	1551298411.82	-324	315	-324	315
9	"1"	"1"	2	FALSE	0	135	100	0	0	-395.979797464	395.979797464	1551298411.86	-337	327	-337	327
9	"1"	"1"	2	FALSE	0	135	100	0	0	-395.979797464	395.979797464	1551298411.89	-351	341	-351	341
9	"1"	"1"	2	FALSE	0	135	100	0	0	-395.979797464	395.979797464	1551298411.92	-365	363	-365	363
9	"1"	"1"	2	FALSE	0	135	100	0	0	-395.979797464	395.979797464	1551298411.96	-378	384	-378	384
9	"1"	"1"	2	FALSE	0	135	100	0	0	-395.979797464	395.979797464	1551298411.99	-385	393	-385	393
9	"1"	"1"	2	FALSE	0	135	100	0	0	-395.979797464	395.979797464	1551298412.02	-393	400	-393	400
9	"1"	"1"	2	FALSE	0	135	100	0	0	-395.979797464	395.979797464	1551298412.06	-396	401	-396	401
9	"1"	"1"	3	FALSE	0	90	100	0	0	3.42901103761e-14	560	1551298413.37	-13	-4	-13	-4
9	"1"	"1"	3	FALSE	0	90	100	0	0	3.42901103761e-14	560	1551298413.39	-13	-3	-13	-3
9	"1"	"1"	3	FALSE	0	90	100	0	0	3.42901103761e-14	560	1551298413.42	-13	-4	-13	-4
9	"1"	"1"	3	FALSE	0	90	100	0	0	3.42901103761e-14	560	1551298413.46	-8	-7	-8	-7
9	"1"	"1"	3	FALSE	0	90	100	0	0	3.42901103761e-14	560	1551298413.49	-3	-10	-3	-10
9	"1"	"1"	3	FALSE	0	90	100	0	0	3.42901103761e-14	560	1551298413.52	-3	-10	-3	-10
9	"1"	"1"	3	FALSE	0	90	100	0	0	3.42901103761e-14	560	1551298413.56	-3	-9	-3	-9
9	"1"	"1"	3	FALSE	0	90	100	0	0	3.42901103761e-14	560	1551298413.59	-3	-7	-3	-7
9	"1"	"1"	3	FALSE	0	90	100	0	0	3.42901103761e-14	560	1551298413.62	-3	-7	-3	-7
9	"1"	"1"	3	FALSE	0	90	100	0	0	3.42901103761e-14	560	1551298413.66	-3	-7	-3	-7
9	"1"	"1"	3	FALSE	0	90	100	0	0	3.42901103761e-14	560	1551298413.69	-3	-7	-3	-7
9	"1"	"1"	3	FALSE	0	90	100	0	0	3.42901103761e-14	560	1551298413.72	-4	-5	-4	-5
9	"1"	"1"	3	FALSE	0	90	100	0	0	3.42901103761e-14	560	1551298413.76	-7	4	-7	4
9	"1"	"1"	3	FALSE	0	90	100	0	0	3.42901103761e-14	560	1551298413.79	-9	29	-9	29
9	"1"	"1"	3	FALSE	0	90	100	0	0	3.42901103761e-14	560	1551298413.82	-5	49	-5	49
9	"1"	"1"	3	FALSE	0	90	100	0	0	3.42901103761e-14	560	1551298413.86	-2	68	-2	68
9	"1"	"1"	3	FALSE	0	90	100	0	0	3.42901103761e-14	560	1551298413.89	-1	94	-1	94
9	"1"	"1"	3	FALSE	0	90	100	0	0	3.42901103761e-14	560	1551298413.92	0	123	0	123
9	"1"	"1"	3	FALSE	0	90	100	0	0	3.42901103761e-14	560	1551298413.96	0	148	0	148
9	"1"	"1"	3	FALSE	0	90	100	0	0	3.42901103761e-14	560	1551298413.99	0	194	0	194
9	"1"	"1"	3	FALSE	0	90	100	0	0	3.42901103761e-14	560	1551298414.02	0	223	0	223
9	"1"	"1"	3	FALSE	0	90	100	0	0	3.42901103761e-14	560	1551298414.06	1	249	1	249
9	"1"	"1"	3	FALSE	0	90	100	0	0	3.42901103761e-14	560	1551298414.09	4	279	4	279
9	"1"	"1"	3	FALSE	0	90	100	0	0	3.42901103761e-14	560	1551298414.12	5	313	5	313
9	"1"	"1"	3	FALSE	0	90	100	0	0	3.42901103761e-14	560	1551298414.16	7	337	7	337
9	"1"	"1"	3	FALSE	0	90	100	0	0	3.42901103761e-14	560	1551298414.19	11	360	11	360
9	"1"	"1"	3	FALSE	0	90	100	0	0	3.42901103761e-14	560	1551298414.22	15	387	15	387
9	"1"	"1"	3	FALSE	0	90	100	0	0	3.42901103761e-14	560	1551298414.26	15	411	15	411
9	"1"	"1"	3	FALSE	0	90	100	0	0	3.42901103761e-14	560	1551298414.29	15	425	15	425
9	"1"	"1"	3	FALSE	0	90	100	0	0	3.42901103761e-14	560	1551298414.32	14	444	14	444
9	"1"	"1"	3	FALSE	0	90	100	0	0	3.42901103761e-14	560	1551298414.36	15	467	15	467
9	"1"	"1"	3	FALSE	0	90	100	0	0	3.42901103761e-14	560	1551298414.39	19	483	19	483
9	"1"	"1"	3	FALSE	0	90	100	0	0	3.42901103761e-14	560	1551298414.42	19	492	19	492
9	"1"	"1"	3	FALSE	0	90	100	0	0	3.42901103761e-14	560	1551298414.46	17	502	17	502
9	"1"	"1"	3	FALSE	0	90	100	0	0	3.42901103761e-14	560	1551298414.49	16	513	16	513
9	"1"	"1"	3	FALSE	0	90	100	0	0	3.42901103761e-14	560	1551298414.52	15	526	15	526
9	"1"	"1"	3	FALSE	0	90	100	0	0	3.42901103761e-14	560	1551298414.56	15	538	15	538
9	"1"	"1"	3	FALSE	0	90	100	0	0	3.42901103761e-14	560	1551298414.59	16	550	16	550
9	"1"	"1"	3	FALSE	0	90	100	0	0	3.42901103761e-14	560	1551298414.62	15	559	15	559
9	"1"	"1"	3	FALSE	0	90	100	0	0	3.42901103761e-14	560	1551298414.66	12	563	12	563
9	"1"	"1"	3	FALSE	0	90	100	0	0	3.42901103761e-14	560	1551298414.69	10	567	10	567
9	"1"	"1"	3	FALSE	0	90	100	0	0	3.42901103761e-14	560	1551298414.72	10	569	10	569
9	"1"	"1"	4	FALSE	0	45	100	0	0	395.979797464	395.979797464	1551298415.94	-4	9	-4	9
9	"1"	"1"	4	FALSE	0	45	100	0	0	395.979797464	395.979797464	1551298415.98	-3	6	-3	6
9	"1"	"1"	4	FALSE	0	45	100	0	0	395.979797464	395.979797464	1551298416.01	-3	4	-3	4
9	"1"	"1"	4	FALSE	0	45	100	0	0	395.979797464	395.979797464	1551298416.04	-3	3	-3	3
9	"1"	"1"	4	FALSE	0	45	100	0	0	395.979797464	395.979797464	1551298416.08	-3	0	-3	0
9	"1"	"1"	4	FALSE	0	45	100	0	0	395.979797464	395.979797464	1551298416.11	-3	-1	-3	-1
9	"1"	"1"	4	FALSE	0	45	100	0	0	395.979797464	395.979797464	1551298416.14	-3	-1	-3	-1
9	"1"	"1"	4	FALSE	0	45	100	0	0	395.979797464	395.979797464	1551298416.18	-3	-1	-3	-1
9	"1"	"1"	4	FALSE	0	45	100	0	0	395.979797464	395.979797464	1551298416.21	-3	-1	-3	-1
9	"1"	"1"	4	FALSE	0	45	100	0	0	395.979797464	395.979797464	1551298416.24	-3	-1	-3	-1
9	"1"	"1"	4	FALSE	0	45	100	0	0	395.979797464	395.979797464	1551298416.28	-3	-1	-3	-1
9	"1"	"1"	4	FALSE	0	45	100	0	0	395.979797464	395.979797464	1551298416.31	-3	0	-3	0
9	"1"	"1"	4	FALSE	0	45	100	0	0	395.979797464	395.979797464	1551298416.34	-4	6	-4	6
9	"1"	"1"	4	FALSE	0	45	100	0	0	395.979797464	395.979797464	1551298416.38	-2	13	-2	13
9	"1"	"1"	4	FALSE	0	45	100	0	0	395.979797464	395.979797464	1551298416.41	4	25	4	25
9	"1"	"1"	4	FALSE	0	45	100	0	0	395.979797464	395.979797464	1551298416.44	14	40	14	40
9	"1"	"1"	4	FALSE	0	45	100	0	0	395.979797464	395.979797464	1551298416.48	33	63	33	63
9	"1"	"1"	4	FALSE	0	45	100	0	0	395.979797464	395.979797464	1551298416.51	54	90	54	90
9	"1"	"1"	4	FALSE	0	45	100	0	0	395.979797464	395.979797464	1551298416.54	74	113	74	113
9	"1"	"1"	4	FALSE	0	45	100	0	0	395.979797464	395.979797464	1551298416.58	100	143	100	143
9	"1"	"1"	4	FALSE	0	45	100	0	0	395.979797464	395.979797464	1551298416.61	129	175	129	175
9	"1"	"1"	4	FALSE	0	45	100	0	0	395.979797464	395.979797464	1551298416.64	159	208	159	208
9	"1"	"1"	4	FALSE	0	45	100	0	0	395.979797464	395.979797464	1551298416.68	189	242	189	242
9	"1"	"1"	4	FALSE	0	45	100	0	0	395.979797464	395.979797464	1551298416.71	213	269	213	269
9	"1"	"1"	4	FALSE	0	45	100	0	0	395.979797464	395.979797464	1551298416.74	241	296	241	296
9	"1"	"1"	4	FALSE	0	45	100	0	0	395.979797464	395.979797464	1551298416.78	265	316	265	316
9	"1"	"1"	4	FALSE	0	45	100	0	0	395.979797464	395.979797464	1551298416.81	287	335	287	335
9	"1"	"1"	4	FALSE	0	45	100	0	0	395.979797464	395.979797464	1551298416.84	308	351	308	351
9	"1"	"1"	4	FALSE	0	45	100	0	0	395.979797464	395.979797464	1551298416.88	328	363	328	363
9	"1"	"1"	4	FALSE	0	45	100	0	0	395.979797464	395.979797464	1551298416.91	341	372	341	372
9	"1"	"1"	4	FALSE	0	45	100	0	0	395.979797464	395.979797464	1551298416.94	351	377	351	377
9	"1"	"1"	4	FALSE	0	45	100	0	0	395.979797464	395.979797464	1551298416.98	361	381	361	381
9	"1"	"1"	4	FALSE	0	45	100	0	0	395.979797464	395.979797464	1551298417.01	370	385	370	385
9	"1"	"1"	4	FALSE	0	45	100	0	0	395.979797464	395.979797464	1551298417.04	376	388	376	388
9	"1"	"1"	4	FALSE	0	45	100	0	0	395.979797464	395.979797464	1551298417.08	379	389	379	389
9	"1"	"1"	4	FALSE	0	45	100	0	0	395.979797464	395.979797464	1551298417.11	380	389	380	389
9	"1"	"1"	4	FALSE	0	45	100	0	0	395.979797464	395.979797464	1551298417.14	381	390	381	390
9	"1"	"1"	4	FALSE	0	45	100	0	0	395.979797464	395.979797464	1551298417.18	383	391	383	391
9	"1"	"1"	4	FALSE	0	45	100	0	0	395.979797464	395.979797464	1551298417.21	384	392	384	392
9	"1"	"1"	4	FALSE	0	45	100	0	0	395.979797464	395.979797464	1551298417.24	387	393	387	393
9	"1"	"1"	4	FALSE	0	45	100	0	0	395.979797464	395.979797464	1551298417.28	388	394	388	394
9	"1"	"1"	5	FALSE	0	90	100	0	0	3.42901103761e-14	560	1551298418.59	5	5	5	5
9	"1"	"1"	5	FALSE	0	90	100	0	0	3.42901103761e-14	560	1551298418.61	5	5	5	5
9	"1"	"1"	5	FALSE	0	90	100	0	0	3.42901103761e-14	560	1551298418.64	5	5	5	5
9	"1"	"1"	5	FALSE	0	90	100	0	0	3.42901103761e-14	560	1551298418.68	5	5	5	5
9	"1"	"1"	5	FALSE	0	90	100	0	0	3.42901103761e-14	560	1551298418.71	5	5	5	5
9	"1"	"1"	5	FALSE	0	90	100	0	0	3.42901103761e-14	560	1551298418.74	5	5	5	5
9	"1"	"1"	5	FALSE	0	90	100	0	0	3.42901103761e-14	560	1551298418.78	5	5	5	5
9	"1"	"1"	5	FALSE	0	90	100	0	0	3.42901103761e-14	560	1551298418.81	5	5	5	5
9	"1"	"1"	5	FALSE	0	90	100	0	0	3.42901103761e-14	560	1551298418.84	5	5	5	5
9	"1"	"1"	5	FALSE	0	90	100	0	0	3.42901103761e-14	560	1551298418.88	5	5	5	5
9	"1"	"1"	5	FALSE	0	90	100	0	0	3.42901103761e-14	560	1551298418.91	5	5	5	5
9	"1"	"1"	5	FALSE	0	90	100	0	0	3.42901103761e-14	560	1551298418.94	5	5	5	5
9	"1"	"1"	5	FALSE	0	90	100	0	0	3.42901103761e-14	560	1551298418.98	5	5	5	5
9	"1"	"1"	5	FALSE	0	90	100	0	0	3.42901103761e-14	560	1551298419.01	5	5	5	5
9	"1"	"1"	5	FALSE	0	90	100	0	0	3.42901103761e-14	560	1551298419.04	5	5	5	5
9	"1"	"1"	5	FALSE	0	90	100	0	0	3.42901103761e-14	560	1551298419.08	5	5	5	5
9	"1"	"1"	5	FALSE	0	90	100	0	0	3.42901103761e-14	560	1551298419.11	5	5	5	5
9	"1"	"1"	5	FALSE	0	90	100	0	0	3.42901103761e-14	560	1551298419.14	5	5	5	5
9	"1"	"1"	5	FALSE	0	90	100	0	0	3.42901103761e-14	560	1551298419.18	5	5	5	5
9	"1"	"1"	5	FALSE	0	90	100	0	0	3.42901103761e-14	560	1551298419.21	5	5	5	5
9	"1"	"1"	5	FALSE	0	90	100	0	0	3.42901103761e-14	560	1551298419.24	5	5	5	5
9	"1"	"1"	5	FALSE	0	90	100	0	0	3.42901103761e-14	560	1551298419.28	5	5	5	5
9	"1"	"1"	5	FALSE	0	90	100	0	0	3.42901103761e-14	560	1551298419.31	5	5	5	5
9	"1"	"1"	5	FALSE	0	90	100	0	0	3.42901103761e-14	560	1551298419.34	5	5	5	5
9	"1"	"1"	5	FALSE	0	90	100	0	0	3.42901103761e-14	560	1551298419.38	5	5	5	5
9	"1"	"1"	5	FALSE	0	90	100	0	0	3.42901103761e-14	560	1551298419.41	5	5	5	5
9	"1"	"1"	5	FALSE	0	90	100	0	0	3.42901103761e-14	560	1551298419.44	5	5	5	5
9	"1"	"1"	5	FALSE	0	90	100	0	0	3.42901103761e-14	560	1551298419.48	5	5	5	5
9	"1"	"1"	5	FALSE	0	90	100	0	0	3.42901103761e-14	560	1551298419.51	5	5	5	5
9	"1"	"1"	5	FALSE	0	90	100	0	0	3.42901103761e-14	560	1551298419.55	5	5	5	5
9	"1"	"1"	5	FALSE	0	90	100	0	0	3.42901103761e-14	560	1551298419.58	5	5	5	5
9	"1"	"1"	5	FALSE	0	90	100	0	0	3.42901103761e-14	560	1551298419.61	5	5	5	5
9	"1"	"1"	5	FALSE	0	90	100	0	0	3.42901103761e-14	560	1551298419.65	5	5	5	5
9	"1"	"1"	5	FALSE	0	90	100	0	0	3.42901103761e-14	560	1551298419.68	5	5	5	5
9	"1"	"1"	5	FALSE	0	90	100	0	0	3.42901103761e-14	560	1551298419.71	5	5	5	5
9	"1"	"1"	5	FALSE	0	90	100	0	0	3.42901103761e-14	560	1551298419.75	5	5	5	5
9	"1"	"1"	5	FALSE	0	90	100	0	0	3.42901103761e-14	560	1551298419.78	5	5	5	5
9	"1"	"1"	5	FALSE	0	90	100	0	0	3.42901103761e-14	560	1551298419.81	5	5	5	5
9	"1"	"1"	5	FALSE	0	90	100	0	0	3.42901103761e-14	560	1551298419.85	5	5	5	5
9	"1"	"1"	5	FALSE	0	90	100	0	0	3.42901103761e-14	560	1551298419.88	5	5	5	5
9	"1"	"1"	5	FALSE	0	90	100	0	0	3.42901103761e-14	560	1551298419.91	5	5	5	5
9	"1"	"1"	5	FALSE	0	90	100	0	0	3.42901103761e-14	560	1551298419.95	5	5	5	5
9	"1"	"1"	5	FALSE	0	90	100	0	0	3.42901103761e-14	560	1551298419.98	5	5	5	5
9	"1"	"1"	5	FALSE	0	90	100	0	0	3.42901103761e-14	560	1551298420.01	5	5	5	5
9	"1"	"1"	5	FALSE	0	90	100	0	0	3.42901103761e-14	560	1551298420.05	4	6	4	6
9	"1"	"1"	5	FALSE	0	90	100	0	0	3.42901103761e-14	560	1551298420.08	2	11	2	11
9	"1"	"1"	5	FALSE	0	90	100	0	0	3.42901103761e-14	560	1551298420.11	-2	21	-2	21
9	"1"	"1"	5	FALSE	0	90	100	0	0	3.42901103761e-14	560	1551298420.15	-11	55	-11	55
9	"1"	"1"	5	FALSE	0	90	100	0	0	3.42901103761e-14	560	1551298420.18	-18	99	-18	99
9	"1"	"1"	5	FALSE	0	90	100	0	0	3.42901103761e-14	560	1551298420.21	-24	141	-24	141
9	"1"	"1"	5	FALSE	0	90	100	0	0	3.42901103761e-14	560	1551298420.25	-31	196	-31	196
9	"1"	"1"	5	FALSE	0	90	100	0	0	3.42901103761e-14	560	1551298420.28	-33	234	-33	234
9	"1"	"1"	5	FALSE	0	90	100	0	0	3.42901103761e-14	560	1551298420.31	-32	273	-32	273
9	"1"	"1"	5	FALSE	0	90	100	0	0	3.42901103761e-14	560	1551298420.35	-29	303	-29	303
9	"1"	"1"	5	FALSE	0	90	100	0	0	3.42901103761e-14	560	1551298420.38	-24	334	-24	334
9	"1"	"1"	5	FALSE	0	90	100	0	0	3.42901103761e-14	560	1551298420.41	-14	365	-14	365
9	"1"	"1"	5	FALSE	0	90	100	0	0	3.42901103761e-14	560	1551298420.45	-3	396	-3	396
9	"1"	"1"	5	FALSE	0	90	100	0	0	3.42901103761e-14	560	1551298420.48	6	423	6	423
9	"1"	"1"	5	FALSE	0	90	100	0	0	3.42901103761e-14	560	1551298420.51	10	442	10	442
9	"1"	"1"	5	FALSE	0	90	100	0	0	3.42901103761e-14	560	1551298420.55	17	461	17	461
9	"1"	"1"	5	FALSE	0	90	100	0	0	3.42901103761e-14	560	1551298420.58	19	477	19	477
9	"1"	"1"	5	FALSE	0	90	100	0	0	3.42901103761e-14	560	1551298420.61	19	490	19	490
9	"1"	"1"	5	FALSE	0	90	100	0	0	3.42901103761e-14	560	1551298420.65	19	503	19	503
9	"1"	"1"	5	FALSE	0	90	100	0	0	3.42901103761e-14	560	1551298420.68	18	512	18	512
9	"1"	"1"	5	FALSE	0	90	100	0	0	3.42901103761e-14	560	1551298420.71	18	520	18	520
9	"1"	"1"	5	FALSE	0	90	100	0	0	3.42901103761e-14	560	1551298420.75	17	528	17	528
9	"1"	"1"	5	FALSE	0	90	100	0	0	3.42901103761e-14	560	1551298420.78	16	534	16	534
9	"1"	"1"	5	FALSE	0	90	100	0	0	3.42901103761e-14	560	1551298420.81	12	543	12	543
9	"1"	"1"	5	FALSE	0	90	100	0	0	3.42901103761e-14	560	1551298420.85	8	550	8	550
9	"1"	"1"	5	FALSE	0	90	100	0	0	3.42901103761e-14	560	1551298420.88	7	553	7	553
9	"1"	"1"	6	FALSE	0	135	100	0	0	-395.979797464	395.979797464	1551298422.33	1	-4	1	-4
9	"1"	"1"	6	FALSE	0	135	100	0	0	-395.979797464	395.979797464	1551298422.35	1	-4	1	-4
9	"1"	"1"	6	FALSE	0	135	100	0	0	-395.979797464	395.979797464	1551298422.38	1	-4	1	-4
9	"1"	"1"	6	FALSE	0	135	100	0	0	-395.979797464	395.979797464	1551298422.41	1	-4	1	-4
9	"1"	"1"	6	FALSE	0	135	100	0	0	-395.979797464	395.979797464	1551298422.45	1	-4	1	-4
9	"1"	"1"	6	FALSE	0	135	100	0	0	-395.979797464	395.979797464	1551298422.48	1	-4	1	-4
9	"1"	"1"	6	FALSE	0	135	100	0	0	-395.979797464	395.979797464	1551298422.51	1	-4	1	-4
9	"1"	"1"	6	FALSE	0	135	100	0	0	-395.979797464	395.979797464	1551298422.55	1	-4	1	-4
9	"1"	"1"	6	FALSE	0	135	100	0	0	-395.979797464	395.979797464	1551298422.58	1	-4	1	-4
9	"1"	"1"	6	FALSE	0	135	100	0	0	-395.979797464	395.979797464	1551298422.61	1	-4	1	-4
9	"1"	"1"	6	FALSE	0	135	100	0	0	-395.979797464	395.979797464	1551298422.65	0	-4	0	-4
9	"1"	"1"	6	FALSE	0	135	100	0	0	-395.979797464	395.979797464	1551298422.68	-3	-4	-3	-4
9	"1"	"1"	6	FALSE	0	135	100	0	0	-395.979797464	395.979797464	1551298422.71	-7	-2	-7	-2
9	"1"	"1"	6	FALSE	0	135	100	0	0	-395.979797464	395.979797464	1551298422.75	-17	6	-17	6
9	"1"	"1"	6	FALSE	0	135	100	0	0	-395.979797464	395.979797464	1551298422.78	-35	24	-35	24
9	"1"	"1"	6	FALSE	0	135	100	0	0	-395.979797464	395.979797464	1551298422.81	-69	56	-69	56
9	"1"	"1"	6	FALSE	0	135	100	0	0	-395.979797464	395.979797464	1551298422.85	-105	82	-105	82
9	"1"	"1"	6	FALSE	0	135	100	0	0	-395.979797464	395.979797464	1551298422.88	-137	103	-137	103
9	"1"	"1"	6	FALSE	0	135	100	0	0	-395.979797464	395.979797464	1551298422.91	-172	136	-172	136
9	"1"	"1"	6	FALSE	0	135	100	0	0	-395.979797464	395.979797464	1551298422.95	-201	166	-201	166
9	"1"	"1"	6	FALSE	0	135	100	0	0	-395.979797464	395.979797464	1551298422.98	-224	187	-224	187
9	"1"	"1"	6	FALSE	0	135	100	0	0	-395.979797464	395.979797464	1551298423.01	-250	207	-250	207
9	"1"	"1"	6	FALSE	0	135	100	0	0	-395.979797464	395.979797464	1551298423.05	-272	229	-272	229
9	"1"	"1"	6	FALSE	0	135	100	0	0	-395.979797464	395.979797464	1551298423.08	-289	254	-289	254
9	"1"	"1"	6	FALSE	0	135	100	0	0	-395.979797464	395.979797464	1551298423.11	-301	271	-301	271
9	"1"	"1"	6	FALSE	0	135	100	0	0	-395.979797464	395.979797464	1551298423.15	-310	286	-310	286
9	"1"	"1"	6	FALSE	0	135	100	0	0	-395.979797464	395.979797464	1551298423.18	-320	302	-320	302
9	"1"	"1"	6	FALSE	0	135	100	0	0	-395.979797464	395.979797464	1551298423.21	-328	313	-328	313
9	"1"	"1"	6	FALSE	0	135	100	0	0	-395.979797464	395.979797464	1551298423.25	-336	324	-336	324
9	"1"	"1"	6	FALSE	0	135	100	0	0	-395.979797464	395.979797464	1551298423.28	-340	334	-340	334
9	"1"	"1"	6	FALSE	0	135	100	0	0	-395.979797464	395.979797464	1551298423.31	-344	351	-344	351
9	"1"	"1"	6	FALSE	0	135	100	0	0	-395.979797464	395.979797464	1551298423.35	-353	368	-353	368
9	"1"	"1"	6	FALSE	0	135	100	0	0	-395.979797464	395.979797464	1551298423.38	-359	381	-359	381
9	"1"	"1"	6	FALSE	0	135	100	0	0	-395.979797464	395.979797464	1551298423.41	-365	393	-365	393
9	"1"	"1"	6	FALSE	0	135	100	0	0	-395.979797464	395.979797464	1551298423.45	-368	398	-368	398
9	"1"	"1"	6	FALSE	0	135	100	0	0	-395.979797464	395.979797464	1551298423.48	-373	401	-373	401
9	"1"	"1"	6	FALSE	0	135	100	0	0	-395.979797464	395.979797464	1551298423.51	-376	404	-376	404
9	"1"	"1"	6	FALSE	0	135	100	0	0	-395.979797464	395.979797464	1551298423.55	-378	407	-378	407
9	"1"	"1"	6	FALSE	0	135	100	0	0	-395.979797464	395.979797464	1551298423.58	-381	409	-381	409
9	"1"	"1"	6	FALSE	0	135	100	0	0	-395.979797464	395.979797464	1551298423.61	-384	410	-384	410
9	"1"	"1"	6	FALSE	0	135	100	0	0	-395.979797464	395.979797464	1551298423.65	-387	410	-387	410
9	"1"	"1"	6	FALSE	0	135	100	0	0	-395.979797464	395.979797464	1551298423.68	-389	409	-389	409
9	"1"	"1"	6	FALSE	0	135	100	0	0	-395.979797464	395.979797464	1551298423.71	-393	407	-393	407
9	"1"	"1"	6	FALSE	0	135	100	0	0	-395.979797464	395.979797464	1551298423.75	-395	405	-395	405
9	"1"	"1"	7	FALSE	0	135	100	0	0	-395.979797464	395.979797464	1551298425.13	-8	-8	-8	-8
9	"1"	"1"	7	FALSE	0	135	100	0	0	-395.979797464	395.979797464	1551298425.15	-8	-7	-8	-7
9	"1"	"1"	7	FALSE	0	135	100	0	0	-395.979797464	395.979797464	1551298425.18	-8	-7	-8	-7
9	"1"	"1"	7	FALSE	0	135	100	0	0	-395.979797464	395.979797464	1551298425.22	-8	-6	-8	-6
9	"1"	"1"	7	FALSE	0	135	100	0	0	-395.979797464	395.979797464	1551298425.25	-8	-6	-8	-6
9	"1"	"1"	7	FALSE	0	135	100	0	0	-395.979797464	395.979797464	1551298425.28	-8	-6	-8	-6
9	"1"	"1"	7	FALSE	0	135	100	0	0	-395.979797464	395.979797464	1551298425.32	-8	-6	-8	-6
9	"1"	"1"	7	FALSE	0	135	100	0	0	-395.979797464	395.979797464	1551298425.35	-8	-6	-8	-6
9	"1"	"1"	7	FALSE	0	135	100	0	0	-395.979797464	395.979797464	1551298425.38	-8	-6	-8	-6
9	"1"	"1"	7	FALSE	0	135	100	0	0	-395.979797464	395.979797464	1551298425.42	-8	-6	-8	-6
9	"1"	"1"	7	FALSE	0	135	100	0	0	-395.979797464	395.979797464	1551298425.45	-10	-4	-10	-4
9	"1"	"1"	7	FALSE	0	135	100	0	0	-395.979797464	395.979797464	1551298425.48	-17	7	-17	7
9	"1"	"1"	7	FALSE	0	135	100	0	0	-395.979797464	395.979797464	1551298425.52	-42	38	-42	38
9	"1"	"1"	7	FALSE	0	135	100	0	0	-395.979797464	395.979797464	1551298425.55	-78	76	-78	76
9	"1"	"1"	7	FALSE	0	135	100	0	0	-395.979797464	395.979797464	1551298425.58	-110	105	-110	105
9	"1"	"1"	7	FALSE	0	135	100	0	0	-395.979797464	395.979797464	1551298425.62	-139	129	-139	129
9	"1"	"1"	7	FALSE	0	135	100	0	0	-395.979797464	395.979797464	1551298425.65	-158	149	-158	149
9	"1"	"1"	7	FALSE	0	135	100	0	0	-395.979797464	395.979797464	1551298425.68	-175	170	-175	170
9	"1"	"1"	7	FALSE	0	135	100	0	0	-395.979797464	395.979797464	1551298425.72	-190	191	-190	191
9	"1"	"1"	7	FALSE	0	135	100	0	0	-395.979797464	395.979797464	1551298425.75	-212	221	-212	221
9	"1"	"1"	7	FALSE	0	135	100	0	0	-395.979797464	395.979797464	1551298425.78	-235	248	-235	248
9	"1"	"1"	7	FALSE	0	135	100	0	0	-395.979797464	395.979797464	1551298425.82	-257	276	-257	276
9	"1"	"1"	7	FALSE	0	135	100	0	0	-395.979797464	395.979797464	1551298425.85	-279	298	-279	298
9	"1"	"1"	7	FALSE	0	135	100	0	0	-395.979797464	395.979797464	1551298425.88	-291	309	-291	309
9	"1"	"1"	7	FALSE	0	135	100	0	0	-395.979797464	395.979797464	1551298425.92	-307	321	-307	321
9	"1"	"1"	7	FALSE	0	135	100	0	0	-395.979797464	395.979797464	1551298425.95	-318	332	-318	332
9	"1"	"1"	7	FALSE	0	135	100	0	0	-395.979797464	395.979797464	1551298425.98	-327	339	-327	339
9	"1"	"1"	7	FALSE	0	135	100	0	0	-395.979797464	395.979797464	1551298426.02	-335	347	-335	347
9	"1"	"1"	7	FALSE	0	135	100	0	0	-395.979797464	395.979797464	1551298426.05	-343	353	-343	353
9	"1"	"1"	7	FALSE	0	135	100	0	0	-395.979797464	395.979797464	1551298426.08	-352	361	-352	361
9	"1"	"1"	7	FALSE	0	135	100	0	0	-395.979797464	395.979797464	1551298426.12	-357	367	-357	367
9	"1"	"1"	7	FALSE	0	135	100	0	0	-395.979797464	395.979797464	1551298426.15	-364	375	-364	375
9	"1"	"1"	7	FALSE	0	135	100	0	0	-395.979797464	395.979797464	1551298426.18	-370	381	-370	381
9	"1"	"1"	7	FALSE	0	135	100	0	0	-395.979797464	395.979797464	1551298426.22	-375	385	-375	385
9	"1"	"1"	7	FALSE	0	135	100	0	0	-395.979797464	395.979797464	1551298426.25	-381	393	-381	393
9	"1"	"1"	7	FALSE	0	135	100	0	0	-395.979797464	395.979797464	1551298426.28	-386	397	-386	397
9	"1"	"1"	7	FALSE	0	135	100	0	0	-395.979797464	395.979797464	1551298426.32	-389	399	-389	399
9	"1"	"1"	7	FALSE	0	135	100	0	0	-395.979797464	395.979797464	1551298426.35	-391	401	-391	401
9	"1"	"1"	7	FALSE	0	135	100	0	0	-395.979797464	395.979797464	1551298426.38	-392	402	-392	402
9	"1"	"1"	7	FALSE	0	135	100	0	0	-395.979797464	395.979797464	1551298426.42	-393	403	-393	403
9	"1"	"1"	8	FALSE	0	90	100	0	0	3.42901103761e-14	560	1551298427.73	3	-1	3	-1
9	"1"	"1"	8	FALSE	0	90	100	0	0	3.42901103761e-14	560	1551298427.75	3	-1	3	-1
9	"1"	"1"	8	FALSE	0	90	100	0	0	3.42901103761e-14	560	1551298427.78	3	-1	3	-1
9	"1"	"1"	8	FALSE	0	90	100	0	0	3.42901103761e-14	560	1551298427.82	3	-1	3	-1
9	"1"	"1"	8	FALSE	0	90	100	0	0	3.42901103761e-14	560	1551298427.85	3	-1	3	-1
9	"1"	"1"	8	FALSE	0	90	100	0	0	3.42901103761e-14	560	1551298427.88	3	-1	3	-1
9	"1"	"1"	8	FALSE	0	90	100	0	0	3.42901103761e-14	560	1551298427.92	3	-1	3	-1
9	"1"	"1"	8	FALSE	0	90	100	0	0	3.42901103761e-14	560	1551298427.95	3	-1	3	-1
9	"1"	"1"	8	FALSE	0	90	100	0	0	3.42901103761e-14	560	1551298427.98	3	-1	3	-1
9	"1"	"1"	8	FALSE	0	90	100	0	0	3.42901103761e-14	560	1551298428.02	2	1	2	1
9	"1"	"1"	8	FALSE	0	90	100	0	0	3.42901103761e-14	560	1551298428.05	-2	6	-2	6
9	"1"	"1"	8	FALSE	0	90	100	0	0	3.42901103761e-14	560	1551298428.08	-7	15	-7	15
9	"1"	"1"	8	FALSE	0	90	100	0	0	3.42901103761e-14	560	1551298428.12	-13	34	-13	34
9	"1"	"1"	8	FALSE	0	90	100	0	0	3.42901103761e-14	560	1551298428.15	-18	60	-18	60
9	"1"	"1"	8	FALSE	0	90	100	0	0	3.42901103761e-14	560	1551298428.19	-25	93	-25	93
9	"1"	"1"	8	FALSE	0	90	100	0	0	3.42901103761e-14	560	1551298428.22	-31	126	-31	126
9	"1"	"1"	8	FALSE	0	90	100	0	0	3.42901103761e-14	560	1551298428.25	-36	157	-36	157
9	"1"	"1"	8	FALSE	0	90	100	0	0	3.42901103761e-14	560	1551298428.29	-41	195	-41	195
9	"1"	"1"	8	FALSE	0	90	100	0	0	3.42901103761e-14	560	1551298428.32	-44	237	-44	237
9	"1"	"1"	8	FALSE	0	90	100	0	0	3.42901103761e-14	560	1551298428.35	-47	287	-47	287
9	"1"	"1"	8	FALSE	0	90	100	0	0	3.42901103761e-14	560	1551298428.39	-48	324	-48	324
9	"1"	"1"	8	FALSE	0	90	100	0	0	3.42901103761e-14	560	1551298428.42	-52	358	-52	358
9	"1"	"1"	8	FALSE	0	90	100	0	0	3.42901103761e-14	560	1551298428.45	-55	388	-55	388
9	"1"	"1"	8	FALSE	0	90	100	0	0	3.42901103761e-14	560	1551298428.49	-56	410	-56	410
9	"1"	"1"	8	FALSE	0	90	100	0	0	3.42901103761e-14	560	1551298428.52	-54	434	-54	434
9	"1"	"1"	8	FALSE	0	90	100	0	0	3.42901103761e-14	560	1551298428.55	-52	461	-52	461
9	"1"	"1"	8	FALSE	0	90	100	0	0	3.42901103761e-14	560	1551298428.59	-48	481	-48	481
9	"1"	"1"	8	FALSE	0	90	100	0	0	3.42901103761e-14	560	1551298428.62	-43	499	-43	499
9	"1"	"1"	8	FALSE	0	90	100	0	0	3.42901103761e-14	560	1551298428.65	-39	514	-39	514
9	"1"	"1"	8	FALSE	0	90	100	0	0	3.42901103761e-14	560	1551298428.69	-34	522	-34	522
9	"1"	"1"	8	FALSE	0	90	100	0	0	3.42901103761e-14	560	1551298428.72	-32	526	-32	526
9	"1"	"1"	8	FALSE	0	90	100	0	0	3.42901103761e-14	560	1551298428.75	-27	531	-27	531
9	"1"	"1"	8	FALSE	0	90	100	0	0	3.42901103761e-14	560	1551298428.79	-21	537	-21	537
9	"1"	"1"	8	FALSE	0	90	100	0	0	3.42901103761e-14	560	1551298428.82	-17	543	-17	543
9	"1"	"1"	8	FALSE	0	90	100	0	0	3.42901103761e-14	560	1551298428.85	-12	554	-12	554
9	"1"	"1"	8	FALSE	0	90	100	0	0	3.42901103761e-14	560	1551298428.89	-4	565	-4	565
9	"1"	"1"	8	FALSE	0	90	100	0	0	3.42901103761e-14	560	1551298428.92	-3	566	-3	566
9	"1"	"1"	9	FALSE	0	45	100	0	0	395.979797464	395.979797464	1551298430.47	2	-5	2	-5
9	"1"	"1"	9	FALSE	0	45	100	0	0	395.979797464	395.979797464	1551298430.49	2	-5	2	-5
9	"1"	"1"	9	FALSE	0	45	100	0	0	395.979797464	395.979797464	1551298430.52	2	-5	2	-5
9	"1"	"1"	9	FALSE	0	45	100	0	0	395.979797464	395.979797464	1551298430.55	2	-5	2	-5
9	"1"	"1"	9	FALSE	0	45	100	0	0	395.979797464	395.979797464	1551298430.59	2	-5	2	-5
9	"1"	"1"	9	FALSE	0	45	100	0	0	395.979797464	395.979797464	1551298430.62	2	-5	2	-5
9	"1"	"1"	9	FALSE	0	45	100	0	0	395.979797464	395.979797464	1551298430.65	2	-5	2	-5
9	"1"	"1"	9	FALSE	0	45	100	0	0	395.979797464	395.979797464	1551298430.69	2	-5	2	-5
9	"1"	"1"	9	FALSE	0	45	100	0	0	395.979797464	395.979797464	1551298430.72	2	-5	2	-5
9	"1"	"1"	9	FALSE	0	45	100	0	0	395.979797464	395.979797464	1551298430.75	2	-5	2	-5
9	"1"	"1"	9	FALSE	0	45	100	0	0	395.979797464	395.979797464	1551298430.79	3	-5	3	-5
9	"1"	"1"	9	FALSE	0	45	100	0	0	395.979797464	395.979797464	1551298430.82	7	0	7	0
9	"1"	"1"	9	FALSE	0	45	100	0	0	395.979797464	395.979797464	1551298430.85	20	19	20	19
9	"1"	"1"	9	FALSE	0	45	100	0	0	395.979797464	395.979797464	1551298430.89	39	53	39	53
9	"1"	"1"	9	FALSE	0	45	100	0	0	395.979797464	395.979797464	1551298430.92	58	87	58	87
9	"1"	"1"	9	FALSE	0	45	100	0	0	395.979797464	395.979797464	1551298430.95	84	124	84	124
9	"1"	"1"	9	FALSE	0	45	100	0	0	395.979797464	395.979797464	1551298430.99	111	156	111	156
9	"1"	"1"	9	FALSE	0	45	100	0	0	395.979797464	395.979797464	1551298431.02	136	182	136	182
9	"1"	"1"	9	FALSE	0	45	100	0	0	395.979797464	395.979797464	1551298431.05	164	209	164	209
9	"1"	"1"	9	FALSE	0	45	100	0	0	395.979797464	395.979797464	1551298431.09	190	233	190	233
9	"1"	"1"	9	FALSE	0	45	100	0	0	395.979797464	395.979797464	1551298431.12	213	255	213	255
9	"1"	"1"	9	FALSE	0	45	100	0	0	395.979797464	395.979797464	1551298431.15	232	270	232	270
9	"1"	"1"	9	FALSE	0	45	100	0	0	395.979797464	395.979797464	1551298431.19	253	284	253	284
9	"1"	"1"	9	FALSE	0	45	100	0	0	395.979797464	395.979797464	1551298431.22	274	299	274	299
9	"1"	"1"	9	FALSE	0	45	100	0	0	395.979797464	395.979797464	1551298431.25	285	306	285	306
9	"1"	"1"	9	FALSE	0	45	100	0	0	395.979797464	395.979797464	1551298431.29	297	312	297	312
9	"1"	"1"	9	FALSE	0	45	100	0	0	395.979797464	395.979797464	1551298431.32	307	318	307	318
9	"1"	"1"	9	FALSE	0	45	100	0	0	395.979797464	395.979797464	1551298431.35	316	325	316	325
9	"1"	"1"	9	FALSE	0	45	100	0	0	395.979797464	395.979797464	1551298431.39	324	331	324	331
9	"1"	"1"	9	FALSE	0	45	100	0	0	395.979797464	395.979797464	1551298431.42	329	336	329	336
9	"1"	"1"	9	FALSE	0	45	100	0	0	395.979797464	395.979797464	1551298431.45	338	346	338	346
9	"1"	"1"	9	FALSE	0	45	100	0	0	395.979797464	395.979797464	1551298431.49	347	353	347	353
9	"1"	"1"	9	FALSE	0	45	100	0	0	395.979797464	395.979797464	1551298431.52	355	356	355	356
9	"1"	"1"	9	FALSE	0	45	100	0	0	395.979797464	395.979797464	1551298431.55	361	361	361	361
9	"1"	"1"	9	FALSE	0	45	100	0	0	395.979797464	395.979797464	1551298431.59	369	366	369	366
9	"1"	"1"	9	FALSE	0	45	100	0	0	395.979797464	395.979797464	1551298431.62	374	370	374	370
9	"1"	"1"	9	FALSE	0	45	100	0	0	395.979797464	395.979797464	1551298431.65	380	374	380	374
9	"1"	"1"	9	FALSE	0	45	100	0	0	395.979797464	395.979797464	1551298431.69	386	382	386	382
9	"1"	"1"	9	FALSE	0	45	100	0	0	395.979797464	395.979797464	1551298431.72	390	386	390	386
9	"1"	"1"	9	FALSE	0	45	100	0	0	395.979797464	395.979797464	1551298431.75	392	388	392	388
9	"1"	"1"	9	FALSE	0	45	100	0	0	395.979797464	395.979797464	1551298431.79	394	390	394	390
9	"1"	"1"	9	FALSE	0	45	100	0	0	395.979797464	395.979797464	1551298431.82	398	394	398	394
9	"1"	"1"	9	FALSE	0	45	100	0	0	395.979797464	395.979797464	1551298431.85	399	395	399	395
9	"1"	"1"	10	FALSE	0	45	100	0	0	395.979797464	395.979797464	1551298433.1	-4	-1	-4	-1
9	"1"	"1"	10	FALSE	0	45	100	0	0	395.979797464	395.979797464	1551298433.14	-4	-1	-4	-1
9	"1"	"1"	10	FALSE	0	45	100	0	0	395.979797464	395.979797464	1551298433.17	-4	0	-4	0
9	"1"	"1"	10	FALSE	0	45	100	0	0	395.979797464	395.979797464	1551298433.21	-4	0	-4	0
9	"1"	"1"	10	FALSE	0	45	100	0	0	395.979797464	395.979797464	1551298433.24	-4	0	-4	0
9	"1"	"1"	10	FALSE	0	45	100	0	0	395.979797464	395.979797464	1551298433.27	-4	0	-4	0
9	"1"	"1"	10	FALSE	0	45	100	0	0	395.979797464	395.979797464	1551298433.31	-4	0	-4	0
9	"1"	"1"	10	FALSE	0	45	100	0	0	395.979797464	395.979797464	1551298433.34	-4	0	-4	0
9	"1"	"1"	10	FALSE	0	45	100	0	0	395.979797464	395.979797464	1551298433.37	-4	0	-4	0
9	"1"	"1"	10	FALSE	0	45	100	0	0	395.979797464	395.979797464	1551298433.41	-5	4	-5	4
9	"1"	"1"	10	FALSE	0	45	100	0	0	395.979797464	395.979797464	1551298433.44	-5	14	-5	14
9	"1"	"1"	10	FALSE	0	45	100	0	0	395.979797464	395.979797464	1551298433.47	1	39	1	39
9	"1"	"1"	10	FALSE	0	45	100	0	0	395.979797464	395.979797464	1551298433.51	11	65	11	65
9	"1"	"1"	10	FALSE	0	45	100	0	0	395.979797464	395.979797464	1551298433.54	30	99	30	99
9	"1"	"1"	10	FALSE	0	45	100	0	0	395.979797464	395.979797464	1551298433.57	55	135	55	135
9	"1"	"1"	10	FALSE	0	45	100	0	0	395.979797464	395.979797464	1551298433.61	77	165	77	165
9	"1"	"1"	10	FALSE	0	45	100	0	0	395.979797464	395.979797464	1551298433.64	104	196	104	196
9	"1"	"1"	10	FALSE	0	45	100	0	0	395.979797464	395.979797464	1551298433.67	134	226	134	226
9	"1"	"1"	10	FALSE	0	45	100	0	0	395.979797464	395.979797464	1551298433.71	162	249	162	249
9	"1"	"1"	10	FALSE	0	45	100	0	0	395.979797464	395.979797464	1551298433.74	195	271	195	271
9	"1"	"1"	10	FALSE	0	45	100	0	0	395.979797464	395.979797464	1551298433.77	226	291	226	291
9	"1"	"1"	10	FALSE	0	45	100	0	0	395.979797464	395.979797464	1551298433.81	254	310	254	310
9	"1"	"1"	10	FALSE	0	45	100	0	0	395.979797464	395.979797464	1551298433.84	279	325	279	325
9	"1"	"1"	10	FALSE	0	45	100	0	0	395.979797464	395.979797464	1551298433.87	306	340	306	340
9	"1"	"1"	10	FALSE	0	45	100	0	0	395.979797464	395.979797464	1551298433.91	327	353	327	353
9	"1"	"1"	10	FALSE	0	45	100	0	0	395.979797464	395.979797464	1551298433.94	339	360	339	360
9	"1"	"1"	10	FALSE	0	45	100	0	0	395.979797464	395.979797464	1551298433.97	355	368	355	368
9	"1"	"1"	10	FALSE	0	45	100	0	0	395.979797464	395.979797464	1551298434.01	365	374	365	374
9	"1"	"1"	10	FALSE	0	45	100	0	0	395.979797464	395.979797464	1551298434.04	370	377	370	377
9	"1"	"1"	10	FALSE	0	45	100	0	0	395.979797464	395.979797464	1551298434.07	373	381	373	381
9	"1"	"1"	10	FALSE	0	45	100	0	0	395.979797464	395.979797464	1551298434.11	377	385	377	385
9	"1"	"1"	10	FALSE	0	45	100	0	0	395.979797464	395.979797464	1551298434.14	379	389	379	389
9	"1"	"1"	10	FALSE	0	45	100	0	0	395.979797464	395.979797464	1551298434.17	383	393	383	393
9	"1"	"1"	10	FALSE	0	45	100	0	0	395.979797464	395.979797464	1551298434.21	385	395	385	395
9	"1"	"1"	11	FALSE	0	135	100	0	0	-395.979797464	395.979797464	1551298435.52	2	-1	2	-1
9	"1"	"1"	11	FALSE	0	135	100	0	0	-395.979797464	395.979797464	1551298435.54	1	-1	1	-1
9	"1"	"1"	11	FALSE	0	135	100	0	0	-395.979797464	395.979797464	1551298435.57	1	-1	1	-1
9	"1"	"1"	11	FALSE	0	135	100	0	0	-395.979797464	395.979797464	1551298435.61	1	-1	1	-1
9	"1"	"1"	11	FALSE	0	135	100	0	0	-395.979797464	395.979797464	1551298435.64	1	-1	1	-1
9	"1"	"1"	11	FALSE	0	135	100	0	0	-395.979797464	395.979797464	1551298435.67	1	-1	1	-1
9	"1"	"1"	11	FALSE	0	135	100	0	0	-395.979797464	395.979797464	1551298435.71	1	-1	1	-1
9	"1"	"1"	11	FALSE	0	135	100	0	0	-395.979797464	395.979797464	1551298435.74	1	-1	1	-1
9	"1"	"1"	11	FALSE	0	135	100	0	0	-395.979797464	395.979797464	1551298435.77	1	-1	1	-1
9	"1"	"1"	11	FALSE	0	135	100	0	0	-395.979797464	395.979797464	1551298435.81	1	-1	1	-1
9	"1"	"1"	11	FALSE	0	135	100	0	0	-395.979797464	395.979797464	1551298435.84	-4	4	-4	4
9	"1"	"1"	11	FALSE	0	135	100	0	0	-395.979797464	395.979797464	1551298435.87	-10	10	-10	10
9	"1"	"1"	11	FALSE	0	135	100	0	0	-395.979797464	395.979797464	1551298435.91	-24	25	-24	25
9	"1"	"1"	11	FALSE	0	135	100	0	0	-395.979797464	395.979797464	1551298435.94	-52	50	-52	50
9	"1"	"1"	11	FALSE	0	135	100	0	0	-395.979797464	395.979797464	1551298435.97	-78	70	-78	70
9	"1"	"1"	11	FALSE	0	135	100	0	0	-395.979797464	395.979797464	1551298436.01	-105	92	-105	92
9	"1"	"1"	11	FALSE	0	135	100	0	0	-395.979797464	395.979797464	1551298436.04	-120	105	-120	105
9	"1"	"1"	11	FALSE	0	135	100	0	0	-395.979797464	395.979797464	1551298436.07	-140	126	-140	126
9	"1"	"1"	11	FALSE	0	135	100	0	0	-395.979797464	395.979797464	1551298436.11	-164	155	-164	155
9	"1"	"1"	11	FALSE	0	135	100	0	0	-395.979797464	395.979797464	1551298436.14	-184	178	-184	178
9	"1"	"1"	11	FALSE	0	135	100	0	0	-395.979797464	395.979797464	1551298436.17	-208	203	-208	203
9	"1"	"1"	11	FALSE	0	135	100	0	0	-395.979797464	395.979797464	1551298436.21	-234	227	-234	227
9	"1"	"1"	11	FALSE	0	135	100	0	0	-395.979797464	395.979797464	1551298436.24	-265	249	-265	249
9	"1"	"1"	11	FALSE	0	135	100	0	0	-395.979797464	395.979797464	1551298436.27	-285	264	-285	264
9	"1"	"1"	11	FALSE	0	135	100	0	0	-395.979797464	395.979797464	1551298436.31	-300	277	-300	277
9	"1"	"1"	11	FALSE	0	135	100	0	0	-395.979797464	395.979797464	1551298436.34	-314	290	-314	290
9	"1"	"1"	11	FALSE	0	135	100	0	0	-395.979797464	395.979797464	1551298436.37	-323	299	-323	299
9	"1"	"1"	11	FALSE	0	135	100	0	0	-395.979797464	395.979797464	1551298436.41	-334	308	-334	308
9	"1"	"1"	11	FALSE	0	135	100	0	0	-395.979797464	395.979797464	1551298436.44	-345	319	-345	319
9	"1"	"1"	11	FALSE	0	135	100	0	0	-395.979797464	395.979797464	1551298436.47	-352	327	-352	327
9	"1"	"1"	11	FALSE	0	135	100	0	0	-395.979797464	395.979797464	1551298436.51	-357	333	-357	333
9	"1"	"1"	11	FALSE	0	135	100	0	0	-395.979797464	395.979797464	1551298436.54	-359	338	-359	338
9	"1"	"1"	11	FALSE	0	135	100	0	0	-395.979797464	395.979797464	1551298436.57	-363	347	-363	347
9	"1"	"1"	11	FALSE	0	135	100	0	0	-395.979797464	395.979797464	1551298436.61	-367	355	-367	355
9	"1"	"1"	11	FALSE	0	135	100	0	0	-395.979797464	395.979797464	1551298436.64	-371	364	-371	364
9	"1"	"1"	11	FALSE	0	135	100	0	0	-395.979797464	395.979797464	1551298436.67	-375	371	-375	371
9	"1"	"1"	11	FALSE	0	135	100	0	0	-395.979797464	395.979797464	1551298436.71	-378	376	-378	376
9	"1"	"1"	11	FALSE	0	135	100	0	0	-395.979797464	395.979797464	1551298436.74	-380	381	-380	381
9	"1"	"1"	11	FALSE	0	135	100	0	0	-395.979797464	395.979797464	1551298436.77	-383	387	-383	387
9	"1"	"1"	11	FALSE	0	135	100	0	0	-395.979797464	395.979797464	1551298436.81	-385	394	-385	394
9	"1"	"1"	11	FALSE	0	135	100	0	0	-395.979797464	395.979797464	1551298436.84	-389	398	-389	398
9	"1"	"1"	11	FALSE	0	135	100	0	0	-395.979797464	395.979797464	1551298436.88	-392	400	-392	400
9	"1"	"1"	11	FALSE	0	135	100	0	0	-395.979797464	395.979797464	1551298436.91	-394	402	-394	402
9	"1"	"1"	11	FALSE	0	135	100	0	0	-395.979797464	395.979797464	1551298436.94	-396	405	-396	405
9	"1"	"1"	11	FALSE	0	135	100	0	0	-395.979797464	395.979797464	1551298436.98	-399	409	-399	409
9	"1"	"1"	11	FALSE	0	135	100	0	0	-395.979797464	395.979797464	1551298437.01	-400	410	-400	410
9	"1"	"1"	11	FALSE	0	135	100	0	0	-395.979797464	395.979797464	1551298437.04	-401	410	-401	410
9	"1"	"1"	11	FALSE	0	135	100	0	0	-395.979797464	395.979797464	1551298437.08	-400	410	-400	410
9	"1"	"1"	11	FALSE	0	135	100	0	0	-395.979797464	395.979797464	1551298437.11	-400	411	-400	411
9	"1"	"1"	11	FALSE	0	135	100	0	0	-395.979797464	395.979797464	1551298437.14	-399	409	-399	409
9	"1"	"1"	11	FALSE	0	135	100	0	0	-395.979797464	395.979797464	1551298437.18	-396	406	-396	406
9	"1"	"1"	11	FALSE	0	135	100	0	0	-395.979797464	395.979797464	1551298437.21	-393	402	-393	402
9	"1"	"1"	11	FALSE	0	135	100	0	0	-395.979797464	395.979797464	1551298437.24	-387	397	-387	397
9	"1"	"1"	11	FALSE	0	135	100	0	0	-395.979797464	395.979797464	1551298437.28	-382	390	-382	390
9	"1"	"1"	11	FALSE	0	135	100	0	0	-395.979797464	395.979797464	1551298437.31	-375	381	-375	381
9	"1"	"1"	11	FALSE	0	135	100	0	0	-395.979797464	395.979797464	1551298437.34	-370	372	-370	372
9	"1"	"1"	11	FALSE	0	135	100	0	0	-395.979797464	395.979797464	1551298437.38	-367	366	-367	366
9	"1"	"1"	11	FALSE	0	135	100	0	0	-395.979797464	395.979797464	1551298437.41	-366	366	-366	366
9	"1"	"1"	11	FALSE	0	135	100	0	0	-395.979797464	395.979797464	1551298437.44	-367	366	-367	366
9	"1"	"1"	11	FALSE	0	135	100	0	0	-395.979797464	395.979797464	1551298437.48	-370	367	-370	367
9	"1"	"1"	11	FALSE	0	135	100	0	0	-395.979797464	395.979797464	1551298437.51	-374	370	-374	370
9	"1"	"1"	11	FALSE	0	135	100	0	0	-395.979797464	395.979797464	1551298437.54	-378	373	-378	373
9	"1"	"1"	11	FALSE	0	135	100	0	0	-395.979797464	395.979797464	1551298437.58	-382	375	-382	375
9	"1"	"1"	11	FALSE	0	135	100	0	0	-395.979797464	395.979797464	1551298437.61	-384	377	-384	377
9	"1"	"1"	11	FALSE	0	135	100	0	0	-395.979797464	395.979797464	1551298437.64	-386	379	-386	379
9	"1"	"1"	11	FALSE	0	135	100	0	0	-395.979797464	395.979797464	1551298437.68	-387	381	-387	381
9	"1"	"1"	11	FALSE	0	135	100	0	0	-395.979797464	395.979797464	1551298437.71	-390	384	-390	384
9	"1"	"1"	11	FALSE	0	135	100	0	0	-395.979797464	395.979797464	1551298437.74	-392	387	-392	387
9	"1"	"1"	12	FALSE	0	90	100	0	0	3.42901103761e-14	560	1551298439.16	-6	1	-6	1
9	"1"	"1"	12	FALSE	0	90	100	0	0	3.42901103761e-14	560	1551298439.18	-6	1	-6	1
9	"1"	"1"	12	FALSE	0	90	100	0	0	3.42901103761e-14	560	1551298439.21	-6	1	-6	1
9	"1"	"1"	12	FALSE	0	90	100	0	0	3.42901103761e-14	560	1551298439.24	-6	1	-6	1
9	"1"	"1"	12	FALSE	0	90	100	0	0	3.42901103761e-14	560	1551298439.28	-6	1	-6	1
9	"1"	"1"	12	FALSE	0	90	100	0	0	3.42901103761e-14	560	1551298439.31	-6	1	-6	1
9	"1"	"1"	12	FALSE	0	90	100	0	0	3.42901103761e-14	560	1551298439.34	-6	2	-6	2
9	"1"	"1"	12	FALSE	0	90	100	0	0	3.42901103761e-14	560	1551298439.38	-6	2	-6	2
9	"1"	"1"	12	FALSE	0	90	100	0	0	3.42901103761e-14	560	1551298439.41	-6	2	-6	2
9	"1"	"1"	12	FALSE	0	90	100	0	0	3.42901103761e-14	560	1551298439.44	-6	2	-6	2
9	"1"	"1"	12	FALSE	0	90	100	0	0	3.42901103761e-14	560	1551298439.48	-6	2	-6	2
9	"1"	"1"	12	FALSE	0	90	100	0	0	3.42901103761e-14	560	1551298439.51	-8	6	-8	6
9	"1"	"1"	12	FALSE	0	90	100	0	0	3.42901103761e-14	560	1551298439.54	-13	20	-13	20
9	"1"	"1"	12	FALSE	0	90	100	0	0	3.42901103761e-14	560	1551298439.58	-21	49	-21	49
9	"1"	"1"	12	FALSE	0	90	100	0	0	3.42901103761e-14	560	1551298439.61	-28	79	-28	79
9	"1"	"1"	12	FALSE	0	90	100	0	0	3.42901103761e-14	560	1551298439.64	-36	121	-36	121
9	"1"	"1"	12	FALSE	0	90	100	0	0	3.42901103761e-14	560	1551298439.68	-44	164	-44	164
9	"1"	"1"	12	FALSE	0	90	100	0	0	3.42901103761e-14	560	1551298439.71	-52	200	-52	200
9	"1"	"1"	12	FALSE	0	90	100	0	0	3.42901103761e-14	560	1551298439.74	-57	243	-57	243
9	"1"	"1"	12	FALSE	0	90	100	0	0	3.42901103761e-14	560	1551298439.78	-58	277	-58	277
9	"1"	"1"	12	FALSE	0	90	100	0	0	3.42901103761e-14	560	1551298439.81	-60	321	-60	321
9	"1"	"1"	12	FALSE	0	90	100	0	0	3.42901103761e-14	560	1551298439.84	-64	363	-64	363
9	"1"	"1"	12	FALSE	0	90	100	0	0	3.42901103761e-14	560	1551298439.88	-63	393	-63	393
9	"1"	"1"	12	FALSE	0	90	100	0	0	3.42901103761e-14	560	1551298439.91	-58	424	-58	424
9	"1"	"1"	12	FALSE	0	90	100	0	0	3.42901103761e-14	560	1551298439.94	-52	449	-52	449
9	"1"	"1"	12	FALSE	0	90	100	0	0	3.42901103761e-14	560	1551298439.98	-48	462	-48	462
9	"1"	"1"	12	FALSE	0	90	100	0	0	3.42901103761e-14	560	1551298440.01	-43	479	-43	479
9	"1"	"1"	12	FALSE	0	90	100	0	0	3.42901103761e-14	560	1551298440.04	-40	493	-40	493
9	"1"	"1"	12	FALSE	0	90	100	0	0	3.42901103761e-14	560	1551298440.08	-36	504	-36	504
9	"1"	"1"	12	FALSE	0	90	100	0	0	3.42901103761e-14	560	1551298440.11	-33	509	-33	509
9	"1"	"1"	12	FALSE	0	90	100	0	0	3.42901103761e-14	560	1551298440.14	-30	515	-30	515
9	"1"	"1"	12	FALSE	0	90	100	0	0	3.42901103761e-14	560	1551298440.18	-28	517	-28	517
9	"1"	"1"	12	FALSE	0	90	100	0	0	3.42901103761e-14	560	1551298440.21	-25	521	-25	521
9	"1"	"1"	12	FALSE	0	90	100	0	0	3.42901103761e-14	560	1551298440.24	-21	531	-21	531
9	"1"	"1"	12	FALSE	0	90	100	0	0	3.42901103761e-14	560	1551298440.28	-15	542	-15	542
9	"1"	"1"	12	FALSE	0	90	100	0	0	3.42901103761e-14	560	1551298440.31	-11	552	-11	552
9	"1"	"1"	12	FALSE	0	90	100	0	0	3.42901103761e-14	560	1551298440.34	-10	555	-10	555
9	"1"	"1"	12	FALSE	0	90	100	0	0	3.42901103761e-14	560	1551298440.38	-9	556	-9	556
9	"1"	"1"	13	FALSE	0	90	100	0	0	3.42901103761e-14	560	1551298441.76	7	-7	7	-7
9	"1"	"1"	13	FALSE	0	90	100	0	0	3.42901103761e-14	560	1551298441.78	7	-7	7	-7
9	"1"	"1"	13	FALSE	0	90	100	0	0	3.42901103761e-14	560	1551298441.81	7	-7	7	-7
9	"1"	"1"	13	FALSE	0	90	100	0	0	3.42901103761e-14	560	1551298441.85	7	-7	7	-7
9	"1"	"1"	13	FALSE	0	90	100	0	0	3.42901103761e-14	560	1551298441.88	7	-7	7	-7
9	"1"	"1"	13	FALSE	0	90	100	0	0	3.42901103761e-14	560	1551298441.91	7	-7	7	-7
9	"1"	"1"	13	FALSE	0	90	100	0	0	3.42901103761e-14	560	1551298441.95	7	-7	7	-7
9	"1"	"1"	13	FALSE	0	90	100	0	0	3.42901103761e-14	560	1551298441.98	7	-7	7	-7
9	"1"	"1"	13	FALSE	0	90	100	0	0	3.42901103761e-14	560	1551298442.01	7	-7	7	-7
9	"1"	"1"	13	FALSE	0	90	100	0	0	3.42901103761e-14	560	1551298442.05	7	-7	7	-7
9	"1"	"1"	13	FALSE	0	90	100	0	0	3.42901103761e-14	560	1551298442.08	7	-7	7	-7
9	"1"	"1"	13	FALSE	0	90	100	0	0	3.42901103761e-14	560	1551298442.11	7	-7	7	-7
9	"1"	"1"	13	FALSE	0	90	100	0	0	3.42901103761e-14	560	1551298442.15	4	-2	4	-2
9	"1"	"1"	13	FALSE	0	90	100	0	0	3.42901103761e-14	560	1551298442.18	1	7	1	7
9	"1"	"1"	13	FALSE	0	90	100	0	0	3.42901103761e-14	560	1551298442.21	-1	23	-1	23
9	"1"	"1"	13	FALSE	0	90	100	0	0	3.42901103761e-14	560	1551298442.25	-6	57	-6	57
9	"1"	"1"	13	FALSE	0	90	100	0	0	3.42901103761e-14	560	1551298442.28	-12	99	-12	99
9	"1"	"1"	13	FALSE	0	90	100	0	0	3.42901103761e-14	560	1551298442.31	-16	137	-16	137
9	"1"	"1"	13	FALSE	0	90	100	0	0	3.42901103761e-14	560	1551298442.35	-21	194	-21	194
9	"1"	"1"	13	FALSE	0	90	100	0	0	3.42901103761e-14	560	1551298442.38	-23	258	-23	258
9	"1"	"1"	13	FALSE	0	90	100	0	0	3.42901103761e-14	560	1551298442.41	-22	308	-22	308
9	"1"	"1"	13	FALSE	0	90	100	0	0	3.42901103761e-14	560	1551298442.45	-24	346	-24	346
9	"1"	"1"	13	FALSE	0	90	100	0	0	3.42901103761e-14	560	1551298442.48	-20	385	-20	385
9	"1"	"1"	13	FALSE	0	90	100	0	0	3.42901103761e-14	560	1551298442.51	-12	412	-12	412
9	"1"	"1"	13	FALSE	0	90	100	0	0	3.42901103761e-14	560	1551298442.55	-8	432	-8	432
9	"1"	"1"	13	FALSE	0	90	100	0	0	3.42901103761e-14	560	1551298442.58	-7	457	-7	457
9	"1"	"1"	13	FALSE	0	90	100	0	0	3.42901103761e-14	560	1551298442.61	-9	482	-9	482
9	"1"	"1"	13	FALSE	0	90	100	0	0	3.42901103761e-14	560	1551298442.65	-10	495	-10	495
9	"1"	"1"	13	FALSE	0	90	100	0	0	3.42901103761e-14	560	1551298442.68	-11	509	-11	509
9	"1"	"1"	13	FALSE	0	90	100	0	0	3.42901103761e-14	560	1551298442.71	-10	516	-10	516
9	"1"	"1"	13	FALSE	0	90	100	0	0	3.42901103761e-14	560	1551298442.75	-8	524	-8	524
9	"1"	"1"	13	FALSE	0	90	100	0	0	3.42901103761e-14	560	1551298442.78	-7	528	-7	528
9	"1"	"1"	13	FALSE	0	90	100	0	0	3.42901103761e-14	560	1551298442.81	-5	536	-5	536
9	"1"	"1"	13	FALSE	0	90	100	0	0	3.42901103761e-14	560	1551298442.85	-4	552	-4	552
9	"1"	"1"	13	FALSE	0	90	100	0	0	3.42901103761e-14	560	1551298442.88	-3	564	-3	564
9	"1"	"1"	13	FALSE	0	90	100	0	0	3.42901103761e-14	560	1551298442.91	-3	568	-3	568
9	"1"	"1"	14	FALSE	0	135	100	0	0	-395.979797464	395.979797464	1551298444.13	3	-8	3	-8
9	"1"	"1"	14	FALSE	0	135	100	0	0	-395.979797464	395.979797464	1551298444.16	3	-8	3	-8
9	"1"	"1"	14	FALSE	0	135	100	0	0	-395.979797464	395.979797464	1551298444.2	3	-8	3	-8
9	"1"	"1"	14	FALSE	0	135	100	0	0	-395.979797464	395.979797464	1551298444.23	3	-8	3	-8
9	"1"	"1"	14	FALSE	0	135	100	0	0	-395.979797464	395.979797464	1551298444.26	3	-8	3	-8
9	"1"	"1"	14	FALSE	0	135	100	0	0	-395.979797464	395.979797464	1551298444.3	3	-8	3	-8
9	"1"	"1"	14	FALSE	0	135	100	0	0	-395.979797464	395.979797464	1551298444.33	3	-8	3	-8
9	"1"	"1"	14	FALSE	0	135	100	0	0	-395.979797464	395.979797464	1551298444.36	3	-8	3	-8
9	"1"	"1"	14	FALSE	0	135	100	0	0	-395.979797464	395.979797464	1551298444.4	3	-7	3	-7
9	"1"	"1"	14	FALSE	0	135	100	0	0	-395.979797464	395.979797464	1551298444.43	3	-7	3	-7
9	"1"	"1"	14	FALSE	0	135	100	0	0	-395.979797464	395.979797464	1551298444.46	2	-7	2	-7
9	"1"	"1"	14	FALSE	0	135	100	0	0	-395.979797464	395.979797464	1551298444.5	0	-4	0	-4
9	"1"	"1"	14	FALSE	0	135	100	0	0	-395.979797464	395.979797464	1551298444.53	-10	7	-10	7
9	"1"	"1"	14	FALSE	0	135	100	0	0	-395.979797464	395.979797464	1551298444.56	-34	33	-34	33
9	"1"	"1"	14	FALSE	0	135	100	0	0	-395.979797464	395.979797464	1551298444.6	-59	61	-59	61
9	"1"	"1"	14	FALSE	0	135	100	0	0	-395.979797464	395.979797464	1551298444.63	-84	92	-84	92
9	"1"	"1"	14	FALSE	0	135	100	0	0	-395.979797464	395.979797464	1551298444.66	-105	117	-105	117
9	"1"	"1"	14	FALSE	0	135	100	0	0	-395.979797464	395.979797464	1551298444.7	-121	135	-121	135
9	"1"	"1"	14	FALSE	0	135	100	0	0	-395.979797464	395.979797464	1551298444.73	-140	157	-140	157
9	"1"	"1"	14	FALSE	0	135	100	0	0	-395.979797464	395.979797464	1551298444.76	-163	183	-163	183
9	"1"	"1"	14	FALSE	0	135	100	0	0	-395.979797464	395.979797464	1551298444.8	-183	210	-183	210
9	"1"	"1"	14	FALSE	0	135	100	0	0	-395.979797464	395.979797464	1551298444.83	-206	239	-206	239
9	"1"	"1"	14	FALSE	0	135	100	0	0	-395.979797464	395.979797464	1551298444.86	-227	268	-227	268
9	"1"	"1"	14	FALSE	0	135	100	0	0	-395.979797464	395.979797464	1551298444.9	-242	281	-242	281
9	"1"	"1"	14	FALSE	0	135	100	0	0	-395.979797464	395.979797464	1551298444.93	-262	297	-262	297
9	"1"	"1"	14	FALSE	0	135	100	0	0	-395.979797464	395.979797464	1551298444.96	-276	309	-276	309
9	"1"	"1"	14	FALSE	0	135	100	0	0	-395.979797464	395.979797464	1551298445	-290	319	-290	319
9	"1"	"1"	14	FALSE	0	135	100	0	0	-395.979797464	395.979797464	1551298445.03	-308	334	-308	334
9	"1"	"1"	14	FALSE	0	135	100	0	0	-395.979797464	395.979797464	1551298445.06	-317	341	-317	341
9	"1"	"1"	14	FALSE	0	135	100	0	0	-395.979797464	395.979797464	1551298445.1	-327	349	-327	349
9	"1"	"1"	14	FALSE	0	135	100	0	0	-395.979797464	395.979797464	1551298445.13	-336	355	-336	355
9	"1"	"1"	14	FALSE	0	135	100	0	0	-395.979797464	395.979797464	1551298445.16	-347	363	-347	363
9	"1"	"1"	14	FALSE	0	135	100	0	0	-395.979797464	395.979797464	1551298445.2	-352	368	-352	368
9	"1"	"1"	14	FALSE	0	135	100	0	0	-395.979797464	395.979797464	1551298445.23	-356	372	-356	372
9	"1"	"1"	14	FALSE	0	135	100	0	0	-395.979797464	395.979797464	1551298445.26	-361	379	-361	379
9	"1"	"1"	14	FALSE	0	135	100	0	0	-395.979797464	395.979797464	1551298445.3	-366	388	-366	388
9	"1"	"1"	14	FALSE	0	135	100	0	0	-395.979797464	395.979797464	1551298445.33	-373	395	-373	395
9	"1"	"1"	14	FALSE	0	135	100	0	0	-395.979797464	395.979797464	1551298445.36	-378	401	-378	401
9	"1"	"1"	14	FALSE	0	135	100	0	0	-395.979797464	395.979797464	1551298445.4	-383	404	-383	404
9	"1"	"1"	14	FALSE	0	135	100	0	0	-395.979797464	395.979797464	1551298445.43	-387	407	-387	407
9	"1"	"1"	14	FALSE	0	135	100	0	0	-395.979797464	395.979797464	1551298445.46	-388	408	-388	408
9	"1"	"1"	15	FALSE	0	45	100	0	0	395.979797464	395.979797464	1551298446.75	2	4	2	4
9	"1"	"1"	15	FALSE	0	45	100	0	0	395.979797464	395.979797464	1551298446.78	2	3	2	3
9	"1"	"1"	15	FALSE	0	45	100	0	0	395.979797464	395.979797464	1551298446.82	2	3	2	3
9	"1"	"1"	15	FALSE	0	45	100	0	0	395.979797464	395.979797464	1551298446.85	2	3	2	3
9	"1"	"1"	15	FALSE	0	45	100	0	0	395.979797464	395.979797464	1551298446.88	2	3	2	3
9	"1"	"1"	15	FALSE	0	45	100	0	0	395.979797464	395.979797464	1551298446.92	2	3	2	3
9	"1"	"1"	15	FALSE	0	45	100	0	0	395.979797464	395.979797464	1551298446.95	2	3	2	3
9	"1"	"1"	15	FALSE	0	45	100	0	0	395.979797464	395.979797464	1551298446.98	2	3	2	3
9	"1"	"1"	15	FALSE	0	45	100	0	0	395.979797464	395.979797464	1551298447.02	2	3	2	3
9	"1"	"1"	15	FALSE	0	45	100	0	0	395.979797464	395.979797464	1551298447.05	2	3	2	3
9	"1"	"1"	15	FALSE	0	45	100	0	0	395.979797464	395.979797464	1551298447.08	1	6	1	6
9	"1"	"1"	15	FALSE	0	45	100	0	0	395.979797464	395.979797464	1551298447.12	2	14	2	14
9	"1"	"1"	15	FALSE	0	45	100	0	0	395.979797464	395.979797464	1551298447.15	10	44	10	44
9	"1"	"1"	15	FALSE	0	45	100	0	0	395.979797464	395.979797464	1551298447.18	25	72	25	72
9	"1"	"1"	15	FALSE	0	45	100	0	0	395.979797464	395.979797464	1551298447.22	51	108	51	108
9	"1"	"1"	15	FALSE	0	45	100	0	0	395.979797464	395.979797464	1551298447.25	76	142	76	142
9	"1"	"1"	15	FALSE	0	45	100	0	0	395.979797464	395.979797464	1551298447.28	107	183	107	183
9	"1"	"1"	15	FALSE	0	45	100	0	0	395.979797464	395.979797464	1551298447.32	139	221	139	221
9	"1"	"1"	15	FALSE	0	45	100	0	0	395.979797464	395.979797464	1551298447.35	166	251	166	251
9	"1"	"1"	15	FALSE	0	45	100	0	0	395.979797464	395.979797464	1551298447.38	196	284	196	284
9	"1"	"1"	15	FALSE	0	45	100	0	0	395.979797464	395.979797464	1551298447.42	227	314	227	314
9	"1"	"1"	15	FALSE	0	45	100	0	0	395.979797464	395.979797464	1551298447.45	256	337	256	337
9	"1"	"1"	15	FALSE	0	45	100	0	0	395.979797464	395.979797464	1551298447.48	277	353	277	353
9	"1"	"1"	15	FALSE	0	45	100	0	0	395.979797464	395.979797464	1551298447.52	300	366	300	366
9	"1"	"1"	15	FALSE	0	45	100	0	0	395.979797464	395.979797464	1551298447.55	317	377	317	377
9	"1"	"1"	15	FALSE	0	45	100	0	0	395.979797464	395.979797464	1551298447.58	330	388	330	388
9	"1"	"1"	15	FALSE	0	45	100	0	0	395.979797464	395.979797464	1551298447.62	344	397	344	397
9	"1"	"1"	15	FALSE	0	45	100	0	0	395.979797464	395.979797464	1551298447.65	353	400	353	400
9	"1"	"1"	15	FALSE	0	45	100	0	0	395.979797464	395.979797464	1551298447.68	360	400	360	400
9	"1"	"1"	15	FALSE	0	45	100	0	0	395.979797464	395.979797464	1551298447.72	368	400	368	400
9	"1"	"1"	15	FALSE	0	45	100	0	0	395.979797464	395.979797464	1551298447.75	373	397	373	397
9	"1"	"1"	15	FALSE	0	45	100	0	0	395.979797464	395.979797464	1551298447.78	374	395	374	395
9	"1"	"1"	15	FALSE	0	45	100	0	0	395.979797464	395.979797464	1551298447.82	375	394	375	394
9	"1"	"1"	15	FALSE	0	45	100	0	0	395.979797464	395.979797464	1551298447.85	378	391	378	391
9	"1"	"1"	15	FALSE	0	45	100	0	0	395.979797464	395.979797464	1551298447.88	379	390	379	390
9	"1"	"1"	15	FALSE	0	45	100	0	0	395.979797464	395.979797464	1551298447.92	379	390	379	390
9	"1"	"1"	15	FALSE	0	45	100	0	0	395.979797464	395.979797464	1551298447.95	385	391	385	391
9	"1"	"1"	15	FALSE	0	45	100	0	0	395.979797464	395.979797464	1551298447.98	389	392	389	392
9	"1"	"1"	16	FALSE	0	135	100	0	0	-395.979797464	395.979797464	1551298449.36	-6	-1	-6	-1
9	"1"	"1"	16	FALSE	0	135	100	0	0	-395.979797464	395.979797464	1551298449.38	-6	-1	-6	-1
9	"1"	"1"	16	FALSE	0	135	100	0	0	-395.979797464	395.979797464	1551298449.42	-6	-1	-6	-1
9	"1"	"1"	16	FALSE	0	135	100	0	0	-395.979797464	395.979797464	1551298449.45	-6	-1	-6	-1
9	"1"	"1"	16	FALSE	0	135	100	0	0	-395.979797464	395.979797464	1551298449.48	-6	-1	-6	-1
9	"1"	"1"	16	FALSE	0	135	100	0	0	-395.979797464	395.979797464	1551298449.52	-6	-1	-6	-1
9	"1"	"1"	16	FALSE	0	135	100	0	0	-395.979797464	395.979797464	1551298449.55	-6	-1	-6	-1
9	"1"	"1"	16	FALSE	0	135	100	0	0	-395.979797464	395.979797464	1551298449.58	-6	-1	-6	-1
9	"1"	"1"	16	FALSE	0	135	100	0	0	-395.979797464	395.979797464	1551298449.62	-5	0	-5	0
9	"1"	"1"	16	FALSE	0	135	100	0	0	-395.979797464	395.979797464	1551298449.65	-5	0	-5	0
9	"1"	"1"	16	FALSE	0	135	100	0	0	-395.979797464	395.979797464	1551298449.68	-5	0	-5	0
9	"1"	"1"	16	FALSE	0	135	100	0	0	-395.979797464	395.979797464	1551298449.72	-10	5	-10	5
9	"1"	"1"	16	FALSE	0	135	100	0	0	-395.979797464	395.979797464	1551298449.75	-33	25	-33	25
9	"1"	"1"	16	FALSE	0	135	100	0	0	-395.979797464	395.979797464	1551298449.78	-61	49	-61	49
9	"1"	"1"	16	FALSE	0	135	100	0	0	-395.979797464	395.979797464	1551298449.82	-92	67	-92	67
9	"1"	"1"	16	FALSE	0	135	100	0	0	-395.979797464	395.979797464	1551298449.85	-122	82	-122	82
9	"1"	"1"	16	FALSE	0	135	100	0	0	-395.979797464	395.979797464	1551298449.88	-147	96	-147	96
9	"1"	"1"	16	FALSE	0	135	100	0	0	-395.979797464	395.979797464	1551298449.92	-176	119	-176	119
9	"1"	"1"	16	FALSE	0	135	100	0	0	-395.979797464	395.979797464	1551298449.95	-211	158	-211	158
9	"1"	"1"	16	FALSE	0	135	100	0	0	-395.979797464	395.979797464	1551298449.99	-244	191	-244	191
9	"1"	"1"	16	FALSE	0	135	100	0	0	-395.979797464	395.979797464	1551298450.02	-273	217	-273	217
9	"1"	"1"	16	FALSE	0	135	100	0	0	-395.979797464	395.979797464	1551298450.05	-303	242	-303	242
9	"1"	"1"	16	FALSE	0	135	100	0	0	-395.979797464	395.979797464	1551298450.09	-326	266	-326	266
9	"1"	"1"	16	FALSE	0	135	100	0	0	-395.979797464	395.979797464	1551298450.12	-340	285	-340	285
9	"1"	"1"	16	FALSE	0	135	100	0	0	-395.979797464	395.979797464	1551298450.15	-350	299	-350	299
9	"1"	"1"	16	FALSE	0	135	100	0	0	-395.979797464	395.979797464	1551298450.19	-361	313	-361	313
9	"1"	"1"	16	FALSE	0	135	100	0	0	-395.979797464	395.979797464	1551298450.22	-372	327	-372	327
9	"1"	"1"	16	FALSE	0	135	100	0	0	-395.979797464	395.979797464	1551298450.25	-379	335	-379	335
9	"1"	"1"	16	FALSE	0	135	100	0	0	-395.979797464	395.979797464	1551298450.29	-384	343	-384	343
9	"1"	"1"	16	FALSE	0	135	100	0	0	-395.979797464	395.979797464	1551298450.32	-386	346	-386	346
9	"1"	"1"	16	FALSE	0	135	100	0	0	-395.979797464	395.979797464	1551298450.35	-388	349	-388	349
9	"1"	"1"	16	FALSE	0	135	100	0	0	-395.979797464	395.979797464	1551298450.39	-390	354	-390	354
9	"1"	"1"	16	FALSE	0	135	100	0	0	-395.979797464	395.979797464	1551298450.42	-392	360	-392	360
9	"1"	"1"	16	FALSE	0	135	100	0	0	-395.979797464	395.979797464	1551298450.45	-392	371	-392	371
9	"1"	"1"	16	FALSE	0	135	100	0	0	-395.979797464	395.979797464	1551298450.49	-393	383	-393	383
9	"1"	"1"	16	FALSE	0	135	100	0	0	-395.979797464	395.979797464	1551298450.52	-394	387	-394	387
9	"1"	"1"	16	FALSE	0	135	100	0	0	-395.979797464	395.979797464	1551298450.55	-395	390	-395	390
9	"1"	"1"	16	FALSE	0	135	100	0	0	-395.979797464	395.979797464	1551298450.59	-395	392	-395	392
9	"1"	"1"	16	FALSE	0	135	100	0	0	-395.979797464	395.979797464	1551298450.62	-395	396	-395	396
9	"1"	"1"	16	FALSE	0	135	100	0	0	-395.979797464	395.979797464	1551298450.65	-396	398	-396	398
9	"1"	"1"	17	FALSE	0	45	100	0	0	395.979797464	395.979797464	1551298451.93	1	-7	1	-7
9	"1"	"1"	17	FALSE	0	45	100	0	0	395.979797464	395.979797464	1551298451.95	1	-7	1	-7
9	"1"	"1"	17	FALSE	0	45	100	0	0	395.979797464	395.979797464	1551298451.99	1	-7	1	-7
9	"1"	"1"	17	FALSE	0	45	100	0	0	395.979797464	395.979797464	1551298452.02	0	-3	0	-3
9	"1"	"1"	17	FALSE	0	45	100	0	0	395.979797464	395.979797464	1551298452.05	-1	-1	-1	-1
9	"1"	"1"	17	FALSE	0	45	100	0	0	395.979797464	395.979797464	1551298452.09	-1	1	-1	1
9	"1"	"1"	17	FALSE	0	45	100	0	0	395.979797464	395.979797464	1551298452.12	-1	1	-1	1
9	"1"	"1"	17	FALSE	0	45	100	0	0	395.979797464	395.979797464	1551298452.15	-2	1	-2	1
9	"1"	"1"	17	FALSE	0	45	100	0	0	395.979797464	395.979797464	1551298452.19	-2	1	-2	1
9	"1"	"1"	17	FALSE	0	45	100	0	0	395.979797464	395.979797464	1551298452.22	-2	1	-2	1
9	"1"	"1"	17	FALSE	0	45	100	0	0	395.979797464	395.979797464	1551298452.25	-2	1	-2	1
9	"1"	"1"	17	FALSE	0	45	100	0	0	395.979797464	395.979797464	1551298452.29	-1	4	-1	4
9	"1"	"1"	17	FALSE	0	45	100	0	0	395.979797464	395.979797464	1551298452.32	2	28	2	28
9	"1"	"1"	17	FALSE	0	45	100	0	0	395.979797464	395.979797464	1551298452.35	14	71	14	71
9	"1"	"1"	17	FALSE	0	45	100	0	0	395.979797464	395.979797464	1551298452.39	35	113	35	113
9	"1"	"1"	17	FALSE	0	45	100	0	0	395.979797464	395.979797464	1551298452.42	70	165	70	165
9	"1"	"1"	17	FALSE	0	45	100	0	0	395.979797464	395.979797464	1551298452.45	97	195	97	195
9	"1"	"1"	17	FALSE	0	45	100	0	0	395.979797464	395.979797464	1551298452.49	127	224	127	224
9	"1"	"1"	17	FALSE	0	45	100	0	0	395.979797464	395.979797464	1551298452.52	163	253	163	253
9	"1"	"1"	17	FALSE	0	45	100	0	0	395.979797464	395.979797464	1551298452.55	194	274	194	274
9	"1"	"1"	17	FALSE	0	45	100	0	0	395.979797464	395.979797464	1551298452.59	223	296	223	296
9	"1"	"1"	17	FALSE	0	45	100	0	0	395.979797464	395.979797464	1551298452.62	246	312	246	312
9	"1"	"1"	17	FALSE	0	45	100	0	0	395.979797464	395.979797464	1551298452.65	273	334	273	334
9	"1"	"1"	17	FALSE	0	45	100	0	0	395.979797464	395.979797464	1551298452.69	300	356	300	356
9	"1"	"1"	17	FALSE	0	45	100	0	0	395.979797464	395.979797464	1551298452.72	328	371	328	371
9	"1"	"1"	17	FALSE	0	45	100	0	0	395.979797464	395.979797464	1551298452.75	352	382	352	382
9	"1"	"1"	17	FALSE	0	45	100	0	0	395.979797464	395.979797464	1551298452.79	365	390	365	390
9	"1"	"1"	17	FALSE	0	45	100	0	0	395.979797464	395.979797464	1551298452.82	378	399	378	399
9	"1"	"1"	17	FALSE	0	45	100	0	0	395.979797464	395.979797464	1551298452.85	385	402	385	402
9	"1"	"1"	17	FALSE	0	45	100	0	0	395.979797464	395.979797464	1551298452.89	388	403	388	403
9	"1"	"1"	18	FALSE	0	90	100	0	0	3.42901103761e-14	560	1551298454.13	-5	0	-5	0
9	"1"	"1"	18	FALSE	0	90	100	0	0	3.42901103761e-14	560	1551298454.15	-4	0	-4	0
9	"1"	"1"	18	FALSE	0	90	100	0	0	3.42901103761e-14	560	1551298454.19	-4	1	-4	1
9	"1"	"1"	18	FALSE	0	90	100	0	0	3.42901103761e-14	560	1551298454.22	-4	1	-4	1
9	"1"	"1"	18	FALSE	0	90	100	0	0	3.42901103761e-14	560	1551298454.26	-4	1	-4	1
9	"1"	"1"	18	FALSE	0	90	100	0	0	3.42901103761e-14	560	1551298454.29	-4	1	-4	1
9	"1"	"1"	18	FALSE	0	90	100	0	0	3.42901103761e-14	560	1551298454.32	-4	1	-4	1
9	"1"	"1"	18	FALSE	0	90	100	0	0	3.42901103761e-14	560	1551298454.36	-4	1	-4	1
9	"1"	"1"	18	FALSE	0	90	100	0	0	3.42901103761e-14	560	1551298454.39	-4	2	-4	2
9	"1"	"1"	18	FALSE	0	90	100	0	0	3.42901103761e-14	560	1551298454.42	-7	6	-7	6
9	"1"	"1"	18	FALSE	0	90	100	0	0	3.42901103761e-14	560	1551298454.46	-11	15	-11	15
9	"1"	"1"	18	FALSE	0	90	100	0	0	3.42901103761e-14	560	1551298454.49	-15	27	-15	27
9	"1"	"1"	18	FALSE	0	90	100	0	0	3.42901103761e-14	560	1551298454.52	-22	57	-22	57
9	"1"	"1"	18	FALSE	0	90	100	0	0	3.42901103761e-14	560	1551298454.56	-30	97	-30	97
9	"1"	"1"	18	FALSE	0	90	100	0	0	3.42901103761e-14	560	1551298454.59	-37	136	-37	136
9	"1"	"1"	18	FALSE	0	90	100	0	0	3.42901103761e-14	560	1551298454.62	-45	179	-45	179
9	"1"	"1"	18	FALSE	0	90	100	0	0	3.42901103761e-14	560	1551298454.66	-51	217	-51	217
9	"1"	"1"	18	FALSE	0	90	100	0	0	3.42901103761e-14	560	1551298454.69	-57	253	-57	253
9	"1"	"1"	18	FALSE	0	90	100	0	0	3.42901103761e-14	560	1551298454.72	-61	286	-61	286
9	"1"	"1"	18	FALSE	0	90	100	0	0	3.42901103761e-14	560	1551298454.76	-67	325	-67	325
9	"1"	"1"	18	FALSE	0	90	100	0	0	3.42901103761e-14	560	1551298454.79	-73	362	-73	362
9	"1"	"1"	18	FALSE	0	90	100	0	0	3.42901103761e-14	560	1551298454.82	-74	392	-74	392
9	"1"	"1"	18	FALSE	0	90	100	0	0	3.42901103761e-14	560	1551298454.86	-75	419	-75	419
9	"1"	"1"	18	FALSE	0	90	100	0	0	3.42901103761e-14	560	1551298454.89	-73	442	-73	442
9	"1"	"1"	18	FALSE	0	90	100	0	0	3.42901103761e-14	560	1551298454.92	-69	464	-69	464
9	"1"	"1"	18	FALSE	0	90	100	0	0	3.42901103761e-14	560	1551298454.96	-65	479	-65	479
9	"1"	"1"	18	FALSE	0	90	100	0	0	3.42901103761e-14	560	1551298454.99	-60	496	-60	496
9	"1"	"1"	18	FALSE	0	90	100	0	0	3.42901103761e-14	560	1551298455.02	-51	515	-51	515
9	"1"	"1"	18	FALSE	0	90	100	0	0	3.42901103761e-14	560	1551298455.06	-45	525	-45	525
9	"1"	"1"	18	FALSE	0	90	100	0	0	3.42901103761e-14	560	1551298455.09	-39	534	-39	534
9	"1"	"1"	18	FALSE	0	90	100	0	0	3.42901103761e-14	560	1551298455.12	-30	544	-30	544
9	"1"	"1"	18	FALSE	0	90	100	0	0	3.42901103761e-14	560	1551298455.16	-27	552	-27	552
9	"1"	"1"	18	FALSE	0	90	100	0	0	3.42901103761e-14	560	1551298455.19	-24	558	-24	558
9	"1"	"1"	18	FALSE	0	90	100	0	0	3.42901103761e-14	560	1551298455.22	-20	562	-20	562
9	"1"	"1"	18	FALSE	0	90	100	0	0	3.42901103761e-14	560	1551298455.26	-17	565	-17	565
9	"1"	"1"	18	FALSE	0	90	100	0	0	3.42901103761e-14	560	1551298455.29	-13	568	-13	568
9	"1"	"1"	18	FALSE	0	90	100	0	0	3.42901103761e-14	560	1551298455.32	-11	570	-11	570
9	"1"	"1"	18	FALSE	0	90	100	0	0	3.42901103761e-14	560	1551298455.36	-9	570	-9	570
9	"1"	"1"	18	FALSE	0	90	100	0	0	3.42901103761e-14	560	1551298455.39	-7	570	-7	570
9	"1"	"1"	19	FALSE	0	90	100	0	0	3.42901103761e-14	560	1551298456.64	2	6	2	6
9	"1"	"1"	19	FALSE	0	90	100	0	0	3.42901103761e-14	560	1551298456.66	1	5	1	5
9	"1"	"1"	19	FALSE	0	90	100	0	0	3.42901103761e-14	560	1551298456.69	1	5	1	5
9	"1"	"1"	19	FALSE	0	90	100	0	0	3.42901103761e-14	560	1551298456.72	0	5	0	5
9	"1"	"1"	19	FALSE	0	90	100	0	0	3.42901103761e-14	560	1551298456.76	0	5	0	5
9	"1"	"1"	19	FALSE	0	90	100	0	0	3.42901103761e-14	560	1551298456.79	0	5	0	5
9	"1"	"1"	19	FALSE	0	90	100	0	0	3.42901103761e-14	560	1551298456.82	0	5	0	5
9	"1"	"1"	19	FALSE	0	90	100	0	0	3.42901103761e-14	560	1551298456.86	0	5	0	5
9	"1"	"1"	19	FALSE	0	90	100	0	0	3.42901103761e-14	560	1551298456.89	0	5	0	5
9	"1"	"1"	19	FALSE	0	90	100	0	0	3.42901103761e-14	560	1551298456.92	0	5	0	5
9	"1"	"1"	19	FALSE	0	90	100	0	0	3.42901103761e-14	560	1551298456.96	0	5	0	5
9	"1"	"1"	19	FALSE	0	90	100	0	0	3.42901103761e-14	560	1551298456.99	-2	6	-2	6
9	"1"	"1"	19	FALSE	0	90	100	0	0	3.42901103761e-14	560	1551298457.02	-5	11	-5	11
9	"1"	"1"	19	FALSE	0	90	100	0	0	3.42901103761e-14	560	1551298457.06	-7	24	-7	24
9	"1"	"1"	19	FALSE	0	90	100	0	0	3.42901103761e-14	560	1551298457.09	-8	47	-8	47
9	"1"	"1"	19	FALSE	0	90	100	0	0	3.42901103761e-14	560	1551298457.12	-10	75	-10	75
9	"1"	"1"	19	FALSE	0	90	100	0	0	3.42901103761e-14	560	1551298457.16	-15	109	-15	109
9	"1"	"1"	19	FALSE	0	90	100	0	0	3.42901103761e-14	560	1551298457.19	-21	151	-21	151
9	"1"	"1"	19	FALSE	0	90	100	0	0	3.42901103761e-14	560	1551298457.22	-23	201	-23	201
9	"1"	"1"	19	FALSE	0	90	100	0	0	3.42901103761e-14	560	1551298457.26	-23	238	-23	238
9	"1"	"1"	19	FALSE	0	90	100	0	0	3.42901103761e-14	560	1551298457.29	-22	277	-22	277
9	"1"	"1"	19	FALSE	0	90	100	0	0	3.42901103761e-14	560	1551298457.32	-21	324	-21	324
9	"1"	"1"	19	FALSE	0	90	100	0	0	3.42901103761e-14	560	1551298457.36	-15	365	-15	365
9	"1"	"1"	19	FALSE	0	90	100	0	0	3.42901103761e-14	560	1551298457.39	-4	409	-4	409
9	"1"	"1"	19	FALSE	0	90	100	0	0	3.42901103761e-14	560	1551298457.42	6	440	6	440
9	"1"	"1"	19	FALSE	0	90	100	0	0	3.42901103761e-14	560	1551298457.46	16	471	16	471
9	"1"	"1"	19	FALSE	0	90	100	0	0	3.42901103761e-14	560	1551298457.49	17	482	17	482
9	"1"	"1"	19	FALSE	0	90	100	0	0	3.42901103761e-14	560	1551298457.52	16	492	16	492
9	"1"	"1"	19	FALSE	0	90	100	0	0	3.42901103761e-14	560	1551298457.56	14	502	14	502
9	"1"	"1"	19	FALSE	0	90	100	0	0	3.42901103761e-14	560	1551298457.59	13	512	13	512
9	"1"	"1"	19	FALSE	0	90	100	0	0	3.42901103761e-14	560	1551298457.62	13	523	13	523
9	"1"	"1"	19	FALSE	0	90	100	0	0	3.42901103761e-14	560	1551298457.66	13	531	13	531
9	"1"	"1"	19	FALSE	0	90	100	0	0	3.42901103761e-14	560	1551298457.69	15	539	15	539
9	"1"	"1"	19	FALSE	0	90	100	0	0	3.42901103761e-14	560	1551298457.72	16	547	16	547
9	"1"	"1"	19	FALSE	0	90	100	0	0	3.42901103761e-14	560	1551298457.76	14	553	14	553
9	"1"	"1"	19	FALSE	0	90	100	0	0	3.42901103761e-14	560	1551298457.79	12	560	12	560
9	"1"	"1"	19	FALSE	0	90	100	0	0	3.42901103761e-14	560	1551298457.82	11	564	11	564
9	"1"	"1"	19	FALSE	0	90	100	0	0	3.42901103761e-14	560	1551298457.86	10	567	10	567
9	"1"	"1"	19	FALSE	0	90	100	0	0	3.42901103761e-14	560	1551298457.89	9	568	9	568
9	"1"	"1"	20	FALSE	0	135	100	0	0	-395.979797464	395.979797464	1551298459	5	-1	5	-1
9	"1"	"1"	20	FALSE	0	135	100	0	0	-395.979797464	395.979797464	1551298459.03	5	-1	5	-1
9	"1"	"1"	20	FALSE	0	135	100	0	0	-395.979797464	395.979797464	1551298459.06	5	-1	5	-1
9	"1"	"1"	20	FALSE	0	135	100	0	0	-395.979797464	395.979797464	1551298459.09	5	-1	5	-1
9	"1"	"1"	20	FALSE	0	135	100	0	0	-395.979797464	395.979797464	1551298459.13	5	-1	5	-1
9	"1"	"1"	20	FALSE	0	135	100	0	0	-395.979797464	395.979797464	1551298459.16	5	-1	5	-1
9	"1"	"1"	20	FALSE	0	135	100	0	0	-395.979797464	395.979797464	1551298459.19	5	-1	5	-1
9	"1"	"1"	20	FALSE	0	135	100	0	0	-395.979797464	395.979797464	1551298459.23	5	-1	5	-1
9	"1"	"1"	20	FALSE	0	135	100	0	0	-395.979797464	395.979797464	1551298459.26	5	-1	5	-1
9	"1"	"1"	20	FALSE	0	135	100	0	0	-395.979797464	395.979797464	1551298459.29	5	-1	5	-1
9	"1"	"1"	20	FALSE	0	135	100	0	0	-395.979797464	395.979797464	1551298459.33	2	2	2	2
9	"1"	"1"	20	FALSE	0	135	100	0	0	-395.979797464	395.979797464	1551298459.36	-6	10	-6	10
9	"1"	"1"	20	FALSE	0	135	100	0	0	-395.979797464	395.979797464	1551298459.39	-26	30	-26	30
9	"1"	"1"	20	FALSE	0	135	100	0	0	-395.979797464	395.979797464	1551298459.43	-52	56	-52	56
9	"1"	"1"	20	FALSE	0	135	100	0	0	-395.979797464	395.979797464	1551298459.46	-87	89	-87	89
9	"1"	"1"	20	FALSE	0	135	100	0	0	-395.979797464	395.979797464	1551298459.49	-115	119	-115	119
9	"1"	"1"	20	FALSE	0	135	100	0	0	-395.979797464	395.979797464	1551298459.53	-135	141	-135	141
9	"1"	"1"	20	FALSE	0	135	100	0	0	-395.979797464	395.979797464	1551298459.56	-159	169	-159	169
9	"1"	"1"	20	FALSE	0	135	100	0	0	-395.979797464	395.979797464	1551298459.59	-189	206	-189	206
9	"1"	"1"	20	FALSE	0	135	100	0	0	-395.979797464	395.979797464	1551298459.63	-217	235	-217	235
9	"1"	"1"	20	FALSE	0	135	100	0	0	-395.979797464	395.979797464	1551298459.66	-246	265	-246	265
9	"1"	"1"	20	FALSE	0	135	100	0	0	-395.979797464	395.979797464	1551298459.69	-268	287	-268	287
9	"1"	"1"	20	FALSE	0	135	100	0	0	-395.979797464	395.979797464	1551298459.73	-282	301	-282	301
9	"1"	"1"	20	FALSE	0	135	100	0	0	-395.979797464	395.979797464	1551298459.76	-295	313	-295	313
9	"1"	"1"	20	FALSE	0	135	100	0	0	-395.979797464	395.979797464	1551298459.79	-311	325	-311	325
9	"1"	"1"	20	FALSE	0	135	100	0	0	-395.979797464	395.979797464	1551298459.83	-326	334	-326	334
9	"1"	"1"	20	FALSE	0	135	100	0	0	-395.979797464	395.979797464	1551298459.86	-339	342	-339	342
9	"1"	"1"	20	FALSE	0	135	100	0	0	-395.979797464	395.979797464	1551298459.89	-349	349	-349	349
9	"1"	"1"	20	FALSE	0	135	100	0	0	-395.979797464	395.979797464	1551298459.93	-356	354	-356	354
9	"1"	"1"	20	FALSE	0	135	100	0	0	-395.979797464	395.979797464	1551298459.96	-362	358	-362	358
9	"1"	"1"	20	FALSE	0	135	100	0	0	-395.979797464	395.979797464	1551298459.99	-366	360	-366	360
9	"1"	"1"	20	FALSE	0	135	100	0	0	-395.979797464	395.979797464	1551298460.03	-369	361	-369	361
9	"1"	"1"	20	FALSE	0	135	100	0	0	-395.979797464	395.979797464	1551298460.06	-374	365	-374	365
9	"1"	"1"	20	FALSE	0	135	100	0	0	-395.979797464	395.979797464	1551298460.09	-378	370	-378	370
9	"1"	"1"	20	FALSE	0	135	100	0	0	-395.979797464	395.979797464	1551298460.13	-382	377	-382	377
9	"1"	"1"	20	FALSE	0	135	100	0	0	-395.979797464	395.979797464	1551298460.16	-386	382	-386	382
9	"1"	"1"	20	FALSE	0	135	100	0	0	-395.979797464	395.979797464	1551298460.19	-390	385	-390	385
9	"1"	"1"	20	FALSE	0	135	100	0	0	-395.979797464	395.979797464	1551298460.23	-393	389	-393	389
9	"1"	"1"	20	FALSE	0	135	100	0	0	-395.979797464	395.979797464	1551298460.26	-394	392	-394	392
9	"1"	"1"	20	FALSE	0	135	100	0	0	-395.979797464	395.979797464	1551298460.29	-396	394	-396	394
9	"1"	"1"	20	FALSE	0	135	100	0	0	-395.979797464	395.979797464	1551298460.33	-397	396	-397	396
9	"1"	"1"	20	FALSE	0	135	100	0	0	-395.979797464	395.979797464	1551298460.36	-398	399	-398	399
9	"1"	"1"	20	FALSE	0	135	100	0	0	-395.979797464	395.979797464	1551298460.39	-399	402	-399	402
9	"1"	"1"	21	FALSE	0	45	100	0	0	395.979797464	395.979797464	1551298461.74	-7	4	-7	4
9	"1"	"1"	21	FALSE	0	45	100	0	0	395.979797464	395.979797464	1551298461.76	-7	4	-7	4
9	"1"	"1"	21	FALSE	0	45	100	0	0	395.979797464	395.979797464	1551298461.79	-7	4	-7	4
9	"1"	"1"	21	FALSE	0	45	100	0	0	395.979797464	395.979797464	1551298461.83	-7	5	-7	5
9	"1"	"1"	21	FALSE	0	45	100	0	0	395.979797464	395.979797464	1551298461.86	-7	5	-7	5
9	"1"	"1"	21	FALSE	0	45	100	0	0	395.979797464	395.979797464	1551298461.89	-7	5	-7	5
9	"1"	"1"	21	FALSE	0	45	100	0	0	395.979797464	395.979797464	1551298461.93	-7	5	-7	5
9	"1"	"1"	21	FALSE	0	45	100	0	0	395.979797464	395.979797464	1551298461.96	-7	5	-7	5
9	"1"	"1"	21	FALSE	0	45	100	0	0	395.979797464	395.979797464	1551298461.99	-7	5	-7	5
9	"1"	"1"	21	FALSE	0	45	100	0	0	395.979797464	395.979797464	1551298462.03	-7	5	-7	5
9	"1"	"1"	21	FALSE	0	45	100	0	0	395.979797464	395.979797464	1551298462.06	-7	5	-7	5
9	"1"	"1"	21	FALSE	0	45	100	0	0	395.979797464	395.979797464	1551298462.09	-7	8	-7	8
9	"1"	"1"	21	FALSE	0	45	100	0	0	395.979797464	395.979797464	1551298462.13	2	30	2	30
9	"1"	"1"	21	FALSE	0	45	100	0	0	395.979797464	395.979797464	1551298462.16	18	59	18	59
9	"1"	"1"	21	FALSE	0	45	100	0	0	395.979797464	395.979797464	1551298462.19	46	103	46	103
9	"1"	"1"	21	FALSE	0	45	100	0	0	395.979797464	395.979797464	1551298462.23	79	156	79	156
9	"1"	"1"	21	FALSE	0	45	100	0	0	395.979797464	395.979797464	1551298462.26	114	210	114	210
9	"1"	"1"	21	FALSE	0	45	100	0	0	395.979797464	395.979797464	1551298462.29	144	255	144	255
9	"1"	"1"	21	FALSE	0	45	100	0	0	395.979797464	395.979797464	1551298462.33	180	298	180	298
9	"1"	"1"	21	FALSE	0	45	100	0	0	395.979797464	395.979797464	1551298462.36	213	328	213	328
9	"1"	"1"	21	FALSE	0	45	100	0	0	395.979797464	395.979797464	1551298462.39	238	349	238	349
9	"1"	"1"	21	FALSE	0	45	100	0	0	395.979797464	395.979797464	1551298462.43	263	370	263	370
9	"1"	"1"	21	FALSE	0	45	100	0	0	395.979797464	395.979797464	1551298462.46	286	387	286	387
9	"1"	"1"	21	FALSE	0	45	100	0	0	395.979797464	395.979797464	1551298462.49	302	395	302	395
9	"1"	"1"	21	FALSE	0	45	100	0	0	395.979797464	395.979797464	1551298462.53	315	400	315	400
9	"1"	"1"	21	FALSE	0	45	100	0	0	395.979797464	395.979797464	1551298462.56	338	406	338	406
9	"1"	"1"	21	FALSE	0	45	100	0	0	395.979797464	395.979797464	1551298462.59	353	408	353	408
9	"1"	"1"	21	FALSE	0	45	100	0	0	395.979797464	395.979797464	1551298462.63	364	409	364	409
9	"1"	"1"	21	FALSE	0	45	100	0	0	395.979797464	395.979797464	1551298462.66	371	410	371	410
9	"1"	"1"	21	FALSE	0	45	100	0	0	395.979797464	395.979797464	1551298462.69	373	407	373	407
9	"1"	"1"	21	FALSE	0	45	100	0	0	395.979797464	395.979797464	1551298462.73	375	404	375	404
9	"1"	"1"	21	FALSE	0	45	100	0	0	395.979797464	395.979797464	1551298462.76	376	403	376	403
9	"1"	"1"	21	FALSE	0	45	100	0	0	395.979797464	395.979797464	1551298462.8	376	403	376	403
9	"1"	"1"	21	FALSE	0	45	100	0	0	395.979797464	395.979797464	1551298462.83	379	401	379	401
9	"1"	"1"	21	FALSE	0	45	100	0	0	395.979797464	395.979797464	1551298462.86	381	399	381	399
9	"1"	"1"	21	FALSE	0	45	100	0	0	395.979797464	395.979797464	1551298462.9	381	398	381	398
9	"1"	"1"	21	FALSE	0	45	100	0	0	395.979797464	395.979797464	1551298462.93	383	399	383	399
