"task_num"	"task_name"	"trial_type"	"trial_num"	"terminalfeedback_bool"	"rotation_angle"	"targetangle_deg"	"targetdistance_percmax"	"homex_px"	"homey_px"	"targetx_px"	"targety_px"	"time_s"	"mousex_px"	"mousey_px"	"cursorx_px"	"cursory_px"
9	"1"	"1"	1	FALSE	0	135	100	0	0	-395.979797464	395.979797464	0.830501079559	13	-2	13	-2
9	"1"	"1"	1	FALSE	0	135	100	0	0	-395.979797464	395.979797464	0.863846063614	12	-2	12	-2
9	"1"	"1"	1	FALSE	0	135	100	0	0	-395.979797464	395.979797464	0.897254943848	11	-2	11	-2
9	"1"	"1"	1	FALSE	0	135	100	0	0	-395.979797464	395.979797464	0.930644989014	10	-1	10	-1
9	"1"	"1"	1	FALSE	0	135	100	0	0	-395.979797464	395.979797464	0.96399307251	8	-1	8	-1
9	"1"	"1"	1	FALSE	0	135	100	0	0	-395.979797464	395.979797464	0.997039079666	7	-1	7	-1
9	"1"	"1"	1	FALSE	0	135	100	0	0	-395.979797464	395.979797464	1.03063797951	7	-1	7	-1
9	"1"	"1"	1	FALSE	0	135	100	0	0	-395.979797464	395.979797464	1.06409811974	6	-1	6	-1
9	"1"	"1"	1	FALSE	0	135	100	0	0	-395.979797464	395.979797464	1.09736514091	6	-1	6	-1
9	"1"	"1"	1	FALSE	0	135	100	0	0	-395.979797464	395.979797464	1.13071799278	6	-1	6	-1
9	"1"	"1"	1	FALSE	0	135	100	0	0	-395.979797464	395.979797464	1.16417503357	6	-1	6	-1
9	"1"	"1"	1	FALSE	0	135	100	0	0	-395.979797464	395.979797464	1.19754195213	6	-1	6	-1
9	"1"	"1"	1	FALSE	0	135	100	0	0	-395.979797464	395.979797464	1.23046016693	6	-1	6	-1
9	"1"	"1"	1	FALSE	0	135	100	0	0	-395.979797464	395.979797464	1.26417398453	6	-1	6	-1
9	"1"	"1"	1	FALSE	0	135	100	0	0	-395.979797464	395.979797464	1.29751014709	6	-1	6	-1
9	"1"	"1"	1	FALSE	0	135	100	0	0	-395.979797464	395.979797464	1.33098506927	4	-1	4	-1
9	"1"	"1"	1	FALSE	0	135	100	0	0	-395.979797464	395.979797464	1.36434316635	-4	-1	-4	-1
9	"1"	"1"	1	FALSE	0	135	100	0	0	-395.979797464	395.979797464	1.39766216278	-15	3	-15	3
9	"1"	"1"	1	FALSE	0	135	100	0	0	-395.979797464	395.979797464	1.43060898781	-45	21	-45	21
9	"1"	"1"	1	FALSE	0	135	100	0	0	-395.979797464	395.979797464	1.46440815926	-79	43	-79	43
9	"1"	"1"	1	FALSE	0	135	100	0	0	-395.979797464	395.979797464	1.49774003029	-110	63	-110	63
9	"1"	"1"	1	FALSE	0	135	100	0	0	-395.979797464	395.979797464	1.53105711937	-146	87	-146	87
9	"1"	"1"	1	FALSE	0	135	100	0	0	-395.979797464	395.979797464	1.56442809105	-173	108	-173	108
9	"1"	"1"	1	FALSE	0	135	100	0	0	-395.979797464	395.979797464	1.59712696075	-202	131	-202	131
9	"1"	"1"	1	FALSE	0	135	100	0	0	-395.979797464	395.979797464	1.63119506836	-230	154	-230	154
9	"1"	"1"	1	FALSE	0	135	100	0	0	-395.979797464	395.979797464	1.66464209557	-255	177	-255	177
9	"1"	"1"	1	FALSE	0	135	100	0	0	-395.979797464	395.979797464	1.69772410393	-276	201	-276	201
9	"1"	"1"	1	FALSE	0	135	100	0	0	-395.979797464	395.979797464	1.731112957	-292	220	-292	220
9	"1"	"1"	1	FALSE	0	135	100	0	0	-395.979797464	395.979797464	1.76465606689	-307	243	-307	243
9	"1"	"1"	1	FALSE	0	135	100	0	0	-395.979797464	395.979797464	1.79786396027	-316	263	-316	263
9	"1"	"1"	1	FALSE	0	135	100	0	0	-395.979797464	395.979797464	1.83136415482	-326	286	-326	286
9	"1"	"1"	1	FALSE	0	135	100	0	0	-395.979797464	395.979797464	1.86454796791	-335	304	-335	304
9	"1"	"1"	1	FALSE	0	135	100	0	0	-395.979797464	395.979797464	1.89805316925	-341	318	-341	318
9	"1"	"1"	1	FALSE	0	135	100	0	0	-395.979797464	395.979797464	1.93126010895	-350	336	-350	336
9	"1"	"1"	1	FALSE	0	135	100	0	0	-395.979797464	395.979797464	1.96452999115	-357	345	-357	345
9	"1"	"1"	1	FALSE	0	135	100	0	0	-395.979797464	395.979797464	1.99813008308	-363	353	-363	353
9	"1"	"1"	1	FALSE	0	135	100	0	0	-395.979797464	395.979797464	2.03156995773	-369	358	-369	358
9	"1"	"1"	1	FALSE	0	135	100	0	0	-395.979797464	395.979797464	2.06437802315	-372	362	-372	362
9	"1"	"1"	1	FALSE	0	135	100	0	0	-395.979797464	395.979797464	2.09807896614	-375	366	-375	366
9	"1"	"1"	1	FALSE	0	135	100	0	0	-395.979797464	395.979797464	2.13135313988	-377	371	-377	371
9	"1"	"1"	1	FALSE	0	135	100	0	0	-395.979797464	395.979797464	2.16463494301	-381	376	-381	376
9	"1"	"1"	1	FALSE	0	135	100	0	0	-395.979797464	395.979797464	2.19802594185	-385	380	-385	380
9	"1"	"1"	1	FALSE	0	135	100	0	0	-395.979797464	395.979797464	2.23159217834	-388	384	-388	384
9	"1"	"1"	1	FALSE	0	135	100	0	0	-395.979797464	395.979797464	2.26498794556	-389	387	-389	387
9	"1"	"1"	2	FALSE	0	90	100	0	0	3.42901103761e-14	560	0.0019109249115	7	-6	7	-6
9	"1"	"1"	2	FALSE	0	90	100	0	0	3.42901103761e-14	560	0.0229609012604	7	-6	7	-6
9	"1"	"1"	2	FALSE	0	90	100	0	0	3.42901103761e-14	560	0.0564739704132	7	-6	7	-6
9	"1"	"1"	2	FALSE	0	90	100	0	0	3.42901103761e-14	560	0.0899059772491	7	-6	7	-6
9	"1"	"1"	2	FALSE	0	90	100	0	0	3.42901103761e-14	560	0.123142004013	7	-7	7	-7
9	"1"	"1"	2	FALSE	0	90	100	0	0	3.42901103761e-14	560	0.156615018845	7	-7	7	-7
9	"1"	"1"	2	FALSE	0	90	100	0	0	3.42901103761e-14	560	0.189908981323	7	-8	7	-8
9	"1"	"1"	2	FALSE	0	90	100	0	0	3.42901103761e-14	560	0.223342895508	7	-8	7	-8
9	"1"	"1"	2	FALSE	0	90	100	0	0	3.42901103761e-14	560	0.256649017334	7	-8	7	-8
9	"1"	"1"	2	FALSE	0	90	100	0	0	3.42901103761e-14	560	0.290033817291	7	-8	7	-8
9	"1"	"1"	2	FALSE	0	90	100	0	0	3.42901103761e-14	560	0.323365926743	7	-7	7	-7
9	"1"	"1"	2	FALSE	0	90	100	0	0	3.42901103761e-14	560	0.356747865677	8	2	8	2
9	"1"	"1"	2	FALSE	0	90	100	0	0	3.42901103761e-14	560	0.390022993088	7	26	7	26
9	"1"	"1"	2	FALSE	0	90	100	0	0	3.42901103761e-14	560	0.423372983932	4	58	4	58
9	"1"	"1"	2	FALSE	0	90	100	0	0	3.42901103761e-14	560	0.456763982773	4	80	4	80
9	"1"	"1"	2	FALSE	0	90	100	0	0	3.42901103761e-14	560	0.490195989609	7	101	7	101
9	"1"	"1"	2	FALSE	0	90	100	0	0	3.42901103761e-14	560	0.52347779274	12	131	12	131
9	"1"	"1"	2	FALSE	0	90	100	0	0	3.42901103761e-14	560	0.556829929352	16	164	16	164
9	"1"	"1"	2	FALSE	0	90	100	0	0	3.42901103761e-14	560	0.590250968933	19	192	19	192
9	"1"	"1"	2	FALSE	0	90	100	0	0	3.42901103761e-14	560	0.623516798019	21	229	21	229
9	"1"	"1"	2	FALSE	0	90	100	0	0	3.42901103761e-14	560	0.657005786896	21	264	21	264
9	"1"	"1"	2	FALSE	0	90	100	0	0	3.42901103761e-14	560	0.690353870392	17	290	17	290
9	"1"	"1"	2	FALSE	0	90	100	0	0	3.42901103761e-14	560	0.723707914352	13	321	13	321
9	"1"	"1"	2	FALSE	0	90	100	0	0	3.42901103761e-14	560	0.757027864456	11	349	11	349
9	"1"	"1"	2	FALSE	0	90	100	0	0	3.42901103761e-14	560	0.790327787399	8	369	8	369
9	"1"	"1"	2	FALSE	0	90	100	0	0	3.42901103761e-14	560	0.823705911636	7	395	7	395
9	"1"	"1"	2	FALSE	0	90	100	0	0	3.42901103761e-14	560	0.857049942017	7	410	7	410
9	"1"	"1"	2	FALSE	0	90	100	0	0	3.42901103761e-14	560	0.89045882225	5	424	5	424
9	"1"	"1"	2	FALSE	0	90	100	0	0	3.42901103761e-14	560	0.923900842667	4	438	4	438
9	"1"	"1"	2	FALSE	0	90	100	0	0	3.42901103761e-14	560	0.957182884216	5	457	5	457
9	"1"	"1"	2	FALSE	0	90	100	0	0	3.42901103761e-14	560	0.990550994873	5	473	5	473
9	"1"	"1"	2	FALSE	0	90	100	0	0	3.42901103761e-14	560	1.02387881279	6	486	6	486
9	"1"	"1"	2	FALSE	0	90	100	0	0	3.42901103761e-14	560	1.05726385117	8	506	8	506
9	"1"	"1"	2	FALSE	0	90	100	0	0	3.42901103761e-14	560	1.09053182602	6	519	6	519
9	"1"	"1"	2	FALSE	0	90	100	0	0	3.42901103761e-14	560	1.12389779091	5	528	5	528
9	"1"	"1"	2	FALSE	0	90	100	0	0	3.42901103761e-14	560	1.15733289719	4	537	4	537
9	"1"	"1"	2	FALSE	0	90	100	0	0	3.42901103761e-14	560	1.19070601463	3	543	3	543
9	"1"	"1"	2	FALSE	0	90	100	0	0	3.42901103761e-14	560	1.22412991524	2	551	2	551
9	"1"	"1"	2	FALSE	0	90	100	0	0	3.42901103761e-14	560	1.25736784935	1	559	1	559
9	"1"	"1"	2	FALSE	0	90	100	0	0	3.42901103761e-14	560	1.29076695442	-1	565	-1	565
9	"1"	"1"	2	FALSE	0	90	100	0	0	3.42901103761e-14	560	1.32406282425	-1	567	-1	567
9	"1"	"1"	2	FALSE	0	90	100	0	0	3.42901103761e-14	560	1.35754084587	-2	568	-2	568
9	"1"	"1"	3	FALSE	0	45	100	0	0	395.979797464	395.979797464	0.00199413299561	6	-11	6	-11
9	"1"	"1"	3	FALSE	0	45	100	0	0	395.979797464	395.979797464	0.0218060016632	6	-10	6	-10
9	"1"	"1"	3	FALSE	0	45	100	0	0	395.979797464	395.979797464	0.0553531646729	6	-9	6	-9
9	"1"	"1"	3	FALSE	0	45	100	0	0	395.979797464	395.979797464	0.0887181758881	5	-6	5	-6
9	"1"	"1"	3	FALSE	0	45	100	0	0	395.979797464	395.979797464	0.122084140778	4	-3	4	-3
9	"1"	"1"	3	FALSE	0	45	100	0	0	395.979797464	395.979797464	0.155483007431	4	-3	4	-3
9	"1"	"1"	3	FALSE	0	45	100	0	0	395.979797464	395.979797464	0.188788175583	4	-3	4	-3
9	"1"	"1"	3	FALSE	0	45	100	0	0	395.979797464	395.979797464	0.222113132477	4	-3	4	-3
9	"1"	"1"	3	FALSE	0	45	100	0	0	395.979797464	395.979797464	0.255467176437	4	-3	4	-3
9	"1"	"1"	3	FALSE	0	45	100	0	0	395.979797464	395.979797464	0.288947105408	5	-3	5	-3
9	"1"	"1"	3	FALSE	0	45	100	0	0	395.979797464	395.979797464	0.322154045105	6	-1	6	-1
9	"1"	"1"	3	FALSE	0	45	100	0	0	395.979797464	395.979797464	0.355642080307	13	6	13	6
9	"1"	"1"	3	FALSE	0	45	100	0	0	395.979797464	395.979797464	0.38895201683	25	17	25	17
9	"1"	"1"	3	FALSE	0	45	100	0	0	395.979797464	395.979797464	0.422306060791	54	44	54	44
9	"1"	"1"	3	FALSE	0	45	100	0	0	395.979797464	395.979797464	0.4556620121	75	66	75	66
9	"1"	"1"	3	FALSE	0	45	100	0	0	395.979797464	395.979797464	0.489071130753	99	89	99	89
9	"1"	"1"	3	FALSE	0	45	100	0	0	395.979797464	395.979797464	0.522358179092	125	117	125	117
9	"1"	"1"	3	FALSE	0	45	100	0	0	395.979797464	395.979797464	0.555757045746	148	142	148	142
9	"1"	"1"	3	FALSE	0	45	100	0	0	395.979797464	395.979797464	0.589119195938	177	171	177	171
9	"1"	"1"	3	FALSE	0	45	100	0	0	395.979797464	395.979797464	0.622393131256	205	202	205	202
9	"1"	"1"	3	FALSE	0	45	100	0	0	395.979797464	395.979797464	0.655827999115	231	230	231	230
9	"1"	"1"	3	FALSE	0	45	100	0	0	395.979797464	395.979797464	0.689271211624	251	253	251	253
9	"1"	"1"	3	FALSE	0	45	100	0	0	395.979797464	395.979797464	0.722569227219	273	279	273	279
9	"1"	"1"	3	FALSE	0	45	100	0	0	395.979797464	395.979797464	0.755947113037	293	300	293	300
9	"1"	"1"	3	FALSE	0	45	100	0	0	395.979797464	395.979797464	0.789273023605	308	316	308	316
9	"1"	"1"	3	FALSE	0	45	100	0	0	395.979797464	395.979797464	0.822766065598	323	332	323	332
9	"1"	"1"	3	FALSE	0	45	100	0	0	395.979797464	395.979797464	0.856048107147	340	349	340	349
9	"1"	"1"	3	FALSE	0	45	100	0	0	395.979797464	395.979797464	0.889166116714	353	364	353	364
9	"1"	"1"	3	FALSE	0	45	100	0	0	395.979797464	395.979797464	0.922595024109	369	376	369	376
9	"1"	"1"	3	FALSE	0	45	100	0	0	395.979797464	395.979797464	0.955989122391	382	388	382	388
9	"1"	"1"	3	FALSE	0	45	100	0	0	395.979797464	395.979797464	0.989476203918	392	397	392	397
9	"1"	"1"	3	FALSE	0	45	100	0	0	395.979797464	395.979797464	1.02289319038	397	404	397	404
9	"1"	"1"	3	FALSE	0	45	100	0	0	395.979797464	395.979797464	1.05606603622	398	408	398	408
9	"1"	"1"	3	FALSE	0	45	100	0	0	395.979797464	395.979797464	1.0895152092	399	409	399	409
9	"1"	"1"	4	FALSE	0	90	100	0	0	3.42901103761e-14	560	0.001629114151	9	-4	9	-4
9	"1"	"1"	4	FALSE	0	90	100	0	0	3.42901103761e-14	560	0.0219161510468	8	-5	8	-5
9	"1"	"1"	4	FALSE	0	90	100	0	0	3.42901103761e-14	560	0.0555701255798	8	-5	8	-5
9	"1"	"1"	4	FALSE	0	90	100	0	0	3.42901103761e-14	560	0.088849067688	8	-5	8	-5
9	"1"	"1"	4	FALSE	0	90	100	0	0	3.42901103761e-14	560	0.122116088867	7	-6	7	-6
9	"1"	"1"	4	FALSE	0	90	100	0	0	3.42901103761e-14	560	0.155385971069	6	-7	6	-7
9	"1"	"1"	4	FALSE	0	90	100	0	0	3.42901103761e-14	560	0.188948154449	6	-7	6	-7
9	"1"	"1"	4	FALSE	0	90	100	0	0	3.42901103761e-14	560	0.222270965576	6	-7	6	-7
9	"1"	"1"	4	FALSE	0	90	100	0	0	3.42901103761e-14	560	0.255684137344	5	-6	5	-6
9	"1"	"1"	4	FALSE	0	90	100	0	0	3.42901103761e-14	560	0.288993120193	4	-6	4	-6
9	"1"	"1"	4	FALSE	0	90	100	0	0	3.42901103761e-14	560	0.322447061539	3	-2	3	-2
9	"1"	"1"	4	FALSE	0	90	100	0	0	3.42901103761e-14	560	0.355760097504	6	14	6	14
9	"1"	"1"	4	FALSE	0	90	100	0	0	3.42901103761e-14	560	0.389084100723	11	44	11	44
9	"1"	"1"	4	FALSE	0	90	100	0	0	3.42901103761e-14	560	0.422547101974	14	73	14	73
9	"1"	"1"	4	FALSE	0	90	100	0	0	3.42901103761e-14	560	0.455871105194	18	105	18	105
9	"1"	"1"	4	FALSE	0	90	100	0	0	3.42901103761e-14	560	0.489202976227	20	133	20	133
9	"1"	"1"	4	FALSE	0	90	100	0	0	3.42901103761e-14	560	0.522591114044	23	164	23	164
9	"1"	"1"	4	FALSE	0	90	100	0	0	3.42901103761e-14	560	0.555843114853	26	196	26	196
9	"1"	"1"	4	FALSE	0	90	100	0	0	3.42901103761e-14	560	0.589307069778	28	225	28	225
9	"1"	"1"	4	FALSE	0	90	100	0	0	3.42901103761e-14	560	0.62250995636	29	256	29	256
9	"1"	"1"	4	FALSE	0	90	100	0	0	3.42901103761e-14	560	0.655956983566	27	280	27	280
9	"1"	"1"	4	FALSE	0	90	100	0	0	3.42901103761e-14	560	0.689418077469	24	309	24	309
9	"1"	"1"	4	FALSE	0	90	100	0	0	3.42901103761e-14	560	0.722625017166	19	336	19	336
9	"1"	"1"	4	FALSE	0	90	100	0	0	3.42901103761e-14	560	0.756119966507	14	362	14	362
9	"1"	"1"	4	FALSE	0	90	100	0	0	3.42901103761e-14	560	0.789509057999	9	388	9	388
9	"1"	"1"	4	FALSE	0	90	100	0	0	3.42901103761e-14	560	0.822818994522	6	409	6	409
9	"1"	"1"	4	FALSE	0	90	100	0	0	3.42901103761e-14	560	0.856228113174	2	432	2	432
9	"1"	"1"	4	FALSE	0	90	100	0	0	3.42901103761e-14	560	0.889342069626	-1	451	-1	451
9	"1"	"1"	4	FALSE	0	90	100	0	0	3.42901103761e-14	560	0.922892093658	-1	470	-1	470
9	"1"	"1"	4	FALSE	0	90	100	0	0	3.42901103761e-14	560	0.956227064133	-1	486	-1	486
9	"1"	"1"	4	FALSE	0	90	100	0	0	3.42901103761e-14	560	0.989580154419	0	501	0	501
9	"1"	"1"	4	FALSE	0	90	100	0	0	3.42901103761e-14	560	1.02300810814	1	518	1	518
9	"1"	"1"	4	FALSE	0	90	100	0	0	3.42901103761e-14	560	1.05629301071	1	529	1	529
9	"1"	"1"	4	FALSE	0	90	100	0	0	3.42901103761e-14	560	1.0896821022	2	540	2	540
9	"1"	"1"	4	FALSE	0	90	100	0	0	3.42901103761e-14	560	1.1229789257	2	551	2	551
9	"1"	"1"	4	FALSE	0	90	100	0	0	3.42901103761e-14	560	1.1563770771	2	560	2	560
9	"1"	"1"	4	FALSE	0	90	100	0	0	3.42901103761e-14	560	1.18970298767	1	568	1	568
9	"1"	"1"	4	FALSE	0	90	100	0	0	3.42901103761e-14	560	1.2230899334	0	570	0	570
9	"1"	"1"	5	FALSE	0	135	100	0	0	-395.979797464	395.979797464	0.00191497802734	2	-6	2	-6
9	"1"	"1"	5	FALSE	0	135	100	0	0	-395.979797464	395.979797464	0.0220808982849	2	-5	2	-5
9	"1"	"1"	5	FALSE	0	135	100	0	0	-395.979797464	395.979797464	0.0555498600006	2	-4	2	-4
9	"1"	"1"	5	FALSE	0	135	100	0	0	-395.979797464	395.979797464	0.0890209674835	2	-2	2	-2
9	"1"	"1"	5	FALSE	0	135	100	0	0	-395.979797464	395.979797464	0.122298002243	2	-1	2	-1
9	"1"	"1"	5	FALSE	0	135	100	0	0	-395.979797464	395.979797464	0.155740022659	2	-1	2	-1
9	"1"	"1"	5	FALSE	0	135	100	0	0	-395.979797464	395.979797464	0.188997030258	2	-1	2	-1
9	"1"	"1"	5	FALSE	0	135	100	0	0	-395.979797464	395.979797464	0.222367048264	2	-1	2	-1
9	"1"	"1"	5	FALSE	0	135	100	0	0	-395.979797464	395.979797464	0.255738973618	2	-1	2	-1
9	"1"	"1"	5	FALSE	0	135	100	0	0	-395.979797464	395.979797464	0.288928031921	2	-1	2	-1
9	"1"	"1"	5	FALSE	0	135	100	0	0	-395.979797464	395.979797464	0.322457075119	2	-1	2	-1
9	"1"	"1"	5	FALSE	0	135	100	0	0	-395.979797464	395.979797464	0.355836868286	2	-1	2	-1
9	"1"	"1"	5	FALSE	0	135	100	0	0	-395.979797464	395.979797464	0.389323949814	0	0	0	0
9	"1"	"1"	5	FALSE	0	135	100	0	0	-395.979797464	395.979797464	0.422668933868	-5	4	-5	4
9	"1"	"1"	5	FALSE	0	135	100	0	0	-395.979797464	395.979797464	0.455924987793	-13	11	-13	11
9	"1"	"1"	5	FALSE	0	135	100	0	0	-395.979797464	395.979797464	0.489263057709	-33	27	-33	27
9	"1"	"1"	5	FALSE	0	135	100	0	0	-395.979797464	395.979797464	0.522610902786	-60	49	-60	49
9	"1"	"1"	5	FALSE	0	135	100	0	0	-395.979797464	395.979797464	0.556091070175	-91	75	-91	75
9	"1"	"1"	5	FALSE	0	135	100	0	0	-395.979797464	395.979797464	0.589356899261	-118	95	-118	95
9	"1"	"1"	5	FALSE	0	135	100	0	0	-395.979797464	395.979797464	0.622756004333	-150	117	-150	117
9	"1"	"1"	5	FALSE	0	135	100	0	0	-395.979797464	395.979797464	0.656194925308	-182	141	-182	141
9	"1"	"1"	5	FALSE	0	135	100	0	0	-395.979797464	395.979797464	0.689296960831	-208	160	-208	160
9	"1"	"1"	5	FALSE	0	135	100	0	0	-395.979797464	395.979797464	0.722861051559	-236	182	-236	182
9	"1"	"1"	5	FALSE	0	135	100	0	0	-395.979797464	395.979797464	0.756202936172	-261	204	-261	204
9	"1"	"1"	5	FALSE	0	135	100	0	0	-395.979797464	395.979797464	0.789550065994	-281	225	-281	225
9	"1"	"1"	5	FALSE	0	135	100	0	0	-395.979797464	395.979797464	0.822761058807	-301	246	-301	246
9	"1"	"1"	5	FALSE	0	135	100	0	0	-395.979797464	395.979797464	0.856224060059	-317	270	-317	270
9	"1"	"1"	5	FALSE	0	135	100	0	0	-395.979797464	395.979797464	0.88972401619	-333	289	-333	289
9	"1"	"1"	5	FALSE	0	135	100	0	0	-395.979797464	395.979797464	0.922996997833	-346	307	-346	307
9	"1"	"1"	5	FALSE	0	135	100	0	0	-395.979797464	395.979797464	0.956320047379	-355	321	-355	321
9	"1"	"1"	5	FALSE	0	135	100	0	0	-395.979797464	395.979797464	0.989742994308	-367	337	-367	337
9	"1"	"1"	5	FALSE	0	135	100	0	0	-395.979797464	395.979797464	1.02305102348	-374	350	-374	350
9	"1"	"1"	5	FALSE	0	135	100	0	0	-395.979797464	395.979797464	1.05642986298	-380	363	-380	363
9	"1"	"1"	5	FALSE	0	135	100	0	0	-395.979797464	395.979797464	1.08951306343	-385	371	-385	371
9	"1"	"1"	5	FALSE	0	135	100	0	0	-395.979797464	395.979797464	1.12314891815	-389	375	-389	375
9	"1"	"1"	5	FALSE	0	135	100	0	0	-395.979797464	395.979797464	1.15653300285	-392	380	-392	380
9	"1"	"1"	5	FALSE	0	135	100	0	0	-395.979797464	395.979797464	1.18979406357	-396	383	-396	383
9	"1"	"1"	5	FALSE	0	135	100	0	0	-395.979797464	395.979797464	1.22322893143	-398	386	-398	386
9	"1"	"1"	5	FALSE	0	135	100	0	0	-395.979797464	395.979797464	1.25655889511	-400	388	-400	388
9	"1"	"1"	5	FALSE	0	135	100	0	0	-395.979797464	395.979797464	1.28996086121	-401	391	-401	391
9	"1"	"1"	5	FALSE	0	135	100	0	0	-395.979797464	395.979797464	1.32319307327	-402	393	-402	393
9	"1"	"1"	6	FALSE	0	45	100	0	0	395.979797464	395.979797464	0.00211882591248	10	2	10	2
9	"1"	"1"	6	FALSE	0	45	100	0	0	395.979797464	395.979797464	0.0219249725342	10	2	10	2
9	"1"	"1"	6	FALSE	0	45	100	0	0	395.979797464	395.979797464	0.0555238723755	10	2	10	2
9	"1"	"1"	6	FALSE	0	45	100	0	0	395.979797464	395.979797464	0.0889430046082	10	2	10	2
9	"1"	"1"	6	FALSE	0	45	100	0	0	395.979797464	395.979797464	0.122282981873	9	2	9	2
9	"1"	"1"	6	FALSE	0	45	100	0	0	395.979797464	395.979797464	0.155614852905	8	1	8	1
9	"1"	"1"	6	FALSE	0	45	100	0	0	395.979797464	395.979797464	0.18894982338	8	1	8	1
9	"1"	"1"	6	FALSE	0	45	100	0	0	395.979797464	395.979797464	0.222312927246	7	0	7	0
9	"1"	"1"	6	FALSE	0	45	100	0	0	395.979797464	395.979797464	0.255561828613	7	0	7	0
9	"1"	"1"	6	FALSE	0	45	100	0	0	395.979797464	395.979797464	0.289155960083	9	1	9	1
9	"1"	"1"	6	FALSE	0	45	100	0	0	395.979797464	395.979797464	0.322395801544	16	9	16	9
9	"1"	"1"	6	FALSE	0	45	100	0	0	395.979797464	395.979797464	0.355865001678	29	24	29	24
9	"1"	"1"	6	FALSE	0	45	100	0	0	395.979797464	395.979797464	0.388978004456	54	49	54	49
9	"1"	"1"	6	FALSE	0	45	100	0	0	395.979797464	395.979797464	0.422475814819	79	74	79	74
9	"1"	"1"	6	FALSE	0	45	100	0	0	395.979797464	395.979797464	0.455873966217	109	105	109	105
9	"1"	"1"	6	FALSE	0	45	100	0	0	395.979797464	395.979797464	0.489188909531	140	138	140	138
9	"1"	"1"	6	FALSE	0	45	100	0	0	395.979797464	395.979797464	0.522593975067	170	168	170	168
9	"1"	"1"	6	FALSE	0	45	100	0	0	395.979797464	395.979797464	0.555949926376	204	203	204	203
9	"1"	"1"	6	FALSE	0	45	100	0	0	395.979797464	395.979797464	0.589289903641	236	235	236	235
9	"1"	"1"	6	FALSE	0	45	100	0	0	395.979797464	395.979797464	0.622459888458	269	266	269	266
9	"1"	"1"	6	FALSE	0	45	100	0	0	395.979797464	395.979797464	0.656025886536	294	291	294	291
9	"1"	"1"	6	FALSE	0	45	100	0	0	395.979797464	395.979797464	0.689416885376	318	317	318	317
9	"1"	"1"	6	FALSE	0	45	100	0	0	395.979797464	395.979797464	0.722681999207	341	340	341	340
9	"1"	"1"	6	FALSE	0	45	100	0	0	395.979797464	395.979797464	0.756073951721	358	358	358	358
9	"1"	"1"	6	FALSE	0	45	100	0	0	395.979797464	395.979797464	0.789474964142	372	372	372	372
9	"1"	"1"	6	FALSE	0	45	100	0	0	395.979797464	395.979797464	0.822788953781	385	387	385	387
9	"1"	"1"	6	FALSE	0	45	100	0	0	395.979797464	395.979797464	0.856245994568	396	399	396	399
9	"1"	"1"	6	FALSE	0	45	100	0	0	395.979797464	395.979797464	0.889600992203	404	407	404	407
9	"1"	"1"	6	FALSE	0	45	100	0	0	395.979797464	395.979797464	0.922741889954	408	414	408	414
9	"1"	"1"	6	FALSE	0	45	100	0	0	395.979797464	395.979797464	0.956157922745	409	416	409	416
9	"1"	"1"	6	FALSE	0	45	100	0	0	395.979797464	395.979797464	0.989543914795	409	416	409	416
9	"1"	"1"	6	FALSE	0	45	100	0	0	395.979797464	395.979797464	1.02284693718	409	416	409	416
9	"1"	"1"	6	FALSE	0	45	100	0	0	395.979797464	395.979797464	1.05628395081	409	416	409	416
9	"1"	"1"	6	FALSE	0	45	100	0	0	395.979797464	395.979797464	1.08968782425	409	416	409	416
9	"1"	"1"	6	FALSE	0	45	100	0	0	395.979797464	395.979797464	1.12289094925	409	416	409	416
9	"1"	"1"	6	FALSE	0	45	100	0	0	395.979797464	395.979797464	1.15635585785	409	416	409	416
9	"1"	"1"	6	FALSE	0	45	100	0	0	395.979797464	395.979797464	1.18954396248	409	415	409	415
9	"1"	"1"	6	FALSE	0	45	100	0	0	395.979797464	395.979797464	1.22315788269	408	413	408	413
9	"1"	"1"	6	FALSE	0	45	100	0	0	395.979797464	395.979797464	1.25647592545	406	410	406	410
9	"1"	"1"	6	FALSE	0	45	100	0	0	395.979797464	395.979797464	1.28984284401	403	405	403	405
9	"1"	"1"	6	FALSE	0	45	100	0	0	395.979797464	395.979797464	1.3232460022	403	403	403	403
9	"1"	"1"	7	FALSE	0	90	100	0	0	3.42901103761e-14	560	0.00209188461304	10	-2	10	-2
9	"1"	"1"	7	FALSE	0	90	100	0	0	3.42901103761e-14	560	0.0220799446106	10	-3	10	-3
9	"1"	"1"	7	FALSE	0	90	100	0	0	3.42901103761e-14	560	0.055596113205	8	-4	8	-4
9	"1"	"1"	7	FALSE	0	90	100	0	0	3.42901103761e-14	560	0.0888459682465	7	-5	7	-5
9	"1"	"1"	7	FALSE	0	90	100	0	0	3.42901103761e-14	560	0.122277021408	6	-5	6	-5
9	"1"	"1"	7	FALSE	0	90	100	0	0	3.42901103761e-14	560	0.155519008636	5	-6	5	-6
9	"1"	"1"	7	FALSE	0	90	100	0	0	3.42901103761e-14	560	0.189007043839	5	-6	5	-6
9	"1"	"1"	7	FALSE	0	90	100	0	0	3.42901103761e-14	560	0.222368955612	5	-6	5	-6
9	"1"	"1"	7	FALSE	0	90	100	0	0	3.42901103761e-14	560	0.255682945251	6	-4	6	-4
9	"1"	"1"	7	FALSE	0	90	100	0	0	3.42901103761e-14	560	0.289144039154	8	1	8	1
9	"1"	"1"	7	FALSE	0	90	100	0	0	3.42901103761e-14	560	0.322448015213	10	10	10	10
9	"1"	"1"	7	FALSE	0	90	100	0	0	3.42901103761e-14	560	0.355777978897	11	25	11	25
9	"1"	"1"	7	FALSE	0	90	100	0	0	3.42901103761e-14	560	0.389169931412	8	52	8	52
9	"1"	"1"	7	FALSE	0	90	100	0	0	3.42901103761e-14	560	0.422552108765	7	78	7	78
9	"1"	"1"	7	FALSE	0	90	100	0	0	3.42901103761e-14	560	0.455878973007	9	116	9	116
9	"1"	"1"	7	FALSE	0	90	100	0	0	3.42901103761e-14	560	0.489252090454	12	158	12	158
9	"1"	"1"	7	FALSE	0	90	100	0	0	3.42901103761e-14	560	0.522594928741	14	194	14	194
9	"1"	"1"	7	FALSE	0	90	100	0	0	3.42901103761e-14	560	0.555887937546	15	240	15	240
9	"1"	"1"	7	FALSE	0	90	100	0	0	3.42901103761e-14	560	0.589303970337	13	271	13	271
9	"1"	"1"	7	FALSE	0	90	100	0	0	3.42901103761e-14	560	0.62260890007	10	306	10	306
9	"1"	"1"	7	FALSE	0	90	100	0	0	3.42901103761e-14	560	0.655992984772	7	338	7	338
9	"1"	"1"	7	FALSE	0	90	100	0	0	3.42901103761e-14	560	0.689461946487	3	364	3	364
9	"1"	"1"	7	FALSE	0	90	100	0	0	3.42901103761e-14	560	0.722774982452	-1	393	-1	393
9	"1"	"1"	7	FALSE	0	90	100	0	0	3.42901103761e-14	560	0.756108999252	-2	416	-2	416
9	"1"	"1"	7	FALSE	0	90	100	0	0	3.42901103761e-14	560	0.789383888245	-2	440	-2	440
9	"1"	"1"	7	FALSE	0	90	100	0	0	3.42901103761e-14	560	0.822690010071	0	466	0	466
9	"1"	"1"	7	FALSE	0	90	100	0	0	3.42901103761e-14	560	0.856025934219	1	486	1	486
9	"1"	"1"	7	FALSE	0	90	100	0	0	3.42901103761e-14	560	0.889427900314	2	501	2	501
9	"1"	"1"	7	FALSE	0	90	100	0	0	3.42901103761e-14	560	0.92284488678	2	513	2	513
9	"1"	"1"	7	FALSE	0	90	100	0	0	3.42901103761e-14	560	0.956320047379	3	524	3	524
9	"1"	"1"	7	FALSE	0	90	100	0	0	3.42901103761e-14	560	0.989615917206	3	531	3	531
9	"1"	"1"	7	FALSE	0	90	100	0	0	3.42901103761e-14	560	1.02295899391	2	536	2	536
9	"1"	"1"	7	FALSE	0	90	100	0	0	3.42901103761e-14	560	1.05642104149	1	542	1	542
9	"1"	"1"	7	FALSE	0	90	100	0	0	3.42901103761e-14	560	1.08966088295	1	547	1	547
9	"1"	"1"	7	FALSE	0	90	100	0	0	3.42901103761e-14	560	1.12311005592	-1	551	-1	551
9	"1"	"1"	7	FALSE	0	90	100	0	0	3.42901103761e-14	560	1.15642809868	-2	553	-2	553
9	"1"	"1"	8	FALSE	0	45	100	0	0	395.979797464	395.979797464	0.00187110900879	-4	-3	-4	-3
9	"1"	"1"	8	FALSE	0	45	100	0	0	395.979797464	395.979797464	0.0216360092163	-4	-3	-4	-3
9	"1"	"1"	8	FALSE	0	45	100	0	0	395.979797464	395.979797464	0.0552220344543	-4	-3	-4	-3
9	"1"	"1"	8	FALSE	0	45	100	0	0	395.979797464	395.979797464	0.0887269973755	-4	-3	-4	-3
9	"1"	"1"	8	FALSE	0	45	100	0	0	395.979797464	395.979797464	0.122179031372	-4	-3	-4	-3
9	"1"	"1"	8	FALSE	0	45	100	0	0	395.979797464	395.979797464	0.15540599823	-4	-3	-4	-3
9	"1"	"1"	8	FALSE	0	45	100	0	0	395.979797464	395.979797464	0.188884973526	-3	-3	-3	-3
9	"1"	"1"	8	FALSE	0	45	100	0	0	395.979797464	395.979797464	0.22228717804	-3	-3	-3	-3
9	"1"	"1"	8	FALSE	0	45	100	0	0	395.979797464	395.979797464	0.255558013916	-2	-2	-2	-2
9	"1"	"1"	8	FALSE	0	45	100	0	0	395.979797464	395.979797464	0.288984060287	2	2	2	2
9	"1"	"1"	8	FALSE	0	45	100	0	0	395.979797464	395.979797464	0.322237014771	9	13	9	13
9	"1"	"1"	8	FALSE	0	45	100	0	0	395.979797464	395.979797464	0.355708122253	19	26	19	26
9	"1"	"1"	8	FALSE	0	45	100	0	0	395.979797464	395.979797464	0.389004945755	34	45	34	45
9	"1"	"1"	8	FALSE	0	45	100	0	0	395.979797464	395.979797464	0.422263145447	52	72	52	72
9	"1"	"1"	8	FALSE	0	45	100	0	0	395.979797464	395.979797464	0.455723047256	70	94	70	94
9	"1"	"1"	8	FALSE	0	45	100	0	0	395.979797464	395.979797464	0.489071130753	86	114	86	114
9	"1"	"1"	8	FALSE	0	45	100	0	0	395.979797464	395.979797464	0.522541046143	108	140	108	140
9	"1"	"1"	8	FALSE	0	45	100	0	0	395.979797464	395.979797464	0.555792093277	132	167	132	167
9	"1"	"1"	8	FALSE	0	45	100	0	0	395.979797464	395.979797464	0.589199066162	153	190	153	190
9	"1"	"1"	8	FALSE	0	45	100	0	0	395.979797464	395.979797464	0.622524023056	181	215	181	215
9	"1"	"1"	8	FALSE	0	45	100	0	0	395.979797464	395.979797464	0.655946969986	210	239	210	239
9	"1"	"1"	8	FALSE	0	45	100	0	0	395.979797464	395.979797464	0.689360141754	234	261	234	261
9	"1"	"1"	8	FALSE	0	45	100	0	0	395.979797464	395.979797464	0.722651004791	261	279	261	279
9	"1"	"1"	8	FALSE	0	45	100	0	0	395.979797464	395.979797464	0.756030082703	285	297	285	297
9	"1"	"1"	8	FALSE	0	45	100	0	0	395.979797464	395.979797464	0.789312124252	301	311	301	311
9	"1"	"1"	8	FALSE	0	45	100	0	0	395.979797464	395.979797464	0.822656154633	318	325	318	325
9	"1"	"1"	8	FALSE	0	45	100	0	0	395.979797464	395.979797464	0.856032133102	334	339	334	339
9	"1"	"1"	8	FALSE	0	45	100	0	0	395.979797464	395.979797464	0.889369010925	348	352	348	352
9	"1"	"1"	8	FALSE	0	45	100	0	0	395.979797464	395.979797464	0.922768115997	363	365	363	365
9	"1"	"1"	8	FALSE	0	45	100	0	0	395.979797464	395.979797464	0.956181049347	375	375	375	375
9	"1"	"1"	8	FALSE	0	45	100	0	0	395.979797464	395.979797464	0.989631175995	385	385	385	385
9	"1"	"1"	8	FALSE	0	45	100	0	0	395.979797464	395.979797464	1.02284097672	393	392	393	392
9	"1"	"1"	8	FALSE	0	45	100	0	0	395.979797464	395.979797464	1.05597901344	400	398	400	398
9	"1"	"1"	8	FALSE	0	45	100	0	0	395.979797464	395.979797464	1.08964300156	406	405	406	405
9	"1"	"1"	8	FALSE	0	45	100	0	0	395.979797464	395.979797464	1.12274217606	411	411	411	411
9	"1"	"1"	8	FALSE	0	45	100	0	0	395.979797464	395.979797464	1.15615415573	412	414	412	414
9	"1"	"1"	8	FALSE	0	45	100	0	0	395.979797464	395.979797464	1.18945097923	412	414	412	414
9	"1"	"1"	8	FALSE	0	45	100	0	0	395.979797464	395.979797464	1.22297215462	412	414	412	414
9	"1"	"1"	8	FALSE	0	45	100	0	0	395.979797464	395.979797464	1.25639605522	411	413	411	413
9	"1"	"1"	8	FALSE	0	45	100	0	0	395.979797464	395.979797464	1.28964209557	410	412	410	412
9	"1"	"1"	8	FALSE	0	45	100	0	0	395.979797464	395.979797464	1.32305407524	409	411	409	411
9	"1"	"1"	8	FALSE	0	45	100	0	0	395.979797464	395.979797464	1.35645508766	407	408	407	408
9	"1"	"1"	8	FALSE	0	45	100	0	0	395.979797464	395.979797464	1.38983917236	404	405	404	405
9	"1"	"1"	8	FALSE	0	45	100	0	0	395.979797464	395.979797464	1.42315411568	403	402	403	402
9	"1"	"1"	8	FALSE	0	45	100	0	0	395.979797464	395.979797464	1.45653104782	402	401	402	401
9	"1"	"1"	9	FALSE	0	135	100	0	0	-395.979797464	395.979797464	0.00206089019775	2	-1	2	-1
9	"1"	"1"	9	FALSE	0	135	100	0	0	-395.979797464	395.979797464	0.0220158100128	2	-1	2	-1
9	"1"	"1"	9	FALSE	0	135	100	0	0	-395.979797464	395.979797464	0.0555219650269	2	-1	2	-1
9	"1"	"1"	9	FALSE	0	135	100	0	0	-395.979797464	395.979797464	0.0890009403229	2	-1	2	-1
9	"1"	"1"	9	FALSE	0	135	100	0	0	-395.979797464	395.979797464	0.122367858887	2	-1	2	-1
9	"1"	"1"	9	FALSE	0	135	100	0	0	-395.979797464	395.979797464	0.155646800995	2	-1	2	-1
9	"1"	"1"	9	FALSE	0	135	100	0	0	-395.979797464	395.979797464	0.189034938812	2	-1	2	-1
9	"1"	"1"	9	FALSE	0	135	100	0	0	-395.979797464	395.979797464	0.222407817841	2	-1	2	-1
9	"1"	"1"	9	FALSE	0	135	100	0	0	-395.979797464	395.979797464	0.255774974823	2	-1	2	-1
9	"1"	"1"	9	FALSE	0	135	100	0	0	-395.979797464	395.979797464	0.28907084465	2	-1	2	-1
9	"1"	"1"	9	FALSE	0	135	100	0	0	-395.979797464	395.979797464	0.322577953339	0	0	0	0
9	"1"	"1"	9	FALSE	0	135	100	0	0	-395.979797464	395.979797464	0.355911970139	-4	3	-4	3
9	"1"	"1"	9	FALSE	0	135	100	0	0	-395.979797464	395.979797464	0.389170885086	-14	11	-14	11
9	"1"	"1"	9	FALSE	0	135	100	0	0	-395.979797464	395.979797464	0.422643899918	-31	26	-31	26
9	"1"	"1"	9	FALSE	0	135	100	0	0	-395.979797464	395.979797464	0.456003904343	-57	54	-57	54
9	"1"	"1"	9	FALSE	0	135	100	0	0	-395.979797464	395.979797464	0.489235877991	-82	78	-82	78
9	"1"	"1"	9	FALSE	0	135	100	0	0	-395.979797464	395.979797464	0.522533893585	-107	99	-107	99
9	"1"	"1"	9	FALSE	0	135	100	0	0	-395.979797464	395.979797464	0.556044816971	-139	127	-139	127
9	"1"	"1"	9	FALSE	0	135	100	0	0	-395.979797464	395.979797464	0.589440822601	-169	149	-169	149
9	"1"	"1"	9	FALSE	0	135	100	0	0	-395.979797464	395.979797464	0.62274980545	-197	168	-197	168
9	"1"	"1"	9	FALSE	0	135	100	0	0	-395.979797464	395.979797464	0.656072854996	-219	187	-219	187
9	"1"	"1"	9	FALSE	0	135	100	0	0	-395.979797464	395.979797464	0.689490795135	-241	206	-241	206
9	"1"	"1"	9	FALSE	0	135	100	0	0	-395.979797464	395.979797464	0.722719907761	-258	224	-258	224
9	"1"	"1"	9	FALSE	0	135	100	0	0	-395.979797464	395.979797464	0.75618481636	-270	244	-270	244
9	"1"	"1"	9	FALSE	0	135	100	0	0	-395.979797464	395.979797464	0.789522886276	-281	267	-281	267
9	"1"	"1"	9	FALSE	0	135	100	0	0	-395.979797464	395.979797464	0.822963953018	-290	292	-290	292
9	"1"	"1"	9	FALSE	0	135	100	0	0	-395.979797464	395.979797464	0.856252908707	-300	311	-300	311
9	"1"	"1"	9	FALSE	0	135	100	0	0	-395.979797464	395.979797464	0.889617919922	-309	325	-309	325
9	"1"	"1"	9	FALSE	0	135	100	0	0	-395.979797464	395.979797464	0.923027992249	-320	339	-320	339
9	"1"	"1"	9	FALSE	0	135	100	0	0	-395.979797464	395.979797464	0.95624089241	-331	351	-331	351
9	"1"	"1"	9	FALSE	0	135	100	0	0	-395.979797464	395.979797464	0.989711999893	-339	359	-339	359
9	"1"	"1"	9	FALSE	0	135	100	0	0	-395.979797464	395.979797464	1.02308893204	-350	367	-350	367
9	"1"	"1"	9	FALSE	0	135	100	0	0	-395.979797464	395.979797464	1.05641698837	-358	374	-358	374
9	"1"	"1"	9	FALSE	0	135	100	0	0	-395.979797464	395.979797464	1.08993196487	-364	380	-364	380
9	"1"	"1"	9	FALSE	0	135	100	0	0	-395.979797464	395.979797464	1.12310290337	-372	385	-372	385
9	"1"	"1"	9	FALSE	0	135	100	0	0	-395.979797464	395.979797464	1.15651202202	-377	390	-377	390
9	"1"	"1"	9	FALSE	0	135	100	0	0	-395.979797464	395.979797464	1.18974590302	-383	395	-383	395
9	"1"	"1"	9	FALSE	0	135	100	0	0	-395.979797464	395.979797464	1.223279953	-386	398	-386	398
9	"1"	"1"	9	FALSE	0	135	100	0	0	-395.979797464	395.979797464	1.25658488274	-388	400	-388	400
9	"1"	"1"	9	FALSE	0	135	100	0	0	-395.979797464	395.979797464	1.28994679451	-389	401	-389	401
9	"1"	"1"	10	FALSE	0	45	100	0	0	395.979797464	395.979797464	0.00202798843384	13	1	13	1
9	"1"	"1"	10	FALSE	0	45	100	0	0	395.979797464	395.979797464	0.0218229293823	13	1	13	1
9	"1"	"1"	10	FALSE	0	45	100	0	0	395.979797464	395.979797464	0.0553848743439	13	1	13	1
9	"1"	"1"	10	FALSE	0	45	100	0	0	395.979797464	395.979797464	0.0887370109558	12	1	12	1
9	"1"	"1"	10	FALSE	0	45	100	0	0	395.979797464	395.979797464	0.122099876404	8	1	8	1
9	"1"	"1"	10	FALSE	0	45	100	0	0	395.979797464	395.979797464	0.155376911163	6	1	6	1
9	"1"	"1"	10	FALSE	0	45	100	0	0	395.979797464	395.979797464	0.18886089325	6	0	6	0
9	"1"	"1"	10	FALSE	0	45	100	0	0	395.979797464	395.979797464	0.222223043442	5	0	5	0
9	"1"	"1"	10	FALSE	0	45	100	0	0	395.979797464	395.979797464	0.255638837814	5	-1	5	-1
9	"1"	"1"	10	FALSE	0	45	100	0	0	395.979797464	395.979797464	0.288894891739	5	0	5	0
9	"1"	"1"	10	FALSE	0	45	100	0	0	395.979797464	395.979797464	0.322312831879	5	0	5	0
9	"1"	"1"	10	FALSE	0	45	100	0	0	395.979797464	395.979797464	0.355651855469	11	6	11	6
9	"1"	"1"	10	FALSE	0	45	100	0	0	395.979797464	395.979797464	0.389029979706	26	20	26	20
9	"1"	"1"	10	FALSE	0	45	100	0	0	395.979797464	395.979797464	0.422377824783	41	33	41	33
9	"1"	"1"	10	FALSE	0	45	100	0	0	395.979797464	395.979797464	0.455675840378	65	57	65	57
9	"1"	"1"	10	FALSE	0	45	100	0	0	395.979797464	395.979797464	0.489027023315	85	76	85	76
9	"1"	"1"	10	FALSE	0	45	100	0	0	395.979797464	395.979797464	0.522395849228	107	100	107	100
9	"1"	"1"	10	FALSE	0	45	100	0	0	395.979797464	395.979797464	0.555814981461	132	127	132	127
9	"1"	"1"	10	FALSE	0	45	100	0	0	395.979797464	395.979797464	0.589167833328	158	155	158	155
9	"1"	"1"	10	FALSE	0	45	100	0	0	395.979797464	395.979797464	0.622560024261	183	183	183	183
9	"1"	"1"	10	FALSE	0	45	100	0	0	395.979797464	395.979797464	0.656028032303	204	205	204	205
9	"1"	"1"	10	FALSE	0	45	100	0	0	395.979797464	395.979797464	0.689373970032	229	230	229	230
9	"1"	"1"	10	FALSE	0	45	100	0	0	395.979797464	395.979797464	0.722643852234	248	251	248	251
9	"1"	"1"	10	FALSE	0	45	100	0	0	395.979797464	395.979797464	0.755934000015	267	271	267	271
9	"1"	"1"	10	FALSE	0	45	100	0	0	395.979797464	395.979797464	0.789340019226	282	286	282	286
9	"1"	"1"	10	FALSE	0	45	100	0	0	395.979797464	395.979797464	0.822698831558	296	300	296	300
9	"1"	"1"	10	FALSE	0	45	100	0	0	395.979797464	395.979797464	0.855984926224	311	317	311	317
9	"1"	"1"	10	FALSE	0	45	100	0	0	395.979797464	395.979797464	0.889436006546	325	327	325	327
9	"1"	"1"	10	FALSE	0	45	100	0	0	395.979797464	395.979797464	0.922794818878	338	340	338	340
9	"1"	"1"	10	FALSE	0	45	100	0	0	395.979797464	395.979797464	0.955994844437	350	350	350	350
9	"1"	"1"	10	FALSE	0	45	100	0	0	395.979797464	395.979797464	0.989452838898	361	360	361	360
9	"1"	"1"	10	FALSE	0	45	100	0	0	395.979797464	395.979797464	1.02278804779	373	370	373	370
9	"1"	"1"	10	FALSE	0	45	100	0	0	395.979797464	395.979797464	1.0562889576	379	377	379	377
9	"1"	"1"	10	FALSE	0	45	100	0	0	395.979797464	395.979797464	1.08958387375	385	383	385	383
9	"1"	"1"	10	FALSE	0	45	100	0	0	395.979797464	395.979797464	1.12277293205	390	387	390	387
9	"1"	"1"	10	FALSE	0	45	100	0	0	395.979797464	395.979797464	1.1563179493	391	388	391	388
9	"1"	"1"	11	FALSE	0	90	100	0	0	3.42901103761e-14	560	0.0019519329071	-6	-6	-6	-6
9	"1"	"1"	11	FALSE	0	90	100	0	0	3.42901103761e-14	560	0.0218238830566	-5	-5	-5	-5
9	"1"	"1"	11	FALSE	0	90	100	0	0	3.42901103761e-14	560	0.0554509162903	-5	-5	-5	-5
9	"1"	"1"	11	FALSE	0	90	100	0	0	3.42901103761e-14	560	0.088791847229	-5	-5	-5	-5
9	"1"	"1"	11	FALSE	0	90	100	0	0	3.42901103761e-14	560	0.122274875641	-5	-4	-5	-4
9	"1"	"1"	11	FALSE	0	90	100	0	0	3.42901103761e-14	560	0.155521869659	-5	-4	-5	-4
9	"1"	"1"	11	FALSE	0	90	100	0	0	3.42901103761e-14	560	0.188864946365	-4	-4	-4	-4
9	"1"	"1"	11	FALSE	0	90	100	0	0	3.42901103761e-14	560	0.221689939499	-3	-2	-3	-2
9	"1"	"1"	11	FALSE	0	90	100	0	0	3.42901103761e-14	560	0.255697011948	-3	-2	-3	-2
9	"1"	"1"	11	FALSE	0	90	100	0	0	3.42901103761e-14	560	0.288946866989	-3	-2	-3	-2
9	"1"	"1"	11	FALSE	0	90	100	0	0	3.42901103761e-14	560	0.321796894073	-3	-2	-3	-2
9	"1"	"1"	11	FALSE	0	90	100	0	0	3.42901103761e-14	560	0.355030059814	-3	-2	-3	-2
9	"1"	"1"	11	FALSE	0	90	100	0	0	3.42901103761e-14	560	0.389132022858	-3	4	-3	4
9	"1"	"1"	11	FALSE	0	90	100	0	0	3.42901103761e-14	560	0.422474861145	-2	18	-2	18
9	"1"	"1"	11	FALSE	0	90	100	0	0	3.42901103761e-14	560	0.455724000931	-2	36	-2	36
9	"1"	"1"	11	FALSE	0	90	100	0	0	3.42901103761e-14	560	0.489125013351	-2	67	-2	67
9	"1"	"1"	11	FALSE	0	90	100	0	0	3.42901103761e-14	560	0.522479057312	0	95	0	95
9	"1"	"1"	11	FALSE	0	90	100	0	0	3.42901103761e-14	560	0.555479049683	1	131	1	131
9	"1"	"1"	11	FALSE	0	90	100	0	0	3.42901103761e-14	560	0.589272975922	2	169	2	169
9	"1"	"1"	11	FALSE	0	90	100	0	0	3.42901103761e-14	560	0.622711896896	2	207	2	207
9	"1"	"1"	11	FALSE	0	90	100	0	0	3.42901103761e-14	560	0.655910968781	1	237	1	237
9	"1"	"1"	11	FALSE	0	90	100	0	0	3.42901103761e-14	560	0.689283847809	-2	271	-2	271
9	"1"	"1"	11	FALSE	0	90	100	0	0	3.42901103761e-14	560	0.722651004791	-4	303	-4	303
9	"1"	"1"	11	FALSE	0	90	100	0	0	3.42901103761e-14	560	0.755322933197	-6	329	-6	329
9	"1"	"1"	11	FALSE	0	90	100	0	0	3.42901103761e-14	560	0.7893409729	-9	355	-9	355
9	"1"	"1"	11	FALSE	0	90	100	0	0	3.42901103761e-14	560	0.82279086113	-11	383	-11	383
9	"1"	"1"	11	FALSE	0	90	100	0	0	3.42901103761e-14	560	0.855999946594	-11	407	-11	407
9	"1"	"1"	11	FALSE	0	90	100	0	0	3.42901103761e-14	560	0.889452934265	-10	427	-10	427
9	"1"	"1"	11	FALSE	0	90	100	0	0	3.42901103761e-14	560	0.92249584198	-8	451	-8	451
9	"1"	"1"	11	FALSE	0	90	100	0	0	3.42901103761e-14	560	0.956260919571	-7	475	-7	475
9	"1"	"1"	11	FALSE	0	90	100	0	0	3.42901103761e-14	560	0.989521026611	-7	485	-7	485
9	"1"	"1"	11	FALSE	0	90	100	0	0	3.42901103761e-14	560	1.02285194397	-5	501	-5	501
9	"1"	"1"	11	FALSE	0	90	100	0	0	3.42901103761e-14	560	1.05618596077	-3	517	-3	517
9	"1"	"1"	11	FALSE	0	90	100	0	0	3.42901103761e-14	560	1.08947896957	-2	528	-2	528
9	"1"	"1"	11	FALSE	0	90	100	0	0	3.42901103761e-14	560	1.1229789257	0	538	0	538
9	"1"	"1"	11	FALSE	0	90	100	0	0	3.42901103761e-14	560	1.15641403198	1	546	1	546
9	"1"	"1"	11	FALSE	0	90	100	0	0	3.42901103761e-14	560	1.18937802315	1	550	1	550
9	"1"	"1"	11	FALSE	0	90	100	0	0	3.42901103761e-14	560	1.22305488586	1	553	1	553
9	"1"	"1"	11	FALSE	0	90	100	0	0	3.42901103761e-14	560	1.25639986992	1	556	1	556
9	"1"	"1"	12	FALSE	0	135	100	0	0	-395.979797464	395.979797464	0.00227689743042	2	-8	2	-8
9	"1"	"1"	12	FALSE	0	135	100	0	0	-395.979797464	395.979797464	0.0218768119812	2	-8	2	-8
9	"1"	"1"	12	FALSE	0	135	100	0	0	-395.979797464	395.979797464	0.0553619861603	2	-8	2	-8
9	"1"	"1"	12	FALSE	0	135	100	0	0	-395.979797464	395.979797464	0.0888040065765	2	-8	2	-8
9	"1"	"1"	12	FALSE	0	135	100	0	0	-395.979797464	395.979797464	0.121708869934	2	-8	2	-8
9	"1"	"1"	12	FALSE	0	135	100	0	0	-395.979797464	395.979797464	0.15556883812	2	-8	2	-8
9	"1"	"1"	12	FALSE	0	135	100	0	0	-395.979797464	395.979797464	0.188850879669	2	-8	2	-8
9	"1"	"1"	12	FALSE	0	135	100	0	0	-395.979797464	395.979797464	0.222280025482	2	-8	2	-8
9	"1"	"1"	12	FALSE	0	135	100	0	0	-395.979797464	395.979797464	0.255635976791	3	-7	3	-7
9	"1"	"1"	12	FALSE	0	135	100	0	0	-395.979797464	395.979797464	0.288542032242	3	-7	3	-7
9	"1"	"1"	12	FALSE	0	135	100	0	0	-395.979797464	395.979797464	0.322425842285	2	-6	2	-6
9	"1"	"1"	12	FALSE	0	135	100	0	0	-395.979797464	395.979797464	0.355664968491	-1	-4	-1	-4
9	"1"	"1"	12	FALSE	0	135	100	0	0	-395.979797464	395.979797464	0.389153003693	-7	-2	-7	-2
9	"1"	"1"	12	FALSE	0	135	100	0	0	-395.979797464	395.979797464	0.422513008118	-23	5	-23	5
9	"1"	"1"	12	FALSE	0	135	100	0	0	-395.979797464	395.979797464	0.455885887146	-38	16	-38	16
9	"1"	"1"	12	FALSE	0	135	100	0	0	-395.979797464	395.979797464	0.489108800888	-69	43	-69	43
9	"1"	"1"	12	FALSE	0	135	100	0	0	-395.979797464	395.979797464	0.521905899048	-92	69	-92	69
9	"1"	"1"	12	FALSE	0	135	100	0	0	-395.979797464	395.979797464	0.555892944336	-117	101	-117	101
9	"1"	"1"	12	FALSE	0	135	100	0	0	-395.979797464	395.979797464	0.589313983917	-153	128	-153	128
9	"1"	"1"	12	FALSE	0	135	100	0	0	-395.979797464	395.979797464	0.62230682373	-179	153	-179	153
9	"1"	"1"	12	FALSE	0	135	100	0	0	-395.979797464	395.979797464	0.655896902084	-209	181	-209	181
9	"1"	"1"	12	FALSE	0	135	100	0	0	-395.979797464	395.979797464	0.689242839813	-237	205	-237	205
9	"1"	"1"	12	FALSE	0	135	100	0	0	-395.979797464	395.979797464	0.722733974457	-258	227	-258	227
9	"1"	"1"	12	FALSE	0	135	100	0	0	-395.979797464	395.979797464	0.756083011627	-279	252	-279	252
9	"1"	"1"	12	FALSE	0	135	100	0	0	-395.979797464	395.979797464	0.789438009262	-296	268	-296	268
9	"1"	"1"	12	FALSE	0	135	100	0	0	-395.979797464	395.979797464	0.822834014893	-315	293	-315	293
9	"1"	"1"	12	FALSE	0	135	100	0	0	-395.979797464	395.979797464	0.855773925781	-325	312	-325	312
9	"1"	"1"	12	FALSE	0	135	100	0	0	-395.979797464	395.979797464	0.889482021332	-335	326	-335	326
9	"1"	"1"	12	FALSE	0	135	100	0	0	-395.979797464	395.979797464	0.922703027725	-346	342	-346	342
9	"1"	"1"	12	FALSE	0	135	100	0	0	-395.979797464	395.979797464	0.956167936325	-353	355	-353	355
9	"1"	"1"	12	FALSE	0	135	100	0	0	-395.979797464	395.979797464	0.988883972168	-362	364	-362	364
9	"1"	"1"	12	FALSE	0	135	100	0	0	-395.979797464	395.979797464	1.0229268074	-370	370	-370	370
9	"1"	"1"	12	FALSE	0	135	100	0	0	-395.979797464	395.979797464	1.05633497238	-377	376	-377	376
9	"1"	"1"	12	FALSE	0	135	100	0	0	-395.979797464	395.979797464	1.08910989761	-384	379	-384	379
9	"1"	"1"	12	FALSE	0	135	100	0	0	-395.979797464	395.979797464	1.12308597565	-389	382	-389	382
9	"1"	"1"	12	FALSE	0	135	100	0	0	-395.979797464	395.979797464	1.15642595291	-392	385	-392	385
9	"1"	"1"	12	FALSE	0	135	100	0	0	-395.979797464	395.979797464	1.18977880478	-394	388	-394	388
9	"1"	"1"	12	FALSE	0	135	100	0	0	-395.979797464	395.979797464	1.22292494774	-396	390	-396	390
9	"1"	"1"	12	FALSE	0	135	100	0	0	-395.979797464	395.979797464	1.25608897209	-397	392	-397	392
9	"1"	"1"	13	FALSE	0	135	100	0	0	-395.979797464	395.979797464	0.00224804878235	4	-1	4	-1
9	"1"	"1"	13	FALSE	0	135	100	0	0	-395.979797464	395.979797464	0.0215940475464	4	-1	4	-1
9	"1"	"1"	13	FALSE	0	135	100	0	0	-395.979797464	395.979797464	0.0553011894226	4	-1	4	-1
9	"1"	"1"	13	FALSE	0	135	100	0	0	-395.979797464	395.979797464	0.0887529850006	4	-2	4	-2
9	"1"	"1"	13	FALSE	0	135	100	0	0	-395.979797464	395.979797464	0.122084140778	4	-3	4	-3
9	"1"	"1"	13	FALSE	0	135	100	0	0	-395.979797464	395.979797464	0.155372142792	3	-3	3	-3
9	"1"	"1"	13	FALSE	0	135	100	0	0	-395.979797464	395.979797464	0.188647031784	3	-3	3	-3
9	"1"	"1"	13	FALSE	0	135	100	0	0	-395.979797464	395.979797464	0.222135066986	3	-4	3	-4
9	"1"	"1"	13	FALSE	0	135	100	0	0	-395.979797464	395.979797464	0.255385160446	2	-4	2	-4
9	"1"	"1"	13	FALSE	0	135	100	0	0	-395.979797464	395.979797464	0.288779973984	0	-4	0	-4
9	"1"	"1"	13	FALSE	0	135	100	0	0	-395.979797464	395.979797464	0.322262048721	-3	-2	-3	-2
9	"1"	"1"	13	FALSE	0	135	100	0	0	-395.979797464	395.979797464	0.355630159378	-11	6	-11	6
9	"1"	"1"	13	FALSE	0	135	100	0	0	-395.979797464	395.979797464	0.388957023621	-28	31	-28	31
9	"1"	"1"	13	FALSE	0	135	100	0	0	-395.979797464	395.979797464	0.422276973724	-38	43	-38	43
9	"1"	"1"	13	FALSE	0	135	100	0	0	-395.979797464	395.979797464	0.455468177795	-60	67	-60	67
9	"1"	"1"	13	FALSE	0	135	100	0	0	-395.979797464	395.979797464	0.48899102211	-77	84	-77	84
9	"1"	"1"	13	FALSE	0	135	100	0	0	-395.979797464	395.979797464	0.522374153137	-91	93	-91	93
9	"1"	"1"	13	FALSE	0	135	100	0	0	-395.979797464	395.979797464	0.5556640625	-107	108	-107	108
9	"1"	"1"	13	FALSE	0	135	100	0	0	-395.979797464	395.979797464	0.589066982269	-131	130	-131	130
9	"1"	"1"	13	FALSE	0	135	100	0	0	-395.979797464	395.979797464	0.622466087341	-150	150	-150	150
9	"1"	"1"	13	FALSE	0	135	100	0	0	-395.979797464	395.979797464	0.6557970047	-178	170	-178	170
9	"1"	"1"	13	FALSE	0	135	100	0	0	-395.979797464	395.979797464	0.689192056656	-200	189	-200	189
9	"1"	"1"	13	FALSE	0	135	100	0	0	-395.979797464	395.979797464	0.722639083862	-225	210	-225	210
9	"1"	"1"	13	FALSE	0	135	100	0	0	-395.979797464	395.979797464	0.755877017975	-245	229	-245	229
9	"1"	"1"	13	FALSE	0	135	100	0	0	-395.979797464	395.979797464	0.789206981659	-267	247	-267	247
9	"1"	"1"	13	FALSE	0	135	100	0	0	-395.979797464	395.979797464	0.822637081146	-282	258	-282	258
9	"1"	"1"	13	FALSE	0	135	100	0	0	-395.979797464	395.979797464	0.855862140656	-296	270	-296	270
9	"1"	"1"	13	FALSE	0	135	100	0	0	-395.979797464	395.979797464	0.88929605484	-311	285	-311	285
9	"1"	"1"	13	FALSE	0	135	100	0	0	-395.979797464	395.979797464	0.922626018524	-324	296	-324	296
9	"1"	"1"	13	FALSE	0	135	100	0	0	-395.979797464	395.979797464	0.955993175507	-338	309	-338	309
9	"1"	"1"	13	FALSE	0	135	100	0	0	-395.979797464	395.979797464	0.989312171936	-349	322	-349	322
9	"1"	"1"	13	FALSE	0	135	100	0	0	-395.979797464	395.979797464	1.02277302742	-357	329	-357	329
9	"1"	"1"	13	FALSE	0	135	100	0	0	-395.979797464	395.979797464	1.05609917641	-364	340	-364	340
9	"1"	"1"	13	FALSE	0	135	100	0	0	-395.979797464	395.979797464	1.0895421505	-368	351	-368	351
9	"1"	"1"	13	FALSE	0	135	100	0	0	-395.979797464	395.979797464	1.12279415131	-373	365	-373	365
9	"1"	"1"	13	FALSE	0	135	100	0	0	-395.979797464	395.979797464	1.15600514412	-378	380	-378	380
9	"1"	"1"	13	FALSE	0	135	100	0	0	-395.979797464	395.979797464	1.18958306313	-381	391	-381	391
9	"1"	"1"	13	FALSE	0	135	100	0	0	-395.979797464	395.979797464	1.22280097008	-386	399	-386	399
9	"1"	"1"	13	FALSE	0	135	100	0	0	-395.979797464	395.979797464	1.25624108315	-388	402	-388	402
9	"1"	"1"	13	FALSE	0	135	100	0	0	-395.979797464	395.979797464	1.28959202766	-390	403	-390	403
9	"1"	"1"	13	FALSE	0	135	100	0	0	-395.979797464	395.979797464	1.32293701172	-392	404	-392	404
9	"1"	"1"	13	FALSE	0	135	100	0	0	-395.979797464	395.979797464	1.35643601418	-394	402	-394	402
9	"1"	"1"	14	FALSE	0	45	100	0	0	395.979797464	395.979797464	0.00217986106873	2	0	2	0
9	"1"	"1"	14	FALSE	0	45	100	0	0	395.979797464	395.979797464	0.0382659435272	2	0	2	0
9	"1"	"1"	14	FALSE	0	45	100	0	0	395.979797464	395.979797464	0.0716497898102	2	0	2	0
9	"1"	"1"	14	FALSE	0	45	100	0	0	395.979797464	395.979797464	0.104380846024	2	0	2	0
9	"1"	"1"	14	FALSE	0	45	100	0	0	395.979797464	395.979797464	0.138363838196	2	0	2	0
9	"1"	"1"	14	FALSE	0	45	100	0	0	395.979797464	395.979797464	0.171627998352	2	0	2	0
9	"1"	"1"	14	FALSE	0	45	100	0	0	395.979797464	395.979797464	0.204809904099	2	-1	2	-1
9	"1"	"1"	14	FALSE	0	45	100	0	0	395.979797464	395.979797464	0.237868785858	1	-1	1	-1
9	"1"	"1"	14	FALSE	0	45	100	0	0	395.979797464	395.979797464	0.271822929382	3	1	3	1
9	"1"	"1"	14	FALSE	0	45	100	0	0	395.979797464	395.979797464	0.305088996887	5	6	5	6
9	"1"	"1"	14	FALSE	0	45	100	0	0	395.979797464	395.979797464	0.338221788406	13	14	13	14
9	"1"	"1"	14	FALSE	0	45	100	0	0	395.979797464	395.979797464	0.371857881546	24	25	24	25
9	"1"	"1"	14	FALSE	0	45	100	0	0	395.979797464	395.979797464	0.405189990997	40	41	40	41
9	"1"	"1"	14	FALSE	0	45	100	0	0	395.979797464	395.979797464	0.438164949417	67	65	67	65
9	"1"	"1"	14	FALSE	0	45	100	0	0	395.979797464	395.979797464	0.471364021301	94	88	94	88
9	"1"	"1"	14	FALSE	0	45	100	0	0	395.979797464	395.979797464	0.504724979401	129	117	129	117
9	"1"	"1"	14	FALSE	0	45	100	0	0	395.979797464	395.979797464	0.538667917252	167	149	167	149
9	"1"	"1"	14	FALSE	0	45	100	0	0	395.979797464	395.979797464	0.571911811829	207	182	207	182
9	"1"	"1"	14	FALSE	0	45	100	0	0	395.979797464	395.979797464	0.605098962784	247	211	247	211
9	"1"	"1"	14	FALSE	0	45	100	0	0	395.979797464	395.979797464	0.638791799545	280	235	280	235
9	"1"	"1"	14	FALSE	0	45	100	0	0	395.979797464	395.979797464	0.67192196846	316	261	316	261
9	"1"	"1"	14	FALSE	0	45	100	0	0	395.979797464	395.979797464	0.705088853836	341	281	341	281
9	"1"	"1"	14	FALSE	0	45	100	0	0	395.979797464	395.979797464	0.738128900528	363	300	363	300
9	"1"	"1"	14	FALSE	0	45	100	0	0	395.979797464	395.979797464	0.772110939026	377	313	377	313
9	"1"	"1"	14	FALSE	0	45	100	0	0	395.979797464	395.979797464	0.805607795715	391	328	391	328
9	"1"	"1"	14	FALSE	0	45	100	0	0	395.979797464	395.979797464	0.838869810104	401	341	401	341
9	"1"	"1"	14	FALSE	0	45	100	0	0	395.979797464	395.979797464	0.872274875641	406	351	406	351
9	"1"	"1"	14	FALSE	0	45	100	0	0	395.979797464	395.979797464	0.905555009842	408	358	408	358
9	"1"	"1"	14	FALSE	0	45	100	0	0	395.979797464	395.979797464	0.938903808594	407	363	407	363
9	"1"	"1"	14	FALSE	0	45	100	0	0	395.979797464	395.979797464	0.972384929657	404	366	404	366
9	"1"	"1"	14	FALSE	0	45	100	0	0	395.979797464	395.979797464	1.00569081306	402	367	402	367
9	"1"	"1"	14	FALSE	0	45	100	0	0	395.979797464	395.979797464	1.03906679153	402	367	402	367
9	"1"	"1"	14	FALSE	0	45	100	0	0	395.979797464	395.979797464	1.07247781754	400	369	400	369
9	"1"	"1"	14	FALSE	0	45	100	0	0	395.979797464	395.979797464	1.10564994812	398	373	398	373
9	"1"	"1"	14	FALSE	0	45	100	0	0	395.979797464	395.979797464	1.13911294937	396	377	396	377
9	"1"	"1"	14	FALSE	0	45	100	0	0	395.979797464	395.979797464	1.17240691185	396	378	396	378
9	"1"	"1"	14	FALSE	0	45	100	0	0	395.979797464	395.979797464	1.2058198452	396	378	396	378
9	"1"	"1"	14	FALSE	0	45	100	0	0	395.979797464	395.979797464	1.23869490623	398	382	398	382
9	"1"	"1"	14	FALSE	0	45	100	0	0	395.979797464	395.979797464	1.27253198624	401	389	401	389
9	"1"	"1"	14	FALSE	0	45	100	0	0	395.979797464	395.979797464	1.30582284927	403	397	403	397
9	"1"	"1"	15	FALSE	0	90	100	0	0	3.42901103761e-14	560	0.00184321403503	-12	-4	-12	-4
9	"1"	"1"	15	FALSE	0	90	100	0	0	3.42901103761e-14	560	0.0216720104218	-12	-4	-12	-4
9	"1"	"1"	15	FALSE	0	90	100	0	0	3.42901103761e-14	560	0.0552060604095	-12	-4	-12	-4
9	"1"	"1"	15	FALSE	0	90	100	0	0	3.42901103761e-14	560	0.0885360240936	-11	-4	-11	-4
9	"1"	"1"	15	FALSE	0	90	100	0	0	3.42901103761e-14	560	0.121836185455	-8	-2	-8	-2
9	"1"	"1"	15	FALSE	0	90	100	0	0	3.42901103761e-14	560	0.154865026474	-4	1	-4	1
9	"1"	"1"	15	FALSE	0	90	100	0	0	3.42901103761e-14	560	0.188556194305	-2	1	-2	1
9	"1"	"1"	15	FALSE	0	90	100	0	0	3.42901103761e-14	560	0.221934080124	-2	1	-2	1
9	"1"	"1"	15	FALSE	0	90	100	0	0	3.42901103761e-14	560	0.255299091339	-2	1	-2	1
9	"1"	"1"	15	FALSE	0	90	100	0	0	3.42901103761e-14	560	0.288770198822	-2	1	-2	1
9	"1"	"1"	15	FALSE	0	90	100	0	0	3.42901103761e-14	560	0.321712017059	-2	1	-2	1
9	"1"	"1"	15	FALSE	0	90	100	0	0	3.42901103761e-14	560	0.355489015579	-3	4	-3	4
9	"1"	"1"	15	FALSE	0	90	100	0	0	3.42901103761e-14	560	0.388889074326	-1	15	-1	15
9	"1"	"1"	15	FALSE	0	90	100	0	0	3.42901103761e-14	560	0.422210216522	3	26	3	26
9	"1"	"1"	15	FALSE	0	90	100	0	0	3.42901103761e-14	560	0.455537080765	7	49	7	49
9	"1"	"1"	15	FALSE	0	90	100	0	0	3.42901103761e-14	560	0.488784074783	6	76	6	76
9	"1"	"1"	15	FALSE	0	90	100	0	0	3.42901103761e-14	560	0.52224111557	1	101	1	101
9	"1"	"1"	15	FALSE	0	90	100	0	0	3.42901103761e-14	560	0.555628061295	-4	126	-4	126
9	"1"	"1"	15	FALSE	0	90	100	0	0	3.42901103761e-14	560	0.588922023773	-9	160	-9	160
9	"1"	"1"	15	FALSE	0	90	100	0	0	3.42901103761e-14	560	0.622278213501	-12	195	-12	195
9	"1"	"1"	15	FALSE	0	90	100	0	0	3.42901103761e-14	560	0.655273199081	-15	231	-15	231
9	"1"	"1"	15	FALSE	0	90	100	0	0	3.42901103761e-14	560	0.688650131226	-17	263	-17	263
9	"1"	"1"	15	FALSE	0	90	100	0	0	3.42901103761e-14	560	0.722342014313	-18	298	-18	298
9	"1"	"1"	15	FALSE	0	90	100	0	0	3.42901103761e-14	560	0.755569219589	-18	335	-18	335
9	"1"	"1"	15	FALSE	0	90	100	0	0	3.42901103761e-14	560	0.789192199707	-15	366	-15	366
9	"1"	"1"	15	FALSE	0	90	100	0	0	3.42901103761e-14	560	0.822543144226	-12	408	-12	408
9	"1"	"1"	15	FALSE	0	90	100	0	0	3.42901103761e-14	560	0.855745077133	-8	434	-8	434
9	"1"	"1"	15	FALSE	0	90	100	0	0	3.42901103761e-14	560	0.889064073563	-5	459	-5	459
9	"1"	"1"	15	FALSE	0	90	100	0	0	3.42901103761e-14	560	0.921925067902	-3	478	-3	478
9	"1"	"1"	15	FALSE	0	90	100	0	0	3.42901103761e-14	560	0.955990076065	-2	490	-2	490
9	"1"	"1"	15	FALSE	0	90	100	0	0	3.42901103761e-14	560	0.989291191101	-2	502	-2	502
9	"1"	"1"	15	FALSE	0	90	100	0	0	3.42901103761e-14	560	1.02240800858	-1	512	-1	512
9	"1"	"1"	15	FALSE	0	90	100	0	0	3.42901103761e-14	560	1.05539107323	-1	520	-1	520
9	"1"	"1"	15	FALSE	0	90	100	0	0	3.42901103761e-14	560	1.08907008171	0	526	0	526
9	"1"	"1"	15	FALSE	0	90	100	0	0	3.42901103761e-14	560	1.12273621559	0	532	0	532
9	"1"	"1"	15	FALSE	0	90	100	0	0	3.42901103761e-14	560	1.15601110458	-1	536	-1	536
9	"1"	"1"	15	FALSE	0	90	100	0	0	3.42901103761e-14	560	1.18915820122	-2	539	-2	539
9	"1"	"1"	15	FALSE	0	90	100	0	0	3.42901103761e-14	560	1.22288608551	-3	544	-3	544
9	"1"	"1"	15	FALSE	0	90	100	0	0	3.42901103761e-14	560	1.2561340332	-4	548	-4	548
9	"1"	"1"	15	FALSE	0	90	100	0	0	3.42901103761e-14	560	1.28916406631	-5	549	-5	549
9	"1"	"1"	15	FALSE	0	90	100	0	0	3.42901103761e-14	560	1.32276821136	-5	552	-5	552
9	"1"	"1"	15	FALSE	0	90	100	0	0	3.42901103761e-14	560	1.35627102852	-4	556	-4	556
9	"1"	"1"	15	FALSE	0	90	100	0	0	3.42901103761e-14	560	1.38929009438	-4	558	-4	558
9	"1"	"1"	15	FALSE	0	90	100	0	0	3.42901103761e-14	560	1.42279005051	-4	560	-4	560
9	"1"	"1"	15	FALSE	0	90	100	0	0	3.42901103761e-14	560	1.45621323586	-3	563	-3	563
9	"1"	"1"	16	FALSE	0	135	100	0	0	-395.979797464	395.979797464	0.00154709815979	4	4	4	4
9	"1"	"1"	16	FALSE	0	135	100	0	0	-395.979797464	395.979797464	0.0219008922577	4	4	4	4
9	"1"	"1"	16	FALSE	0	135	100	0	0	-395.979797464	395.979797464	0.05539894104	4	3	4	3
9	"1"	"1"	16	FALSE	0	135	100	0	0	-395.979797464	395.979797464	0.0881950855255	4	1	4	1
9	"1"	"1"	16	FALSE	0	135	100	0	0	-395.979797464	395.979797464	0.12203502655	3	1	3	1
9	"1"	"1"	16	FALSE	0	135	100	0	0	-395.979797464	395.979797464	0.155571937561	3	0	3	0
9	"1"	"1"	16	FALSE	0	135	100	0	0	-395.979797464	395.979797464	0.188332080841	3	-1	3	-1
9	"1"	"1"	16	FALSE	0	135	100	0	0	-395.979797464	395.979797464	0.221981048584	3	-2	3	-2
9	"1"	"1"	16	FALSE	0	135	100	0	0	-395.979797464	395.979797464	0.255650997162	3	-2	3	-2
9	"1"	"1"	16	FALSE	0	135	100	0	0	-395.979797464	395.979797464	0.288279056549	3	-1	3	-1
9	"1"	"1"	16	FALSE	0	135	100	0	0	-395.979797464	395.979797464	0.322304010391	2	0	2	0
9	"1"	"1"	16	FALSE	0	135	100	0	0	-395.979797464	395.979797464	0.355689048767	-1	9	-1	9
9	"1"	"1"	16	FALSE	0	135	100	0	0	-395.979797464	395.979797464	0.38844203949	-7	18	-7	18
9	"1"	"1"	16	FALSE	0	135	100	0	0	-395.979797464	395.979797464	0.422441005707	-22	37	-22	37
9	"1"	"1"	16	FALSE	0	135	100	0	0	-395.979797464	395.979797464	0.455799102783	-40	65	-40	65
9	"1"	"1"	16	FALSE	0	135	100	0	0	-395.979797464	395.979797464	0.489026069641	-52	79	-52	79
9	"1"	"1"	16	FALSE	0	135	100	0	0	-395.979797464	395.979797464	0.521779060364	-75	105	-75	105
9	"1"	"1"	16	FALSE	0	135	100	0	0	-395.979797464	395.979797464	0.555768966675	-92	123	-92	123
9	"1"	"1"	16	FALSE	0	135	100	0	0	-395.979797464	395.979797464	0.589169025421	-116	141	-116	141
9	"1"	"1"	16	FALSE	0	135	100	0	0	-395.979797464	395.979797464	0.621948003769	-141	159	-141	159
9	"1"	"1"	16	FALSE	0	135	100	0	0	-395.979797464	395.979797464	0.655950069427	-163	176	-163	176
9	"1"	"1"	16	FALSE	0	135	100	0	0	-395.979797464	395.979797464	0.68926692009	-186	197	-186	197
9	"1"	"1"	16	FALSE	0	135	100	0	0	-395.979797464	395.979797464	0.722705125809	-211	219	-211	219
9	"1"	"1"	16	FALSE	0	135	100	0	0	-395.979797464	395.979797464	0.756015062332	-230	239	-230	239
9	"1"	"1"	16	FALSE	0	135	100	0	0	-395.979797464	395.979797464	0.789379119873	-252	260	-252	260
9	"1"	"1"	16	FALSE	0	135	100	0	0	-395.979797464	395.979797464	0.822705984116	-273	281	-273	281
9	"1"	"1"	16	FALSE	0	135	100	0	0	-395.979797464	395.979797464	0.855744123459	-293	298	-293	298
9	"1"	"1"	16	FALSE	0	135	100	0	0	-395.979797464	395.979797464	0.888874053955	-305	308	-305	308
9	"1"	"1"	16	FALSE	0	135	100	0	0	-395.979797464	395.979797464	0.922851085663	-322	325	-322	325
9	"1"	"1"	16	FALSE	0	135	100	0	0	-395.979797464	395.979797464	0.955997943878	-336	338	-336	338
9	"1"	"1"	16	FALSE	0	135	100	0	0	-395.979797464	395.979797464	0.989429950714	-345	350	-345	350
9	"1"	"1"	16	FALSE	0	135	100	0	0	-395.979797464	395.979797464	1.02269506454	-357	359	-357	359
9	"1"	"1"	16	FALSE	0	135	100	0	0	-395.979797464	395.979797464	1.05610704422	-366	370	-366	370
9	"1"	"1"	16	FALSE	0	135	100	0	0	-395.979797464	395.979797464	1.08963799477	-374	380	-374	380
9	"1"	"1"	16	FALSE	0	135	100	0	0	-395.979797464	395.979797464	1.1229391098	-379	387	-379	387
9	"1"	"1"	16	FALSE	0	135	100	0	0	-395.979797464	395.979797464	1.15597105026	-384	393	-384	393
9	"1"	"1"	16	FALSE	0	135	100	0	0	-395.979797464	395.979797464	1.18975496292	-386	396	-386	396
9	"1"	"1"	16	FALSE	0	135	100	0	0	-395.979797464	395.979797464	1.22306895256	-388	398	-388	398
9	"1"	"1"	16	FALSE	0	135	100	0	0	-395.979797464	395.979797464	1.25641608238	-390	400	-390	400
9	"1"	"1"	17	FALSE	0	45	100	0	0	395.979797464	395.979797464	0.00216197967529	11	-7	11	-7
9	"1"	"1"	17	FALSE	0	45	100	0	0	395.979797464	395.979797464	0.0217349529266	11	-7	11	-7
9	"1"	"1"	17	FALSE	0	45	100	0	0	395.979797464	395.979797464	0.0554399490356	10	-7	10	-7
9	"1"	"1"	17	FALSE	0	45	100	0	0	395.979797464	395.979797464	0.0886578559875	9	-7	9	-7
9	"1"	"1"	17	FALSE	0	45	100	0	0	395.979797464	395.979797464	0.121516942978	7	-4	7	-4
9	"1"	"1"	17	FALSE	0	45	100	0	0	395.979797464	395.979797464	0.155152797699	4	-2	4	-2
9	"1"	"1"	17	FALSE	0	45	100	0	0	395.979797464	395.979797464	0.188795804977	3	-2	3	-2
9	"1"	"1"	17	FALSE	0	45	100	0	0	395.979797464	395.979797464	0.22215795517	3	-2	3	-2
9	"1"	"1"	17	FALSE	0	45	100	0	0	395.979797464	395.979797464	0.255215883255	3	-2	3	-2
9	"1"	"1"	17	FALSE	0	45	100	0	0	395.979797464	395.979797464	0.288932800293	3	-2	3	-2
9	"1"	"1"	17	FALSE	0	45	100	0	0	395.979797464	395.979797464	0.322252988815	6	-1	6	-1
9	"1"	"1"	17	FALSE	0	45	100	0	0	395.979797464	395.979797464	0.355507850647	14	7	14	7
9	"1"	"1"	17	FALSE	0	45	100	0	0	395.979797464	395.979797464	0.388273000717	33	32	33	32
9	"1"	"1"	17	FALSE	0	45	100	0	0	395.979797464	395.979797464	0.422345876694	52	51	52	51
9	"1"	"1"	17	FALSE	0	45	100	0	0	395.979797464	395.979797464	0.455698013306	78	77	78	77
9	"1"	"1"	17	FALSE	0	45	100	0	0	395.979797464	395.979797464	0.488955020905	102	106	102	106
9	"1"	"1"	17	FALSE	0	45	100	0	0	395.979797464	395.979797464	0.521724939346	129	134	129	134
9	"1"	"1"	17	FALSE	0	45	100	0	0	395.979797464	395.979797464	0.555776834488	158	164	158	164
9	"1"	"1"	17	FALSE	0	45	100	0	0	395.979797464	395.979797464	0.589089870453	183	192	183	192
9	"1"	"1"	17	FALSE	0	45	100	0	0	395.979797464	395.979797464	0.622507810593	215	221	215	221
9	"1"	"1"	17	FALSE	0	45	100	0	0	395.979797464	395.979797464	0.655709981918	239	244	239	244
9	"1"	"1"	17	FALSE	0	45	100	0	0	395.979797464	395.979797464	0.689173936844	265	269	265	269
9	"1"	"1"	17	FALSE	0	45	100	0	0	395.979797464	395.979797464	0.72265291214	287	290	287	290
9	"1"	"1"	17	FALSE	0	45	100	0	0	395.979797464	395.979797464	0.755218982697	304	306	304	306
9	"1"	"1"	17	FALSE	0	45	100	0	0	395.979797464	395.979797464	0.789280891418	319	320	319	320
9	"1"	"1"	17	FALSE	0	45	100	0	0	395.979797464	395.979797464	0.822489023209	331	332	331	332
9	"1"	"1"	17	FALSE	0	45	100	0	0	395.979797464	395.979797464	0.855994939804	346	344	346	344
9	"1"	"1"	17	FALSE	0	45	100	0	0	395.979797464	395.979797464	0.889356851578	359	356	359	356
9	"1"	"1"	17	FALSE	0	45	100	0	0	395.979797464	395.979797464	0.922655820847	369	365	369	365
9	"1"	"1"	17	FALSE	0	45	100	0	0	395.979797464	395.979797464	0.956072807312	379	374	379	374
9	"1"	"1"	17	FALSE	0	45	100	0	0	395.979797464	395.979797464	0.989473819733	386	381	386	381
9	"1"	"1"	17	FALSE	0	45	100	0	0	395.979797464	395.979797464	1.02243494987	391	387	391	387
9	"1"	"1"	17	FALSE	0	45	100	0	0	395.979797464	395.979797464	1.05620193481	394	391	394	391
9	"1"	"1"	17	FALSE	0	45	100	0	0	395.979797464	395.979797464	1.08951401711	396	394	396	394
9	"1"	"1"	17	FALSE	0	45	100	0	0	395.979797464	395.979797464	1.12246179581	397	395	397	395
9	"1"	"1"	17	FALSE	0	45	100	0	0	395.979797464	395.979797464	1.15617990494	397	397	397	397
9	"1"	"1"	18	FALSE	0	90	100	0	0	3.42901103761e-14	560	0.00188112258911	8	11	8	11
9	"1"	"1"	18	FALSE	0	90	100	0	0	3.42901103761e-14	560	0.0219609737396	7	11	7	11
9	"1"	"1"	18	FALSE	0	90	100	0	0	3.42901103761e-14	560	0.0555500984192	7	10	7	10
9	"1"	"1"	18	FALSE	0	90	100	0	0	3.42901103761e-14	560	0.0886471271515	6	7	6	7
9	"1"	"1"	18	FALSE	0	90	100	0	0	3.42901103761e-14	560	0.122328042984	5	6	5	6
9	"1"	"1"	18	FALSE	0	90	100	0	0	3.42901103761e-14	560	0.155533075333	5	6	5	6
9	"1"	"1"	18	FALSE	0	90	100	0	0	3.42901103761e-14	560	0.189023017883	5	6	5	6
9	"1"	"1"	18	FALSE	0	90	100	0	0	3.42901103761e-14	560	0.222450017929	5	6	5	6
9	"1"	"1"	18	FALSE	0	90	100	0	0	3.42901103761e-14	560	0.255351066589	5	6	5	6
9	"1"	"1"	18	FALSE	0	90	100	0	0	3.42901103761e-14	560	0.289181947708	5	6	5	6
9	"1"	"1"	18	FALSE	0	90	100	0	0	3.42901103761e-14	560	0.322356939316	6	9	6	9
9	"1"	"1"	18	FALSE	0	90	100	0	0	3.42901103761e-14	560	0.355111122131	6	20	6	20
9	"1"	"1"	18	FALSE	0	90	100	0	0	3.42901103761e-14	560	0.389173984528	7	38	7	38
9	"1"	"1"	18	FALSE	0	90	100	0	0	3.42901103761e-14	560	0.422500133514	12	62	12	62
9	"1"	"1"	18	FALSE	0	90	100	0	0	3.42901103761e-14	560	0.455944061279	16	88	16	88
9	"1"	"1"	18	FALSE	0	90	100	0	0	3.42901103761e-14	560	0.489188909531	16	111	16	111
9	"1"	"1"	18	FALSE	0	90	100	0	0	3.42901103761e-14	560	0.522232055664	14	133	14	133
9	"1"	"1"	18	FALSE	0	90	100	0	0	3.42901103761e-14	560	0.555881977081	14	168	14	168
9	"1"	"1"	18	FALSE	0	90	100	0	0	3.42901103761e-14	560	0.588649988174	11	204	11	204
9	"1"	"1"	18	FALSE	0	90	100	0	0	3.42901103761e-14	560	0.622509002686	7	240	7	240
9	"1"	"1"	18	FALSE	0	90	100	0	0	3.42901103761e-14	560	0.656037092209	6	276	6	276
9	"1"	"1"	18	FALSE	0	90	100	0	0	3.42901103761e-14	560	0.688923120499	4	316	4	316
9	"1"	"1"	18	FALSE	0	90	100	0	0	3.42901103761e-14	560	0.722767114639	2	352	2	352
9	"1"	"1"	18	FALSE	0	90	100	0	0	3.42901103761e-14	560	0.756007909775	1	391	1	391
9	"1"	"1"	18	FALSE	0	90	100	0	0	3.42901103761e-14	560	0.789469957352	-1	421	-1	421
9	"1"	"1"	18	FALSE	0	90	100	0	0	3.42901103761e-14	560	0.822561979294	-1	447	-1	447
9	"1"	"1"	18	FALSE	0	90	100	0	0	3.42901103761e-14	560	0.856307983398	1	470	1	470
9	"1"	"1"	18	FALSE	0	90	100	0	0	3.42901103761e-14	560	0.889533996582	3	486	3	486
9	"1"	"1"	18	FALSE	0	90	100	0	0	3.42901103761e-14	560	0.922637939453	3	500	3	500
9	"1"	"1"	18	FALSE	0	90	100	0	0	3.42901103761e-14	560	0.956332921982	4	514	4	514
9	"1"	"1"	18	FALSE	0	90	100	0	0	3.42901103761e-14	560	0.989691019058	4	525	4	525
9	"1"	"1"	18	FALSE	0	90	100	0	0	3.42901103761e-14	560	1.02248096466	3	535	3	535
9	"1"	"1"	18	FALSE	0	90	100	0	0	3.42901103761e-14	560	1.05638098717	1	543	1	543
9	"1"	"1"	18	FALSE	0	90	100	0	0	3.42901103761e-14	560	1.08972001076	1	549	1	549
9	"1"	"1"	18	FALSE	0	90	100	0	0	3.42901103761e-14	560	1.1227440834	1	552	1	552
9	"1"	"1"	18	FALSE	0	90	100	0	0	3.42901103761e-14	560	1.1557700634	0	553	0	553
9	"1"	"1"	19	FALSE	0	90	100	0	0	3.42901103761e-14	560	0.00208806991577	4	0	4	0
9	"1"	"1"	19	FALSE	0	90	100	0	0	3.42901103761e-14	560	0.0218570232391	4	-1	4	-1
9	"1"	"1"	19	FALSE	0	90	100	0	0	3.42901103761e-14	560	0.0553779602051	4	-1	4	-1
9	"1"	"1"	19	FALSE	0	90	100	0	0	3.42901103761e-14	560	0.088308095932	3	-3	3	-3
9	"1"	"1"	19	FALSE	0	90	100	0	0	3.42901103761e-14	560	0.12216091156	3	-4	3	-4
9	"1"	"1"	19	FALSE	0	90	100	0	0	3.42901103761e-14	560	0.155508041382	3	-4	3	-4
9	"1"	"1"	19	FALSE	0	90	100	0	0	3.42901103761e-14	560	0.188236951828	3	-4	3	-4
9	"1"	"1"	19	FALSE	0	90	100	0	0	3.42901103761e-14	560	0.222201108932	3	-4	3	-4
9	"1"	"1"	19	FALSE	0	90	100	0	0	3.42901103761e-14	560	0.255573987961	3	-4	3	-4
9	"1"	"1"	19	FALSE	0	90	100	0	0	3.42901103761e-14	560	0.288864135742	3	-1	3	-1
9	"1"	"1"	19	FALSE	0	90	100	0	0	3.42901103761e-14	560	0.321660995483	5	5	5	5
9	"1"	"1"	19	FALSE	0	90	100	0	0	3.42901103761e-14	560	0.355689048767	9	17	9	17
9	"1"	"1"	19	FALSE	0	90	100	0	0	3.42901103761e-14	560	0.388965129852	14	31	14	31
9	"1"	"1"	19	FALSE	0	90	100	0	0	3.42901103761e-14	560	0.422075986862	18	41	18	41
9	"1"	"1"	19	FALSE	0	90	100	0	0	3.42901103761e-14	560	0.455753087997	23	63	23	63
9	"1"	"1"	19	FALSE	0	90	100	0	0	3.42901103761e-14	560	0.489117145538	25	81	25	81
9	"1"	"1"	19	FALSE	0	90	100	0	0	3.42901103761e-14	560	0.522519111633	25	104	25	104
9	"1"	"1"	19	FALSE	0	90	100	0	0	3.42901103761e-14	560	0.555546998978	24	136	24	136
9	"1"	"1"	19	FALSE	0	90	100	0	0	3.42901103761e-14	560	0.589303016663	24	162	24	162
9	"1"	"1"	19	FALSE	0	90	100	0	0	3.42901103761e-14	560	0.622614145279	22	194	22	194
9	"1"	"1"	19	FALSE	0	90	100	0	0	3.42901103761e-14	560	0.655929088593	20	237	20	237
9	"1"	"1"	19	FALSE	0	90	100	0	0	3.42901103761e-14	560	0.689383029938	18	276	18	276
9	"1"	"1"	19	FALSE	0	90	100	0	0	3.42901103761e-14	560	0.722640037537	13	327	13	327
9	"1"	"1"	19	FALSE	0	90	100	0	0	3.42901103761e-14	560	0.756045103073	9	364	9	364
9	"1"	"1"	19	FALSE	0	90	100	0	0	3.42901103761e-14	560	0.789039134979	8	394	8	394
9	"1"	"1"	19	FALSE	0	90	100	0	0	3.42901103761e-14	560	0.82249712944	7	423	7	423
9	"1"	"1"	19	FALSE	0	90	100	0	0	3.42901103761e-14	560	0.855471134186	7	438	7	438
9	"1"	"1"	19	FALSE	0	90	100	0	0	3.42901103761e-14	560	0.889467954636	6	454	6	454
9	"1"	"1"	19	FALSE	0	90	100	0	0	3.42901103761e-14	560	0.922503948212	4	468	4	468
9	"1"	"1"	19	FALSE	0	90	100	0	0	3.42901103761e-14	560	0.956160068512	3	482	3	482
9	"1"	"1"	19	FALSE	0	90	100	0	0	3.42901103761e-14	560	0.98952794075	3	493	3	493
9	"1"	"1"	19	FALSE	0	90	100	0	0	3.42901103761e-14	560	1.02286505699	3	505	3	505
9	"1"	"1"	19	FALSE	0	90	100	0	0	3.42901103761e-14	560	1.05626797676	2	517	2	517
9	"1"	"1"	19	FALSE	0	90	100	0	0	3.42901103761e-14	560	1.08895993233	1	528	1	528
9	"1"	"1"	19	FALSE	0	90	100	0	0	3.42901103761e-14	560	1.12296795845	0	541	0	541
9	"1"	"1"	19	FALSE	0	90	100	0	0	3.42901103761e-14	560	1.15629792213	-1	550	-1	550
9	"1"	"1"	19	FALSE	0	90	100	0	0	3.42901103761e-14	560	1.1892991066	-1	556	-1	556
9	"1"	"1"	19	FALSE	0	90	100	0	0	3.42901103761e-14	560	1.22267413139	-2	560	-2	560
9	"1"	"1"	20	FALSE	0	135	100	0	0	-395.979797464	395.979797464	0.00219297409058	-1	2	-1	2
9	"1"	"1"	20	FALSE	0	135	100	0	0	-395.979797464	395.979797464	0.0384020805359	-1	0	-1	0
9	"1"	"1"	20	FALSE	0	135	100	0	0	-395.979797464	395.979797464	0.07169008255	-1	0	-1	0
9	"1"	"1"	20	FALSE	0	135	100	0	0	-395.979797464	395.979797464	0.104403972626	-1	0	-1	0
9	"1"	"1"	20	FALSE	0	135	100	0	0	-395.979797464	395.979797464	0.138507127762	-1	0	-1	0
9	"1"	"1"	20	FALSE	0	135	100	0	0	-395.979797464	395.979797464	0.171830177307	-1	-1	-1	-1
9	"1"	"1"	20	FALSE	0	135	100	0	0	-395.979797464	395.979797464	0.205116987228	-2	-2	-2	-2
9	"1"	"1"	20	FALSE	0	135	100	0	0	-395.979797464	395.979797464	0.238137960434	-2	-4	-2	-4
9	"1"	"1"	20	FALSE	0	135	100	0	0	-395.979797464	395.979797464	0.271708011627	-1	-4	-1	-4
9	"1"	"1"	20	FALSE	0	135	100	0	0	-395.979797464	395.979797464	0.305016994476	-1	-4	-1	-4
9	"1"	"1"	20	FALSE	0	135	100	0	0	-395.979797464	395.979797464	0.338567972183	-1	-4	-1	-4
9	"1"	"1"	20	FALSE	0	135	100	0	0	-395.979797464	395.979797464	0.371927022934	-1	-4	-1	-4
9	"1"	"1"	20	FALSE	0	135	100	0	0	-395.979797464	395.979797464	0.404840946198	-2	2	-2	2
9	"1"	"1"	20	FALSE	0	135	100	0	0	-395.979797464	395.979797464	0.438714981079	-7	13	-7	13
9	"1"	"1"	20	FALSE	0	135	100	0	0	-395.979797464	395.979797464	0.472061157227	-12	20	-12	20
9	"1"	"1"	20	FALSE	0	135	100	0	0	-395.979797464	395.979797464	0.505234956741	-19	27	-19	27
9	"1"	"1"	20	FALSE	0	135	100	0	0	-395.979797464	395.979797464	0.538676023483	-29	37	-29	37
9	"1"	"1"	20	FALSE	0	135	100	0	0	-395.979797464	395.979797464	0.572239160538	-38	46	-38	46
9	"1"	"1"	20	FALSE	0	135	100	0	0	-395.979797464	395.979797464	0.605528116226	-53	61	-53	61
9	"1"	"1"	20	FALSE	0	135	100	0	0	-395.979797464	395.979797464	0.638808012009	-75	80	-75	80
9	"1"	"1"	20	FALSE	0	135	100	0	0	-395.979797464	395.979797464	0.672255039215	-99	100	-99	100
9	"1"	"1"	20	FALSE	0	135	100	0	0	-395.979797464	395.979797464	0.705434083939	-127	123	-127	123
9	"1"	"1"	20	FALSE	0	135	100	0	0	-395.979797464	395.979797464	0.738840103149	-154	146	-154	146
9	"1"	"1"	20	FALSE	0	135	100	0	0	-395.979797464	395.979797464	0.772300004959	-186	169	-186	169
9	"1"	"1"	20	FALSE	0	135	100	0	0	-395.979797464	395.979797464	0.80565905571	-216	192	-216	192
9	"1"	"1"	20	FALSE	0	135	100	0	0	-395.979797464	395.979797464	0.838590145111	-240	212	-240	212
9	"1"	"1"	20	FALSE	0	135	100	0	0	-395.979797464	395.979797464	0.872028112411	-263	230	-263	230
9	"1"	"1"	20	FALSE	0	135	100	0	0	-395.979797464	395.979797464	0.905581951141	-280	246	-280	246
9	"1"	"1"	20	FALSE	0	135	100	0	0	-395.979797464	395.979797464	0.938928127289	-300	268	-300	268
9	"1"	"1"	20	FALSE	0	135	100	0	0	-395.979797464	395.979797464	0.972489118576	-313	284	-313	284
9	"1"	"1"	20	FALSE	0	135	100	0	0	-395.979797464	395.979797464	1.00583314896	-330	308	-330	308
9	"1"	"1"	20	FALSE	0	135	100	0	0	-395.979797464	395.979797464	1.0391960144	-342	328	-342	328
9	"1"	"1"	20	FALSE	0	135	100	0	0	-395.979797464	395.979797464	1.07233309746	-350	338	-350	338
9	"1"	"1"	20	FALSE	0	135	100	0	0	-395.979797464	395.979797464	1.10579204559	-363	350	-363	350
9	"1"	"1"	20	FALSE	0	135	100	0	0	-395.979797464	395.979797464	1.13926315308	-371	362	-371	362
9	"1"	"1"	20	FALSE	0	135	100	0	0	-395.979797464	395.979797464	1.17264413834	-381	369	-381	369
9	"1"	"1"	20	FALSE	0	135	100	0	0	-395.979797464	395.979797464	1.20579314232	-389	377	-389	377
9	"1"	"1"	20	FALSE	0	135	100	0	0	-395.979797464	395.979797464	1.23932003975	-395	384	-395	384
9	"1"	"1"	20	FALSE	0	135	100	0	0	-395.979797464	395.979797464	1.27267217636	-398	387	-398	387
9	"1"	"1"	20	FALSE	0	135	100	0	0	-395.979797464	395.979797464	1.30602407455	-401	389	-401	389
9	"1"	"1"	20	FALSE	0	135	100	0	0	-395.979797464	395.979797464	1.3394241333	-402	393	-402	393
9	"1"	"1"	20	FALSE	0	135	100	0	0	-395.979797464	395.979797464	1.37273097038	-404	395	-404	395
9	"1"	"1"	20	FALSE	0	135	100	0	0	-395.979797464	395.979797464	1.40612912178	-404	399	-404	399
9	"1"	"1"	20	FALSE	0	135	100	0	0	-395.979797464	395.979797464	1.43917703629	-404	402	-404	402
9	"1"	"1"	21	FALSE	0	45	100	0	0	395.979797464	395.979797464	0.00198101997375	3	-9	3	-9
9	"1"	"1"	21	FALSE	0	45	100	0	0	395.979797464	395.979797464	0.0217580795288	3	-9	3	-9
9	"1"	"1"	21	FALSE	0	45	100	0	0	395.979797464	395.979797464	0.0554571151733	3	-7	3	-7
9	"1"	"1"	21	FALSE	0	45	100	0	0	395.979797464	395.979797464	0.0889689922333	3	-6	3	-6
9	"1"	"1"	21	FALSE	0	45	100	0	0	395.979797464	395.979797464	0.122151136398	3	-3	3	-3
9	"1"	"1"	21	FALSE	0	45	100	0	0	395.979797464	395.979797464	0.155563116074	1	0	1	0
9	"1"	"1"	21	FALSE	0	45	100	0	0	395.979797464	395.979797464	0.189031124115	-1	1	-1	1
9	"1"	"1"	21	FALSE	0	45	100	0	0	395.979797464	395.979797464	0.222294092178	-2	2	-2	2
9	"1"	"1"	21	FALSE	0	45	100	0	0	395.979797464	395.979797464	0.255568981171	-3	3	-3	3
9	"1"	"1"	21	FALSE	0	45	100	0	0	395.979797464	395.979797464	0.288985013962	-3	4	-3	4
9	"1"	"1"	21	FALSE	0	45	100	0	0	395.979797464	395.979797464	0.322277069092	-3	7	-3	7
9	"1"	"1"	21	FALSE	0	45	100	0	0	395.979797464	395.979797464	0.355710983276	2	16	2	16
9	"1"	"1"	21	FALSE	0	45	100	0	0	395.979797464	395.979797464	0.389079093933	11	29	11	29
9	"1"	"1"	21	FALSE	0	45	100	0	0	395.979797464	395.979797464	0.422477006912	20	43	20	43
9	"1"	"1"	21	FALSE	0	45	100	0	0	395.979797464	395.979797464	0.455497980118	38	67	38	67
9	"1"	"1"	21	FALSE	0	45	100	0	0	395.979797464	395.979797464	0.489043951035	48	78	48	78
9	"1"	"1"	21	FALSE	0	45	100	0	0	395.979797464	395.979797464	0.522433042526	73	102	73	102
9	"1"	"1"	21	FALSE	0	45	100	0	0	395.979797464	395.979797464	0.555807113647	94	122	94	122
9	"1"	"1"	21	FALSE	0	45	100	0	0	395.979797464	395.979797464	0.589223146439	117	144	117	144
9	"1"	"1"	21	FALSE	0	45	100	0	0	395.979797464	395.979797464	0.622548103333	142	166	142	166
9	"1"	"1"	21	FALSE	0	45	100	0	0	395.979797464	395.979797464	0.655933141708	163	187	163	187
9	"1"	"1"	21	FALSE	0	45	100	0	0	395.979797464	395.979797464	0.689343929291	186	208	186	208
9	"1"	"1"	21	FALSE	0	45	100	0	0	395.979797464	395.979797464	0.722500085831	210	230	210	230
9	"1"	"1"	21	FALSE	0	45	100	0	0	395.979797464	395.979797464	0.756020069122	235	251	235	251
9	"1"	"1"	21	FALSE	0	45	100	0	0	395.979797464	395.979797464	0.789442062378	257	268	257	268
9	"1"	"1"	21	FALSE	0	45	100	0	0	395.979797464	395.979797464	0.82271695137	276	284	276	284
9	"1"	"1"	21	FALSE	0	45	100	0	0	395.979797464	395.979797464	0.856156110764	297	300	297	300
9	"1"	"1"	21	FALSE	0	45	100	0	0	395.979797464	395.979797464	0.889395952225	309	310	309	310
9	"1"	"1"	21	FALSE	0	45	100	0	0	395.979797464	395.979797464	0.922722101212	325	324	325	324
9	"1"	"1"	21	FALSE	0	45	100	0	0	395.979797464	395.979797464	0.95605301857	342	339	342	339
9	"1"	"1"	21	FALSE	0	45	100	0	0	395.979797464	395.979797464	0.989362955093	354	351	354	351
9	"1"	"1"	21	FALSE	0	45	100	0	0	395.979797464	395.979797464	1.02288508415	367	363	367	363
9	"1"	"1"	21	FALSE	0	45	100	0	0	395.979797464	395.979797464	1.05622410774	376	373	376	373
9	"1"	"1"	21	FALSE	0	45	100	0	0	395.979797464	395.979797464	1.08966803551	386	383	386	383
9	"1"	"1"	21	FALSE	0	45	100	0	0	395.979797464	395.979797464	1.12294411659	393	391	393	391
9	"1"	"1"	21	FALSE	0	45	100	0	0	395.979797464	395.979797464	1.15633392334	397	397	397	397
9	"1"	"1"	21	FALSE	0	45	100	0	0	395.979797464	395.979797464	1.18971300125	402	402	402	402
9	"1"	"1"	21	FALSE	0	45	100	0	0	395.979797464	395.979797464	1.22301411629	406	407	406	407
9	"1"	"1"	21	FALSE	0	45	100	0	0	395.979797464	395.979797464	1.25639009476	408	409	408	409
9	"1"	"1"	21	FALSE	0	45	100	0	0	395.979797464	395.979797464	1.28969502449	408	409	408	409
9	"1"	"1"	21	FALSE	0	45	100	0	0	395.979797464	395.979797464	1.32317900658	408	409	408	409
9	"1"	"1"	21	FALSE	0	45	100	0	0	395.979797464	395.979797464	1.35643696785	408	409	408	409
9	"1"	"1"	21	FALSE	0	45	100	0	0	395.979797464	395.979797464	1.38989305496	408	408	408	408
9	"1"	"1"	21	FALSE	0	45	100	0	0	395.979797464	395.979797464	1.42319393158	407	407	407	407
9	"1"	"1"	21	FALSE	0	45	100	0	0	395.979797464	395.979797464	1.45614504814	405	405	405	405
9	"1"	"1"	21	FALSE	0	45	100	0	0	395.979797464	395.979797464	1.48991703987	404	403	404	403
9	"1"	"1"	21	FALSE	0	45	100	0	0	395.979797464	395.979797464	1.52305102348	402	400	402	400
9	"1"	"1"	21	FALSE	0	45	100	0	0	395.979797464	395.979797464	1.55663204193	400	398	400	398
9	"1"	"1"	21	FALSE	0	45	100	0	0	395.979797464	395.979797464	1.59004211426	399	396	399	396
9	"1"	"1"	21	FALSE	0	45	100	0	0	395.979797464	395.979797464	1.62331700325	397	394	397	394
9	"1"	"1"	21	FALSE	0	45	100	0	0	395.979797464	395.979797464	1.6560189724	396	393	396	393
