"task_num"	"task_name"	"trial_type"	"trial_num"	"terminalfeedback_bool"	"rotation_angle"	"targetangle_deg"	"targetdistance_percmax"	"homex_px"	"homey_px"	"targetx_px"	"targety_px"	"time_s"	"mousex_px"	"mousey_px"	"cursorx_px"	"cursory_px"
9	"1"	"1"	1	FALSE	0	135	100	0	0	-395.979797464	395.979797464	0.00195503234863	1	12	1	12
9	"1"	"1"	1	FALSE	0	135	100	0	0	-395.979797464	395.979797464	0.0306930541992	1	12	1	12
9	"1"	"1"	1	FALSE	0	135	100	0	0	-395.979797464	395.979797464	0.0643122196198	1	12	1	12
9	"1"	"1"	1	FALSE	0	135	100	0	0	-395.979797464	395.979797464	0.0976371765137	1	12	1	12
9	"1"	"1"	1	FALSE	0	135	100	0	0	-395.979797464	395.979797464	0.130952119827	1	12	1	12
9	"1"	"1"	1	FALSE	0	135	100	0	0	-395.979797464	395.979797464	0.164262056351	1	12	1	12
9	"1"	"1"	1	FALSE	0	135	100	0	0	-395.979797464	395.979797464	0.197689056396	1	12	1	12
9	"1"	"1"	1	FALSE	0	135	100	0	0	-395.979797464	395.979797464	0.231072187424	1	12	1	12
9	"1"	"1"	1	FALSE	0	135	100	0	0	-395.979797464	395.979797464	0.264464139938	1	12	1	12
9	"1"	"1"	1	FALSE	0	135	100	0	0	-395.979797464	395.979797464	0.29772400856	1	12	1	12
9	"1"	"1"	1	FALSE	0	135	100	0	0	-395.979797464	395.979797464	0.331095218658	1	12	1	12
9	"1"	"1"	1	FALSE	0	135	100	0	0	-395.979797464	395.979797464	0.364499092102	1	12	1	12
9	"1"	"1"	1	FALSE	0	135	100	0	0	-395.979797464	395.979797464	0.397833108902	1	12	1	12
9	"1"	"1"	1	FALSE	0	135	100	0	0	-395.979797464	395.979797464	0.431242227554	-2	13	-2	13
9	"1"	"1"	1	FALSE	0	135	100	0	0	-395.979797464	395.979797464	0.464564085007	-13	17	-13	17
9	"1"	"1"	1	FALSE	0	135	100	0	0	-395.979797464	395.979797464	0.497868061066	-29	23	-29	23
9	"1"	"1"	1	FALSE	0	135	100	0	0	-395.979797464	395.979797464	0.531278133392	-47	32	-47	32
9	"1"	"1"	1	FALSE	0	135	100	0	0	-395.979797464	395.979797464	0.564682006836	-70	42	-70	42
9	"1"	"1"	1	FALSE	0	135	100	0	0	-395.979797464	395.979797464	0.597915172577	-95	53	-95	53
9	"1"	"1"	1	FALSE	0	135	100	0	0	-395.979797464	395.979797464	0.631300210953	-122	63	-122	63
9	"1"	"1"	1	FALSE	0	135	100	0	0	-395.979797464	395.979797464	0.664824008942	-146	73	-146	73
9	"1"	"1"	1	FALSE	0	135	100	0	0	-395.979797464	395.979797464	0.698097229004	-175	87	-175	87
9	"1"	"1"	1	FALSE	0	135	100	0	0	-395.979797464	395.979797464	0.731481075287	-203	106	-203	106
9	"1"	"1"	1	FALSE	0	135	100	0	0	-395.979797464	395.979797464	0.764831066132	-228	128	-228	128
9	"1"	"1"	1	FALSE	0	135	100	0	0	-395.979797464	395.979797464	0.798160076141	-249	149	-249	149
9	"1"	"1"	1	FALSE	0	135	100	0	0	-395.979797464	395.979797464	0.831497192383	-272	173	-272	173
9	"1"	"1"	1	FALSE	0	135	100	0	0	-395.979797464	395.979797464	0.864855051041	-292	200	-292	200
9	"1"	"1"	1	FALSE	0	135	100	0	0	-395.979797464	395.979797464	0.898227214813	-308	225	-308	225
9	"1"	"1"	1	FALSE	0	135	100	0	0	-395.979797464	395.979797464	0.931601047516	-323	257	-323	257
9	"1"	"1"	1	FALSE	0	135	100	0	0	-395.979797464	395.979797464	0.964904069901	-339	285	-339	285
9	"1"	"1"	1	FALSE	0	135	100	0	0	-395.979797464	395.979797464	0.998340129852	-350	310	-350	310
9	"1"	"1"	1	FALSE	0	135	100	0	0	-395.979797464	395.979797464	1.03166413307	-360	329	-360	329
9	"1"	"1"	1	FALSE	0	135	100	0	0	-395.979797464	395.979797464	1.06502008438	-365	344	-365	344
9	"1"	"1"	1	FALSE	0	135	100	0	0	-395.979797464	395.979797464	1.09837722778	-369	359	-369	359
9	"1"	"1"	1	FALSE	0	135	100	0	0	-395.979797464	395.979797464	1.13175201416	-371	369	-371	369
9	"1"	"1"	1	FALSE	0	135	100	0	0	-395.979797464	395.979797464	1.16515016556	-374	378	-374	378
9	"1"	"1"	1	FALSE	0	135	100	0	0	-395.979797464	395.979797464	1.19829821587	-377	383	-377	383
9	"1"	"1"	1	FALSE	0	135	100	0	0	-395.979797464	395.979797464	1.23183608055	-380	387	-380	387
9	"1"	"1"	1	FALSE	0	135	100	0	0	-395.979797464	395.979797464	1.26521205902	-383	391	-383	391
9	"1"	"1"	1	FALSE	0	135	100	0	0	-395.979797464	395.979797464	1.29860019684	-385	394	-385	394
9	"1"	"1"	1	FALSE	0	135	100	0	0	-395.979797464	395.979797464	1.33189821243	-386	395	-386	395
9	"1"	"1"	2	FALSE	0	45	100	0	0	395.979797464	395.979797464	0.00212907791138	4	0	4	0
9	"1"	"1"	2	FALSE	0	45	100	0	0	395.979797464	395.979797464	0.0225238800049	4	0	4	0
9	"1"	"1"	2	FALSE	0	45	100	0	0	395.979797464	395.979797464	0.0560638904572	4	0	4	0
9	"1"	"1"	2	FALSE	0	45	100	0	0	395.979797464	395.979797464	0.0895080566406	4	0	4	0
9	"1"	"1"	2	FALSE	0	45	100	0	0	395.979797464	395.979797464	0.122752904892	4	0	4	0
9	"1"	"1"	2	FALSE	0	45	100	0	0	395.979797464	395.979797464	0.156162023544	4	0	4	0
9	"1"	"1"	2	FALSE	0	45	100	0	0	395.979797464	395.979797464	0.189507007599	4	0	4	0
9	"1"	"1"	2	FALSE	0	45	100	0	0	395.979797464	395.979797464	0.222861051559	4	0	4	0
9	"1"	"1"	2	FALSE	0	45	100	0	0	395.979797464	395.979797464	0.256283998489	4	0	4	0
9	"1"	"1"	2	FALSE	0	45	100	0	0	395.979797464	395.979797464	0.289540052414	4	0	4	0
9	"1"	"1"	2	FALSE	0	45	100	0	0	395.979797464	395.979797464	0.323016881943	4	0	4	0
9	"1"	"1"	2	FALSE	0	45	100	0	0	395.979797464	395.979797464	0.356458902359	8	4	8	4
9	"1"	"1"	2	FALSE	0	45	100	0	0	395.979797464	395.979797464	0.389729976654	19	16	19	16
9	"1"	"1"	2	FALSE	0	45	100	0	0	395.979797464	395.979797464	0.423163890839	39	34	39	34
9	"1"	"1"	2	FALSE	0	45	100	0	0	395.979797464	395.979797464	0.456510066986	61	55	61	55
9	"1"	"1"	2	FALSE	0	45	100	0	0	395.979797464	395.979797464	0.489791870117	87	79	87	79
9	"1"	"1"	2	FALSE	0	45	100	0	0	395.979797464	395.979797464	0.523195981979	112	102	112	102
9	"1"	"1"	2	FALSE	0	45	100	0	0	395.979797464	395.979797464	0.556564092636	142	128	142	128
9	"1"	"1"	2	FALSE	0	45	100	0	0	395.979797464	395.979797464	0.589848995209	169	152	169	152
9	"1"	"1"	2	FALSE	0	45	100	0	0	395.979797464	395.979797464	0.623257875443	189	175	189	175
9	"1"	"1"	2	FALSE	0	45	100	0	0	395.979797464	395.979797464	0.656636953354	215	199	215	199
9	"1"	"1"	2	FALSE	0	45	100	0	0	395.979797464	395.979797464	0.690032958984	232	220	232	220
9	"1"	"1"	2	FALSE	0	45	100	0	0	395.979797464	395.979797464	0.723382949829	251	243	251	243
9	"1"	"1"	2	FALSE	0	45	100	0	0	395.979797464	395.979797464	0.756676912308	269	264	269	264
9	"1"	"1"	2	FALSE	0	45	100	0	0	395.979797464	395.979797464	0.790096998215	283	281	283	281
9	"1"	"1"	2	FALSE	0	45	100	0	0	395.979797464	395.979797464	0.823407888412	295	295	295	295
9	"1"	"1"	2	FALSE	0	45	100	0	0	395.979797464	395.979797464	0.856808900833	307	308	307	308
9	"1"	"1"	2	FALSE	0	45	100	0	0	395.979797464	395.979797464	0.890191078186	319	323	319	323
9	"1"	"1"	2	FALSE	0	45	100	0	0	395.979797464	395.979797464	0.92348408699	328	332	328	332
9	"1"	"1"	2	FALSE	0	45	100	0	0	395.979797464	395.979797464	0.956881046295	336	340	336	340
9	"1"	"1"	2	FALSE	0	45	100	0	0	395.979797464	395.979797464	0.990209102631	343	348	343	348
9	"1"	"1"	2	FALSE	0	45	100	0	0	395.979797464	395.979797464	1.02358603477	350	355	350	355
9	"1"	"1"	2	FALSE	0	45	100	0	0	395.979797464	395.979797464	1.05686903	357	361	357	361
9	"1"	"1"	2	FALSE	0	45	100	0	0	395.979797464	395.979797464	1.09031105042	363	367	363	367
9	"1"	"1"	2	FALSE	0	45	100	0	0	395.979797464	395.979797464	1.12353992462	368	372	368	372
9	"1"	"1"	2	FALSE	0	45	100	0	0	395.979797464	395.979797464	1.15701603889	373	377	373	377
9	"1"	"1"	2	FALSE	0	45	100	0	0	395.979797464	395.979797464	1.19021892548	376	380	376	380
9	"1"	"1"	2	FALSE	0	45	100	0	0	395.979797464	395.979797464	1.22376298904	379	383	379	383
9	"1"	"1"	2	FALSE	0	45	100	0	0	395.979797464	395.979797464	1.25709700584	381	385	381	385
9	"1"	"1"	2	FALSE	0	45	100	0	0	395.979797464	395.979797464	1.29041695595	382	386	382	386
9	"1"	"1"	2	FALSE	0	45	100	0	0	395.979797464	395.979797464	1.32381606102	384	388	384	388
9	"1"	"1"	2	FALSE	0	45	100	0	0	395.979797464	395.979797464	1.35715293884	385	390	385	390
9	"1"	"1"	2	FALSE	0	45	100	0	0	395.979797464	395.979797464	1.39043498039	387	392	387	392
9	"1"	"1"	2	FALSE	0	45	100	0	0	395.979797464	395.979797464	1.42386603355	389	395	389	395
9	"1"	"1"	3	FALSE	0	90	100	0	0	3.42901103761e-14	560	0.00222706794739	0	1	0	1
9	"1"	"1"	3	FALSE	0	90	100	0	0	3.42901103761e-14	560	0.0218601226807	0	1	0	1
9	"1"	"1"	3	FALSE	0	90	100	0	0	3.42901103761e-14	560	0.0555350780487	0	1	0	1
9	"1"	"1"	3	FALSE	0	90	100	0	0	3.42901103761e-14	560	0.088828086853	1	1	1	1
9	"1"	"1"	3	FALSE	0	90	100	0	0	3.42901103761e-14	560	0.121994972229	1	1	1	1
9	"1"	"1"	3	FALSE	0	90	100	0	0	3.42901103761e-14	560	0.155601978302	1	1	1	1
9	"1"	"1"	3	FALSE	0	90	100	0	0	3.42901103761e-14	560	0.188904047012	1	1	1	1
9	"1"	"1"	3	FALSE	0	90	100	0	0	3.42901103761e-14	560	0.222231149673	1	1	1	1
9	"1"	"1"	3	FALSE	0	90	100	0	0	3.42901103761e-14	560	0.255546092987	1	1	1	1
9	"1"	"1"	3	FALSE	0	90	100	0	0	3.42901103761e-14	560	0.288947105408	1	3	1	3
9	"1"	"1"	3	FALSE	0	90	100	0	0	3.42901103761e-14	560	0.322399139404	1	12	1	12
9	"1"	"1"	3	FALSE	0	90	100	0	0	3.42901103761e-14	560	0.355642080307	2	26	2	26
9	"1"	"1"	3	FALSE	0	90	100	0	0	3.42901103761e-14	560	0.389038085938	4	50	4	50
9	"1"	"1"	3	FALSE	0	90	100	0	0	3.42901103761e-14	560	0.422497987747	6	78	6	78
9	"1"	"1"	3	FALSE	0	90	100	0	0	3.42901103761e-14	560	0.455806970596	8	101	8	101
9	"1"	"1"	3	FALSE	0	90	100	0	0	3.42901103761e-14	560	0.489191055298	9	128	9	128
9	"1"	"1"	3	FALSE	0	90	100	0	0	3.42901103761e-14	560	0.522483110428	10	150	10	150
9	"1"	"1"	3	FALSE	0	90	100	0	0	3.42901103761e-14	560	0.555921077728	11	175	11	175
9	"1"	"1"	3	FALSE	0	90	100	0	0	3.42901103761e-14	560	0.589286088943	12	201	12	201
9	"1"	"1"	3	FALSE	0	90	100	0	0	3.42901103761e-14	560	0.622601032257	13	224	13	224
9	"1"	"1"	3	FALSE	0	90	100	0	0	3.42901103761e-14	560	0.655893087387	12	253	12	253
9	"1"	"1"	3	FALSE	0	90	100	0	0	3.42901103761e-14	560	0.689231157303	11	282	11	282
9	"1"	"1"	3	FALSE	0	90	100	0	0	3.42901103761e-14	560	0.722706079483	10	312	10	312
9	"1"	"1"	3	FALSE	0	90	100	0	0	3.42901103761e-14	560	0.755983114243	9	342	9	342
9	"1"	"1"	3	FALSE	0	90	100	0	0	3.42901103761e-14	560	0.789397954941	7	369	7	369
9	"1"	"1"	3	FALSE	0	90	100	0	0	3.42901103761e-14	560	0.82283115387	3	399	3	399
9	"1"	"1"	3	FALSE	0	90	100	0	0	3.42901103761e-14	560	0.85605096817	-1	421	-1	421
9	"1"	"1"	3	FALSE	0	90	100	0	0	3.42901103761e-14	560	0.889498949051	-5	444	-5	444
9	"1"	"1"	3	FALSE	0	90	100	0	0	3.42901103761e-14	560	0.922841072083	-8	464	-8	464
9	"1"	"1"	3	FALSE	0	90	100	0	0	3.42901103761e-14	560	0.956221103668	-8	477	-8	477
9	"1"	"1"	3	FALSE	0	90	100	0	0	3.42901103761e-14	560	0.989578008652	-8	490	-8	490
9	"1"	"1"	3	FALSE	0	90	100	0	0	3.42901103761e-14	560	1.02290797234	-7	500	-7	500
9	"1"	"1"	3	FALSE	0	90	100	0	0	3.42901103761e-14	560	1.05624604225	-5	510	-5	510
9	"1"	"1"	3	FALSE	0	90	100	0	0	3.42901103761e-14	560	1.08960604668	-4	517	-4	517
9	"1"	"1"	3	FALSE	0	90	100	0	0	3.42901103761e-14	560	1.12302708626	-4	523	-4	523
9	"1"	"1"	3	FALSE	0	90	100	0	0	3.42901103761e-14	560	1.1564040184	-3	529	-3	529
9	"1"	"1"	3	FALSE	0	90	100	0	0	3.42901103761e-14	560	1.18976807594	-4	533	-4	533
9	"1"	"1"	3	FALSE	0	90	100	0	0	3.42901103761e-14	560	1.22309803963	-4	539	-4	539
9	"1"	"1"	3	FALSE	0	90	100	0	0	3.42901103761e-14	560	1.25638794899	-4	545	-4	545
9	"1"	"1"	3	FALSE	0	90	100	0	0	3.42901103761e-14	560	1.28981900215	-4	552	-4	552
9	"1"	"1"	3	FALSE	0	90	100	0	0	3.42901103761e-14	560	1.32316803932	-4	558	-4	558
9	"1"	"1"	3	FALSE	0	90	100	0	0	3.42901103761e-14	560	1.35651397705	-4	562	-4	562
9	"1"	"1"	3	FALSE	0	90	100	0	0	3.42901103761e-14	560	1.38986206055	-4	566	-4	566
9	"1"	"1"	3	FALSE	0	90	100	0	0	3.42901103761e-14	560	1.42317509651	-4	569	-4	569
9	"1"	"1"	4	FALSE	0	90	100	0	0	3.42901103761e-14	560	0.00188612937927	-1	-10	-1	-10
9	"1"	"1"	4	FALSE	0	90	100	0	0	3.42901103761e-14	560	0.0221469402313	-1	-9	-1	-9
9	"1"	"1"	4	FALSE	0	90	100	0	0	3.42901103761e-14	560	0.0555579662323	-1	-9	-1	-9
9	"1"	"1"	4	FALSE	0	90	100	0	0	3.42901103761e-14	560	0.0888891220093	-1	-9	-1	-9
9	"1"	"1"	4	FALSE	0	90	100	0	0	3.42901103761e-14	560	0.122267961502	-1	-9	-1	-9
9	"1"	"1"	4	FALSE	0	90	100	0	0	3.42901103761e-14	560	0.155643939972	-1	-9	-1	-9
9	"1"	"1"	4	FALSE	0	90	100	0	0	3.42901103761e-14	560	0.189080953598	-1	-9	-1	-9
9	"1"	"1"	4	FALSE	0	90	100	0	0	3.42901103761e-14	560	0.222430944443	-1	-9	-1	-9
9	"1"	"1"	4	FALSE	0	90	100	0	0	3.42901103761e-14	560	0.255571126938	-1	-9	-1	-9
9	"1"	"1"	4	FALSE	0	90	100	0	0	3.42901103761e-14	560	0.288991928101	-1	-8	-1	-8
9	"1"	"1"	4	FALSE	0	90	100	0	0	3.42901103761e-14	560	0.322302103043	-1	-8	-1	-8
9	"1"	"1"	4	FALSE	0	90	100	0	0	3.42901103761e-14	560	0.355797052383	-1	-8	-1	-8
9	"1"	"1"	4	FALSE	0	90	100	0	0	3.42901103761e-14	560	0.389149904251	-2	-7	-2	-7
9	"1"	"1"	4	FALSE	0	90	100	0	0	3.42901103761e-14	560	0.422491073608	-2	-3	-2	-3
9	"1"	"1"	4	FALSE	0	90	100	0	0	3.42901103761e-14	560	0.455858945847	-4	6	-4	6
9	"1"	"1"	4	FALSE	0	90	100	0	0	3.42901103761e-14	560	0.489327907562	-6	26	-6	26
9	"1"	"1"	4	FALSE	0	90	100	0	0	3.42901103761e-14	560	0.522622108459	-10	54	-10	54
9	"1"	"1"	4	FALSE	0	90	100	0	0	3.42901103761e-14	560	0.556010007858	-12	79	-12	79
9	"1"	"1"	4	FALSE	0	90	100	0	0	3.42901103761e-14	560	0.589379072189	-15	108	-15	108
9	"1"	"1"	4	FALSE	0	90	100	0	0	3.42901103761e-14	560	0.622569084167	-17	136	-17	136
9	"1"	"1"	4	FALSE	0	90	100	0	0	3.42901103761e-14	560	0.656110048294	-18	160	-18	160
9	"1"	"1"	4	FALSE	0	90	100	0	0	3.42901103761e-14	560	0.689469099045	-20	190	-20	190
9	"1"	"1"	4	FALSE	0	90	100	0	0	3.42901103761e-14	560	0.722677946091	-21	219	-21	219
9	"1"	"1"	4	FALSE	0	90	100	0	0	3.42901103761e-14	560	0.756150007248	-21	249	-21	249
9	"1"	"1"	4	FALSE	0	90	100	0	0	3.42901103761e-14	560	0.789521932602	-20	275	-20	275
9	"1"	"1"	4	FALSE	0	90	100	0	0	3.42901103761e-14	560	0.82294011116	-17	305	-17	305
9	"1"	"1"	4	FALSE	0	90	100	0	0	3.42901103761e-14	560	0.856210947037	-13	338	-13	338
9	"1"	"1"	4	FALSE	0	90	100	0	0	3.42901103761e-14	560	0.889638900757	-11	365	-11	365
9	"1"	"1"	4	FALSE	0	90	100	0	0	3.42901103761e-14	560	0.922948122025	-8	393	-8	393
9	"1"	"1"	4	FALSE	0	90	100	0	0	3.42901103761e-14	560	0.95613193512	-6	417	-6	417
9	"1"	"1"	4	FALSE	0	90	100	0	0	3.42901103761e-14	560	0.989613056183	-4	433	-4	433
9	"1"	"1"	4	FALSE	0	90	100	0	0	3.42901103761e-14	560	1.02289009094	-2	448	-2	448
9	"1"	"1"	4	FALSE	0	90	100	0	0	3.42901103761e-14	560	1.05625009537	-1	459	-1	459
9	"1"	"1"	4	FALSE	0	90	100	0	0	3.42901103761e-14	560	1.08972096443	0	471	0	471
9	"1"	"1"	4	FALSE	0	90	100	0	0	3.42901103761e-14	560	1.1230840683	1	479	1	479
9	"1"	"1"	4	FALSE	0	90	100	0	0	3.42901103761e-14	560	1.15645599365	1	488	1	488
9	"1"	"1"	4	FALSE	0	90	100	0	0	3.42901103761e-14	560	1.18966412544	1	496	1	496
9	"1"	"1"	4	FALSE	0	90	100	0	0	3.42901103761e-14	560	1.22321796417	2	501	2	501
9	"1"	"1"	4	FALSE	0	90	100	0	0	3.42901103761e-14	560	1.25629210472	2	507	2	507
9	"1"	"1"	4	FALSE	0	90	100	0	0	3.42901103761e-14	560	1.28994894028	2	512	2	512
9	"1"	"1"	4	FALSE	0	90	100	0	0	3.42901103761e-14	560	1.32331109047	2	517	2	517
9	"1"	"1"	4	FALSE	0	90	100	0	0	3.42901103761e-14	560	1.35664606094	2	523	2	523
9	"1"	"1"	4	FALSE	0	90	100	0	0	3.42901103761e-14	560	1.38995790482	2	528	2	528
9	"1"	"1"	4	FALSE	0	90	100	0	0	3.42901103761e-14	560	1.42335295677	2	535	2	535
9	"1"	"1"	4	FALSE	0	90	100	0	0	3.42901103761e-14	560	1.45665407181	2	539	2	539
9	"1"	"1"	4	FALSE	0	90	100	0	0	3.42901103761e-14	560	1.49005007744	2	544	2	544
9	"1"	"1"	4	FALSE	0	90	100	0	0	3.42901103761e-14	560	1.5234079361	1	548	1	548
9	"1"	"1"	4	FALSE	0	90	100	0	0	3.42901103761e-14	560	1.55676293373	1	551	1	551
9	"1"	"1"	4	FALSE	0	90	100	0	0	3.42901103761e-14	560	1.59011697769	1	554	1	554
9	"1"	"1"	4	FALSE	0	90	100	0	0	3.42901103761e-14	560	1.62345290184	0	556	0	556
9	"1"	"1"	4	FALSE	0	90	100	0	0	3.42901103761e-14	560	1.65686798096	0	559	0	559
9	"1"	"1"	4	FALSE	0	90	100	0	0	3.42901103761e-14	560	1.69012498856	0	561	0	561
9	"1"	"1"	5	FALSE	0	45	100	0	0	395.979797464	395.979797464	0.0017421245575	-5	-7	-5	-7
9	"1"	"1"	5	FALSE	0	45	100	0	0	395.979797464	395.979797464	0.0222799777985	-3	-5	-3	-5
9	"1"	"1"	5	FALSE	0	45	100	0	0	395.979797464	395.979797464	0.0556440353394	-2	-3	-2	-3
9	"1"	"1"	5	FALSE	0	45	100	0	0	395.979797464	395.979797464	0.0883641242981	-2	-3	-2	-3
9	"1"	"1"	5	FALSE	0	45	100	0	0	395.979797464	395.979797464	0.122448921204	-2	-3	-2	-3
9	"1"	"1"	5	FALSE	0	45	100	0	0	395.979797464	395.979797464	0.155837059021	-2	-3	-2	-3
9	"1"	"1"	5	FALSE	0	45	100	0	0	395.979797464	395.979797464	0.189206123352	-2	-3	-2	-3
9	"1"	"1"	5	FALSE	0	45	100	0	0	395.979797464	395.979797464	0.222054004669	-2	-3	-2	-3
9	"1"	"1"	5	FALSE	0	45	100	0	0	395.979797464	395.979797464	0.255224943161	-2	-3	-2	-3
9	"1"	"1"	5	FALSE	0	45	100	0	0	395.979797464	395.979797464	0.289199113846	-2	-3	-2	-3
9	"1"	"1"	5	FALSE	0	45	100	0	0	395.979797464	395.979797464	0.322504997253	-2	-3	-2	-3
9	"1"	"1"	5	FALSE	0	45	100	0	0	395.979797464	395.979797464	0.355880975723	-2	-2	-2	-2
9	"1"	"1"	5	FALSE	0	45	100	0	0	395.979797464	395.979797464	0.38876414299	4	7	4	7
9	"1"	"1"	5	FALSE	0	45	100	0	0	395.979797464	395.979797464	0.422742128372	22	26	22	26
9	"1"	"1"	5	FALSE	0	45	100	0	0	395.979797464	395.979797464	0.455960988998	48	51	48	51
9	"1"	"1"	5	FALSE	0	45	100	0	0	395.979797464	395.979797464	0.488960027695	80	82	80	82
9	"1"	"1"	5	FALSE	0	45	100	0	0	395.979797464	395.979797464	0.522799015045	120	116	120	116
9	"1"	"1"	5	FALSE	0	45	100	0	0	395.979797464	395.979797464	0.555958986282	155	145	155	145
9	"1"	"1"	5	FALSE	0	45	100	0	0	395.979797464	395.979797464	0.589371919632	193	176	193	176
9	"1"	"1"	5	FALSE	0	45	100	0	0	395.979797464	395.979797464	0.622190952301	227	205	227	205
9	"1"	"1"	5	FALSE	0	45	100	0	0	395.979797464	395.979797464	0.656177043915	250	226	250	226
9	"1"	"1"	5	FALSE	0	45	100	0	0	395.979797464	395.979797464	0.689598083496	271	250	271	250
9	"1"	"1"	5	FALSE	0	45	100	0	0	395.979797464	395.979797464	0.72277712822	287	271	287	271
9	"1"	"1"	5	FALSE	0	45	100	0	0	395.979797464	395.979797464	0.756169080734	297	289	297	289
9	"1"	"1"	5	FALSE	0	45	100	0	0	395.979797464	395.979797464	0.789281129837	306	303	306	303
9	"1"	"1"	5	FALSE	0	45	100	0	0	395.979797464	395.979797464	0.823051929474	320	326	320	326
9	"1"	"1"	5	FALSE	0	45	100	0	0	395.979797464	395.979797464	0.856337070465	330	341	330	341
9	"1"	"1"	5	FALSE	0	45	100	0	0	395.979797464	395.979797464	0.889323949814	340	356	340	356
9	"1"	"1"	5	FALSE	0	45	100	0	0	395.979797464	395.979797464	0.923131942749	353	372	353	372
9	"1"	"1"	5	FALSE	0	45	100	0	0	395.979797464	395.979797464	0.956408023834	365	385	365	385
9	"1"	"1"	5	FALSE	0	45	100	0	0	395.979797464	395.979797464	0.989813089371	377	395	377	395
9	"1"	"1"	5	FALSE	0	45	100	0	0	395.979797464	395.979797464	1.02306413651	384	400	384	400
9	"1"	"1"	5	FALSE	0	45	100	0	0	395.979797464	395.979797464	1.05589294434	390	403	390	403
9	"1"	"1"	5	FALSE	0	45	100	0	0	395.979797464	395.979797464	1.08988714218	391	404	391	404
9	"1"	"1"	6	FALSE	0	135	100	0	0	-395.979797464	395.979797464	0.0019519329071	8	1	8	1
9	"1"	"1"	6	FALSE	0	135	100	0	0	-395.979797464	395.979797464	0.021782875061	8	1	8	1
9	"1"	"1"	6	FALSE	0	135	100	0	0	-395.979797464	395.979797464	0.0555160045624	8	1	8	1
9	"1"	"1"	6	FALSE	0	135	100	0	0	-395.979797464	395.979797464	0.0886509418488	8	1	8	1
9	"1"	"1"	6	FALSE	0	135	100	0	0	-395.979797464	395.979797464	0.121852874756	8	1	8	1
9	"1"	"1"	6	FALSE	0	135	100	0	0	-395.979797464	395.979797464	0.154872894287	8	1	8	1
9	"1"	"1"	6	FALSE	0	135	100	0	0	-395.979797464	395.979797464	0.188858985901	8	1	8	1
9	"1"	"1"	6	FALSE	0	135	100	0	0	-395.979797464	395.979797464	0.222302913666	8	1	8	1
9	"1"	"1"	6	FALSE	0	135	100	0	0	-395.979797464	395.979797464	0.255303859711	8	1	8	1
9	"1"	"1"	6	FALSE	0	135	100	0	0	-395.979797464	395.979797464	0.289016008377	8	2	8	2
9	"1"	"1"	6	FALSE	0	135	100	0	0	-395.979797464	395.979797464	0.321787834167	6	2	6	2
9	"1"	"1"	6	FALSE	0	135	100	0	0	-395.979797464	395.979797464	0.355784893036	0	5	0	5
9	"1"	"1"	6	FALSE	0	135	100	0	0	-395.979797464	395.979797464	0.389178991318	-9	12	-9	12
9	"1"	"1"	6	FALSE	0	135	100	0	0	-395.979797464	395.979797464	0.422387838364	-23	26	-23	26
9	"1"	"1"	6	FALSE	0	135	100	0	0	-395.979797464	395.979797464	0.455857038498	-38	40	-38	40
9	"1"	"1"	6	FALSE	0	135	100	0	0	-395.979797464	395.979797464	0.489230871201	-56	61	-56	61
9	"1"	"1"	6	FALSE	0	135	100	0	0	-395.979797464	395.979797464	0.522421836853	-79	78	-79	78
9	"1"	"1"	6	FALSE	0	135	100	0	0	-395.979797464	395.979797464	0.555941820145	-99	95	-99	95
9	"1"	"1"	6	FALSE	0	135	100	0	0	-395.979797464	395.979797464	0.589305877686	-122	111	-122	111
9	"1"	"1"	6	FALSE	0	135	100	0	0	-395.979797464	395.979797464	0.62263584137	-138	122	-138	122
9	"1"	"1"	6	FALSE	0	135	100	0	0	-395.979797464	395.979797464	0.655993938446	-154	136	-154	136
9	"1"	"1"	6	FALSE	0	135	100	0	0	-395.979797464	395.979797464	0.68914604187	-171	151	-171	151
9	"1"	"1"	6	FALSE	0	135	100	0	0	-395.979797464	395.979797464	0.722503900528	-187	168	-187	168
9	"1"	"1"	6	FALSE	0	135	100	0	0	-395.979797464	395.979797464	0.755380868912	-204	187	-204	187
9	"1"	"1"	6	FALSE	0	135	100	0	0	-395.979797464	395.979797464	0.789531946182	-222	208	-222	208
9	"1"	"1"	6	FALSE	0	135	100	0	0	-395.979797464	395.979797464	0.822762966156	-240	234	-240	234
9	"1"	"1"	6	FALSE	0	135	100	0	0	-395.979797464	395.979797464	0.855572938919	-256	255	-256	255
9	"1"	"1"	6	FALSE	0	135	100	0	0	-395.979797464	395.979797464	0.88951587677	-274	278	-274	278
9	"1"	"1"	6	FALSE	0	135	100	0	0	-395.979797464	395.979797464	0.922739982605	-289	296	-289	296
9	"1"	"1"	6	FALSE	0	135	100	0	0	-395.979797464	395.979797464	0.956274986267	-302	310	-302	310
9	"1"	"1"	6	FALSE	0	135	100	0	0	-395.979797464	395.979797464	0.989604949951	-316	328	-316	328
9	"1"	"1"	6	FALSE	0	135	100	0	0	-395.979797464	395.979797464	1.02226901054	-326	340	-326	340
9	"1"	"1"	6	FALSE	0	135	100	0	0	-395.979797464	395.979797464	1.05618095398	-337	355	-337	355
9	"1"	"1"	6	FALSE	0	135	100	0	0	-395.979797464	395.979797464	1.08955693245	-344	365	-344	365
9	"1"	"1"	6	FALSE	0	135	100	0	0	-395.979797464	395.979797464	1.12294697762	-353	374	-353	374
9	"1"	"1"	6	FALSE	0	135	100	0	0	-395.979797464	395.979797464	1.15641188622	-361	381	-361	381
9	"1"	"1"	6	FALSE	0	135	100	0	0	-395.979797464	395.979797464	1.1897289753	-367	385	-367	385
9	"1"	"1"	6	FALSE	0	135	100	0	0	-395.979797464	395.979797464	1.22288703918	-376	390	-376	390
9	"1"	"1"	6	FALSE	0	135	100	0	0	-395.979797464	395.979797464	1.2557618618	-384	393	-384	393
9	"1"	"1"	6	FALSE	0	135	100	0	0	-395.979797464	395.979797464	1.28976488113	-391	396	-391	396
9	"1"	"1"	6	FALSE	0	135	100	0	0	-395.979797464	395.979797464	1.32318496704	-397	398	-397	398
9	"1"	"1"	6	FALSE	0	135	100	0	0	-395.979797464	395.979797464	1.35653400421	-400	399	-400	399
9	"1"	"1"	7	FALSE	0	135	100	0	0	-395.979797464	395.979797464	0.00201988220215	-2	-7	-2	-7
9	"1"	"1"	7	FALSE	0	135	100	0	0	-395.979797464	395.979797464	0.0220248699188	-2	-7	-2	-7
9	"1"	"1"	7	FALSE	0	135	100	0	0	-395.979797464	395.979797464	0.0554349422455	-2	-7	-2	-7
9	"1"	"1"	7	FALSE	0	135	100	0	0	-395.979797464	395.979797464	0.0888829231262	-2	-6	-2	-6
9	"1"	"1"	7	FALSE	0	135	100	0	0	-395.979797464	395.979797464	0.122098922729	-1	-6	-1	-6
9	"1"	"1"	7	FALSE	0	135	100	0	0	-395.979797464	395.979797464	0.155515909195	0	-3	0	-3
9	"1"	"1"	7	FALSE	0	135	100	0	0	-395.979797464	395.979797464	0.189016819	3	-1	3	-1
9	"1"	"1"	7	FALSE	0	135	100	0	0	-395.979797464	395.979797464	0.222394943237	5	2	5	2
9	"1"	"1"	7	FALSE	0	135	100	0	0	-395.979797464	395.979797464	0.255390882492	7	5	7	5
9	"1"	"1"	7	FALSE	0	135	100	0	0	-395.979797464	395.979797464	0.289035797119	9	7	9	7
9	"1"	"1"	7	FALSE	0	135	100	0	0	-395.979797464	395.979797464	0.322321891785	9	13	9	13
9	"1"	"1"	7	FALSE	0	135	100	0	0	-395.979797464	395.979797464	0.355892896652	5	24	5	24
9	"1"	"1"	7	FALSE	0	135	100	0	0	-395.979797464	395.979797464	0.389086961746	-5	40	-5	40
9	"1"	"1"	7	FALSE	0	135	100	0	0	-395.979797464	395.979797464	0.421861886978	-26	65	-26	65
9	"1"	"1"	7	FALSE	0	135	100	0	0	-395.979797464	395.979797464	0.455956935883	-41	81	-41	81
9	"1"	"1"	7	FALSE	0	135	100	0	0	-395.979797464	395.979797464	0.489251852036	-63	101	-63	101
9	"1"	"1"	7	FALSE	0	135	100	0	0	-395.979797464	395.979797464	0.522219896317	-83	116	-83	116
9	"1"	"1"	7	FALSE	0	135	100	0	0	-395.979797464	395.979797464	0.555908918381	-105	133	-105	133
9	"1"	"1"	7	FALSE	0	135	100	0	0	-395.979797464	395.979797464	0.589398860931	-130	150	-130	150
9	"1"	"1"	7	FALSE	0	135	100	0	0	-395.979797464	395.979797464	0.622708797455	-151	164	-151	164
9	"1"	"1"	7	FALSE	0	135	100	0	0	-395.979797464	395.979797464	0.656093835831	-178	183	-178	183
9	"1"	"1"	7	FALSE	0	135	100	0	0	-395.979797464	395.979797464	0.689448833466	-204	197	-204	197
9	"1"	"1"	7	FALSE	0	135	100	0	0	-395.979797464	395.979797464	0.722639799118	-229	213	-229	213
9	"1"	"1"	7	FALSE	0	135	100	0	0	-395.979797464	395.979797464	0.756130933762	-253	231	-253	231
9	"1"	"1"	7	FALSE	0	135	100	0	0	-395.979797464	395.979797464	0.789495944977	-273	248	-273	248
9	"1"	"1"	7	FALSE	0	135	100	0	0	-395.979797464	395.979797464	0.822680950165	-296	267	-296	267
9	"1"	"1"	7	FALSE	0	135	100	0	0	-395.979797464	395.979797464	0.856112957001	-308	278	-308	278
9	"1"	"1"	7	FALSE	0	135	100	0	0	-395.979797464	395.979797464	0.889518976212	-322	291	-322	291
9	"1"	"1"	7	FALSE	0	135	100	0	0	-395.979797464	395.979797464	0.922293901443	-332	303	-332	303
9	"1"	"1"	7	FALSE	0	135	100	0	0	-395.979797464	395.979797464	0.956343889236	-340	312	-340	312
9	"1"	"1"	7	FALSE	0	135	100	0	0	-395.979797464	395.979797464	0.989630937576	-345	320	-345	320
9	"1"	"1"	7	FALSE	0	135	100	0	0	-395.979797464	395.979797464	1.02300596237	-347	328	-347	328
9	"1"	"1"	7	FALSE	0	135	100	0	0	-395.979797464	395.979797464	1.05630993843	-350	335	-350	335
9	"1"	"1"	7	FALSE	0	135	100	0	0	-395.979797464	395.979797464	1.08966684341	-352	343	-352	343
9	"1"	"1"	7	FALSE	0	135	100	0	0	-395.979797464	395.979797464	1.12289190292	-356	350	-356	350
9	"1"	"1"	7	FALSE	0	135	100	0	0	-395.979797464	395.979797464	1.15645384789	-361	358	-361	358
9	"1"	"1"	7	FALSE	0	135	100	0	0	-395.979797464	395.979797464	1.18960499763	-366	366	-366	366
9	"1"	"1"	7	FALSE	0	135	100	0	0	-395.979797464	395.979797464	1.22317099571	-373	375	-373	375
9	"1"	"1"	7	FALSE	0	135	100	0	0	-395.979797464	395.979797464	1.25650882721	-379	382	-379	382
9	"1"	"1"	7	FALSE	0	135	100	0	0	-395.979797464	395.979797464	1.28983283043	-385	387	-385	387
9	"1"	"1"	7	FALSE	0	135	100	0	0	-395.979797464	395.979797464	1.32329487801	-390	391	-390	391
9	"1"	"1"	7	FALSE	0	135	100	0	0	-395.979797464	395.979797464	1.35650897026	-393	394	-393	394
9	"1"	"1"	7	FALSE	0	135	100	0	0	-395.979797464	395.979797464	1.38991498947	-394	396	-394	396
9	"1"	"1"	8	FALSE	0	45	100	0	0	395.979797464	395.979797464	0.00218605995178	-6	-5	-6	-5
9	"1"	"1"	8	FALSE	0	45	100	0	0	395.979797464	395.979797464	0.0218780040741	-6	-5	-6	-5
9	"1"	"1"	8	FALSE	0	45	100	0	0	395.979797464	395.979797464	0.0555031299591	-6	-5	-6	-5
9	"1"	"1"	8	FALSE	0	45	100	0	0	395.979797464	395.979797464	0.0888769626617	-6	-5	-6	-5
9	"1"	"1"	8	FALSE	0	45	100	0	0	395.979797464	395.979797464	0.1221139431	-6	-5	-6	-5
9	"1"	"1"	8	FALSE	0	45	100	0	0	395.979797464	395.979797464	0.155465126038	-6	-5	-6	-5
9	"1"	"1"	8	FALSE	0	45	100	0	0	395.979797464	395.979797464	0.188887119293	-6	-5	-6	-5
9	"1"	"1"	8	FALSE	0	45	100	0	0	395.979797464	395.979797464	0.222310066223	-6	-5	-6	-5
9	"1"	"1"	8	FALSE	0	45	100	0	0	395.979797464	395.979797464	0.255551099777	-6	-5	-6	-5
9	"1"	"1"	8	FALSE	0	45	100	0	0	395.979797464	395.979797464	0.289026021957	-5	-4	-5	-4
9	"1"	"1"	8	FALSE	0	45	100	0	0	395.979797464	395.979797464	0.322432041168	-3	-1	-3	-1
9	"1"	"1"	8	FALSE	0	45	100	0	0	395.979797464	395.979797464	0.355799913406	6	9	6	9
9	"1"	"1"	8	FALSE	0	45	100	0	0	395.979797464	395.979797464	0.389132976532	19	23	19	23
9	"1"	"1"	8	FALSE	0	45	100	0	0	395.979797464	395.979797464	0.422380924225	35	38	35	38
9	"1"	"1"	8	FALSE	0	45	100	0	0	395.979797464	395.979797464	0.455831050873	62	64	62	64
9	"1"	"1"	8	FALSE	0	45	100	0	0	395.979797464	395.979797464	0.489234924316	89	89	89	89
9	"1"	"1"	8	FALSE	0	45	100	0	0	395.979797464	395.979797464	0.522539138794	113	111	113	111
9	"1"	"1"	8	FALSE	0	45	100	0	0	395.979797464	395.979797464	0.555963039398	142	143	142	143
9	"1"	"1"	8	FALSE	0	45	100	0	0	395.979797464	395.979797464	0.5893471241	172	167	172	167
9	"1"	"1"	8	FALSE	0	45	100	0	0	395.979797464	395.979797464	0.622695922852	199	195	199	195
9	"1"	"1"	8	FALSE	0	45	100	0	0	395.979797464	395.979797464	0.655961036682	220	217	220	217
9	"1"	"1"	8	FALSE	0	45	100	0	0	395.979797464	395.979797464	0.689449071884	243	242	243	242
9	"1"	"1"	8	FALSE	0	45	100	0	0	395.979797464	395.979797464	0.722762107849	264	265	264	265
9	"1"	"1"	8	FALSE	0	45	100	0	0	395.979797464	395.979797464	0.756147146225	281	283	281	283
9	"1"	"1"	8	FALSE	0	45	100	0	0	395.979797464	395.979797464	0.789444923401	299	301	299	301
9	"1"	"1"	8	FALSE	0	45	100	0	0	395.979797464	395.979797464	0.822139024734	313	314	313	314
9	"1"	"1"	8	FALSE	0	45	100	0	0	395.979797464	395.979797464	0.856069087982	326	327	326	327
9	"1"	"1"	8	FALSE	0	45	100	0	0	395.979797464	395.979797464	0.889594078064	337	336	337	336
9	"1"	"1"	8	FALSE	0	45	100	0	0	395.979797464	395.979797464	0.922740936279	347	344	347	344
9	"1"	"1"	8	FALSE	0	45	100	0	0	395.979797464	395.979797464	0.956327915192	354	350	354	350
9	"1"	"1"	8	FALSE	0	45	100	0	0	395.979797464	395.979797464	0.989599943161	358	355	358	355
9	"1"	"1"	8	FALSE	0	45	100	0	0	395.979797464	395.979797464	1.0230281353	363	362	363	362
9	"1"	"1"	8	FALSE	0	45	100	0	0	395.979797464	395.979797464	1.05632901192	369	368	369	368
9	"1"	"1"	8	FALSE	0	45	100	0	0	395.979797464	395.979797464	1.0896730423	372	373	372	373
9	"1"	"1"	8	FALSE	0	45	100	0	0	395.979797464	395.979797464	1.12308096886	377	380	377	380
9	"1"	"1"	8	FALSE	0	45	100	0	0	395.979797464	395.979797464	1.15641593933	381	383	381	383
9	"1"	"1"	8	FALSE	0	45	100	0	0	395.979797464	395.979797464	1.18965101242	383	385	383	385
9	"1"	"1"	8	FALSE	0	45	100	0	0	395.979797464	395.979797464	1.22310614586	384	386	384	386
9	"1"	"1"	8	FALSE	0	45	100	0	0	395.979797464	395.979797464	1.25629210472	384	386	384	386
9	"1"	"1"	8	FALSE	0	45	100	0	0	395.979797464	395.979797464	1.28978300095	384	386	384	386
9	"1"	"1"	8	FALSE	0	45	100	0	0	395.979797464	395.979797464	1.3231151104	384	386	384	386
9	"1"	"1"	8	FALSE	0	45	100	0	0	395.979797464	395.979797464	1.35582113266	386	389	386	389
9	"1"	"1"	8	FALSE	0	45	100	0	0	395.979797464	395.979797464	1.38977003098	387	390	387	390
9	"1"	"1"	9	FALSE	0	90	100	0	0	3.42901103761e-14	560	0.00200295448303	-5	-6	-5	-6
9	"1"	"1"	9	FALSE	0	90	100	0	0	3.42901103761e-14	560	0.0224750041962	-5	-6	-5	-6
9	"1"	"1"	9	FALSE	0	90	100	0	0	3.42901103761e-14	560	0.0559091567993	-5	-6	-5	-6
9	"1"	"1"	9	FALSE	0	90	100	0	0	3.42901103761e-14	560	0.0890009403229	-5	-6	-5	-6
9	"1"	"1"	9	FALSE	0	90	100	0	0	3.42901103761e-14	560	0.122388124466	-5	-5	-5	-5
9	"1"	"1"	9	FALSE	0	90	100	0	0	3.42901103761e-14	560	0.155974149704	-5	-5	-5	-5
9	"1"	"1"	9	FALSE	0	90	100	0	0	3.42901103761e-14	560	0.189412117004	-5	-5	-5	-5
9	"1"	"1"	9	FALSE	0	90	100	0	0	3.42901103761e-14	560	0.222672939301	-5	-5	-5	-5
9	"1"	"1"	9	FALSE	0	90	100	0	0	3.42901103761e-14	560	0.255872964859	-5	-5	-5	-5
9	"1"	"1"	9	FALSE	0	90	100	0	0	3.42901103761e-14	560	0.289311170578	-5	-5	-5	-5
9	"1"	"1"	9	FALSE	0	90	100	0	0	3.42901103761e-14	560	0.32243514061	-5	-5	-5	-5
9	"1"	"1"	9	FALSE	0	90	100	0	0	3.42901103761e-14	560	0.356203079224	-5	-4	-5	-4
9	"1"	"1"	9	FALSE	0	90	100	0	0	3.42901103761e-14	560	0.389577150345	-9	6	-9	6
9	"1"	"1"	9	FALSE	0	90	100	0	0	3.42901103761e-14	560	0.422964096069	-12	25	-12	25
9	"1"	"1"	9	FALSE	0	90	100	0	0	3.42901103761e-14	560	0.456218004227	-15	54	-15	54
9	"1"	"1"	9	FALSE	0	90	100	0	0	3.42901103761e-14	560	0.489562988281	-15	79	-15	79
9	"1"	"1"	9	FALSE	0	90	100	0	0	3.42901103761e-14	560	0.523046970367	-16	109	-16	109
9	"1"	"1"	9	FALSE	0	90	100	0	0	3.42901103761e-14	560	0.556326150894	-16	136	-16	136
9	"1"	"1"	9	FALSE	0	90	100	0	0	3.42901103761e-14	560	0.589663028717	-15	161	-15	161
9	"1"	"1"	9	FALSE	0	90	100	0	0	3.42901103761e-14	560	0.623100042343	-14	190	-14	190
9	"1"	"1"	9	FALSE	0	90	100	0	0	3.42901103761e-14	560	0.656363010406	-12	219	-12	219
9	"1"	"1"	9	FALSE	0	90	100	0	0	3.42901103761e-14	560	0.689471960068	-10	245	-10	245
9	"1"	"1"	9	FALSE	0	90	100	0	0	3.42901103761e-14	560	0.723034143448	-7	277	-7	277
9	"1"	"1"	9	FALSE	0	90	100	0	0	3.42901103761e-14	560	0.756562948227	-3	307	-3	307
9	"1"	"1"	9	FALSE	0	90	100	0	0	3.42901103761e-14	560	0.789920091629	0	339	0	339
9	"1"	"1"	9	FALSE	0	90	100	0	0	3.42901103761e-14	560	0.823275089264	3	367	3	367
9	"1"	"1"	9	FALSE	0	90	100	0	0	3.42901103761e-14	560	0.856585979462	4	395	4	395
9	"1"	"1"	9	FALSE	0	90	100	0	0	3.42901103761e-14	560	0.88987493515	3	420	3	420
9	"1"	"1"	9	FALSE	0	90	100	0	0	3.42901103761e-14	560	0.923212051392	3	438	3	438
9	"1"	"1"	9	FALSE	0	90	100	0	0	3.42901103761e-14	560	0.956563949585	3	453	3	453
9	"1"	"1"	9	FALSE	0	90	100	0	0	3.42901103761e-14	560	0.989772081375	4	470	4	470
9	"1"	"1"	9	FALSE	0	90	100	0	0	3.42901103761e-14	560	1.02339196205	5	485	5	485
9	"1"	"1"	9	FALSE	0	90	100	0	0	3.42901103761e-14	560	1.05669593811	6	496	6	496
9	"1"	"1"	9	FALSE	0	90	100	0	0	3.42901103761e-14	560	1.08994603157	7	509	7	509
9	"1"	"1"	9	FALSE	0	90	100	0	0	3.42901103761e-14	560	1.12345695496	8	520	8	520
9	"1"	"1"	9	FALSE	0	90	100	0	0	3.42901103761e-14	560	1.15679597855	9	528	9	528
9	"1"	"1"	9	FALSE	0	90	100	0	0	3.42901103761e-14	560	1.19012093544	9	536	9	536
9	"1"	"1"	9	FALSE	0	90	100	0	0	3.42901103761e-14	560	1.22346997261	9	543	9	543
9	"1"	"1"	9	FALSE	0	90	100	0	0	3.42901103761e-14	560	1.25683808327	8	549	8	549
9	"1"	"1"	9	FALSE	0	90	100	0	0	3.42901103761e-14	560	1.29020500183	7	553	7	553
9	"1"	"1"	9	FALSE	0	90	100	0	0	3.42901103761e-14	560	1.32357215881	6	557	6	557
9	"1"	"1"	9	FALSE	0	90	100	0	0	3.42901103761e-14	560	1.35697412491	5	560	5	560
9	"1"	"1"	9	FALSE	0	90	100	0	0	3.42901103761e-14	560	1.39030694962	4	561	4	561
9	"1"	"1"	9	FALSE	0	90	100	0	0	3.42901103761e-14	560	1.42341208458	3	563	3	563
9	"1"	"1"	9	FALSE	0	90	100	0	0	3.42901103761e-14	560	1.45683598518	3	565	3	565
9	"1"	"1"	10	FALSE	0	90	100	0	0	3.42901103761e-14	560	0.00201606750488	4	3	4	3
9	"1"	"1"	10	FALSE	0	90	100	0	0	3.42901103761e-14	560	0.0212149620056	4	4	4	4
9	"1"	"1"	10	FALSE	0	90	100	0	0	3.42901103761e-14	560	0.0551309585571	4	4	4	4
9	"1"	"1"	10	FALSE	0	90	100	0	0	3.42901103761e-14	560	0.0885560512543	4	4	4	4
9	"1"	"1"	10	FALSE	0	90	100	0	0	3.42901103761e-14	560	0.121976137161	4	4	4	4
9	"1"	"1"	10	FALSE	0	90	100	0	0	3.42901103761e-14	560	0.155249118805	4	4	4	4
9	"1"	"1"	10	FALSE	0	90	100	0	0	3.42901103761e-14	560	0.1885201931	4	4	4	4
9	"1"	"1"	10	FALSE	0	90	100	0	0	3.42901103761e-14	560	0.221817016602	4	4	4	4
9	"1"	"1"	10	FALSE	0	90	100	0	0	3.42901103761e-14	560	0.255262136459	4	3	4	3
9	"1"	"1"	10	FALSE	0	90	100	0	0	3.42901103761e-14	560	0.288717985153	4	3	4	3
9	"1"	"1"	10	FALSE	0	90	100	0	0	3.42901103761e-14	560	0.322111129761	4	4	4	4
9	"1"	"1"	10	FALSE	0	90	100	0	0	3.42901103761e-14	560	0.35541510582	3	6	3	6
9	"1"	"1"	10	FALSE	0	90	100	0	0	3.42901103761e-14	560	0.388822078705	2	19	2	19
9	"1"	"1"	10	FALSE	0	90	100	0	0	3.42901103761e-14	560	0.422146081924	0	45	0	45
9	"1"	"1"	10	FALSE	0	90	100	0	0	3.42901103761e-14	560	0.455507993698	-2	69	-2	69
9	"1"	"1"	10	FALSE	0	90	100	0	0	3.42901103761e-14	560	0.488290071487	-3	99	-3	99
9	"1"	"1"	10	FALSE	0	90	100	0	0	3.42901103761e-14	560	0.522188186646	-4	123	-4	123
9	"1"	"1"	10	FALSE	0	90	100	0	0	3.42901103761e-14	560	0.555454015732	-2	152	-2	152
9	"1"	"1"	10	FALSE	0	90	100	0	0	3.42901103761e-14	560	0.588790178299	1	180	1	180
9	"1"	"1"	10	FALSE	0	90	100	0	0	3.42901103761e-14	560	0.621670007706	3	208	3	208
9	"1"	"1"	10	FALSE	0	90	100	0	0	3.42901103761e-14	560	0.655683040619	5	236	5	236
9	"1"	"1"	10	FALSE	0	90	100	0	0	3.42901103761e-14	560	0.688739061356	6	259	6	259
9	"1"	"1"	10	FALSE	0	90	100	0	0	3.42901103761e-14	560	0.722362995148	7	286	7	286
9	"1"	"1"	10	FALSE	0	90	100	0	0	3.42901103761e-14	560	0.755722999573	7	309	7	309
9	"1"	"1"	10	FALSE	0	90	100	0	0	3.42901103761e-14	560	0.788714170456	7	338	7	338
9	"1"	"1"	10	FALSE	0	90	100	0	0	3.42901103761e-14	560	0.822416067123	7	368	7	368
9	"1"	"1"	10	FALSE	0	90	100	0	0	3.42901103761e-14	560	0.855739116669	5	397	5	397
9	"1"	"1"	10	FALSE	0	90	100	0	0	3.42901103761e-14	560	0.888637065887	0	423	0	423
9	"1"	"1"	10	FALSE	0	90	100	0	0	3.42901103761e-14	560	0.922455072403	-2	442	-2	442
9	"1"	"1"	10	FALSE	0	90	100	0	0	3.42901103761e-14	560	0.955886125565	-2	462	-2	462
9	"1"	"1"	10	FALSE	0	90	100	0	0	3.42901103761e-14	560	0.989202022552	-1	476	-1	476
9	"1"	"1"	10	FALSE	0	90	100	0	0	3.42901103761e-14	560	1.02217912674	1	488	1	488
9	"1"	"1"	10	FALSE	0	90	100	0	0	3.42901103761e-14	560	1.05602502823	4	500	4	500
9	"1"	"1"	10	FALSE	0	90	100	0	0	3.42901103761e-14	560	1.08932995796	6	508	6	508
9	"1"	"1"	10	FALSE	0	90	100	0	0	3.42901103761e-14	560	1.12268614769	7	518	7	518
9	"1"	"1"	10	FALSE	0	90	100	0	0	3.42901103761e-14	560	1.15603899956	8	524	8	524
9	"1"	"1"	10	FALSE	0	90	100	0	0	3.42901103761e-14	560	1.18873310089	8	531	8	531
9	"1"	"1"	10	FALSE	0	90	100	0	0	3.42901103761e-14	560	1.22258996964	8	538	8	538
9	"1"	"1"	10	FALSE	0	90	100	0	0	3.42901103761e-14	560	1.25599908829	9	543	9	543
9	"1"	"1"	10	FALSE	0	90	100	0	0	3.42901103761e-14	560	1.28894305229	8	550	8	550
9	"1"	"1"	10	FALSE	0	90	100	0	0	3.42901103761e-14	560	1.32284116745	8	555	8	555
9	"1"	"1"	10	FALSE	0	90	100	0	0	3.42901103761e-14	560	1.35622406006	7	560	7	560
9	"1"	"1"	10	FALSE	0	90	100	0	0	3.42901103761e-14	560	1.38955307007	6	563	6	563
9	"1"	"1"	10	FALSE	0	90	100	0	0	3.42901103761e-14	560	1.42278218269	5	565	5	565
9	"1"	"1"	11	FALSE	0	45	100	0	0	395.979797464	395.979797464	0.00195002555847	0	0	0	0
9	"1"	"1"	11	FALSE	0	45	100	0	0	395.979797464	395.979797464	0.0219330787659	0	0	0	0
9	"1"	"1"	11	FALSE	0	45	100	0	0	395.979797464	395.979797464	0.0552279949188	0	0	0	0
9	"1"	"1"	11	FALSE	0	45	100	0	0	395.979797464	395.979797464	0.0889689922333	0	0	0	0
9	"1"	"1"	11	FALSE	0	45	100	0	0	395.979797464	395.979797464	0.122328042984	0	0	0	0
9	"1"	"1"	11	FALSE	0	45	100	0	0	395.979797464	395.979797464	0.15554189682	0	0	0	0
9	"1"	"1"	11	FALSE	0	45	100	0	0	395.979797464	395.979797464	0.189073085785	0	0	0	0
9	"1"	"1"	11	FALSE	0	45	100	0	0	395.979797464	395.979797464	0.222429037094	0	0	0	0
9	"1"	"1"	11	FALSE	0	45	100	0	0	395.979797464	395.979797464	0.255781888962	0	0	0	0
9	"1"	"1"	11	FALSE	0	45	100	0	0	395.979797464	395.979797464	0.28878903389	1	1	1	1
9	"1"	"1"	11	FALSE	0	45	100	0	0	395.979797464	395.979797464	0.322465896606	3	3	3	3
9	"1"	"1"	11	FALSE	0	45	100	0	0	395.979797464	395.979797464	0.355885028839	10	10	10	10
9	"1"	"1"	11	FALSE	0	45	100	0	0	395.979797464	395.979797464	0.38861989975	23	22	23	22
9	"1"	"1"	11	FALSE	0	45	100	0	0	395.979797464	395.979797464	0.422602891922	47	42	47	42
9	"1"	"1"	11	FALSE	0	45	100	0	0	395.979797464	395.979797464	0.455843925476	71	62	71	62
9	"1"	"1"	11	FALSE	0	45	100	0	0	395.979797464	395.979797464	0.489008903503	101	88	101	88
9	"1"	"1"	11	FALSE	0	45	100	0	0	395.979797464	395.979797464	0.522732973099	133	117	133	117
9	"1"	"1"	11	FALSE	0	45	100	0	0	395.979797464	395.979797464	0.556021928787	160	143	160	143
9	"1"	"1"	11	FALSE	0	45	100	0	0	395.979797464	395.979797464	0.589242935181	191	173	191	173
9	"1"	"1"	11	FALSE	0	45	100	0	0	395.979797464	395.979797464	0.622268915176	220	204	220	204
9	"1"	"1"	11	FALSE	0	45	100	0	0	395.979797464	395.979797464	0.656020879745	242	228	242	228
9	"1"	"1"	11	FALSE	0	45	100	0	0	395.979797464	395.979797464	0.689431905746	264	259	264	259
9	"1"	"1"	11	FALSE	0	45	100	0	0	395.979797464	395.979797464	0.722712993622	283	280	283	280
9	"1"	"1"	11	FALSE	0	45	100	0	0	395.979797464	395.979797464	0.756157875061	301	304	301	304
9	"1"	"1"	11	FALSE	0	45	100	0	0	395.979797464	395.979797464	0.78891992569	315	323	315	323
9	"1"	"1"	11	FALSE	0	45	100	0	0	395.979797464	395.979797464	0.822860956192	326	338	326	338
9	"1"	"1"	11	FALSE	0	45	100	0	0	395.979797464	395.979797464	0.856222867966	338	353	338	353
9	"1"	"1"	11	FALSE	0	45	100	0	0	395.979797464	395.979797464	0.889189958572	347	367	347	367
9	"1"	"1"	11	FALSE	0	45	100	0	0	395.979797464	395.979797464	0.922899007797	355	381	355	381
9	"1"	"1"	11	FALSE	0	45	100	0	0	395.979797464	395.979797464	0.956248044968	363	393	363	393
9	"1"	"1"	11	FALSE	0	45	100	0	0	395.979797464	395.979797464	0.989778995514	371	401	371	401
9	"1"	"1"	11	FALSE	0	45	100	0	0	395.979797464	395.979797464	1.02304196358	379	406	379	406
9	"1"	"1"	11	FALSE	0	45	100	0	0	395.979797464	395.979797464	1.05637097359	385	408	385	408
9	"1"	"1"	11	FALSE	0	45	100	0	0	395.979797464	395.979797464	1.08979988098	390	409	390	409
9	"1"	"1"	11	FALSE	0	45	100	0	0	395.979797464	395.979797464	1.12308502197	392	410	392	410
9	"1"	"1"	11	FALSE	0	45	100	0	0	395.979797464	395.979797464	1.15604901314	392	410	392	410
9	"1"	"1"	11	FALSE	0	45	100	0	0	395.979797464	395.979797464	1.18977308273	392	410	392	410
9	"1"	"1"	11	FALSE	0	45	100	0	0	395.979797464	395.979797464	1.22318887711	392	410	392	410
9	"1"	"1"	11	FALSE	0	45	100	0	0	395.979797464	395.979797464	1.25643897057	392	410	392	410
9	"1"	"1"	11	FALSE	0	45	100	0	0	395.979797464	395.979797464	1.28984808922	392	410	392	410
9	"1"	"1"	11	FALSE	0	45	100	0	0	395.979797464	395.979797464	1.32315397263	392	410	392	410
9	"1"	"1"	11	FALSE	0	45	100	0	0	395.979797464	395.979797464	1.35592794418	392	410	392	410
9	"1"	"1"	11	FALSE	0	45	100	0	0	395.979797464	395.979797464	1.38992500305	392	410	392	410
9	"1"	"1"	11	FALSE	0	45	100	0	0	395.979797464	395.979797464	1.4232480526	392	410	392	410
9	"1"	"1"	11	FALSE	0	45	100	0	0	395.979797464	395.979797464	1.45649909973	392	410	392	410
9	"1"	"1"	11	FALSE	0	45	100	0	0	395.979797464	395.979797464	1.48935604095	392	407	392	407
9	"1"	"1"	11	FALSE	0	45	100	0	0	395.979797464	395.979797464	1.52349710464	392	405	392	405
9	"1"	"1"	12	FALSE	0	135	100	0	0	-395.979797464	395.979797464	0.00216794013977	1	-6	1	-6
9	"1"	"1"	12	FALSE	0	135	100	0	0	-395.979797464	395.979797464	0.0218958854675	1	-6	1	-6
9	"1"	"1"	12	FALSE	0	135	100	0	0	-395.979797464	395.979797464	0.055380821228	1	-6	1	-6
9	"1"	"1"	12	FALSE	0	135	100	0	0	-395.979797464	395.979797464	0.0886709690094	1	-6	1	-6
9	"1"	"1"	12	FALSE	0	135	100	0	0	-395.979797464	395.979797464	0.12205696106	1	-6	1	-6
9	"1"	"1"	12	FALSE	0	135	100	0	0	-395.979797464	395.979797464	0.154865980148	1	-6	1	-6
9	"1"	"1"	12	FALSE	0	135	100	0	0	-395.979797464	395.979797464	0.18891787529	1	-6	1	-6
9	"1"	"1"	12	FALSE	0	135	100	0	0	-395.979797464	395.979797464	0.222275018692	1	-6	1	-6
9	"1"	"1"	12	FALSE	0	135	100	0	0	-395.979797464	395.979797464	0.255613803864	0	-3	0	-3
9	"1"	"1"	12	FALSE	0	135	100	0	0	-395.979797464	395.979797464	0.288995981216	-4	2	-4	2
9	"1"	"1"	12	FALSE	0	135	100	0	0	-395.979797464	395.979797464	0.32230091095	-11	10	-11	10
9	"1"	"1"	12	FALSE	0	135	100	0	0	-395.979797464	395.979797464	0.355685949326	-23	22	-23	22
9	"1"	"1"	12	FALSE	0	135	100	0	0	-395.979797464	395.979797464	0.389048814774	-39	37	-39	37
9	"1"	"1"	12	FALSE	0	135	100	0	0	-395.979797464	395.979797464	0.4223279953	-53	51	-53	51
9	"1"	"1"	12	FALSE	0	135	100	0	0	-395.979797464	395.979797464	0.455113887787	-75	71	-75	71
9	"1"	"1"	12	FALSE	0	135	100	0	0	-395.979797464	395.979797464	0.489275932312	-97	87	-97	87
9	"1"	"1"	12	FALSE	0	135	100	0	0	-395.979797464	395.979797464	0.522476911545	-122	103	-122	103
9	"1"	"1"	12	FALSE	0	135	100	0	0	-395.979797464	395.979797464	0.555476903915	-143	116	-143	116
9	"1"	"1"	12	FALSE	0	135	100	0	0	-395.979797464	395.979797464	0.589106798172	-170	131	-170	131
9	"1"	"1"	12	FALSE	0	135	100	0	0	-395.979797464	395.979797464	0.621953010559	-195	147	-195	147
9	"1"	"1"	12	FALSE	0	135	100	0	0	-395.979797464	395.979797464	0.655933856964	-217	161	-217	161
9	"1"	"1"	12	FALSE	0	135	100	0	0	-395.979797464	395.979797464	0.68927192688	-240	177	-240	177
9	"1"	"1"	12	FALSE	0	135	100	0	0	-395.979797464	395.979797464	0.722273826599	-263	195	-263	195
9	"1"	"1"	12	FALSE	0	135	100	0	0	-395.979797464	395.979797464	0.755993843079	-280	217	-280	217
9	"1"	"1"	12	FALSE	0	135	100	0	0	-395.979797464	395.979797464	0.789291858673	-297	239	-297	239
9	"1"	"1"	12	FALSE	0	135	100	0	0	-395.979797464	395.979797464	0.822731971741	-313	262	-313	262
9	"1"	"1"	12	FALSE	0	135	100	0	0	-395.979797464	395.979797464	0.856161832809	-326	279	-326	279
9	"1"	"1"	12	FALSE	0	135	100	0	0	-395.979797464	395.979797464	0.888814926147	-336	292	-336	292
9	"1"	"1"	12	FALSE	0	135	100	0	0	-395.979797464	395.979797464	0.922821998596	-344	308	-344	308
9	"1"	"1"	12	FALSE	0	135	100	0	0	-395.979797464	395.979797464	0.956123828888	-351	322	-351	322
9	"1"	"1"	12	FALSE	0	135	100	0	0	-395.979797464	395.979797464	0.988852024078	-356	332	-356	332
9	"1"	"1"	12	FALSE	0	135	100	0	0	-395.979797464	395.979797464	1.02298688889	-362	342	-362	342
9	"1"	"1"	12	FALSE	0	135	100	0	0	-395.979797464	395.979797464	1.05622982979	-368	350	-368	350
9	"1"	"1"	12	FALSE	0	135	100	0	0	-395.979797464	395.979797464	1.08890390396	-374	358	-374	358
9	"1"	"1"	12	FALSE	0	135	100	0	0	-395.979797464	395.979797464	1.12296295166	-380	364	-380	364
9	"1"	"1"	12	FALSE	0	135	100	0	0	-395.979797464	395.979797464	1.15637588501	-386	370	-386	370
9	"1"	"1"	12	FALSE	0	135	100	0	0	-395.979797464	395.979797464	1.18950390816	-392	377	-392	377
9	"1"	"1"	12	FALSE	0	135	100	0	0	-395.979797464	395.979797464	1.22298002243	-396	382	-396	382
9	"1"	"1"	12	FALSE	0	135	100	0	0	-395.979797464	395.979797464	1.2562558651	-400	387	-400	387
9	"1"	"1"	12	FALSE	0	135	100	0	0	-395.979797464	395.979797464	1.28971195221	-403	391	-403	391
9	"1"	"1"	12	FALSE	0	135	100	0	0	-395.979797464	395.979797464	1.32310080528	-404	392	-404	392
9	"1"	"1"	13	FALSE	0	90	100	0	0	3.42901103761e-14	560	0.00205302238464	-2	7	-2	7
9	"1"	"1"	13	FALSE	0	90	100	0	0	3.42901103761e-14	560	0.0220198631287	-2	7	-2	7
9	"1"	"1"	13	FALSE	0	90	100	0	0	3.42901103761e-14	560	0.0554938316345	-2	6	-2	6
9	"1"	"1"	13	FALSE	0	90	100	0	0	3.42901103761e-14	560	0.0885870456696	-1	6	-1	6
9	"1"	"1"	13	FALSE	0	90	100	0	0	3.42901103761e-14	560	0.121886014938	-1	5	-1	5
9	"1"	"1"	13	FALSE	0	90	100	0	0	3.42901103761e-14	560	0.154960870743	0	4	0	4
9	"1"	"1"	13	FALSE	0	90	100	0	0	3.42901103761e-14	560	0.18891787529	0	4	0	4
9	"1"	"1"	13	FALSE	0	90	100	0	0	3.42901103761e-14	560	0.222309827805	0	4	0	4
9	"1"	"1"	13	FALSE	0	90	100	0	0	3.42901103761e-14	560	0.255683898926	0	4	0	4
9	"1"	"1"	13	FALSE	0	90	100	0	0	3.42901103761e-14	560	0.289000988007	0	4	0	4
9	"1"	"1"	13	FALSE	0	90	100	0	0	3.42901103761e-14	560	0.322288036346	-1	6	-1	6
9	"1"	"1"	13	FALSE	0	90	100	0	0	3.42901103761e-14	560	0.355664014816	-4	16	-4	16
9	"1"	"1"	13	FALSE	0	90	100	0	0	3.42901103761e-14	560	0.389180898666	-6	38	-6	38
9	"1"	"1"	13	FALSE	0	90	100	0	0	3.42901103761e-14	560	0.422480821609	-8	66	-8	66
9	"1"	"1"	13	FALSE	0	90	100	0	0	3.42901103761e-14	560	0.455804824829	-10	94	-10	94
9	"1"	"1"	13	FALSE	0	90	100	0	0	3.42901103761e-14	560	0.489243984222	-14	126	-14	126
9	"1"	"1"	13	FALSE	0	90	100	0	0	3.42901103761e-14	560	0.522169828415	-17	156	-17	156
9	"1"	"1"	13	FALSE	0	90	100	0	0	3.42901103761e-14	560	0.555697917938	-19	179	-19	179
9	"1"	"1"	13	FALSE	0	90	100	0	0	3.42901103761e-14	560	0.589347839355	-20	204	-20	204
9	"1"	"1"	13	FALSE	0	90	100	0	0	3.42901103761e-14	560	0.622654914856	-22	224	-22	224
9	"1"	"1"	13	FALSE	0	90	100	0	0	3.42901103761e-14	560	0.655879020691	-22	252	-22	252
9	"1"	"1"	13	FALSE	0	90	100	0	0	3.42901103761e-14	560	0.689368009567	-22	275	-22	275
9	"1"	"1"	13	FALSE	0	90	100	0	0	3.42901103761e-14	560	0.722755908966	-22	301	-22	301
9	"1"	"1"	13	FALSE	0	90	100	0	0	3.42901103761e-14	560	0.756083965302	-22	330	-22	330
9	"1"	"1"	13	FALSE	0	90	100	0	0	3.42901103761e-14	560	0.789455890656	-23	352	-23	352
9	"1"	"1"	13	FALSE	0	90	100	0	0	3.42901103761e-14	560	0.822135925293	-23	377	-23	377
9	"1"	"1"	13	FALSE	0	90	100	0	0	3.42901103761e-14	560	0.856128931046	-23	399	-23	399
9	"1"	"1"	13	FALSE	0	90	100	0	0	3.42901103761e-14	560	0.889530897141	-23	420	-23	420
9	"1"	"1"	13	FALSE	0	90	100	0	0	3.42901103761e-14	560	0.922705888748	-22	443	-22	443
9	"1"	"1"	13	FALSE	0	90	100	0	0	3.42901103761e-14	560	0.956259965897	-23	462	-23	462
9	"1"	"1"	13	FALSE	0	90	100	0	0	3.42901103761e-14	560	0.989634990692	-24	477	-24	477
9	"1"	"1"	13	FALSE	0	90	100	0	0	3.42901103761e-14	560	1.02262496948	-24	490	-24	490
9	"1"	"1"	13	FALSE	0	90	100	0	0	3.42901103761e-14	560	1.05634093285	-23	502	-23	502
9	"1"	"1"	13	FALSE	0	90	100	0	0	3.42901103761e-14	560	1.08964681625	-21	510	-21	510
9	"1"	"1"	13	FALSE	0	90	100	0	0	3.42901103761e-14	560	1.1224360466	-20	515	-20	515
9	"1"	"1"	13	FALSE	0	90	100	0	0	3.42901103761e-14	560	1.15636587143	-17	520	-17	520
9	"1"	"1"	13	FALSE	0	90	100	0	0	3.42901103761e-14	560	1.18978595734	-16	525	-16	525
9	"1"	"1"	13	FALSE	0	90	100	0	0	3.42901103761e-14	560	1.2231528759	-13	531	-13	531
9	"1"	"1"	13	FALSE	0	90	100	0	0	3.42901103761e-14	560	1.25631093979	-11	537	-11	537
9	"1"	"1"	13	FALSE	0	90	100	0	0	3.42901103761e-14	560	1.28975486755	-9	543	-9	543
9	"1"	"1"	13	FALSE	0	90	100	0	0	3.42901103761e-14	560	1.32321095467	-7	549	-7	549
9	"1"	"1"	13	FALSE	0	90	100	0	0	3.42901103761e-14	560	1.35655593872	-6	552	-6	552
9	"1"	"1"	13	FALSE	0	90	100	0	0	3.42901103761e-14	560	1.3899128437	-6	554	-6	554
9	"1"	"1"	14	FALSE	0	135	100	0	0	-395.979797464	395.979797464	0.00203514099121	-4	-7	-4	-7
9	"1"	"1"	14	FALSE	0	135	100	0	0	-395.979797464	395.979797464	0.0217339992523	-4	-7	-4	-7
9	"1"	"1"	14	FALSE	0	135	100	0	0	-395.979797464	395.979797464	0.0552799701691	-4	-7	-4	-7
9	"1"	"1"	14	FALSE	0	135	100	0	0	-395.979797464	395.979797464	0.0884289741516	-4	-7	-4	-7
9	"1"	"1"	14	FALSE	0	135	100	0	0	-395.979797464	395.979797464	0.122066020966	-4	-7	-4	-7
9	"1"	"1"	14	FALSE	0	135	100	0	0	-395.979797464	395.979797464	0.155436038971	-4	-7	-4	-7
9	"1"	"1"	14	FALSE	0	135	100	0	0	-395.979797464	395.979797464	0.188728094101	-4	-7	-4	-7
9	"1"	"1"	14	FALSE	0	135	100	0	0	-395.979797464	395.979797464	0.222171068192	-4	-6	-4	-6
9	"1"	"1"	14	FALSE	0	135	100	0	0	-395.979797464	395.979797464	0.255526065826	-4	-5	-4	-5
9	"1"	"1"	14	FALSE	0	135	100	0	0	-395.979797464	395.979797464	0.288887023926	-4	-5	-4	-5
9	"1"	"1"	14	FALSE	0	135	100	0	0	-395.979797464	395.979797464	0.322088003159	-4	-5	-4	-5
9	"1"	"1"	14	FALSE	0	135	100	0	0	-395.979797464	395.979797464	0.355556964874	-6	-4	-6	-4
9	"1"	"1"	14	FALSE	0	135	100	0	0	-395.979797464	395.979797464	0.388904094696	-15	2	-15	2
9	"1"	"1"	14	FALSE	0	135	100	0	0	-395.979797464	395.979797464	0.422226190567	-29	12	-29	12
9	"1"	"1"	14	FALSE	0	135	100	0	0	-395.979797464	395.979797464	0.455630064011	-47	28	-47	28
9	"1"	"1"	14	FALSE	0	135	100	0	0	-395.979797464	395.979797464	0.488993167877	-72	52	-72	52
9	"1"	"1"	14	FALSE	0	135	100	0	0	-395.979797464	395.979797464	0.522449016571	-94	71	-94	71
9	"1"	"1"	14	FALSE	0	135	100	0	0	-395.979797464	395.979797464	0.555775165558	-123	89	-123	89
9	"1"	"1"	14	FALSE	0	135	100	0	0	-395.979797464	395.979797464	0.589089155197	-148	103	-148	103
9	"1"	"1"	14	FALSE	0	135	100	0	0	-395.979797464	395.979797464	0.622451066971	-176	120	-176	120
9	"1"	"1"	14	FALSE	0	135	100	0	0	-395.979797464	395.979797464	0.655734062195	-203	138	-203	138
9	"1"	"1"	14	FALSE	0	135	100	0	0	-395.979797464	395.979797464	0.689112186432	-226	155	-226	155
9	"1"	"1"	14	FALSE	0	135	100	0	0	-395.979797464	395.979797464	0.722613096237	-254	172	-254	172
9	"1"	"1"	14	FALSE	0	135	100	0	0	-395.979797464	395.979797464	0.755900144577	-271	188	-271	188
9	"1"	"1"	14	FALSE	0	135	100	0	0	-395.979797464	395.979797464	0.789313077927	-287	205	-287	205
9	"1"	"1"	14	FALSE	0	135	100	0	0	-395.979797464	395.979797464	0.82265496254	-304	226	-304	226
9	"1"	"1"	14	FALSE	0	135	100	0	0	-395.979797464	395.979797464	0.855993032455	-317	246	-317	246
9	"1"	"1"	14	FALSE	0	135	100	0	0	-395.979797464	395.979797464	0.889075040817	-329	268	-329	268
9	"1"	"1"	14	FALSE	0	135	100	0	0	-395.979797464	395.979797464	0.922618150711	-337	288	-337	288
9	"1"	"1"	14	FALSE	0	135	100	0	0	-395.979797464	395.979797464	0.95606803894	-346	314	-346	314
9	"1"	"1"	14	FALSE	0	135	100	0	0	-395.979797464	395.979797464	0.989475011826	-353	330	-353	330
9	"1"	"1"	14	FALSE	0	135	100	0	0	-395.979797464	395.979797464	1.02279114723	-360	345	-360	345
9	"1"	"1"	14	FALSE	0	135	100	0	0	-395.979797464	395.979797464	1.05603718758	-365	357	-365	357
9	"1"	"1"	14	FALSE	0	135	100	0	0	-395.979797464	395.979797464	1.08945417404	-369	364	-369	364
9	"1"	"1"	14	FALSE	0	135	100	0	0	-395.979797464	395.979797464	1.12287306786	-372	369	-372	369
9	"1"	"1"	14	FALSE	0	135	100	0	0	-395.979797464	395.979797464	1.15598917007	-373	372	-373	372
9	"1"	"1"	14	FALSE	0	135	100	0	0	-395.979797464	395.979797464	1.18962001801	-375	374	-375	374
9	"1"	"1"	14	FALSE	0	135	100	0	0	-395.979797464	395.979797464	1.22274017334	-377	377	-377	377
9	"1"	"1"	14	FALSE	0	135	100	0	0	-395.979797464	395.979797464	1.25620508194	-380	381	-380	381
9	"1"	"1"	14	FALSE	0	135	100	0	0	-395.979797464	395.979797464	1.28963112831	-383	386	-383	386
9	"1"	"1"	14	FALSE	0	135	100	0	0	-395.979797464	395.979797464	1.32295918465	-386	390	-386	390
9	"1"	"1"	14	FALSE	0	135	100	0	0	-395.979797464	395.979797464	1.35635614395	-389	395	-389	395
9	"1"	"1"	14	FALSE	0	135	100	0	0	-395.979797464	395.979797464	1.38972306252	-392	398	-392	398
9	"1"	"1"	14	FALSE	0	135	100	0	0	-395.979797464	395.979797464	1.42308402061	-393	400	-393	400
9	"1"	"1"	14	FALSE	0	135	100	0	0	-395.979797464	395.979797464	1.45649909973	-394	401	-394	401
9	"1"	"1"	15	FALSE	0	45	100	0	0	395.979797464	395.979797464	0.00209999084473	-3	2	-3	2
9	"1"	"1"	15	FALSE	0	45	100	0	0	395.979797464	395.979797464	0.0218851566315	-3	2	-3	2
9	"1"	"1"	15	FALSE	0	45	100	0	0	395.979797464	395.979797464	0.0553262233734	-3	2	-3	2
9	"1"	"1"	15	FALSE	0	45	100	0	0	395.979797464	395.979797464	0.0887041091919	-3	2	-3	2
9	"1"	"1"	15	FALSE	0	45	100	0	0	395.979797464	395.979797464	0.121867179871	-3	2	-3	2
9	"1"	"1"	15	FALSE	0	45	100	0	0	395.979797464	395.979797464	0.155358076096	-3	2	-3	2
9	"1"	"1"	15	FALSE	0	45	100	0	0	395.979797464	395.979797464	0.188705205917	-3	2	-3	2
9	"1"	"1"	15	FALSE	0	45	100	0	0	395.979797464	395.979797464	0.221940994263	-3	2	-3	2
9	"1"	"1"	15	FALSE	0	45	100	0	0	395.979797464	395.979797464	0.255280017853	-3	2	-3	2
9	"1"	"1"	15	FALSE	0	45	100	0	0	395.979797464	395.979797464	0.288727998734	-3	3	-3	3
9	"1"	"1"	15	FALSE	0	45	100	0	0	395.979797464	395.979797464	0.322324991226	-2	4	-2	4
9	"1"	"1"	15	FALSE	0	45	100	0	0	395.979797464	395.979797464	0.355559110641	4	12	4	12
9	"1"	"1"	15	FALSE	0	45	100	0	0	395.979797464	395.979797464	0.389018058777	17	26	17	26
9	"1"	"1"	15	FALSE	0	45	100	0	0	395.979797464	395.979797464	0.422383069992	34	45	34	45
9	"1"	"1"	15	FALSE	0	45	100	0	0	395.979797464	395.979797464	0.4555580616	56	68	56	68
9	"1"	"1"	15	FALSE	0	45	100	0	0	395.979797464	395.979797464	0.489019155502	81	93	81	93
9	"1"	"1"	15	FALSE	0	45	100	0	0	395.979797464	395.979797464	0.522420167923	108	121	108	121
9	"1"	"1"	15	FALSE	0	45	100	0	0	395.979797464	395.979797464	0.555525064468	130	144	130	144
9	"1"	"1"	15	FALSE	0	45	100	0	0	395.979797464	395.979797464	0.58908200264	153	170	153	170
9	"1"	"1"	15	FALSE	0	45	100	0	0	395.979797464	395.979797464	0.622505187988	174	195	174	195
9	"1"	"1"	15	FALSE	0	45	100	0	0	395.979797464	395.979797464	0.65528512001	195	217	195	217
9	"1"	"1"	15	FALSE	0	45	100	0	0	395.979797464	395.979797464	0.689024209976	210	235	210	235
9	"1"	"1"	15	FALSE	0	45	100	0	0	395.979797464	395.979797464	0.722508192062	226	253	226	253
9	"1"	"1"	15	FALSE	0	45	100	0	0	395.979797464	395.979797464	0.755825042725	249	275	249	275
9	"1"	"1"	15	FALSE	0	45	100	0	0	395.979797464	395.979797464	0.789316177368	267	290	267	290
9	"1"	"1"	15	FALSE	0	45	100	0	0	395.979797464	395.979797464	0.822590112686	289	306	289	306
9	"1"	"1"	15	FALSE	0	45	100	0	0	395.979797464	395.979797464	0.855937004089	312	322	312	322
9	"1"	"1"	15	FALSE	0	45	100	0	0	395.979797464	395.979797464	0.889267206192	336	338	336	338
9	"1"	"1"	15	FALSE	0	45	100	0	0	395.979797464	395.979797464	0.922738075256	355	350	355	350
9	"1"	"1"	15	FALSE	0	45	100	0	0	395.979797464	395.979797464	0.956055164337	376	363	376	363
9	"1"	"1"	15	FALSE	0	45	100	0	0	395.979797464	395.979797464	0.989239215851	395	374	395	374
9	"1"	"1"	15	FALSE	0	45	100	0	0	395.979797464	395.979797464	1.02269005775	407	381	407	381
9	"1"	"1"	15	FALSE	0	45	100	0	0	395.979797464	395.979797464	1.05598115921	418	388	418	388
9	"1"	"1"	15	FALSE	0	45	100	0	0	395.979797464	395.979797464	1.08951807022	422	391	422	391
9	"1"	"1"	15	FALSE	0	45	100	0	0	395.979797464	395.979797464	1.12285113335	422	391	422	391
9	"1"	"1"	15	FALSE	0	45	100	0	0	395.979797464	395.979797464	1.15631008148	421	393	421	393
9	"1"	"1"	15	FALSE	0	45	100	0	0	395.979797464	395.979797464	1.1895840168	418	396	418	396
9	"1"	"1"	15	FALSE	0	45	100	0	0	395.979797464	395.979797464	1.22278213501	415	399	415	399
9	"1"	"1"	15	FALSE	0	45	100	0	0	395.979797464	395.979797464	1.25636720657	414	400	414	400
9	"1"	"1"	15	FALSE	0	45	100	0	0	395.979797464	395.979797464	1.28965306282	412	401	412	401
9	"1"	"1"	15	FALSE	0	45	100	0	0	395.979797464	395.979797464	1.32297420502	410	401	410	401
9	"1"	"1"	15	FALSE	0	45	100	0	0	395.979797464	395.979797464	1.35612106323	406	400	406	400
9	"1"	"1"	15	FALSE	0	45	100	0	0	395.979797464	395.979797464	1.38975000381	399	396	399	396
9	"1"	"1"	15	FALSE	0	45	100	0	0	395.979797464	395.979797464	1.42294120789	394	392	394	392
9	"1"	"1"	15	FALSE	0	45	100	0	0	395.979797464	395.979797464	1.45620203018	392	392	392	392
9	"1"	"1"	16	FALSE	0	135	100	0	0	-395.979797464	395.979797464	0.00207591056824	-1	-4	-1	-4
9	"1"	"1"	16	FALSE	0	135	100	0	0	-395.979797464	395.979797464	0.0379149913788	-1	-4	-1	-4
9	"1"	"1"	16	FALSE	0	135	100	0	0	-395.979797464	395.979797464	0.0713620185852	-1	-4	-1	-4
9	"1"	"1"	16	FALSE	0	135	100	0	0	-395.979797464	395.979797464	0.104396820068	-1	-4	-1	-4
9	"1"	"1"	16	FALSE	0	135	100	0	0	-395.979797464	395.979797464	0.137938976288	-1	-4	-1	-4
9	"1"	"1"	16	FALSE	0	135	100	0	0	-395.979797464	395.979797464	0.171144962311	-1	-4	-1	-4
9	"1"	"1"	16	FALSE	0	135	100	0	0	-395.979797464	395.979797464	0.204072952271	-1	-4	-1	-4
9	"1"	"1"	16	FALSE	0	135	100	0	0	-395.979797464	395.979797464	0.237919807434	-1	-4	-1	-4
9	"1"	"1"	16	FALSE	0	135	100	0	0	-395.979797464	395.979797464	0.271377801895	-1	-4	-1	-4
9	"1"	"1"	16	FALSE	0	135	100	0	0	-395.979797464	395.979797464	0.304145812988	-1	-4	-1	-4
9	"1"	"1"	16	FALSE	0	135	100	0	0	-395.979797464	395.979797464	0.338264942169	-2	-2	-2	-2
9	"1"	"1"	16	FALSE	0	135	100	0	0	-395.979797464	395.979797464	0.371568918228	-4	5	-4	5
9	"1"	"1"	16	FALSE	0	135	100	0	0	-395.979797464	395.979797464	0.404528856277	-9	15	-9	15
9	"1"	"1"	16	FALSE	0	135	100	0	0	-395.979797464	395.979797464	0.438305854797	-19	33	-19	33
9	"1"	"1"	16	FALSE	0	135	100	0	0	-395.979797464	395.979797464	0.471642971039	-35	60	-35	60
9	"1"	"1"	16	FALSE	0	135	100	0	0	-395.979797464	395.979797464	0.504692792892	-48	80	-48	80
9	"1"	"1"	16	FALSE	0	135	100	0	0	-395.979797464	395.979797464	0.538208961487	-68	106	-68	106
9	"1"	"1"	16	FALSE	0	135	100	0	0	-395.979797464	395.979797464	0.571720838547	-90	123	-90	123
9	"1"	"1"	16	FALSE	0	135	100	0	0	-395.979797464	395.979797464	0.604726791382	-116	142	-116	142
9	"1"	"1"	16	FALSE	0	135	100	0	0	-395.979797464	395.979797464	0.638410806656	-138	157	-138	157
9	"1"	"1"	16	FALSE	0	135	100	0	0	-395.979797464	395.979797464	0.671799898148	-165	175	-165	175
9	"1"	"1"	16	FALSE	0	135	100	0	0	-395.979797464	395.979797464	0.705078840256	-191	194	-191	194
9	"1"	"1"	16	FALSE	0	135	100	0	0	-395.979797464	395.979797464	0.738535881042	-211	211	-211	211
9	"1"	"1"	16	FALSE	0	135	100	0	0	-395.979797464	395.979797464	0.771904945374	-232	230	-232	230
9	"1"	"1"	16	FALSE	0	135	100	0	0	-395.979797464	395.979797464	0.805154800415	-247	246	-247	246
9	"1"	"1"	16	FALSE	0	135	100	0	0	-395.979797464	395.979797464	0.838045835495	-263	266	-263	266
9	"1"	"1"	16	FALSE	0	135	100	0	0	-395.979797464	395.979797464	0.871805906296	-281	288	-281	288
9	"1"	"1"	16	FALSE	0	135	100	0	0	-395.979797464	395.979797464	0.905314922333	-292	300	-292	300
9	"1"	"1"	16	FALSE	0	135	100	0	0	-395.979797464	395.979797464	0.938682794571	-309	315	-309	315
9	"1"	"1"	16	FALSE	0	135	100	0	0	-395.979797464	395.979797464	0.972054958344	-321	325	-321	325
9	"1"	"1"	16	FALSE	0	135	100	0	0	-395.979797464	395.979797464	1.00527501106	-333	334	-333	334
9	"1"	"1"	16	FALSE	0	135	100	0	0	-395.979797464	395.979797464	1.03869390488	-343	341	-343	341
9	"1"	"1"	16	FALSE	0	135	100	0	0	-395.979797464	395.979797464	1.07183480263	-350	347	-350	347
9	"1"	"1"	16	FALSE	0	135	100	0	0	-395.979797464	395.979797464	1.10547089577	-358	354	-358	354
9	"1"	"1"	16	FALSE	0	135	100	0	0	-395.979797464	395.979797464	1.13881897926	-364	360	-364	360
9	"1"	"1"	16	FALSE	0	135	100	0	0	-395.979797464	395.979797464	1.17218399048	-370	365	-370	365
9	"1"	"1"	16	FALSE	0	135	100	0	0	-395.979797464	395.979797464	1.20554685593	-375	370	-375	370
9	"1"	"1"	16	FALSE	0	135	100	0	0	-395.979797464	395.979797464	1.23897981644	-380	374	-380	374
9	"1"	"1"	16	FALSE	0	135	100	0	0	-395.979797464	395.979797464	1.27229380608	-384	380	-384	380
9	"1"	"1"	16	FALSE	0	135	100	0	0	-395.979797464	395.979797464	1.30561900139	-388	386	-388	386
9	"1"	"1"	16	FALSE	0	135	100	0	0	-395.979797464	395.979797464	1.33899188042	-392	391	-392	391
9	"1"	"1"	16	FALSE	0	135	100	0	0	-395.979797464	395.979797464	1.37234091759	-394	394	-394	394
9	"1"	"1"	16	FALSE	0	135	100	0	0	-395.979797464	395.979797464	1.40573692322	-396	395	-396	395
9	"1"	"1"	16	FALSE	0	135	100	0	0	-395.979797464	395.979797464	1.43871378899	-397	396	-397	396
9	"1"	"1"	17	FALSE	0	45	100	0	0	395.979797464	395.979797464	0.00195908546448	-3	-5	-3	-5
9	"1"	"1"	17	FALSE	0	45	100	0	0	395.979797464	395.979797464	0.0220880508423	-3	-5	-3	-5
9	"1"	"1"	17	FALSE	0	45	100	0	0	395.979797464	395.979797464	0.0554900169373	-3	-5	-3	-5
9	"1"	"1"	17	FALSE	0	45	100	0	0	395.979797464	395.979797464	0.0889749526978	-3	-5	-3	-5
9	"1"	"1"	17	FALSE	0	45	100	0	0	395.979797464	395.979797464	0.122239112854	-3	-5	-3	-5
9	"1"	"1"	17	FALSE	0	45	100	0	0	395.979797464	395.979797464	0.155585050583	-3	-5	-3	-5
9	"1"	"1"	17	FALSE	0	45	100	0	0	395.979797464	395.979797464	0.188481092453	-3	-5	-3	-5
9	"1"	"1"	17	FALSE	0	45	100	0	0	395.979797464	395.979797464	0.222551107407	-3	-5	-3	-5
9	"1"	"1"	17	FALSE	0	45	100	0	0	395.979797464	395.979797464	0.255943059921	-3	-5	-3	-5
9	"1"	"1"	17	FALSE	0	45	100	0	0	395.979797464	395.979797464	0.288903951645	-2	-4	-2	-4
9	"1"	"1"	17	FALSE	0	45	100	0	0	395.979797464	395.979797464	0.32276892662	3	4	3	4
9	"1"	"1"	17	FALSE	0	45	100	0	0	395.979797464	395.979797464	0.355914115906	15	17	15	17
9	"1"	"1"	17	FALSE	0	45	100	0	0	395.979797464	395.979797464	0.389282941818	30	35	30	35
9	"1"	"1"	17	FALSE	0	45	100	0	0	395.979797464	395.979797464	0.422389984131	55	65	55	65
9	"1"	"1"	17	FALSE	0	45	100	0	0	395.979797464	395.979797464	0.455909967422	85	97	85	97
9	"1"	"1"	17	FALSE	0	45	100	0	0	395.979797464	395.979797464	0.488836050034	115	126	115	126
9	"1"	"1"	17	FALSE	0	45	100	0	0	395.979797464	395.979797464	0.522850990295	149	158	149	158
9	"1"	"1"	17	FALSE	0	45	100	0	0	395.979797464	395.979797464	0.555958986282	181	189	181	189
9	"1"	"1"	17	FALSE	0	45	100	0	0	395.979797464	395.979797464	0.589200019836	206	216	206	216
9	"1"	"1"	17	FALSE	0	45	100	0	0	395.979797464	395.979797464	0.622714042664	232	236	232	236
9	"1"	"1"	17	FALSE	0	45	100	0	0	395.979797464	395.979797464	0.655474901199	255	257	255	257
9	"1"	"1"	17	FALSE	0	45	100	0	0	395.979797464	395.979797464	0.689610958099	273	274	273	274
9	"1"	"1"	17	FALSE	0	45	100	0	0	395.979797464	395.979797464	0.722892045975	286	287	286	287
9	"1"	"1"	17	FALSE	0	45	100	0	0	395.979797464	395.979797464	0.756236076355	303	303	303	303
9	"1"	"1"	17	FALSE	0	45	100	0	0	395.979797464	395.979797464	0.789503097534	319	318	319	318
9	"1"	"1"	17	FALSE	0	45	100	0	0	395.979797464	395.979797464	0.823024988174	333	332	333	332
9	"1"	"1"	17	FALSE	0	45	100	0	0	395.979797464	395.979797464	0.856287002563	349	346	349	346
9	"1"	"1"	17	FALSE	0	45	100	0	0	395.979797464	395.979797464	0.889719963074	363	358	363	358
9	"1"	"1"	17	FALSE	0	45	100	0	0	395.979797464	395.979797464	0.922899007797	375	369	375	369
9	"1"	"1"	17	FALSE	0	45	100	0	0	395.979797464	395.979797464	0.95646905899	383	377	383	377
9	"1"	"1"	17	FALSE	0	45	100	0	0	395.979797464	395.979797464	0.989655017853	389	383	389	383
9	"1"	"1"	17	FALSE	0	45	100	0	0	395.979797464	395.979797464	1.02299690247	394	389	394	389
9	"1"	"1"	17	FALSE	0	45	100	0	0	395.979797464	395.979797464	1.05659198761	397	394	397	394
9	"1"	"1"	17	FALSE	0	45	100	0	0	395.979797464	395.979797464	1.0899040699	401	401	401	401
9	"1"	"1"	17	FALSE	0	45	100	0	0	395.979797464	395.979797464	1.12323999405	405	406	405	406
9	"1"	"1"	17	FALSE	0	45	100	0	0	395.979797464	395.979797464	1.15628409386	406	408	406	408
9	"1"	"1"	17	FALSE	0	45	100	0	0	395.979797464	395.979797464	1.1899831295	406	409	406	409
9	"1"	"1"	17	FALSE	0	45	100	0	0	395.979797464	395.979797464	1.22321295738	406	409	406	409
9	"1"	"1"	17	FALSE	0	45	100	0	0	395.979797464	395.979797464	1.25668311119	406	409	406	409
9	"1"	"1"	17	FALSE	0	45	100	0	0	395.979797464	395.979797464	1.29002094269	406	409	406	409
9	"1"	"1"	17	FALSE	0	45	100	0	0	395.979797464	395.979797464	1.32335090637	406	409	406	409
9	"1"	"1"	17	FALSE	0	45	100	0	0	395.979797464	395.979797464	1.35659599304	406	408	406	408
9	"1"	"1"	17	FALSE	0	45	100	0	0	395.979797464	395.979797464	1.38992500305	406	408	406	408
9	"1"	"1"	17	FALSE	0	45	100	0	0	395.979797464	395.979797464	1.42347097397	405	408	405	408
9	"1"	"1"	17	FALSE	0	45	100	0	0	395.979797464	395.979797464	1.45671010017	404	406	404	406
9	"1"	"1"	18	FALSE	0	90	100	0	0	3.42901103761e-14	560	0.002032995224	-9	-9	-9	-9
9	"1"	"1"	18	FALSE	0	90	100	0	0	3.42901103761e-14	560	0.0212240219116	-9	-9	-9	-9
9	"1"	"1"	18	FALSE	0	90	100	0	0	3.42901103761e-14	560	0.0550019741058	-9	-9	-9	-9
9	"1"	"1"	18	FALSE	0	90	100	0	0	3.42901103761e-14	560	0.0886127948761	-9	-9	-9	-9
9	"1"	"1"	18	FALSE	0	90	100	0	0	3.42901103761e-14	560	0.121832847595	-9	-9	-9	-9
9	"1"	"1"	18	FALSE	0	90	100	0	0	3.42901103761e-14	560	0.155260801315	-8	-9	-8	-9
9	"1"	"1"	18	FALSE	0	90	100	0	0	3.42901103761e-14	560	0.18856883049	-7	-8	-7	-8
9	"1"	"1"	18	FALSE	0	90	100	0	0	3.42901103761e-14	560	0.221759796143	-5	-6	-5	-6
9	"1"	"1"	18	FALSE	0	90	100	0	0	3.42901103761e-14	560	0.255373954773	-3	-5	-3	-5
9	"1"	"1"	18	FALSE	0	90	100	0	0	3.42901103761e-14	560	0.288724899292	-3	-4	-3	-4
9	"1"	"1"	18	FALSE	0	90	100	0	0	3.42901103761e-14	560	0.322069883347	-3	-4	-3	-4
9	"1"	"1"	18	FALSE	0	90	100	0	0	3.42901103761e-14	560	0.355450868607	-3	-4	-3	-4
9	"1"	"1"	18	FALSE	0	90	100	0	0	3.42901103761e-14	560	0.388741016388	-3	-4	-3	-4
9	"1"	"1"	18	FALSE	0	90	100	0	0	3.42901103761e-14	560	0.422192811966	-3	-4	-3	-4
9	"1"	"1"	18	FALSE	0	90	100	0	0	3.42901103761e-14	560	0.455585956573	-3	-4	-3	-4
9	"1"	"1"	18	FALSE	0	90	100	0	0	3.42901103761e-14	560	0.488903999329	-3	-4	-3	-4
9	"1"	"1"	18	FALSE	0	90	100	0	0	3.42901103761e-14	560	0.521994829178	-3	-4	-3	-4
9	"1"	"1"	18	FALSE	0	90	100	0	0	3.42901103761e-14	560	0.555735826492	-5	1	-5	1
9	"1"	"1"	18	FALSE	0	90	100	0	0	3.42901103761e-14	560	0.588948011398	-8	13	-8	13
9	"1"	"1"	18	FALSE	0	90	100	0	0	3.42901103761e-14	560	0.622184991837	-13	39	-13	39
9	"1"	"1"	18	FALSE	0	90	100	0	0	3.42901103761e-14	560	0.655648946762	-16	69	-16	69
9	"1"	"1"	18	FALSE	0	90	100	0	0	3.42901103761e-14	560	0.688849925995	-17	98	-17	98
9	"1"	"1"	18	FALSE	0	90	100	0	0	3.42901103761e-14	560	0.721707820892	-17	135	-17	135
9	"1"	"1"	18	FALSE	0	90	100	0	0	3.42901103761e-14	560	0.755744934082	-17	169	-17	169
9	"1"	"1"	18	FALSE	0	90	100	0	0	3.42901103761e-14	560	0.789057016373	-17	202	-17	202
9	"1"	"1"	18	FALSE	0	90	100	0	0	3.42901103761e-14	560	0.82186794281	-17	231	-17	231
9	"1"	"1"	18	FALSE	0	90	100	0	0	3.42901103761e-14	560	0.855870008469	-19	262	-19	262
9	"1"	"1"	18	FALSE	0	90	100	0	0	3.42901103761e-14	560	0.889024019241	-20	293	-20	293
9	"1"	"1"	18	FALSE	0	90	100	0	0	3.42901103761e-14	560	0.921824932098	-21	318	-21	318
9	"1"	"1"	18	FALSE	0	90	100	0	0	3.42901103761e-14	560	0.955963850021	-21	346	-21	346
9	"1"	"1"	18	FALSE	0	90	100	0	0	3.42901103761e-14	560	0.98921585083	-20	368	-20	368
9	"1"	"1"	18	FALSE	0	90	100	0	0	3.42901103761e-14	560	1.02250289917	-19	397	-19	397
9	"1"	"1"	18	FALSE	0	90	100	0	0	3.42901103761e-14	560	1.05598402023	-16	422	-16	422
9	"1"	"1"	18	FALSE	0	90	100	0	0	3.42901103761e-14	560	1.08903384209	-13	445	-13	445
9	"1"	"1"	18	FALSE	0	90	100	0	0	3.42901103761e-14	560	1.1225438118	-12	460	-12	460
9	"1"	"1"	18	FALSE	0	90	100	0	0	3.42901103761e-14	560	1.15599679947	-10	473	-10	473
9	"1"	"1"	18	FALSE	0	90	100	0	0	3.42901103761e-14	560	1.18943595886	-7	484	-7	484
9	"1"	"1"	18	FALSE	0	90	100	0	0	3.42901103761e-14	560	1.2227678299	-4	491	-4	491
9	"1"	"1"	18	FALSE	0	90	100	0	0	3.42901103761e-14	560	1.25578784943	-1	496	-1	496
9	"1"	"1"	18	FALSE	0	90	100	0	0	3.42901103761e-14	560	1.28948402405	2	501	2	501
9	"1"	"1"	18	FALSE	0	90	100	0	0	3.42901103761e-14	560	1.32288694382	4	508	4	508
9	"1"	"1"	18	FALSE	0	90	100	0	0	3.42901103761e-14	560	1.35603094101	6	516	6	516
9	"1"	"1"	18	FALSE	0	90	100	0	0	3.42901103761e-14	560	1.38947987556	7	525	7	525
9	"1"	"1"	18	FALSE	0	90	100	0	0	3.42901103761e-14	560	1.42289686203	7	536	7	536
9	"1"	"1"	18	FALSE	0	90	100	0	0	3.42901103761e-14	560	1.45585584641	6	542	6	542
9	"1"	"1"	18	FALSE	0	90	100	0	0	3.42901103761e-14	560	1.48963189125	5	544	5	544
9	"1"	"1"	18	FALSE	0	90	100	0	0	3.42901103761e-14	560	1.52295780182	5	545	5	545
9	"1"	"1"	18	FALSE	0	90	100	0	0	3.42901103761e-14	560	1.55621981621	4	545	4	545
9	"1"	"1"	18	FALSE	0	90	100	0	0	3.42901103761e-14	560	1.58961987495	4	545	4	545
9	"1"	"1"	18	FALSE	0	90	100	0	0	3.42901103761e-14	560	1.62245082855	4	545	4	545
9	"1"	"1"	18	FALSE	0	90	100	0	0	3.42901103761e-14	560	1.65643596649	4	546	4	546
9	"1"	"1"	18	FALSE	0	90	100	0	0	3.42901103761e-14	560	1.689868927	4	549	4	549
9	"1"	"1"	18	FALSE	0	90	100	0	0	3.42901103761e-14	560	1.7227640152	4	552	4	552
9	"1"	"1"	18	FALSE	0	90	100	0	0	3.42901103761e-14	560	1.75653386116	3	556	3	556
9	"1"	"1"	18	FALSE	0	90	100	0	0	3.42901103761e-14	560	1.78998279572	3	559	3	559
9	"1"	"1"	18	FALSE	0	90	100	0	0	3.42901103761e-14	560	1.82291579247	2	561	2	561
9	"1"	"1"	18	FALSE	0	90	100	0	0	3.42901103761e-14	560	1.85657787323	2	563	2	563
9	"1"	"1"	18	FALSE	0	90	100	0	0	3.42901103761e-14	560	1.88997888565	1	564	1	564
9	"1"	"1"	19	FALSE	0	90	100	0	0	3.42901103761e-14	560	0.00154995918274	-5	0	-5	0
9	"1"	"1"	19	FALSE	0	90	100	0	0	3.42901103761e-14	560	0.0217659473419	-5	0	-5	0
9	"1"	"1"	19	FALSE	0	90	100	0	0	3.42901103761e-14	560	0.0553569793701	-5	1	-5	1
9	"1"	"1"	19	FALSE	0	90	100	0	0	3.42901103761e-14	560	0.0881330966949	-5	1	-5	1
9	"1"	"1"	19	FALSE	0	90	100	0	0	3.42901103761e-14	560	0.122040987015	-5	1	-5	1
9	"1"	"1"	19	FALSE	0	90	100	0	0	3.42901103761e-14	560	0.155394077301	-5	1	-5	1
9	"1"	"1"	19	FALSE	0	90	100	0	0	3.42901103761e-14	560	0.188261032104	-5	1	-5	1
9	"1"	"1"	19	FALSE	0	90	100	0	0	3.42901103761e-14	560	0.222043991089	-5	1	-5	1
9	"1"	"1"	19	FALSE	0	90	100	0	0	3.42901103761e-14	560	0.255578994751	-5	1	-5	1
9	"1"	"1"	19	FALSE	0	90	100	0	0	3.42901103761e-14	560	0.288844108582	-4	6	-4	6
9	"1"	"1"	19	FALSE	0	90	100	0	0	3.42901103761e-14	560	0.321931123734	-4	13	-4	13
9	"1"	"1"	19	FALSE	0	90	100	0	0	3.42901103761e-14	560	0.355579137802	-6	33	-6	33
9	"1"	"1"	19	FALSE	0	90	100	0	0	3.42901103761e-14	560	0.389101028442	-7	60	-7	60
9	"1"	"1"	19	FALSE	0	90	100	0	0	3.42901103761e-14	560	0.422043085098	-7	94	-7	94
9	"1"	"1"	19	FALSE	0	90	100	0	0	3.42901103761e-14	560	0.455811023712	-7	124	-7	124
9	"1"	"1"	19	FALSE	0	90	100	0	0	3.42901103761e-14	560	0.489175081253	-7	158	-7	158
9	"1"	"1"	19	FALSE	0	90	100	0	0	3.42901103761e-14	560	0.522099018097	-7	189	-7	189
9	"1"	"1"	19	FALSE	0	90	100	0	0	3.42901103761e-14	560	0.555766105652	-8	215	-8	215
9	"1"	"1"	19	FALSE	0	90	100	0	0	3.42901103761e-14	560	0.589174985886	-8	245	-8	245
9	"1"	"1"	19	FALSE	0	90	100	0	0	3.42901103761e-14	560	0.622632026672	-9	274	-9	274
9	"1"	"1"	19	FALSE	0	90	100	0	0	3.42901103761e-14	560	0.655943155289	-11	305	-11	305
9	"1"	"1"	19	FALSE	0	90	100	0	0	3.42901103761e-14	560	0.689017057419	-11	336	-11	336
9	"1"	"1"	19	FALSE	0	90	100	0	0	3.42901103761e-14	560	0.722675085068	-11	360	-11	360
9	"1"	"1"	19	FALSE	0	90	100	0	0	3.42901103761e-14	560	0.755964994431	-8	386	-8	386
9	"1"	"1"	19	FALSE	0	90	100	0	0	3.42901103761e-14	560	0.789036989212	-4	409	-4	409
9	"1"	"1"	19	FALSE	0	90	100	0	0	3.42901103761e-14	560	0.822651147842	-1	434	-1	434
9	"1"	"1"	19	FALSE	0	90	100	0	0	3.42901103761e-14	560	0.856027126312	-1	454	-1	454
9	"1"	"1"	19	FALSE	0	90	100	0	0	3.42901103761e-14	560	0.889364957809	-1	469	-1	469
9	"1"	"1"	19	FALSE	0	90	100	0	0	3.42901103761e-14	560	0.922321081161	0	483	0	483
9	"1"	"1"	19	FALSE	0	90	100	0	0	3.42901103761e-14	560	0.956025123596	0	492	0	492
9	"1"	"1"	19	FALSE	0	90	100	0	0	3.42901103761e-14	560	0.989450931549	0	500	0	500
9	"1"	"1"	19	FALSE	0	90	100	0	0	3.42901103761e-14	560	1.02288007736	0	508	0	508
9	"1"	"1"	19	FALSE	0	90	100	0	0	3.42901103761e-14	560	1.0563120842	0	513	0	513
9	"1"	"1"	19	FALSE	0	90	100	0	0	3.42901103761e-14	560	1.08944511414	0	520	0	520
9	"1"	"1"	19	FALSE	0	90	100	0	0	3.42901103761e-14	560	1.12285900116	0	526	0	526
9	"1"	"1"	19	FALSE	0	90	100	0	0	3.42901103761e-14	560	1.1557199955	0	533	0	533
9	"1"	"1"	19	FALSE	0	90	100	0	0	3.42901103761e-14	560	1.18971514702	0	541	0	541
9	"1"	"1"	19	FALSE	0	90	100	0	0	3.42901103761e-14	560	1.22280907631	0	548	0	548
9	"1"	"1"	19	FALSE	0	90	100	0	0	3.42901103761e-14	560	1.25614500046	0	554	0	554
9	"1"	"1"	19	FALSE	0	90	100	0	0	3.42901103761e-14	560	1.28976893425	0	556	0	556
9	"1"	"1"	19	FALSE	0	90	100	0	0	3.42901103761e-14	560	1.32304406166	0	558	0	558
9	"1"	"1"	20	FALSE	0	135	100	0	0	-395.979797464	395.979797464	0.00165915489197	-4	-7	-4	-7
9	"1"	"1"	20	FALSE	0	135	100	0	0	-395.979797464	395.979797464	0.0221290588379	-4	-7	-4	-7
9	"1"	"1"	20	FALSE	0	135	100	0	0	-395.979797464	395.979797464	0.055456161499	-4	-7	-4	-7
9	"1"	"1"	20	FALSE	0	135	100	0	0	-395.979797464	395.979797464	0.0883600711823	-4	-7	-4	-7
9	"1"	"1"	20	FALSE	0	135	100	0	0	-395.979797464	395.979797464	0.122130155563	-4	-7	-4	-7
9	"1"	"1"	20	FALSE	0	135	100	0	0	-395.979797464	395.979797464	0.154942035675	-4	-7	-4	-7
9	"1"	"1"	20	FALSE	0	135	100	0	0	-395.979797464	395.979797464	0.188876152039	-4	-7	-4	-7
9	"1"	"1"	20	FALSE	0	135	100	0	0	-395.979797464	395.979797464	0.222179174423	-4	-6	-4	-6
9	"1"	"1"	20	FALSE	0	135	100	0	0	-395.979797464	395.979797464	0.255506038666	-4	-6	-4	-6
9	"1"	"1"	20	FALSE	0	135	100	0	0	-395.979797464	395.979797464	0.28910112381	-4	-6	-4	-6
9	"1"	"1"	20	FALSE	0	135	100	0	0	-395.979797464	395.979797464	0.322129011154	-8	1	-8	1
9	"1"	"1"	20	FALSE	0	135	100	0	0	-395.979797464	395.979797464	0.35586309433	-18	13	-18	13
9	"1"	"1"	20	FALSE	0	135	100	0	0	-395.979797464	395.979797464	0.38915014267	-31	27	-31	27
9	"1"	"1"	20	FALSE	0	135	100	0	0	-395.979797464	395.979797464	0.422013044357	-50	48	-50	48
9	"1"	"1"	20	FALSE	0	135	100	0	0	-395.979797464	395.979797464	0.455887079239	-73	71	-73	71
9	"1"	"1"	20	FALSE	0	135	100	0	0	-395.979797464	395.979797464	0.489196062088	-97	92	-97	92
9	"1"	"1"	20	FALSE	0	135	100	0	0	-395.979797464	395.979797464	0.52237701416	-120	108	-120	108
9	"1"	"1"	20	FALSE	0	135	100	0	0	-395.979797464	395.979797464	0.555321216583	-146	124	-146	124
9	"1"	"1"	20	FALSE	0	135	100	0	0	-395.979797464	395.979797464	0.589184999466	-171	143	-171	143
9	"1"	"1"	20	FALSE	0	135	100	0	0	-395.979797464	395.979797464	0.62269616127	-191	161	-191	161
9	"1"	"1"	20	FALSE	0	135	100	0	0	-395.979797464	395.979797464	0.655386209488	-217	180	-217	180
9	"1"	"1"	20	FALSE	0	135	100	0	0	-395.979797464	395.979797464	0.689453125	-241	199	-241	199
9	"1"	"1"	20	FALSE	0	135	100	0	0	-395.979797464	395.979797464	0.722762107849	-264	220	-264	220
9	"1"	"1"	20	FALSE	0	135	100	0	0	-395.979797464	395.979797464	0.755522012711	-280	238	-280	238
9	"1"	"1"	20	FALSE	0	135	100	0	0	-395.979797464	395.979797464	0.789434194565	-296	259	-296	259
9	"1"	"1"	20	FALSE	0	135	100	0	0	-395.979797464	395.979797464	0.822750091553	-308	276	-308	276
9	"1"	"1"	20	FALSE	0	135	100	0	0	-395.979797464	395.979797464	0.856157064438	-318	290	-318	290
9	"1"	"1"	20	FALSE	0	135	100	0	0	-395.979797464	395.979797464	0.889476060867	-329	306	-329	306
9	"1"	"1"	20	FALSE	0	135	100	0	0	-395.979797464	395.979797464	0.922777175903	-339	324	-339	324
9	"1"	"1"	20	FALSE	0	135	100	0	0	-395.979797464	395.979797464	0.955660104752	-347	337	-347	337
9	"1"	"1"	20	FALSE	0	135	100	0	0	-395.979797464	395.979797464	0.989607095718	-356	350	-356	350
9	"1"	"1"	20	FALSE	0	135	100	0	0	-395.979797464	395.979797464	1.02303004265	-362	359	-362	359
9	"1"	"1"	20	FALSE	0	135	100	0	0	-395.979797464	395.979797464	1.05629611015	-366	367	-366	367
9	"1"	"1"	20	FALSE	0	135	100	0	0	-395.979797464	395.979797464	1.08921408653	-371	372	-371	372
9	"1"	"1"	20	FALSE	0	135	100	0	0	-395.979797464	395.979797464	1.12302303314	-375	377	-375	377
9	"1"	"1"	20	FALSE	0	135	100	0	0	-395.979797464	395.979797464	1.15635704994	-378	381	-378	381
9	"1"	"1"	20	FALSE	0	135	100	0	0	-395.979797464	395.979797464	1.18916916847	-381	384	-381	384
9	"1"	"1"	20	FALSE	0	135	100	0	0	-395.979797464	395.979797464	1.22317218781	-384	387	-384	387
9	"1"	"1"	20	FALSE	0	135	100	0	0	-395.979797464	395.979797464	1.25652003288	-387	390	-387	390
9	"1"	"1"	20	FALSE	0	135	100	0	0	-395.979797464	395.979797464	1.28990507126	-390	392	-390	392
9	"1"	"1"	20	FALSE	0	135	100	0	0	-395.979797464	395.979797464	1.32283401489	-392	394	-392	394
9	"1"	"1"	20	FALSE	0	135	100	0	0	-395.979797464	395.979797464	1.35659909248	-393	395	-393	395
9	"1"	"1"	20	FALSE	0	135	100	0	0	-395.979797464	395.979797464	1.38996219635	-394	396	-394	396
9	"1"	"1"	21	FALSE	0	45	100	0	0	395.979797464	395.979797464	0.0017421245575	2	-6	2	-6
9	"1"	"1"	21	FALSE	0	45	100	0	0	395.979797464	395.979797464	0.0210061073303	2	-6	2	-6
9	"1"	"1"	21	FALSE	0	45	100	0	0	395.979797464	395.979797464	0.0549092292786	2	-6	2	-6
9	"1"	"1"	21	FALSE	0	45	100	0	0	395.979797464	395.979797464	0.088231086731	2	-6	2	-6
9	"1"	"1"	21	FALSE	0	45	100	0	0	395.979797464	395.979797464	0.121715068817	2	-6	2	-6
9	"1"	"1"	21	FALSE	0	45	100	0	0	395.979797464	395.979797464	0.154420137405	2	-6	2	-6
9	"1"	"1"	21	FALSE	0	45	100	0	0	395.979797464	395.979797464	0.188431024551	2	-6	2	-6
9	"1"	"1"	21	FALSE	0	45	100	0	0	395.979797464	395.979797464	0.221593141556	2	-6	2	-6
9	"1"	"1"	21	FALSE	0	45	100	0	0	395.979797464	395.979797464	0.255179166794	2	-6	2	-6
9	"1"	"1"	21	FALSE	0	45	100	0	0	395.979797464	395.979797464	0.288639068604	2	-5	2	-5
9	"1"	"1"	21	FALSE	0	45	100	0	0	395.979797464	395.979797464	0.321666002274	6	0	6	0
9	"1"	"1"	21	FALSE	0	45	100	0	0	395.979797464	395.979797464	0.355212211609	17	12	17	12
9	"1"	"1"	21	FALSE	0	45	100	0	0	395.979797464	395.979797464	0.388640165329	36	30	36	30
9	"1"	"1"	21	FALSE	0	45	100	0	0	395.979797464	395.979797464	0.422019004822	64	55	64	55
9	"1"	"1"	21	FALSE	0	45	100	0	0	395.979797464	395.979797464	0.45539522171	91	79	91	79
9	"1"	"1"	21	FALSE	0	45	100	0	0	395.979797464	395.979797464	0.488593101501	125	115	125	115
9	"1"	"1"	21	FALSE	0	45	100	0	0	395.979797464	395.979797464	0.521715164185	160	142	160	142
9	"1"	"1"	21	FALSE	0	45	100	0	0	395.979797464	395.979797464	0.555341005325	192	173	192	173
9	"1"	"1"	21	FALSE	0	45	100	0	0	395.979797464	395.979797464	0.58818602562	218	200	218	200
9	"1"	"1"	21	FALSE	0	45	100	0	0	395.979797464	395.979797464	0.62214922905	236	219	236	219
9	"1"	"1"	21	FALSE	0	45	100	0	0	395.979797464	395.979797464	0.655563116074	251	237	251	237
9	"1"	"1"	21	FALSE	0	45	100	0	0	395.979797464	395.979797464	0.688227176666	264	253	264	253
9	"1"	"1"	21	FALSE	0	45	100	0	0	395.979797464	395.979797464	0.722066164017	273	266	273	266
9	"1"	"1"	21	FALSE	0	45	100	0	0	395.979797464	395.979797464	0.755645036697	284	282	284	282
9	"1"	"1"	21	FALSE	0	45	100	0	0	395.979797464	395.979797464	0.788935184479	294	296	294	296
9	"1"	"1"	21	FALSE	0	45	100	0	0	395.979797464	395.979797464	0.821906089783	304	309	304	309
9	"1"	"1"	21	FALSE	0	45	100	0	0	395.979797464	395.979797464	0.855648040771	315	320	315	320
9	"1"	"1"	21	FALSE	0	45	100	0	0	395.979797464	395.979797464	0.888995170593	329	332	329	332
9	"1"	"1"	21	FALSE	0	45	100	0	0	395.979797464	395.979797464	0.922019004822	344	344	344	344
9	"1"	"1"	21	FALSE	0	45	100	0	0	395.979797464	395.979797464	0.955737113953	356	353	356	353
9	"1"	"1"	21	FALSE	0	45	100	0	0	395.979797464	395.979797464	0.989074230194	370	364	370	364
9	"1"	"1"	21	FALSE	0	45	100	0	0	395.979797464	395.979797464	1.02212500572	381	373	381	373
9	"1"	"1"	21	FALSE	0	45	100	0	0	395.979797464	395.979797464	1.05570006371	389	380	389	380
9	"1"	"1"	21	FALSE	0	45	100	0	0	395.979797464	395.979797464	1.08922505379	395	386	395	386
9	"1"	"1"	21	FALSE	0	45	100	0	0	395.979797464	395.979797464	1.12225103378	399	391	399	391
9	"1"	"1"	21	FALSE	0	45	100	0	0	395.979797464	395.979797464	1.15593004227	402	395	402	395
9	"1"	"1"	21	FALSE	0	45	100	0	0	395.979797464	395.979797464	1.18921613693	404	398	404	398
9	"1"	"1"	21	FALSE	0	45	100	0	0	395.979797464	395.979797464	1.22236609459	405	401	405	401
9	"1"	"1"	21	FALSE	0	45	100	0	0	395.979797464	395.979797464	1.2560031414	406	402	406	402
