"task_num"	"task_name"	"trial_type"	"trial_num"	"terminalfeedback_bool"	"rotation_angle"	"targetangle_deg"	"targetdistance_percmax"	"homex_px"	"homey_px"	"targetx_px"	"targety_px"	"time_s"	"mousex_px"	"mousey_px"	"cursorx_px"	"cursory_px"
9	"1"	"1"	1	FALSE	0	45	100	0	0	395.979797464	395.979797464	1550170509.82	1	4	1	4
9	"1"	"1"	1	FALSE	0	45	100	0	0	395.979797464	395.979797464	1550170509.85	2	3	2	3
9	"1"	"1"	1	FALSE	0	45	100	0	0	395.979797464	395.979797464	1550170509.88	3	2	3	2
9	"1"	"1"	1	FALSE	0	45	100	0	0	395.979797464	395.979797464	1550170509.91	4	0	4	0
9	"1"	"1"	1	FALSE	0	45	100	0	0	395.979797464	395.979797464	1550170509.95	4	-1	4	-1
9	"1"	"1"	1	FALSE	0	45	100	0	0	395.979797464	395.979797464	1550170509.98	4	-1	4	-1
9	"1"	"1"	1	FALSE	0	45	100	0	0	395.979797464	395.979797464	1550170510.01	4	-1	4	-1
9	"1"	"1"	1	FALSE	0	45	100	0	0	395.979797464	395.979797464	1550170510.05	4	-1	4	-1
9	"1"	"1"	1	FALSE	0	45	100	0	0	395.979797464	395.979797464	1550170510.08	4	-1	4	-1
9	"1"	"1"	1	FALSE	0	45	100	0	0	395.979797464	395.979797464	1550170510.11	4	-1	4	-1
9	"1"	"1"	1	FALSE	0	45	100	0	0	395.979797464	395.979797464	1550170510.15	4	-1	4	-1
9	"1"	"1"	1	FALSE	0	45	100	0	0	395.979797464	395.979797464	1550170510.18	4	-1	4	-1
9	"1"	"1"	1	FALSE	0	45	100	0	0	395.979797464	395.979797464	1550170510.21	4	-1	4	-1
9	"1"	"1"	1	FALSE	0	45	100	0	0	395.979797464	395.979797464	1550170510.25	4	-1	4	-1
9	"1"	"1"	1	FALSE	0	45	100	0	0	395.979797464	395.979797464	1550170510.28	4	-1	4	-1
9	"1"	"1"	1	FALSE	0	45	100	0	0	395.979797464	395.979797464	1550170510.31	4	-1	4	-1
9	"1"	"1"	1	FALSE	0	45	100	0	0	395.979797464	395.979797464	1550170510.35	4	-1	4	-1
9	"1"	"1"	1	FALSE	0	45	100	0	0	395.979797464	395.979797464	1550170510.38	4	-1	4	-1
9	"1"	"1"	1	FALSE	0	45	100	0	0	395.979797464	395.979797464	1550170510.41	4	-1	4	-1
9	"1"	"1"	1	FALSE	0	45	100	0	0	395.979797464	395.979797464	1550170510.45	4	-1	4	-1
9	"1"	"1"	1	FALSE	0	45	100	0	0	395.979797464	395.979797464	1550170510.48	4	-1	4	-1
9	"1"	"1"	1	FALSE	0	45	100	0	0	395.979797464	395.979797464	1550170510.51	5	0	5	0
9	"1"	"1"	1	FALSE	0	45	100	0	0	395.979797464	395.979797464	1550170510.55	12	5	12	5
9	"1"	"1"	1	FALSE	0	45	100	0	0	395.979797464	395.979797464	1550170510.58	33	25	33	25
9	"1"	"1"	1	FALSE	0	45	100	0	0	395.979797464	395.979797464	1550170510.61	62	51	62	51
9	"1"	"1"	1	FALSE	0	45	100	0	0	395.979797464	395.979797464	1550170510.65	93	84	93	84
9	"1"	"1"	1	FALSE	0	45	100	0	0	395.979797464	395.979797464	1550170510.68	125	119	125	119
9	"1"	"1"	1	FALSE	0	45	100	0	0	395.979797464	395.979797464	1550170510.71	152	151	152	151
9	"1"	"1"	1	FALSE	0	45	100	0	0	395.979797464	395.979797464	1550170510.75	183	196	183	196
9	"1"	"1"	1	FALSE	0	45	100	0	0	395.979797464	395.979797464	1550170510.78	211	240	211	240
9	"1"	"1"	1	FALSE	0	45	100	0	0	395.979797464	395.979797464	1550170510.81	230	274	230	274
9	"1"	"1"	1	FALSE	0	45	100	0	0	395.979797464	395.979797464	1550170510.85	249	308	249	308
9	"1"	"1"	1	FALSE	0	45	100	0	0	395.979797464	395.979797464	1550170510.88	262	333	262	333
9	"1"	"1"	1	FALSE	0	45	100	0	0	395.979797464	395.979797464	1550170510.91	274	356	274	356
9	"1"	"1"	1	FALSE	0	45	100	0	0	395.979797464	395.979797464	1550170510.95	279	365	279	365
9	"1"	"1"	1	FALSE	0	45	100	0	0	395.979797464	395.979797464	1550170510.98	282	370	282	370
9	"1"	"1"	1	FALSE	0	45	100	0	0	395.979797464	395.979797464	1550170511.01	285	374	285	374
9	"1"	"1"	1	FALSE	0	45	100	0	0	395.979797464	395.979797464	1550170511.05	289	377	289	377
9	"1"	"1"	1	FALSE	0	45	100	0	0	395.979797464	395.979797464	1550170511.08	294	380	294	380
9	"1"	"1"	1	FALSE	0	45	100	0	0	395.979797464	395.979797464	1550170511.11	302	385	302	385
9	"1"	"1"	1	FALSE	0	45	100	0	0	395.979797464	395.979797464	1550170511.15	314	390	314	390
9	"1"	"1"	1	FALSE	0	45	100	0	0	395.979797464	395.979797464	1550170511.18	331	393	331	393
9	"1"	"1"	1	FALSE	0	45	100	0	0	395.979797464	395.979797464	1550170511.21	341	393	341	393
9	"1"	"1"	1	FALSE	0	45	100	0	0	395.979797464	395.979797464	1550170511.25	342	392	342	392
9	"1"	"1"	1	FALSE	0	45	100	0	0	395.979797464	395.979797464	1550170511.28	342	392	342	392
9	"1"	"1"	1	FALSE	0	45	100	0	0	395.979797464	395.979797464	1550170511.31	342	392	342	392
9	"1"	"1"	1	FALSE	0	45	100	0	0	395.979797464	395.979797464	1550170511.35	342	393	342	393
9	"1"	"1"	1	FALSE	0	45	100	0	0	395.979797464	395.979797464	1550170511.38	346	393	346	393
9	"1"	"1"	1	FALSE	0	45	100	0	0	395.979797464	395.979797464	1550170511.41	353	395	353	395
9	"1"	"1"	1	FALSE	0	45	100	0	0	395.979797464	395.979797464	1550170511.45	360	397	360	397
9	"1"	"1"	1	FALSE	0	45	100	0	0	395.979797464	395.979797464	1550170511.48	369	400	369	400
9	"1"	"1"	1	FALSE	0	45	100	0	0	395.979797464	395.979797464	1550170511.51	376	401	376	401
9	"1"	"1"	1	FALSE	0	45	100	0	0	395.979797464	395.979797464	1550170511.55	384	404	384	404
9	"1"	"1"	1	FALSE	0	45	100	0	0	395.979797464	395.979797464	1550170511.58	391	407	391	407
9	"1"	"1"	1	FALSE	0	45	100	0	0	395.979797464	395.979797464	1550170511.61	394	408	394	408
9	"1"	"1"	1	FALSE	0	45	100	0	0	395.979797464	395.979797464	1550170511.65	395	409	395	409
9	"1"	"1"	2	FALSE	0	135	100	0	0	-395.979797464	395.979797464	1550170513.03	8	-6	8	-6
9	"1"	"1"	2	FALSE	0	135	100	0	0	-395.979797464	395.979797464	1550170513.05	9	-4	9	-4
9	"1"	"1"	2	FALSE	0	135	100	0	0	-395.979797464	395.979797464	1550170513.08	9	-4	9	-4
9	"1"	"1"	2	FALSE	0	135	100	0	0	-395.979797464	395.979797464	1550170513.12	9	-4	9	-4
9	"1"	"1"	2	FALSE	0	135	100	0	0	-395.979797464	395.979797464	1550170513.15	9	-4	9	-4
9	"1"	"1"	2	FALSE	0	135	100	0	0	-395.979797464	395.979797464	1550170513.18	9	-4	9	-4
9	"1"	"1"	2	FALSE	0	135	100	0	0	-395.979797464	395.979797464	1550170513.22	9	-4	9	-4
9	"1"	"1"	2	FALSE	0	135	100	0	0	-395.979797464	395.979797464	1550170513.25	8	-4	8	-4
9	"1"	"1"	2	FALSE	0	135	100	0	0	-395.979797464	395.979797464	1550170513.28	6	-4	6	-4
9	"1"	"1"	2	FALSE	0	135	100	0	0	-395.979797464	395.979797464	1550170513.32	4	-5	4	-5
9	"1"	"1"	2	FALSE	0	135	100	0	0	-395.979797464	395.979797464	1550170513.35	-1	-6	-1	-6
9	"1"	"1"	2	FALSE	0	135	100	0	0	-395.979797464	395.979797464	1550170513.38	-8	-5	-8	-5
9	"1"	"1"	2	FALSE	0	135	100	0	0	-395.979797464	395.979797464	1550170513.42	-20	2	-20	2
9	"1"	"1"	2	FALSE	0	135	100	0	0	-395.979797464	395.979797464	1550170513.45	-45	24	-45	24
9	"1"	"1"	2	FALSE	0	135	100	0	0	-395.979797464	395.979797464	1550170513.48	-70	43	-70	43
9	"1"	"1"	2	FALSE	0	135	100	0	0	-395.979797464	395.979797464	1550170513.52	-100	72	-100	72
9	"1"	"1"	2	FALSE	0	135	100	0	0	-395.979797464	395.979797464	1550170513.55	-127	100	-127	100
9	"1"	"1"	2	FALSE	0	135	100	0	0	-395.979797464	395.979797464	1550170513.58	-161	131	-161	131
9	"1"	"1"	2	FALSE	0	135	100	0	0	-395.979797464	395.979797464	1550170513.62	-193	158	-193	158
9	"1"	"1"	2	FALSE	0	135	100	0	0	-395.979797464	395.979797464	1550170513.65	-222	183	-222	183
9	"1"	"1"	2	FALSE	0	135	100	0	0	-395.979797464	395.979797464	1550170513.68	-252	213	-252	213
9	"1"	"1"	2	FALSE	0	135	100	0	0	-395.979797464	395.979797464	1550170513.72	-282	239	-282	239
9	"1"	"1"	2	FALSE	0	135	100	0	0	-395.979797464	395.979797464	1550170513.75	-308	265	-308	265
9	"1"	"1"	2	FALSE	0	135	100	0	0	-395.979797464	395.979797464	1550170513.78	-330	289	-330	289
9	"1"	"1"	2	FALSE	0	135	100	0	0	-395.979797464	395.979797464	1550170513.82	-347	311	-347	311
9	"1"	"1"	2	FALSE	0	135	100	0	0	-395.979797464	395.979797464	1550170513.85	-363	334	-363	334
9	"1"	"1"	2	FALSE	0	135	100	0	0	-395.979797464	395.979797464	1550170513.88	-373	351	-373	351
9	"1"	"1"	2	FALSE	0	135	100	0	0	-395.979797464	395.979797464	1550170513.92	-381	365	-381	365
9	"1"	"1"	2	FALSE	0	135	100	0	0	-395.979797464	395.979797464	1550170513.95	-389	378	-389	378
9	"1"	"1"	2	FALSE	0	135	100	0	0	-395.979797464	395.979797464	1550170513.98	-395	386	-395	386
9	"1"	"1"	2	FALSE	0	135	100	0	0	-395.979797464	395.979797464	1550170514.02	-399	392	-399	392
9	"1"	"1"	2	FALSE	0	135	100	0	0	-395.979797464	395.979797464	1550170514.05	-402	395	-402	395
9	"1"	"1"	2	FALSE	0	135	100	0	0	-395.979797464	395.979797464	1550170514.08	-403	397	-403	397
9	"1"	"1"	3	FALSE	0	90	100	0	0	3.42901103761e-14	560	1550170515.76	-1	2	-1	2
9	"1"	"1"	3	FALSE	0	90	100	0	0	3.42901103761e-14	560	1550170515.78	-1	2	-1	2
9	"1"	"1"	3	FALSE	0	90	100	0	0	3.42901103761e-14	560	1550170515.82	-1	2	-1	2
9	"1"	"1"	3	FALSE	0	90	100	0	0	3.42901103761e-14	560	1550170515.85	-1	2	-1	2
9	"1"	"1"	3	FALSE	0	90	100	0	0	3.42901103761e-14	560	1550170515.88	-1	2	-1	2
9	"1"	"1"	3	FALSE	0	90	100	0	0	3.42901103761e-14	560	1550170515.92	-1	2	-1	2
9	"1"	"1"	3	FALSE	0	90	100	0	0	3.42901103761e-14	560	1550170515.95	-1	2	-1	2
9	"1"	"1"	3	FALSE	0	90	100	0	0	3.42901103761e-14	560	1550170515.98	-1	2	-1	2
9	"1"	"1"	3	FALSE	0	90	100	0	0	3.42901103761e-14	560	1550170516.02	-1	2	-1	2
9	"1"	"1"	3	FALSE	0	90	100	0	0	3.42901103761e-14	560	1550170516.05	-1	2	-1	2
9	"1"	"1"	3	FALSE	0	90	100	0	0	3.42901103761e-14	560	1550170516.08	-1	4	-1	4
9	"1"	"1"	3	FALSE	0	90	100	0	0	3.42901103761e-14	560	1550170516.12	-2	15	-2	15
9	"1"	"1"	3	FALSE	0	90	100	0	0	3.42901103761e-14	560	1550170516.15	-5	38	-5	38
9	"1"	"1"	3	FALSE	0	90	100	0	0	3.42901103761e-14	560	1550170516.18	-7	59	-7	59
9	"1"	"1"	3	FALSE	0	90	100	0	0	3.42901103761e-14	560	1550170516.22	-9	87	-9	87
9	"1"	"1"	3	FALSE	0	90	100	0	0	3.42901103761e-14	560	1550170516.25	-12	121	-12	121
9	"1"	"1"	3	FALSE	0	90	100	0	0	3.42901103761e-14	560	1550170516.28	-15	160	-15	160
9	"1"	"1"	3	FALSE	0	90	100	0	0	3.42901103761e-14	560	1550170516.32	-17	194	-17	194
9	"1"	"1"	3	FALSE	0	90	100	0	0	3.42901103761e-14	560	1550170516.35	-18	234	-18	234
9	"1"	"1"	3	FALSE	0	90	100	0	0	3.42901103761e-14	560	1550170516.38	-19	273	-19	273
9	"1"	"1"	3	FALSE	0	90	100	0	0	3.42901103761e-14	560	1550170516.42	-20	306	-20	306
9	"1"	"1"	3	FALSE	0	90	100	0	0	3.42901103761e-14	560	1550170516.45	-22	341	-22	341
9	"1"	"1"	3	FALSE	0	90	100	0	0	3.42901103761e-14	560	1550170516.49	-22	375	-22	375
9	"1"	"1"	3	FALSE	0	90	100	0	0	3.42901103761e-14	560	1550170516.52	-22	408	-22	408
9	"1"	"1"	3	FALSE	0	90	100	0	0	3.42901103761e-14	560	1550170516.55	-22	435	-22	435
9	"1"	"1"	3	FALSE	0	90	100	0	0	3.42901103761e-14	560	1550170516.59	-21	465	-21	465
9	"1"	"1"	3	FALSE	0	90	100	0	0	3.42901103761e-14	560	1550170516.62	-19	491	-19	491
9	"1"	"1"	3	FALSE	0	90	100	0	0	3.42901103761e-14	560	1550170516.65	-19	507	-19	507
9	"1"	"1"	3	FALSE	0	90	100	0	0	3.42901103761e-14	560	1550170516.69	-20	521	-20	521
9	"1"	"1"	3	FALSE	0	90	100	0	0	3.42901103761e-14	560	1550170516.72	-19	532	-19	532
9	"1"	"1"	3	FALSE	0	90	100	0	0	3.42901103761e-14	560	1550170516.75	-20	538	-20	538
9	"1"	"1"	3	FALSE	0	90	100	0	0	3.42901103761e-14	560	1550170516.79	-20	541	-20	541
9	"1"	"1"	3	FALSE	0	90	100	0	0	3.42901103761e-14	560	1550170516.82	-20	542	-20	542
9	"1"	"1"	3	FALSE	0	90	100	0	0	3.42901103761e-14	560	1550170516.85	-19	543	-19	543
9	"1"	"1"	3	FALSE	0	90	100	0	0	3.42901103761e-14	560	1550170516.89	-18	545	-18	545
9	"1"	"1"	3	FALSE	0	90	100	0	0	3.42901103761e-14	560	1550170516.92	-16	548	-16	548
9	"1"	"1"	3	FALSE	0	90	100	0	0	3.42901103761e-14	560	1550170516.95	-13	553	-13	553
9	"1"	"1"	3	FALSE	0	90	100	0	0	3.42901103761e-14	560	1550170516.99	-11	556	-11	556
9	"1"	"1"	3	FALSE	0	90	100	0	0	3.42901103761e-14	560	1550170517.02	-8	558	-8	558
9	"1"	"1"	4	FALSE	0	135	100	0	0	-395.979797464	395.979797464	1550170518.37	5	8	5	8
9	"1"	"1"	4	FALSE	0	135	100	0	0	-395.979797464	395.979797464	1550170518.39	5	8	5	8
9	"1"	"1"	4	FALSE	0	135	100	0	0	-395.979797464	395.979797464	1550170518.42	3	6	3	6
9	"1"	"1"	4	FALSE	0	135	100	0	0	-395.979797464	395.979797464	1550170518.45	1	4	1	4
9	"1"	"1"	4	FALSE	0	135	100	0	0	-395.979797464	395.979797464	1550170518.49	0	3	0	3
9	"1"	"1"	4	FALSE	0	135	100	0	0	-395.979797464	395.979797464	1550170518.52	0	3	0	3
9	"1"	"1"	4	FALSE	0	135	100	0	0	-395.979797464	395.979797464	1550170518.55	0	3	0	3
9	"1"	"1"	4	FALSE	0	135	100	0	0	-395.979797464	395.979797464	1550170518.59	0	3	0	3
9	"1"	"1"	4	FALSE	0	135	100	0	0	-395.979797464	395.979797464	1550170518.62	0	3	0	3
9	"1"	"1"	4	FALSE	0	135	100	0	0	-395.979797464	395.979797464	1550170518.65	0	3	0	3
9	"1"	"1"	4	FALSE	0	135	100	0	0	-395.979797464	395.979797464	1550170518.69	0	3	0	3
9	"1"	"1"	4	FALSE	0	135	100	0	0	-395.979797464	395.979797464	1550170518.72	-2	10	-2	10
9	"1"	"1"	4	FALSE	0	135	100	0	0	-395.979797464	395.979797464	1550170518.75	-9	22	-9	22
9	"1"	"1"	4	FALSE	0	135	100	0	0	-395.979797464	395.979797464	1550170518.79	-27	47	-27	47
9	"1"	"1"	4	FALSE	0	135	100	0	0	-395.979797464	395.979797464	1550170518.82	-50	75	-50	75
9	"1"	"1"	4	FALSE	0	135	100	0	0	-395.979797464	395.979797464	1550170518.85	-74	100	-74	100
9	"1"	"1"	4	FALSE	0	135	100	0	0	-395.979797464	395.979797464	1550170518.89	-107	131	-107	131
9	"1"	"1"	4	FALSE	0	135	100	0	0	-395.979797464	395.979797464	1550170518.92	-137	155	-137	155
9	"1"	"1"	4	FALSE	0	135	100	0	0	-395.979797464	395.979797464	1550170518.95	-175	184	-175	184
9	"1"	"1"	4	FALSE	0	135	100	0	0	-395.979797464	395.979797464	1550170518.99	-211	218	-211	218
9	"1"	"1"	4	FALSE	0	135	100	0	0	-395.979797464	395.979797464	1550170519.02	-246	252	-246	252
9	"1"	"1"	4	FALSE	0	135	100	0	0	-395.979797464	395.979797464	1550170519.05	-282	284	-282	284
9	"1"	"1"	4	FALSE	0	135	100	0	0	-395.979797464	395.979797464	1550170519.09	-310	313	-310	313
9	"1"	"1"	4	FALSE	0	135	100	0	0	-395.979797464	395.979797464	1550170519.12	-337	346	-337	346
9	"1"	"1"	4	FALSE	0	135	100	0	0	-395.979797464	395.979797464	1550170519.15	-359	370	-359	370
9	"1"	"1"	4	FALSE	0	135	100	0	0	-395.979797464	395.979797464	1550170519.19	-372	386	-372	386
9	"1"	"1"	4	FALSE	0	135	100	0	0	-395.979797464	395.979797464	1550170519.22	-382	400	-382	400
9	"1"	"1"	4	FALSE	0	135	100	0	0	-395.979797464	395.979797464	1550170519.25	-388	409	-388	409
9	"1"	"1"	4	FALSE	0	135	100	0	0	-395.979797464	395.979797464	1550170519.29	-392	415	-392	415
9	"1"	"1"	4	FALSE	0	135	100	0	0	-395.979797464	395.979797464	1550170519.32	-393	417	-393	417
9	"1"	"1"	4	FALSE	0	135	100	0	0	-395.979797464	395.979797464	1550170519.35	-393	418	-393	418
9	"1"	"1"	4	FALSE	0	135	100	0	0	-395.979797464	395.979797464	1550170519.39	-393	418	-393	418
9	"1"	"1"	4	FALSE	0	135	100	0	0	-395.979797464	395.979797464	1550170519.42	-393	418	-393	418
9	"1"	"1"	4	FALSE	0	135	100	0	0	-395.979797464	395.979797464	1550170519.45	-393	418	-393	418
9	"1"	"1"	4	FALSE	0	135	100	0	0	-395.979797464	395.979797464	1550170519.49	-393	418	-393	418
9	"1"	"1"	4	FALSE	0	135	100	0	0	-395.979797464	395.979797464	1550170519.52	-393	418	-393	418
9	"1"	"1"	4	FALSE	0	135	100	0	0	-395.979797464	395.979797464	1550170519.55	-393	418	-393	418
9	"1"	"1"	4	FALSE	0	135	100	0	0	-395.979797464	395.979797464	1550170519.59	-393	417	-393	417
9	"1"	"1"	4	FALSE	0	135	100	0	0	-395.979797464	395.979797464	1550170519.62	-394	414	-394	414
9	"1"	"1"	4	FALSE	0	135	100	0	0	-395.979797464	395.979797464	1550170519.65	-394	409	-394	409
9	"1"	"1"	4	FALSE	0	135	100	0	0	-395.979797464	395.979797464	1550170519.69	-393	403	-393	403
9	"1"	"1"	4	FALSE	0	135	100	0	0	-395.979797464	395.979797464	1550170519.72	-393	398	-393	398
9	"1"	"1"	5	FALSE	0	45	100	0	0	395.979797464	395.979797464	1550170521.17	-5	-9	-5	-9
9	"1"	"1"	5	FALSE	0	45	100	0	0	395.979797464	395.979797464	1550170521.19	-5	-9	-5	-9
9	"1"	"1"	5	FALSE	0	45	100	0	0	395.979797464	395.979797464	1550170521.22	-5	-9	-5	-9
9	"1"	"1"	5	FALSE	0	45	100	0	0	395.979797464	395.979797464	1550170521.26	-5	-9	-5	-9
9	"1"	"1"	5	FALSE	0	45	100	0	0	395.979797464	395.979797464	1550170521.29	-5	-9	-5	-9
9	"1"	"1"	5	FALSE	0	45	100	0	0	395.979797464	395.979797464	1550170521.32	-5	-9	-5	-9
9	"1"	"1"	5	FALSE	0	45	100	0	0	395.979797464	395.979797464	1550170521.36	-5	-9	-5	-9
9	"1"	"1"	5	FALSE	0	45	100	0	0	395.979797464	395.979797464	1550170521.39	-5	-9	-5	-9
9	"1"	"1"	5	FALSE	0	45	100	0	0	395.979797464	395.979797464	1550170521.42	-5	-9	-5	-9
9	"1"	"1"	5	FALSE	0	45	100	0	0	395.979797464	395.979797464	1550170521.46	-5	-9	-5	-9
9	"1"	"1"	5	FALSE	0	45	100	0	0	395.979797464	395.979797464	1550170521.49	-4	-8	-4	-8
9	"1"	"1"	5	FALSE	0	45	100	0	0	395.979797464	395.979797464	1550170521.52	1	2	1	2
9	"1"	"1"	5	FALSE	0	45	100	0	0	395.979797464	395.979797464	1550170521.56	15	24	15	24
9	"1"	"1"	5	FALSE	0	45	100	0	0	395.979797464	395.979797464	1550170521.59	28	47	28	47
9	"1"	"1"	5	FALSE	0	45	100	0	0	395.979797464	395.979797464	1550170521.62	48	77	48	77
9	"1"	"1"	5	FALSE	0	45	100	0	0	395.979797464	395.979797464	1550170521.66	74	112	74	112
9	"1"	"1"	5	FALSE	0	45	100	0	0	395.979797464	395.979797464	1550170521.69	100	143	100	143
9	"1"	"1"	5	FALSE	0	45	100	0	0	395.979797464	395.979797464	1550170521.72	135	179	135	179
9	"1"	"1"	5	FALSE	0	45	100	0	0	395.979797464	395.979797464	1550170521.76	171	213	171	213
9	"1"	"1"	5	FALSE	0	45	100	0	0	395.979797464	395.979797464	1550170521.79	206	242	206	242
9	"1"	"1"	5	FALSE	0	45	100	0	0	395.979797464	395.979797464	1550170521.82	239	266	239	266
9	"1"	"1"	5	FALSE	0	45	100	0	0	395.979797464	395.979797464	1550170521.86	264	284	264	284
9	"1"	"1"	5	FALSE	0	45	100	0	0	395.979797464	395.979797464	1550170521.89	288	301	288	301
9	"1"	"1"	5	FALSE	0	45	100	0	0	395.979797464	395.979797464	1550170521.92	302	310	302	310
9	"1"	"1"	5	FALSE	0	45	100	0	0	395.979797464	395.979797464	1550170521.96	315	321	315	321
9	"1"	"1"	5	FALSE	0	45	100	0	0	395.979797464	395.979797464	1550170521.99	326	330	326	330
9	"1"	"1"	5	FALSE	0	45	100	0	0	395.979797464	395.979797464	1550170522.02	333	336	333	336
9	"1"	"1"	5	FALSE	0	45	100	0	0	395.979797464	395.979797464	1550170522.06	341	345	341	345
9	"1"	"1"	5	FALSE	0	45	100	0	0	395.979797464	395.979797464	1550170522.09	346	353	346	353
9	"1"	"1"	5	FALSE	0	45	100	0	0	395.979797464	395.979797464	1550170522.12	351	359	351	359
9	"1"	"1"	5	FALSE	0	45	100	0	0	395.979797464	395.979797464	1550170522.16	356	364	356	364
9	"1"	"1"	5	FALSE	0	45	100	0	0	395.979797464	395.979797464	1550170522.19	361	372	361	372
9	"1"	"1"	5	FALSE	0	45	100	0	0	395.979797464	395.979797464	1550170522.22	364	378	364	378
9	"1"	"1"	5	FALSE	0	45	100	0	0	395.979797464	395.979797464	1550170522.26	365	382	365	382
9	"1"	"1"	5	FALSE	0	45	100	0	0	395.979797464	395.979797464	1550170522.29	368	386	368	386
9	"1"	"1"	5	FALSE	0	45	100	0	0	395.979797464	395.979797464	1550170522.32	370	389	370	389
9	"1"	"1"	5	FALSE	0	45	100	0	0	395.979797464	395.979797464	1550170522.36	371	391	371	391
9	"1"	"1"	5	FALSE	0	45	100	0	0	395.979797464	395.979797464	1550170522.39	374	394	374	394
9	"1"	"1"	5	FALSE	0	45	100	0	0	395.979797464	395.979797464	1550170522.42	378	397	378	397
9	"1"	"1"	5	FALSE	0	45	100	0	0	395.979797464	395.979797464	1550170522.46	382	400	382	400
9	"1"	"1"	5	FALSE	0	45	100	0	0	395.979797464	395.979797464	1550170522.49	386	403	386	403
9	"1"	"1"	5	FALSE	0	45	100	0	0	395.979797464	395.979797464	1550170522.52	391	406	391	406
9	"1"	"1"	5	FALSE	0	45	100	0	0	395.979797464	395.979797464	1550170522.56	395	408	395	408
9	"1"	"1"	6	FALSE	0	90	100	0	0	3.42901103761e-14	560	1550170523.64	-7	3	-7	3
9	"1"	"1"	6	FALSE	0	90	100	0	0	3.42901103761e-14	560	1550170523.66	-7	3	-7	3
9	"1"	"1"	6	FALSE	0	90	100	0	0	3.42901103761e-14	560	1550170523.69	-7	3	-7	3
9	"1"	"1"	6	FALSE	0	90	100	0	0	3.42901103761e-14	560	1550170523.72	-7	2	-7	2
9	"1"	"1"	6	FALSE	0	90	100	0	0	3.42901103761e-14	560	1550170523.76	-7	2	-7	2
9	"1"	"1"	6	FALSE	0	90	100	0	0	3.42901103761e-14	560	1550170523.79	-7	2	-7	2
9	"1"	"1"	6	FALSE	0	90	100	0	0	3.42901103761e-14	560	1550170523.82	-7	2	-7	2
9	"1"	"1"	6	FALSE	0	90	100	0	0	3.42901103761e-14	560	1550170523.86	-7	2	-7	2
9	"1"	"1"	6	FALSE	0	90	100	0	0	3.42901103761e-14	560	1550170523.89	-7	2	-7	2
9	"1"	"1"	6	FALSE	0	90	100	0	0	3.42901103761e-14	560	1550170523.92	-7	2	-7	2
9	"1"	"1"	6	FALSE	0	90	100	0	0	3.42901103761e-14	560	1550170523.96	-7	2	-7	2
9	"1"	"1"	6	FALSE	0	90	100	0	0	3.42901103761e-14	560	1550170523.99	-7	3	-7	3
9	"1"	"1"	6	FALSE	0	90	100	0	0	3.42901103761e-14	560	1550170524.02	-8	12	-8	12
9	"1"	"1"	6	FALSE	0	90	100	0	0	3.42901103761e-14	560	1550170524.06	-8	42	-8	42
9	"1"	"1"	6	FALSE	0	90	100	0	0	3.42901103761e-14	560	1550170524.09	-7	74	-7	74
9	"1"	"1"	6	FALSE	0	90	100	0	0	3.42901103761e-14	560	1550170524.12	-8	103	-8	103
9	"1"	"1"	6	FALSE	0	90	100	0	0	3.42901103761e-14	560	1550170524.16	-8	140	-8	140
9	"1"	"1"	6	FALSE	0	90	100	0	0	3.42901103761e-14	560	1550170524.19	-8	182	-8	182
9	"1"	"1"	6	FALSE	0	90	100	0	0	3.42901103761e-14	560	1550170524.22	-6	220	-6	220
9	"1"	"1"	6	FALSE	0	90	100	0	0	3.42901103761e-14	560	1550170524.26	-3	263	-3	263
9	"1"	"1"	6	FALSE	0	90	100	0	0	3.42901103761e-14	560	1550170524.29	1	306	1	306
9	"1"	"1"	6	FALSE	0	90	100	0	0	3.42901103761e-14	560	1550170524.32	4	346	4	346
9	"1"	"1"	6	FALSE	0	90	100	0	0	3.42901103761e-14	560	1550170524.36	4	375	4	375
9	"1"	"1"	6	FALSE	0	90	100	0	0	3.42901103761e-14	560	1550170524.39	4	405	4	405
9	"1"	"1"	6	FALSE	0	90	100	0	0	3.42901103761e-14	560	1550170524.42	2	434	2	434
9	"1"	"1"	6	FALSE	0	90	100	0	0	3.42901103761e-14	560	1550170524.46	1	456	1	456
9	"1"	"1"	6	FALSE	0	90	100	0	0	3.42901103761e-14	560	1550170524.49	-2	476	-2	476
9	"1"	"1"	6	FALSE	0	90	100	0	0	3.42901103761e-14	560	1550170524.52	-4	491	-4	491
9	"1"	"1"	6	FALSE	0	90	100	0	0	3.42901103761e-14	560	1550170524.56	-6	505	-6	505
9	"1"	"1"	6	FALSE	0	90	100	0	0	3.42901103761e-14	560	1550170524.59	-8	513	-8	513
9	"1"	"1"	6	FALSE	0	90	100	0	0	3.42901103761e-14	560	1550170524.62	-10	520	-10	520
9	"1"	"1"	6	FALSE	0	90	100	0	0	3.42901103761e-14	560	1550170524.66	-12	527	-12	527
9	"1"	"1"	6	FALSE	0	90	100	0	0	3.42901103761e-14	560	1550170524.69	-12	530	-12	530
9	"1"	"1"	6	FALSE	0	90	100	0	0	3.42901103761e-14	560	1550170524.72	-12	531	-12	531
9	"1"	"1"	6	FALSE	0	90	100	0	0	3.42901103761e-14	560	1550170524.76	-12	531	-12	531
9	"1"	"1"	6	FALSE	0	90	100	0	0	3.42901103761e-14	560	1550170524.79	-12	531	-12	531
9	"1"	"1"	6	FALSE	0	90	100	0	0	3.42901103761e-14	560	1550170524.82	-12	531	-12	531
9	"1"	"1"	6	FALSE	0	90	100	0	0	3.42901103761e-14	560	1550170524.86	-10	533	-10	533
9	"1"	"1"	6	FALSE	0	90	100	0	0	3.42901103761e-14	560	1550170524.89	-8	537	-8	537
9	"1"	"1"	6	FALSE	0	90	100	0	0	3.42901103761e-14	560	1550170524.92	-6	541	-6	541
9	"1"	"1"	6	FALSE	0	90	100	0	0	3.42901103761e-14	560	1550170524.96	-4	546	-4	546
9	"1"	"1"	6	FALSE	0	90	100	0	0	3.42901103761e-14	560	1550170524.99	-2	551	-2	551
9	"1"	"1"	6	FALSE	0	90	100	0	0	3.42901103761e-14	560	1550170525.03	-1	553	-1	553
9	"1"	"1"	7	FALSE	0	90	100	0	0	3.42901103761e-14	560	1550170526.21	-1	1	-1	1
9	"1"	"1"	7	FALSE	0	90	100	0	0	3.42901103761e-14	560	1550170526.24	-1	1	-1	1
9	"1"	"1"	7	FALSE	0	90	100	0	0	3.42901103761e-14	560	1550170526.28	-1	1	-1	1
9	"1"	"1"	7	FALSE	0	90	100	0	0	3.42901103761e-14	560	1550170526.31	-1	1	-1	1
9	"1"	"1"	7	FALSE	0	90	100	0	0	3.42901103761e-14	560	1550170526.34	-1	1	-1	1
9	"1"	"1"	7	FALSE	0	90	100	0	0	3.42901103761e-14	560	1550170526.38	-1	1	-1	1
9	"1"	"1"	7	FALSE	0	90	100	0	0	3.42901103761e-14	560	1550170526.41	-1	1	-1	1
9	"1"	"1"	7	FALSE	0	90	100	0	0	3.42901103761e-14	560	1550170526.44	-1	2	-1	2
9	"1"	"1"	7	FALSE	0	90	100	0	0	3.42901103761e-14	560	1550170526.48	-4	5	-4	5
9	"1"	"1"	7	FALSE	0	90	100	0	0	3.42901103761e-14	560	1550170526.51	-10	12	-10	12
9	"1"	"1"	7	FALSE	0	90	100	0	0	3.42901103761e-14	560	1550170526.54	-18	25	-18	25
9	"1"	"1"	7	FALSE	0	90	100	0	0	3.42901103761e-14	560	1550170526.58	-26	49	-26	49
9	"1"	"1"	7	FALSE	0	90	100	0	0	3.42901103761e-14	560	1550170526.61	-32	80	-32	80
9	"1"	"1"	7	FALSE	0	90	100	0	0	3.42901103761e-14	560	1550170526.64	-37	117	-37	117
9	"1"	"1"	7	FALSE	0	90	100	0	0	3.42901103761e-14	560	1550170526.68	-38	159	-38	159
9	"1"	"1"	7	FALSE	0	90	100	0	0	3.42901103761e-14	560	1550170526.71	-36	195	-36	195
9	"1"	"1"	7	FALSE	0	90	100	0	0	3.42901103761e-14	560	1550170526.74	-32	237	-32	237
9	"1"	"1"	7	FALSE	0	90	100	0	0	3.42901103761e-14	560	1550170526.78	-28	280	-28	280
9	"1"	"1"	7	FALSE	0	90	100	0	0	3.42901103761e-14	560	1550170526.81	-24	320	-24	320
9	"1"	"1"	7	FALSE	0	90	100	0	0	3.42901103761e-14	560	1550170526.84	-19	364	-19	364
9	"1"	"1"	7	FALSE	0	90	100	0	0	3.42901103761e-14	560	1550170526.88	-16	404	-16	404
9	"1"	"1"	7	FALSE	0	90	100	0	0	3.42901103761e-14	560	1550170526.91	-13	433	-13	433
9	"1"	"1"	7	FALSE	0	90	100	0	0	3.42901103761e-14	560	1550170526.94	-11	461	-11	461
9	"1"	"1"	7	FALSE	0	90	100	0	0	3.42901103761e-14	560	1550170526.98	-10	483	-10	483
9	"1"	"1"	7	FALSE	0	90	100	0	0	3.42901103761e-14	560	1550170527.01	-9	496	-9	496
9	"1"	"1"	7	FALSE	0	90	100	0	0	3.42901103761e-14	560	1550170527.04	-10	507	-10	507
9	"1"	"1"	7	FALSE	0	90	100	0	0	3.42901103761e-14	560	1550170527.08	-10	517	-10	517
9	"1"	"1"	7	FALSE	0	90	100	0	0	3.42901103761e-14	560	1550170527.11	-10	526	-10	526
9	"1"	"1"	7	FALSE	0	90	100	0	0	3.42901103761e-14	560	1550170527.14	-10	530	-10	530
9	"1"	"1"	7	FALSE	0	90	100	0	0	3.42901103761e-14	560	1550170527.18	-10	534	-10	534
9	"1"	"1"	7	FALSE	0	90	100	0	0	3.42901103761e-14	560	1550170527.21	-8	539	-8	539
9	"1"	"1"	7	FALSE	0	90	100	0	0	3.42901103761e-14	560	1550170527.24	-5	543	-5	543
9	"1"	"1"	7	FALSE	0	90	100	0	0	3.42901103761e-14	560	1550170527.28	-3	546	-3	546
9	"1"	"1"	8	FALSE	0	135	100	0	0	-395.979797464	395.979797464	1550170528.62	-2	3	-2	3
9	"1"	"1"	8	FALSE	0	135	100	0	0	-395.979797464	395.979797464	1550170528.64	-2	3	-2	3
9	"1"	"1"	8	FALSE	0	135	100	0	0	-395.979797464	395.979797464	1550170528.68	-2	3	-2	3
9	"1"	"1"	8	FALSE	0	135	100	0	0	-395.979797464	395.979797464	1550170528.71	-2	3	-2	3
9	"1"	"1"	8	FALSE	0	135	100	0	0	-395.979797464	395.979797464	1550170528.74	-2	1	-2	1
9	"1"	"1"	8	FALSE	0	135	100	0	0	-395.979797464	395.979797464	1550170528.78	-2	-1	-2	-1
9	"1"	"1"	8	FALSE	0	135	100	0	0	-395.979797464	395.979797464	1550170528.81	-2	-2	-2	-2
9	"1"	"1"	8	FALSE	0	135	100	0	0	-395.979797464	395.979797464	1550170528.84	-2	-2	-2	-2
9	"1"	"1"	8	FALSE	0	135	100	0	0	-395.979797464	395.979797464	1550170528.88	-2	-2	-2	-2
9	"1"	"1"	8	FALSE	0	135	100	0	0	-395.979797464	395.979797464	1550170528.91	-2	-1	-2	-1
9	"1"	"1"	8	FALSE	0	135	100	0	0	-395.979797464	395.979797464	1550170528.94	-4	7	-4	7
9	"1"	"1"	8	FALSE	0	135	100	0	0	-395.979797464	395.979797464	1550170528.98	-14	28	-14	28
9	"1"	"1"	8	FALSE	0	135	100	0	0	-395.979797464	395.979797464	1550170529.01	-28	55	-28	55
9	"1"	"1"	8	FALSE	0	135	100	0	0	-395.979797464	395.979797464	1550170529.04	-48	84	-48	84
9	"1"	"1"	8	FALSE	0	135	100	0	0	-395.979797464	395.979797464	1550170529.08	-67	109	-67	109
9	"1"	"1"	8	FALSE	0	135	100	0	0	-395.979797464	395.979797464	1550170529.11	-92	138	-92	138
9	"1"	"1"	8	FALSE	0	135	100	0	0	-395.979797464	395.979797464	1550170529.14	-121	161	-121	161
9	"1"	"1"	8	FALSE	0	135	100	0	0	-395.979797464	395.979797464	1550170529.18	-153	183	-153	183
9	"1"	"1"	8	FALSE	0	135	100	0	0	-395.979797464	395.979797464	1550170529.21	-186	213	-186	213
9	"1"	"1"	8	FALSE	0	135	100	0	0	-395.979797464	395.979797464	1550170529.24	-214	242	-214	242
9	"1"	"1"	8	FALSE	0	135	100	0	0	-395.979797464	395.979797464	1550170529.28	-248	271	-248	271
9	"1"	"1"	8	FALSE	0	135	100	0	0	-395.979797464	395.979797464	1550170529.31	-282	293	-282	293
9	"1"	"1"	8	FALSE	0	135	100	0	0	-395.979797464	395.979797464	1550170529.34	-308	312	-308	312
9	"1"	"1"	8	FALSE	0	135	100	0	0	-395.979797464	395.979797464	1550170529.38	-334	331	-334	331
9	"1"	"1"	8	FALSE	0	135	100	0	0	-395.979797464	395.979797464	1550170529.41	-352	344	-352	344
9	"1"	"1"	8	FALSE	0	135	100	0	0	-395.979797464	395.979797464	1550170529.45	-367	359	-367	359
9	"1"	"1"	8	FALSE	0	135	100	0	0	-395.979797464	395.979797464	1550170529.48	-377	369	-377	369
9	"1"	"1"	8	FALSE	0	135	100	0	0	-395.979797464	395.979797464	1550170529.51	-387	376	-387	376
9	"1"	"1"	8	FALSE	0	135	100	0	0	-395.979797464	395.979797464	1550170529.55	-394	381	-394	381
9	"1"	"1"	8	FALSE	0	135	100	0	0	-395.979797464	395.979797464	1550170529.58	-399	384	-399	384
9	"1"	"1"	8	FALSE	0	135	100	0	0	-395.979797464	395.979797464	1550170529.61	-402	387	-402	387
9	"1"	"1"	8	FALSE	0	135	100	0	0	-395.979797464	395.979797464	1550170529.65	-403	388	-403	388
9	"1"	"1"	9	FALSE	0	45	100	0	0	395.979797464	395.979797464	1550170530.99	-2	2	-2	2
9	"1"	"1"	9	FALSE	0	45	100	0	0	395.979797464	395.979797464	1550170531.01	-2	2	-2	2
9	"1"	"1"	9	FALSE	0	45	100	0	0	395.979797464	395.979797464	1550170531.05	-2	2	-2	2
9	"1"	"1"	9	FALSE	0	45	100	0	0	395.979797464	395.979797464	1550170531.08	-2	2	-2	2
9	"1"	"1"	9	FALSE	0	45	100	0	0	395.979797464	395.979797464	1550170531.11	-2	2	-2	2
9	"1"	"1"	9	FALSE	0	45	100	0	0	395.979797464	395.979797464	1550170531.15	-2	2	-2	2
9	"1"	"1"	9	FALSE	0	45	100	0	0	395.979797464	395.979797464	1550170531.18	-2	2	-2	2
9	"1"	"1"	9	FALSE	0	45	100	0	0	395.979797464	395.979797464	1550170531.21	-2	2	-2	2
9	"1"	"1"	9	FALSE	0	45	100	0	0	395.979797464	395.979797464	1550170531.25	-2	2	-2	2
9	"1"	"1"	9	FALSE	0	45	100	0	0	395.979797464	395.979797464	1550170531.28	-2	2	-2	2
9	"1"	"1"	9	FALSE	0	45	100	0	0	395.979797464	395.979797464	1550170531.31	-2	2	-2	2
9	"1"	"1"	9	FALSE	0	45	100	0	0	395.979797464	395.979797464	1550170531.35	4	10	4	10
9	"1"	"1"	9	FALSE	0	45	100	0	0	395.979797464	395.979797464	1550170531.38	15	28	15	28
9	"1"	"1"	9	FALSE	0	45	100	0	0	395.979797464	395.979797464	1550170531.41	34	55	34	55
9	"1"	"1"	9	FALSE	0	45	100	0	0	395.979797464	395.979797464	1550170531.45	55	86	55	86
9	"1"	"1"	9	FALSE	0	45	100	0	0	395.979797464	395.979797464	1550170531.48	84	121	84	121
9	"1"	"1"	9	FALSE	0	45	100	0	0	395.979797464	395.979797464	1550170531.51	112	153	112	153
9	"1"	"1"	9	FALSE	0	45	100	0	0	395.979797464	395.979797464	1550170531.55	146	190	146	190
9	"1"	"1"	9	FALSE	0	45	100	0	0	395.979797464	395.979797464	1550170531.58	183	226	183	226
9	"1"	"1"	9	FALSE	0	45	100	0	0	395.979797464	395.979797464	1550170531.61	217	256	217	256
9	"1"	"1"	9	FALSE	0	45	100	0	0	395.979797464	395.979797464	1550170531.65	254	286	254	286
9	"1"	"1"	9	FALSE	0	45	100	0	0	395.979797464	395.979797464	1550170531.68	286	313	286	313
9	"1"	"1"	9	FALSE	0	45	100	0	0	395.979797464	395.979797464	1550170531.71	314	334	314	334
9	"1"	"1"	9	FALSE	0	45	100	0	0	395.979797464	395.979797464	1550170531.75	334	349	334	349
9	"1"	"1"	9	FALSE	0	45	100	0	0	395.979797464	395.979797464	1550170531.78	348	359	348	359
9	"1"	"1"	9	FALSE	0	45	100	0	0	395.979797464	395.979797464	1550170531.81	360	368	360	368
9	"1"	"1"	9	FALSE	0	45	100	0	0	395.979797464	395.979797464	1550170531.85	368	374	368	374
9	"1"	"1"	9	FALSE	0	45	100	0	0	395.979797464	395.979797464	1550170531.88	375	380	375	380
9	"1"	"1"	9	FALSE	0	45	100	0	0	395.979797464	395.979797464	1550170531.91	380	385	380	385
9	"1"	"1"	9	FALSE	0	45	100	0	0	395.979797464	395.979797464	1550170531.95	385	390	385	390
9	"1"	"1"	9	FALSE	0	45	100	0	0	395.979797464	395.979797464	1550170531.98	391	394	391	394
9	"1"	"1"	9	FALSE	0	45	100	0	0	395.979797464	395.979797464	1550170532.01	393	397	393	397
9	"1"	"1"	9	FALSE	0	45	100	0	0	395.979797464	395.979797464	1550170532.05	394	398	394	398
9	"1"	"1"	10	FALSE	0	135	100	0	0	-395.979797464	395.979797464	1550170533.26	8	7	8	7
9	"1"	"1"	10	FALSE	0	135	100	0	0	-395.979797464	395.979797464	1550170533.28	8	7	8	7
9	"1"	"1"	10	FALSE	0	135	100	0	0	-395.979797464	395.979797464	1550170533.31	8	7	8	7
9	"1"	"1"	10	FALSE	0	135	100	0	0	-395.979797464	395.979797464	1550170533.35	8	7	8	7
9	"1"	"1"	10	FALSE	0	135	100	0	0	-395.979797464	395.979797464	1550170533.38	7	6	7	6
9	"1"	"1"	10	FALSE	0	135	100	0	0	-395.979797464	395.979797464	1550170533.41	6	5	6	5
9	"1"	"1"	10	FALSE	0	135	100	0	0	-395.979797464	395.979797464	1550170533.45	5	4	5	4
9	"1"	"1"	10	FALSE	0	135	100	0	0	-395.979797464	395.979797464	1550170533.48	5	4	5	4
9	"1"	"1"	10	FALSE	0	135	100	0	0	-395.979797464	395.979797464	1550170533.51	5	4	5	4
9	"1"	"1"	10	FALSE	0	135	100	0	0	-395.979797464	395.979797464	1550170533.55	5	4	5	4
9	"1"	"1"	10	FALSE	0	135	100	0	0	-395.979797464	395.979797464	1550170533.58	5	5	5	5
9	"1"	"1"	10	FALSE	0	135	100	0	0	-395.979797464	395.979797464	1550170533.61	2	12	2	12
9	"1"	"1"	10	FALSE	0	135	100	0	0	-395.979797464	395.979797464	1550170533.65	-8	29	-8	29
9	"1"	"1"	10	FALSE	0	135	100	0	0	-395.979797464	395.979797464	1550170533.68	-28	55	-28	55
9	"1"	"1"	10	FALSE	0	135	100	0	0	-395.979797464	395.979797464	1550170533.72	-46	82	-46	82
9	"1"	"1"	10	FALSE	0	135	100	0	0	-395.979797464	395.979797464	1550170533.75	-72	113	-72	113
9	"1"	"1"	10	FALSE	0	135	100	0	0	-395.979797464	395.979797464	1550170533.78	-100	140	-100	140
9	"1"	"1"	10	FALSE	0	135	100	0	0	-395.979797464	395.979797464	1550170533.82	-127	165	-127	165
9	"1"	"1"	10	FALSE	0	135	100	0	0	-395.979797464	395.979797464	1550170533.85	-159	195	-159	195
9	"1"	"1"	10	FALSE	0	135	100	0	0	-395.979797464	395.979797464	1550170533.88	-189	223	-189	223
9	"1"	"1"	10	FALSE	0	135	100	0	0	-395.979797464	395.979797464	1550170533.92	-228	259	-228	259
9	"1"	"1"	10	FALSE	0	135	100	0	0	-395.979797464	395.979797464	1550170533.95	-256	285	-256	285
9	"1"	"1"	10	FALSE	0	135	100	0	0	-395.979797464	395.979797464	1550170533.98	-287	314	-287	314
9	"1"	"1"	10	FALSE	0	135	100	0	0	-395.979797464	395.979797464	1550170534.02	-314	338	-314	338
9	"1"	"1"	10	FALSE	0	135	100	0	0	-395.979797464	395.979797464	1550170534.05	-332	358	-332	358
9	"1"	"1"	10	FALSE	0	135	100	0	0	-395.979797464	395.979797464	1550170534.08	-348	378	-348	378
9	"1"	"1"	10	FALSE	0	135	100	0	0	-395.979797464	395.979797464	1550170534.12	-359	390	-359	390
9	"1"	"1"	10	FALSE	0	135	100	0	0	-395.979797464	395.979797464	1550170534.15	-368	399	-368	399
9	"1"	"1"	10	FALSE	0	135	100	0	0	-395.979797464	395.979797464	1550170534.18	-376	406	-376	406
9	"1"	"1"	10	FALSE	0	135	100	0	0	-395.979797464	395.979797464	1550170534.22	-381	410	-381	410
9	"1"	"1"	10	FALSE	0	135	100	0	0	-395.979797464	395.979797464	1550170534.25	-384	412	-384	412
9	"1"	"1"	10	FALSE	0	135	100	0	0	-395.979797464	395.979797464	1550170534.28	-386	413	-386	413
9	"1"	"1"	10	FALSE	0	135	100	0	0	-395.979797464	395.979797464	1550170534.32	-386	413	-386	413
9	"1"	"1"	10	FALSE	0	135	100	0	0	-395.979797464	395.979797464	1550170534.35	-386	413	-386	413
9	"1"	"1"	10	FALSE	0	135	100	0	0	-395.979797464	395.979797464	1550170534.38	-386	413	-386	413
9	"1"	"1"	10	FALSE	0	135	100	0	0	-395.979797464	395.979797464	1550170534.42	-386	413	-386	413
9	"1"	"1"	10	FALSE	0	135	100	0	0	-395.979797464	395.979797464	1550170534.45	-386	413	-386	413
9	"1"	"1"	10	FALSE	0	135	100	0	0	-395.979797464	395.979797464	1550170534.48	-386	413	-386	413
9	"1"	"1"	10	FALSE	0	135	100	0	0	-395.979797464	395.979797464	1550170534.52	-388	411	-388	411
9	"1"	"1"	10	FALSE	0	135	100	0	0	-395.979797464	395.979797464	1550170534.55	-391	406	-391	406
9	"1"	"1"	10	FALSE	0	135	100	0	0	-395.979797464	395.979797464	1550170534.58	-392	403	-392	403
9	"1"	"1"	11	FALSE	0	45	100	0	0	395.979797464	395.979797464	1550170535.96	2	5	2	5
9	"1"	"1"	11	FALSE	0	45	100	0	0	395.979797464	395.979797464	1550170535.98	2	5	2	5
9	"1"	"1"	11	FALSE	0	45	100	0	0	395.979797464	395.979797464	1550170536.02	2	5	2	5
9	"1"	"1"	11	FALSE	0	45	100	0	0	395.979797464	395.979797464	1550170536.05	2	5	2	5
9	"1"	"1"	11	FALSE	0	45	100	0	0	395.979797464	395.979797464	1550170536.08	2	5	2	5
9	"1"	"1"	11	FALSE	0	45	100	0	0	395.979797464	395.979797464	1550170536.12	2	5	2	5
9	"1"	"1"	11	FALSE	0	45	100	0	0	395.979797464	395.979797464	1550170536.15	2	5	2	5
9	"1"	"1"	11	FALSE	0	45	100	0	0	395.979797464	395.979797464	1550170536.18	2	9	2	9
9	"1"	"1"	11	FALSE	0	45	100	0	0	395.979797464	395.979797464	1550170536.22	0	18	0	18
9	"1"	"1"	11	FALSE	0	45	100	0	0	395.979797464	395.979797464	1550170536.25	-1	39	-1	39
9	"1"	"1"	11	FALSE	0	45	100	0	0	395.979797464	395.979797464	1550170536.28	1	70	1	70
9	"1"	"1"	11	FALSE	0	45	100	0	0	395.979797464	395.979797464	1550170536.32	9	102	9	102
9	"1"	"1"	11	FALSE	0	45	100	0	0	395.979797464	395.979797464	1550170536.35	25	140	25	140
9	"1"	"1"	11	FALSE	0	45	100	0	0	395.979797464	395.979797464	1550170536.38	47	176	47	176
9	"1"	"1"	11	FALSE	0	45	100	0	0	395.979797464	395.979797464	1550170536.42	78	209	78	209
9	"1"	"1"	11	FALSE	0	45	100	0	0	395.979797464	395.979797464	1550170536.45	114	238	114	238
9	"1"	"1"	11	FALSE	0	45	100	0	0	395.979797464	395.979797464	1550170536.48	148	258	148	258
9	"1"	"1"	11	FALSE	0	45	100	0	0	395.979797464	395.979797464	1550170536.52	190	278	190	278
9	"1"	"1"	11	FALSE	0	45	100	0	0	395.979797464	395.979797464	1550170536.55	226	295	226	295
9	"1"	"1"	11	FALSE	0	45	100	0	0	395.979797464	395.979797464	1550170536.58	266	315	266	315
9	"1"	"1"	11	FALSE	0	45	100	0	0	395.979797464	395.979797464	1550170536.62	302	335	302	335
9	"1"	"1"	11	FALSE	0	45	100	0	0	395.979797464	395.979797464	1550170536.65	327	351	327	351
9	"1"	"1"	11	FALSE	0	45	100	0	0	395.979797464	395.979797464	1550170536.68	352	369	352	369
9	"1"	"1"	11	FALSE	0	45	100	0	0	395.979797464	395.979797464	1550170536.72	363	378	363	378
9	"1"	"1"	11	FALSE	0	45	100	0	0	395.979797464	395.979797464	1550170536.75	373	385	373	385
9	"1"	"1"	11	FALSE	0	45	100	0	0	395.979797464	395.979797464	1550170536.78	377	389	377	389
9	"1"	"1"	11	FALSE	0	45	100	0	0	395.979797464	395.979797464	1550170536.82	377	389	377	389
9	"1"	"1"	11	FALSE	0	45	100	0	0	395.979797464	395.979797464	1550170536.85	377	389	377	389
9	"1"	"1"	11	FALSE	0	45	100	0	0	395.979797464	395.979797464	1550170536.88	377	389	377	389
9	"1"	"1"	11	FALSE	0	45	100	0	0	395.979797464	395.979797464	1550170536.92	377	389	377	389
9	"1"	"1"	11	FALSE	0	45	100	0	0	395.979797464	395.979797464	1550170536.95	377	389	377	389
9	"1"	"1"	11	FALSE	0	45	100	0	0	395.979797464	395.979797464	1550170536.98	377	389	377	389
9	"1"	"1"	11	FALSE	0	45	100	0	0	395.979797464	395.979797464	1550170537.02	377	389	377	389
9	"1"	"1"	11	FALSE	0	45	100	0	0	395.979797464	395.979797464	1550170537.05	377	389	377	389
9	"1"	"1"	11	FALSE	0	45	100	0	0	395.979797464	395.979797464	1550170537.08	377	389	377	389
9	"1"	"1"	11	FALSE	0	45	100	0	0	395.979797464	395.979797464	1550170537.12	379	390	379	390
9	"1"	"1"	11	FALSE	0	45	100	0	0	395.979797464	395.979797464	1550170537.15	384	393	384	393
9	"1"	"1"	11	FALSE	0	45	100	0	0	395.979797464	395.979797464	1550170537.18	388	396	388	396
9	"1"	"1"	11	FALSE	0	45	100	0	0	395.979797464	395.979797464	1550170537.22	391	398	391	398
9	"1"	"1"	11	FALSE	0	45	100	0	0	395.979797464	395.979797464	1550170537.25	394	399	394	399
9	"1"	"1"	11	FALSE	0	45	100	0	0	395.979797464	395.979797464	1550170537.28	395	400	395	400
9	"1"	"1"	12	FALSE	0	90	100	0	0	3.42901103761e-14	560	1550170538.73	-4	8	-4	8
9	"1"	"1"	12	FALSE	0	90	100	0	0	3.42901103761e-14	560	1550170538.75	-4	8	-4	8
9	"1"	"1"	12	FALSE	0	90	100	0	0	3.42901103761e-14	560	1550170538.79	-4	8	-4	8
9	"1"	"1"	12	FALSE	0	90	100	0	0	3.42901103761e-14	560	1550170538.82	-4	8	-4	8
9	"1"	"1"	12	FALSE	0	90	100	0	0	3.42901103761e-14	560	1550170538.85	-4	8	-4	8
9	"1"	"1"	12	FALSE	0	90	100	0	0	3.42901103761e-14	560	1550170538.89	-4	8	-4	8
9	"1"	"1"	12	FALSE	0	90	100	0	0	3.42901103761e-14	560	1550170538.92	-4	8	-4	8
9	"1"	"1"	12	FALSE	0	90	100	0	0	3.42901103761e-14	560	1550170538.95	-4	8	-4	8
9	"1"	"1"	12	FALSE	0	90	100	0	0	3.42901103761e-14	560	1550170538.99	-4	7	-4	7
9	"1"	"1"	12	FALSE	0	90	100	0	0	3.42901103761e-14	560	1550170539.02	-4	7	-4	7
9	"1"	"1"	12	FALSE	0	90	100	0	0	3.42901103761e-14	560	1550170539.05	-4	7	-4	7
9	"1"	"1"	12	FALSE	0	90	100	0	0	3.42901103761e-14	560	1550170539.09	-4	7	-4	7
9	"1"	"1"	12	FALSE	0	90	100	0	0	3.42901103761e-14	560	1550170539.12	-6	12	-6	12
9	"1"	"1"	12	FALSE	0	90	100	0	0	3.42901103761e-14	560	1550170539.15	-8	38	-8	38
9	"1"	"1"	12	FALSE	0	90	100	0	0	3.42901103761e-14	560	1550170539.19	-9	68	-9	68
9	"1"	"1"	12	FALSE	0	90	100	0	0	3.42901103761e-14	560	1550170539.22	-11	108	-11	108
9	"1"	"1"	12	FALSE	0	90	100	0	0	3.42901103761e-14	560	1550170539.25	-12	156	-12	156
9	"1"	"1"	12	FALSE	0	90	100	0	0	3.42901103761e-14	560	1550170539.29	-10	206	-10	206
9	"1"	"1"	12	FALSE	0	90	100	0	0	3.42901103761e-14	560	1550170539.32	-6	248	-6	248
9	"1"	"1"	12	FALSE	0	90	100	0	0	3.42901103761e-14	560	1550170539.35	-4	299	-4	299
9	"1"	"1"	12	FALSE	0	90	100	0	0	3.42901103761e-14	560	1550170539.39	-3	350	-3	350
9	"1"	"1"	12	FALSE	0	90	100	0	0	3.42901103761e-14	560	1550170539.42	-3	388	-3	388
9	"1"	"1"	12	FALSE	0	90	100	0	0	3.42901103761e-14	560	1550170539.45	-7	424	-7	424
9	"1"	"1"	12	FALSE	0	90	100	0	0	3.42901103761e-14	560	1550170539.49	-11	453	-11	453
9	"1"	"1"	12	FALSE	0	90	100	0	0	3.42901103761e-14	560	1550170539.52	-11	478	-11	478
9	"1"	"1"	12	FALSE	0	90	100	0	0	3.42901103761e-14	560	1550170539.55	-11	489	-11	489
9	"1"	"1"	12	FALSE	0	90	100	0	0	3.42901103761e-14	560	1550170539.59	-12	501	-12	501
9	"1"	"1"	12	FALSE	0	90	100	0	0	3.42901103761e-14	560	1550170539.62	-12	511	-12	511
9	"1"	"1"	12	FALSE	0	90	100	0	0	3.42901103761e-14	560	1550170539.65	-11	516	-11	516
9	"1"	"1"	12	FALSE	0	90	100	0	0	3.42901103761e-14	560	1550170539.69	-11	518	-11	518
9	"1"	"1"	12	FALSE	0	90	100	0	0	3.42901103761e-14	560	1550170539.72	-10	520	-10	520
9	"1"	"1"	12	FALSE	0	90	100	0	0	3.42901103761e-14	560	1550170539.75	-10	523	-10	523
9	"1"	"1"	12	FALSE	0	90	100	0	0	3.42901103761e-14	560	1550170539.79	-9	525	-9	525
9	"1"	"1"	12	FALSE	0	90	100	0	0	3.42901103761e-14	560	1550170539.82	-8	529	-8	529
9	"1"	"1"	12	FALSE	0	90	100	0	0	3.42901103761e-14	560	1550170539.85	-6	534	-6	534
9	"1"	"1"	12	FALSE	0	90	100	0	0	3.42901103761e-14	560	1550170539.89	-5	539	-5	539
9	"1"	"1"	12	FALSE	0	90	100	0	0	3.42901103761e-14	560	1550170539.92	-3	544	-3	544
9	"1"	"1"	12	FALSE	0	90	100	0	0	3.42901103761e-14	560	1550170539.95	-3	548	-3	548
9	"1"	"1"	12	FALSE	0	90	100	0	0	3.42901103761e-14	560	1550170539.99	-2	550	-2	550
9	"1"	"1"	13	FALSE	0	90	100	0	0	3.42901103761e-14	560	1550170541.43	1	0	1	0
9	"1"	"1"	13	FALSE	0	90	100	0	0	3.42901103761e-14	560	1550170541.45	1	0	1	0
9	"1"	"1"	13	FALSE	0	90	100	0	0	3.42901103761e-14	560	1550170541.49	1	0	1	0
9	"1"	"1"	13	FALSE	0	90	100	0	0	3.42901103761e-14	560	1550170541.52	1	0	1	0
9	"1"	"1"	13	FALSE	0	90	100	0	0	3.42901103761e-14	560	1550170541.55	1	0	1	0
9	"1"	"1"	13	FALSE	0	90	100	0	0	3.42901103761e-14	560	1550170541.59	1	0	1	0
9	"1"	"1"	13	FALSE	0	90	100	0	0	3.42901103761e-14	560	1550170541.62	1	0	1	0
9	"1"	"1"	13	FALSE	0	90	100	0	0	3.42901103761e-14	560	1550170541.65	1	0	1	0
9	"1"	"1"	13	FALSE	0	90	100	0	0	3.42901103761e-14	560	1550170541.69	1	0	1	0
9	"1"	"1"	13	FALSE	0	90	100	0	0	3.42901103761e-14	560	1550170541.72	1	0	1	0
9	"1"	"1"	13	FALSE	0	90	100	0	0	3.42901103761e-14	560	1550170541.75	1	0	1	0
9	"1"	"1"	13	FALSE	0	90	100	0	0	3.42901103761e-14	560	1550170541.79	-1	6	-1	6
9	"1"	"1"	13	FALSE	0	90	100	0	0	3.42901103761e-14	560	1550170541.82	-6	30	-6	30
9	"1"	"1"	13	FALSE	0	90	100	0	0	3.42901103761e-14	560	1550170541.85	-9	58	-9	58
9	"1"	"1"	13	FALSE	0	90	100	0	0	3.42901103761e-14	560	1550170541.89	-15	99	-15	99
9	"1"	"1"	13	FALSE	0	90	100	0	0	3.42901103761e-14	560	1550170541.92	-19	141	-19	141
9	"1"	"1"	13	FALSE	0	90	100	0	0	3.42901103761e-14	560	1550170541.95	-22	192	-22	192
9	"1"	"1"	13	FALSE	0	90	100	0	0	3.42901103761e-14	560	1550170541.99	-24	241	-24	241
9	"1"	"1"	13	FALSE	0	90	100	0	0	3.42901103761e-14	560	1550170542.02	-25	291	-25	291
9	"1"	"1"	13	FALSE	0	90	100	0	0	3.42901103761e-14	560	1550170542.05	-28	341	-28	341
9	"1"	"1"	13	FALSE	0	90	100	0	0	3.42901103761e-14	560	1550170542.09	-32	379	-32	379
9	"1"	"1"	13	FALSE	0	90	100	0	0	3.42901103761e-14	560	1550170542.12	-35	418	-35	418
9	"1"	"1"	13	FALSE	0	90	100	0	0	3.42901103761e-14	560	1550170542.15	-36	453	-36	453
9	"1"	"1"	13	FALSE	0	90	100	0	0	3.42901103761e-14	560	1550170542.19	-36	477	-36	477
9	"1"	"1"	13	FALSE	0	90	100	0	0	3.42901103761e-14	560	1550170542.22	-35	495	-35	495
9	"1"	"1"	13	FALSE	0	90	100	0	0	3.42901103761e-14	560	1550170542.26	-33	508	-33	508
9	"1"	"1"	13	FALSE	0	90	100	0	0	3.42901103761e-14	560	1550170542.29	-31	516	-31	516
9	"1"	"1"	13	FALSE	0	90	100	0	0	3.42901103761e-14	560	1550170542.32	-30	519	-30	519
9	"1"	"1"	13	FALSE	0	90	100	0	0	3.42901103761e-14	560	1550170542.35	-29	522	-29	522
9	"1"	"1"	13	FALSE	0	90	100	0	0	3.42901103761e-14	560	1550170542.39	-28	524	-28	524
9	"1"	"1"	13	FALSE	0	90	100	0	0	3.42901103761e-14	560	1550170542.42	-26	526	-26	526
9	"1"	"1"	13	FALSE	0	90	100	0	0	3.42901103761e-14	560	1550170542.46	-23	528	-23	528
9	"1"	"1"	13	FALSE	0	90	100	0	0	3.42901103761e-14	560	1550170542.49	-20	530	-20	530
9	"1"	"1"	13	FALSE	0	90	100	0	0	3.42901103761e-14	560	1550170542.52	-15	533	-15	533
9	"1"	"1"	13	FALSE	0	90	100	0	0	3.42901103761e-14	560	1550170542.56	-12	534	-12	534
9	"1"	"1"	13	FALSE	0	90	100	0	0	3.42901103761e-14	560	1550170542.59	-12	535	-12	535
9	"1"	"1"	13	FALSE	0	90	100	0	0	3.42901103761e-14	560	1550170542.62	-11	535	-11	535
9	"1"	"1"	13	FALSE	0	90	100	0	0	3.42901103761e-14	560	1550170542.66	-10	536	-10	536
9	"1"	"1"	13	FALSE	0	90	100	0	0	3.42901103761e-14	560	1550170542.69	-8	539	-8	539
9	"1"	"1"	13	FALSE	0	90	100	0	0	3.42901103761e-14	560	1550170542.72	-6	543	-6	543
9	"1"	"1"	13	FALSE	0	90	100	0	0	3.42901103761e-14	560	1550170542.76	-3	547	-3	547
9	"1"	"1"	13	FALSE	0	90	100	0	0	3.42901103761e-14	560	1550170542.79	-2	551	-2	551
9	"1"	"1"	13	FALSE	0	90	100	0	0	3.42901103761e-14	560	1550170542.82	-1	553	-1	553
9	"1"	"1"	13	FALSE	0	90	100	0	0	3.42901103761e-14	560	1550170542.86	-1	555	-1	555
9	"1"	"1"	13	FALSE	0	90	100	0	0	3.42901103761e-14	560	1550170542.89	0	557	0	557
9	"1"	"1"	13	FALSE	0	90	100	0	0	3.42901103761e-14	560	1550170542.92	0	559	0	559
9	"1"	"1"	14	FALSE	0	45	100	0	0	395.979797464	395.979797464	1550170544.1	11	8	11	8
9	"1"	"1"	14	FALSE	0	45	100	0	0	395.979797464	395.979797464	1550170544.12	11	8	11	8
9	"1"	"1"	14	FALSE	0	45	100	0	0	395.979797464	395.979797464	1550170544.16	11	7	11	7
9	"1"	"1"	14	FALSE	0	45	100	0	0	395.979797464	395.979797464	1550170544.19	9	6	9	6
9	"1"	"1"	14	FALSE	0	45	100	0	0	395.979797464	395.979797464	1550170544.22	7	5	7	5
9	"1"	"1"	14	FALSE	0	45	100	0	0	395.979797464	395.979797464	1550170544.26	5	4	5	4
9	"1"	"1"	14	FALSE	0	45	100	0	0	395.979797464	395.979797464	1550170544.29	4	3	4	3
9	"1"	"1"	14	FALSE	0	45	100	0	0	395.979797464	395.979797464	1550170544.32	3	3	3	3
9	"1"	"1"	14	FALSE	0	45	100	0	0	395.979797464	395.979797464	1550170544.36	3	3	3	3
9	"1"	"1"	14	FALSE	0	45	100	0	0	395.979797464	395.979797464	1550170544.39	3	3	3	3
9	"1"	"1"	14	FALSE	0	45	100	0	0	395.979797464	395.979797464	1550170544.42	3	4	3	4
9	"1"	"1"	14	FALSE	0	45	100	0	0	395.979797464	395.979797464	1550170544.46	7	13	7	13
9	"1"	"1"	14	FALSE	0	45	100	0	0	395.979797464	395.979797464	1550170544.49	25	49	25	49
9	"1"	"1"	14	FALSE	0	45	100	0	0	395.979797464	395.979797464	1550170544.52	42	77	42	77
9	"1"	"1"	14	FALSE	0	45	100	0	0	395.979797464	395.979797464	1550170544.56	69	115	69	115
9	"1"	"1"	14	FALSE	0	45	100	0	0	395.979797464	395.979797464	1550170544.59	98	151	98	151
9	"1"	"1"	14	FALSE	0	45	100	0	0	395.979797464	395.979797464	1550170544.62	134	189	134	189
9	"1"	"1"	14	FALSE	0	45	100	0	0	395.979797464	395.979797464	1550170544.66	171	222	171	222
9	"1"	"1"	14	FALSE	0	45	100	0	0	395.979797464	395.979797464	1550170544.69	204	247	204	247
9	"1"	"1"	14	FALSE	0	45	100	0	0	395.979797464	395.979797464	1550170544.72	240	273	240	273
9	"1"	"1"	14	FALSE	0	45	100	0	0	395.979797464	395.979797464	1550170544.76	273	294	273	294
9	"1"	"1"	14	FALSE	0	45	100	0	0	395.979797464	395.979797464	1550170544.79	305	314	305	314
9	"1"	"1"	14	FALSE	0	45	100	0	0	395.979797464	395.979797464	1550170544.82	333	330	333	330
9	"1"	"1"	14	FALSE	0	45	100	0	0	395.979797464	395.979797464	1550170544.86	355	342	355	342
9	"1"	"1"	14	FALSE	0	45	100	0	0	395.979797464	395.979797464	1550170544.89	377	354	377	354
9	"1"	"1"	14	FALSE	0	45	100	0	0	395.979797464	395.979797464	1550170544.92	392	363	392	363
9	"1"	"1"	14	FALSE	0	45	100	0	0	395.979797464	395.979797464	1550170544.96	405	370	405	370
9	"1"	"1"	14	FALSE	0	45	100	0	0	395.979797464	395.979797464	1550170544.99	416	376	416	376
9	"1"	"1"	14	FALSE	0	45	100	0	0	395.979797464	395.979797464	1550170545.02	422	381	422	381
9	"1"	"1"	14	FALSE	0	45	100	0	0	395.979797464	395.979797464	1550170545.06	428	386	428	386
9	"1"	"1"	14	FALSE	0	45	100	0	0	395.979797464	395.979797464	1550170545.09	429	387	429	387
9	"1"	"1"	14	FALSE	0	45	100	0	0	395.979797464	395.979797464	1550170545.12	429	387	429	387
9	"1"	"1"	14	FALSE	0	45	100	0	0	395.979797464	395.979797464	1550170545.16	429	387	429	387
9	"1"	"1"	14	FALSE	0	45	100	0	0	395.979797464	395.979797464	1550170545.19	428	388	428	388
9	"1"	"1"	14	FALSE	0	45	100	0	0	395.979797464	395.979797464	1550170545.22	424	390	424	390
9	"1"	"1"	14	FALSE	0	45	100	0	0	395.979797464	395.979797464	1550170545.26	421	391	421	391
9	"1"	"1"	14	FALSE	0	45	100	0	0	395.979797464	395.979797464	1550170545.29	417	394	417	394
9	"1"	"1"	14	FALSE	0	45	100	0	0	395.979797464	395.979797464	1550170545.32	412	398	412	398
9	"1"	"1"	14	FALSE	0	45	100	0	0	395.979797464	395.979797464	1550170545.36	408	401	408	401
9	"1"	"1"	14	FALSE	0	45	100	0	0	395.979797464	395.979797464	1550170545.39	402	402	402	402
9	"1"	"1"	14	FALSE	0	45	100	0	0	395.979797464	395.979797464	1550170545.42	395	401	395	401
9	"1"	"1"	14	FALSE	0	45	100	0	0	395.979797464	395.979797464	1550170545.46	391	398	391	398
9	"1"	"1"	15	FALSE	0	135	100	0	0	-395.979797464	395.979797464	1550170546.37	2	2	2	2
9	"1"	"1"	15	FALSE	0	135	100	0	0	-395.979797464	395.979797464	1550170546.39	2	2	2	2
9	"1"	"1"	15	FALSE	0	135	100	0	0	-395.979797464	395.979797464	1550170546.42	2	2	2	2
9	"1"	"1"	15	FALSE	0	135	100	0	0	-395.979797464	395.979797464	1550170546.46	2	1	2	1
9	"1"	"1"	15	FALSE	0	135	100	0	0	-395.979797464	395.979797464	1550170546.49	2	1	2	1
9	"1"	"1"	15	FALSE	0	135	100	0	0	-395.979797464	395.979797464	1550170546.52	2	2	2	2
9	"1"	"1"	15	FALSE	0	135	100	0	0	-395.979797464	395.979797464	1550170546.56	2	2	2	2
9	"1"	"1"	15	FALSE	0	135	100	0	0	-395.979797464	395.979797464	1550170546.59	2	2	2	2
9	"1"	"1"	15	FALSE	0	135	100	0	0	-395.979797464	395.979797464	1550170546.62	3	2	3	2
9	"1"	"1"	15	FALSE	0	135	100	0	0	-395.979797464	395.979797464	1550170546.66	5	5	5	5
9	"1"	"1"	15	FALSE	0	135	100	0	0	-395.979797464	395.979797464	1550170546.69	12	12	12	12
9	"1"	"1"	15	FALSE	0	135	100	0	0	-395.979797464	395.979797464	1550170546.72	22	25	22	25
9	"1"	"1"	15	FALSE	0	135	100	0	0	-395.979797464	395.979797464	1550170546.76	35	43	35	43
9	"1"	"1"	15	FALSE	0	135	100	0	0	-395.979797464	395.979797464	1550170546.79	45	58	45	58
9	"1"	"1"	15	FALSE	0	135	100	0	0	-395.979797464	395.979797464	1550170546.83	51	72	51	72
9	"1"	"1"	15	FALSE	0	135	100	0	0	-395.979797464	395.979797464	1550170546.86	50	82	50	82
9	"1"	"1"	15	FALSE	0	135	100	0	0	-395.979797464	395.979797464	1550170546.89	40	93	40	93
9	"1"	"1"	15	FALSE	0	135	100	0	0	-395.979797464	395.979797464	1550170546.93	9	109	9	109
9	"1"	"1"	15	FALSE	0	135	100	0	0	-395.979797464	395.979797464	1550170546.96	-22	126	-22	126
9	"1"	"1"	15	FALSE	0	135	100	0	0	-395.979797464	395.979797464	1550170546.99	-56	151	-56	151
9	"1"	"1"	15	FALSE	0	135	100	0	0	-395.979797464	395.979797464	1550170547.03	-83	177	-83	177
9	"1"	"1"	15	FALSE	0	135	100	0	0	-395.979797464	395.979797464	1550170547.06	-118	209	-118	209
9	"1"	"1"	15	FALSE	0	135	100	0	0	-395.979797464	395.979797464	1550170547.09	-155	240	-155	240
9	"1"	"1"	15	FALSE	0	135	100	0	0	-395.979797464	395.979797464	1550170547.13	-187	262	-187	262
9	"1"	"1"	15	FALSE	0	135	100	0	0	-395.979797464	395.979797464	1550170547.16	-224	286	-224	286
9	"1"	"1"	15	FALSE	0	135	100	0	0	-395.979797464	395.979797464	1550170547.19	-256	310	-256	310
9	"1"	"1"	15	FALSE	0	135	100	0	0	-395.979797464	395.979797464	1550170547.23	-280	326	-280	326
9	"1"	"1"	15	FALSE	0	135	100	0	0	-395.979797464	395.979797464	1550170547.26	-303	339	-303	339
9	"1"	"1"	15	FALSE	0	135	100	0	0	-395.979797464	395.979797464	1550170547.29	-316	348	-316	348
9	"1"	"1"	15	FALSE	0	135	100	0	0	-395.979797464	395.979797464	1550170547.33	-327	357	-327	357
9	"1"	"1"	15	FALSE	0	135	100	0	0	-395.979797464	395.979797464	1550170547.36	-334	363	-334	363
9	"1"	"1"	15	FALSE	0	135	100	0	0	-395.979797464	395.979797464	1550170547.39	-339	369	-339	369
9	"1"	"1"	15	FALSE	0	135	100	0	0	-395.979797464	395.979797464	1550170547.43	-343	375	-343	375
9	"1"	"1"	15	FALSE	0	135	100	0	0	-395.979797464	395.979797464	1550170547.46	-346	378	-346	378
9	"1"	"1"	15	FALSE	0	135	100	0	0	-395.979797464	395.979797464	1550170547.49	-349	382	-349	382
9	"1"	"1"	15	FALSE	0	135	100	0	0	-395.979797464	395.979797464	1550170547.53	-353	387	-353	387
9	"1"	"1"	15	FALSE	0	135	100	0	0	-395.979797464	395.979797464	1550170547.56	-358	390	-358	390
9	"1"	"1"	15	FALSE	0	135	100	0	0	-395.979797464	395.979797464	1550170547.59	-360	392	-360	392
9	"1"	"1"	15	FALSE	0	135	100	0	0	-395.979797464	395.979797464	1550170547.63	-363	393	-363	393
9	"1"	"1"	15	FALSE	0	135	100	0	0	-395.979797464	395.979797464	1550170547.66	-366	394	-366	394
9	"1"	"1"	15	FALSE	0	135	100	0	0	-395.979797464	395.979797464	1550170547.69	-367	395	-367	395
9	"1"	"1"	15	FALSE	0	135	100	0	0	-395.979797464	395.979797464	1550170547.73	-369	396	-369	396
9	"1"	"1"	15	FALSE	0	135	100	0	0	-395.979797464	395.979797464	1550170547.76	-371	397	-371	397
9	"1"	"1"	15	FALSE	0	135	100	0	0	-395.979797464	395.979797464	1550170547.79	-374	397	-374	397
9	"1"	"1"	15	FALSE	0	135	100	0	0	-395.979797464	395.979797464	1550170547.83	-376	398	-376	398
9	"1"	"1"	15	FALSE	0	135	100	0	0	-395.979797464	395.979797464	1550170547.86	-378	398	-378	398
9	"1"	"1"	15	FALSE	0	135	100	0	0	-395.979797464	395.979797464	1550170547.89	-380	398	-380	398
9	"1"	"1"	15	FALSE	0	135	100	0	0	-395.979797464	395.979797464	1550170547.93	-381	398	-381	398
9	"1"	"1"	15	FALSE	0	135	100	0	0	-395.979797464	395.979797464	1550170547.96	-381	398	-381	398
9	"1"	"1"	15	FALSE	0	135	100	0	0	-395.979797464	395.979797464	1550170547.99	-381	398	-381	398
9	"1"	"1"	15	FALSE	0	135	100	0	0	-395.979797464	395.979797464	1550170548.03	-381	398	-381	398
9	"1"	"1"	15	FALSE	0	135	100	0	0	-395.979797464	395.979797464	1550170548.06	-381	398	-381	398
9	"1"	"1"	15	FALSE	0	135	100	0	0	-395.979797464	395.979797464	1550170548.09	-381	398	-381	398
9	"1"	"1"	15	FALSE	0	135	100	0	0	-395.979797464	395.979797464	1550170548.13	-381	398	-381	398
9	"1"	"1"	15	FALSE	0	135	100	0	0	-395.979797464	395.979797464	1550170548.16	-381	398	-381	398
9	"1"	"1"	15	FALSE	0	135	100	0	0	-395.979797464	395.979797464	1550170548.19	-381	398	-381	398
9	"1"	"1"	15	FALSE	0	135	100	0	0	-395.979797464	395.979797464	1550170548.23	-381	398	-381	398
9	"1"	"1"	15	FALSE	0	135	100	0	0	-395.979797464	395.979797464	1550170548.26	-382	398	-382	398
9	"1"	"1"	16	FALSE	0	45	100	0	0	395.979797464	395.979797464	1550170549.34	10	-4	10	-4
9	"1"	"1"	16	FALSE	0	45	100	0	0	395.979797464	395.979797464	1550170549.36	10	-4	10	-4
9	"1"	"1"	16	FALSE	0	45	100	0	0	395.979797464	395.979797464	1550170549.39	10	-4	10	-4
9	"1"	"1"	16	FALSE	0	45	100	0	0	395.979797464	395.979797464	1550170549.43	10	-4	10	-4
9	"1"	"1"	16	FALSE	0	45	100	0	0	395.979797464	395.979797464	1550170549.46	10	-4	10	-4
9	"1"	"1"	16	FALSE	0	45	100	0	0	395.979797464	395.979797464	1550170549.49	10	-4	10	-4
9	"1"	"1"	16	FALSE	0	45	100	0	0	395.979797464	395.979797464	1550170549.53	10	-4	10	-4
9	"1"	"1"	16	FALSE	0	45	100	0	0	395.979797464	395.979797464	1550170549.56	10	-4	10	-4
9	"1"	"1"	16	FALSE	0	45	100	0	0	395.979797464	395.979797464	1550170549.59	10	-4	10	-4
9	"1"	"1"	16	FALSE	0	45	100	0	0	395.979797464	395.979797464	1550170549.63	10	-4	10	-4
9	"1"	"1"	16	FALSE	0	45	100	0	0	395.979797464	395.979797464	1550170549.66	10	-4	10	-4
9	"1"	"1"	16	FALSE	0	45	100	0	0	395.979797464	395.979797464	1550170549.69	13	4	13	4
9	"1"	"1"	16	FALSE	0	45	100	0	0	395.979797464	395.979797464	1550170549.73	25	27	25	27
9	"1"	"1"	16	FALSE	0	45	100	0	0	395.979797464	395.979797464	1550170549.76	43	56	43	56
9	"1"	"1"	16	FALSE	0	45	100	0	0	395.979797464	395.979797464	1550170549.79	67	87	67	87
9	"1"	"1"	16	FALSE	0	45	100	0	0	395.979797464	395.979797464	1550170549.83	97	122	97	122
9	"1"	"1"	16	FALSE	0	45	100	0	0	395.979797464	395.979797464	1550170549.86	132	159	132	159
9	"1"	"1"	16	FALSE	0	45	100	0	0	395.979797464	395.979797464	1550170549.89	166	191	166	191
9	"1"	"1"	16	FALSE	0	45	100	0	0	395.979797464	395.979797464	1550170549.93	204	227	204	227
9	"1"	"1"	16	FALSE	0	45	100	0	0	395.979797464	395.979797464	1550170549.96	236	255	236	255
9	"1"	"1"	16	FALSE	0	45	100	0	0	395.979797464	395.979797464	1550170549.99	271	283	271	283
9	"1"	"1"	16	FALSE	0	45	100	0	0	395.979797464	395.979797464	1550170550.03	301	310	301	310
9	"1"	"1"	16	FALSE	0	45	100	0	0	395.979797464	395.979797464	1550170550.06	325	334	325	334
9	"1"	"1"	16	FALSE	0	45	100	0	0	395.979797464	395.979797464	1550170550.09	342	351	342	351
9	"1"	"1"	16	FALSE	0	45	100	0	0	395.979797464	395.979797464	1550170550.13	354	363	354	363
9	"1"	"1"	16	FALSE	0	45	100	0	0	395.979797464	395.979797464	1550170550.16	367	374	367	374
9	"1"	"1"	16	FALSE	0	45	100	0	0	395.979797464	395.979797464	1550170550.19	376	382	376	382
9	"1"	"1"	16	FALSE	0	45	100	0	0	395.979797464	395.979797464	1550170550.23	382	388	382	388
9	"1"	"1"	16	FALSE	0	45	100	0	0	395.979797464	395.979797464	1550170550.26	389	393	389	393
9	"1"	"1"	16	FALSE	0	45	100	0	0	395.979797464	395.979797464	1550170550.29	392	397	392	397
9	"1"	"1"	16	FALSE	0	45	100	0	0	395.979797464	395.979797464	1550170550.33	394	399	394	399
9	"1"	"1"	16	FALSE	0	45	100	0	0	395.979797464	395.979797464	1550170550.36	396	400	396	400
9	"1"	"1"	16	FALSE	0	45	100	0	0	395.979797464	395.979797464	1550170550.39	397	402	397	402
9	"1"	"1"	16	FALSE	0	45	100	0	0	395.979797464	395.979797464	1550170550.43	398	403	398	403
9	"1"	"1"	17	FALSE	0	90	100	0	0	3.42901103761e-14	560	1550170551.34	2	-3	2	-3
9	"1"	"1"	17	FALSE	0	90	100	0	0	3.42901103761e-14	560	1550170551.36	2	-3	2	-3
9	"1"	"1"	17	FALSE	0	90	100	0	0	3.42901103761e-14	560	1550170551.4	2	-3	2	-3
9	"1"	"1"	17	FALSE	0	90	100	0	0	3.42901103761e-14	560	1550170551.43	0	-4	0	-4
9	"1"	"1"	17	FALSE	0	90	100	0	0	3.42901103761e-14	560	1550170551.46	0	-5	0	-5
9	"1"	"1"	17	FALSE	0	90	100	0	0	3.42901103761e-14	560	1550170551.5	0	-5	0	-5
9	"1"	"1"	17	FALSE	0	90	100	0	0	3.42901103761e-14	560	1550170551.53	0	-5	0	-5
9	"1"	"1"	17	FALSE	0	90	100	0	0	3.42901103761e-14	560	1550170551.56	0	-5	0	-5
9	"1"	"1"	17	FALSE	0	90	100	0	0	3.42901103761e-14	560	1550170551.6	0	-4	0	-4
9	"1"	"1"	17	FALSE	0	90	100	0	0	3.42901103761e-14	560	1550170551.63	1	-2	1	-2
9	"1"	"1"	17	FALSE	0	90	100	0	0	3.42901103761e-14	560	1550170551.66	2	3	2	3
9	"1"	"1"	17	FALSE	0	90	100	0	0	3.42901103761e-14	560	1550170551.7	3	13	3	13
9	"1"	"1"	17	FALSE	0	90	100	0	0	3.42901103761e-14	560	1550170551.73	5	42	5	42
9	"1"	"1"	17	FALSE	0	90	100	0	0	3.42901103761e-14	560	1550170551.76	6	81	6	81
9	"1"	"1"	17	FALSE	0	90	100	0	0	3.42901103761e-14	560	1550170551.8	5	127	5	127
9	"1"	"1"	17	FALSE	0	90	100	0	0	3.42901103761e-14	560	1550170551.83	4	170	4	170
9	"1"	"1"	17	FALSE	0	90	100	0	0	3.42901103761e-14	560	1550170551.86	6	220	6	220
9	"1"	"1"	17	FALSE	0	90	100	0	0	3.42901103761e-14	560	1550170551.9	7	268	7	268
9	"1"	"1"	17	FALSE	0	90	100	0	0	3.42901103761e-14	560	1550170551.93	8	307	8	307
9	"1"	"1"	17	FALSE	0	90	100	0	0	3.42901103761e-14	560	1550170551.96	9	352	9	352
9	"1"	"1"	17	FALSE	0	90	100	0	0	3.42901103761e-14	560	1550170552	6	389	6	389
9	"1"	"1"	17	FALSE	0	90	100	0	0	3.42901103761e-14	560	1550170552.03	2	423	2	423
9	"1"	"1"	17	FALSE	0	90	100	0	0	3.42901103761e-14	560	1550170552.06	0	450	0	450
9	"1"	"1"	17	FALSE	0	90	100	0	0	3.42901103761e-14	560	1550170552.1	-1	478	-1	478
9	"1"	"1"	17	FALSE	0	90	100	0	0	3.42901103761e-14	560	1550170552.13	-1	503	-1	503
9	"1"	"1"	17	FALSE	0	90	100	0	0	3.42901103761e-14	560	1550170552.16	1	521	1	521
9	"1"	"1"	17	FALSE	0	90	100	0	0	3.42901103761e-14	560	1550170552.2	3	535	3	535
9	"1"	"1"	17	FALSE	0	90	100	0	0	3.42901103761e-14	560	1550170552.23	4	547	4	547
9	"1"	"1"	17	FALSE	0	90	100	0	0	3.42901103761e-14	560	1550170552.26	5	555	5	555
9	"1"	"1"	17	FALSE	0	90	100	0	0	3.42901103761e-14	560	1550170552.3	5	560	5	560
9	"1"	"1"	17	FALSE	0	90	100	0	0	3.42901103761e-14	560	1550170552.33	4	563	4	563
9	"1"	"1"	18	FALSE	0	135	100	0	0	-395.979797464	395.979797464	1550170553.48	0	13	0	13
9	"1"	"1"	18	FALSE	0	135	100	0	0	-395.979797464	395.979797464	1550170553.5	0	13	0	13
9	"1"	"1"	18	FALSE	0	135	100	0	0	-395.979797464	395.979797464	1550170553.53	0	13	0	13
9	"1"	"1"	18	FALSE	0	135	100	0	0	-395.979797464	395.979797464	1550170553.56	0	11	0	11
9	"1"	"1"	18	FALSE	0	135	100	0	0	-395.979797464	395.979797464	1550170553.6	0	6	0	6
9	"1"	"1"	18	FALSE	0	135	100	0	0	-395.979797464	395.979797464	1550170553.63	0	3	0	3
9	"1"	"1"	18	FALSE	0	135	100	0	0	-395.979797464	395.979797464	1550170553.66	0	2	0	2
9	"1"	"1"	18	FALSE	0	135	100	0	0	-395.979797464	395.979797464	1550170553.7	0	2	0	2
9	"1"	"1"	18	FALSE	0	135	100	0	0	-395.979797464	395.979797464	1550170553.73	0	2	0	2
9	"1"	"1"	18	FALSE	0	135	100	0	0	-395.979797464	395.979797464	1550170553.76	-5	6	-5	6
9	"1"	"1"	18	FALSE	0	135	100	0	0	-395.979797464	395.979797464	1550170553.8	-10	13	-10	13
9	"1"	"1"	18	FALSE	0	135	100	0	0	-395.979797464	395.979797464	1550170553.83	-20	26	-20	26
9	"1"	"1"	18	FALSE	0	135	100	0	0	-395.979797464	395.979797464	1550170553.86	-40	51	-40	51
9	"1"	"1"	18	FALSE	0	135	100	0	0	-395.979797464	395.979797464	1550170553.9	-70	83	-70	83
9	"1"	"1"	18	FALSE	0	135	100	0	0	-395.979797464	395.979797464	1550170553.93	-103	113	-103	113
9	"1"	"1"	18	FALSE	0	135	100	0	0	-395.979797464	395.979797464	1550170553.96	-138	142	-138	142
9	"1"	"1"	18	FALSE	0	135	100	0	0	-395.979797464	395.979797464	1550170554	-175	170	-175	170
9	"1"	"1"	18	FALSE	0	135	100	0	0	-395.979797464	395.979797464	1550170554.03	-206	192	-206	192
9	"1"	"1"	18	FALSE	0	135	100	0	0	-395.979797464	395.979797464	1550170554.06	-241	219	-241	219
9	"1"	"1"	18	FALSE	0	135	100	0	0	-395.979797464	395.979797464	1550170554.1	-275	244	-275	244
9	"1"	"1"	18	FALSE	0	135	100	0	0	-395.979797464	395.979797464	1550170554.13	-301	264	-301	264
9	"1"	"1"	18	FALSE	0	135	100	0	0	-395.979797464	395.979797464	1550170554.16	-327	286	-327	286
9	"1"	"1"	18	FALSE	0	135	100	0	0	-395.979797464	395.979797464	1550170554.2	-346	305	-346	305
9	"1"	"1"	18	FALSE	0	135	100	0	0	-395.979797464	395.979797464	1550170554.23	-360	321	-360	321
9	"1"	"1"	18	FALSE	0	135	100	0	0	-395.979797464	395.979797464	1550170554.26	-374	337	-374	337
9	"1"	"1"	18	FALSE	0	135	100	0	0	-395.979797464	395.979797464	1550170554.3	-383	353	-383	353
9	"1"	"1"	18	FALSE	0	135	100	0	0	-395.979797464	395.979797464	1550170554.33	-391	364	-391	364
9	"1"	"1"	18	FALSE	0	135	100	0	0	-395.979797464	395.979797464	1550170554.36	-396	373	-396	373
9	"1"	"1"	18	FALSE	0	135	100	0	0	-395.979797464	395.979797464	1550170554.4	-400	381	-400	381
9	"1"	"1"	18	FALSE	0	135	100	0	0	-395.979797464	395.979797464	1550170554.43	-404	389	-404	389
9	"1"	"1"	18	FALSE	0	135	100	0	0	-395.979797464	395.979797464	1550170554.46	-407	395	-407	395
9	"1"	"1"	18	FALSE	0	135	100	0	0	-395.979797464	395.979797464	1550170554.5	-409	400	-409	400
9	"1"	"1"	18	FALSE	0	135	100	0	0	-395.979797464	395.979797464	1550170554.53	-411	405	-411	405
9	"1"	"1"	18	FALSE	0	135	100	0	0	-395.979797464	395.979797464	1550170554.56	-412	408	-412	408
9	"1"	"1"	18	FALSE	0	135	100	0	0	-395.979797464	395.979797464	1550170554.6	-413	409	-413	409
9	"1"	"1"	18	FALSE	0	135	100	0	0	-395.979797464	395.979797464	1550170554.63	-413	409	-413	409
9	"1"	"1"	18	FALSE	0	135	100	0	0	-395.979797464	395.979797464	1550170554.66	-413	409	-413	409
9	"1"	"1"	18	FALSE	0	135	100	0	0	-395.979797464	395.979797464	1550170554.7	-413	410	-413	410
9	"1"	"1"	18	FALSE	0	135	100	0	0	-395.979797464	395.979797464	1550170554.73	-413	409	-413	409
9	"1"	"1"	18	FALSE	0	135	100	0	0	-395.979797464	395.979797464	1550170554.76	-410	407	-410	407
9	"1"	"1"	18	FALSE	0	135	100	0	0	-395.979797464	395.979797464	1550170554.8	-407	403	-407	403
9	"1"	"1"	18	FALSE	0	135	100	0	0	-395.979797464	395.979797464	1550170554.83	-405	400	-405	400
9	"1"	"1"	18	FALSE	0	135	100	0	0	-395.979797464	395.979797464	1550170554.86	-403	398	-403	398
9	"1"	"1"	19	FALSE	0	135	100	0	0	-395.979797464	395.979797464	1550170556.21	-13	-3	-13	-3
9	"1"	"1"	19	FALSE	0	135	100	0	0	-395.979797464	395.979797464	1550170556.23	-13	-3	-13	-3
9	"1"	"1"	19	FALSE	0	135	100	0	0	-395.979797464	395.979797464	1550170556.27	-13	-3	-13	-3
9	"1"	"1"	19	FALSE	0	135	100	0	0	-395.979797464	395.979797464	1550170556.3	-13	-3	-13	-3
9	"1"	"1"	19	FALSE	0	135	100	0	0	-395.979797464	395.979797464	1550170556.33	-13	-3	-13	-3
9	"1"	"1"	19	FALSE	0	135	100	0	0	-395.979797464	395.979797464	1550170556.37	-9	2	-9	2
9	"1"	"1"	19	FALSE	0	135	100	0	0	-395.979797464	395.979797464	1550170556.4	-3	9	-3	9
9	"1"	"1"	19	FALSE	0	135	100	0	0	-395.979797464	395.979797464	1550170556.43	7	19	7	19
9	"1"	"1"	19	FALSE	0	135	100	0	0	-395.979797464	395.979797464	1550170556.47	21	35	21	35
9	"1"	"1"	19	FALSE	0	135	100	0	0	-395.979797464	395.979797464	1550170556.5	44	63	44	63
9	"1"	"1"	19	FALSE	0	135	100	0	0	-395.979797464	395.979797464	1550170556.53	63	90	63	90
9	"1"	"1"	19	FALSE	0	135	100	0	0	-395.979797464	395.979797464	1550170556.57	87	125	87	125
9	"1"	"1"	19	FALSE	0	135	100	0	0	-395.979797464	395.979797464	1550170556.6	111	163	111	163
9	"1"	"1"	19	FALSE	0	135	100	0	0	-395.979797464	395.979797464	1550170556.63	128	192	128	192
9	"1"	"1"	19	FALSE	0	135	100	0	0	-395.979797464	395.979797464	1550170556.67	136	216	136	216
9	"1"	"1"	19	FALSE	0	135	100	0	0	-395.979797464	395.979797464	1550170556.7	134	227	134	227
9	"1"	"1"	19	FALSE	0	135	100	0	0	-395.979797464	395.979797464	1550170556.73	121	233	121	233
9	"1"	"1"	19	FALSE	0	135	100	0	0	-395.979797464	395.979797464	1550170556.77	80	229	80	229
9	"1"	"1"	19	FALSE	0	135	100	0	0	-395.979797464	395.979797464	1550170556.8	44	222	44	222
9	"1"	"1"	19	FALSE	0	135	100	0	0	-395.979797464	395.979797464	1550170556.83	-5	214	-5	214
9	"1"	"1"	19	FALSE	0	135	100	0	0	-395.979797464	395.979797464	1550170556.87	-47	207	-47	207
9	"1"	"1"	19	FALSE	0	135	100	0	0	-395.979797464	395.979797464	1550170556.9	-92	203	-92	203
9	"1"	"1"	19	FALSE	0	135	100	0	0	-395.979797464	395.979797464	1550170556.93	-132	208	-132	208
9	"1"	"1"	19	FALSE	0	135	100	0	0	-395.979797464	395.979797464	1550170556.97	-166	220	-166	220
9	"1"	"1"	19	FALSE	0	135	100	0	0	-395.979797464	395.979797464	1550170557	-204	240	-204	240
9	"1"	"1"	19	FALSE	0	135	100	0	0	-395.979797464	395.979797464	1550170557.03	-239	268	-239	268
9	"1"	"1"	19	FALSE	0	135	100	0	0	-395.979797464	395.979797464	1550170557.07	-274	297	-274	297
9	"1"	"1"	19	FALSE	0	135	100	0	0	-395.979797464	395.979797464	1550170557.1	-302	319	-302	319
9	"1"	"1"	19	FALSE	0	135	100	0	0	-395.979797464	395.979797464	1550170557.13	-332	342	-332	342
9	"1"	"1"	19	FALSE	0	135	100	0	0	-395.979797464	395.979797464	1550170557.17	-359	364	-359	364
9	"1"	"1"	19	FALSE	0	135	100	0	0	-395.979797464	395.979797464	1550170557.2	-379	378	-379	378
9	"1"	"1"	19	FALSE	0	135	100	0	0	-395.979797464	395.979797464	1550170557.23	-397	390	-397	390
9	"1"	"1"	19	FALSE	0	135	100	0	0	-395.979797464	395.979797464	1550170557.27	-411	402	-411	402
9	"1"	"1"	19	FALSE	0	135	100	0	0	-395.979797464	395.979797464	1550170557.3	-422	411	-422	411
9	"1"	"1"	19	FALSE	0	135	100	0	0	-395.979797464	395.979797464	1550170557.33	-432	421	-432	421
9	"1"	"1"	19	FALSE	0	135	100	0	0	-395.979797464	395.979797464	1550170557.37	-437	427	-437	427
9	"1"	"1"	19	FALSE	0	135	100	0	0	-395.979797464	395.979797464	1550170557.4	-439	429	-439	429
9	"1"	"1"	19	FALSE	0	135	100	0	0	-395.979797464	395.979797464	1550170557.43	-439	429	-439	429
9	"1"	"1"	19	FALSE	0	135	100	0	0	-395.979797464	395.979797464	1550170557.47	-439	429	-439	429
9	"1"	"1"	19	FALSE	0	135	100	0	0	-395.979797464	395.979797464	1550170557.5	-439	429	-439	429
9	"1"	"1"	19	FALSE	0	135	100	0	0	-395.979797464	395.979797464	1550170557.53	-437	427	-437	427
9	"1"	"1"	19	FALSE	0	135	100	0	0	-395.979797464	395.979797464	1550170557.57	-430	422	-430	422
9	"1"	"1"	19	FALSE	0	135	100	0	0	-395.979797464	395.979797464	1550170557.6	-423	415	-423	415
9	"1"	"1"	19	FALSE	0	135	100	0	0	-395.979797464	395.979797464	1550170557.63	-416	410	-416	410
9	"1"	"1"	19	FALSE	0	135	100	0	0	-395.979797464	395.979797464	1550170557.67	-409	407	-409	407
9	"1"	"1"	19	FALSE	0	135	100	0	0	-395.979797464	395.979797464	1550170557.7	-405	405	-405	405
9	"1"	"1"	19	FALSE	0	135	100	0	0	-395.979797464	395.979797464	1550170557.73	-403	403	-403	403
9	"1"	"1"	19	FALSE	0	135	100	0	0	-395.979797464	395.979797464	1550170557.77	-401	403	-401	403
9	"1"	"1"	19	FALSE	0	135	100	0	0	-395.979797464	395.979797464	1550170557.8	-400	402	-400	402
9	"1"	"1"	20	FALSE	0	90	100	0	0	3.42901103761e-14	560	1550170559.05	3	-9	3	-9
9	"1"	"1"	20	FALSE	0	90	100	0	0	3.42901103761e-14	560	1550170559.07	3	-9	3	-9
9	"1"	"1"	20	FALSE	0	90	100	0	0	3.42901103761e-14	560	1550170559.1	3	-9	3	-9
9	"1"	"1"	20	FALSE	0	90	100	0	0	3.42901103761e-14	560	1550170559.13	3	-9	3	-9
9	"1"	"1"	20	FALSE	0	90	100	0	0	3.42901103761e-14	560	1550170559.17	3	-9	3	-9
9	"1"	"1"	20	FALSE	0	90	100	0	0	3.42901103761e-14	560	1550170559.2	3	-9	3	-9
9	"1"	"1"	20	FALSE	0	90	100	0	0	3.42901103761e-14	560	1550170559.23	3	-9	3	-9
9	"1"	"1"	20	FALSE	0	90	100	0	0	3.42901103761e-14	560	1550170559.27	3	-9	3	-9
9	"1"	"1"	20	FALSE	0	90	100	0	0	3.42901103761e-14	560	1550170559.3	3	-9	3	-9
9	"1"	"1"	20	FALSE	0	90	100	0	0	3.42901103761e-14	560	1550170559.33	3	-9	3	-9
9	"1"	"1"	20	FALSE	0	90	100	0	0	3.42901103761e-14	560	1550170559.37	4	-2	4	-2
9	"1"	"1"	20	FALSE	0	90	100	0	0	3.42901103761e-14	560	1550170559.4	3	20	3	20
9	"1"	"1"	20	FALSE	0	90	100	0	0	3.42901103761e-14	560	1550170559.43	1	53	1	53
9	"1"	"1"	20	FALSE	0	90	100	0	0	3.42901103761e-14	560	1550170559.47	-4	94	-4	94
9	"1"	"1"	20	FALSE	0	90	100	0	0	3.42901103761e-14	560	1550170559.5	-7	135	-7	135
9	"1"	"1"	20	FALSE	0	90	100	0	0	3.42901103761e-14	560	1550170559.53	-9	185	-9	185
9	"1"	"1"	20	FALSE	0	90	100	0	0	3.42901103761e-14	560	1550170559.57	-12	229	-12	229
9	"1"	"1"	20	FALSE	0	90	100	0	0	3.42901103761e-14	560	1550170559.6	-15	268	-15	268
9	"1"	"1"	20	FALSE	0	90	100	0	0	3.42901103761e-14	560	1550170559.63	-17	301	-17	301
9	"1"	"1"	20	FALSE	0	90	100	0	0	3.42901103761e-14	560	1550170559.67	-22	339	-22	339
9	"1"	"1"	20	FALSE	0	90	100	0	0	3.42901103761e-14	560	1550170559.7	-28	372	-28	372
9	"1"	"1"	20	FALSE	0	90	100	0	0	3.42901103761e-14	560	1550170559.74	-31	399	-31	399
9	"1"	"1"	20	FALSE	0	90	100	0	0	3.42901103761e-14	560	1550170559.77	-34	426	-34	426
9	"1"	"1"	20	FALSE	0	90	100	0	0	3.42901103761e-14	560	1550170559.8	-35	451	-35	451
9	"1"	"1"	20	FALSE	0	90	100	0	0	3.42901103761e-14	560	1550170559.84	-34	468	-34	468
9	"1"	"1"	20	FALSE	0	90	100	0	0	3.42901103761e-14	560	1550170559.87	-33	481	-33	481
9	"1"	"1"	20	FALSE	0	90	100	0	0	3.42901103761e-14	560	1550170559.9	-31	495	-31	495
9	"1"	"1"	20	FALSE	0	90	100	0	0	3.42901103761e-14	560	1550170559.94	-29	503	-29	503
9	"1"	"1"	20	FALSE	0	90	100	0	0	3.42901103761e-14	560	1550170559.97	-28	509	-28	509
9	"1"	"1"	20	FALSE	0	90	100	0	0	3.42901103761e-14	560	1550170560	-26	514	-26	514
9	"1"	"1"	20	FALSE	0	90	100	0	0	3.42901103761e-14	560	1550170560.04	-24	518	-24	518
9	"1"	"1"	20	FALSE	0	90	100	0	0	3.42901103761e-14	560	1550170560.07	-22	522	-22	522
9	"1"	"1"	20	FALSE	0	90	100	0	0	3.42901103761e-14	560	1550170560.1	-20	528	-20	528
9	"1"	"1"	20	FALSE	0	90	100	0	0	3.42901103761e-14	560	1550170560.14	-17	535	-17	535
9	"1"	"1"	20	FALSE	0	90	100	0	0	3.42901103761e-14	560	1550170560.17	-16	540	-16	540
9	"1"	"1"	20	FALSE	0	90	100	0	0	3.42901103761e-14	560	1550170560.2	-15	544	-15	544
9	"1"	"1"	20	FALSE	0	90	100	0	0	3.42901103761e-14	560	1550170560.24	-14	549	-14	549
9	"1"	"1"	20	FALSE	0	90	100	0	0	3.42901103761e-14	560	1550170560.27	-13	551	-13	551
9	"1"	"1"	20	FALSE	0	90	100	0	0	3.42901103761e-14	560	1550170560.3	-12	554	-12	554
9	"1"	"1"	20	FALSE	0	90	100	0	0	3.42901103761e-14	560	1550170560.34	-11	557	-11	557
9	"1"	"1"	20	FALSE	0	90	100	0	0	3.42901103761e-14	560	1550170560.37	-10	560	-10	560
9	"1"	"1"	21	FALSE	0	45	100	0	0	395.979797464	395.979797464	1550170561.57	7	-12	7	-12
9	"1"	"1"	21	FALSE	0	45	100	0	0	395.979797464	395.979797464	1550170561.6	10	-5	10	-5
9	"1"	"1"	21	FALSE	0	45	100	0	0	395.979797464	395.979797464	1550170561.64	19	12	19	12
9	"1"	"1"	21	FALSE	0	45	100	0	0	395.979797464	395.979797464	1550170561.67	30	32	30	32
9	"1"	"1"	21	FALSE	0	45	100	0	0	395.979797464	395.979797464	1550170561.7	44	53	44	53
9	"1"	"1"	21	FALSE	0	45	100	0	0	395.979797464	395.979797464	1550170561.74	61	77	61	77
9	"1"	"1"	21	FALSE	0	45	100	0	0	395.979797464	395.979797464	1550170561.77	74	93	74	93
9	"1"	"1"	21	FALSE	0	45	100	0	0	395.979797464	395.979797464	1550170561.8	83	105	83	105
9	"1"	"1"	21	FALSE	0	45	100	0	0	395.979797464	395.979797464	1550170561.84	86	109	86	109
9	"1"	"1"	21	FALSE	0	45	100	0	0	395.979797464	395.979797464	1550170561.87	87	110	87	110
9	"1"	"1"	21	FALSE	0	45	100	0	0	395.979797464	395.979797464	1550170561.9	87	110	87	110
9	"1"	"1"	21	FALSE	0	45	100	0	0	395.979797464	395.979797464	1550170561.94	89	113	89	113
9	"1"	"1"	21	FALSE	0	45	100	0	0	395.979797464	395.979797464	1550170561.97	100	125	100	125
9	"1"	"1"	21	FALSE	0	45	100	0	0	395.979797464	395.979797464	1550170562	121	145	121	145
9	"1"	"1"	21	FALSE	0	45	100	0	0	395.979797464	395.979797464	1550170562.04	149	170	149	170
9	"1"	"1"	21	FALSE	0	45	100	0	0	395.979797464	395.979797464	1550170562.07	182	200	182	200
9	"1"	"1"	21	FALSE	0	45	100	0	0	395.979797464	395.979797464	1550170562.1	216	232	216	232
9	"1"	"1"	21	FALSE	0	45	100	0	0	395.979797464	395.979797464	1550170562.14	247	264	247	264
9	"1"	"1"	21	FALSE	0	45	100	0	0	395.979797464	395.979797464	1550170562.17	273	289	273	289
9	"1"	"1"	21	FALSE	0	45	100	0	0	395.979797464	395.979797464	1550170562.2	298	313	298	313
9	"1"	"1"	21	FALSE	0	45	100	0	0	395.979797464	395.979797464	1550170562.24	311	326	311	326
9	"1"	"1"	21	FALSE	0	45	100	0	0	395.979797464	395.979797464	1550170562.27	325	339	325	339
9	"1"	"1"	21	FALSE	0	45	100	0	0	395.979797464	395.979797464	1550170562.3	336	350	336	350
9	"1"	"1"	21	FALSE	0	45	100	0	0	395.979797464	395.979797464	1550170562.34	343	358	343	358
9	"1"	"1"	21	FALSE	0	45	100	0	0	395.979797464	395.979797464	1550170562.37	348	363	348	363
9	"1"	"1"	21	FALSE	0	45	100	0	0	395.979797464	395.979797464	1550170562.4	354	369	354	369
9	"1"	"1"	21	FALSE	0	45	100	0	0	395.979797464	395.979797464	1550170562.44	360	376	360	376
9	"1"	"1"	21	FALSE	0	45	100	0	0	395.979797464	395.979797464	1550170562.47	364	381	364	381
9	"1"	"1"	21	FALSE	0	45	100	0	0	395.979797464	395.979797464	1550170562.5	368	385	368	385
9	"1"	"1"	21	FALSE	0	45	100	0	0	395.979797464	395.979797464	1550170562.54	373	389	373	389
9	"1"	"1"	21	FALSE	0	45	100	0	0	395.979797464	395.979797464	1550170562.57	375	391	375	391
9	"1"	"1"	21	FALSE	0	45	100	0	0	395.979797464	395.979797464	1550170562.6	377	393	377	393
9	"1"	"1"	21	FALSE	0	45	100	0	0	395.979797464	395.979797464	1550170562.64	380	395	380	395
9	"1"	"1"	21	FALSE	0	45	100	0	0	395.979797464	395.979797464	1550170562.67	385	398	385	398
9	"1"	"1"	21	FALSE	0	45	100	0	0	395.979797464	395.979797464	1550170562.7	387	400	387	400
