"task_num"	"task_name"	"trial_type"	"trial_num"	"terminalfeedback_bool"	"rotation_angle"	"targetangle_deg"	"targetdistance_percmax"	"homex_px"	"homey_px"	"targetx_px"	"targety_px"	"time_s"	"mousex_px"	"mousey_px"	"cursorx_px"	"cursory_px"
1	"1"	"1"	1	FALSE	0	45	100	0	0	395.979797464	395.979797464	1550170219.27	-8	5	-8	5
1	"1"	"1"	1	FALSE	0	45	100	0	0	395.979797464	395.979797464	1550170219.31	-8	5	-8	5
1	"1"	"1"	1	FALSE	0	45	100	0	0	395.979797464	395.979797464	1550170219.34	-8	5	-8	5
1	"1"	"1"	1	FALSE	0	45	100	0	0	395.979797464	395.979797464	1550170219.37	-8	5	-8	5
1	"1"	"1"	1	FALSE	0	45	100	0	0	395.979797464	395.979797464	1550170219.41	-8	5	-8	5
1	"1"	"1"	1	FALSE	0	45	100	0	0	395.979797464	395.979797464	1550170219.44	-7	5	-7	5
1	"1"	"1"	1	FALSE	0	45	100	0	0	395.979797464	395.979797464	1550170219.47	-7	4	-7	4
1	"1"	"1"	1	FALSE	0	45	100	0	0	395.979797464	395.979797464	1550170219.51	-4	3	-4	3
1	"1"	"1"	1	FALSE	0	45	100	0	0	395.979797464	395.979797464	1550170219.54	-2	2	-2	2
1	"1"	"1"	1	FALSE	0	45	100	0	0	395.979797464	395.979797464	1550170219.57	-2	2	-2	2
1	"1"	"1"	1	FALSE	0	45	100	0	0	395.979797464	395.979797464	1550170219.61	-2	2	-2	2
1	"1"	"1"	1	FALSE	0	45	100	0	0	395.979797464	395.979797464	1550170219.64	-3	2	-3	2
1	"1"	"1"	1	FALSE	0	45	100	0	0	395.979797464	395.979797464	1550170219.67	-3	2	-3	2
1	"1"	"1"	1	FALSE	0	45	100	0	0	395.979797464	395.979797464	1550170219.71	-3	3	-3	3
1	"1"	"1"	1	FALSE	0	45	100	0	0	395.979797464	395.979797464	1550170219.74	2	6	2	6
1	"1"	"1"	1	FALSE	0	45	100	0	0	395.979797464	395.979797464	1550170219.77	14	13	14	13
1	"1"	"1"	1	FALSE	0	45	100	0	0	395.979797464	395.979797464	1550170219.81	31	25	31	25
1	"1"	"1"	1	FALSE	0	45	100	0	0	395.979797464	395.979797464	1550170219.84	46	38	46	38
1	"1"	"1"	1	FALSE	0	45	100	0	0	395.979797464	395.979797464	1550170219.87	67	58	67	58
1	"1"	"1"	1	FALSE	0	45	100	0	0	395.979797464	395.979797464	1550170219.91	88	77	88	77
1	"1"	"1"	1	FALSE	0	45	100	0	0	395.979797464	395.979797464	1550170219.94	107	93	107	93
1	"1"	"1"	1	FALSE	0	45	100	0	0	395.979797464	395.979797464	1550170219.97	129	116	129	116
1	"1"	"1"	1	FALSE	0	45	100	0	0	395.979797464	395.979797464	1550170220.01	150	138	150	138
1	"1"	"1"	1	FALSE	0	45	100	0	0	395.979797464	395.979797464	1550170220.04	179	172	179	172
1	"1"	"1"	1	FALSE	0	45	100	0	0	395.979797464	395.979797464	1550170220.07	203	199	203	199
1	"1"	"1"	1	FALSE	0	45	100	0	0	395.979797464	395.979797464	1550170220.11	229	228	229	228
1	"1"	"1"	1	FALSE	0	45	100	0	0	395.979797464	395.979797464	1550170220.14	251	251	251	251
1	"1"	"1"	1	FALSE	0	45	100	0	0	395.979797464	395.979797464	1550170220.17	270	271	270	271
1	"1"	"1"	1	FALSE	0	45	100	0	0	395.979797464	395.979797464	1550170220.21	294	295	294	295
1	"1"	"1"	1	FALSE	0	45	100	0	0	395.979797464	395.979797464	1550170220.24	315	319	315	319
1	"1"	"1"	1	FALSE	0	45	100	0	0	395.979797464	395.979797464	1550170220.27	328	335	328	335
1	"1"	"1"	1	FALSE	0	45	100	0	0	395.979797464	395.979797464	1550170220.31	342	350	342	350
1	"1"	"1"	1	FALSE	0	45	100	0	0	395.979797464	395.979797464	1550170220.34	355	363	355	363
1	"1"	"1"	1	FALSE	0	45	100	0	0	395.979797464	395.979797464	1550170220.37	361	369	361	369
1	"1"	"1"	1	FALSE	0	45	100	0	0	395.979797464	395.979797464	1550170220.41	362	371	362	371
1	"1"	"1"	1	FALSE	0	45	100	0	0	395.979797464	395.979797464	1550170220.44	365	374	365	374
1	"1"	"1"	1	FALSE	0	45	100	0	0	395.979797464	395.979797464	1550170220.47	365	375	365	375
1	"1"	"1"	1	FALSE	0	45	100	0	0	395.979797464	395.979797464	1550170220.51	366	376	366	376
1	"1"	"1"	1	FALSE	0	45	100	0	0	395.979797464	395.979797464	1550170220.54	370	380	370	380
1	"1"	"1"	1	FALSE	0	45	100	0	0	395.979797464	395.979797464	1550170220.57	375	384	375	384
1	"1"	"1"	1	FALSE	0	45	100	0	0	395.979797464	395.979797464	1550170220.61	376	385	376	385
1	"1"	"1"	1	FALSE	0	45	100	0	0	395.979797464	395.979797464	1550170220.64	376	385	376	385
1	"1"	"1"	1	FALSE	0	45	100	0	0	395.979797464	395.979797464	1550170220.67	376	385	376	385
1	"1"	"1"	1	FALSE	0	45	100	0	0	395.979797464	395.979797464	1550170220.71	376	385	376	385
1	"1"	"1"	1	FALSE	0	45	100	0	0	395.979797464	395.979797464	1550170220.74	379	388	379	388
1	"1"	"1"	1	FALSE	0	45	100	0	0	395.979797464	395.979797464	1550170220.77	386	392	386	392
1	"1"	"1"	1	FALSE	0	45	100	0	0	395.979797464	395.979797464	1550170220.81	388	394	388	394
1	"1"	"1"	2	FALSE	0	90	100	0	0	3.42901103761e-14	560	1550170223.69	6	9	6	9
1	"1"	"1"	2	FALSE	0	90	100	0	0	3.42901103761e-14	560	1550170223.71	5	7	5	7
1	"1"	"1"	2	FALSE	0	90	100	0	0	3.42901103761e-14	560	1550170223.74	5	6	5	6
1	"1"	"1"	2	FALSE	0	90	100	0	0	3.42901103761e-14	560	1550170223.78	5	5	5	5
1	"1"	"1"	2	FALSE	0	90	100	0	0	3.42901103761e-14	560	1550170223.81	5	4	5	4
1	"1"	"1"	2	FALSE	0	90	100	0	0	3.42901103761e-14	560	1550170223.84	5	3	5	3
1	"1"	"1"	2	FALSE	0	90	100	0	0	3.42901103761e-14	560	1550170223.88	5	3	5	3
1	"1"	"1"	2	FALSE	0	90	100	0	0	3.42901103761e-14	560	1550170223.91	4	3	4	3
1	"1"	"1"	2	FALSE	0	90	100	0	0	3.42901103761e-14	560	1550170223.94	4	3	4	3
1	"1"	"1"	2	FALSE	0	90	100	0	0	3.42901103761e-14	560	1550170223.98	4	3	4	3
1	"1"	"1"	2	FALSE	0	90	100	0	0	3.42901103761e-14	560	1550170224.01	4	4	4	4
1	"1"	"1"	2	FALSE	0	90	100	0	0	3.42901103761e-14	560	1550170224.04	4	4	4	4
1	"1"	"1"	2	FALSE	0	90	100	0	0	3.42901103761e-14	560	1550170224.08	4	5	4	5
1	"1"	"1"	2	FALSE	0	90	100	0	0	3.42901103761e-14	560	1550170224.11	5	11	5	11
1	"1"	"1"	2	FALSE	0	90	100	0	0	3.42901103761e-14	560	1550170224.14	5	23	5	23
1	"1"	"1"	2	FALSE	0	90	100	0	0	3.42901103761e-14	560	1550170224.18	4	43	4	43
1	"1"	"1"	2	FALSE	0	90	100	0	0	3.42901103761e-14	560	1550170224.21	3	55	3	55
1	"1"	"1"	2	FALSE	0	90	100	0	0	3.42901103761e-14	560	1550170224.24	2	64	2	64
1	"1"	"1"	2	FALSE	0	90	100	0	0	3.42901103761e-14	560	1550170224.28	1	72	1	72
1	"1"	"1"	2	FALSE	0	90	100	0	0	3.42901103761e-14	560	1550170224.31	1	78	1	78
1	"1"	"1"	2	FALSE	0	90	100	0	0	3.42901103761e-14	560	1550170224.34	0	84	0	84
1	"1"	"1"	2	FALSE	0	90	100	0	0	3.42901103761e-14	560	1550170224.38	-1	88	-1	88
1	"1"	"1"	2	FALSE	0	90	100	0	0	3.42901103761e-14	560	1550170224.41	-1	89	-1	89
1	"1"	"1"	2	FALSE	0	90	100	0	0	3.42901103761e-14	560	1550170224.44	-1	89	-1	89
1	"1"	"1"	2	FALSE	0	90	100	0	0	3.42901103761e-14	560	1550170224.48	-1	89	-1	89
1	"1"	"1"	2	FALSE	0	90	100	0	0	3.42901103761e-14	560	1550170224.51	-1	89	-1	89
1	"1"	"1"	2	FALSE	0	90	100	0	0	3.42901103761e-14	560	1550170224.54	-1	89	-1	89
1	"1"	"1"	2	FALSE	0	90	100	0	0	3.42901103761e-14	560	1550170224.58	-1	89	-1	89
1	"1"	"1"	2	FALSE	0	90	100	0	0	3.42901103761e-14	560	1550170224.61	-1	89	-1	89
1	"1"	"1"	2	FALSE	0	90	100	0	0	3.42901103761e-14	560	1550170224.64	-1	89	-1	89
1	"1"	"1"	2	FALSE	0	90	100	0	0	3.42901103761e-14	560	1550170224.68	-1	89	-1	89
1	"1"	"1"	2	FALSE	0	90	100	0	0	3.42901103761e-14	560	1550170224.71	-1	89	-1	89
1	"1"	"1"	2	FALSE	0	90	100	0	0	3.42901103761e-14	560	1550170224.74	-1	89	-1	89
1	"1"	"1"	2	FALSE	0	90	100	0	0	3.42901103761e-14	560	1550170224.78	-1	89	-1	89
1	"1"	"1"	2	FALSE	0	90	100	0	0	3.42901103761e-14	560	1550170224.81	-1	89	-1	89
1	"1"	"1"	2	FALSE	0	90	100	0	0	3.42901103761e-14	560	1550170224.84	-1	93	-1	93
1	"1"	"1"	2	FALSE	0	90	100	0	0	3.42901103761e-14	560	1550170224.88	-1	99	-1	99
1	"1"	"1"	2	FALSE	0	90	100	0	0	3.42901103761e-14	560	1550170224.91	-3	113	-3	113
1	"1"	"1"	2	FALSE	0	90	100	0	0	3.42901103761e-14	560	1550170224.94	-3	130	-3	130
1	"1"	"1"	2	FALSE	0	90	100	0	0	3.42901103761e-14	560	1550170224.98	-3	147	-3	147
1	"1"	"1"	2	FALSE	0	90	100	0	0	3.42901103761e-14	560	1550170225.01	-2	159	-2	159
1	"1"	"1"	2	FALSE	0	90	100	0	0	3.42901103761e-14	560	1550170225.04	-2	164	-2	164
1	"1"	"1"	2	FALSE	0	90	100	0	0	3.42901103761e-14	560	1550170225.08	-2	171	-2	171
1	"1"	"1"	2	FALSE	0	90	100	0	0	3.42901103761e-14	560	1550170225.11	-2	180	-2	180
1	"1"	"1"	2	FALSE	0	90	100	0	0	3.42901103761e-14	560	1550170225.14	-3	194	-3	194
1	"1"	"1"	2	FALSE	0	90	100	0	0	3.42901103761e-14	560	1550170225.18	-5	208	-5	208
1	"1"	"1"	2	FALSE	0	90	100	0	0	3.42901103761e-14	560	1550170225.21	-7	216	-7	216
1	"1"	"1"	2	FALSE	0	90	100	0	0	3.42901103761e-14	560	1550170225.24	-7	230	-7	230
1	"1"	"1"	2	FALSE	0	90	100	0	0	3.42901103761e-14	560	1550170225.28	-9	251	-9	251
1	"1"	"1"	2	FALSE	0	90	100	0	0	3.42901103761e-14	560	1550170225.31	-15	272	-15	272
1	"1"	"1"	2	FALSE	0	90	100	0	0	3.42901103761e-14	560	1550170225.34	-21	295	-21	295
1	"1"	"1"	2	FALSE	0	90	100	0	0	3.42901103761e-14	560	1550170225.38	-28	315	-28	315
1	"1"	"1"	2	FALSE	0	90	100	0	0	3.42901103761e-14	560	1550170225.41	-36	336	-36	336
1	"1"	"1"	2	FALSE	0	90	100	0	0	3.42901103761e-14	560	1550170225.44	-39	350	-39	350
1	"1"	"1"	2	FALSE	0	90	100	0	0	3.42901103761e-14	560	1550170225.48	-42	366	-42	366
1	"1"	"1"	2	FALSE	0	90	100	0	0	3.42901103761e-14	560	1550170225.51	-46	384	-46	384
1	"1"	"1"	2	FALSE	0	90	100	0	0	3.42901103761e-14	560	1550170225.54	-50	400	-50	400
1	"1"	"1"	2	FALSE	0	90	100	0	0	3.42901103761e-14	560	1550170225.58	-55	417	-55	417
1	"1"	"1"	2	FALSE	0	90	100	0	0	3.42901103761e-14	560	1550170225.61	-57	441	-57	441
1	"1"	"1"	2	FALSE	0	90	100	0	0	3.42901103761e-14	560	1550170225.64	-56	456	-56	456
1	"1"	"1"	2	FALSE	0	90	100	0	0	3.42901103761e-14	560	1550170225.68	-53	469	-53	469
1	"1"	"1"	2	FALSE	0	90	100	0	0	3.42901103761e-14	560	1550170225.71	-49	481	-49	481
1	"1"	"1"	2	FALSE	0	90	100	0	0	3.42901103761e-14	560	1550170225.74	-44	490	-44	490
1	"1"	"1"	2	FALSE	0	90	100	0	0	3.42901103761e-14	560	1550170225.78	-41	495	-41	495
1	"1"	"1"	2	FALSE	0	90	100	0	0	3.42901103761e-14	560	1550170225.81	-38	501	-38	501
1	"1"	"1"	2	FALSE	0	90	100	0	0	3.42901103761e-14	560	1550170225.84	-35	506	-35	506
1	"1"	"1"	2	FALSE	0	90	100	0	0	3.42901103761e-14	560	1550170225.88	-33	510	-33	510
1	"1"	"1"	2	FALSE	0	90	100	0	0	3.42901103761e-14	560	1550170225.91	-32	513	-32	513
1	"1"	"1"	2	FALSE	0	90	100	0	0	3.42901103761e-14	560	1550170225.94	-31	514	-31	514
1	"1"	"1"	2	FALSE	0	90	100	0	0	3.42901103761e-14	560	1550170225.98	-31	514	-31	514
1	"1"	"1"	2	FALSE	0	90	100	0	0	3.42901103761e-14	560	1550170226.01	-31	514	-31	514
1	"1"	"1"	2	FALSE	0	90	100	0	0	3.42901103761e-14	560	1550170226.04	-30	515	-30	515
1	"1"	"1"	2	FALSE	0	90	100	0	0	3.42901103761e-14	560	1550170226.08	-28	517	-28	517
1	"1"	"1"	2	FALSE	0	90	100	0	0	3.42901103761e-14	560	1550170226.11	-26	520	-26	520
1	"1"	"1"	2	FALSE	0	90	100	0	0	3.42901103761e-14	560	1550170226.14	-24	521	-24	521
1	"1"	"1"	2	FALSE	0	90	100	0	0	3.42901103761e-14	560	1550170226.18	-22	523	-22	523
1	"1"	"1"	2	FALSE	0	90	100	0	0	3.42901103761e-14	560	1550170226.21	-19	526	-19	526
1	"1"	"1"	2	FALSE	0	90	100	0	0	3.42901103761e-14	560	1550170226.24	-18	528	-18	528
1	"1"	"1"	2	FALSE	0	90	100	0	0	3.42901103761e-14	560	1550170226.28	-16	530	-16	530
1	"1"	"1"	2	FALSE	0	90	100	0	0	3.42901103761e-14	560	1550170226.31	-14	533	-14	533
1	"1"	"1"	2	FALSE	0	90	100	0	0	3.42901103761e-14	560	1550170226.34	-13	534	-13	534
1	"1"	"1"	2	FALSE	0	90	100	0	0	3.42901103761e-14	560	1550170226.38	-13	536	-13	536
1	"1"	"1"	2	FALSE	0	90	100	0	0	3.42901103761e-14	560	1550170226.41	-12	536	-12	536
1	"1"	"1"	2	FALSE	0	90	100	0	0	3.42901103761e-14	560	1550170226.44	-12	536	-12	536
1	"1"	"1"	2	FALSE	0	90	100	0	0	3.42901103761e-14	560	1550170226.48	-12	536	-12	536
1	"1"	"1"	2	FALSE	0	90	100	0	0	3.42901103761e-14	560	1550170226.51	-12	536	-12	536
1	"1"	"1"	2	FALSE	0	90	100	0	0	3.42901103761e-14	560	1550170226.54	-12	536	-12	536
1	"1"	"1"	2	FALSE	0	90	100	0	0	3.42901103761e-14	560	1550170226.58	-12	536	-12	536
1	"1"	"1"	2	FALSE	0	90	100	0	0	3.42901103761e-14	560	1550170226.61	-12	536	-12	536
1	"1"	"1"	2	FALSE	0	90	100	0	0	3.42901103761e-14	560	1550170226.64	-12	536	-12	536
1	"1"	"1"	2	FALSE	0	90	100	0	0	3.42901103761e-14	560	1550170226.68	-12	536	-12	536
1	"1"	"1"	2	FALSE	0	90	100	0	0	3.42901103761e-14	560	1550170226.71	-12	537	-12	537
1	"1"	"1"	2	FALSE	0	90	100	0	0	3.42901103761e-14	560	1550170226.74	-12	537	-12	537
1	"1"	"1"	2	FALSE	0	90	100	0	0	3.42901103761e-14	560	1550170226.78	-12	537	-12	537
1	"1"	"1"	2	FALSE	0	90	100	0	0	3.42901103761e-14	560	1550170226.81	-12	537	-12	537
1	"1"	"1"	2	FALSE	0	90	100	0	0	3.42901103761e-14	560	1550170226.84	-12	537	-12	537
1	"1"	"1"	2	FALSE	0	90	100	0	0	3.42901103761e-14	560	1550170226.88	-12	537	-12	537
1	"1"	"1"	2	FALSE	0	90	100	0	0	3.42901103761e-14	560	1550170226.91	-12	537	-12	537
1	"1"	"1"	2	FALSE	0	90	100	0	0	3.42901103761e-14	560	1550170226.94	-12	537	-12	537
1	"1"	"1"	2	FALSE	0	90	100	0	0	3.42901103761e-14	560	1550170226.98	-12	537	-12	537
1	"1"	"1"	2	FALSE	0	90	100	0	0	3.42901103761e-14	560	1550170227.01	-12	537	-12	537
1	"1"	"1"	2	FALSE	0	90	100	0	0	3.42901103761e-14	560	1550170227.04	-13	537	-13	537
1	"1"	"1"	2	FALSE	0	90	100	0	0	3.42901103761e-14	560	1550170227.08	-13	537	-13	537
1	"1"	"1"	2	FALSE	0	90	100	0	0	3.42901103761e-14	560	1550170227.11	-13	537	-13	537
1	"1"	"1"	2	FALSE	0	90	100	0	0	3.42901103761e-14	560	1550170227.14	-13	537	-13	537
1	"1"	"1"	2	FALSE	0	90	100	0	0	3.42901103761e-14	560	1550170227.18	-13	537	-13	537
1	"1"	"1"	2	FALSE	0	90	100	0	0	3.42901103761e-14	560	1550170227.21	-13	537	-13	537
1	"1"	"1"	2	FALSE	0	90	100	0	0	3.42901103761e-14	560	1550170227.25	-13	537	-13	537
1	"1"	"1"	2	FALSE	0	90	100	0	0	3.42901103761e-14	560	1550170227.28	-13	537	-13	537
1	"1"	"1"	2	FALSE	0	90	100	0	0	3.42901103761e-14	560	1550170227.31	-13	537	-13	537
1	"1"	"1"	2	FALSE	0	90	100	0	0	3.42901103761e-14	560	1550170227.35	-13	537	-13	537
1	"1"	"1"	2	FALSE	0	90	100	0	0	3.42901103761e-14	560	1550170227.38	-13	537	-13	537
1	"1"	"1"	2	FALSE	0	90	100	0	0	3.42901103761e-14	560	1550170227.41	-13	537	-13	537
1	"1"	"1"	2	FALSE	0	90	100	0	0	3.42901103761e-14	560	1550170227.45	-13	537	-13	537
1	"1"	"1"	2	FALSE	0	90	100	0	0	3.42901103761e-14	560	1550170227.48	-13	537	-13	537
1	"1"	"1"	2	FALSE	0	90	100	0	0	3.42901103761e-14	560	1550170227.51	-13	537	-13	537
1	"1"	"1"	2	FALSE	0	90	100	0	0	3.42901103761e-14	560	1550170227.55	-13	537	-13	537
1	"1"	"1"	2	FALSE	0	90	100	0	0	3.42901103761e-14	560	1550170227.58	-13	537	-13	537
1	"1"	"1"	2	FALSE	0	90	100	0	0	3.42901103761e-14	560	1550170227.61	-13	537	-13	537
1	"1"	"1"	2	FALSE	0	90	100	0	0	3.42901103761e-14	560	1550170227.65	-13	537	-13	537
1	"1"	"1"	2	FALSE	0	90	100	0	0	3.42901103761e-14	560	1550170227.68	-13	537	-13	537
1	"1"	"1"	2	FALSE	0	90	100	0	0	3.42901103761e-14	560	1550170227.71	-13	537	-13	537
1	"1"	"1"	2	FALSE	0	90	100	0	0	3.42901103761e-14	560	1550170227.75	-14	538	-14	538
1	"1"	"1"	2	FALSE	0	90	100	0	0	3.42901103761e-14	560	1550170227.78	-14	540	-14	540
1	"1"	"1"	2	FALSE	0	90	100	0	0	3.42901103761e-14	560	1550170227.81	-14	541	-14	541
1	"1"	"1"	2	FALSE	0	90	100	0	0	3.42901103761e-14	560	1550170227.85	-15	543	-15	543
1	"1"	"1"	2	FALSE	0	90	100	0	0	3.42901103761e-14	560	1550170227.88	-15	544	-15	544
1	"1"	"1"	2	FALSE	0	90	100	0	0	3.42901103761e-14	560	1550170227.91	-15	546	-15	546
1	"1"	"1"	2	FALSE	0	90	100	0	0	3.42901103761e-14	560	1550170227.95	-15	548	-15	548
1	"1"	"1"	2	FALSE	0	90	100	0	0	3.42901103761e-14	560	1550170227.98	-15	549	-15	549
1	"1"	"1"	2	FALSE	0	90	100	0	0	3.42901103761e-14	560	1550170228.01	-15	550	-15	550
1	"1"	"1"	2	FALSE	0	90	100	0	0	3.42901103761e-14	560	1550170228.05	-15	550	-15	550
1	"1"	"1"	2	FALSE	0	90	100	0	0	3.42901103761e-14	560	1550170228.08	-15	550	-15	550
1	"1"	"1"	2	FALSE	0	90	100	0	0	3.42901103761e-14	560	1550170228.11	-15	550	-15	550
1	"1"	"1"	2	FALSE	0	90	100	0	0	3.42901103761e-14	560	1550170228.15	-15	551	-15	551
1	"1"	"1"	2	FALSE	0	90	100	0	0	3.42901103761e-14	560	1550170228.18	-15	551	-15	551
1	"1"	"1"	2	FALSE	0	90	100	0	0	3.42901103761e-14	560	1550170228.21	-15	551	-15	551
1	"1"	"1"	2	FALSE	0	90	100	0	0	3.42901103761e-14	560	1550170228.25	-15	552	-15	552
1	"1"	"1"	2	FALSE	0	90	100	0	0	3.42901103761e-14	560	1550170228.28	-15	552	-15	552
1	"1"	"1"	2	FALSE	0	90	100	0	0	3.42901103761e-14	560	1550170228.31	-15	553	-15	553
1	"1"	"1"	2	FALSE	0	90	100	0	0	3.42901103761e-14	560	1550170228.35	-14	553	-14	553
1	"1"	"1"	2	FALSE	0	90	100	0	0	3.42901103761e-14	560	1550170228.38	-14	553	-14	553
1	"1"	"1"	2	FALSE	0	90	100	0	0	3.42901103761e-14	560	1550170228.41	-14	553	-14	553
1	"1"	"1"	2	FALSE	0	90	100	0	0	3.42901103761e-14	560	1550170228.45	-14	553	-14	553
1	"1"	"1"	2	FALSE	0	90	100	0	0	3.42901103761e-14	560	1550170228.48	-14	553	-14	553
1	"1"	"1"	2	FALSE	0	90	100	0	0	3.42901103761e-14	560	1550170228.51	-14	553	-14	553
1	"1"	"1"	2	FALSE	0	90	100	0	0	3.42901103761e-14	560	1550170228.55	-14	553	-14	553
1	"1"	"1"	2	FALSE	0	90	100	0	0	3.42901103761e-14	560	1550170228.58	-14	553	-14	553
1	"1"	"1"	2	FALSE	0	90	100	0	0	3.42901103761e-14	560	1550170228.61	-14	553	-14	553
1	"1"	"1"	2	FALSE	0	90	100	0	0	3.42901103761e-14	560	1550170228.65	-14	553	-14	553
1	"1"	"1"	2	FALSE	0	90	100	0	0	3.42901103761e-14	560	1550170228.68	-14	554	-14	554
1	"1"	"1"	2	FALSE	0	90	100	0	0	3.42901103761e-14	560	1550170228.71	-13	554	-13	554
1	"1"	"1"	2	FALSE	0	90	100	0	0	3.42901103761e-14	560	1550170228.75	-13	554	-13	554
1	"1"	"1"	2	FALSE	0	90	100	0	0	3.42901103761e-14	560	1550170228.78	-13	554	-13	554
1	"1"	"1"	2	FALSE	0	90	100	0	0	3.42901103761e-14	560	1550170228.81	-13	554	-13	554
1	"1"	"1"	2	FALSE	0	90	100	0	0	3.42901103761e-14	560	1550170228.85	-13	554	-13	554
1	"1"	"1"	3	FALSE	0	135	100	0	0	-395.979797464	395.979797464	1550170231.16	2	8	2	8
1	"1"	"1"	3	FALSE	0	135	100	0	0	-395.979797464	395.979797464	1550170231.18	1	8	1	8
1	"1"	"1"	3	FALSE	0	135	100	0	0	-395.979797464	395.979797464	1550170231.21	1	8	1	8
1	"1"	"1"	3	FALSE	0	135	100	0	0	-395.979797464	395.979797464	1550170231.25	1	7	1	7
1	"1"	"1"	3	FALSE	0	135	100	0	0	-395.979797464	395.979797464	1550170231.28	1	6	1	6
1	"1"	"1"	3	FALSE	0	135	100	0	0	-395.979797464	395.979797464	1550170231.31	0	3	0	3
1	"1"	"1"	3	FALSE	0	135	100	0	0	-395.979797464	395.979797464	1550170231.35	0	2	0	2
1	"1"	"1"	3	FALSE	0	135	100	0	0	-395.979797464	395.979797464	1550170231.38	0	2	0	2
1	"1"	"1"	3	FALSE	0	135	100	0	0	-395.979797464	395.979797464	1550170231.41	0	2	0	2
1	"1"	"1"	3	FALSE	0	135	100	0	0	-395.979797464	395.979797464	1550170231.45	0	2	0	2
1	"1"	"1"	3	FALSE	0	135	100	0	0	-395.979797464	395.979797464	1550170231.48	-1	2	-1	2
1	"1"	"1"	3	FALSE	0	135	100	0	0	-395.979797464	395.979797464	1550170231.52	-1	3	-1	3
1	"1"	"1"	3	FALSE	0	135	100	0	0	-395.979797464	395.979797464	1550170231.55	-3	7	-3	7
1	"1"	"1"	3	FALSE	0	135	100	0	0	-395.979797464	395.979797464	1550170231.58	-10	16	-10	16
1	"1"	"1"	3	FALSE	0	135	100	0	0	-395.979797464	395.979797464	1550170231.62	-21	27	-21	27
1	"1"	"1"	3	FALSE	0	135	100	0	0	-395.979797464	395.979797464	1550170231.65	-48	49	-48	49
1	"1"	"1"	3	FALSE	0	135	100	0	0	-395.979797464	395.979797464	1550170231.68	-78	71	-78	71
1	"1"	"1"	3	FALSE	0	135	100	0	0	-395.979797464	395.979797464	1550170231.72	-100	89	-100	89
1	"1"	"1"	3	FALSE	0	135	100	0	0	-395.979797464	395.979797464	1550170231.75	-130	118	-130	118
1	"1"	"1"	3	FALSE	0	135	100	0	0	-395.979797464	395.979797464	1550170231.78	-154	142	-154	142
1	"1"	"1"	3	FALSE	0	135	100	0	0	-395.979797464	395.979797464	1550170231.82	-181	160	-181	160
1	"1"	"1"	3	FALSE	0	135	100	0	0	-395.979797464	395.979797464	1550170231.85	-207	173	-207	173
1	"1"	"1"	3	FALSE	0	135	100	0	0	-395.979797464	395.979797464	1550170231.88	-229	184	-229	184
1	"1"	"1"	3	FALSE	0	135	100	0	0	-395.979797464	395.979797464	1550170231.92	-247	192	-247	192
1	"1"	"1"	3	FALSE	0	135	100	0	0	-395.979797464	395.979797464	1550170231.95	-258	194	-258	194
1	"1"	"1"	3	FALSE	0	135	100	0	0	-395.979797464	395.979797464	1550170231.98	-269	197	-269	197
1	"1"	"1"	3	FALSE	0	135	100	0	0	-395.979797464	395.979797464	1550170232.02	-279	205	-279	205
1	"1"	"1"	3	FALSE	0	135	100	0	0	-395.979797464	395.979797464	1550170232.05	-291	217	-291	217
1	"1"	"1"	3	FALSE	0	135	100	0	0	-395.979797464	395.979797464	1550170232.08	-301	231	-301	231
1	"1"	"1"	3	FALSE	0	135	100	0	0	-395.979797464	395.979797464	1550170232.12	-309	243	-309	243
1	"1"	"1"	3	FALSE	0	135	100	0	0	-395.979797464	395.979797464	1550170232.15	-318	258	-318	258
1	"1"	"1"	3	FALSE	0	135	100	0	0	-395.979797464	395.979797464	1550170232.18	-323	272	-323	272
1	"1"	"1"	3	FALSE	0	135	100	0	0	-395.979797464	395.979797464	1550170232.22	-329	285	-329	285
1	"1"	"1"	3	FALSE	0	135	100	0	0	-395.979797464	395.979797464	1550170232.25	-335	295	-335	295
1	"1"	"1"	3	FALSE	0	135	100	0	0	-395.979797464	395.979797464	1550170232.28	-339	306	-339	306
1	"1"	"1"	3	FALSE	0	135	100	0	0	-395.979797464	395.979797464	1550170232.32	-346	319	-346	319
1	"1"	"1"	3	FALSE	0	135	100	0	0	-395.979797464	395.979797464	1550170232.35	-353	328	-353	328
1	"1"	"1"	3	FALSE	0	135	100	0	0	-395.979797464	395.979797464	1550170232.38	-359	337	-359	337
1	"1"	"1"	3	FALSE	0	135	100	0	0	-395.979797464	395.979797464	1550170232.42	-363	344	-363	344
1	"1"	"1"	3	FALSE	0	135	100	0	0	-395.979797464	395.979797464	1550170232.45	-367	349	-367	349
1	"1"	"1"	3	FALSE	0	135	100	0	0	-395.979797464	395.979797464	1550170232.48	-370	354	-370	354
1	"1"	"1"	3	FALSE	0	135	100	0	0	-395.979797464	395.979797464	1550170232.52	-373	358	-373	358
1	"1"	"1"	3	FALSE	0	135	100	0	0	-395.979797464	395.979797464	1550170232.55	-377	363	-377	363
1	"1"	"1"	3	FALSE	0	135	100	0	0	-395.979797464	395.979797464	1550170232.58	-382	367	-382	367
1	"1"	"1"	3	FALSE	0	135	100	0	0	-395.979797464	395.979797464	1550170232.62	-386	371	-386	371
1	"1"	"1"	3	FALSE	0	135	100	0	0	-395.979797464	395.979797464	1550170232.65	-390	375	-390	375
1	"1"	"1"	3	FALSE	0	135	100	0	0	-395.979797464	395.979797464	1550170232.68	-395	377	-395	377
1	"1"	"1"	3	FALSE	0	135	100	0	0	-395.979797464	395.979797464	1550170232.72	-398	379	-398	379
1	"1"	"1"	3	FALSE	0	135	100	0	0	-395.979797464	395.979797464	1550170232.75	-399	381	-399	381
1	"1"	"1"	3	FALSE	0	135	100	0	0	-395.979797464	395.979797464	1550170232.78	-400	382	-400	382
1	"1"	"1"	3	FALSE	0	135	100	0	0	-395.979797464	395.979797464	1550170232.82	-403	385	-403	385
1	"1"	"1"	3	FALSE	0	135	100	0	0	-395.979797464	395.979797464	1550170232.85	-405	386	-405	386
1	"1"	"1"	4	FALSE	0	90	100	0	0	3.42901103761e-14	560	1550170234.73	-9	4	-9	4
1	"1"	"1"	4	FALSE	0	90	100	0	0	3.42901103761e-14	560	1550170234.77	-6	2	-6	2
1	"1"	"1"	4	FALSE	0	90	100	0	0	3.42901103761e-14	560	1550170234.8	-5	1	-5	1
1	"1"	"1"	4	FALSE	0	90	100	0	0	3.42901103761e-14	560	1550170234.83	-4	0	-4	0
1	"1"	"1"	4	FALSE	0	90	100	0	0	3.42901103761e-14	560	1550170234.87	-2	-2	-2	-2
1	"1"	"1"	4	FALSE	0	90	100	0	0	3.42901103761e-14	560	1550170234.9	-1	-2	-1	-2
1	"1"	"1"	4	FALSE	0	90	100	0	0	3.42901103761e-14	560	1550170234.93	-1	-2	-1	-2
1	"1"	"1"	4	FALSE	0	90	100	0	0	3.42901103761e-14	560	1550170234.97	-1	-2	-1	-2
1	"1"	"1"	4	FALSE	0	90	100	0	0	3.42901103761e-14	560	1550170235	-1	-2	-1	-2
1	"1"	"1"	4	FALSE	0	90	100	0	0	3.42901103761e-14	560	1550170235.03	-1	-2	-1	-2
1	"1"	"1"	4	FALSE	0	90	100	0	0	3.42901103761e-14	560	1550170235.07	-2	-1	-2	-1
1	"1"	"1"	4	FALSE	0	90	100	0	0	3.42901103761e-14	560	1550170235.1	-6	4	-6	4
1	"1"	"1"	4	FALSE	0	90	100	0	0	3.42901103761e-14	560	1550170235.13	-12	20	-12	20
1	"1"	"1"	4	FALSE	0	90	100	0	0	3.42901103761e-14	560	1550170235.17	-18	37	-18	37
1	"1"	"1"	4	FALSE	0	90	100	0	0	3.42901103761e-14	560	1550170235.2	-24	56	-24	56
1	"1"	"1"	4	FALSE	0	90	100	0	0	3.42901103761e-14	560	1550170235.23	-29	87	-29	87
1	"1"	"1"	4	FALSE	0	90	100	0	0	3.42901103761e-14	560	1550170235.27	-31	98	-31	98
1	"1"	"1"	4	FALSE	0	90	100	0	0	3.42901103761e-14	560	1550170235.3	-33	111	-33	111
1	"1"	"1"	4	FALSE	0	90	100	0	0	3.42901103761e-14	560	1550170235.33	-34	124	-34	124
1	"1"	"1"	4	FALSE	0	90	100	0	0	3.42901103761e-14	560	1550170235.37	-35	134	-35	134
1	"1"	"1"	4	FALSE	0	90	100	0	0	3.42901103761e-14	560	1550170235.4	-36	142	-36	142
1	"1"	"1"	4	FALSE	0	90	100	0	0	3.42901103761e-14	560	1550170235.43	-36	146	-36	146
1	"1"	"1"	4	FALSE	0	90	100	0	0	3.42901103761e-14	560	1550170235.47	-36	153	-36	153
1	"1"	"1"	4	FALSE	0	90	100	0	0	3.42901103761e-14	560	1550170235.5	-33	165	-33	165
1	"1"	"1"	4	FALSE	0	90	100	0	0	3.42901103761e-14	560	1550170235.53	-30	180	-30	180
1	"1"	"1"	4	FALSE	0	90	100	0	0	3.42901103761e-14	560	1550170235.57	-27	211	-27	211
1	"1"	"1"	4	FALSE	0	90	100	0	0	3.42901103761e-14	560	1550170235.6	-24	231	-24	231
1	"1"	"1"	4	FALSE	0	90	100	0	0	3.42901103761e-14	560	1550170235.63	-22	255	-22	255
1	"1"	"1"	4	FALSE	0	90	100	0	0	3.42901103761e-14	560	1550170235.67	-20	286	-20	286
1	"1"	"1"	4	FALSE	0	90	100	0	0	3.42901103761e-14	560	1550170235.7	-18	310	-18	310
1	"1"	"1"	4	FALSE	0	90	100	0	0	3.42901103761e-14	560	1550170235.73	-16	333	-16	333
1	"1"	"1"	4	FALSE	0	90	100	0	0	3.42901103761e-14	560	1550170235.77	-16	358	-16	358
1	"1"	"1"	4	FALSE	0	90	100	0	0	3.42901103761e-14	560	1550170235.8	-18	378	-18	378
1	"1"	"1"	4	FALSE	0	90	100	0	0	3.42901103761e-14	560	1550170235.84	-20	389	-20	389
1	"1"	"1"	4	FALSE	0	90	100	0	0	3.42901103761e-14	560	1550170235.87	-17	404	-17	404
1	"1"	"1"	4	FALSE	0	90	100	0	0	3.42901103761e-14	560	1550170235.9	-16	416	-16	416
1	"1"	"1"	4	FALSE	0	90	100	0	0	3.42901103761e-14	560	1550170235.94	-18	427	-18	427
1	"1"	"1"	4	FALSE	0	90	100	0	0	3.42901103761e-14	560	1550170235.97	-18	442	-18	442
1	"1"	"1"	4	FALSE	0	90	100	0	0	3.42901103761e-14	560	1550170236	-19	454	-19	454
1	"1"	"1"	4	FALSE	0	90	100	0	0	3.42901103761e-14	560	1550170236.04	-21	464	-21	464
1	"1"	"1"	4	FALSE	0	90	100	0	0	3.42901103761e-14	560	1550170236.07	-21	475	-21	475
1	"1"	"1"	4	FALSE	0	90	100	0	0	3.42901103761e-14	560	1550170236.1	-20	482	-20	482
1	"1"	"1"	4	FALSE	0	90	100	0	0	3.42901103761e-14	560	1550170236.14	-21	488	-21	488
1	"1"	"1"	4	FALSE	0	90	100	0	0	3.42901103761e-14	560	1550170236.17	-22	493	-22	493
1	"1"	"1"	4	FALSE	0	90	100	0	0	3.42901103761e-14	560	1550170236.2	-22	500	-22	500
1	"1"	"1"	4	FALSE	0	90	100	0	0	3.42901103761e-14	560	1550170236.24	-20	507	-20	507
1	"1"	"1"	4	FALSE	0	90	100	0	0	3.42901103761e-14	560	1550170236.27	-17	513	-17	513
1	"1"	"1"	4	FALSE	0	90	100	0	0	3.42901103761e-14	560	1550170236.3	-14	520	-14	520
1	"1"	"1"	4	FALSE	0	90	100	0	0	3.42901103761e-14	560	1550170236.34	-13	524	-13	524
1	"1"	"1"	4	FALSE	0	90	100	0	0	3.42901103761e-14	560	1550170236.37	-12	527	-12	527
1	"1"	"1"	4	FALSE	0	90	100	0	0	3.42901103761e-14	560	1550170236.4	-12	530	-12	530
1	"1"	"1"	4	FALSE	0	90	100	0	0	3.42901103761e-14	560	1550170236.44	-11	534	-11	534
1	"1"	"1"	4	FALSE	0	90	100	0	0	3.42901103761e-14	560	1550170236.47	-7	539	-7	539
1	"1"	"1"	4	FALSE	0	90	100	0	0	3.42901103761e-14	560	1550170236.5	-6	541	-6	541
1	"1"	"1"	4	FALSE	0	90	100	0	0	3.42901103761e-14	560	1550170236.54	-5	544	-5	544
1	"1"	"1"	4	FALSE	0	90	100	0	0	3.42901103761e-14	560	1550170236.57	-4	547	-4	547
1	"1"	"1"	4	FALSE	0	90	100	0	0	3.42901103761e-14	560	1550170236.6	-3	548	-3	548
1	"1"	"1"	4	FALSE	0	90	100	0	0	3.42901103761e-14	560	1550170236.64	-3	550	-3	550
1	"1"	"1"	4	FALSE	0	90	100	0	0	3.42901103761e-14	560	1550170236.67	-1	552	-1	552
1	"1"	"1"	4	FALSE	0	90	100	0	0	3.42901103761e-14	560	1550170236.7	0	554	0	554
1	"1"	"1"	5	FALSE	0	45	100	0	0	395.979797464	395.979797464	1550170238.32	5	-12	5	-12
1	"1"	"1"	5	FALSE	0	45	100	0	0	395.979797464	395.979797464	1550170238.34	5	-12	5	-12
1	"1"	"1"	5	FALSE	0	45	100	0	0	395.979797464	395.979797464	1550170238.37	5	-12	5	-12
1	"1"	"1"	5	FALSE	0	45	100	0	0	395.979797464	395.979797464	1550170238.4	5	-12	5	-12
1	"1"	"1"	5	FALSE	0	45	100	0	0	395.979797464	395.979797464	1550170238.44	5	-12	5	-12
1	"1"	"1"	5	FALSE	0	45	100	0	0	395.979797464	395.979797464	1550170238.47	5	-11	5	-11
1	"1"	"1"	5	FALSE	0	45	100	0	0	395.979797464	395.979797464	1550170238.5	3	-8	3	-8
1	"1"	"1"	5	FALSE	0	45	100	0	0	395.979797464	395.979797464	1550170238.54	2	-6	2	-6
1	"1"	"1"	5	FALSE	0	45	100	0	0	395.979797464	395.979797464	1550170238.57	1	-1	1	-1
1	"1"	"1"	5	FALSE	0	45	100	0	0	395.979797464	395.979797464	1550170238.6	1	0	1	0
1	"1"	"1"	5	FALSE	0	45	100	0	0	395.979797464	395.979797464	1550170238.64	2	4	2	4
1	"1"	"1"	5	FALSE	0	45	100	0	0	395.979797464	395.979797464	1550170238.67	8	13	8	13
1	"1"	"1"	5	FALSE	0	45	100	0	0	395.979797464	395.979797464	1550170238.7	16	27	16	27
1	"1"	"1"	5	FALSE	0	45	100	0	0	395.979797464	395.979797464	1550170238.74	31	55	31	55
1	"1"	"1"	5	FALSE	0	45	100	0	0	395.979797464	395.979797464	1550170238.77	43	85	43	85
1	"1"	"1"	5	FALSE	0	45	100	0	0	395.979797464	395.979797464	1550170238.8	62	114	62	114
1	"1"	"1"	5	FALSE	0	45	100	0	0	395.979797464	395.979797464	1550170238.84	84	139	84	139
1	"1"	"1"	5	FALSE	0	45	100	0	0	395.979797464	395.979797464	1550170238.87	107	164	107	164
1	"1"	"1"	5	FALSE	0	45	100	0	0	395.979797464	395.979797464	1550170238.9	127	183	127	183
1	"1"	"1"	5	FALSE	0	45	100	0	0	395.979797464	395.979797464	1550170238.94	148	196	148	196
1	"1"	"1"	5	FALSE	0	45	100	0	0	395.979797464	395.979797464	1550170238.97	163	206	163	206
1	"1"	"1"	5	FALSE	0	45	100	0	0	395.979797464	395.979797464	1550170239	181	219	181	219
1	"1"	"1"	5	FALSE	0	45	100	0	0	395.979797464	395.979797464	1550170239.04	195	227	195	227
1	"1"	"1"	5	FALSE	0	45	100	0	0	395.979797464	395.979797464	1550170239.07	208	237	208	237
1	"1"	"1"	5	FALSE	0	45	100	0	0	395.979797464	395.979797464	1550170239.1	226	251	226	251
1	"1"	"1"	5	FALSE	0	45	100	0	0	395.979797464	395.979797464	1550170239.14	241	260	241	260
1	"1"	"1"	5	FALSE	0	45	100	0	0	395.979797464	395.979797464	1550170239.17	258	269	258	269
1	"1"	"1"	5	FALSE	0	45	100	0	0	395.979797464	395.979797464	1550170239.2	275	280	275	280
1	"1"	"1"	5	FALSE	0	45	100	0	0	395.979797464	395.979797464	1550170239.24	290	290	290	290
1	"1"	"1"	5	FALSE	0	45	100	0	0	395.979797464	395.979797464	1550170239.27	303	297	303	297
1	"1"	"1"	5	FALSE	0	45	100	0	0	395.979797464	395.979797464	1550170239.3	318	306	318	306
1	"1"	"1"	5	FALSE	0	45	100	0	0	395.979797464	395.979797464	1550170239.34	331	314	331	314
1	"1"	"1"	5	FALSE	0	45	100	0	0	395.979797464	395.979797464	1550170239.37	344	321	344	321
1	"1"	"1"	5	FALSE	0	45	100	0	0	395.979797464	395.979797464	1550170239.4	360	329	360	329
1	"1"	"1"	5	FALSE	0	45	100	0	0	395.979797464	395.979797464	1550170239.44	373	336	373	336
1	"1"	"1"	5	FALSE	0	45	100	0	0	395.979797464	395.979797464	1550170239.47	387	345	387	345
1	"1"	"1"	5	FALSE	0	45	100	0	0	395.979797464	395.979797464	1550170239.5	395	351	395	351
1	"1"	"1"	5	FALSE	0	45	100	0	0	395.979797464	395.979797464	1550170239.54	401	357	401	357
1	"1"	"1"	5	FALSE	0	45	100	0	0	395.979797464	395.979797464	1550170239.57	405	364	405	364
1	"1"	"1"	5	FALSE	0	45	100	0	0	395.979797464	395.979797464	1550170239.6	407	369	407	369
1	"1"	"1"	5	FALSE	0	45	100	0	0	395.979797464	395.979797464	1550170239.64	410	375	410	375
1	"1"	"1"	5	FALSE	0	45	100	0	0	395.979797464	395.979797464	1550170239.67	411	380	411	380
1	"1"	"1"	5	FALSE	0	45	100	0	0	395.979797464	395.979797464	1550170239.7	410	385	410	385
1	"1"	"1"	5	FALSE	0	45	100	0	0	395.979797464	395.979797464	1550170239.74	409	388	409	388
1	"1"	"1"	5	FALSE	0	45	100	0	0	395.979797464	395.979797464	1550170239.77	405	391	405	391
1	"1"	"1"	5	FALSE	0	45	100	0	0	395.979797464	395.979797464	1550170239.8	399	394	399	394
1	"1"	"1"	5	FALSE	0	45	100	0	0	395.979797464	395.979797464	1550170239.84	396	396	396	396
1	"1"	"1"	6	FALSE	0	135	100	0	0	-395.979797464	395.979797464	1550170241.15	-7	-1	-7	-1
1	"1"	"1"	6	FALSE	0	135	100	0	0	-395.979797464	395.979797464	1550170241.17	-7	-1	-7	-1
1	"1"	"1"	6	FALSE	0	135	100	0	0	-395.979797464	395.979797464	1550170241.21	-7	-1	-7	-1
1	"1"	"1"	6	FALSE	0	135	100	0	0	-395.979797464	395.979797464	1550170241.24	-7	-1	-7	-1
1	"1"	"1"	6	FALSE	0	135	100	0	0	-395.979797464	395.979797464	1550170241.27	-7	-1	-7	-1
1	"1"	"1"	6	FALSE	0	135	100	0	0	-395.979797464	395.979797464	1550170241.31	-6	-1	-6	-1
1	"1"	"1"	6	FALSE	0	135	100	0	0	-395.979797464	395.979797464	1550170241.34	-5	-1	-5	-1
1	"1"	"1"	6	FALSE	0	135	100	0	0	-395.979797464	395.979797464	1550170241.37	-3	-1	-3	-1
1	"1"	"1"	6	FALSE	0	135	100	0	0	-395.979797464	395.979797464	1550170241.41	-2	-1	-2	-1
1	"1"	"1"	6	FALSE	0	135	100	0	0	-395.979797464	395.979797464	1550170241.44	-2	-1	-2	-1
1	"1"	"1"	6	FALSE	0	135	100	0	0	-395.979797464	395.979797464	1550170241.47	-4	0	-4	0
1	"1"	"1"	6	FALSE	0	135	100	0	0	-395.979797464	395.979797464	1550170241.51	-14	14	-14	14
1	"1"	"1"	6	FALSE	0	135	100	0	0	-395.979797464	395.979797464	1550170241.54	-32	44	-32	44
1	"1"	"1"	6	FALSE	0	135	100	0	0	-395.979797464	395.979797464	1550170241.57	-57	82	-57	82
1	"1"	"1"	6	FALSE	0	135	100	0	0	-395.979797464	395.979797464	1550170241.61	-85	117	-85	117
1	"1"	"1"	6	FALSE	0	135	100	0	0	-395.979797464	395.979797464	1550170241.64	-106	141	-106	141
1	"1"	"1"	6	FALSE	0	135	100	0	0	-395.979797464	395.979797464	1550170241.67	-129	167	-129	167
1	"1"	"1"	6	FALSE	0	135	100	0	0	-395.979797464	395.979797464	1550170241.71	-145	184	-145	184
1	"1"	"1"	6	FALSE	0	135	100	0	0	-395.979797464	395.979797464	1550170241.74	-159	198	-159	198
1	"1"	"1"	6	FALSE	0	135	100	0	0	-395.979797464	395.979797464	1550170241.77	-171	208	-171	208
1	"1"	"1"	6	FALSE	0	135	100	0	0	-395.979797464	395.979797464	1550170241.81	-184	217	-184	217
1	"1"	"1"	6	FALSE	0	135	100	0	0	-395.979797464	395.979797464	1550170241.84	-197	225	-197	225
1	"1"	"1"	6	FALSE	0	135	100	0	0	-395.979797464	395.979797464	1550170241.87	-207	231	-207	231
1	"1"	"1"	6	FALSE	0	135	100	0	0	-395.979797464	395.979797464	1550170241.91	-218	236	-218	236
1	"1"	"1"	6	FALSE	0	135	100	0	0	-395.979797464	395.979797464	1550170241.94	-230	242	-230	242
1	"1"	"1"	6	FALSE	0	135	100	0	0	-395.979797464	395.979797464	1550170241.97	-240	248	-240	248
1	"1"	"1"	6	FALSE	0	135	100	0	0	-395.979797464	395.979797464	1550170242.01	-255	254	-255	254
1	"1"	"1"	6	FALSE	0	135	100	0	0	-395.979797464	395.979797464	1550170242.04	-265	260	-265	260
1	"1"	"1"	6	FALSE	0	135	100	0	0	-395.979797464	395.979797464	1550170242.07	-276	269	-276	269
1	"1"	"1"	6	FALSE	0	135	100	0	0	-395.979797464	395.979797464	1550170242.11	-285	277	-285	277
1	"1"	"1"	6	FALSE	0	135	100	0	0	-395.979797464	395.979797464	1550170242.14	-296	287	-296	287
1	"1"	"1"	6	FALSE	0	135	100	0	0	-395.979797464	395.979797464	1550170242.17	-307	295	-307	295
1	"1"	"1"	6	FALSE	0	135	100	0	0	-395.979797464	395.979797464	1550170242.21	-316	302	-316	302
1	"1"	"1"	6	FALSE	0	135	100	0	0	-395.979797464	395.979797464	1550170242.24	-325	311	-325	311
1	"1"	"1"	6	FALSE	0	135	100	0	0	-395.979797464	395.979797464	1550170242.27	-336	320	-336	320
1	"1"	"1"	6	FALSE	0	135	100	0	0	-395.979797464	395.979797464	1550170242.31	-347	329	-347	329
1	"1"	"1"	6	FALSE	0	135	100	0	0	-395.979797464	395.979797464	1550170242.34	-355	337	-355	337
1	"1"	"1"	6	FALSE	0	135	100	0	0	-395.979797464	395.979797464	1550170242.37	-364	347	-364	347
1	"1"	"1"	6	FALSE	0	135	100	0	0	-395.979797464	395.979797464	1550170242.41	-373	356	-373	356
1	"1"	"1"	6	FALSE	0	135	100	0	0	-395.979797464	395.979797464	1550170242.44	-379	362	-379	362
1	"1"	"1"	6	FALSE	0	135	100	0	0	-395.979797464	395.979797464	1550170242.47	-386	368	-386	368
1	"1"	"1"	6	FALSE	0	135	100	0	0	-395.979797464	395.979797464	1550170242.51	-393	374	-393	374
1	"1"	"1"	6	FALSE	0	135	100	0	0	-395.979797464	395.979797464	1550170242.54	-399	378	-399	378
1	"1"	"1"	6	FALSE	0	135	100	0	0	-395.979797464	395.979797464	1550170242.57	-406	384	-406	384
1	"1"	"1"	6	FALSE	0	135	100	0	0	-395.979797464	395.979797464	1550170242.61	-410	389	-410	389
1	"1"	"1"	6	FALSE	0	135	100	0	0	-395.979797464	395.979797464	1550170242.64	-413	393	-413	393
1	"1"	"1"	6	FALSE	0	135	100	0	0	-395.979797464	395.979797464	1550170242.67	-415	396	-415	396
1	"1"	"1"	6	FALSE	0	135	100	0	0	-395.979797464	395.979797464	1550170242.71	-417	398	-417	398
1	"1"	"1"	6	FALSE	0	135	100	0	0	-395.979797464	395.979797464	1550170242.74	-417	399	-417	399
1	"1"	"1"	6	FALSE	0	135	100	0	0	-395.979797464	395.979797464	1550170242.77	-417	399	-417	399
1	"1"	"1"	6	FALSE	0	135	100	0	0	-395.979797464	395.979797464	1550170242.81	-417	399	-417	399
1	"1"	"1"	6	FALSE	0	135	100	0	0	-395.979797464	395.979797464	1550170242.84	-412	398	-412	398
1	"1"	"1"	6	FALSE	0	135	100	0	0	-395.979797464	395.979797464	1550170242.87	-406	397	-406	397
1	"1"	"1"	6	FALSE	0	135	100	0	0	-395.979797464	395.979797464	1550170242.91	-402	396	-402	396
1	"1"	"1"	6	FALSE	0	135	100	0	0	-395.979797464	395.979797464	1550170242.94	-400	395	-400	395
1	"1"	"1"	6	FALSE	0	135	100	0	0	-395.979797464	395.979797464	1550170242.97	-399	394	-399	394
1	"1"	"1"	6	FALSE	0	135	100	0	0	-395.979797464	395.979797464	1550170243.01	-397	392	-397	392
1	"1"	"1"	6	FALSE	0	135	100	0	0	-395.979797464	395.979797464	1550170243.04	-394	389	-394	389
1	"1"	"1"	6	FALSE	0	135	100	0	0	-395.979797464	395.979797464	1550170243.07	-391	387	-391	387
1	"1"	"1"	7	FALSE	0	135	100	0	0	-395.979797464	395.979797464	1550170245.79	6	0	6	0
1	"1"	"1"	7	FALSE	0	135	100	0	0	-395.979797464	395.979797464	1550170245.81	6	-1	6	-1
1	"1"	"1"	7	FALSE	0	135	100	0	0	-395.979797464	395.979797464	1550170245.84	5	-1	5	-1
1	"1"	"1"	7	FALSE	0	135	100	0	0	-395.979797464	395.979797464	1550170245.88	4	-3	4	-3
1	"1"	"1"	7	FALSE	0	135	100	0	0	-395.979797464	395.979797464	1550170245.91	3	-4	3	-4
1	"1"	"1"	7	FALSE	0	135	100	0	0	-395.979797464	395.979797464	1550170245.94	3	-4	3	-4
1	"1"	"1"	7	FALSE	0	135	100	0	0	-395.979797464	395.979797464	1550170245.98	2	-5	2	-5
1	"1"	"1"	7	FALSE	0	135	100	0	0	-395.979797464	395.979797464	1550170246.01	2	-6	2	-6
1	"1"	"1"	7	FALSE	0	135	100	0	0	-395.979797464	395.979797464	1550170246.04	1	-6	1	-6
1	"1"	"1"	7	FALSE	0	135	100	0	0	-395.979797464	395.979797464	1550170246.08	1	-6	1	-6
1	"1"	"1"	7	FALSE	0	135	100	0	0	-395.979797464	395.979797464	1550170246.11	-1	-6	-1	-6
1	"1"	"1"	7	FALSE	0	135	100	0	0	-395.979797464	395.979797464	1550170246.14	-9	-1	-9	-1
1	"1"	"1"	7	FALSE	0	135	100	0	0	-395.979797464	395.979797464	1550170246.18	-25	15	-25	15
1	"1"	"1"	7	FALSE	0	135	100	0	0	-395.979797464	395.979797464	1550170246.21	-43	33	-43	33
1	"1"	"1"	7	FALSE	0	135	100	0	0	-395.979797464	395.979797464	1550170246.24	-62	50	-62	50
1	"1"	"1"	7	FALSE	0	135	100	0	0	-395.979797464	395.979797464	1550170246.28	-77	65	-77	65
1	"1"	"1"	7	FALSE	0	135	100	0	0	-395.979797464	395.979797464	1550170246.31	-94	75	-94	75
1	"1"	"1"	7	FALSE	0	135	100	0	0	-395.979797464	395.979797464	1550170246.34	-106	80	-106	80
1	"1"	"1"	7	FALSE	0	135	100	0	0	-395.979797464	395.979797464	1550170246.38	-121	85	-121	85
1	"1"	"1"	7	FALSE	0	135	100	0	0	-395.979797464	395.979797464	1550170246.41	-139	92	-139	92
1	"1"	"1"	7	FALSE	0	135	100	0	0	-395.979797464	395.979797464	1550170246.44	-156	99	-156	99
1	"1"	"1"	7	FALSE	0	135	100	0	0	-395.979797464	395.979797464	1550170246.48	-181	118	-181	118
1	"1"	"1"	7	FALSE	0	135	100	0	0	-395.979797464	395.979797464	1550170246.51	-202	136	-202	136
1	"1"	"1"	7	FALSE	0	135	100	0	0	-395.979797464	395.979797464	1550170246.54	-223	157	-223	157
1	"1"	"1"	7	FALSE	0	135	100	0	0	-395.979797464	395.979797464	1550170246.58	-234	169	-234	169
1	"1"	"1"	7	FALSE	0	135	100	0	0	-395.979797464	395.979797464	1550170246.61	-252	185	-252	185
1	"1"	"1"	7	FALSE	0	135	100	0	0	-395.979797464	395.979797464	1550170246.64	-266	198	-266	198
1	"1"	"1"	7	FALSE	0	135	100	0	0	-395.979797464	395.979797464	1550170246.68	-276	207	-276	207
1	"1"	"1"	7	FALSE	0	135	100	0	0	-395.979797464	395.979797464	1550170246.71	-286	214	-286	214
1	"1"	"1"	7	FALSE	0	135	100	0	0	-395.979797464	395.979797464	1550170246.74	-295	221	-295	221
1	"1"	"1"	7	FALSE	0	135	100	0	0	-395.979797464	395.979797464	1550170246.78	-303	226	-303	226
1	"1"	"1"	7	FALSE	0	135	100	0	0	-395.979797464	395.979797464	1550170246.81	-312	231	-312	231
1	"1"	"1"	7	FALSE	0	135	100	0	0	-395.979797464	395.979797464	1550170246.84	-321	241	-321	241
1	"1"	"1"	7	FALSE	0	135	100	0	0	-395.979797464	395.979797464	1550170246.88	-330	254	-330	254
1	"1"	"1"	7	FALSE	0	135	100	0	0	-395.979797464	395.979797464	1550170246.91	-338	266	-338	266
1	"1"	"1"	7	FALSE	0	135	100	0	0	-395.979797464	395.979797464	1550170246.94	-348	280	-348	280
1	"1"	"1"	7	FALSE	0	135	100	0	0	-395.979797464	395.979797464	1550170246.98	-356	291	-356	291
1	"1"	"1"	7	FALSE	0	135	100	0	0	-395.979797464	395.979797464	1550170247.01	-361	301	-361	301
1	"1"	"1"	7	FALSE	0	135	100	0	0	-395.979797464	395.979797464	1550170247.04	-365	310	-365	310
1	"1"	"1"	7	FALSE	0	135	100	0	0	-395.979797464	395.979797464	1550170247.08	-369	319	-369	319
1	"1"	"1"	7	FALSE	0	135	100	0	0	-395.979797464	395.979797464	1550170247.11	-373	329	-373	329
1	"1"	"1"	7	FALSE	0	135	100	0	0	-395.979797464	395.979797464	1550170247.14	-377	337	-377	337
1	"1"	"1"	7	FALSE	0	135	100	0	0	-395.979797464	395.979797464	1550170247.18	-384	349	-384	349
1	"1"	"1"	7	FALSE	0	135	100	0	0	-395.979797464	395.979797464	1550170247.21	-390	362	-390	362
1	"1"	"1"	7	FALSE	0	135	100	0	0	-395.979797464	395.979797464	1550170247.24	-393	371	-393	371
1	"1"	"1"	7	FALSE	0	135	100	0	0	-395.979797464	395.979797464	1550170247.28	-395	377	-395	377
1	"1"	"1"	7	FALSE	0	135	100	0	0	-395.979797464	395.979797464	1550170247.31	-396	382	-396	382
1	"1"	"1"	7	FALSE	0	135	100	0	0	-395.979797464	395.979797464	1550170247.34	-397	384	-397	384
1	"1"	"1"	7	FALSE	0	135	100	0	0	-395.979797464	395.979797464	1550170247.38	-398	387	-398	387
1	"1"	"1"	7	FALSE	0	135	100	0	0	-395.979797464	395.979797464	1550170247.41	-398	390	-398	390
1	"1"	"1"	7	FALSE	0	135	100	0	0	-395.979797464	395.979797464	1550170247.44	-400	394	-400	394
1	"1"	"1"	7	FALSE	0	135	100	0	0	-395.979797464	395.979797464	1550170247.48	-400	396	-400	396
1	"1"	"1"	8	FALSE	0	90	100	0	0	3.42901103761e-14	560	1550170249.06	5	3	5	3
1	"1"	"1"	8	FALSE	0	90	100	0	0	3.42901103761e-14	560	1550170249.08	5	4	5	4
1	"1"	"1"	8	FALSE	0	90	100	0	0	3.42901103761e-14	560	1550170249.11	5	4	5	4
1	"1"	"1"	8	FALSE	0	90	100	0	0	3.42901103761e-14	560	1550170249.15	5	3	5	3
1	"1"	"1"	8	FALSE	0	90	100	0	0	3.42901103761e-14	560	1550170249.18	5	3	5	3
1	"1"	"1"	8	FALSE	0	90	100	0	0	3.42901103761e-14	560	1550170249.21	5	3	5	3
1	"1"	"1"	8	FALSE	0	90	100	0	0	3.42901103761e-14	560	1550170249.25	5	3	5	3
1	"1"	"1"	8	FALSE	0	90	100	0	0	3.42901103761e-14	560	1550170249.28	4	3	4	3
1	"1"	"1"	8	FALSE	0	90	100	0	0	3.42901103761e-14	560	1550170249.31	4	3	4	3
1	"1"	"1"	8	FALSE	0	90	100	0	0	3.42901103761e-14	560	1550170249.35	5	4	5	4
1	"1"	"1"	8	FALSE	0	90	100	0	0	3.42901103761e-14	560	1550170249.38	4	5	4	5
1	"1"	"1"	8	FALSE	0	90	100	0	0	3.42901103761e-14	560	1550170249.41	2	16	2	16
1	"1"	"1"	8	FALSE	0	90	100	0	0	3.42901103761e-14	560	1550170249.45	0	39	0	39
1	"1"	"1"	8	FALSE	0	90	100	0	0	3.42901103761e-14	560	1550170249.48	-1	65	-1	65
1	"1"	"1"	8	FALSE	0	90	100	0	0	3.42901103761e-14	560	1550170249.51	-2	96	-2	96
1	"1"	"1"	8	FALSE	0	90	100	0	0	3.42901103761e-14	560	1550170249.55	-5	125	-5	125
1	"1"	"1"	8	FALSE	0	90	100	0	0	3.42901103761e-14	560	1550170249.58	-9	149	-9	149
1	"1"	"1"	8	FALSE	0	90	100	0	0	3.42901103761e-14	560	1550170249.61	-14	180	-14	180
1	"1"	"1"	8	FALSE	0	90	100	0	0	3.42901103761e-14	560	1550170249.65	-21	215	-21	215
1	"1"	"1"	8	FALSE	0	90	100	0	0	3.42901103761e-14	560	1550170249.68	-29	242	-29	242
1	"1"	"1"	8	FALSE	0	90	100	0	0	3.42901103761e-14	560	1550170249.71	-37	271	-37	271
1	"1"	"1"	8	FALSE	0	90	100	0	0	3.42901103761e-14	560	1550170249.75	-42	295	-42	295
1	"1"	"1"	8	FALSE	0	90	100	0	0	3.42901103761e-14	560	1550170249.78	-46	317	-46	317
1	"1"	"1"	8	FALSE	0	90	100	0	0	3.42901103761e-14	560	1550170249.81	-48	336	-48	336
1	"1"	"1"	8	FALSE	0	90	100	0	0	3.42901103761e-14	560	1550170249.85	-50	357	-50	357
1	"1"	"1"	8	FALSE	0	90	100	0	0	3.42901103761e-14	560	1550170249.88	-51	372	-51	372
1	"1"	"1"	8	FALSE	0	90	100	0	0	3.42901103761e-14	560	1550170249.91	-49	389	-49	389
1	"1"	"1"	8	FALSE	0	90	100	0	0	3.42901103761e-14	560	1550170249.95	-46	407	-46	407
1	"1"	"1"	8	FALSE	0	90	100	0	0	3.42901103761e-14	560	1550170249.98	-42	426	-42	426
1	"1"	"1"	8	FALSE	0	90	100	0	0	3.42901103761e-14	560	1550170250.01	-38	439	-38	439
1	"1"	"1"	8	FALSE	0	90	100	0	0	3.42901103761e-14	560	1550170250.05	-33	451	-33	451
1	"1"	"1"	8	FALSE	0	90	100	0	0	3.42901103761e-14	560	1550170250.08	-28	464	-28	464
1	"1"	"1"	8	FALSE	0	90	100	0	0	3.42901103761e-14	560	1550170250.11	-21	478	-21	478
1	"1"	"1"	8	FALSE	0	90	100	0	0	3.42901103761e-14	560	1550170250.15	-16	489	-16	489
1	"1"	"1"	8	FALSE	0	90	100	0	0	3.42901103761e-14	560	1550170250.18	-10	501	-10	501
1	"1"	"1"	8	FALSE	0	90	100	0	0	3.42901103761e-14	560	1550170250.21	-5	514	-5	514
1	"1"	"1"	8	FALSE	0	90	100	0	0	3.42901103761e-14	560	1550170250.25	-3	524	-3	524
1	"1"	"1"	8	FALSE	0	90	100	0	0	3.42901103761e-14	560	1550170250.28	-2	530	-2	530
1	"1"	"1"	8	FALSE	0	90	100	0	0	3.42901103761e-14	560	1550170250.31	-2	535	-2	535
1	"1"	"1"	8	FALSE	0	90	100	0	0	3.42901103761e-14	560	1550170250.35	-1	542	-1	542
1	"1"	"1"	8	FALSE	0	90	100	0	0	3.42901103761e-14	560	1550170250.38	-1	547	-1	547
1	"1"	"1"	8	FALSE	0	90	100	0	0	3.42901103761e-14	560	1550170250.41	-1	552	-1	552
1	"1"	"1"	8	FALSE	0	90	100	0	0	3.42901103761e-14	560	1550170250.45	0	558	0	558
1	"1"	"1"	8	FALSE	0	90	100	0	0	3.42901103761e-14	560	1550170250.48	-1	562	-1	562
1	"1"	"1"	8	FALSE	0	90	100	0	0	3.42901103761e-14	560	1550170250.51	-1	565	-1	565
1	"1"	"1"	9	FALSE	0	45	100	0	0	395.979797464	395.979797464	1550170251.89	9	5	9	5
1	"1"	"1"	9	FALSE	0	45	100	0	0	395.979797464	395.979797464	1550170251.91	9	4	9	4
1	"1"	"1"	9	FALSE	0	45	100	0	0	395.979797464	395.979797464	1550170251.95	8	2	8	2
1	"1"	"1"	9	FALSE	0	45	100	0	0	395.979797464	395.979797464	1550170251.98	7	0	7	0
1	"1"	"1"	9	FALSE	0	45	100	0	0	395.979797464	395.979797464	1550170252.01	7	-1	7	-1
1	"1"	"1"	9	FALSE	0	45	100	0	0	395.979797464	395.979797464	1550170252.05	7	-1	7	-1
1	"1"	"1"	9	FALSE	0	45	100	0	0	395.979797464	395.979797464	1550170252.08	7	-1	7	-1
1	"1"	"1"	9	FALSE	0	45	100	0	0	395.979797464	395.979797464	1550170252.11	7	-1	7	-1
1	"1"	"1"	9	FALSE	0	45	100	0	0	395.979797464	395.979797464	1550170252.15	7	-1	7	-1
1	"1"	"1"	9	FALSE	0	45	100	0	0	395.979797464	395.979797464	1550170252.18	7	0	7	0
1	"1"	"1"	9	FALSE	0	45	100	0	0	395.979797464	395.979797464	1550170252.21	9	2	9	2
1	"1"	"1"	9	FALSE	0	45	100	0	0	395.979797464	395.979797464	1550170252.25	19	18	19	18
1	"1"	"1"	9	FALSE	0	45	100	0	0	395.979797464	395.979797464	1550170252.28	36	43	36	43
1	"1"	"1"	9	FALSE	0	45	100	0	0	395.979797464	395.979797464	1550170252.31	63	77	63	77
1	"1"	"1"	9	FALSE	0	45	100	0	0	395.979797464	395.979797464	1550170252.35	89	108	89	108
1	"1"	"1"	9	FALSE	0	45	100	0	0	395.979797464	395.979797464	1550170252.38	122	144	122	144
1	"1"	"1"	9	FALSE	0	45	100	0	0	395.979797464	395.979797464	1550170252.41	155	179	155	179
1	"1"	"1"	9	FALSE	0	45	100	0	0	395.979797464	395.979797464	1550170252.45	182	208	182	208
1	"1"	"1"	9	FALSE	0	45	100	0	0	395.979797464	395.979797464	1550170252.48	211	237	211	237
1	"1"	"1"	9	FALSE	0	45	100	0	0	395.979797464	395.979797464	1550170252.51	235	258	235	258
1	"1"	"1"	9	FALSE	0	45	100	0	0	395.979797464	395.979797464	1550170252.55	260	276	260	276
1	"1"	"1"	9	FALSE	0	45	100	0	0	395.979797464	395.979797464	1550170252.58	275	287	275	287
1	"1"	"1"	9	FALSE	0	45	100	0	0	395.979797464	395.979797464	1550170252.61	291	299	291	299
1	"1"	"1"	9	FALSE	0	45	100	0	0	395.979797464	395.979797464	1550170252.65	308	309	308	309
1	"1"	"1"	9	FALSE	0	45	100	0	0	395.979797464	395.979797464	1550170252.68	322	318	322	318
1	"1"	"1"	9	FALSE	0	45	100	0	0	395.979797464	395.979797464	1550170252.71	341	330	341	330
1	"1"	"1"	9	FALSE	0	45	100	0	0	395.979797464	395.979797464	1550170252.75	358	344	358	344
1	"1"	"1"	9	FALSE	0	45	100	0	0	395.979797464	395.979797464	1550170252.78	372	358	372	358
1	"1"	"1"	9	FALSE	0	45	100	0	0	395.979797464	395.979797464	1550170252.81	386	370	386	370
1	"1"	"1"	9	FALSE	0	45	100	0	0	395.979797464	395.979797464	1550170252.85	395	380	395	380
1	"1"	"1"	9	FALSE	0	45	100	0	0	395.979797464	395.979797464	1550170252.88	405	390	405	390
1	"1"	"1"	9	FALSE	0	45	100	0	0	395.979797464	395.979797464	1550170252.91	410	395	410	395
1	"1"	"1"	9	FALSE	0	45	100	0	0	395.979797464	395.979797464	1550170252.95	411	395	411	395
1	"1"	"1"	9	FALSE	0	45	100	0	0	395.979797464	395.979797464	1550170252.98	410	396	410	396
1	"1"	"1"	9	FALSE	0	45	100	0	0	395.979797464	395.979797464	1550170253.02	410	396	410	396
