"task_num"	"task_name"	"trial_type"	"trial_num"	"terminalfeedback_bool"	"rotation_angle"	"targetangle_deg"	"targetdistance_percmax"	"homex_px"	"homey_px"	"targetx_px"	"targety_px"	"time_s"	"mousex_px"	"mousey_px"	"cursorx_px"	"cursory_px"
"3827"	9	1	1	1	0	0	135	100	0	0	-395.979797464	395.979797464	1552404906.71	-1	-1	-1	-1
"3828"	9	1	1	1	0	0	135	100	0	0	-395.979797464	395.979797464	1552404906.73	-1	-1	-1	-1
"3829"	9	1	1	1	0	0	135	100	0	0	-395.979797464	395.979797464	1552404906.77	-1	-1	-1	-1
"3830"	9	1	1	1	0	0	135	100	0	0	-395.979797464	395.979797464	1552404906.8	-1	-1	-1	-1
"3831"	9	1	1	1	0	0	135	100	0	0	-395.979797464	395.979797464	1552404906.83	-1	-1	-1	-1
"3832"	9	1	1	1	0	0	135	100	0	0	-395.979797464	395.979797464	1552404906.87	-1	-1	-1	-1
"3833"	9	1	1	1	0	0	135	100	0	0	-395.979797464	395.979797464	1552404906.9	-1	-1	-1	-1
"3834"	9	1	1	1	0	0	135	100	0	0	-395.979797464	395.979797464	1552404906.93	-1	-1	-1	-1
"3835"	9	1	1	1	0	0	135	100	0	0	-395.979797464	395.979797464	1552404906.97	-1	-1	-1	-1
"3836"	9	1	1	1	0	0	135	100	0	0	-395.979797464	395.979797464	1552404907	-1	-1	-1	-1
"3837"	9	1	1	1	0	0	135	100	0	0	-395.979797464	395.979797464	1552404907.03	-1	-1	-1	-1
"3838"	9	1	1	1	0	0	135	100	0	0	-395.979797464	395.979797464	1552404907.07	-1	-1	-1	-1
"3839"	9	1	1	1	0	0	135	100	0	0	-395.979797464	395.979797464	1552404907.1	-1	-1	-1	-1
"3840"	9	1	1	1	0	0	135	100	0	0	-395.979797464	395.979797464	1552404907.13	-1	-1	-1	-1
"3841"	9	1	1	1	0	0	135	100	0	0	-395.979797464	395.979797464	1552404907.17	-1	-1	-1	-1
"3842"	9	1	1	1	0	0	135	100	0	0	-395.979797464	395.979797464	1552404907.2	-1	-1	-1	-1
"3843"	9	1	1	1	0	0	135	100	0	0	-395.979797464	395.979797464	1552404907.23	-2	1	-2	1
"3844"	9	1	1	1	0	0	135	100	0	0	-395.979797464	395.979797464	1552404907.27	-4	6	-4	6
"3845"	9	1	1	1	0	0	135	100	0	0	-395.979797464	395.979797464	1552404907.3	-8	10	-8	10
"3846"	9	1	1	1	0	0	135	100	0	0	-395.979797464	395.979797464	1552404907.33	-10	13	-10	13
"3847"	9	1	1	1	0	0	135	100	0	0	-395.979797464	395.979797464	1552404907.37	-16	16	-16	16
"3848"	9	1	1	1	0	0	135	100	0	0	-395.979797464	395.979797464	1552404907.4	-24	21	-24	21
"3849"	9	1	1	1	0	0	135	100	0	0	-395.979797464	395.979797464	1552404907.43	-31	27	-31	27
"3850"	9	1	1	1	0	0	135	100	0	0	-395.979797464	395.979797464	1552404907.47	-41	37	-41	37
"3851"	9	1	1	1	0	0	135	100	0	0	-395.979797464	395.979797464	1552404907.5	-55	50	-55	50
"3852"	9	1	1	1	0	0	135	100	0	0	-395.979797464	395.979797464	1552404907.53	-70	65	-70	65
"3853"	9	1	1	1	0	0	135	100	0	0	-395.979797464	395.979797464	1552404907.57	-87	85	-87	85
"3854"	9	1	1	1	0	0	135	100	0	0	-395.979797464	395.979797464	1552404907.6	-103	101	-103	101
"3855"	9	1	1	1	0	0	135	100	0	0	-395.979797464	395.979797464	1552404907.63	-126	126	-126	126
"3856"	9	1	1	1	0	0	135	100	0	0	-395.979797464	395.979797464	1552404907.67	-146	142	-146	142
"3857"	9	1	1	1	0	0	135	100	0	0	-395.979797464	395.979797464	1552404907.7	-173	161	-173	161
"3858"	9	1	1	1	0	0	135	100	0	0	-395.979797464	395.979797464	1552404907.73	-204	185	-204	185
"3859"	9	1	1	1	0	0	135	100	0	0	-395.979797464	395.979797464	1552404907.77	-231	208	-231	208
"3860"	9	1	1	1	0	0	135	100	0	0	-395.979797464	395.979797464	1552404907.8	-260	231	-260	231
"3861"	9	1	1	1	0	0	135	100	0	0	-395.979797464	395.979797464	1552404907.83	-285	254	-285	254
"3862"	9	1	1	1	0	0	135	100	0	0	-395.979797464	395.979797464	1552404907.87	-307	274	-307	274
"3863"	9	1	1	1	0	0	135	100	0	0	-395.979797464	395.979797464	1552404907.9	-327	293	-327	293
"3864"	9	1	1	1	0	0	135	100	0	0	-395.979797464	395.979797464	1552404907.93	-340	305	-340	305
"3865"	9	1	1	1	0	0	135	100	0	0	-395.979797464	395.979797464	1552404907.97	-355	320	-355	320
"3866"	9	1	1	1	0	0	135	100	0	0	-395.979797464	395.979797464	1552404908	-366	333	-366	333
"3867"	9	1	1	1	0	0	135	100	0	0	-395.979797464	395.979797464	1552404908.03	-375	344	-375	344
"3868"	9	1	1	1	0	0	135	100	0	0	-395.979797464	395.979797464	1552404908.07	-383	355	-383	355
"3869"	9	1	1	1	0	0	135	100	0	0	-395.979797464	395.979797464	1552404908.1	-388	364	-388	364
"3870"	9	1	1	1	0	0	135	100	0	0	-395.979797464	395.979797464	1552404908.13	-392	369	-392	369
"3871"	9	1	1	1	0	0	135	100	0	0	-395.979797464	395.979797464	1552404908.17	-394	374	-394	374
"3872"	9	1	1	1	0	0	135	100	0	0	-395.979797464	395.979797464	1552404908.2	-395	380	-395	380
"3873"	9	1	1	1	0	0	135	100	0	0	-395.979797464	395.979797464	1552404908.23	-396	384	-396	384
"3874"	9	1	1	1	0	0	135	100	0	0	-395.979797464	395.979797464	1552404908.27	-397	387	-397	387
"3875"	9	1	1	1	0	0	135	100	0	0	-395.979797464	395.979797464	1552404908.3	-397	390	-397	390
"3876"	9	1	1	2	0	0	45	100	0	0	395.979797464	395.979797464	1552404909.98	11	-1	11	-1
"3877"	9	1	1	2	0	0	45	100	0	0	395.979797464	395.979797464	1552404910	9	0	9	0
"3878"	9	1	1	2	0	0	45	100	0	0	395.979797464	395.979797464	1552404910.04	8	1	8	1
"3879"	9	1	1	2	0	0	45	100	0	0	395.979797464	395.979797464	1552404910.07	8	1	8	1
"3880"	9	1	1	2	0	0	45	100	0	0	395.979797464	395.979797464	1552404910.1	8	1	8	1
"3881"	9	1	1	2	0	0	45	100	0	0	395.979797464	395.979797464	1552404910.14	8	1	8	1
"3882"	9	1	1	2	0	0	45	100	0	0	395.979797464	395.979797464	1552404910.17	8	1	8	1
"3883"	9	1	1	2	0	0	45	100	0	0	395.979797464	395.979797464	1552404910.2	8	0	8	0
"3884"	9	1	1	2	0	0	45	100	0	0	395.979797464	395.979797464	1552404910.24	7	1	7	1
"3885"	9	1	1	2	0	0	45	100	0	0	395.979797464	395.979797464	1552404910.27	7	1	7	1
"3886"	9	1	1	2	0	0	45	100	0	0	395.979797464	395.979797464	1552404910.3	7	1	7	1
"3887"	9	1	1	2	0	0	45	100	0	0	395.979797464	395.979797464	1552404910.34	7	1	7	1
"3888"	9	1	1	2	0	0	45	100	0	0	395.979797464	395.979797464	1552404910.37	8	2	8	2
"3889"	9	1	1	2	0	0	45	100	0	0	395.979797464	395.979797464	1552404910.4	18	12	18	12
"3890"	9	1	1	2	0	0	45	100	0	0	395.979797464	395.979797464	1552404910.44	30	26	30	26
"3891"	9	1	1	2	0	0	45	100	0	0	395.979797464	395.979797464	1552404910.47	54	50	54	50
"3892"	9	1	1	2	0	0	45	100	0	0	395.979797464	395.979797464	1552404910.5	83	80	83	80
"3893"	9	1	1	2	0	0	45	100	0	0	395.979797464	395.979797464	1552404910.54	111	107	111	107
"3894"	9	1	1	2	0	0	45	100	0	0	395.979797464	395.979797464	1552404910.57	147	140	147	140
"3895"	9	1	1	2	0	0	45	100	0	0	395.979797464	395.979797464	1552404910.6	186	180	186	180
"3896"	9	1	1	2	0	0	45	100	0	0	395.979797464	395.979797464	1552404910.64	226	215	226	215
"3897"	9	1	1	2	0	0	45	100	0	0	395.979797464	395.979797464	1552404910.67	260	245	260	245
"3898"	9	1	1	2	0	0	45	100	0	0	395.979797464	395.979797464	1552404910.7	299	276	299	276
"3899"	9	1	1	2	0	0	45	100	0	0	395.979797464	395.979797464	1552404910.74	335	301	335	301
"3900"	9	1	1	2	0	0	45	100	0	0	395.979797464	395.979797464	1552404910.77	359	317	359	317
"3901"	9	1	1	2	0	0	45	100	0	0	395.979797464	395.979797464	1552404910.8	374	328	374	328
"3902"	9	1	1	2	0	0	45	100	0	0	395.979797464	395.979797464	1552404910.84	387	339	387	339
"3903"	9	1	1	2	0	0	45	100	0	0	395.979797464	395.979797464	1552404910.87	394	346	394	346
"3904"	9	1	1	2	0	0	45	100	0	0	395.979797464	395.979797464	1552404910.9	399	353	399	353
"3905"	9	1	1	2	0	0	45	100	0	0	395.979797464	395.979797464	1552404910.94	399	359	399	359
"3906"	9	1	1	2	0	0	45	100	0	0	395.979797464	395.979797464	1552404910.97	398	365	398	365
"3907"	9	1	1	2	0	0	45	100	0	0	395.979797464	395.979797464	1552404911	398	371	398	371
"3908"	9	1	1	2	0	0	45	100	0	0	395.979797464	395.979797464	1552404911.04	402	383	402	383
"3909"	9	1	1	2	0	0	45	100	0	0	395.979797464	395.979797464	1552404911.07	403	388	403	388
"3910"	9	1	1	2	0	0	45	100	0	0	395.979797464	395.979797464	1552404911.1	403	391	403	391
"3911"	9	1	1	3	0	0	90	100	0	0	3.42901103761e-14	560	1552404912.35	3	5	3	5
"3912"	9	1	1	3	0	0	90	100	0	0	3.42901103761e-14	560	1552404912.37	3	5	3	5
"3913"	9	1	1	3	0	0	90	100	0	0	3.42901103761e-14	560	1552404912.4	3	5	3	5
"3914"	9	1	1	3	0	0	90	100	0	0	3.42901103761e-14	560	1552404912.44	3	5	3	5
"3915"	9	1	1	3	0	0	90	100	0	0	3.42901103761e-14	560	1552404912.47	3	5	3	5
"3916"	9	1	1	3	0	0	90	100	0	0	3.42901103761e-14	560	1552404912.5	3	5	3	5
"3917"	9	1	1	3	0	0	90	100	0	0	3.42901103761e-14	560	1552404912.54	3	5	3	5
"3918"	9	1	1	3	0	0	90	100	0	0	3.42901103761e-14	560	1552404912.57	3	5	3	5
"3919"	9	1	1	3	0	0	90	100	0	0	3.42901103761e-14	560	1552404912.6	3	5	3	5
"3920"	9	1	1	3	0	0	90	100	0	0	3.42901103761e-14	560	1552404912.64	3	5	3	5
"3921"	9	1	1	3	0	0	90	100	0	0	3.42901103761e-14	560	1552404912.67	3	5	3	5
"3922"	9	1	1	3	0	0	90	100	0	0	3.42901103761e-14	560	1552404912.7	0	9	0	9
"3923"	9	1	1	3	0	0	90	100	0	0	3.42901103761e-14	560	1552404912.74	-4	16	-4	16
"3924"	9	1	1	3	0	0	90	100	0	0	3.42901103761e-14	560	1552404912.77	-11	32	-11	32
"3925"	9	1	1	3	0	0	90	100	0	0	3.42901103761e-14	560	1552404912.8	-18	55	-18	55
"3926"	9	1	1	3	0	0	90	100	0	0	3.42901103761e-14	560	1552404912.84	-22	83	-22	83
"3927"	9	1	1	3	0	0	90	100	0	0	3.42901103761e-14	560	1552404912.87	-24	117	-24	117
"3928"	9	1	1	3	0	0	90	100	0	0	3.42901103761e-14	560	1552404912.91	-25	153	-25	153
"3929"	9	1	1	3	0	0	90	100	0	0	3.42901103761e-14	560	1552404912.94	-21	194	-21	194
"3930"	9	1	1	3	0	0	90	100	0	0	3.42901103761e-14	560	1552404912.97	-13	231	-13	231
"3931"	9	1	1	3	0	0	90	100	0	0	3.42901103761e-14	560	1552404913.01	-7	275	-7	275
"3932"	9	1	1	3	0	0	90	100	0	0	3.42901103761e-14	560	1552404913.04	-3	311	-3	311
"3933"	9	1	1	3	0	0	90	100	0	0	3.42901103761e-14	560	1552404913.07	1	346	1	346
"3934"	9	1	1	3	0	0	90	100	0	0	3.42901103761e-14	560	1552404913.11	2	373	2	373
"3935"	9	1	1	3	0	0	90	100	0	0	3.42901103761e-14	560	1552404913.14	2	395	2	395
"3936"	9	1	1	3	0	0	90	100	0	0	3.42901103761e-14	560	1552404913.17	-1	416	-1	416
"3937"	9	1	1	3	0	0	90	100	0	0	3.42901103761e-14	560	1552404913.21	-4	436	-4	436
"3938"	9	1	1	3	0	0	90	100	0	0	3.42901103761e-14	560	1552404913.24	-9	455	-9	455
"3939"	9	1	1	3	0	0	90	100	0	0	3.42901103761e-14	560	1552404913.27	-15	475	-15	475
"3940"	9	1	1	3	0	0	90	100	0	0	3.42901103761e-14	560	1552404913.31	-17	491	-17	491
"3941"	9	1	1	3	0	0	90	100	0	0	3.42901103761e-14	560	1552404913.34	-19	504	-19	504
"3942"	9	1	1	3	0	0	90	100	0	0	3.42901103761e-14	560	1552404913.37	-20	514	-20	514
"3943"	9	1	1	3	0	0	90	100	0	0	3.42901103761e-14	560	1552404913.41	-21	524	-21	524
"3944"	9	1	1	3	0	0	90	100	0	0	3.42901103761e-14	560	1552404913.44	-22	531	-22	531
"3945"	9	1	1	3	0	0	90	100	0	0	3.42901103761e-14	560	1552404913.47	-23	537	-23	537
"3946"	9	1	1	3	0	0	90	100	0	0	3.42901103761e-14	560	1552404913.51	-24	546	-24	546
"3947"	9	1	1	3	0	0	90	100	0	0	3.42901103761e-14	560	1552404913.54	-24	554	-24	554
"3948"	9	1	1	3	0	0	90	100	0	0	3.42901103761e-14	560	1552404913.57	-23	562	-23	562
"3949"	9	1	1	3	0	0	90	100	0	0	3.42901103761e-14	560	1552404913.61	-22	567	-22	567
"3950"	9	1	1	3	0	0	90	100	0	0	3.42901103761e-14	560	1552404913.64	-21	568	-21	568
"3951"	9	1	1	3	0	0	90	100	0	0	3.42901103761e-14	560	1552404913.67	-21	568	-21	568
"3952"	9	1	1	3	0	0	90	100	0	0	3.42901103761e-14	560	1552404913.71	-18	566	-18	566
"3953"	9	1	1	3	0	0	90	100	0	0	3.42901103761e-14	560	1552404913.74	-13	563	-13	563
"3954"	9	1	1	3	0	0	90	100	0	0	3.42901103761e-14	560	1552404913.77	-10	561	-10	561
"3955"	9	1	1	3	0	0	90	100	0	0	3.42901103761e-14	560	1552404913.81	-9	560	-9	560
"3956"	9	1	1	4	0	0	45	100	0	0	395.979797464	395.979797464	1552404915.12	5	-6	5	-6
"3957"	9	1	1	4	0	0	45	100	0	0	395.979797464	395.979797464	1552404915.14	5	-6	5	-6
"3958"	9	1	1	4	0	0	45	100	0	0	395.979797464	395.979797464	1552404915.17	5	-6	5	-6
"3959"	9	1	1	4	0	0	45	100	0	0	395.979797464	395.979797464	1552404915.21	5	-6	5	-6
"3960"	9	1	1	4	0	0	45	100	0	0	395.979797464	395.979797464	1552404915.24	5	-6	5	-6
"3961"	9	1	1	4	0	0	45	100	0	0	395.979797464	395.979797464	1552404915.27	5	-6	5	-6
"3962"	9	1	1	4	0	0	45	100	0	0	395.979797464	395.979797464	1552404915.31	5	-6	5	-6
"3963"	9	1	1	4	0	0	45	100	0	0	395.979797464	395.979797464	1552404915.34	5	-6	5	-6
"3964"	9	1	1	4	0	0	45	100	0	0	395.979797464	395.979797464	1552404915.37	5	-6	5	-6
"3965"	9	1	1	4	0	0	45	100	0	0	395.979797464	395.979797464	1552404915.41	5	-6	5	-6
"3966"	9	1	1	4	0	0	45	100	0	0	395.979797464	395.979797464	1552404915.44	5	-6	5	-6
"3967"	9	1	1	4	0	0	45	100	0	0	395.979797464	395.979797464	1552404915.47	5	-6	5	-6
"3968"	9	1	1	4	0	0	45	100	0	0	395.979797464	395.979797464	1552404915.51	6	-4	6	-4
"3969"	9	1	1	4	0	0	45	100	0	0	395.979797464	395.979797464	1552404915.54	14	5	14	5
"3970"	9	1	1	4	0	0	45	100	0	0	395.979797464	395.979797464	1552404915.57	27	18	27	18
"3971"	9	1	1	4	0	0	45	100	0	0	395.979797464	395.979797464	1552404915.61	54	45	54	45
"3972"	9	1	1	4	0	0	45	100	0	0	395.979797464	395.979797464	1552404915.64	84	74	84	74
"3973"	9	1	1	4	0	0	45	100	0	0	395.979797464	395.979797464	1552404915.67	119	105	119	105
"3974"	9	1	1	4	0	0	45	100	0	0	395.979797464	395.979797464	1552404915.71	154	136	154	136
"3975"	9	1	1	4	0	0	45	100	0	0	395.979797464	395.979797464	1552404915.74	193	170	193	170
"3976"	9	1	1	4	0	0	45	100	0	0	395.979797464	395.979797464	1552404915.77	225	198	225	198
"3977"	9	1	1	4	0	0	45	100	0	0	395.979797464	395.979797464	1552404915.81	245	216	245	216
"3978"	9	1	1	4	0	0	45	100	0	0	395.979797464	395.979797464	1552404915.84	260	231	260	231
"3979"	9	1	1	4	0	0	45	100	0	0	395.979797464	395.979797464	1552404915.87	273	245	273	245
"3980"	9	1	1	4	0	0	45	100	0	0	395.979797464	395.979797464	1552404915.91	288	263	288	263
"3981"	9	1	1	4	0	0	45	100	0	0	395.979797464	395.979797464	1552404915.94	304	279	304	279
"3982"	9	1	1	4	0	0	45	100	0	0	395.979797464	395.979797464	1552404915.97	314	291	314	291
"3983"	9	1	1	4	0	0	45	100	0	0	395.979797464	395.979797464	1552404916.01	323	301	323	301
"3984"	9	1	1	4	0	0	45	100	0	0	395.979797464	395.979797464	1552404916.04	331	312	331	312
"3985"	9	1	1	4	0	0	45	100	0	0	395.979797464	395.979797464	1552404916.07	342	332	342	332
"3986"	9	1	1	4	0	0	45	100	0	0	395.979797464	395.979797464	1552404916.11	353	346	353	346
"3987"	9	1	1	4	0	0	45	100	0	0	395.979797464	395.979797464	1552404916.14	362	357	362	357
"3988"	9	1	1	4	0	0	45	100	0	0	395.979797464	395.979797464	1552404916.17	367	362	367	362
"3989"	9	1	1	4	0	0	45	100	0	0	395.979797464	395.979797464	1552404916.21	368	364	368	364
"3990"	9	1	1	4	0	0	45	100	0	0	395.979797464	395.979797464	1552404916.24	367	369	367	369
"3991"	9	1	1	4	0	0	45	100	0	0	395.979797464	395.979797464	1552404916.27	367	371	367	371
"3992"	9	1	1	4	0	0	45	100	0	0	395.979797464	395.979797464	1552404916.31	369	375	369	375
"3993"	9	1	1	4	0	0	45	100	0	0	395.979797464	395.979797464	1552404916.34	376	380	376	380
"3994"	9	1	1	4	0	0	45	100	0	0	395.979797464	395.979797464	1552404916.37	382	385	382	385
"3995"	9	1	1	4	0	0	45	100	0	0	395.979797464	395.979797464	1552404916.41	389	391	389	391
"3996"	9	1	1	4	0	0	45	100	0	0	395.979797464	395.979797464	1552404916.44	395	397	395	397
"3997"	9	1	1	4	0	0	45	100	0	0	395.979797464	395.979797464	1552404916.47	397	400	397	400
"3998"	9	1	1	4	0	0	45	100	0	0	395.979797464	395.979797464	1552404916.51	399	402	399	402
"3999"	9	1	1	4	0	0	45	100	0	0	395.979797464	395.979797464	1552404916.54	400	404	400	404
"4000"	9	1	1	5	0	0	135	100	0	0	-395.979797464	395.979797464	1552404917.72	-1	-5	-1	-5
"4001"	9	1	1	5	0	0	135	100	0	0	-395.979797464	395.979797464	1552404917.74	-1	-5	-1	-5
"4002"	9	1	1	5	0	0	135	100	0	0	-395.979797464	395.979797464	1552404917.78	-1	-5	-1	-5
"4003"	9	1	1	5	0	0	135	100	0	0	-395.979797464	395.979797464	1552404917.81	-1	-5	-1	-5
"4004"	9	1	1	5	0	0	135	100	0	0	-395.979797464	395.979797464	1552404917.84	-1	-5	-1	-5
"4005"	9	1	1	5	0	0	135	100	0	0	-395.979797464	395.979797464	1552404917.88	-1	-5	-1	-5
"4006"	9	1	1	5	0	0	135	100	0	0	-395.979797464	395.979797464	1552404917.91	-1	-5	-1	-5
"4007"	9	1	1	5	0	0	135	100	0	0	-395.979797464	395.979797464	1552404917.94	-1	-5	-1	-5
"4008"	9	1	1	5	0	0	135	100	0	0	-395.979797464	395.979797464	1552404917.98	-1	-5	-1	-5
"4009"	9	1	1	5	0	0	135	100	0	0	-395.979797464	395.979797464	1552404918.01	-1	-5	-1	-5
"4010"	9	1	1	5	0	0	135	100	0	0	-395.979797464	395.979797464	1552404918.04	-1	-5	-1	-5
"4011"	9	1	1	5	0	0	135	100	0	0	-395.979797464	395.979797464	1552404918.08	-3	0	-3	0
"4012"	9	1	1	5	0	0	135	100	0	0	-395.979797464	395.979797464	1552404918.11	-8	11	-8	11
"4013"	9	1	1	5	0	0	135	100	0	0	-395.979797464	395.979797464	1552404918.14	-18	28	-18	28
"4014"	9	1	1	5	0	0	135	100	0	0	-395.979797464	395.979797464	1552404918.18	-36	55	-36	55
"4015"	9	1	1	5	0	0	135	100	0	0	-395.979797464	395.979797464	1552404918.21	-57	84	-57	84
"4016"	9	1	1	5	0	0	135	100	0	0	-395.979797464	395.979797464	1552404918.24	-79	105	-79	105
"4017"	9	1	1	5	0	0	135	100	0	0	-395.979797464	395.979797464	1552404918.28	-109	132	-109	132
"4018"	9	1	1	5	0	0	135	100	0	0	-395.979797464	395.979797464	1552404918.31	-141	154	-141	154
"4019"	9	1	1	5	0	0	135	100	0	0	-395.979797464	395.979797464	1552404918.34	-168	171	-168	171
"4020"	9	1	1	5	0	0	135	100	0	0	-395.979797464	395.979797464	1552404918.38	-202	192	-202	192
"4021"	9	1	1	5	0	0	135	100	0	0	-395.979797464	395.979797464	1552404918.41	-234	213	-234	213
"4022"	9	1	1	5	0	0	135	100	0	0	-395.979797464	395.979797464	1552404918.44	-262	230	-262	230
"4023"	9	1	1	5	0	0	135	100	0	0	-395.979797464	395.979797464	1552404918.48	-282	246	-282	246
"4024"	9	1	1	5	0	0	135	100	0	0	-395.979797464	395.979797464	1552404918.51	-302	265	-302	265
"4025"	9	1	1	5	0	0	135	100	0	0	-395.979797464	395.979797464	1552404918.54	-317	277	-317	277
"4026"	9	1	1	5	0	0	135	100	0	0	-395.979797464	395.979797464	1552404918.58	-333	288	-333	288
"4027"	9	1	1	5	0	0	135	100	0	0	-395.979797464	395.979797464	1552404918.61	-349	301	-349	301
"4028"	9	1	1	5	0	0	135	100	0	0	-395.979797464	395.979797464	1552404918.64	-362	311	-362	311
"4029"	9	1	1	5	0	0	135	100	0	0	-395.979797464	395.979797464	1552404918.68	-372	318	-372	318
"4030"	9	1	1	5	0	0	135	100	0	0	-395.979797464	395.979797464	1552404918.71	-380	327	-380	327
"4031"	9	1	1	5	0	0	135	100	0	0	-395.979797464	395.979797464	1552404918.74	-386	338	-386	338
"4032"	9	1	1	5	0	0	135	100	0	0	-395.979797464	395.979797464	1552404918.78	-390	350	-390	350
"4033"	9	1	1	5	0	0	135	100	0	0	-395.979797464	395.979797464	1552404918.81	-393	358	-393	358
"4034"	9	1	1	5	0	0	135	100	0	0	-395.979797464	395.979797464	1552404918.84	-396	366	-396	366
"4035"	9	1	1	5	0	0	135	100	0	0	-395.979797464	395.979797464	1552404918.88	-397	372	-397	372
"4036"	9	1	1	5	0	0	135	100	0	0	-395.979797464	395.979797464	1552404918.91	-399	377	-399	377
"4037"	9	1	1	5	0	0	135	100	0	0	-395.979797464	395.979797464	1552404918.94	-400	385	-400	385
"4038"	9	1	1	5	0	0	135	100	0	0	-395.979797464	395.979797464	1552404918.98	-401	391	-401	391
"4039"	9	1	1	5	0	0	135	100	0	0	-395.979797464	395.979797464	1552404919.01	-402	395	-402	395
"4040"	9	1	1	5	0	0	135	100	0	0	-395.979797464	395.979797464	1552404919.04	-404	399	-404	399
"4041"	9	1	1	5	0	0	135	100	0	0	-395.979797464	395.979797464	1552404919.08	-405	401	-405	401
"4042"	9	1	1	6	0	0	90	100	0	0	3.42901103761e-14	560	1552404920.56	-1	2	-1	2
"4043"	9	1	1	6	0	0	90	100	0	0	3.42901103761e-14	560	1552404920.58	-1	2	-1	2
"4044"	9	1	1	6	0	0	90	100	0	0	3.42901103761e-14	560	1552404920.61	-1	2	-1	2
"4045"	9	1	1	6	0	0	90	100	0	0	3.42901103761e-14	560	1552404920.64	-1	1	-1	1
"4046"	9	1	1	6	0	0	90	100	0	0	3.42901103761e-14	560	1552404920.68	-1	-1	-1	-1
"4047"	9	1	1	6	0	0	90	100	0	0	3.42901103761e-14	560	1552404920.71	-1	-2	-1	-2
"4048"	9	1	1	6	0	0	90	100	0	0	3.42901103761e-14	560	1552404920.74	0	-4	0	-4
"4049"	9	1	1	6	0	0	90	100	0	0	3.42901103761e-14	560	1552404920.78	0	-6	0	-6
"4050"	9	1	1	6	0	0	90	100	0	0	3.42901103761e-14	560	1552404920.81	0	-7	0	-7
"4051"	9	1	1	6	0	0	90	100	0	0	3.42901103761e-14	560	1552404920.84	0	-7	0	-7
"4052"	9	1	1	6	0	0	90	100	0	0	3.42901103761e-14	560	1552404920.88	0	-7	0	-7
"4053"	9	1	1	6	0	0	90	100	0	0	3.42901103761e-14	560	1552404920.91	0	-7	0	-7
"4054"	9	1	1	6	0	0	90	100	0	0	3.42901103761e-14	560	1552404920.94	0	-7	0	-7
"4055"	9	1	1	6	0	0	90	100	0	0	3.42901103761e-14	560	1552404920.98	0	-7	0	-7
"4056"	9	1	1	6	0	0	90	100	0	0	3.42901103761e-14	560	1552404921.01	0	-7	0	-7
"4057"	9	1	1	6	0	0	90	100	0	0	3.42901103761e-14	560	1552404921.04	0	2	0	2
"4058"	9	1	1	6	0	0	90	100	0	0	3.42901103761e-14	560	1552404921.08	1	35	1	35
"4059"	9	1	1	6	0	0	90	100	0	0	3.42901103761e-14	560	1552404921.11	1	68	1	68
"4060"	9	1	1	6	0	0	90	100	0	0	3.42901103761e-14	560	1552404921.14	2	115	2	115
"4061"	9	1	1	6	0	0	90	100	0	0	3.42901103761e-14	560	1552404921.18	3	152	3	152
"4062"	9	1	1	6	0	0	90	100	0	0	3.42901103761e-14	560	1552404921.21	3	200	3	200
"4063"	9	1	1	6	0	0	90	100	0	0	3.42901103761e-14	560	1552404921.24	5	254	5	254
"4064"	9	1	1	6	0	0	90	100	0	0	3.42901103761e-14	560	1552404921.28	8	300	8	300
"4065"	9	1	1	6	0	0	90	100	0	0	3.42901103761e-14	560	1552404921.31	9	343	9	343
"4066"	9	1	1	6	0	0	90	100	0	0	3.42901103761e-14	560	1552404921.34	11	378	11	378
"4067"	9	1	1	6	0	0	90	100	0	0	3.42901103761e-14	560	1552404921.38	11	413	11	413
"4068"	9	1	1	6	0	0	90	100	0	0	3.42901103761e-14	560	1552404921.41	10	440	10	440
"4069"	9	1	1	6	0	0	90	100	0	0	3.42901103761e-14	560	1552404921.44	8	471	8	471
"4070"	9	1	1	6	0	0	90	100	0	0	3.42901103761e-14	560	1552404921.48	7	491	7	491
"4071"	9	1	1	6	0	0	90	100	0	0	3.42901103761e-14	560	1552404921.51	5	505	5	505
"4072"	9	1	1	6	0	0	90	100	0	0	3.42901103761e-14	560	1552404921.55	4	521	4	521
"4073"	9	1	1	6	0	0	90	100	0	0	3.42901103761e-14	560	1552404921.58	2	534	2	534
"4074"	9	1	1	6	0	0	90	100	0	0	3.42901103761e-14	560	1552404921.61	-4	546	-4	546
"4075"	9	1	1	6	0	0	90	100	0	0	3.42901103761e-14	560	1552404921.65	-7	552	-7	552
"4076"	9	1	1	6	0	0	90	100	0	0	3.42901103761e-14	560	1552404921.68	-8	556	-8	556
"4077"	9	1	1	6	0	0	90	100	0	0	3.42901103761e-14	560	1552404921.71	-9	559	-9	559
"4078"	9	1	1	6	0	0	90	100	0	0	3.42901103761e-14	560	1552404921.75	-10	562	-10	562
"4079"	9	1	1	7	0	0	45	100	0	0	395.979797464	395.979797464	1552404922.92	2	-4	2	-4
"4080"	9	1	1	7	0	0	45	100	0	0	395.979797464	395.979797464	1552404922.95	2	-5	2	-5
"4081"	9	1	1	7	0	0	45	100	0	0	395.979797464	395.979797464	1552404922.98	3	-5	3	-5
"4082"	9	1	1	7	0	0	45	100	0	0	395.979797464	395.979797464	1552404923.01	3	-5	3	-5
"4083"	9	1	1	7	0	0	45	100	0	0	395.979797464	395.979797464	1552404923.05	3	-5	3	-5
"4084"	9	1	1	7	0	0	45	100	0	0	395.979797464	395.979797464	1552404923.08	3	-5	3	-5
"4085"	9	1	1	7	0	0	45	100	0	0	395.979797464	395.979797464	1552404923.11	3	-5	3	-5
"4086"	9	1	1	7	0	0	45	100	0	0	395.979797464	395.979797464	1552404923.15	3	-5	3	-5
"4087"	9	1	1	7	0	0	45	100	0	0	395.979797464	395.979797464	1552404923.18	3	-5	3	-5
"4088"	9	1	1	7	0	0	45	100	0	0	395.979797464	395.979797464	1552404923.21	3	-5	3	-5
"4089"	9	1	1	7	0	0	45	100	0	0	395.979797464	395.979797464	1552404923.25	3	-5	3	-5
"4090"	9	1	1	7	0	0	45	100	0	0	395.979797464	395.979797464	1552404923.28	3	-5	3	-5
"4091"	9	1	1	7	0	0	45	100	0	0	395.979797464	395.979797464	1552404923.31	5	-3	5	-3
"4092"	9	1	1	7	0	0	45	100	0	0	395.979797464	395.979797464	1552404923.35	13	7	13	7
"4093"	9	1	1	7	0	0	45	100	0	0	395.979797464	395.979797464	1552404923.38	29	25	29	25
"4094"	9	1	1	7	0	0	45	100	0	0	395.979797464	395.979797464	1552404923.41	52	50	52	50
"4095"	9	1	1	7	0	0	45	100	0	0	395.979797464	395.979797464	1552404923.45	77	75	77	75
"4096"	9	1	1	7	0	0	45	100	0	0	395.979797464	395.979797464	1552404923.48	103	101	103	101
"4097"	9	1	1	7	0	0	45	100	0	0	395.979797464	395.979797464	1552404923.51	139	135	139	135
"4098"	9	1	1	7	0	0	45	100	0	0	395.979797464	395.979797464	1552404923.55	172	164	172	164
"4099"	9	1	1	7	0	0	45	100	0	0	395.979797464	395.979797464	1552404923.58	204	192	204	192
"4100"	9	1	1	7	0	0	45	100	0	0	395.979797464	395.979797464	1552404923.61	226	211	226	211
"4101"	9	1	1	7	0	0	45	100	0	0	395.979797464	395.979797464	1552404923.65	243	225	243	225
"4102"	9	1	1	7	0	0	45	100	0	0	395.979797464	395.979797464	1552404923.68	260	240	260	240
"4103"	9	1	1	7	0	0	45	100	0	0	395.979797464	395.979797464	1552404923.71	271	253	271	253
"4104"	9	1	1	7	0	0	45	100	0	0	395.979797464	395.979797464	1552404923.75	278	262	278	262
"4105"	9	1	1	7	0	0	45	100	0	0	395.979797464	395.979797464	1552404923.78	283	271	283	271
"4106"	9	1	1	7	0	0	45	100	0	0	395.979797464	395.979797464	1552404923.81	289	283	289	283
"4107"	9	1	1	7	0	0	45	100	0	0	395.979797464	395.979797464	1552404923.85	296	292	296	292
"4108"	9	1	1	7	0	0	45	100	0	0	395.979797464	395.979797464	1552404923.88	311	312	311	312
"4109"	9	1	1	7	0	0	45	100	0	0	395.979797464	395.979797464	1552404923.91	321	325	321	325
"4110"	9	1	1	7	0	0	45	100	0	0	395.979797464	395.979797464	1552404923.95	330	336	330	336
"4111"	9	1	1	7	0	0	45	100	0	0	395.979797464	395.979797464	1552404923.98	341	347	341	347
"4112"	9	1	1	7	0	0	45	100	0	0	395.979797464	395.979797464	1552404924.01	349	354	349	354
"4113"	9	1	1	7	0	0	45	100	0	0	395.979797464	395.979797464	1552404924.05	352	356	352	356
"4114"	9	1	1	7	0	0	45	100	0	0	395.979797464	395.979797464	1552404924.08	355	358	355	358
"4115"	9	1	1	7	0	0	45	100	0	0	395.979797464	395.979797464	1552404924.11	358	361	358	361
"4116"	9	1	1	7	0	0	45	100	0	0	395.979797464	395.979797464	1552404924.15	363	366	363	366
"4117"	9	1	1	7	0	0	45	100	0	0	395.979797464	395.979797464	1552404924.18	367	370	367	370
"4118"	9	1	1	7	0	0	45	100	0	0	395.979797464	395.979797464	1552404924.21	371	376	371	376
"4119"	9	1	1	7	0	0	45	100	0	0	395.979797464	395.979797464	1552404924.25	378	383	378	383
"4120"	9	1	1	7	0	0	45	100	0	0	395.979797464	395.979797464	1552404924.28	381	388	381	388
"4121"	9	1	1	7	0	0	45	100	0	0	395.979797464	395.979797464	1552404924.31	382	389	382	389
"4122"	9	1	1	7	0	0	45	100	0	0	395.979797464	395.979797464	1552404924.35	386	394	386	394
"4123"	9	1	1	7	0	0	45	100	0	0	395.979797464	395.979797464	1552404924.38	389	397	389	397
"4124"	9	1	1	8	0	0	135	100	0	0	-395.979797464	395.979797464	1552404925.69	2	-7	2	-7
"4125"	9	1	1	8	0	0	135	100	0	0	-395.979797464	395.979797464	1552404925.71	2	-7	2	-7
"4126"	9	1	1	8	0	0	135	100	0	0	-395.979797464	395.979797464	1552404925.75	2	-7	2	-7
"4127"	9	1	1	8	0	0	135	100	0	0	-395.979797464	395.979797464	1552404925.78	2	-7	2	-7
"4128"	9	1	1	8	0	0	135	100	0	0	-395.979797464	395.979797464	1552404925.81	2	-7	2	-7
"4129"	9	1	1	8	0	0	135	100	0	0	-395.979797464	395.979797464	1552404925.85	2	-6	2	-6
"4130"	9	1	1	8	0	0	135	100	0	0	-395.979797464	395.979797464	1552404925.88	1	-5	1	-5
"4131"	9	1	1	8	0	0	135	100	0	0	-395.979797464	395.979797464	1552404925.92	0	-3	0	-3
"4132"	9	1	1	8	0	0	135	100	0	0	-395.979797464	395.979797464	1552404925.95	-2	-1	-2	-1
"4133"	9	1	1	8	0	0	135	100	0	0	-395.979797464	395.979797464	1552404925.98	-6	6	-6	6
"4134"	9	1	1	8	0	0	135	100	0	0	-395.979797464	395.979797464	1552404926.01	-17	18	-17	18
"4135"	9	1	1	8	0	0	135	100	0	0	-395.979797464	395.979797464	1552404926.05	-35	38	-35	38
"4136"	9	1	1	8	0	0	135	100	0	0	-395.979797464	395.979797464	1552404926.08	-59	72	-59	72
"4137"	9	1	1	8	0	0	135	100	0	0	-395.979797464	395.979797464	1552404926.12	-86	109	-86	109
"4138"	9	1	1	8	0	0	135	100	0	0	-395.979797464	395.979797464	1552404926.15	-109	139	-109	139
"4139"	9	1	1	8	0	0	135	100	0	0	-395.979797464	395.979797464	1552404926.18	-137	176	-137	176
"4140"	9	1	1	8	0	0	135	100	0	0	-395.979797464	395.979797464	1552404926.22	-166	211	-166	211
"4141"	9	1	1	8	0	0	135	100	0	0	-395.979797464	395.979797464	1552404926.25	-204	245	-204	245
"4142"	9	1	1	8	0	0	135	100	0	0	-395.979797464	395.979797464	1552404926.28	-238	271	-238	271
"4143"	9	1	1	8	0	0	135	100	0	0	-395.979797464	395.979797464	1552404926.32	-265	297	-265	297
"4144"	9	1	1	8	0	0	135	100	0	0	-395.979797464	395.979797464	1552404926.35	-289	321	-289	321
"4145"	9	1	1	8	0	0	135	100	0	0	-395.979797464	395.979797464	1552404926.38	-309	334	-309	334
"4146"	9	1	1	8	0	0	135	100	0	0	-395.979797464	395.979797464	1552404926.42	-329	345	-329	345
"4147"	9	1	1	8	0	0	135	100	0	0	-395.979797464	395.979797464	1552404926.45	-344	352	-344	352
"4148"	9	1	1	8	0	0	135	100	0	0	-395.979797464	395.979797464	1552404926.48	-360	358	-360	358
"4149"	9	1	1	8	0	0	135	100	0	0	-395.979797464	395.979797464	1552404926.52	-375	366	-375	366
"4150"	9	1	1	8	0	0	135	100	0	0	-395.979797464	395.979797464	1552404926.55	-385	374	-385	374
"4151"	9	1	1	8	0	0	135	100	0	0	-395.979797464	395.979797464	1552404926.58	-393	380	-393	380
"4152"	9	1	1	8	0	0	135	100	0	0	-395.979797464	395.979797464	1552404926.62	-398	383	-398	383
"4153"	9	1	1	8	0	0	135	100	0	0	-395.979797464	395.979797464	1552404926.65	-400	386	-400	386
"4154"	9	1	1	9	0	0	90	100	0	0	3.42901103761e-14	560	1552404928.43	6	0	6	0
"4155"	9	1	1	9	0	0	90	100	0	0	3.42901103761e-14	560	1552404928.45	6	0	6	0
"4156"	9	1	1	9	0	0	90	100	0	0	3.42901103761e-14	560	1552404928.48	6	0	6	0
"4157"	9	1	1	9	0	0	90	100	0	0	3.42901103761e-14	560	1552404928.52	6	0	6	0
"4158"	9	1	1	9	0	0	90	100	0	0	3.42901103761e-14	560	1552404928.55	6	0	6	0
"4159"	9	1	1	9	0	0	90	100	0	0	3.42901103761e-14	560	1552404928.58	6	0	6	0
"4160"	9	1	1	9	0	0	90	100	0	0	3.42901103761e-14	560	1552404928.62	6	0	6	0
"4161"	9	1	1	9	0	0	90	100	0	0	3.42901103761e-14	560	1552404928.65	6	0	6	0
"4162"	9	1	1	9	0	0	90	100	0	0	3.42901103761e-14	560	1552404928.68	6	0	6	0
"4163"	9	1	1	9	0	0	90	100	0	0	3.42901103761e-14	560	1552404928.72	6	0	6	0
"4164"	9	1	1	9	0	0	90	100	0	0	3.42901103761e-14	560	1552404928.75	6	0	6	0
"4165"	9	1	1	9	0	0	90	100	0	0	3.42901103761e-14	560	1552404928.78	6	0	6	0
"4166"	9	1	1	9	0	0	90	100	0	0	3.42901103761e-14	560	1552404928.82	6	0	6	0
"4167"	9	1	1	9	0	0	90	100	0	0	3.42901103761e-14	560	1552404928.85	6	0	6	0
"4168"	9	1	1	9	0	0	90	100	0	0	3.42901103761e-14	560	1552404928.88	6	-1	6	-1
"4169"	9	1	1	9	0	0	90	100	0	0	3.42901103761e-14	560	1552404928.92	6	0	6	0
"4170"	9	1	1	9	0	0	90	100	0	0	3.42901103761e-14	560	1552404928.95	6	0	6	0
"4171"	9	1	1	9	0	0	90	100	0	0	3.42901103761e-14	560	1552404928.98	6	0	6	0
"4172"	9	1	1	9	0	0	90	100	0	0	3.42901103761e-14	560	1552404929.02	6	0	6	0
"4173"	9	1	1	9	0	0	90	100	0	0	3.42901103761e-14	560	1552404929.05	6	0	6	0
"4174"	9	1	1	9	0	0	90	100	0	0	3.42901103761e-14	560	1552404929.08	6	0	6	0
"4175"	9	1	1	9	0	0	90	100	0	0	3.42901103761e-14	560	1552404929.12	6	0	6	0
"4176"	9	1	1	9	0	0	90	100	0	0	3.42901103761e-14	560	1552404929.15	6	0	6	0
"4177"	9	1	1	9	0	0	90	100	0	0	3.42901103761e-14	560	1552404929.18	6	0	6	0
"4178"	9	1	1	9	0	0	90	100	0	0	3.42901103761e-14	560	1552404929.22	3	16	3	16
"4179"	9	1	1	9	0	0	90	100	0	0	3.42901103761e-14	560	1552404929.25	0	54	0	54
"4180"	9	1	1	9	0	0	90	100	0	0	3.42901103761e-14	560	1552404929.28	-4	97	-4	97
"4181"	9	1	1	9	0	0	90	100	0	0	3.42901103761e-14	560	1552404929.32	-8	150	-8	150
"4182"	9	1	1	9	0	0	90	100	0	0	3.42901103761e-14	560	1552404929.35	-4	218	-4	218
"4183"	9	1	1	9	0	0	90	100	0	0	3.42901103761e-14	560	1552404929.38	5	279	5	279
"4184"	9	1	1	9	0	0	90	100	0	0	3.42901103761e-14	560	1552404929.42	12	325	12	325
"4185"	9	1	1	9	0	0	90	100	0	0	3.42901103761e-14	560	1552404929.45	20	365	20	365
"4186"	9	1	1	9	0	0	90	100	0	0	3.42901103761e-14	560	1552404929.48	23	402	23	402
"4187"	9	1	1	9	0	0	90	100	0	0	3.42901103761e-14	560	1552404929.52	19	430	19	430
"4188"	9	1	1	9	0	0	90	100	0	0	3.42901103761e-14	560	1552404929.55	16	452	16	452
"4189"	9	1	1	9	0	0	90	100	0	0	3.42901103761e-14	560	1552404929.58	16	471	16	471
"4190"	9	1	1	9	0	0	90	100	0	0	3.42901103761e-14	560	1552404929.62	18	487	18	487
"4191"	9	1	1	9	0	0	90	100	0	0	3.42901103761e-14	560	1552404929.65	17	504	17	504
"4192"	9	1	1	9	0	0	90	100	0	0	3.42901103761e-14	560	1552404929.68	16	519	16	519
"4193"	9	1	1	9	0	0	90	100	0	0	3.42901103761e-14	560	1552404929.72	14	531	14	531
"4194"	9	1	1	9	0	0	90	100	0	0	3.42901103761e-14	560	1552404929.75	12	543	12	543
"4195"	9	1	1	9	0	0	90	100	0	0	3.42901103761e-14	560	1552404929.78	9	550	9	550
"4196"	9	1	1	9	0	0	90	100	0	0	3.42901103761e-14	560	1552404929.82	7	554	7	554
"4197"	9	1	1	9	0	0	90	100	0	0	3.42901103761e-14	560	1552404929.85	6	557	6	557
"4198"	9	1	1	9	0	0	90	100	0	0	3.42901103761e-14	560	1552404929.88	4	559	4	559
"4199"	9	1	1	9	0	0	90	100	0	0	3.42901103761e-14	560	1552404929.92	1	562	1	562
"4200"	9	1	1	9	0	0	90	100	0	0	3.42901103761e-14	560	1552404929.95	-1	563	-1	563
"4201"	9	1	1	10	0	0	90	100	0	0	3.42901103761e-14	560	1552404931.43	2	3	2	3
"4202"	9	1	1	10	0	0	90	100	0	0	3.42901103761e-14	560	1552404931.45	2	3	2	3
"4203"	9	1	1	10	0	0	90	100	0	0	3.42901103761e-14	560	1552404931.49	2	3	2	3
"4204"	9	1	1	10	0	0	90	100	0	0	3.42901103761e-14	560	1552404931.52	2	3	2	3
"4205"	9	1	1	10	0	0	90	100	0	0	3.42901103761e-14	560	1552404931.55	2	3	2	3
"4206"	9	1	1	10	0	0	90	100	0	0	3.42901103761e-14	560	1552404931.59	2	3	2	3
"4207"	9	1	1	10	0	0	90	100	0	0	3.42901103761e-14	560	1552404931.62	2	3	2	3
"4208"	9	1	1	10	0	0	90	100	0	0	3.42901103761e-14	560	1552404931.65	2	3	2	3
"4209"	9	1	1	10	0	0	90	100	0	0	3.42901103761e-14	560	1552404931.69	2	3	2	3
"4210"	9	1	1	10	0	0	90	100	0	0	3.42901103761e-14	560	1552404931.72	2	3	2	3
"4211"	9	1	1	10	0	0	90	100	0	0	3.42901103761e-14	560	1552404931.75	2	3	2	3
"4212"	9	1	1	10	0	0	90	100	0	0	3.42901103761e-14	560	1552404931.79	-1	7	-1	7
"4213"	9	1	1	10	0	0	90	100	0	0	3.42901103761e-14	560	1552404931.82	-1	20	-1	20
"4214"	9	1	1	10	0	0	90	100	0	0	3.42901103761e-14	560	1552404931.85	2	48	2	48
"4215"	9	1	1	10	0	0	90	100	0	0	3.42901103761e-14	560	1552404931.89	6	88	6	88
"4216"	9	1	1	10	0	0	90	100	0	0	3.42901103761e-14	560	1552404931.92	6	140	6	140
"4217"	9	1	1	10	0	0	90	100	0	0	3.42901103761e-14	560	1552404931.95	1	189	1	189
"4218"	9	1	1	10	0	0	90	100	0	0	3.42901103761e-14	560	1552404931.99	-7	227	-7	227
"4219"	9	1	1	10	0	0	90	100	0	0	3.42901103761e-14	560	1552404932.02	-8	275	-8	275
"4220"	9	1	1	10	0	0	90	100	0	0	3.42901103761e-14	560	1552404932.05	-7	317	-7	317
"4221"	9	1	1	10	0	0	90	100	0	0	3.42901103761e-14	560	1552404932.09	-7	349	-7	349
"4222"	9	1	1	10	0	0	90	100	0	0	3.42901103761e-14	560	1552404932.12	-2	390	-2	390
"4223"	9	1	1	10	0	0	90	100	0	0	3.42901103761e-14	560	1552404932.15	2	429	2	429
"4224"	9	1	1	10	0	0	90	100	0	0	3.42901103761e-14	560	1552404932.19	3	460	3	460
"4225"	9	1	1	10	0	0	90	100	0	0	3.42901103761e-14	560	1552404932.22	5	483	5	483
"4226"	9	1	1	10	0	0	90	100	0	0	3.42901103761e-14	560	1552404932.25	5	507	5	507
"4227"	9	1	1	10	0	0	90	100	0	0	3.42901103761e-14	560	1552404932.29	5	523	5	523
"4228"	9	1	1	10	0	0	90	100	0	0	3.42901103761e-14	560	1552404932.32	4	535	4	535
"4229"	9	1	1	10	0	0	90	100	0	0	3.42901103761e-14	560	1552404932.35	2	548	2	548
"4230"	9	1	1	10	0	0	90	100	0	0	3.42901103761e-14	560	1552404932.39	1	556	1	556
"4231"	9	1	1	10	0	0	90	100	0	0	3.42901103761e-14	560	1552404932.42	-1	560	-1	560
"4232"	9	1	1	10	0	0	90	100	0	0	3.42901103761e-14	560	1552404932.45	-1	562	-1	562
"4233"	9	1	1	11	0	0	45	100	0	0	395.979797464	395.979797464	1552404933.83	2	-1	2	-1
"4234"	9	1	1	11	0	0	45	100	0	0	395.979797464	395.979797464	1552404933.85	2	-1	2	-1
"4235"	9	1	1	11	0	0	45	100	0	0	395.979797464	395.979797464	1552404933.89	2	-1	2	-1
"4236"	9	1	1	11	0	0	45	100	0	0	395.979797464	395.979797464	1552404933.92	2	-1	2	-1
"4237"	9	1	1	11	0	0	45	100	0	0	395.979797464	395.979797464	1552404933.95	2	-1	2	-1
"4238"	9	1	1	11	0	0	45	100	0	0	395.979797464	395.979797464	1552404933.99	2	-1	2	-1
"4239"	9	1	1	11	0	0	45	100	0	0	395.979797464	395.979797464	1552404934.02	2	-1	2	-1
"4240"	9	1	1	11	0	0	45	100	0	0	395.979797464	395.979797464	1552404934.05	2	-1	2	-1
"4241"	9	1	1	11	0	0	45	100	0	0	395.979797464	395.979797464	1552404934.09	2	-1	2	-1
"4242"	9	1	1	11	0	0	45	100	0	0	395.979797464	395.979797464	1552404934.12	2	-1	2	-1
"4243"	9	1	1	11	0	0	45	100	0	0	395.979797464	395.979797464	1552404934.15	2	-1	2	-1
"4244"	9	1	1	11	0	0	45	100	0	0	395.979797464	395.979797464	1552404934.19	2	-1	2	-1
"4245"	9	1	1	11	0	0	45	100	0	0	395.979797464	395.979797464	1552404934.22	3	0	3	0
"4246"	9	1	1	11	0	0	45	100	0	0	395.979797464	395.979797464	1552404934.25	10	10	10	10
"4247"	9	1	1	11	0	0	45	100	0	0	395.979797464	395.979797464	1552404934.29	28	31	28	31
"4248"	9	1	1	11	0	0	45	100	0	0	395.979797464	395.979797464	1552404934.32	56	60	56	60
"4249"	9	1	1	11	0	0	45	100	0	0	395.979797464	395.979797464	1552404934.35	85	87	85	87
"4250"	9	1	1	11	0	0	45	100	0	0	395.979797464	395.979797464	1552404934.39	122	122	122	122
"4251"	9	1	1	11	0	0	45	100	0	0	395.979797464	395.979797464	1552404934.42	163	162	163	162
"4252"	9	1	1	11	0	0	45	100	0	0	395.979797464	395.979797464	1552404934.45	206	204	206	204
"4253"	9	1	1	11	0	0	45	100	0	0	395.979797464	395.979797464	1552404934.49	242	239	242	239
"4254"	9	1	1	11	0	0	45	100	0	0	395.979797464	395.979797464	1552404934.52	267	264	267	264
"4255"	9	1	1	11	0	0	45	100	0	0	395.979797464	395.979797464	1552404934.55	292	286	292	286
"4256"	9	1	1	11	0	0	45	100	0	0	395.979797464	395.979797464	1552404934.59	308	299	308	299
"4257"	9	1	1	11	0	0	45	100	0	0	395.979797464	395.979797464	1552404934.62	319	309	319	309
"4258"	9	1	1	11	0	0	45	100	0	0	395.979797464	395.979797464	1552404934.66	335	326	335	326
"4259"	9	1	1	11	0	0	45	100	0	0	395.979797464	395.979797464	1552404934.69	346	337	346	337
"4260"	9	1	1	11	0	0	45	100	0	0	395.979797464	395.979797464	1552404934.72	356	346	356	346
"4261"	9	1	1	11	0	0	45	100	0	0	395.979797464	395.979797464	1552404934.76	364	353	364	353
"4262"	9	1	1	11	0	0	45	100	0	0	395.979797464	395.979797464	1552404934.79	373	361	373	361
"4263"	9	1	1	11	0	0	45	100	0	0	395.979797464	395.979797464	1552404934.82	382	371	382	371
"4264"	9	1	1	11	0	0	45	100	0	0	395.979797464	395.979797464	1552404934.86	387	376	387	376
"4265"	9	1	1	11	0	0	45	100	0	0	395.979797464	395.979797464	1552404934.89	391	381	391	381
"4266"	9	1	1	11	0	0	45	100	0	0	395.979797464	395.979797464	1552404934.92	396	386	396	386
"4267"	9	1	1	11	0	0	45	100	0	0	395.979797464	395.979797464	1552404934.96	399	389	399	389
"4268"	9	1	1	11	0	0	45	100	0	0	395.979797464	395.979797464	1552404934.99	400	391	400	391
"4269"	9	1	1	11	0	0	45	100	0	0	395.979797464	395.979797464	1552404935.02	403	396	403	396
"4270"	9	1	1	11	0	0	45	100	0	0	395.979797464	395.979797464	1552404935.06	404	398	404	398
"4271"	9	1	1	12	0	0	135	100	0	0	-395.979797464	395.979797464	1552404936.27	1	-7	1	-7
"4272"	9	1	1	12	0	0	135	100	0	0	-395.979797464	395.979797464	1552404936.29	1	-7	1	-7
"4273"	9	1	1	12	0	0	135	100	0	0	-395.979797464	395.979797464	1552404936.32	1	-7	1	-7
"4274"	9	1	1	12	0	0	135	100	0	0	-395.979797464	395.979797464	1552404936.36	1	-7	1	-7
"4275"	9	1	1	12	0	0	135	100	0	0	-395.979797464	395.979797464	1552404936.39	1	-7	1	-7
"4276"	9	1	1	12	0	0	135	100	0	0	-395.979797464	395.979797464	1552404936.42	1	-7	1	-7
"4277"	9	1	1	12	0	0	135	100	0	0	-395.979797464	395.979797464	1552404936.46	1	-7	1	-7
"4278"	9	1	1	12	0	0	135	100	0	0	-395.979797464	395.979797464	1552404936.49	2	-7	2	-7
"4279"	9	1	1	12	0	0	135	100	0	0	-395.979797464	395.979797464	1552404936.52	2	-7	2	-7
"4280"	9	1	1	12	0	0	135	100	0	0	-395.979797464	395.979797464	1552404936.56	2	-7	2	-7
"4281"	9	1	1	12	0	0	135	100	0	0	-395.979797464	395.979797464	1552404936.59	0	-4	0	-4
"4282"	9	1	1	12	0	0	135	100	0	0	-395.979797464	395.979797464	1552404936.62	-3	3	-3	3
"4283"	9	1	1	12	0	0	135	100	0	0	-395.979797464	395.979797464	1552404936.66	-10	16	-10	16
"4284"	9	1	1	12	0	0	135	100	0	0	-395.979797464	395.979797464	1552404936.69	-24	37	-24	37
"4285"	9	1	1	12	0	0	135	100	0	0	-395.979797464	395.979797464	1552404936.72	-44	64	-44	64
"4286"	9	1	1	12	0	0	135	100	0	0	-395.979797464	395.979797464	1552404936.76	-66	88	-66	88
"4287"	9	1	1	12	0	0	135	100	0	0	-395.979797464	395.979797464	1552404936.79	-90	104	-90	104
"4288"	9	1	1	12	0	0	135	100	0	0	-395.979797464	395.979797464	1552404936.82	-119	122	-119	122
"4289"	9	1	1	12	0	0	135	100	0	0	-395.979797464	395.979797464	1552404936.86	-147	140	-147	140
"4290"	9	1	1	12	0	0	135	100	0	0	-395.979797464	395.979797464	1552404936.89	-173	158	-173	158
"4291"	9	1	1	12	0	0	135	100	0	0	-395.979797464	395.979797464	1552404936.92	-206	180	-206	180
"4292"	9	1	1	12	0	0	135	100	0	0	-395.979797464	395.979797464	1552404936.96	-237	202	-237	202
"4293"	9	1	1	12	0	0	135	100	0	0	-395.979797464	395.979797464	1552404936.99	-266	224	-266	224
"4294"	9	1	1	12	0	0	135	100	0	0	-395.979797464	395.979797464	1552404937.02	-288	243	-288	243
"4295"	9	1	1	12	0	0	135	100	0	0	-395.979797464	395.979797464	1552404937.06	-310	265	-310	265
"4296"	9	1	1	12	0	0	135	100	0	0	-395.979797464	395.979797464	1552404937.09	-330	285	-330	285
"4297"	9	1	1	12	0	0	135	100	0	0	-395.979797464	395.979797464	1552404937.12	-344	302	-344	302
"4298"	9	1	1	12	0	0	135	100	0	0	-395.979797464	395.979797464	1552404937.16	-356	317	-356	317
"4299"	9	1	1	12	0	0	135	100	0	0	-395.979797464	395.979797464	1552404937.19	-369	335	-369	335
"4300"	9	1	1	12	0	0	135	100	0	0	-395.979797464	395.979797464	1552404937.22	-380	352	-380	352
"4301"	9	1	1	12	0	0	135	100	0	0	-395.979797464	395.979797464	1552404937.26	-389	364	-389	364
"4302"	9	1	1	12	0	0	135	100	0	0	-395.979797464	395.979797464	1552404937.29	-397	378	-397	378
"4303"	9	1	1	12	0	0	135	100	0	0	-395.979797464	395.979797464	1552404937.32	-403	389	-403	389
"4304"	9	1	1	12	0	0	135	100	0	0	-395.979797464	395.979797464	1552404937.36	-407	395	-407	395
"4305"	9	1	1	12	0	0	135	100	0	0	-395.979797464	395.979797464	1552404937.39	-409	398	-409	398
"4306"	9	1	1	12	0	0	135	100	0	0	-395.979797464	395.979797464	1552404937.42	-410	399	-410	399
"4307"	9	1	1	12	0	0	135	100	0	0	-395.979797464	395.979797464	1552404937.46	-410	399	-410	399
"4308"	9	1	1	12	0	0	135	100	0	0	-395.979797464	395.979797464	1552404937.49	-408	399	-408	399
"4309"	9	1	1	12	0	0	135	100	0	0	-395.979797464	395.979797464	1552404937.52	-406	399	-406	399
"4310"	9	1	1	12	0	0	135	100	0	0	-395.979797464	395.979797464	1552404937.56	-404	398	-404	398
"4311"	9	1	1	13	0	0	135	100	0	0	-395.979797464	395.979797464	1552404938.97	5	-8	5	-8
"4312"	9	1	1	13	0	0	135	100	0	0	-395.979797464	395.979797464	1552404938.99	5	-8	5	-8
"4313"	9	1	1	13	0	0	135	100	0	0	-395.979797464	395.979797464	1552404939.02	5	-8	5	-8
"4314"	9	1	1	13	0	0	135	100	0	0	-395.979797464	395.979797464	1552404939.06	5	-8	5	-8
"4315"	9	1	1	13	0	0	135	100	0	0	-395.979797464	395.979797464	1552404939.09	5	-8	5	-8
"4316"	9	1	1	13	0	0	135	100	0	0	-395.979797464	395.979797464	1552404939.13	5	-7	5	-7
"4317"	9	1	1	13	0	0	135	100	0	0	-395.979797464	395.979797464	1552404939.16	9	-1	9	-1
"4318"	9	1	1	13	0	0	135	100	0	0	-395.979797464	395.979797464	1552404939.19	15	8	15	8
"4319"	9	1	1	13	0	0	135	100	0	0	-395.979797464	395.979797464	1552404939.23	23	17	23	17
"4320"	9	1	1	13	0	0	135	100	0	0	-395.979797464	395.979797464	1552404939.26	34	28	34	28
"4321"	9	1	1	13	0	0	135	100	0	0	-395.979797464	395.979797464	1552404939.29	48	40	48	40
"4322"	9	1	1	13	0	0	135	100	0	0	-395.979797464	395.979797464	1552404939.33	65	55	65	55
"4323"	9	1	1	13	0	0	135	100	0	0	-395.979797464	395.979797464	1552404939.36	90	82	90	82
"4324"	9	1	1	13	0	0	135	100	0	0	-395.979797464	395.979797464	1552404939.39	112	108	112	108
"4325"	9	1	1	13	0	0	135	100	0	0	-395.979797464	395.979797464	1552404939.43	143	143	143	143
"4326"	9	1	1	13	0	0	135	100	0	0	-395.979797464	395.979797464	1552404939.46	162	165	162	165
"4327"	9	1	1	13	0	0	135	100	0	0	-395.979797464	395.979797464	1552404939.49	180	188	180	188
"4328"	9	1	1	13	0	0	135	100	0	0	-395.979797464	395.979797464	1552404939.53	186	202	186	202
"4329"	9	1	1	13	0	0	135	100	0	0	-395.979797464	395.979797464	1552404939.56	180	210	180	210
"4330"	9	1	1	13	0	0	135	100	0	0	-395.979797464	395.979797464	1552404939.59	148	213	148	213
"4331"	9	1	1	13	0	0	135	100	0	0	-395.979797464	395.979797464	1552404939.63	113	213	113	213
"4332"	9	1	1	13	0	0	135	100	0	0	-395.979797464	395.979797464	1552404939.66	64	213	64	213
"4333"	9	1	1	13	0	0	135	100	0	0	-395.979797464	395.979797464	1552404939.69	11	219	11	219
"4334"	9	1	1	13	0	0	135	100	0	0	-395.979797464	395.979797464	1552404939.73	-39	229	-39	229
"4335"	9	1	1	13	0	0	135	100	0	0	-395.979797464	395.979797464	1552404939.76	-86	237	-86	237
"4336"	9	1	1	13	0	0	135	100	0	0	-395.979797464	395.979797464	1552404939.79	-122	244	-122	244
"4337"	9	1	1	13	0	0	135	100	0	0	-395.979797464	395.979797464	1552404939.83	-159	259	-159	259
"4338"	9	1	1	13	0	0	135	100	0	0	-395.979797464	395.979797464	1552404939.86	-189	272	-189	272
"4339"	9	1	1	13	0	0	135	100	0	0	-395.979797464	395.979797464	1552404939.89	-211	284	-211	284
"4340"	9	1	1	13	0	0	135	100	0	0	-395.979797464	395.979797464	1552404939.93	-232	301	-232	301
"4341"	9	1	1	13	0	0	135	100	0	0	-395.979797464	395.979797464	1552404939.96	-246	310	-246	310
"4342"	9	1	1	13	0	0	135	100	0	0	-395.979797464	395.979797464	1552404939.99	-265	323	-265	323
"4343"	9	1	1	13	0	0	135	100	0	0	-395.979797464	395.979797464	1552404940.03	-278	332	-278	332
"4344"	9	1	1	13	0	0	135	100	0	0	-395.979797464	395.979797464	1552404940.06	-293	343	-293	343
"4345"	9	1	1	13	0	0	135	100	0	0	-395.979797464	395.979797464	1552404940.09	-309	352	-309	352
"4346"	9	1	1	13	0	0	135	100	0	0	-395.979797464	395.979797464	1552404940.13	-325	360	-325	360
"4347"	9	1	1	13	0	0	135	100	0	0	-395.979797464	395.979797464	1552404940.16	-341	368	-341	368
"4348"	9	1	1	13	0	0	135	100	0	0	-395.979797464	395.979797464	1552404940.19	-353	376	-353	376
"4349"	9	1	1	13	0	0	135	100	0	0	-395.979797464	395.979797464	1552404940.23	-363	382	-363	382
"4350"	9	1	1	13	0	0	135	100	0	0	-395.979797464	395.979797464	1552404940.26	-371	388	-371	388
"4351"	9	1	1	13	0	0	135	100	0	0	-395.979797464	395.979797464	1552404940.29	-377	393	-377	393
"4352"	9	1	1	13	0	0	135	100	0	0	-395.979797464	395.979797464	1552404940.33	-383	398	-383	398
"4353"	9	1	1	13	0	0	135	100	0	0	-395.979797464	395.979797464	1552404940.36	-389	400	-389	400
"4354"	9	1	1	13	0	0	135	100	0	0	-395.979797464	395.979797464	1552404940.39	-394	403	-394	403
"4355"	9	1	1	13	0	0	135	100	0	0	-395.979797464	395.979797464	1552404940.43	-398	404	-398	404
"4356"	9	1	1	13	0	0	135	100	0	0	-395.979797464	395.979797464	1552404940.46	-401	405	-401	405
"4357"	9	1	1	13	0	0	135	100	0	0	-395.979797464	395.979797464	1552404940.49	-404	406	-404	406
"4358"	9	1	1	14	0	0	45	100	0	0	395.979797464	395.979797464	1552404942.21	-1	-9	-1	-9
"4359"	9	1	1	14	0	0	45	100	0	0	395.979797464	395.979797464	1552404942.23	-1	-9	-1	-9
"4360"	9	1	1	14	0	0	45	100	0	0	395.979797464	395.979797464	1552404942.26	-1	-9	-1	-9
"4361"	9	1	1	14	0	0	45	100	0	0	395.979797464	395.979797464	1552404942.29	-1	-9	-1	-9
"4362"	9	1	1	14	0	0	45	100	0	0	395.979797464	395.979797464	1552404942.33	-1	-9	-1	-9
"4363"	9	1	1	14	0	0	45	100	0	0	395.979797464	395.979797464	1552404942.36	-1	-9	-1	-9
"4364"	9	1	1	14	0	0	45	100	0	0	395.979797464	395.979797464	1552404942.39	0	-9	0	-9
"4365"	9	1	1	14	0	0	45	100	0	0	395.979797464	395.979797464	1552404942.43	2	-6	2	-6
"4366"	9	1	1	14	0	0	45	100	0	0	395.979797464	395.979797464	1552404942.46	3	-4	3	-4
"4367"	9	1	1	14	0	0	45	100	0	0	395.979797464	395.979797464	1552404942.49	4	-3	4	-3
"4368"	9	1	1	14	0	0	45	100	0	0	395.979797464	395.979797464	1552404942.53	6	0	6	0
"4369"	9	1	1	14	0	0	45	100	0	0	395.979797464	395.979797464	1552404942.56	9	4	9	4
"4370"	9	1	1	14	0	0	45	100	0	0	395.979797464	395.979797464	1552404942.59	19	12	19	12
"4371"	9	1	1	14	0	0	45	100	0	0	395.979797464	395.979797464	1552404942.63	39	33	39	33
"4372"	9	1	1	14	0	0	45	100	0	0	395.979797464	395.979797464	1552404942.66	68	63	68	63
"4373"	9	1	1	14	0	0	45	100	0	0	395.979797464	395.979797464	1552404942.69	103	100	103	100
"4374"	9	1	1	14	0	0	45	100	0	0	395.979797464	395.979797464	1552404942.73	136	133	136	133
"4375"	9	1	1	14	0	0	45	100	0	0	395.979797464	395.979797464	1552404942.76	184	179	184	179
"4376"	9	1	1	14	0	0	45	100	0	0	395.979797464	395.979797464	1552404942.79	220	216	220	216
"4377"	9	1	1	14	0	0	45	100	0	0	395.979797464	395.979797464	1552404942.83	255	246	255	246
"4378"	9	1	1	14	0	0	45	100	0	0	395.979797464	395.979797464	1552404942.86	283	271	283	271
"4379"	9	1	1	14	0	0	45	100	0	0	395.979797464	395.979797464	1552404942.89	304	294	304	294
"4380"	9	1	1	14	0	0	45	100	0	0	395.979797464	395.979797464	1552404942.93	322	311	322	311
"4381"	9	1	1	14	0	0	45	100	0	0	395.979797464	395.979797464	1552404942.96	334	323	334	323
"4382"	9	1	1	14	0	0	45	100	0	0	395.979797464	395.979797464	1552404942.99	350	338	350	338
"4383"	9	1	1	14	0	0	45	100	0	0	395.979797464	395.979797464	1552404943.03	362	350	362	350
"4384"	9	1	1	14	0	0	45	100	0	0	395.979797464	395.979797464	1552404943.06	371	360	371	360
"4385"	9	1	1	14	0	0	45	100	0	0	395.979797464	395.979797464	1552404943.09	378	372	378	372
"4386"	9	1	1	14	0	0	45	100	0	0	395.979797464	395.979797464	1552404943.13	381	383	381	383
"4387"	9	1	1	14	0	0	45	100	0	0	395.979797464	395.979797464	1552404943.16	382	389	382	389
"4388"	9	1	1	14	0	0	45	100	0	0	395.979797464	395.979797464	1552404943.2	383	393	383	393
"4389"	9	1	1	14	0	0	45	100	0	0	395.979797464	395.979797464	1552404943.23	384	395	384	395
"4390"	9	1	1	14	0	0	45	100	0	0	395.979797464	395.979797464	1552404943.26	385	396	385	396
"4391"	9	1	1	14	0	0	45	100	0	0	395.979797464	395.979797464	1552404943.3	387	398	387	398
"4392"	9	1	1	14	0	0	45	100	0	0	395.979797464	395.979797464	1552404943.33	392	401	392	401
"4393"	9	1	1	14	0	0	45	100	0	0	395.979797464	395.979797464	1552404943.36	394	402	394	402
"4394"	9	1	1	14	0	0	45	100	0	0	395.979797464	395.979797464	1552404943.4	396	403	396	403
"4395"	9	1	1	15	0	0	90	100	0	0	3.42901103761e-14	560	1552404944.64	2	0	2	0
"4396"	9	1	1	15	0	0	90	100	0	0	3.42901103761e-14	560	1552404944.66	2	0	2	0
"4397"	9	1	1	15	0	0	90	100	0	0	3.42901103761e-14	560	1552404944.7	2	0	2	0
"4398"	9	1	1	15	0	0	90	100	0	0	3.42901103761e-14	560	1552404944.73	2	0	2	0
"4399"	9	1	1	15	0	0	90	100	0	0	3.42901103761e-14	560	1552404944.76	2	0	2	0
"4400"	9	1	1	15	0	0	90	100	0	0	3.42901103761e-14	560	1552404944.8	2	0	2	0
"4401"	9	1	1	15	0	0	90	100	0	0	3.42901103761e-14	560	1552404944.83	2	0	2	0
"4402"	9	1	1	15	0	0	90	100	0	0	3.42901103761e-14	560	1552404944.86	2	0	2	0
"4403"	9	1	1	15	0	0	90	100	0	0	3.42901103761e-14	560	1552404944.9	2	0	2	0
"4404"	9	1	1	15	0	0	90	100	0	0	3.42901103761e-14	560	1552404944.93	2	0	2	0
"4405"	9	1	1	15	0	0	90	100	0	0	3.42901103761e-14	560	1552404944.96	2	0	2	0
"4406"	9	1	1	15	0	0	90	100	0	0	3.42901103761e-14	560	1552404945	3	5	3	5
"4407"	9	1	1	15	0	0	90	100	0	0	3.42901103761e-14	560	1552404945.03	4	27	4	27
"4408"	9	1	1	15	0	0	90	100	0	0	3.42901103761e-14	560	1552404945.06	6	53	6	53
"4409"	9	1	1	15	0	0	90	100	0	0	3.42901103761e-14	560	1552404945.1	9	91	9	91
"4410"	9	1	1	15	0	0	90	100	0	0	3.42901103761e-14	560	1552404945.13	12	135	12	135
"4411"	9	1	1	15	0	0	90	100	0	0	3.42901103761e-14	560	1552404945.16	17	175	17	175
"4412"	9	1	1	15	0	0	90	100	0	0	3.42901103761e-14	560	1552404945.2	21	222	21	222
"4413"	9	1	1	15	0	0	90	100	0	0	3.42901103761e-14	560	1552404945.23	26	270	26	270
"4414"	9	1	1	15	0	0	90	100	0	0	3.42901103761e-14	560	1552404945.26	31	315	31	315
"4415"	9	1	1	15	0	0	90	100	0	0	3.42901103761e-14	560	1552404945.3	36	352	36	352
"4416"	9	1	1	15	0	0	90	100	0	0	3.42901103761e-14	560	1552404945.33	36	391	36	391
"4417"	9	1	1	15	0	0	90	100	0	0	3.42901103761e-14	560	1552404945.36	32	425	32	425
"4418"	9	1	1	15	0	0	90	100	0	0	3.42901103761e-14	560	1552404945.4	28	453	28	453
"4419"	9	1	1	15	0	0	90	100	0	0	3.42901103761e-14	560	1552404945.43	24	478	24	478
"4420"	9	1	1	15	0	0	90	100	0	0	3.42901103761e-14	560	1552404945.46	22	502	22	502
"4421"	9	1	1	15	0	0	90	100	0	0	3.42901103761e-14	560	1552404945.5	21	524	21	524
"4422"	9	1	1	15	0	0	90	100	0	0	3.42901103761e-14	560	1552404945.53	19	542	19	542
"4423"	9	1	1	15	0	0	90	100	0	0	3.42901103761e-14	560	1552404945.56	16	558	16	558
"4424"	9	1	1	15	0	0	90	100	0	0	3.42901103761e-14	560	1552404945.6	11	572	11	572
"4425"	9	1	1	15	0	0	90	100	0	0	3.42901103761e-14	560	1552404945.63	9	579	9	579
"4426"	9	1	1	15	0	0	90	100	0	0	3.42901103761e-14	560	1552404945.66	7	582	7	582
"4427"	9	1	1	15	0	0	90	100	0	0	3.42901103761e-14	560	1552404945.7	7	583	7	583
"4428"	9	1	1	15	0	0	90	100	0	0	3.42901103761e-14	560	1552404945.73	6	583	6	583
"4429"	9	1	1	15	0	0	90	100	0	0	3.42901103761e-14	560	1552404945.76	6	583	6	583
"4430"	9	1	1	15	0	0	90	100	0	0	3.42901103761e-14	560	1552404945.8	6	583	6	583
"4431"	9	1	1	15	0	0	90	100	0	0	3.42901103761e-14	560	1552404945.83	6	583	6	583
"4432"	9	1	1	15	0	0	90	100	0	0	3.42901103761e-14	560	1552404945.86	6	583	6	583
"4433"	9	1	1	15	0	0	90	100	0	0	3.42901103761e-14	560	1552404945.9	6	583	6	583
"4434"	9	1	1	15	0	0	90	100	0	0	3.42901103761e-14	560	1552404945.93	3	578	3	578
"4435"	9	1	1	15	0	0	90	100	0	0	3.42901103761e-14	560	1552404945.96	2	574	2	574
"4436"	9	1	1	15	0	0	90	100	0	0	3.42901103761e-14	560	1552404946	1	572	1	572
"4437"	9	1	1	16	0	0	90	100	0	0	3.42901103761e-14	560	1552404947.34	-3	-4	-3	-4
"4438"	9	1	1	16	0	0	90	100	0	0	3.42901103761e-14	560	1552404947.36	-3	-4	-3	-4
"4439"	9	1	1	16	0	0	90	100	0	0	3.42901103761e-14	560	1552404947.4	-3	-4	-3	-4
"4440"	9	1	1	16	0	0	90	100	0	0	3.42901103761e-14	560	1552404947.43	-3	-4	-3	-4
"4441"	9	1	1	16	0	0	90	100	0	0	3.42901103761e-14	560	1552404947.46	-3	-4	-3	-4
"4442"	9	1	1	16	0	0	90	100	0	0	3.42901103761e-14	560	1552404947.5	-3	-4	-3	-4
"4443"	9	1	1	16	0	0	90	100	0	0	3.42901103761e-14	560	1552404947.53	-3	-4	-3	-4
"4444"	9	1	1	16	0	0	90	100	0	0	3.42901103761e-14	560	1552404947.56	-3	-4	-3	-4
"4445"	9	1	1	16	0	0	90	100	0	0	3.42901103761e-14	560	1552404947.6	-3	-4	-3	-4
"4446"	9	1	1	16	0	0	90	100	0	0	3.42901103761e-14	560	1552404947.63	-3	-4	-3	-4
"4447"	9	1	1	16	0	0	90	100	0	0	3.42901103761e-14	560	1552404947.66	-3	-4	-3	-4
"4448"	9	1	1	16	0	0	90	100	0	0	3.42901103761e-14	560	1552404947.7	-3	-4	-3	-4
"4449"	9	1	1	16	0	0	90	100	0	0	3.42901103761e-14	560	1552404947.73	-3	-4	-3	-4
"4450"	9	1	1	16	0	0	90	100	0	0	3.42901103761e-14	560	1552404947.77	-2	2	-2	2
"4451"	9	1	1	16	0	0	90	100	0	0	3.42901103761e-14	560	1552404947.8	1	30	1	30
"4452"	9	1	1	16	0	0	90	100	0	0	3.42901103761e-14	560	1552404947.83	3	61	3	61
"4453"	9	1	1	16	0	0	90	100	0	0	3.42901103761e-14	560	1552404947.87	3	103	3	103
"4454"	9	1	1	16	0	0	90	100	0	0	3.42901103761e-14	560	1552404947.9	3	151	3	151
"4455"	9	1	1	16	0	0	90	100	0	0	3.42901103761e-14	560	1552404947.93	3	197	3	197
"4456"	9	1	1	16	0	0	90	100	0	0	3.42901103761e-14	560	1552404947.97	5	247	5	247
"4457"	9	1	1	16	0	0	90	100	0	0	3.42901103761e-14	560	1552404948	5	284	5	284
"4458"	9	1	1	16	0	0	90	100	0	0	3.42901103761e-14	560	1552404948.03	6	330	6	330
"4459"	9	1	1	16	0	0	90	100	0	0	3.42901103761e-14	560	1552404948.07	10	377	10	377
"4460"	9	1	1	16	0	0	90	100	0	0	3.42901103761e-14	560	1552404948.1	11	415	11	415
"4461"	9	1	1	16	0	0	90	100	0	0	3.42901103761e-14	560	1552404948.13	12	447	12	447
"4462"	9	1	1	16	0	0	90	100	0	0	3.42901103761e-14	560	1552404948.17	12	470	12	470
"4463"	9	1	1	16	0	0	90	100	0	0	3.42901103761e-14	560	1552404948.2	11	490	11	490
"4464"	9	1	1	16	0	0	90	100	0	0	3.42901103761e-14	560	1552404948.23	11	505	11	505
"4465"	9	1	1	16	0	0	90	100	0	0	3.42901103761e-14	560	1552404948.27	10	517	10	517
"4466"	9	1	1	16	0	0	90	100	0	0	3.42901103761e-14	560	1552404948.3	9	530	9	530
"4467"	9	1	1	16	0	0	90	100	0	0	3.42901103761e-14	560	1552404948.33	8	540	8	540
"4468"	9	1	1	16	0	0	90	100	0	0	3.42901103761e-14	560	1552404948.37	7	548	7	548
"4469"	9	1	1	16	0	0	90	100	0	0	3.42901103761e-14	560	1552404948.4	6	551	6	551
"4470"	9	1	1	17	0	0	135	100	0	0	-395.979797464	395.979797464	1552404949.51	5	6	5	6
"4471"	9	1	1	17	0	0	135	100	0	0	-395.979797464	395.979797464	1552404949.53	5	6	5	6
"4472"	9	1	1	17	0	0	135	100	0	0	-395.979797464	395.979797464	1552404949.57	5	5	5	5
"4473"	9	1	1	17	0	0	135	100	0	0	-395.979797464	395.979797464	1552404949.6	4	0	4	0
"4474"	9	1	1	17	0	0	135	100	0	0	-395.979797464	395.979797464	1552404949.63	4	-2	4	-2
"4475"	9	1	1	17	0	0	135	100	0	0	-395.979797464	395.979797464	1552404949.67	4	-3	4	-3
"4476"	9	1	1	17	0	0	135	100	0	0	-395.979797464	395.979797464	1552404949.7	4	-3	4	-3
"4477"	9	1	1	17	0	0	135	100	0	0	-395.979797464	395.979797464	1552404949.73	4	-3	4	-3
"4478"	9	1	1	17	0	0	135	100	0	0	-395.979797464	395.979797464	1552404949.77	4	-3	4	-3
"4479"	9	1	1	17	0	0	135	100	0	0	-395.979797464	395.979797464	1552404949.8	4	-3	4	-3
"4480"	9	1	1	17	0	0	135	100	0	0	-395.979797464	395.979797464	1552404949.83	4	-3	4	-3
"4481"	9	1	1	17	0	0	135	100	0	0	-395.979797464	395.979797464	1552404949.87	3	-1	3	-1
"4482"	9	1	1	17	0	0	135	100	0	0	-395.979797464	395.979797464	1552404949.9	0	8	0	8
"4483"	9	1	1	17	0	0	135	100	0	0	-395.979797464	395.979797464	1552404949.93	-8	23	-8	23
"4484"	9	1	1	17	0	0	135	100	0	0	-395.979797464	395.979797464	1552404949.97	-22	45	-22	45
"4485"	9	1	1	17	0	0	135	100	0	0	-395.979797464	395.979797464	1552404950	-41	80	-41	80
"4486"	9	1	1	17	0	0	135	100	0	0	-395.979797464	395.979797464	1552404950.03	-60	108	-60	108
"4487"	9	1	1	17	0	0	135	100	0	0	-395.979797464	395.979797464	1552404950.07	-84	142	-84	142
"4488"	9	1	1	17	0	0	135	100	0	0	-395.979797464	395.979797464	1552404950.1	-106	172	-106	172
"4489"	9	1	1	17	0	0	135	100	0	0	-395.979797464	395.979797464	1552404950.13	-131	205	-131	205
"4490"	9	1	1	17	0	0	135	100	0	0	-395.979797464	395.979797464	1552404950.17	-161	233	-161	233
"4491"	9	1	1	17	0	0	135	100	0	0	-395.979797464	395.979797464	1552404950.2	-188	257	-188	257
"4492"	9	1	1	17	0	0	135	100	0	0	-395.979797464	395.979797464	1552404950.23	-221	280	-221	280
"4493"	9	1	1	17	0	0	135	100	0	0	-395.979797464	395.979797464	1552404950.27	-252	298	-252	298
"4494"	9	1	1	17	0	0	135	100	0	0	-395.979797464	395.979797464	1552404950.3	-279	315	-279	315
"4495"	9	1	1	17	0	0	135	100	0	0	-395.979797464	395.979797464	1552404950.33	-306	329	-306	329
"4496"	9	1	1	17	0	0	135	100	0	0	-395.979797464	395.979797464	1552404950.37	-324	340	-324	340
"4497"	9	1	1	17	0	0	135	100	0	0	-395.979797464	395.979797464	1552404950.4	-339	349	-339	349
"4498"	9	1	1	17	0	0	135	100	0	0	-395.979797464	395.979797464	1552404950.43	-354	358	-354	358
"4499"	9	1	1	17	0	0	135	100	0	0	-395.979797464	395.979797464	1552404950.47	-368	368	-368	368
"4500"	9	1	1	17	0	0	135	100	0	0	-395.979797464	395.979797464	1552404950.5	-380	376	-380	376
"4501"	9	1	1	17	0	0	135	100	0	0	-395.979797464	395.979797464	1552404950.53	-386	381	-386	381
"4502"	9	1	1	17	0	0	135	100	0	0	-395.979797464	395.979797464	1552404950.57	-393	387	-393	387
"4503"	9	1	1	17	0	0	135	100	0	0	-395.979797464	395.979797464	1552404950.6	-396	390	-396	390
"4504"	9	1	1	17	0	0	135	100	0	0	-395.979797464	395.979797464	1552404950.63	-398	391	-398	391
"4505"	9	1	1	17	0	0	135	100	0	0	-395.979797464	395.979797464	1552404950.67	-399	392	-399	392
"4506"	9	1	1	18	0	0	45	100	0	0	395.979797464	395.979797464	1552404952.21	4	-8	4	-8
"4507"	9	1	1	18	0	0	45	100	0	0	395.979797464	395.979797464	1552404952.24	2	-6	2	-6
"4508"	9	1	1	18	0	0	45	100	0	0	395.979797464	395.979797464	1552404952.27	0	-4	0	-4
"4509"	9	1	1	18	0	0	45	100	0	0	395.979797464	395.979797464	1552404952.3	-1	-4	-1	-4
"4510"	9	1	1	18	0	0	45	100	0	0	395.979797464	395.979797464	1552404952.34	-1	-4	-1	-4
"4511"	9	1	1	18	0	0	45	100	0	0	395.979797464	395.979797464	1552404952.37	-1	-4	-1	-4
"4512"	9	1	1	18	0	0	45	100	0	0	395.979797464	395.979797464	1552404952.4	-1	-4	-1	-4
"4513"	9	1	1	18	0	0	45	100	0	0	395.979797464	395.979797464	1552404952.44	-1	-4	-1	-4
"4514"	9	1	1	18	0	0	45	100	0	0	395.979797464	395.979797464	1552404952.47	-1	-4	-1	-4
"4515"	9	1	1	18	0	0	45	100	0	0	395.979797464	395.979797464	1552404952.5	-1	-4	-1	-4
"4516"	9	1	1	18	0	0	45	100	0	0	395.979797464	395.979797464	1552404952.54	-1	-4	-1	-4
"4517"	9	1	1	18	0	0	45	100	0	0	395.979797464	395.979797464	1552404952.57	0	-4	0	-4
"4518"	9	1	1	18	0	0	45	100	0	0	395.979797464	395.979797464	1552404952.6	7	1	7	1
"4519"	9	1	1	18	0	0	45	100	0	0	395.979797464	395.979797464	1552404952.64	20	14	20	14
"4520"	9	1	1	18	0	0	45	100	0	0	395.979797464	395.979797464	1552404952.67	46	41	46	41
"4521"	9	1	1	18	0	0	45	100	0	0	395.979797464	395.979797464	1552404952.7	73	70	73	70
"4522"	9	1	1	18	0	0	45	100	0	0	395.979797464	395.979797464	1552404952.74	100	100	100	100
"4523"	9	1	1	18	0	0	45	100	0	0	395.979797464	395.979797464	1552404952.77	134	143	134	143
"4524"	9	1	1	18	0	0	45	100	0	0	395.979797464	395.979797464	1552404952.8	168	182	168	182
"4525"	9	1	1	18	0	0	45	100	0	0	395.979797464	395.979797464	1552404952.84	202	219	202	219
"4526"	9	1	1	18	0	0	45	100	0	0	395.979797464	395.979797464	1552404952.87	231	248	231	248
"4527"	9	1	1	18	0	0	45	100	0	0	395.979797464	395.979797464	1552404952.9	262	275	262	275
"4528"	9	1	1	18	0	0	45	100	0	0	395.979797464	395.979797464	1552404952.94	292	300	292	300
"4529"	9	1	1	18	0	0	45	100	0	0	395.979797464	395.979797464	1552404952.97	314	316	314	316
"4530"	9	1	1	18	0	0	45	100	0	0	395.979797464	395.979797464	1552404953	335	333	335	333
"4531"	9	1	1	18	0	0	45	100	0	0	395.979797464	395.979797464	1552404953.04	351	344	351	344
"4532"	9	1	1	18	0	0	45	100	0	0	395.979797464	395.979797464	1552404953.07	364	353	364	353
"4533"	9	1	1	18	0	0	45	100	0	0	395.979797464	395.979797464	1552404953.1	376	359	376	359
"4534"	9	1	1	18	0	0	45	100	0	0	395.979797464	395.979797464	1552404953.14	391	368	391	368
"4535"	9	1	1	18	0	0	45	100	0	0	395.979797464	395.979797464	1552404953.17	399	375	399	375
"4536"	9	1	1	18	0	0	45	100	0	0	395.979797464	395.979797464	1552404953.2	404	378	404	378
"4537"	9	1	1	18	0	0	45	100	0	0	395.979797464	395.979797464	1552404953.24	407	382	407	382
"4538"	9	1	1	18	0	0	45	100	0	0	395.979797464	395.979797464	1552404953.27	408	385	408	385
"4539"	9	1	1	18	0	0	45	100	0	0	395.979797464	395.979797464	1552404953.3	408	387	408	387
"4540"	9	1	1	18	0	0	45	100	0	0	395.979797464	395.979797464	1552404953.34	407	389	407	389
"4541"	9	1	1	18	0	0	45	100	0	0	395.979797464	395.979797464	1552404953.37	406	391	406	391
"4542"	9	1	1	18	0	0	45	100	0	0	395.979797464	395.979797464	1552404953.4	405	393	405	393
"4543"	9	1	1	19	0	0	45	100	0	0	395.979797464	395.979797464	1552404954.98	-3	-5	-3	-5
"4544"	9	1	1	19	0	0	45	100	0	0	395.979797464	395.979797464	1552404955	-3	-5	-3	-5
"4545"	9	1	1	19	0	0	45	100	0	0	395.979797464	395.979797464	1552404955.04	-3	-5	-3	-5
"4546"	9	1	1	19	0	0	45	100	0	0	395.979797464	395.979797464	1552404955.07	-3	-5	-3	-5
"4547"	9	1	1	19	0	0	45	100	0	0	395.979797464	395.979797464	1552404955.1	-3	-5	-3	-5
"4548"	9	1	1	19	0	0	45	100	0	0	395.979797464	395.979797464	1552404955.14	-3	-5	-3	-5
"4549"	9	1	1	19	0	0	45	100	0	0	395.979797464	395.979797464	1552404955.17	-3	-5	-3	-5
"4550"	9	1	1	19	0	0	45	100	0	0	395.979797464	395.979797464	1552404955.2	-3	-5	-3	-5
"4551"	9	1	1	19	0	0	45	100	0	0	395.979797464	395.979797464	1552404955.24	-3	-5	-3	-5
"4552"	9	1	1	19	0	0	45	100	0	0	395.979797464	395.979797464	1552404955.27	-3	-5	-3	-5
"4553"	9	1	1	19	0	0	45	100	0	0	395.979797464	395.979797464	1552404955.3	-3	-5	-3	-5
"4554"	9	1	1	19	0	0	45	100	0	0	395.979797464	395.979797464	1552404955.34	-2	-4	-2	-4
"4555"	9	1	1	19	0	0	45	100	0	0	395.979797464	395.979797464	1552404955.37	3	3	3	3
"4556"	9	1	1	19	0	0	45	100	0	0	395.979797464	395.979797464	1552404955.4	12	12	12	12
"4557"	9	1	1	19	0	0	45	100	0	0	395.979797464	395.979797464	1552404955.44	35	37	35	37
"4558"	9	1	1	19	0	0	45	100	0	0	395.979797464	395.979797464	1552404955.47	59	61	59	61
"4559"	9	1	1	19	0	0	45	100	0	0	395.979797464	395.979797464	1552404955.5	92	93	92	93
"4560"	9	1	1	19	0	0	45	100	0	0	395.979797464	395.979797464	1552404955.54	129	132	129	132
"4561"	9	1	1	19	0	0	45	100	0	0	395.979797464	395.979797464	1552404955.57	168	173	168	173
"4562"	9	1	1	19	0	0	45	100	0	0	395.979797464	395.979797464	1552404955.6	207	214	207	214
"4563"	9	1	1	19	0	0	45	100	0	0	395.979797464	395.979797464	1552404955.64	239	245	239	245
"4564"	9	1	1	19	0	0	45	100	0	0	395.979797464	395.979797464	1552404955.67	272	279	272	279
"4565"	9	1	1	19	0	0	45	100	0	0	395.979797464	395.979797464	1552404955.7	298	305	298	305
"4566"	9	1	1	19	0	0	45	100	0	0	395.979797464	395.979797464	1552404955.74	312	318	312	318
"4567"	9	1	1	19	0	0	45	100	0	0	395.979797464	395.979797464	1552404955.77	324	329	324	329
"4568"	9	1	1	19	0	0	45	100	0	0	395.979797464	395.979797464	1552404955.8	332	336	332	336
"4569"	9	1	1	19	0	0	45	100	0	0	395.979797464	395.979797464	1552404955.84	336	338	336	338
"4570"	9	1	1	19	0	0	45	100	0	0	395.979797464	395.979797464	1552404955.87	340	341	340	341
"4571"	9	1	1	19	0	0	45	100	0	0	395.979797464	395.979797464	1552404955.9	345	346	345	346
"4572"	9	1	1	19	0	0	45	100	0	0	395.979797464	395.979797464	1552404955.94	353	354	353	354
"4573"	9	1	1	19	0	0	45	100	0	0	395.979797464	395.979797464	1552404955.97	363	361	363	361
"4574"	9	1	1	19	0	0	45	100	0	0	395.979797464	395.979797464	1552404956	373	370	373	370
"4575"	9	1	1	19	0	0	45	100	0	0	395.979797464	395.979797464	1552404956.04	378	374	378	374
"4576"	9	1	1	19	0	0	45	100	0	0	395.979797464	395.979797464	1552404956.07	382	378	382	378
"4577"	9	1	1	19	0	0	45	100	0	0	395.979797464	395.979797464	1552404956.1	383	380	383	380
"4578"	9	1	1	19	0	0	45	100	0	0	395.979797464	395.979797464	1552404956.14	383	383	383	383
"4579"	9	1	1	19	0	0	45	100	0	0	395.979797464	395.979797464	1552404956.17	385	386	385	386
"4580"	9	1	1	19	0	0	45	100	0	0	395.979797464	395.979797464	1552404956.2	386	388	386	388
"4581"	9	1	1	19	0	0	45	100	0	0	395.979797464	395.979797464	1552404956.24	389	390	389	390
"4582"	9	1	1	20	0	0	90	100	0	0	3.42901103761e-14	560	1552404957.55	8	4	8	4
"4583"	9	1	1	20	0	0	90	100	0	0	3.42901103761e-14	560	1552404957.57	8	4	8	4
"4584"	9	1	1	20	0	0	90	100	0	0	3.42901103761e-14	560	1552404957.61	8	4	8	4
"4585"	9	1	1	20	0	0	90	100	0	0	3.42901103761e-14	560	1552404957.64	8	4	8	4
"4586"	9	1	1	20	0	0	90	100	0	0	3.42901103761e-14	560	1552404957.67	7	5	7	5
"4587"	9	1	1	20	0	0	90	100	0	0	3.42901103761e-14	560	1552404957.71	6	5	6	5
"4588"	9	1	1	20	0	0	90	100	0	0	3.42901103761e-14	560	1552404957.74	5	5	5	5
"4589"	9	1	1	20	0	0	90	100	0	0	3.42901103761e-14	560	1552404957.77	4	5	4	5
"4590"	9	1	1	20	0	0	90	100	0	0	3.42901103761e-14	560	1552404957.81	4	5	4	5
"4591"	9	1	1	20	0	0	90	100	0	0	3.42901103761e-14	560	1552404957.84	4	5	4	5
"4592"	9	1	1	20	0	0	90	100	0	0	3.42901103761e-14	560	1552404957.87	3	5	3	5
"4593"	9	1	1	20	0	0	90	100	0	0	3.42901103761e-14	560	1552404957.91	2	11	2	11
"4594"	9	1	1	20	0	0	90	100	0	0	3.42901103761e-14	560	1552404957.94	1	25	1	25
"4595"	9	1	1	20	0	0	90	100	0	0	3.42901103761e-14	560	1552404957.97	2	51	2	51
"4596"	9	1	1	20	0	0	90	100	0	0	3.42901103761e-14	560	1552404958.01	3	74	3	74
"4597"	9	1	1	20	0	0	90	100	0	0	3.42901103761e-14	560	1552404958.04	4	98	4	98
"4598"	9	1	1	20	0	0	90	100	0	0	3.42901103761e-14	560	1552404958.07	6	127	6	127
"4599"	9	1	1	20	0	0	90	100	0	0	3.42901103761e-14	560	1552404958.11	7	159	7	159
"4600"	9	1	1	20	0	0	90	100	0	0	3.42901103761e-14	560	1552404958.14	9	184	9	184
"4601"	9	1	1	20	0	0	90	100	0	0	3.42901103761e-14	560	1552404958.17	11	217	11	217
"4602"	9	1	1	20	0	0	90	100	0	0	3.42901103761e-14	560	1552404958.21	12	252	12	252
"4603"	9	1	1	20	0	0	90	100	0	0	3.42901103761e-14	560	1552404958.24	13	282	13	282
"4604"	9	1	1	20	0	0	90	100	0	0	3.42901103761e-14	560	1552404958.27	13	320	13	320
"4605"	9	1	1	20	0	0	90	100	0	0	3.42901103761e-14	560	1552404958.31	15	357	15	357
"4606"	9	1	1	20	0	0	90	100	0	0	3.42901103761e-14	560	1552404958.34	15	385	15	385
"4607"	9	1	1	20	0	0	90	100	0	0	3.42901103761e-14	560	1552404958.37	15	416	15	416
"4608"	9	1	1	20	0	0	90	100	0	0	3.42901103761e-14	560	1552404958.41	14	439	14	439
"4609"	9	1	1	20	0	0	90	100	0	0	3.42901103761e-14	560	1552404958.44	10	462	10	462
"4610"	9	1	1	20	0	0	90	100	0	0	3.42901103761e-14	560	1552404958.47	7	475	7	475
"4611"	9	1	1	20	0	0	90	100	0	0	3.42901103761e-14	560	1552404958.51	3	493	3	493
"4612"	9	1	1	20	0	0	90	100	0	0	3.42901103761e-14	560	1552404958.54	-1	508	-1	508
"4613"	9	1	1	20	0	0	90	100	0	0	3.42901103761e-14	560	1552404958.57	-4	518	-4	518
"4614"	9	1	1	20	0	0	90	100	0	0	3.42901103761e-14	560	1552404958.61	-5	529	-5	529
"4615"	9	1	1	20	0	0	90	100	0	0	3.42901103761e-14	560	1552404958.64	-4	535	-4	535
"4616"	9	1	1	20	0	0	90	100	0	0	3.42901103761e-14	560	1552404958.67	-4	541	-4	541
"4617"	9	1	1	20	0	0	90	100	0	0	3.42901103761e-14	560	1552404958.71	-4	544	-4	544
"4618"	9	1	1	20	0	0	90	100	0	0	3.42901103761e-14	560	1552404958.74	-3	548	-3	548
"4619"	9	1	1	20	0	0	90	100	0	0	3.42901103761e-14	560	1552404958.77	-2	551	-2	551
"4620"	9	1	1	20	0	0	90	100	0	0	3.42901103761e-14	560	1552404958.81	-2	554	-2	554
"4621"	9	1	1	20	0	0	90	100	0	0	3.42901103761e-14	560	1552404958.84	-1	555	-1	555
"4622"	9	1	1	20	0	0	90	100	0	0	3.42901103761e-14	560	1552404958.87	-1	557	-1	557
"4623"	9	1	1	21	0	0	135	100	0	0	-395.979797464	395.979797464	1552404960.19	10	-9	10	-9
"4624"	9	1	1	21	0	0	135	100	0	0	-395.979797464	395.979797464	1552404960.22	10	-9	10	-9
"4625"	9	1	1	21	0	0	135	100	0	0	-395.979797464	395.979797464	1552404960.26	10	-9	10	-9
"4626"	9	1	1	21	0	0	135	100	0	0	-395.979797464	395.979797464	1552404960.29	8	-8	8	-8
"4627"	9	1	1	21	0	0	135	100	0	0	-395.979797464	395.979797464	1552404960.33	5	-5	5	-5
"4628"	9	1	1	21	0	0	135	100	0	0	-395.979797464	395.979797464	1552404960.36	3	-3	3	-3
"4629"	9	1	1	21	0	0	135	100	0	0	-395.979797464	395.979797464	1552404960.39	2	-2	2	-2
"4630"	9	1	1	21	0	0	135	100	0	0	-395.979797464	395.979797464	1552404960.42	2	-1	2	-1
"4631"	9	1	1	21	0	0	135	100	0	0	-395.979797464	395.979797464	1552404960.46	2	-1	2	-1
"4632"	9	1	1	21	0	0	135	100	0	0	-395.979797464	395.979797464	1552404960.49	2	-1	2	-1
"4633"	9	1	1	21	0	0	135	100	0	0	-395.979797464	395.979797464	1552404960.53	2	-1	2	-1
"4634"	9	1	1	21	0	0	135	100	0	0	-395.979797464	395.979797464	1552404960.56	2	-1	2	-1
"4635"	9	1	1	21	0	0	135	100	0	0	-395.979797464	395.979797464	1552404960.59	1	4	1	4
"4636"	9	1	1	21	0	0	135	100	0	0	-395.979797464	395.979797464	1552404960.63	-5	17	-5	17
"4637"	9	1	1	21	0	0	135	100	0	0	-395.979797464	395.979797464	1552404960.66	-23	46	-23	46
"4638"	9	1	1	21	0	0	135	100	0	0	-395.979797464	395.979797464	1552404960.69	-39	70	-39	70
"4639"	9	1	1	21	0	0	135	100	0	0	-395.979797464	395.979797464	1552404960.73	-60	98	-60	98
"4640"	9	1	1	21	0	0	135	100	0	0	-395.979797464	395.979797464	1552404960.76	-84	130	-84	130
"4641"	9	1	1	21	0	0	135	100	0	0	-395.979797464	395.979797464	1552404960.79	-108	158	-108	158
"4642"	9	1	1	21	0	0	135	100	0	0	-395.979797464	395.979797464	1552404960.83	-126	178	-126	178
"4643"	9	1	1	21	0	0	135	100	0	0	-395.979797464	395.979797464	1552404960.86	-144	201	-144	201
"4644"	9	1	1	21	0	0	135	100	0	0	-395.979797464	395.979797464	1552404960.89	-162	223	-162	223
"4645"	9	1	1	21	0	0	135	100	0	0	-395.979797464	395.979797464	1552404960.93	-178	238	-178	238
"4646"	9	1	1	21	0	0	135	100	0	0	-395.979797464	395.979797464	1552404960.96	-200	254	-200	254
"4647"	9	1	1	21	0	0	135	100	0	0	-395.979797464	395.979797464	1552404960.99	-218	267	-218	267
"4648"	9	1	1	21	0	0	135	100	0	0	-395.979797464	395.979797464	1552404961.03	-235	278	-235	278
"4649"	9	1	1	21	0	0	135	100	0	0	-395.979797464	395.979797464	1552404961.06	-251	289	-251	289
"4650"	9	1	1	21	0	0	135	100	0	0	-395.979797464	395.979797464	1552404961.09	-265	298	-265	298
"4651"	9	1	1	21	0	0	135	100	0	0	-395.979797464	395.979797464	1552404961.13	-280	307	-280	307
"4652"	9	1	1	21	0	0	135	100	0	0	-395.979797464	395.979797464	1552404961.16	-292	314	-292	314
"4653"	9	1	1	21	0	0	135	100	0	0	-395.979797464	395.979797464	1552404961.19	-305	323	-305	323
"4654"	9	1	1	21	0	0	135	100	0	0	-395.979797464	395.979797464	1552404961.23	-315	332	-315	332
"4655"	9	1	1	21	0	0	135	100	0	0	-395.979797464	395.979797464	1552404961.26	-323	340	-323	340
"4656"	9	1	1	21	0	0	135	100	0	0	-395.979797464	395.979797464	1552404961.29	-334	349	-334	349
"4657"	9	1	1	21	0	0	135	100	0	0	-395.979797464	395.979797464	1552404961.33	-340	353	-340	353
"4658"	9	1	1	21	0	0	135	100	0	0	-395.979797464	395.979797464	1552404961.36	-345	356	-345	356
"4659"	9	1	1	21	0	0	135	100	0	0	-395.979797464	395.979797464	1552404961.39	-348	359	-348	359
"4660"	9	1	1	21	0	0	135	100	0	0	-395.979797464	395.979797464	1552404961.43	-351	363	-351	363
"4661"	9	1	1	21	0	0	135	100	0	0	-395.979797464	395.979797464	1552404961.46	-354	367	-354	367
"4662"	9	1	1	21	0	0	135	100	0	0	-395.979797464	395.979797464	1552404961.49	-356	370	-356	370
"4663"	9	1	1	21	0	0	135	100	0	0	-395.979797464	395.979797464	1552404961.53	-359	374	-359	374
"4664"	9	1	1	21	0	0	135	100	0	0	-395.979797464	395.979797464	1552404961.56	-362	379	-362	379
"4665"	9	1	1	21	0	0	135	100	0	0	-395.979797464	395.979797464	1552404961.59	-366	382	-366	382
"4666"	9	1	1	21	0	0	135	100	0	0	-395.979797464	395.979797464	1552404961.63	-370	386	-370	386
"4667"	9	1	1	21	0	0	135	100	0	0	-395.979797464	395.979797464	1552404961.66	-374	388	-374	388
"4668"	9	1	1	21	0	0	135	100	0	0	-395.979797464	395.979797464	1552404961.69	-378	390	-378	390
"4669"	9	1	1	21	0	0	135	100	0	0	-395.979797464	395.979797464	1552404961.73	-381	391	-381	391
"4670"	9	1	1	21	0	0	135	100	0	0	-395.979797464	395.979797464	1552404961.76	-384	393	-384	393
"4671"	9	1	1	21	0	0	135	100	0	0	-395.979797464	395.979797464	1552404961.79	-387	394	-387	394
"4672"	9	1	1	21	0	0	135	100	0	0	-395.979797464	395.979797464	1552404961.83	-389	395	-389	395
"4673"	9	1	1	21	0	0	135	100	0	0	-395.979797464	395.979797464	1552404961.86	-391	396	-391	396
