"task_num"	"task_name"	"trial_type"	"trial_num"	"terminalfeedback_bool"	"rotation_angle"	"targetangle_deg"	"targetdistance_percmax"	"homex_px"	"homey_px"	"targetx_px"	"targety_px"	"time_s"	"mousex_px"	"mousey_px"	"cursorx_px"	"cursory_px"
"5209"	9	1	1	1	0	0	45	100	0	0	395.979797464	395.979797464	1551384523.58	2	-10	2	-10
"5210"	9	1	1	1	0	0	45	100	0	0	395.979797464	395.979797464	1551384523.6	2	-10	2	-10
"5211"	9	1	1	1	0	0	45	100	0	0	395.979797464	395.979797464	1551384523.63	2	-10	2	-10
"5212"	9	1	1	1	0	0	45	100	0	0	395.979797464	395.979797464	1551384523.66	2	-10	2	-10
"5213"	9	1	1	1	0	0	45	100	0	0	395.979797464	395.979797464	1551384523.7	2	-10	2	-10
"5214"	9	1	1	1	0	0	45	100	0	0	395.979797464	395.979797464	1551384523.73	2	-10	2	-10
"5215"	9	1	1	1	0	0	45	100	0	0	395.979797464	395.979797464	1551384523.76	2	-10	2	-10
"5216"	9	1	1	1	0	0	45	100	0	0	395.979797464	395.979797464	1551384523.8	2	-10	2	-10
"5217"	9	1	1	1	0	0	45	100	0	0	395.979797464	395.979797464	1551384523.83	2	-10	2	-10
"5218"	9	1	1	1	0	0	45	100	0	0	395.979797464	395.979797464	1551384523.86	2	-10	2	-10
"5219"	9	1	1	1	0	0	45	100	0	0	395.979797464	395.979797464	1551384523.9	2	-10	2	-10
"5220"	9	1	1	1	0	0	45	100	0	0	395.979797464	395.979797464	1551384523.93	2	-10	2	-10
"5221"	9	1	1	1	0	0	45	100	0	0	395.979797464	395.979797464	1551384523.96	2	-10	2	-10
"5222"	9	1	1	1	0	0	45	100	0	0	395.979797464	395.979797464	1551384524	2	-10	2	-10
"5223"	9	1	1	1	0	0	45	100	0	0	395.979797464	395.979797464	1551384524.03	2	-10	2	-10
"5224"	9	1	1	1	0	0	45	100	0	0	395.979797464	395.979797464	1551384524.06	2	-10	2	-10
"5225"	9	1	1	1	0	0	45	100	0	0	395.979797464	395.979797464	1551384524.1	2	-10	2	-10
"5226"	9	1	1	1	0	0	45	100	0	0	395.979797464	395.979797464	1551384524.13	2	-10	2	-10
"5227"	9	1	1	1	0	0	45	100	0	0	395.979797464	395.979797464	1551384524.16	2	-10	2	-10
"5228"	9	1	1	1	0	0	45	100	0	0	395.979797464	395.979797464	1551384524.2	4	-7	4	-7
"5229"	9	1	1	1	0	0	45	100	0	0	395.979797464	395.979797464	1551384524.23	11	3	11	3
"5230"	9	1	1	1	0	0	45	100	0	0	395.979797464	395.979797464	1551384524.26	16	9	16	9
"5231"	9	1	1	1	0	0	45	100	0	0	395.979797464	395.979797464	1551384524.3	19	12	19	12
"5232"	9	1	1	1	0	0	45	100	0	0	395.979797464	395.979797464	1551384524.33	24	16	24	16
"5233"	9	1	1	1	0	0	45	100	0	0	395.979797464	395.979797464	1551384524.36	35	26	35	26
"5234"	9	1	1	1	0	0	45	100	0	0	395.979797464	395.979797464	1551384524.4	44	34	44	34
"5235"	9	1	1	1	0	0	45	100	0	0	395.979797464	395.979797464	1551384524.43	54	44	54	44
"5236"	9	1	1	1	0	0	45	100	0	0	395.979797464	395.979797464	1551384524.46	69	59	69	59
"5237"	9	1	1	1	0	0	45	100	0	0	395.979797464	395.979797464	1551384524.5	82	73	82	73
"5238"	9	1	1	1	0	0	45	100	0	0	395.979797464	395.979797464	1551384524.53	105	91	105	91
"5239"	9	1	1	1	0	0	45	100	0	0	395.979797464	395.979797464	1551384524.56	131	111	131	111
"5240"	9	1	1	1	0	0	45	100	0	0	395.979797464	395.979797464	1551384524.6	158	130	158	130
"5241"	9	1	1	1	0	0	45	100	0	0	395.979797464	395.979797464	1551384524.63	185	149	185	149
"5242"	9	1	1	1	0	0	45	100	0	0	395.979797464	395.979797464	1551384524.66	206	163	206	163
"5243"	9	1	1	1	0	0	45	100	0	0	395.979797464	395.979797464	1551384524.7	233	182	233	182
"5244"	9	1	1	1	0	0	45	100	0	0	395.979797464	395.979797464	1551384524.73	256	200	256	200
"5245"	9	1	1	1	0	0	45	100	0	0	395.979797464	395.979797464	1551384524.76	276	217	276	217
"5246"	9	1	1	1	0	0	45	100	0	0	395.979797464	395.979797464	1551384524.8	299	235	299	235
"5247"	9	1	1	1	0	0	45	100	0	0	395.979797464	395.979797464	1551384524.83	321	257	321	257
"5248"	9	1	1	1	0	0	45	100	0	0	395.979797464	395.979797464	1551384524.86	332	270	332	270
"5249"	9	1	1	1	0	0	45	100	0	0	395.979797464	395.979797464	1551384524.9	345	285	345	285
"5250"	9	1	1	1	0	0	45	100	0	0	395.979797464	395.979797464	1551384524.93	364	308	364	308
"5251"	9	1	1	1	0	0	45	100	0	0	395.979797464	395.979797464	1551384524.96	372	317	372	317
"5252"	9	1	1	1	0	0	45	100	0	0	395.979797464	395.979797464	1551384525	379	326	379	326
"5253"	9	1	1	1	0	0	45	100	0	0	395.979797464	395.979797464	1551384525.03	385	339	385	339
"5254"	9	1	1	1	0	0	45	100	0	0	395.979797464	395.979797464	1551384525.06	388	348	388	348
"5255"	9	1	1	1	0	0	45	100	0	0	395.979797464	395.979797464	1551384525.1	389	354	389	354
"5256"	9	1	1	1	0	0	45	100	0	0	395.979797464	395.979797464	1551384525.13	390	361	390	361
"5257"	9	1	1	1	0	0	45	100	0	0	395.979797464	395.979797464	1551384525.16	392	368	392	368
"5258"	9	1	1	1	0	0	45	100	0	0	395.979797464	395.979797464	1551384525.2	392	369	392	369
"5259"	9	1	1	1	0	0	45	100	0	0	395.979797464	395.979797464	1551384525.23	392	371	392	371
"5260"	9	1	1	1	0	0	45	100	0	0	395.979797464	395.979797464	1551384525.26	392	378	392	378
"5261"	9	1	1	1	0	0	45	100	0	0	395.979797464	395.979797464	1551384525.3	390	384	390	384
"5262"	9	1	1	1	0	0	45	100	0	0	395.979797464	395.979797464	1551384525.33	389	388	389	388
"5263"	9	1	1	2	0	0	90	100	0	0	3.42901103761e-14	560	1551384527.18	-5	-1	-5	-1
"5264"	9	1	1	2	0	0	90	100	0	0	3.42901103761e-14	560	1551384527.2	-4	-1	-4	-1
"5265"	9	1	1	2	0	0	90	100	0	0	3.42901103761e-14	560	1551384527.23	-3	-1	-3	-1
"5266"	9	1	1	2	0	0	90	100	0	0	3.42901103761e-14	560	1551384527.27	-3	-1	-3	-1
"5267"	9	1	1	2	0	0	90	100	0	0	3.42901103761e-14	560	1551384527.3	-3	-1	-3	-1
"5268"	9	1	1	2	0	0	90	100	0	0	3.42901103761e-14	560	1551384527.33	-3	-1	-3	-1
"5269"	9	1	1	2	0	0	90	100	0	0	3.42901103761e-14	560	1551384527.37	-3	-1	-3	-1
"5270"	9	1	1	2	0	0	90	100	0	0	3.42901103761e-14	560	1551384527.4	-3	-1	-3	-1
"5271"	9	1	1	2	0	0	90	100	0	0	3.42901103761e-14	560	1551384527.43	-3	-1	-3	-1
"5272"	9	1	1	2	0	0	90	100	0	0	3.42901103761e-14	560	1551384527.47	-3	-1	-3	-1
"5273"	9	1	1	2	0	0	90	100	0	0	3.42901103761e-14	560	1551384527.5	-3	-1	-3	-1
"5274"	9	1	1	2	0	0	90	100	0	0	3.42901103761e-14	560	1551384527.53	-3	-1	-3	-1
"5275"	9	1	1	2	0	0	90	100	0	0	3.42901103761e-14	560	1551384527.57	-3	-1	-3	-1
"5276"	9	1	1	2	0	0	90	100	0	0	3.42901103761e-14	560	1551384527.6	-4	-1	-4	-1
"5277"	9	1	1	2	0	0	90	100	0	0	3.42901103761e-14	560	1551384527.63	-4	4	-4	4
"5278"	9	1	1	2	0	0	90	100	0	0	3.42901103761e-14	560	1551384527.67	-4	11	-4	11
"5279"	9	1	1	2	0	0	90	100	0	0	3.42901103761e-14	560	1551384527.7	-5	20	-5	20
"5280"	9	1	1	2	0	0	90	100	0	0	3.42901103761e-14	560	1551384527.73	-5	31	-5	31
"5281"	9	1	1	2	0	0	90	100	0	0	3.42901103761e-14	560	1551384527.77	-5	44	-5	44
"5282"	9	1	1	2	0	0	90	100	0	0	3.42901103761e-14	560	1551384527.8	-5	57	-5	57
"5283"	9	1	1	2	0	0	90	100	0	0	3.42901103761e-14	560	1551384527.83	-7	73	-7	73
"5284"	9	1	1	2	0	0	90	100	0	0	3.42901103761e-14	560	1551384527.87	-8	95	-8	95
"5285"	9	1	1	2	0	0	90	100	0	0	3.42901103761e-14	560	1551384527.9	-9	113	-9	113
"5286"	9	1	1	2	0	0	90	100	0	0	3.42901103761e-14	560	1551384527.93	-10	138	-10	138
"5287"	9	1	1	2	0	0	90	100	0	0	3.42901103761e-14	560	1551384527.97	-10	162	-10	162
"5288"	9	1	1	2	0	0	90	100	0	0	3.42901103761e-14	560	1551384528	-11	186	-11	186
"5289"	9	1	1	2	0	0	90	100	0	0	3.42901103761e-14	560	1551384528.03	-12	210	-12	210
"5290"	9	1	1	2	0	0	90	100	0	0	3.42901103761e-14	560	1551384528.07	-10	235	-10	235
"5291"	9	1	1	2	0	0	90	100	0	0	3.42901103761e-14	560	1551384528.1	-9	265	-9	265
"5292"	9	1	1	2	0	0	90	100	0	0	3.42901103761e-14	560	1551384528.13	-8	286	-8	286
"5293"	9	1	1	2	0	0	90	100	0	0	3.42901103761e-14	560	1551384528.17	-4	311	-4	311
"5294"	9	1	1	2	0	0	90	100	0	0	3.42901103761e-14	560	1551384528.2	0	338	0	338
"5295"	9	1	1	2	0	0	90	100	0	0	3.42901103761e-14	560	1551384528.23	1	352	1	352
"5296"	9	1	1	2	0	0	90	100	0	0	3.42901103761e-14	560	1551384528.27	2	370	2	370
"5297"	9	1	1	2	0	0	90	100	0	0	3.42901103761e-14	560	1551384528.3	5	392	5	392
"5298"	9	1	1	2	0	0	90	100	0	0	3.42901103761e-14	560	1551384528.33	4	406	4	406
"5299"	9	1	1	2	0	0	90	100	0	0	3.42901103761e-14	560	1551384528.37	3	419	3	419
"5300"	9	1	1	2	0	0	90	100	0	0	3.42901103761e-14	560	1551384528.4	3	430	3	430
"5301"	9	1	1	2	0	0	90	100	0	0	3.42901103761e-14	560	1551384528.43	2	445	2	445
"5302"	9	1	1	2	0	0	90	100	0	0	3.42901103761e-14	560	1551384528.47	0	454	0	454
"5303"	9	1	1	2	0	0	90	100	0	0	3.42901103761e-14	560	1551384528.5	-2	462	-2	462
"5304"	9	1	1	2	0	0	90	100	0	0	3.42901103761e-14	560	1551384528.53	-2	470	-2	470
"5305"	9	1	1	2	0	0	90	100	0	0	3.42901103761e-14	560	1551384528.57	-2	480	-2	480
"5306"	9	1	1	2	0	0	90	100	0	0	3.42901103761e-14	560	1551384528.6	-2	492	-2	492
"5307"	9	1	1	2	0	0	90	100	0	0	3.42901103761e-14	560	1551384528.63	-2	502	-2	502
"5308"	9	1	1	2	0	0	90	100	0	0	3.42901103761e-14	560	1551384528.67	-5	510	-5	510
"5309"	9	1	1	2	0	0	90	100	0	0	3.42901103761e-14	560	1551384528.7	-7	516	-7	516
"5310"	9	1	1	2	0	0	90	100	0	0	3.42901103761e-14	560	1551384528.73	-8	521	-8	521
"5311"	9	1	1	2	0	0	90	100	0	0	3.42901103761e-14	560	1551384528.77	-9	525	-9	525
"5312"	9	1	1	2	0	0	90	100	0	0	3.42901103761e-14	560	1551384528.8	-9	528	-9	528
"5313"	9	1	1	2	0	0	90	100	0	0	3.42901103761e-14	560	1551384528.83	-8	534	-8	534
"5314"	9	1	1	2	0	0	90	100	0	0	3.42901103761e-14	560	1551384528.87	-9	540	-9	540
"5315"	9	1	1	2	0	0	90	100	0	0	3.42901103761e-14	560	1551384528.9	-10	543	-10	543
"5316"	9	1	1	2	0	0	90	100	0	0	3.42901103761e-14	560	1551384528.93	-10	547	-10	547
"5317"	9	1	1	2	0	0	90	100	0	0	3.42901103761e-14	560	1551384528.97	-10	552	-10	552
"5318"	9	1	1	2	0	0	90	100	0	0	3.42901103761e-14	560	1551384529	-10	556	-10	556
"5319"	9	1	1	3	0	0	135	100	0	0	-395.979797464	395.979797464	1551384530.72	0	5	0	5
"5320"	9	1	1	3	0	0	135	100	0	0	-395.979797464	395.979797464	1551384530.74	0	2	0	2
"5321"	9	1	1	3	0	0	135	100	0	0	-395.979797464	395.979797464	1551384530.77	0	-2	0	-2
"5322"	9	1	1	3	0	0	135	100	0	0	-395.979797464	395.979797464	1551384530.8	0	-5	0	-5
"5323"	9	1	1	3	0	0	135	100	0	0	-395.979797464	395.979797464	1551384530.84	0	-5	0	-5
"5324"	9	1	1	3	0	0	135	100	0	0	-395.979797464	395.979797464	1551384530.87	0	-6	0	-6
"5325"	9	1	1	3	0	0	135	100	0	0	-395.979797464	395.979797464	1551384530.9	0	-6	0	-6
"5326"	9	1	1	3	0	0	135	100	0	0	-395.979797464	395.979797464	1551384530.94	0	-6	0	-6
"5327"	9	1	1	3	0	0	135	100	0	0	-395.979797464	395.979797464	1551384530.97	0	-6	0	-6
"5328"	9	1	1	3	0	0	135	100	0	0	-395.979797464	395.979797464	1551384531	0	-6	0	-6
"5329"	9	1	1	3	0	0	135	100	0	0	-395.979797464	395.979797464	1551384531.04	0	-6	0	-6
"5330"	9	1	1	3	0	0	135	100	0	0	-395.979797464	395.979797464	1551384531.07	0	-6	0	-6
"5331"	9	1	1	3	0	0	135	100	0	0	-395.979797464	395.979797464	1551384531.1	-5	0	-5	0
"5332"	9	1	1	3	0	0	135	100	0	0	-395.979797464	395.979797464	1551384531.14	-13	8	-13	8
"5333"	9	1	1	3	0	0	135	100	0	0	-395.979797464	395.979797464	1551384531.17	-23	16	-23	16
"5334"	9	1	1	3	0	0	135	100	0	0	-395.979797464	395.979797464	1551384531.2	-34	26	-34	26
"5335"	9	1	1	3	0	0	135	100	0	0	-395.979797464	395.979797464	1551384531.24	-48	38	-48	38
"5336"	9	1	1	3	0	0	135	100	0	0	-395.979797464	395.979797464	1551384531.27	-64	50	-64	50
"5337"	9	1	1	3	0	0	135	100	0	0	-395.979797464	395.979797464	1551384531.3	-79	63	-79	63
"5338"	9	1	1	3	0	0	135	100	0	0	-395.979797464	395.979797464	1551384531.34	-93	75	-93	75
"5339"	9	1	1	3	0	0	135	100	0	0	-395.979797464	395.979797464	1551384531.37	-108	86	-108	86
"5340"	9	1	1	3	0	0	135	100	0	0	-395.979797464	395.979797464	1551384531.4	-121	94	-121	94
"5341"	9	1	1	3	0	0	135	100	0	0	-395.979797464	395.979797464	1551384531.44	-135	103	-135	103
"5342"	9	1	1	3	0	0	135	100	0	0	-395.979797464	395.979797464	1551384531.47	-149	111	-149	111
"5343"	9	1	1	3	0	0	135	100	0	0	-395.979797464	395.979797464	1551384531.5	-163	121	-163	121
"5344"	9	1	1	3	0	0	135	100	0	0	-395.979797464	395.979797464	1551384531.54	-179	131	-179	131
"5345"	9	1	1	3	0	0	135	100	0	0	-395.979797464	395.979797464	1551384531.57	-193	140	-193	140
"5346"	9	1	1	3	0	0	135	100	0	0	-395.979797464	395.979797464	1551384531.6	-206	148	-206	148
"5347"	9	1	1	3	0	0	135	100	0	0	-395.979797464	395.979797464	1551384531.64	-219	157	-219	157
"5348"	9	1	1	3	0	0	135	100	0	0	-395.979797464	395.979797464	1551384531.67	-233	167	-233	167
"5349"	9	1	1	3	0	0	135	100	0	0	-395.979797464	395.979797464	1551384531.7	-245	176	-245	176
"5350"	9	1	1	3	0	0	135	100	0	0	-395.979797464	395.979797464	1551384531.74	-254	185	-254	185
"5351"	9	1	1	3	0	0	135	100	0	0	-395.979797464	395.979797464	1551384531.77	-263	195	-263	195
"5352"	9	1	1	3	0	0	135	100	0	0	-395.979797464	395.979797464	1551384531.8	-271	206	-271	206
"5353"	9	1	1	3	0	0	135	100	0	0	-395.979797464	395.979797464	1551384531.84	-280	219	-280	219
"5354"	9	1	1	3	0	0	135	100	0	0	-395.979797464	395.979797464	1551384531.87	-288	230	-288	230
"5355"	9	1	1	3	0	0	135	100	0	0	-395.979797464	395.979797464	1551384531.9	-297	240	-297	240
"5356"	9	1	1	3	0	0	135	100	0	0	-395.979797464	395.979797464	1551384531.94	-307	252	-307	252
"5357"	9	1	1	3	0	0	135	100	0	0	-395.979797464	395.979797464	1551384531.97	-316	264	-316	264
"5358"	9	1	1	3	0	0	135	100	0	0	-395.979797464	395.979797464	1551384532	-328	277	-328	277
"5359"	9	1	1	3	0	0	135	100	0	0	-395.979797464	395.979797464	1551384532.04	-340	291	-340	291
"5360"	9	1	1	3	0	0	135	100	0	0	-395.979797464	395.979797464	1551384532.07	-348	301	-348	301
"5361"	9	1	1	3	0	0	135	100	0	0	-395.979797464	395.979797464	1551384532.1	-355	309	-355	309
"5362"	9	1	1	3	0	0	135	100	0	0	-395.979797464	395.979797464	1551384532.14	-363	320	-363	320
"5363"	9	1	1	3	0	0	135	100	0	0	-395.979797464	395.979797464	1551384532.17	-368	330	-368	330
"5364"	9	1	1	3	0	0	135	100	0	0	-395.979797464	395.979797464	1551384532.2	-372	337	-372	337
"5365"	9	1	1	3	0	0	135	100	0	0	-395.979797464	395.979797464	1551384532.24	-375	344	-375	344
"5366"	9	1	1	3	0	0	135	100	0	0	-395.979797464	395.979797464	1551384532.27	-378	349	-378	349
"5367"	9	1	1	3	0	0	135	100	0	0	-395.979797464	395.979797464	1551384532.3	-380	354	-380	354
"5368"	9	1	1	3	0	0	135	100	0	0	-395.979797464	395.979797464	1551384532.34	-382	359	-382	359
"5369"	9	1	1	3	0	0	135	100	0	0	-395.979797464	395.979797464	1551384532.37	-386	365	-386	365
"5370"	9	1	1	3	0	0	135	100	0	0	-395.979797464	395.979797464	1551384532.4	-389	370	-389	370
"5371"	9	1	1	3	0	0	135	100	0	0	-395.979797464	395.979797464	1551384532.44	-391	373	-391	373
"5372"	9	1	1	3	0	0	135	100	0	0	-395.979797464	395.979797464	1551384532.47	-392	374	-392	374
"5373"	9	1	1	3	0	0	135	100	0	0	-395.979797464	395.979797464	1551384532.5	-392	376	-392	376
"5374"	9	1	1	3	0	0	135	100	0	0	-395.979797464	395.979797464	1551384532.54	-393	379	-393	379
"5375"	9	1	1	3	0	0	135	100	0	0	-395.979797464	395.979797464	1551384532.57	-395	384	-395	384
"5376"	9	1	1	3	0	0	135	100	0	0	-395.979797464	395.979797464	1551384532.6	-396	387	-396	387
"5377"	9	1	1	3	0	0	135	100	0	0	-395.979797464	395.979797464	1551384532.64	-397	389	-397	389
"5378"	9	1	1	3	0	0	135	100	0	0	-395.979797464	395.979797464	1551384532.67	-398	390	-398	390
"5379"	9	1	1	4	0	0	45	100	0	0	395.979797464	395.979797464	1551384534.15	2	-3	2	-3
"5380"	9	1	1	4	0	0	45	100	0	0	395.979797464	395.979797464	1551384534.17	2	-3	2	-3
"5381"	9	1	1	4	0	0	45	100	0	0	395.979797464	395.979797464	1551384534.2	2	-3	2	-3
"5382"	9	1	1	4	0	0	45	100	0	0	395.979797464	395.979797464	1551384534.24	2	-3	2	-3
"5383"	9	1	1	4	0	0	45	100	0	0	395.979797464	395.979797464	1551384534.27	2	-3	2	-3
"5384"	9	1	1	4	0	0	45	100	0	0	395.979797464	395.979797464	1551384534.3	2	-3	2	-3
"5385"	9	1	1	4	0	0	45	100	0	0	395.979797464	395.979797464	1551384534.34	2	-3	2	-3
"5386"	9	1	1	4	0	0	45	100	0	0	395.979797464	395.979797464	1551384534.37	2	-3	2	-3
"5387"	9	1	1	4	0	0	45	100	0	0	395.979797464	395.979797464	1551384534.4	2	-3	2	-3
"5388"	9	1	1	4	0	0	45	100	0	0	395.979797464	395.979797464	1551384534.44	2	-3	2	-3
"5389"	9	1	1	4	0	0	45	100	0	0	395.979797464	395.979797464	1551384534.47	2	-3	2	-3
"5390"	9	1	1	4	0	0	45	100	0	0	395.979797464	395.979797464	1551384534.5	2	-3	2	-3
"5391"	9	1	1	4	0	0	45	100	0	0	395.979797464	395.979797464	1551384534.54	6	-1	6	-1
"5392"	9	1	1	4	0	0	45	100	0	0	395.979797464	395.979797464	1551384534.57	12	6	12	6
"5393"	9	1	1	4	0	0	45	100	0	0	395.979797464	395.979797464	1551384534.61	22	14	22	14
"5394"	9	1	1	4	0	0	45	100	0	0	395.979797464	395.979797464	1551384534.64	31	19	31	19
"5395"	9	1	1	4	0	0	45	100	0	0	395.979797464	395.979797464	1551384534.67	36	24	36	24
"5396"	9	1	1	4	0	0	45	100	0	0	395.979797464	395.979797464	1551384534.71	41	28	41	28
"5397"	9	1	1	4	0	0	45	100	0	0	395.979797464	395.979797464	1551384534.74	48	34	48	34
"5398"	9	1	1	4	0	0	45	100	0	0	395.979797464	395.979797464	1551384534.77	59	42	59	42
"5399"	9	1	1	4	0	0	45	100	0	0	395.979797464	395.979797464	1551384534.8	68	50	68	50
"5400"	9	1	1	4	0	0	45	100	0	0	395.979797464	395.979797464	1551384534.84	75	57	75	57
"5401"	9	1	1	4	0	0	45	100	0	0	395.979797464	395.979797464	1551384534.87	86	66	86	66
"5402"	9	1	1	4	0	0	45	100	0	0	395.979797464	395.979797464	1551384534.91	99	78	99	78
"5403"	9	1	1	4	0	0	45	100	0	0	395.979797464	395.979797464	1551384534.94	115	95	115	95
"5404"	9	1	1	4	0	0	45	100	0	0	395.979797464	395.979797464	1551384534.97	133	116	133	116
"5405"	9	1	1	4	0	0	45	100	0	0	395.979797464	395.979797464	1551384535.01	152	135	152	135
"5406"	9	1	1	4	0	0	45	100	0	0	395.979797464	395.979797464	1551384535.04	173	156	173	156
"5407"	9	1	1	4	0	0	45	100	0	0	395.979797464	395.979797464	1551384535.07	184	167	184	167
"5408"	9	1	1	4	0	0	45	100	0	0	395.979797464	395.979797464	1551384535.11	202	185	202	185
"5409"	9	1	1	4	0	0	45	100	0	0	395.979797464	395.979797464	1551384535.14	219	203	219	203
"5410"	9	1	1	4	0	0	45	100	0	0	395.979797464	395.979797464	1551384535.17	236	220	236	220
"5411"	9	1	1	4	0	0	45	100	0	0	395.979797464	395.979797464	1551384535.21	248	230	248	230
"5412"	9	1	1	4	0	0	45	100	0	0	395.979797464	395.979797464	1551384535.24	262	243	262	243
"5413"	9	1	1	4	0	0	45	100	0	0	395.979797464	395.979797464	1551384535.27	277	255	277	255
"5414"	9	1	1	4	0	0	45	100	0	0	395.979797464	395.979797464	1551384535.31	290	265	290	265
"5415"	9	1	1	4	0	0	45	100	0	0	395.979797464	395.979797464	1551384535.34	305	276	305	276
"5416"	9	1	1	4	0	0	45	100	0	0	395.979797464	395.979797464	1551384535.37	317	287	317	287
"5417"	9	1	1	4	0	0	45	100	0	0	395.979797464	395.979797464	1551384535.41	332	299	332	299
"5418"	9	1	1	4	0	0	45	100	0	0	395.979797464	395.979797464	1551384535.44	344	309	344	309
"5419"	9	1	1	4	0	0	45	100	0	0	395.979797464	395.979797464	1551384535.47	355	318	355	318
"5420"	9	1	1	4	0	0	45	100	0	0	395.979797464	395.979797464	1551384535.51	367	328	367	328
"5421"	9	1	1	4	0	0	45	100	0	0	395.979797464	395.979797464	1551384535.54	375	336	375	336
"5422"	9	1	1	4	0	0	45	100	0	0	395.979797464	395.979797464	1551384535.57	380	343	380	343
"5423"	9	1	1	4	0	0	45	100	0	0	395.979797464	395.979797464	1551384535.61	386	350	386	350
"5424"	9	1	1	4	0	0	45	100	0	0	395.979797464	395.979797464	1551384535.64	390	356	390	356
"5425"	9	1	1	4	0	0	45	100	0	0	395.979797464	395.979797464	1551384535.67	393	361	393	361
"5426"	9	1	1	4	0	0	45	100	0	0	395.979797464	395.979797464	1551384535.71	397	368	397	368
"5427"	9	1	1	4	0	0	45	100	0	0	395.979797464	395.979797464	1551384535.74	401	375	401	375
"5428"	9	1	1	4	0	0	45	100	0	0	395.979797464	395.979797464	1551384535.77	401	377	401	377
"5429"	9	1	1	4	0	0	45	100	0	0	395.979797464	395.979797464	1551384535.81	403	381	403	381
"5430"	9	1	1	4	0	0	45	100	0	0	395.979797464	395.979797464	1551384535.84	405	389	405	389
"5431"	9	1	1	5	0	0	135	100	0	0	-395.979797464	395.979797464	1551384537.69	-3	-9	-3	-9
"5432"	9	1	1	5	0	0	135	100	0	0	-395.979797464	395.979797464	1551384537.72	-3	-9	-3	-9
"5433"	9	1	1	5	0	0	135	100	0	0	-395.979797464	395.979797464	1551384537.76	-3	-9	-3	-9
"5434"	9	1	1	5	0	0	135	100	0	0	-395.979797464	395.979797464	1551384537.79	-3	-9	-3	-9
"5435"	9	1	1	5	0	0	135	100	0	0	-395.979797464	395.979797464	1551384537.82	-3	-9	-3	-9
"5436"	9	1	1	5	0	0	135	100	0	0	-395.979797464	395.979797464	1551384537.86	-3	-9	-3	-9
"5437"	9	1	1	5	0	0	135	100	0	0	-395.979797464	395.979797464	1551384537.89	-3	-9	-3	-9
"5438"	9	1	1	5	0	0	135	100	0	0	-395.979797464	395.979797464	1551384537.92	-3	-9	-3	-9
"5439"	9	1	1	5	0	0	135	100	0	0	-395.979797464	395.979797464	1551384537.96	-3	-9	-3	-9
"5440"	9	1	1	5	0	0	135	100	0	0	-395.979797464	395.979797464	1551384537.99	-3	-9	-3	-9
"5441"	9	1	1	5	0	0	135	100	0	0	-395.979797464	395.979797464	1551384538.02	-3	-9	-3	-9
"5442"	9	1	1	5	0	0	135	100	0	0	-395.979797464	395.979797464	1551384538.06	-4	-9	-4	-9
"5443"	9	1	1	5	0	0	135	100	0	0	-395.979797464	395.979797464	1551384538.09	-7	-2	-7	-2
"5444"	9	1	1	5	0	0	135	100	0	0	-395.979797464	395.979797464	1551384538.12	-14	7	-14	7
"5445"	9	1	1	5	0	0	135	100	0	0	-395.979797464	395.979797464	1551384538.16	-25	17	-25	17
"5446"	9	1	1	5	0	0	135	100	0	0	-395.979797464	395.979797464	1551384538.19	-35	25	-35	25
"5447"	9	1	1	5	0	0	135	100	0	0	-395.979797464	395.979797464	1551384538.22	-47	35	-47	35
"5448"	9	1	1	5	0	0	135	100	0	0	-395.979797464	395.979797464	1551384538.26	-71	52	-71	52
"5449"	9	1	1	5	0	0	135	100	0	0	-395.979797464	395.979797464	1551384538.29	-85	60	-85	60
"5450"	9	1	1	5	0	0	135	100	0	0	-395.979797464	395.979797464	1551384538.32	-100	71	-100	71
"5451"	9	1	1	5	0	0	135	100	0	0	-395.979797464	395.979797464	1551384538.36	-128	94	-128	94
"5452"	9	1	1	5	0	0	135	100	0	0	-395.979797464	395.979797464	1551384538.39	-148	108	-148	108
"5453"	9	1	1	5	0	0	135	100	0	0	-395.979797464	395.979797464	1551384538.42	-166	118	-166	118
"5454"	9	1	1	5	0	0	135	100	0	0	-395.979797464	395.979797464	1551384538.46	-177	125	-177	125
"5455"	9	1	1	5	0	0	135	100	0	0	-395.979797464	395.979797464	1551384538.49	-194	138	-194	138
"5456"	9	1	1	5	0	0	135	100	0	0	-395.979797464	395.979797464	1551384538.52	-212	153	-212	153
"5457"	9	1	1	5	0	0	135	100	0	0	-395.979797464	395.979797464	1551384538.56	-225	166	-225	166
"5458"	9	1	1	5	0	0	135	100	0	0	-395.979797464	395.979797464	1551384538.59	-238	182	-238	182
"5459"	9	1	1	5	0	0	135	100	0	0	-395.979797464	395.979797464	1551384538.62	-250	198	-250	198
"5460"	9	1	1	5	0	0	135	100	0	0	-395.979797464	395.979797464	1551384538.66	-264	216	-264	216
"5461"	9	1	1	5	0	0	135	100	0	0	-395.979797464	395.979797464	1551384538.69	-276	229	-276	229
"5462"	9	1	1	5	0	0	135	100	0	0	-395.979797464	395.979797464	1551384538.72	-290	244	-290	244
"5463"	9	1	1	5	0	0	135	100	0	0	-395.979797464	395.979797464	1551384538.76	-304	260	-304	260
"5464"	9	1	1	5	0	0	135	100	0	0	-395.979797464	395.979797464	1551384538.79	-314	272	-314	272
"5465"	9	1	1	5	0	0	135	100	0	0	-395.979797464	395.979797464	1551384538.82	-328	285	-328	285
"5466"	9	1	1	5	0	0	135	100	0	0	-395.979797464	395.979797464	1551384538.86	-340	296	-340	296
"5467"	9	1	1	5	0	0	135	100	0	0	-395.979797464	395.979797464	1551384538.89	-349	305	-349	305
"5468"	9	1	1	5	0	0	135	100	0	0	-395.979797464	395.979797464	1551384538.92	-356	315	-356	315
"5469"	9	1	1	5	0	0	135	100	0	0	-395.979797464	395.979797464	1551384538.96	-362	323	-362	323
"5470"	9	1	1	5	0	0	135	100	0	0	-395.979797464	395.979797464	1551384538.99	-369	334	-369	334
"5471"	9	1	1	5	0	0	135	100	0	0	-395.979797464	395.979797464	1551384539.03	-375	342	-375	342
"5472"	9	1	1	5	0	0	135	100	0	0	-395.979797464	395.979797464	1551384539.06	-381	351	-381	351
"5473"	9	1	1	5	0	0	135	100	0	0	-395.979797464	395.979797464	1551384539.09	-387	360	-387	360
"5474"	9	1	1	5	0	0	135	100	0	0	-395.979797464	395.979797464	1551384539.13	-392	365	-392	365
"5475"	9	1	1	5	0	0	135	100	0	0	-395.979797464	395.979797464	1551384539.16	-396	372	-396	372
"5476"	9	1	1	5	0	0	135	100	0	0	-395.979797464	395.979797464	1551384539.19	-399	377	-399	377
"5477"	9	1	1	5	0	0	135	100	0	0	-395.979797464	395.979797464	1551384539.23	-402	382	-402	382
"5478"	9	1	1	5	0	0	135	100	0	0	-395.979797464	395.979797464	1551384539.26	-403	384	-403	384
"5479"	9	1	1	6	0	0	90	100	0	0	3.42901103761e-14	560	1551384540.97	-6	-3	-6	-3
"5480"	9	1	1	6	0	0	90	100	0	0	3.42901103761e-14	560	1551384540.99	-6	-3	-6	-3
"5481"	9	1	1	6	0	0	90	100	0	0	3.42901103761e-14	560	1551384541.03	-6	-3	-6	-3
"5482"	9	1	1	6	0	0	90	100	0	0	3.42901103761e-14	560	1551384541.06	-4	-4	-4	-4
"5483"	9	1	1	6	0	0	90	100	0	0	3.42901103761e-14	560	1551384541.09	-4	-4	-4	-4
"5484"	9	1	1	6	0	0	90	100	0	0	3.42901103761e-14	560	1551384541.13	-4	-4	-4	-4
"5485"	9	1	1	6	0	0	90	100	0	0	3.42901103761e-14	560	1551384541.16	-4	-4	-4	-4
"5486"	9	1	1	6	0	0	90	100	0	0	3.42901103761e-14	560	1551384541.19	-4	-4	-4	-4
"5487"	9	1	1	6	0	0	90	100	0	0	3.42901103761e-14	560	1551384541.23	-4	-4	-4	-4
"5488"	9	1	1	6	0	0	90	100	0	0	3.42901103761e-14	560	1551384541.26	-4	-4	-4	-4
"5489"	9	1	1	6	0	0	90	100	0	0	3.42901103761e-14	560	1551384541.29	-4	-4	-4	-4
"5490"	9	1	1	6	0	0	90	100	0	0	3.42901103761e-14	560	1551384541.33	-5	-4	-5	-4
"5491"	9	1	1	6	0	0	90	100	0	0	3.42901103761e-14	560	1551384541.36	-5	-4	-5	-4
"5492"	9	1	1	6	0	0	90	100	0	0	3.42901103761e-14	560	1551384541.39	-5	-4	-5	-4
"5493"	9	1	1	6	0	0	90	100	0	0	3.42901103761e-14	560	1551384541.43	-6	4	-6	4
"5494"	9	1	1	6	0	0	90	100	0	0	3.42901103761e-14	560	1551384541.46	-7	12	-7	12
"5495"	9	1	1	6	0	0	90	100	0	0	3.42901103761e-14	560	1551384541.49	-10	25	-10	25
"5496"	9	1	1	6	0	0	90	100	0	0	3.42901103761e-14	560	1551384541.53	-13	45	-13	45
"5497"	9	1	1	6	0	0	90	100	0	0	3.42901103761e-14	560	1551384541.56	-15	60	-15	60
"5498"	9	1	1	6	0	0	90	100	0	0	3.42901103761e-14	560	1551384541.59	-17	79	-17	79
"5499"	9	1	1	6	0	0	90	100	0	0	3.42901103761e-14	560	1551384541.63	-19	106	-19	106
"5500"	9	1	1	6	0	0	90	100	0	0	3.42901103761e-14	560	1551384541.66	-21	127	-21	127
"5501"	9	1	1	6	0	0	90	100	0	0	3.42901103761e-14	560	1551384541.69	-23	143	-23	143
"5502"	9	1	1	6	0	0	90	100	0	0	3.42901103761e-14	560	1551384541.73	-22	171	-22	171
"5503"	9	1	1	6	0	0	90	100	0	0	3.42901103761e-14	560	1551384541.76	-21	199	-21	199
"5504"	9	1	1	6	0	0	90	100	0	0	3.42901103761e-14	560	1551384541.79	-21	219	-21	219
"5505"	9	1	1	6	0	0	90	100	0	0	3.42901103761e-14	560	1551384541.83	-21	238	-21	238
"5506"	9	1	1	6	0	0	90	100	0	0	3.42901103761e-14	560	1551384541.86	-18	266	-18	266
"5507"	9	1	1	6	0	0	90	100	0	0	3.42901103761e-14	560	1551384541.89	-17	287	-17	287
"5508"	9	1	1	6	0	0	90	100	0	0	3.42901103761e-14	560	1551384541.93	-14	309	-14	309
"5509"	9	1	1	6	0	0	90	100	0	0	3.42901103761e-14	560	1551384541.96	-11	324	-11	324
"5510"	9	1	1	6	0	0	90	100	0	0	3.42901103761e-14	560	1551384541.99	-11	339	-11	339
"5511"	9	1	1	6	0	0	90	100	0	0	3.42901103761e-14	560	1551384542.03	-11	352	-11	352
"5512"	9	1	1	6	0	0	90	100	0	0	3.42901103761e-14	560	1551384542.06	-10	366	-10	366
"5513"	9	1	1	6	0	0	90	100	0	0	3.42901103761e-14	560	1551384542.09	-10	380	-10	380
"5514"	9	1	1	6	0	0	90	100	0	0	3.42901103761e-14	560	1551384542.13	-9	393	-9	393
"5515"	9	1	1	6	0	0	90	100	0	0	3.42901103761e-14	560	1551384542.16	-7	411	-7	411
"5516"	9	1	1	6	0	0	90	100	0	0	3.42901103761e-14	560	1551384542.19	-7	428	-7	428
"5517"	9	1	1	6	0	0	90	100	0	0	3.42901103761e-14	560	1551384542.23	-6	443	-6	443
"5518"	9	1	1	6	0	0	90	100	0	0	3.42901103761e-14	560	1551384542.26	-5	453	-5	453
"5519"	9	1	1	6	0	0	90	100	0	0	3.42901103761e-14	560	1551384542.29	-4	464	-4	464
"5520"	9	1	1	6	0	0	90	100	0	0	3.42901103761e-14	560	1551384542.33	-3	472	-3	472
"5521"	9	1	1	6	0	0	90	100	0	0	3.42901103761e-14	560	1551384542.36	-2	481	-2	481
"5522"	9	1	1	6	0	0	90	100	0	0	3.42901103761e-14	560	1551384542.39	-2	491	-2	491
"5523"	9	1	1	6	0	0	90	100	0	0	3.42901103761e-14	560	1551384542.43	-3	500	-3	500
"5524"	9	1	1	6	0	0	90	100	0	0	3.42901103761e-14	560	1551384542.46	-4	508	-4	508
"5525"	9	1	1	6	0	0	90	100	0	0	3.42901103761e-14	560	1551384542.49	-5	515	-5	515
"5526"	9	1	1	6	0	0	90	100	0	0	3.42901103761e-14	560	1551384542.53	-6	519	-6	519
"5527"	9	1	1	6	0	0	90	100	0	0	3.42901103761e-14	560	1551384542.56	-6	524	-6	524
"5528"	9	1	1	6	0	0	90	100	0	0	3.42901103761e-14	560	1551384542.59	-6	532	-6	532
"5529"	9	1	1	6	0	0	90	100	0	0	3.42901103761e-14	560	1551384542.63	-7	540	-7	540
"5530"	9	1	1	6	0	0	90	100	0	0	3.42901103761e-14	560	1551384542.66	-8	546	-8	546
"5531"	9	1	1	6	0	0	90	100	0	0	3.42901103761e-14	560	1551384542.69	-8	547	-8	547
"5532"	9	1	1	6	0	0	90	100	0	0	3.42901103761e-14	560	1551384542.73	-8	549	-8	549
"5533"	9	1	1	6	0	0	90	100	0	0	3.42901103761e-14	560	1551384542.76	-7	554	-7	554
"5534"	9	1	1	6	0	0	90	100	0	0	3.42901103761e-14	560	1551384542.79	-7	558	-7	558
"5535"	9	1	1	6	0	0	90	100	0	0	3.42901103761e-14	560	1551384542.83	-5	563	-5	563
"5536"	9	1	1	6	0	0	90	100	0	0	3.42901103761e-14	560	1551384542.86	-4	567	-4	567
"5537"	9	1	1	7	0	0	135	100	0	0	-395.979797464	395.979797464	1551384544.41	-5	-3	-5	-3
"5538"	9	1	1	7	0	0	135	100	0	0	-395.979797464	395.979797464	1551384544.43	-5	-3	-5	-3
"5539"	9	1	1	7	0	0	135	100	0	0	-395.979797464	395.979797464	1551384544.46	-5	-7	-5	-7
"5540"	9	1	1	7	0	0	135	100	0	0	-395.979797464	395.979797464	1551384544.5	-4	-8	-4	-8
"5541"	9	1	1	7	0	0	135	100	0	0	-395.979797464	395.979797464	1551384544.53	-4	-10	-4	-10
"5542"	9	1	1	7	0	0	135	100	0	0	-395.979797464	395.979797464	1551384544.56	-4	-12	-4	-12
"5543"	9	1	1	7	0	0	135	100	0	0	-395.979797464	395.979797464	1551384544.6	-4	-12	-4	-12
"5544"	9	1	1	7	0	0	135	100	0	0	-395.979797464	395.979797464	1551384544.63	-4	-12	-4	-12
"5545"	9	1	1	7	0	0	135	100	0	0	-395.979797464	395.979797464	1551384544.66	-4	-12	-4	-12
"5546"	9	1	1	7	0	0	135	100	0	0	-395.979797464	395.979797464	1551384544.7	-4	-12	-4	-12
"5547"	9	1	1	7	0	0	135	100	0	0	-395.979797464	395.979797464	1551384544.73	-3	-12	-3	-12
"5548"	9	1	1	7	0	0	135	100	0	0	-395.979797464	395.979797464	1551384544.76	-3	-12	-3	-12
"5549"	9	1	1	7	0	0	135	100	0	0	-395.979797464	395.979797464	1551384544.8	-3	-12	-3	-12
"5550"	9	1	1	7	0	0	135	100	0	0	-395.979797464	395.979797464	1551384544.83	-3	-12	-3	-12
"5551"	9	1	1	7	0	0	135	100	0	0	-395.979797464	395.979797464	1551384544.86	-4	-12	-4	-12
"5552"	9	1	1	7	0	0	135	100	0	0	-395.979797464	395.979797464	1551384544.9	-4	-12	-4	-12
"5553"	9	1	1	7	0	0	135	100	0	0	-395.979797464	395.979797464	1551384544.93	-4	-12	-4	-12
"5554"	9	1	1	7	0	0	135	100	0	0	-395.979797464	395.979797464	1551384544.96	-4	-11	-4	-11
"5555"	9	1	1	7	0	0	135	100	0	0	-395.979797464	395.979797464	1551384545	-6	-10	-6	-10
"5556"	9	1	1	7	0	0	135	100	0	0	-395.979797464	395.979797464	1551384545.03	-9	-8	-9	-8
"5557"	9	1	1	7	0	0	135	100	0	0	-395.979797464	395.979797464	1551384545.06	-13	-4	-13	-4
"5558"	9	1	1	7	0	0	135	100	0	0	-395.979797464	395.979797464	1551384545.1	-19	5	-19	5
"5559"	9	1	1	7	0	0	135	100	0	0	-395.979797464	395.979797464	1551384545.13	-28	16	-28	16
"5560"	9	1	1	7	0	0	135	100	0	0	-395.979797464	395.979797464	1551384545.16	-48	36	-48	36
"5561"	9	1	1	7	0	0	135	100	0	0	-395.979797464	395.979797464	1551384545.2	-74	58	-74	58
"5562"	9	1	1	7	0	0	135	100	0	0	-395.979797464	395.979797464	1551384545.23	-96	80	-96	80
"5563"	9	1	1	7	0	0	135	100	0	0	-395.979797464	395.979797464	1551384545.26	-120	101	-120	101
"5564"	9	1	1	7	0	0	135	100	0	0	-395.979797464	395.979797464	1551384545.3	-140	118	-140	118
"5565"	9	1	1	7	0	0	135	100	0	0	-395.979797464	395.979797464	1551384545.33	-168	144	-168	144
"5566"	9	1	1	7	0	0	135	100	0	0	-395.979797464	395.979797464	1551384545.36	-187	164	-187	164
"5567"	9	1	1	7	0	0	135	100	0	0	-395.979797464	395.979797464	1551384545.4	-211	182	-211	182
"5568"	9	1	1	7	0	0	135	100	0	0	-395.979797464	395.979797464	1551384545.43	-227	194	-227	194
"5569"	9	1	1	7	0	0	135	100	0	0	-395.979797464	395.979797464	1551384545.46	-244	209	-244	209
"5570"	9	1	1	7	0	0	135	100	0	0	-395.979797464	395.979797464	1551384545.5	-262	223	-262	223
"5571"	9	1	1	7	0	0	135	100	0	0	-395.979797464	395.979797464	1551384545.53	-278	237	-278	237
"5572"	9	1	1	7	0	0	135	100	0	0	-395.979797464	395.979797464	1551384545.56	-292	251	-292	251
"5573"	9	1	1	7	0	0	135	100	0	0	-395.979797464	395.979797464	1551384545.6	-308	269	-308	269
"5574"	9	1	1	7	0	0	135	100	0	0	-395.979797464	395.979797464	1551384545.63	-322	282	-322	282
"5575"	9	1	1	7	0	0	135	100	0	0	-395.979797464	395.979797464	1551384545.66	-333	294	-333	294
"5576"	9	1	1	7	0	0	135	100	0	0	-395.979797464	395.979797464	1551384545.7	-342	305	-342	305
"5577"	9	1	1	7	0	0	135	100	0	0	-395.979797464	395.979797464	1551384545.73	-351	314	-351	314
"5578"	9	1	1	7	0	0	135	100	0	0	-395.979797464	395.979797464	1551384545.76	-359	324	-359	324
"5579"	9	1	1	7	0	0	135	100	0	0	-395.979797464	395.979797464	1551384545.8	-364	332	-364	332
"5580"	9	1	1	7	0	0	135	100	0	0	-395.979797464	395.979797464	1551384545.83	-369	340	-369	340
"5581"	9	1	1	7	0	0	135	100	0	0	-395.979797464	395.979797464	1551384545.86	-375	351	-375	351
"5582"	9	1	1	7	0	0	135	100	0	0	-395.979797464	395.979797464	1551384545.9	-379	360	-379	360
"5583"	9	1	1	7	0	0	135	100	0	0	-395.979797464	395.979797464	1551384545.93	-382	365	-382	365
"5584"	9	1	1	7	0	0	135	100	0	0	-395.979797464	395.979797464	1551384545.96	-384	369	-384	369
"5585"	9	1	1	7	0	0	135	100	0	0	-395.979797464	395.979797464	1551384546	-386	374	-386	374
"5586"	9	1	1	7	0	0	135	100	0	0	-395.979797464	395.979797464	1551384546.03	-387	377	-387	377
"5587"	9	1	1	7	0	0	135	100	0	0	-395.979797464	395.979797464	1551384546.06	-388	382	-388	382
"5588"	9	1	1	7	0	0	135	100	0	0	-395.979797464	395.979797464	1551384546.1	-388	386	-388	386
"5589"	9	1	1	7	0	0	135	100	0	0	-395.979797464	395.979797464	1551384546.13	-389	388	-389	388
"5590"	9	1	1	8	0	0	90	100	0	0	3.42901103761e-14	560	1551384547.61	8	5	8	5
"5591"	9	1	1	8	0	0	90	100	0	0	3.42901103761e-14	560	1551384547.63	8	4	8	4
"5592"	9	1	1	8	0	0	90	100	0	0	3.42901103761e-14	560	1551384547.66	8	4	8	4
"5593"	9	1	1	8	0	0	90	100	0	0	3.42901103761e-14	560	1551384547.7	8	4	8	4
"5594"	9	1	1	8	0	0	90	100	0	0	3.42901103761e-14	560	1551384547.73	8	3	8	3
"5595"	9	1	1	8	0	0	90	100	0	0	3.42901103761e-14	560	1551384547.76	8	2	8	2
"5596"	9	1	1	8	0	0	90	100	0	0	3.42901103761e-14	560	1551384547.8	8	2	8	2
"5597"	9	1	1	8	0	0	90	100	0	0	3.42901103761e-14	560	1551384547.83	7	0	7	0
"5598"	9	1	1	8	0	0	90	100	0	0	3.42901103761e-14	560	1551384547.87	5	-2	5	-2
"5599"	9	1	1	8	0	0	90	100	0	0	3.42901103761e-14	560	1551384547.9	5	-2	5	-2
"5600"	9	1	1	8	0	0	90	100	0	0	3.42901103761e-14	560	1551384547.93	5	-2	5	-2
"5601"	9	1	1	8	0	0	90	100	0	0	3.42901103761e-14	560	1551384547.97	5	-2	5	-2
"5602"	9	1	1	8	0	0	90	100	0	0	3.42901103761e-14	560	1551384548	5	-1	5	-1
"5603"	9	1	1	8	0	0	90	100	0	0	3.42901103761e-14	560	1551384548.03	5	-1	5	-1
"5604"	9	1	1	8	0	0	90	100	0	0	3.42901103761e-14	560	1551384548.07	4	6	4	6
"5605"	9	1	1	8	0	0	90	100	0	0	3.42901103761e-14	560	1551384548.1	3	10	3	10
"5606"	9	1	1	8	0	0	90	100	0	0	3.42901103761e-14	560	1551384548.13	2	11	2	11
"5607"	9	1	1	8	0	0	90	100	0	0	3.42901103761e-14	560	1551384548.17	3	12	3	12
"5608"	9	1	1	8	0	0	90	100	0	0	3.42901103761e-14	560	1551384548.2	2	15	2	15
"5609"	9	1	1	8	0	0	90	100	0	0	3.42901103761e-14	560	1551384548.23	1	17	1	17
"5610"	9	1	1	8	0	0	90	100	0	0	3.42901103761e-14	560	1551384548.27	0	22	0	22
"5611"	9	1	1	8	0	0	90	100	0	0	3.42901103761e-14	560	1551384548.3	-2	26	-2	26
"5612"	9	1	1	8	0	0	90	100	0	0	3.42901103761e-14	560	1551384548.33	-3	33	-3	33
"5613"	9	1	1	8	0	0	90	100	0	0	3.42901103761e-14	560	1551384548.37	-3	44	-3	44
"5614"	9	1	1	8	0	0	90	100	0	0	3.42901103761e-14	560	1551384548.4	-4	59	-4	59
"5615"	9	1	1	8	0	0	90	100	0	0	3.42901103761e-14	560	1551384548.43	-6	72	-6	72
"5616"	9	1	1	8	0	0	90	100	0	0	3.42901103761e-14	560	1551384548.47	-10	93	-10	93
"5617"	9	1	1	8	0	0	90	100	0	0	3.42901103761e-14	560	1551384548.5	-17	121	-17	121
"5618"	9	1	1	8	0	0	90	100	0	0	3.42901103761e-14	560	1551384548.53	-23	147	-23	147
"5619"	9	1	1	8	0	0	90	100	0	0	3.42901103761e-14	560	1551384548.57	-26	168	-26	168
"5620"	9	1	1	8	0	0	90	100	0	0	3.42901103761e-14	560	1551384548.6	-28	196	-28	196
"5621"	9	1	1	8	0	0	90	100	0	0	3.42901103761e-14	560	1551384548.63	-30	221	-30	221
"5622"	9	1	1	8	0	0	90	100	0	0	3.42901103761e-14	560	1551384548.67	-33	247	-33	247
"5623"	9	1	1	8	0	0	90	100	0	0	3.42901103761e-14	560	1551384548.7	-34	264	-34	264
"5624"	9	1	1	8	0	0	90	100	0	0	3.42901103761e-14	560	1551384548.73	-31	282	-31	282
"5625"	9	1	1	8	0	0	90	100	0	0	3.42901103761e-14	560	1551384548.77	-29	295	-29	295
"5626"	9	1	1	8	0	0	90	100	0	0	3.42901103761e-14	560	1551384548.8	-25	306	-25	306
"5627"	9	1	1	8	0	0	90	100	0	0	3.42901103761e-14	560	1551384548.83	-17	322	-17	322
"5628"	9	1	1	8	0	0	90	100	0	0	3.42901103761e-14	560	1551384548.87	-13	333	-13	333
"5629"	9	1	1	8	0	0	90	100	0	0	3.42901103761e-14	560	1551384548.9	-11	345	-11	345
"5630"	9	1	1	8	0	0	90	100	0	0	3.42901103761e-14	560	1551384548.93	-7	360	-7	360
"5631"	9	1	1	8	0	0	90	100	0	0	3.42901103761e-14	560	1551384548.97	0	376	0	376
"5632"	9	1	1	8	0	0	90	100	0	0	3.42901103761e-14	560	1551384549	2	388	2	388
"5633"	9	1	1	8	0	0	90	100	0	0	3.42901103761e-14	560	1551384549.03	4	405	4	405
"5634"	9	1	1	8	0	0	90	100	0	0	3.42901103761e-14	560	1551384549.07	5	422	5	422
"5635"	9	1	1	8	0	0	90	100	0	0	3.42901103761e-14	560	1551384549.1	5	438	5	438
"5636"	9	1	1	8	0	0	90	100	0	0	3.42901103761e-14	560	1551384549.13	4	452	4	452
"5637"	9	1	1	8	0	0	90	100	0	0	3.42901103761e-14	560	1551384549.17	5	467	5	467
"5638"	9	1	1	8	0	0	90	100	0	0	3.42901103761e-14	560	1551384549.2	6	478	6	478
"5639"	9	1	1	8	0	0	90	100	0	0	3.42901103761e-14	560	1551384549.23	6	488	6	488
"5640"	9	1	1	8	0	0	90	100	0	0	3.42901103761e-14	560	1551384549.27	5	503	5	503
"5641"	9	1	1	8	0	0	90	100	0	0	3.42901103761e-14	560	1551384549.3	3	516	3	516
"5642"	9	1	1	8	0	0	90	100	0	0	3.42901103761e-14	560	1551384549.33	2	525	2	525
"5643"	9	1	1	8	0	0	90	100	0	0	3.42901103761e-14	560	1551384549.37	2	534	2	534
"5644"	9	1	1	8	0	0	90	100	0	0	3.42901103761e-14	560	1551384549.4	3	543	3	543
"5645"	9	1	1	8	0	0	90	100	0	0	3.42901103761e-14	560	1551384549.43	4	551	4	551
"5646"	9	1	1	8	0	0	90	100	0	0	3.42901103761e-14	560	1551384549.47	5	557	5	557
"5647"	9	1	1	8	0	0	90	100	0	0	3.42901103761e-14	560	1551384549.5	3	564	3	564
"5648"	9	1	1	8	0	0	90	100	0	0	3.42901103761e-14	560	1551384549.53	1	570	1	570
"5649"	9	1	1	8	0	0	90	100	0	0	3.42901103761e-14	560	1551384549.57	0	575	0	575
"5650"	9	1	1	8	0	0	90	100	0	0	3.42901103761e-14	560	1551384549.6	0	575	0	575
"5651"	9	1	1	8	0	0	90	100	0	0	3.42901103761e-14	560	1551384549.63	0	575	0	575
"5652"	9	1	1	8	0	0	90	100	0	0	3.42901103761e-14	560	1551384549.67	0	575	0	575
"5653"	9	1	1	8	0	0	90	100	0	0	3.42901103761e-14	560	1551384549.7	0	575	0	575
"5654"	9	1	1	8	0	0	90	100	0	0	3.42901103761e-14	560	1551384549.73	0	575	0	575
"5655"	9	1	1	8	0	0	90	100	0	0	3.42901103761e-14	560	1551384549.77	0	575	0	575
"5656"	9	1	1	8	0	0	90	100	0	0	3.42901103761e-14	560	1551384549.8	0	575	0	575
"5657"	9	1	1	8	0	0	90	100	0	0	3.42901103761e-14	560	1551384549.83	0	575	0	575
"5658"	9	1	1	8	0	0	90	100	0	0	3.42901103761e-14	560	1551384549.87	0	575	0	575
"5659"	9	1	1	8	0	0	90	100	0	0	3.42901103761e-14	560	1551384549.9	0	574	0	574
"5660"	9	1	1	9	0	0	45	100	0	0	395.979797464	395.979797464	1551384551.52	5	-4	5	-4
"5661"	9	1	1	9	0	0	45	100	0	0	395.979797464	395.979797464	1551384551.55	5	-4	5	-4
"5662"	9	1	1	9	0	0	45	100	0	0	395.979797464	395.979797464	1551384551.58	5	-4	5	-4
"5663"	9	1	1	9	0	0	45	100	0	0	395.979797464	395.979797464	1551384551.62	5	-4	5	-4
"5664"	9	1	1	9	0	0	45	100	0	0	395.979797464	395.979797464	1551384551.65	5	-4	5	-4
"5665"	9	1	1	9	0	0	45	100	0	0	395.979797464	395.979797464	1551384551.68	5	-4	5	-4
"5666"	9	1	1	9	0	0	45	100	0	0	395.979797464	395.979797464	1551384551.72	4	-5	4	-5
"5667"	9	1	1	9	0	0	45	100	0	0	395.979797464	395.979797464	1551384551.75	4	-5	4	-5
"5668"	9	1	1	9	0	0	45	100	0	0	395.979797464	395.979797464	1551384551.78	4	-5	4	-5
"5669"	9	1	1	9	0	0	45	100	0	0	395.979797464	395.979797464	1551384551.82	4	-5	4	-5
"5670"	9	1	1	9	0	0	45	100	0	0	395.979797464	395.979797464	1551384551.85	4	-5	4	-5
"5671"	9	1	1	9	0	0	45	100	0	0	395.979797464	395.979797464	1551384551.89	5	-5	5	-5
"5672"	9	1	1	9	0	0	45	100	0	0	395.979797464	395.979797464	1551384551.92	9	-2	9	-2
"5673"	9	1	1	9	0	0	45	100	0	0	395.979797464	395.979797464	1551384551.95	18	6	18	6
"5674"	9	1	1	9	0	0	45	100	0	0	395.979797464	395.979797464	1551384551.99	28	13	28	13
"5675"	9	1	1	9	0	0	45	100	0	0	395.979797464	395.979797464	1551384552.02	35	20	35	20
"5676"	9	1	1	9	0	0	45	100	0	0	395.979797464	395.979797464	1551384552.05	41	25	41	25
"5677"	9	1	1	9	0	0	45	100	0	0	395.979797464	395.979797464	1551384552.09	49	30	49	30
"5678"	9	1	1	9	0	0	45	100	0	0	395.979797464	395.979797464	1551384552.12	56	37	56	37
"5679"	9	1	1	9	0	0	45	100	0	0	395.979797464	395.979797464	1551384552.15	64	45	64	45
"5680"	9	1	1	9	0	0	45	100	0	0	395.979797464	395.979797464	1551384552.19	76	55	76	55
"5681"	9	1	1	9	0	0	45	100	0	0	395.979797464	395.979797464	1551384552.22	90	65	90	65
"5682"	9	1	1	9	0	0	45	100	0	0	395.979797464	395.979797464	1551384552.25	106	78	106	78
"5683"	9	1	1	9	0	0	45	100	0	0	395.979797464	395.979797464	1551384552.29	121	91	121	91
"5684"	9	1	1	9	0	0	45	100	0	0	395.979797464	395.979797464	1551384552.32	139	106	139	106
"5685"	9	1	1	9	0	0	45	100	0	0	395.979797464	395.979797464	1551384552.35	163	132	163	132
"5686"	9	1	1	9	0	0	45	100	0	0	395.979797464	395.979797464	1551384552.39	177	146	177	146
"5687"	9	1	1	9	0	0	45	100	0	0	395.979797464	395.979797464	1551384552.42	199	166	199	166
"5688"	9	1	1	9	0	0	45	100	0	0	395.979797464	395.979797464	1551384552.45	221	188	221	188
"5689"	9	1	1	9	0	0	45	100	0	0	395.979797464	395.979797464	1551384552.49	237	210	237	210
"5690"	9	1	1	9	0	0	45	100	0	0	395.979797464	395.979797464	1551384552.52	250	222	250	222
"5691"	9	1	1	9	0	0	45	100	0	0	395.979797464	395.979797464	1551384552.55	268	235	268	235
"5692"	9	1	1	9	0	0	45	100	0	0	395.979797464	395.979797464	1551384552.59	285	251	285	251
"5693"	9	1	1	9	0	0	45	100	0	0	395.979797464	395.979797464	1551384552.62	299	265	299	265
"5694"	9	1	1	9	0	0	45	100	0	0	395.979797464	395.979797464	1551384552.65	313	274	313	274
"5695"	9	1	1	9	0	0	45	100	0	0	395.979797464	395.979797464	1551384552.69	329	289	329	289
"5696"	9	1	1	9	0	0	45	100	0	0	395.979797464	395.979797464	1551384552.72	345	307	345	307
"5697"	9	1	1	9	0	0	45	100	0	0	395.979797464	395.979797464	1551384552.75	361	320	361	320
"5698"	9	1	1	9	0	0	45	100	0	0	395.979797464	395.979797464	1551384552.79	379	333	379	333
"5699"	9	1	1	9	0	0	45	100	0	0	395.979797464	395.979797464	1551384552.82	395	348	395	348
"5700"	9	1	1	9	0	0	45	100	0	0	395.979797464	395.979797464	1551384552.85	406	358	406	358
"5701"	9	1	1	9	0	0	45	100	0	0	395.979797464	395.979797464	1551384552.89	417	368	417	368
"5702"	9	1	1	9	0	0	45	100	0	0	395.979797464	395.979797464	1551384552.92	426	379	426	379
"5703"	9	1	1	9	0	0	45	100	0	0	395.979797464	395.979797464	1551384552.95	430	387	430	387
"5704"	9	1	1	9	0	0	45	100	0	0	395.979797464	395.979797464	1551384552.99	431	391	431	391
"5705"	9	1	1	9	0	0	45	100	0	0	395.979797464	395.979797464	1551384553.02	433	396	433	396
"5706"	9	1	1	9	0	0	45	100	0	0	395.979797464	395.979797464	1551384553.05	433	399	433	399
"5707"	9	1	1	9	0	0	45	100	0	0	395.979797464	395.979797464	1551384553.09	432	400	432	400
"5708"	9	1	1	9	0	0	45	100	0	0	395.979797464	395.979797464	1551384553.12	433	401	433	401
"5709"	9	1	1	9	0	0	45	100	0	0	395.979797464	395.979797464	1551384553.15	433	403	433	403
"5710"	9	1	1	9	0	0	45	100	0	0	395.979797464	395.979797464	1551384553.19	432	404	432	404
"5711"	9	1	1	9	0	0	45	100	0	0	395.979797464	395.979797464	1551384553.22	429	404	429	404
"5712"	9	1	1	9	0	0	45	100	0	0	395.979797464	395.979797464	1551384553.25	424	403	424	403
"5713"	9	1	1	9	0	0	45	100	0	0	395.979797464	395.979797464	1551384553.29	419	402	419	402
"5714"	9	1	1	9	0	0	45	100	0	0	395.979797464	395.979797464	1551384553.32	414	399	414	399
"5715"	9	1	1	9	0	0	45	100	0	0	395.979797464	395.979797464	1551384553.35	411	397	411	397
"5716"	9	1	1	9	0	0	45	100	0	0	395.979797464	395.979797464	1551384553.39	408	395	408	395
"5717"	9	1	1	9	0	0	45	100	0	0	395.979797464	395.979797464	1551384553.42	405	394	405	394
"5718"	9	1	1	9	0	0	45	100	0	0	395.979797464	395.979797464	1551384553.45	403	394	403	394
"5719"	9	1	1	9	0	0	45	100	0	0	395.979797464	395.979797464	1551384553.49	401	394	401	394
"5720"	9	1	1	10	0	0	90	100	0	0	3.42901103761e-14	560	1551384555.03	-5	-4	-5	-4
"5721"	9	1	1	10	0	0	90	100	0	0	3.42901103761e-14	560	1551384555.05	-5	-4	-5	-4
"5722"	9	1	1	10	0	0	90	100	0	0	3.42901103761e-14	560	1551384555.09	-5	-4	-5	-4
"5723"	9	1	1	10	0	0	90	100	0	0	3.42901103761e-14	560	1551384555.12	-5	-4	-5	-4
"5724"	9	1	1	10	0	0	90	100	0	0	3.42901103761e-14	560	1551384555.15	-5	-4	-5	-4
"5725"	9	1	1	10	0	0	90	100	0	0	3.42901103761e-14	560	1551384555.19	-5	-4	-5	-4
"5726"	9	1	1	10	0	0	90	100	0	0	3.42901103761e-14	560	1551384555.22	-5	-4	-5	-4
"5727"	9	1	1	10	0	0	90	100	0	0	3.42901103761e-14	560	1551384555.25	-5	-4	-5	-4
"5728"	9	1	1	10	0	0	90	100	0	0	3.42901103761e-14	560	1551384555.29	-5	-4	-5	-4
"5729"	9	1	1	10	0	0	90	100	0	0	3.42901103761e-14	560	1551384555.32	-5	-4	-5	-4
"5730"	9	1	1	10	0	0	90	100	0	0	3.42901103761e-14	560	1551384555.35	-5	-4	-5	-4
"5731"	9	1	1	10	0	0	90	100	0	0	3.42901103761e-14	560	1551384555.39	-5	-4	-5	-4
"5732"	9	1	1	10	0	0	90	100	0	0	3.42901103761e-14	560	1551384555.42	-6	0	-6	0
"5733"	9	1	1	10	0	0	90	100	0	0	3.42901103761e-14	560	1551384555.45	-7	7	-7	7
"5734"	9	1	1	10	0	0	90	100	0	0	3.42901103761e-14	560	1551384555.49	-8	17	-8	17
"5735"	9	1	1	10	0	0	90	100	0	0	3.42901103761e-14	560	1551384555.52	-7	26	-7	26
"5736"	9	1	1	10	0	0	90	100	0	0	3.42901103761e-14	560	1551384555.55	-4	39	-4	39
"5737"	9	1	1	10	0	0	90	100	0	0	3.42901103761e-14	560	1551384555.59	-2	57	-2	57
"5738"	9	1	1	10	0	0	90	100	0	0	3.42901103761e-14	560	1551384555.62	-2	71	-2	71
"5739"	9	1	1	10	0	0	90	100	0	0	3.42901103761e-14	560	1551384555.65	-1	95	-1	95
"5740"	9	1	1	10	0	0	90	100	0	0	3.42901103761e-14	560	1551384555.69	1	115	1	115
"5741"	9	1	1	10	0	0	90	100	0	0	3.42901103761e-14	560	1551384555.72	4	129	4	129
"5742"	9	1	1	10	0	0	90	100	0	0	3.42901103761e-14	560	1551384555.75	6	144	6	144
"5743"	9	1	1	10	0	0	90	100	0	0	3.42901103761e-14	560	1551384555.79	8	158	8	158
"5744"	9	1	1	10	0	0	90	100	0	0	3.42901103761e-14	560	1551384555.82	9	171	9	171
"5745"	9	1	1	10	0	0	90	100	0	0	3.42901103761e-14	560	1551384555.85	9	184	9	184
"5746"	9	1	1	10	0	0	90	100	0	0	3.42901103761e-14	560	1551384555.89	10	200	10	200
"5747"	9	1	1	10	0	0	90	100	0	0	3.42901103761e-14	560	1551384555.92	9	214	9	214
"5748"	9	1	1	10	0	0	90	100	0	0	3.42901103761e-14	560	1551384555.95	7	224	7	224
"5749"	9	1	1	10	0	0	90	100	0	0	3.42901103761e-14	560	1551384555.99	5	239	5	239
"5750"	9	1	1	10	0	0	90	100	0	0	3.42901103761e-14	560	1551384556.02	5	255	5	255
"5751"	9	1	1	10	0	0	90	100	0	0	3.42901103761e-14	560	1551384556.05	4	268	4	268
"5752"	9	1	1	10	0	0	90	100	0	0	3.42901103761e-14	560	1551384556.09	5	290	5	290
"5753"	9	1	1	10	0	0	90	100	0	0	3.42901103761e-14	560	1551384556.12	5	306	5	306
"5754"	9	1	1	10	0	0	90	100	0	0	3.42901103761e-14	560	1551384556.15	5	329	5	329
"5755"	9	1	1	10	0	0	90	100	0	0	3.42901103761e-14	560	1551384556.19	6	342	6	342
"5756"	9	1	1	10	0	0	90	100	0	0	3.42901103761e-14	560	1551384556.22	8	359	8	359
"5757"	9	1	1	10	0	0	90	100	0	0	3.42901103761e-14	560	1551384556.26	9	378	9	378
"5758"	9	1	1	10	0	0	90	100	0	0	3.42901103761e-14	560	1551384556.29	10	396	10	396
"5759"	9	1	1	10	0	0	90	100	0	0	3.42901103761e-14	560	1551384556.32	11	409	11	409
"5760"	9	1	1	10	0	0	90	100	0	0	3.42901103761e-14	560	1551384556.36	12	423	12	423
"5761"	9	1	1	10	0	0	90	100	0	0	3.42901103761e-14	560	1551384556.39	13	440	13	440
"5762"	9	1	1	10	0	0	90	100	0	0	3.42901103761e-14	560	1551384556.42	13	455	13	455
"5763"	9	1	1	10	0	0	90	100	0	0	3.42901103761e-14	560	1551384556.46	12	469	12	469
"5764"	9	1	1	10	0	0	90	100	0	0	3.42901103761e-14	560	1551384556.49	11	486	11	486
"5765"	9	1	1	10	0	0	90	100	0	0	3.42901103761e-14	560	1551384556.52	9	497	9	497
"5766"	9	1	1	10	0	0	90	100	0	0	3.42901103761e-14	560	1551384556.56	7	507	7	507
"5767"	9	1	1	10	0	0	90	100	0	0	3.42901103761e-14	560	1551384556.59	6	517	6	517
"5768"	9	1	1	10	0	0	90	100	0	0	3.42901103761e-14	560	1551384556.62	5	524	5	524
"5769"	9	1	1	10	0	0	90	100	0	0	3.42901103761e-14	560	1551384556.66	3	531	3	531
"5770"	9	1	1	10	0	0	90	100	0	0	3.42901103761e-14	560	1551384556.69	0	538	0	538
"5771"	9	1	1	10	0	0	90	100	0	0	3.42901103761e-14	560	1551384556.72	-1	543	-1	543
"5772"	9	1	1	10	0	0	90	100	0	0	3.42901103761e-14	560	1551384556.76	-1	547	-1	547
"5773"	9	1	1	10	0	0	90	100	0	0	3.42901103761e-14	560	1551384556.79	-1	552	-1	552
"5774"	9	1	1	10	0	0	90	100	0	0	3.42901103761e-14	560	1551384556.82	-1	555	-1	555
"5775"	9	1	1	10	0	0	90	100	0	0	3.42901103761e-14	560	1551384556.86	-1	557	-1	557
"5776"	9	1	1	11	0	0	45	100	0	0	395.979797464	395.979797464	1551384558.5	8	-11	8	-11
"5777"	9	1	1	11	0	0	45	100	0	0	395.979797464	395.979797464	1551384558.52	8	-11	8	-11
"5778"	9	1	1	11	0	0	45	100	0	0	395.979797464	395.979797464	1551384558.56	8	-11	8	-11
"5779"	9	1	1	11	0	0	45	100	0	0	395.979797464	395.979797464	1551384558.59	8	-11	8	-11
"5780"	9	1	1	11	0	0	45	100	0	0	395.979797464	395.979797464	1551384558.62	8	-11	8	-11
"5781"	9	1	1	11	0	0	45	100	0	0	395.979797464	395.979797464	1551384558.66	8	-11	8	-11
"5782"	9	1	1	11	0	0	45	100	0	0	395.979797464	395.979797464	1551384558.69	6	-8	6	-8
"5783"	9	1	1	11	0	0	45	100	0	0	395.979797464	395.979797464	1551384558.72	4	-6	4	-6
"5784"	9	1	1	11	0	0	45	100	0	0	395.979797464	395.979797464	1551384558.76	3	-4	3	-4
"5785"	9	1	1	11	0	0	45	100	0	0	395.979797464	395.979797464	1551384558.79	3	-4	3	-4
"5786"	9	1	1	11	0	0	45	100	0	0	395.979797464	395.979797464	1551384558.82	3	-4	3	-4
"5787"	9	1	1	11	0	0	45	100	0	0	395.979797464	395.979797464	1551384558.86	3	-4	3	-4
"5788"	9	1	1	11	0	0	45	100	0	0	395.979797464	395.979797464	1551384558.89	3	-4	3	-4
"5789"	9	1	1	11	0	0	45	100	0	0	395.979797464	395.979797464	1551384558.92	3	-3	3	-3
"5790"	9	1	1	11	0	0	45	100	0	0	395.979797464	395.979797464	1551384558.96	7	1	7	1
"5791"	9	1	1	11	0	0	45	100	0	0	395.979797464	395.979797464	1551384558.99	16	12	16	12
"5792"	9	1	1	11	0	0	45	100	0	0	395.979797464	395.979797464	1551384559.02	28	24	28	24
"5793"	9	1	1	11	0	0	45	100	0	0	395.979797464	395.979797464	1551384559.06	45	42	45	42
"5794"	9	1	1	11	0	0	45	100	0	0	395.979797464	395.979797464	1551384559.09	68	65	68	65
"5795"	9	1	1	11	0	0	45	100	0	0	395.979797464	395.979797464	1551384559.12	87	83	87	83
"5796"	9	1	1	11	0	0	45	100	0	0	395.979797464	395.979797464	1551384559.16	108	103	108	103
"5797"	9	1	1	11	0	0	45	100	0	0	395.979797464	395.979797464	1551384559.19	131	125	131	125
"5798"	9	1	1	11	0	0	45	100	0	0	395.979797464	395.979797464	1551384559.22	153	150	153	150
"5799"	9	1	1	11	0	0	45	100	0	0	395.979797464	395.979797464	1551384559.26	174	174	174	174
"5800"	9	1	1	11	0	0	45	100	0	0	395.979797464	395.979797464	1551384559.29	189	194	189	194
"5801"	9	1	1	11	0	0	45	100	0	0	395.979797464	395.979797464	1551384559.32	208	220	208	220
"5802"	9	1	1	11	0	0	45	100	0	0	395.979797464	395.979797464	1551384559.36	219	231	219	231
"5803"	9	1	1	11	0	0	45	100	0	0	395.979797464	395.979797464	1551384559.39	234	243	234	243
"5804"	9	1	1	11	0	0	45	100	0	0	395.979797464	395.979797464	1551384559.42	249	256	249	256
"5805"	9	1	1	11	0	0	45	100	0	0	395.979797464	395.979797464	1551384559.46	264	268	264	268
"5806"	9	1	1	11	0	0	45	100	0	0	395.979797464	395.979797464	1551384559.49	276	278	276	278
"5807"	9	1	1	11	0	0	45	100	0	0	395.979797464	395.979797464	1551384559.52	285	287	285	287
"5808"	9	1	1	11	0	0	45	100	0	0	395.979797464	395.979797464	1551384559.56	297	301	297	301
"5809"	9	1	1	11	0	0	45	100	0	0	395.979797464	395.979797464	1551384559.59	309	313	309	313
"5810"	9	1	1	11	0	0	45	100	0	0	395.979797464	395.979797464	1551384559.62	318	322	318	322
"5811"	9	1	1	11	0	0	45	100	0	0	395.979797464	395.979797464	1551384559.66	328	333	328	333
"5812"	9	1	1	11	0	0	45	100	0	0	395.979797464	395.979797464	1551384559.69	336	342	336	342
"5813"	9	1	1	11	0	0	45	100	0	0	395.979797464	395.979797464	1551384559.72	346	352	346	352
"5814"	9	1	1	11	0	0	45	100	0	0	395.979797464	395.979797464	1551384559.76	354	363	354	363
"5815"	9	1	1	11	0	0	45	100	0	0	395.979797464	395.979797464	1551384559.79	359	371	359	371
"5816"	9	1	1	11	0	0	45	100	0	0	395.979797464	395.979797464	1551384559.82	362	376	362	376
"5817"	9	1	1	11	0	0	45	100	0	0	395.979797464	395.979797464	1551384559.86	367	380	367	380
"5818"	9	1	1	11	0	0	45	100	0	0	395.979797464	395.979797464	1551384559.89	371	384	371	384
"5819"	9	1	1	11	0	0	45	100	0	0	395.979797464	395.979797464	1551384559.92	376	388	376	388
"5820"	9	1	1	11	0	0	45	100	0	0	395.979797464	395.979797464	1551384559.96	381	394	381	394
"5821"	9	1	1	11	0	0	45	100	0	0	395.979797464	395.979797464	1551384559.99	386	397	386	397
"5822"	9	1	1	11	0	0	45	100	0	0	395.979797464	395.979797464	1551384560.02	389	400	389	400
"5823"	9	1	1	11	0	0	45	100	0	0	395.979797464	395.979797464	1551384560.06	393	402	393	402
"5824"	9	1	1	11	0	0	45	100	0	0	395.979797464	395.979797464	1551384560.09	396	403	396	403
"5825"	9	1	1	11	0	0	45	100	0	0	395.979797464	395.979797464	1551384560.12	397	404	397	404
"5826"	9	1	1	11	0	0	45	100	0	0	395.979797464	395.979797464	1551384560.16	398	405	398	405
"5827"	9	1	1	12	0	0	135	100	0	0	-395.979797464	395.979797464	1551384561.81	-6	-8	-6	-8
"5828"	9	1	1	12	0	0	135	100	0	0	-395.979797464	395.979797464	1551384561.83	-6	-8	-6	-8
"5829"	9	1	1	12	0	0	135	100	0	0	-395.979797464	395.979797464	1551384561.86	-6	-8	-6	-8
"5830"	9	1	1	12	0	0	135	100	0	0	-395.979797464	395.979797464	1551384561.89	-6	-8	-6	-8
"5831"	9	1	1	12	0	0	135	100	0	0	-395.979797464	395.979797464	1551384561.93	-6	-8	-6	-8
"5832"	9	1	1	12	0	0	135	100	0	0	-395.979797464	395.979797464	1551384561.96	-6	-8	-6	-8
"5833"	9	1	1	12	0	0	135	100	0	0	-395.979797464	395.979797464	1551384561.99	-5	-7	-5	-7
"5834"	9	1	1	12	0	0	135	100	0	0	-395.979797464	395.979797464	1551384562.03	-4	-6	-4	-6
"5835"	9	1	1	12	0	0	135	100	0	0	-395.979797464	395.979797464	1551384562.06	-4	-6	-4	-6
"5836"	9	1	1	12	0	0	135	100	0	0	-395.979797464	395.979797464	1551384562.09	-4	-6	-4	-6
"5837"	9	1	1	12	0	0	135	100	0	0	-395.979797464	395.979797464	1551384562.13	-4	-6	-4	-6
"5838"	9	1	1	12	0	0	135	100	0	0	-395.979797464	395.979797464	1551384562.16	-4	-6	-4	-6
"5839"	9	1	1	12	0	0	135	100	0	0	-395.979797464	395.979797464	1551384562.19	-6	-5	-6	-5
"5840"	9	1	1	12	0	0	135	100	0	0	-395.979797464	395.979797464	1551384562.23	-11	0	-11	0
"5841"	9	1	1	12	0	0	135	100	0	0	-395.979797464	395.979797464	1551384562.26	-23	11	-23	11
"5842"	9	1	1	12	0	0	135	100	0	0	-395.979797464	395.979797464	1551384562.29	-34	20	-34	20
"5843"	9	1	1	12	0	0	135	100	0	0	-395.979797464	395.979797464	1551384562.33	-48	34	-48	34
"5844"	9	1	1	12	0	0	135	100	0	0	-395.979797464	395.979797464	1551384562.36	-62	46	-62	46
"5845"	9	1	1	12	0	0	135	100	0	0	-395.979797464	395.979797464	1551384562.39	-78	58	-78	58
"5846"	9	1	1	12	0	0	135	100	0	0	-395.979797464	395.979797464	1551384562.43	-92	72	-92	72
"5847"	9	1	1	12	0	0	135	100	0	0	-395.979797464	395.979797464	1551384562.46	-106	86	-106	86
"5848"	9	1	1	12	0	0	135	100	0	0	-395.979797464	395.979797464	1551384562.49	-121	102	-121	102
"5849"	9	1	1	12	0	0	135	100	0	0	-395.979797464	395.979797464	1551384562.53	-136	120	-136	120
"5850"	9	1	1	12	0	0	135	100	0	0	-395.979797464	395.979797464	1551384562.56	-150	136	-150	136
"5851"	9	1	1	12	0	0	135	100	0	0	-395.979797464	395.979797464	1551384562.59	-160	149	-160	149
"5852"	9	1	1	12	0	0	135	100	0	0	-395.979797464	395.979797464	1551384562.63	-171	164	-171	164
"5853"	9	1	1	12	0	0	135	100	0	0	-395.979797464	395.979797464	1551384562.66	-182	178	-182	178
"5854"	9	1	1	12	0	0	135	100	0	0	-395.979797464	395.979797464	1551384562.69	-192	188	-192	188
"5855"	9	1	1	12	0	0	135	100	0	0	-395.979797464	395.979797464	1551384562.73	-205	199	-205	199
"5856"	9	1	1	12	0	0	135	100	0	0	-395.979797464	395.979797464	1551384562.76	-220	211	-220	211
"5857"	9	1	1	12	0	0	135	100	0	0	-395.979797464	395.979797464	1551384562.79	-234	220	-234	220
"5858"	9	1	1	12	0	0	135	100	0	0	-395.979797464	395.979797464	1551384562.83	-252	230	-252	230
"5859"	9	1	1	12	0	0	135	100	0	0	-395.979797464	395.979797464	1551384562.86	-265	239	-265	239
"5860"	9	1	1	12	0	0	135	100	0	0	-395.979797464	395.979797464	1551384562.89	-280	250	-280	250
"5861"	9	1	1	12	0	0	135	100	0	0	-395.979797464	395.979797464	1551384562.93	-293	259	-293	259
"5862"	9	1	1	12	0	0	135	100	0	0	-395.979797464	395.979797464	1551384562.96	-305	269	-305	269
"5863"	9	1	1	12	0	0	135	100	0	0	-395.979797464	395.979797464	1551384562.99	-317	280	-317	280
"5864"	9	1	1	12	0	0	135	100	0	0	-395.979797464	395.979797464	1551384563.03	-327	290	-327	290
"5865"	9	1	1	12	0	0	135	100	0	0	-395.979797464	395.979797464	1551384563.06	-340	304	-340	304
"5866"	9	1	1	12	0	0	135	100	0	0	-395.979797464	395.979797464	1551384563.09	-353	316	-353	316
"5867"	9	1	1	12	0	0	135	100	0	0	-395.979797464	395.979797464	1551384563.13	-364	328	-364	328
"5868"	9	1	1	12	0	0	135	100	0	0	-395.979797464	395.979797464	1551384563.16	-373	341	-373	341
"5869"	9	1	1	12	0	0	135	100	0	0	-395.979797464	395.979797464	1551384563.19	-378	352	-378	352
"5870"	9	1	1	12	0	0	135	100	0	0	-395.979797464	395.979797464	1551384563.23	-385	360	-385	360
"5871"	9	1	1	12	0	0	135	100	0	0	-395.979797464	395.979797464	1551384563.26	-389	367	-389	367
"5872"	9	1	1	12	0	0	135	100	0	0	-395.979797464	395.979797464	1551384563.29	-394	374	-394	374
"5873"	9	1	1	12	0	0	135	100	0	0	-395.979797464	395.979797464	1551384563.33	-398	379	-398	379
"5874"	9	1	1	12	0	0	135	100	0	0	-395.979797464	395.979797464	1551384563.36	-399	381	-399	381
"5875"	9	1	1	12	0	0	135	100	0	0	-395.979797464	395.979797464	1551384563.39	-400	383	-400	383
"5876"	9	1	1	12	0	0	135	100	0	0	-395.979797464	395.979797464	1551384563.43	-401	385	-401	385
"5877"	9	1	1	12	0	0	135	100	0	0	-395.979797464	395.979797464	1551384563.46	-402	387	-402	387
"5878"	9	1	1	12	0	0	135	100	0	0	-395.979797464	395.979797464	1551384563.49	-402	389	-402	389
"5879"	9	1	1	12	0	0	135	100	0	0	-395.979797464	395.979797464	1551384563.53	-403	390	-403	390
"5880"	9	1	1	13	0	0	90	100	0	0	3.42901103761e-14	560	1551384565.37	4	-4	4	-4
"5881"	9	1	1	13	0	0	90	100	0	0	3.42901103761e-14	560	1551384565.4	4	-4	4	-4
"5882"	9	1	1	13	0	0	90	100	0	0	3.42901103761e-14	560	1551384565.43	4	-4	4	-4
"5883"	9	1	1	13	0	0	90	100	0	0	3.42901103761e-14	560	1551384565.46	4	-4	4	-4
"5884"	9	1	1	13	0	0	90	100	0	0	3.42901103761e-14	560	1551384565.5	4	-4	4	-4
"5885"	9	1	1	13	0	0	90	100	0	0	3.42901103761e-14	560	1551384565.53	4	-4	4	-4
"5886"	9	1	1	13	0	0	90	100	0	0	3.42901103761e-14	560	1551384565.56	4	-4	4	-4
"5887"	9	1	1	13	0	0	90	100	0	0	3.42901103761e-14	560	1551384565.6	4	-4	4	-4
"5888"	9	1	1	13	0	0	90	100	0	0	3.42901103761e-14	560	1551384565.63	4	-4	4	-4
"5889"	9	1	1	13	0	0	90	100	0	0	3.42901103761e-14	560	1551384565.66	4	-4	4	-4
"5890"	9	1	1	13	0	0	90	100	0	0	3.42901103761e-14	560	1551384565.7	4	-4	4	-4
"5891"	9	1	1	13	0	0	90	100	0	0	3.42901103761e-14	560	1551384565.73	4	-2	4	-2
"5892"	9	1	1	13	0	0	90	100	0	0	3.42901103761e-14	560	1551384565.76	2	5	2	5
"5893"	9	1	1	13	0	0	90	100	0	0	3.42901103761e-14	560	1551384565.8	-1	16	-1	16
"5894"	9	1	1	13	0	0	90	100	0	0	3.42901103761e-14	560	1551384565.83	-6	36	-6	36
"5895"	9	1	1	13	0	0	90	100	0	0	3.42901103761e-14	560	1551384565.86	-10	59	-10	59
"5896"	9	1	1	13	0	0	90	100	0	0	3.42901103761e-14	560	1551384565.9	-13	72	-13	72
"5897"	9	1	1	13	0	0	90	100	0	0	3.42901103761e-14	560	1551384565.93	-14	95	-14	95
"5898"	9	1	1	13	0	0	90	100	0	0	3.42901103761e-14	560	1551384565.96	-11	120	-11	120
"5899"	9	1	1	13	0	0	90	100	0	0	3.42901103761e-14	560	1551384566	-10	139	-10	139
"5900"	9	1	1	13	0	0	90	100	0	0	3.42901103761e-14	560	1551384566.03	-7	159	-7	159
"5901"	9	1	1	13	0	0	90	100	0	0	3.42901103761e-14	560	1551384566.06	-2	186	-2	186
"5902"	9	1	1	13	0	0	90	100	0	0	3.42901103761e-14	560	1551384566.1	2	213	2	213
"5903"	9	1	1	13	0	0	90	100	0	0	3.42901103761e-14	560	1551384566.13	5	234	5	234
"5904"	9	1	1	13	0	0	90	100	0	0	3.42901103761e-14	560	1551384566.16	6	259	6	259
"5905"	9	1	1	13	0	0	90	100	0	0	3.42901103761e-14	560	1551384566.2	5	283	5	283
"5906"	9	1	1	13	0	0	90	100	0	0	3.42901103761e-14	560	1551384566.23	3	305	3	305
"5907"	9	1	1	13	0	0	90	100	0	0	3.42901103761e-14	560	1551384566.26	2	319	2	319
"5908"	9	1	1	13	0	0	90	100	0	0	3.42901103761e-14	560	1551384566.3	0	342	0	342
"5909"	9	1	1	13	0	0	90	100	0	0	3.42901103761e-14	560	1551384566.33	-2	360	-2	360
"5910"	9	1	1	13	0	0	90	100	0	0	3.42901103761e-14	560	1551384566.36	-4	375	-4	375
"5911"	9	1	1	13	0	0	90	100	0	0	3.42901103761e-14	560	1551384566.4	-4	390	-4	390
"5912"	9	1	1	13	0	0	90	100	0	0	3.42901103761e-14	560	1551384566.43	-5	405	-5	405
"5913"	9	1	1	13	0	0	90	100	0	0	3.42901103761e-14	560	1551384566.46	-5	421	-5	421
"5914"	9	1	1	13	0	0	90	100	0	0	3.42901103761e-14	560	1551384566.5	-5	434	-5	434
"5915"	9	1	1	13	0	0	90	100	0	0	3.42901103761e-14	560	1551384566.53	-3	449	-3	449
"5916"	9	1	1	13	0	0	90	100	0	0	3.42901103761e-14	560	1551384566.56	-2	462	-2	462
"5917"	9	1	1	13	0	0	90	100	0	0	3.42901103761e-14	560	1551384566.6	-2	475	-2	475
"5918"	9	1	1	13	0	0	90	100	0	0	3.42901103761e-14	560	1551384566.63	-1	492	-1	492
"5919"	9	1	1	13	0	0	90	100	0	0	3.42901103761e-14	560	1551384566.66	-2	508	-2	508
"5920"	9	1	1	13	0	0	90	100	0	0	3.42901103761e-14	560	1551384566.7	-3	518	-3	518
"5921"	9	1	1	13	0	0	90	100	0	0	3.42901103761e-14	560	1551384566.73	-4	527	-4	527
"5922"	9	1	1	13	0	0	90	100	0	0	3.42901103761e-14	560	1551384566.76	-4	530	-4	530
"5923"	9	1	1	13	0	0	90	100	0	0	3.42901103761e-14	560	1551384566.8	-3	534	-3	534
"5924"	9	1	1	13	0	0	90	100	0	0	3.42901103761e-14	560	1551384566.83	-4	539	-4	539
"5925"	9	1	1	13	0	0	90	100	0	0	3.42901103761e-14	560	1551384566.86	-4	547	-4	547
"5926"	9	1	1	13	0	0	90	100	0	0	3.42901103761e-14	560	1551384566.9	-4	553	-4	553
"5927"	9	1	1	13	0	0	90	100	0	0	3.42901103761e-14	560	1551384566.93	-4	556	-4	556
"5928"	9	1	1	13	0	0	90	100	0	0	3.42901103761e-14	560	1551384566.96	-4	558	-4	558
"5929"	9	1	1	14	0	0	135	100	0	0	-395.979797464	395.979797464	1551384568.84	2	-6	2	-6
"5930"	9	1	1	14	0	0	135	100	0	0	-395.979797464	395.979797464	1551384568.86	2	-3	2	-3
"5931"	9	1	1	14	0	0	135	100	0	0	-395.979797464	395.979797464	1551384568.9	2	-1	2	-1
"5932"	9	1	1	14	0	0	135	100	0	0	-395.979797464	395.979797464	1551384568.93	2	-1	2	-1
"5933"	9	1	1	14	0	0	135	100	0	0	-395.979797464	395.979797464	1551384568.96	2	-1	2	-1
"5934"	9	1	1	14	0	0	135	100	0	0	-395.979797464	395.979797464	1551384569	2	-1	2	-1
"5935"	9	1	1	14	0	0	135	100	0	0	-395.979797464	395.979797464	1551384569.03	2	-1	2	-1
"5936"	9	1	1	14	0	0	135	100	0	0	-395.979797464	395.979797464	1551384569.06	2	-1	2	-1
"5937"	9	1	1	14	0	0	135	100	0	0	-395.979797464	395.979797464	1551384569.1	2	-1	2	-1
"5938"	9	1	1	14	0	0	135	100	0	0	-395.979797464	395.979797464	1551384569.13	2	-1	2	-1
"5939"	9	1	1	14	0	0	135	100	0	0	-395.979797464	395.979797464	1551384569.16	2	-1	2	-1
"5940"	9	1	1	14	0	0	135	100	0	0	-395.979797464	395.979797464	1551384569.2	2	-1	2	-1
"5941"	9	1	1	14	0	0	135	100	0	0	-395.979797464	395.979797464	1551384569.23	2	-1	2	-1
"5942"	9	1	1	14	0	0	135	100	0	0	-395.979797464	395.979797464	1551384569.27	2	-1	2	-1
"5943"	9	1	1	14	0	0	135	100	0	0	-395.979797464	395.979797464	1551384569.3	0	3	0	3
"5944"	9	1	1	14	0	0	135	100	0	0	-395.979797464	395.979797464	1551384569.33	-6	8	-6	8
"5945"	9	1	1	14	0	0	135	100	0	0	-395.979797464	395.979797464	1551384569.37	-13	14	-13	14
"5946"	9	1	1	14	0	0	135	100	0	0	-395.979797464	395.979797464	1551384569.4	-27	26	-27	26
"5947"	9	1	1	14	0	0	135	100	0	0	-395.979797464	395.979797464	1551384569.43	-42	40	-42	40
"5948"	9	1	1	14	0	0	135	100	0	0	-395.979797464	395.979797464	1551384569.47	-54	51	-54	51
"5949"	9	1	1	14	0	0	135	100	0	0	-395.979797464	395.979797464	1551384569.5	-68	64	-68	64
"5950"	9	1	1	14	0	0	135	100	0	0	-395.979797464	395.979797464	1551384569.53	-87	84	-87	84
"5951"	9	1	1	14	0	0	135	100	0	0	-395.979797464	395.979797464	1551384569.57	-107	107	-107	107
"5952"	9	1	1	14	0	0	135	100	0	0	-395.979797464	395.979797464	1551384569.6	-123	126	-123	126
"5953"	9	1	1	14	0	0	135	100	0	0	-395.979797464	395.979797464	1551384569.63	-140	147	-140	147
"5954"	9	1	1	14	0	0	135	100	0	0	-395.979797464	395.979797464	1551384569.67	-159	167	-159	167
"5955"	9	1	1	14	0	0	135	100	0	0	-395.979797464	395.979797464	1551384569.7	-172	181	-172	181
"5956"	9	1	1	14	0	0	135	100	0	0	-395.979797464	395.979797464	1551384569.73	-187	198	-187	198
"5957"	9	1	1	14	0	0	135	100	0	0	-395.979797464	395.979797464	1551384569.77	-202	216	-202	216
"5958"	9	1	1	14	0	0	135	100	0	0	-395.979797464	395.979797464	1551384569.8	-220	237	-220	237
"5959"	9	1	1	14	0	0	135	100	0	0	-395.979797464	395.979797464	1551384569.83	-231	252	-231	252
"5960"	9	1	1	14	0	0	135	100	0	0	-395.979797464	395.979797464	1551384569.87	-248	268	-248	268
"5961"	9	1	1	14	0	0	135	100	0	0	-395.979797464	395.979797464	1551384569.9	-265	282	-265	282
"5962"	9	1	1	14	0	0	135	100	0	0	-395.979797464	395.979797464	1551384569.93	-279	294	-279	294
"5963"	9	1	1	14	0	0	135	100	0	0	-395.979797464	395.979797464	1551384569.97	-296	309	-296	309
"5964"	9	1	1	14	0	0	135	100	0	0	-395.979797464	395.979797464	1551384570	-310	322	-310	322
"5965"	9	1	1	14	0	0	135	100	0	0	-395.979797464	395.979797464	1551384570.03	-320	333	-320	333
"5966"	9	1	1	14	0	0	135	100	0	0	-395.979797464	395.979797464	1551384570.07	-331	344	-331	344
"5967"	9	1	1	14	0	0	135	100	0	0	-395.979797464	395.979797464	1551384570.1	-342	355	-342	355
"5968"	9	1	1	14	0	0	135	100	0	0	-395.979797464	395.979797464	1551384570.13	-350	362	-350	362
"5969"	9	1	1	14	0	0	135	100	0	0	-395.979797464	395.979797464	1551384570.17	-355	367	-355	367
"5970"	9	1	1	14	0	0	135	100	0	0	-395.979797464	395.979797464	1551384570.2	-360	373	-360	373
"5971"	9	1	1	14	0	0	135	100	0	0	-395.979797464	395.979797464	1551384570.23	-366	379	-366	379
"5972"	9	1	1	14	0	0	135	100	0	0	-395.979797464	395.979797464	1551384570.27	-370	382	-370	382
"5973"	9	1	1	14	0	0	135	100	0	0	-395.979797464	395.979797464	1551384570.3	-373	385	-373	385
"5974"	9	1	1	14	0	0	135	100	0	0	-395.979797464	395.979797464	1551384570.33	-376	388	-376	388
"5975"	9	1	1	14	0	0	135	100	0	0	-395.979797464	395.979797464	1551384570.37	-379	391	-379	391
"5976"	9	1	1	14	0	0	135	100	0	0	-395.979797464	395.979797464	1551384570.4	-380	393	-380	393
"5977"	9	1	1	14	0	0	135	100	0	0	-395.979797464	395.979797464	1551384570.43	-382	394	-382	394
"5978"	9	1	1	14	0	0	135	100	0	0	-395.979797464	395.979797464	1551384570.47	-383	395	-383	395
"5979"	9	1	1	14	0	0	135	100	0	0	-395.979797464	395.979797464	1551384570.5	-385	397	-385	397
"5980"	9	1	1	14	0	0	135	100	0	0	-395.979797464	395.979797464	1551384570.53	-387	398	-387	398
"5981"	9	1	1	15	0	0	45	100	0	0	395.979797464	395.979797464	1551384572.25	8	-8	8	-8
"5982"	9	1	1	15	0	0	45	100	0	0	395.979797464	395.979797464	1551384572.27	8	-8	8	-8
"5983"	9	1	1	15	0	0	45	100	0	0	395.979797464	395.979797464	1551384572.3	8	-8	8	-8
"5984"	9	1	1	15	0	0	45	100	0	0	395.979797464	395.979797464	1551384572.33	8	-8	8	-8
"5985"	9	1	1	15	0	0	45	100	0	0	395.979797464	395.979797464	1551384572.37	8	-8	8	-8
"5986"	9	1	1	15	0	0	45	100	0	0	395.979797464	395.979797464	1551384572.4	8	-8	8	-8
"5987"	9	1	1	15	0	0	45	100	0	0	395.979797464	395.979797464	1551384572.43	7	-7	7	-7
"5988"	9	1	1	15	0	0	45	100	0	0	395.979797464	395.979797464	1551384572.47	5	-4	5	-4
"5989"	9	1	1	15	0	0	45	100	0	0	395.979797464	395.979797464	1551384572.5	2	-1	2	-1
"5990"	9	1	1	15	0	0	45	100	0	0	395.979797464	395.979797464	1551384572.53	2	-1	2	-1
"5991"	9	1	1	15	0	0	45	100	0	0	395.979797464	395.979797464	1551384572.57	2	-1	2	-1
"5992"	9	1	1	15	0	0	45	100	0	0	395.979797464	395.979797464	1551384572.6	2	-1	2	-1
"5993"	9	1	1	15	0	0	45	100	0	0	395.979797464	395.979797464	1551384572.63	2	-1	2	-1
"5994"	9	1	1	15	0	0	45	100	0	0	395.979797464	395.979797464	1551384572.67	2	0	2	0
"5995"	9	1	1	15	0	0	45	100	0	0	395.979797464	395.979797464	1551384572.7	6	7	6	7
"5996"	9	1	1	15	0	0	45	100	0	0	395.979797464	395.979797464	1551384572.73	13	18	13	18
"5997"	9	1	1	15	0	0	45	100	0	0	395.979797464	395.979797464	1551384572.77	20	26	20	26
"5998"	9	1	1	15	0	0	45	100	0	0	395.979797464	395.979797464	1551384572.8	32	37	32	37
"5999"	9	1	1	15	0	0	45	100	0	0	395.979797464	395.979797464	1551384572.83	45	48	45	48
"6000"	9	1	1	15	0	0	45	100	0	0	395.979797464	395.979797464	1551384572.87	58	60	58	60
"6001"	9	1	1	15	0	0	45	100	0	0	395.979797464	395.979797464	1551384572.9	74	74	74	74
"6002"	9	1	1	15	0	0	45	100	0	0	395.979797464	395.979797464	1551384572.93	87	88	87	88
"6003"	9	1	1	15	0	0	45	100	0	0	395.979797464	395.979797464	1551384572.97	102	104	102	104
"6004"	9	1	1	15	0	0	45	100	0	0	395.979797464	395.979797464	1551384573	119	121	119	121
"6005"	9	1	1	15	0	0	45	100	0	0	395.979797464	395.979797464	1551384573.03	134	135	134	135
"6006"	9	1	1	15	0	0	45	100	0	0	395.979797464	395.979797464	1551384573.07	150	150	150	150
"6007"	9	1	1	15	0	0	45	100	0	0	395.979797464	395.979797464	1551384573.1	164	162	164	162
"6008"	9	1	1	15	0	0	45	100	0	0	395.979797464	395.979797464	1551384573.13	182	180	182	180
"6009"	9	1	1	15	0	0	45	100	0	0	395.979797464	395.979797464	1551384573.17	194	191	194	191
"6010"	9	1	1	15	0	0	45	100	0	0	395.979797464	395.979797464	1551384573.2	212	206	212	206
"6011"	9	1	1	15	0	0	45	100	0	0	395.979797464	395.979797464	1551384573.23	226	221	226	221
"6012"	9	1	1	15	0	0	45	100	0	0	395.979797464	395.979797464	1551384573.27	238	233	238	233
"6013"	9	1	1	15	0	0	45	100	0	0	395.979797464	395.979797464	1551384573.3	257	256	257	256
"6014"	9	1	1	15	0	0	45	100	0	0	395.979797464	395.979797464	1551384573.33	272	274	272	274
"6015"	9	1	1	15	0	0	45	100	0	0	395.979797464	395.979797464	1551384573.37	283	285	283	285
"6016"	9	1	1	15	0	0	45	100	0	0	395.979797464	395.979797464	1551384573.4	299	300	299	300
"6017"	9	1	1	15	0	0	45	100	0	0	395.979797464	395.979797464	1551384573.43	313	315	313	315
"6018"	9	1	1	15	0	0	45	100	0	0	395.979797464	395.979797464	1551384573.47	323	328	323	328
"6019"	9	1	1	15	0	0	45	100	0	0	395.979797464	395.979797464	1551384573.5	331	339	331	339
"6020"	9	1	1	15	0	0	45	100	0	0	395.979797464	395.979797464	1551384573.53	339	350	339	350
"6021"	9	1	1	15	0	0	45	100	0	0	395.979797464	395.979797464	1551384573.57	346	359	346	359
"6022"	9	1	1	15	0	0	45	100	0	0	395.979797464	395.979797464	1551384573.6	352	365	352	365
"6023"	9	1	1	15	0	0	45	100	0	0	395.979797464	395.979797464	1551384573.64	357	371	357	371
"6024"	9	1	1	15	0	0	45	100	0	0	395.979797464	395.979797464	1551384573.67	362	377	362	377
"6025"	9	1	1	15	0	0	45	100	0	0	395.979797464	395.979797464	1551384573.7	367	383	367	383
"6026"	9	1	1	15	0	0	45	100	0	0	395.979797464	395.979797464	1551384573.74	369	385	369	385
"6027"	9	1	1	15	0	0	45	100	0	0	395.979797464	395.979797464	1551384573.77	372	389	372	389
"6028"	9	1	1	15	0	0	45	100	0	0	395.979797464	395.979797464	1551384573.8	375	391	375	391
"6029"	9	1	1	15	0	0	45	100	0	0	395.979797464	395.979797464	1551384573.84	377	392	377	392
"6030"	9	1	1	15	0	0	45	100	0	0	395.979797464	395.979797464	1551384573.87	380	393	380	393
"6031"	9	1	1	15	0	0	45	100	0	0	395.979797464	395.979797464	1551384573.9	383	394	383	394
"6032"	9	1	1	15	0	0	45	100	0	0	395.979797464	395.979797464	1551384573.94	387	394	387	394
"6033"	9	1	1	15	0	0	45	100	0	0	395.979797464	395.979797464	1551384573.97	390	394	390	394
"6034"	9	1	1	15	0	0	45	100	0	0	395.979797464	395.979797464	1551384574	393	395	393	395
"6035"	9	1	1	16	0	0	45	100	0	0	395.979797464	395.979797464	1551384575.68	-2	-1	-2	-1
"6036"	9	1	1	16	0	0	45	100	0	0	395.979797464	395.979797464	1551384575.7	-2	-1	-2	-1
"6037"	9	1	1	16	0	0	45	100	0	0	395.979797464	395.979797464	1551384575.74	-2	-1	-2	-1
"6038"	9	1	1	16	0	0	45	100	0	0	395.979797464	395.979797464	1551384575.77	-2	-1	-2	-1
"6039"	9	1	1	16	0	0	45	100	0	0	395.979797464	395.979797464	1551384575.8	-2	-1	-2	-1
"6040"	9	1	1	16	0	0	45	100	0	0	395.979797464	395.979797464	1551384575.84	-2	-1	-2	-1
"6041"	9	1	1	16	0	0	45	100	0	0	395.979797464	395.979797464	1551384575.87	-2	-1	-2	-1
"6042"	9	1	1	16	0	0	45	100	0	0	395.979797464	395.979797464	1551384575.9	-2	-1	-2	-1
"6043"	9	1	1	16	0	0	45	100	0	0	395.979797464	395.979797464	1551384575.94	-2	-1	-2	-1
"6044"	9	1	1	16	0	0	45	100	0	0	395.979797464	395.979797464	1551384575.97	-2	-1	-2	-1
"6045"	9	1	1	16	0	0	45	100	0	0	395.979797464	395.979797464	1551384576	0	3	0	3
"6046"	9	1	1	16	0	0	45	100	0	0	395.979797464	395.979797464	1551384576.04	3	10	3	10
"6047"	9	1	1	16	0	0	45	100	0	0	395.979797464	395.979797464	1551384576.07	11	21	11	21
"6048"	9	1	1	16	0	0	45	100	0	0	395.979797464	395.979797464	1551384576.1	21	31	21	31
"6049"	9	1	1	16	0	0	45	100	0	0	395.979797464	395.979797464	1551384576.14	38	45	38	45
"6050"	9	1	1	16	0	0	45	100	0	0	395.979797464	395.979797464	1551384576.17	56	60	56	60
"6051"	9	1	1	16	0	0	45	100	0	0	395.979797464	395.979797464	1551384576.2	76	77	76	77
"6052"	9	1	1	16	0	0	45	100	0	0	395.979797464	395.979797464	1551384576.24	95	92	95	92
"6053"	9	1	1	16	0	0	45	100	0	0	395.979797464	395.979797464	1551384576.27	110	106	110	106
"6054"	9	1	1	16	0	0	45	100	0	0	395.979797464	395.979797464	1551384576.3	128	123	128	123
"6055"	9	1	1	16	0	0	45	100	0	0	395.979797464	395.979797464	1551384576.34	145	139	145	139
"6056"	9	1	1	16	0	0	45	100	0	0	395.979797464	395.979797464	1551384576.37	168	161	168	161
"6057"	9	1	1	16	0	0	45	100	0	0	395.979797464	395.979797464	1551384576.4	184	175	184	175
"6058"	9	1	1	16	0	0	45	100	0	0	395.979797464	395.979797464	1551384576.44	198	187	198	187
"6059"	9	1	1	16	0	0	45	100	0	0	395.979797464	395.979797464	1551384576.47	216	204	216	204
"6060"	9	1	1	16	0	0	45	100	0	0	395.979797464	395.979797464	1551384576.5	227	216	227	216
"6061"	9	1	1	16	0	0	45	100	0	0	395.979797464	395.979797464	1551384576.54	239	227	239	227
"6062"	9	1	1	16	0	0	45	100	0	0	395.979797464	395.979797464	1551384576.57	251	241	251	241
"6063"	9	1	1	16	0	0	45	100	0	0	395.979797464	395.979797464	1551384576.6	261	253	261	253
"6064"	9	1	1	16	0	0	45	100	0	0	395.979797464	395.979797464	1551384576.64	274	266	274	266
"6065"	9	1	1	16	0	0	45	100	0	0	395.979797464	395.979797464	1551384576.67	285	278	285	278
"6066"	9	1	1	16	0	0	45	100	0	0	395.979797464	395.979797464	1551384576.7	301	293	301	293
"6067"	9	1	1	16	0	0	45	100	0	0	395.979797464	395.979797464	1551384576.74	316	308	316	308
"6068"	9	1	1	16	0	0	45	100	0	0	395.979797464	395.979797464	1551384576.77	329	323	329	323
"6069"	9	1	1	16	0	0	45	100	0	0	395.979797464	395.979797464	1551384576.8	342	337	342	337
"6070"	9	1	1	16	0	0	45	100	0	0	395.979797464	395.979797464	1551384576.84	352	350	352	350
"6071"	9	1	1	16	0	0	45	100	0	0	395.979797464	395.979797464	1551384576.87	364	361	364	361
"6072"	9	1	1	16	0	0	45	100	0	0	395.979797464	395.979797464	1551384576.9	374	368	374	368
"6073"	9	1	1	16	0	0	45	100	0	0	395.979797464	395.979797464	1551384576.94	383	375	383	375
"6074"	9	1	1	16	0	0	45	100	0	0	395.979797464	395.979797464	1551384576.97	392	382	392	382
"6075"	9	1	1	16	0	0	45	100	0	0	395.979797464	395.979797464	1551384577	396	387	396	387
"6076"	9	1	1	16	0	0	45	100	0	0	395.979797464	395.979797464	1551384577.04	401	393	401	393
"6077"	9	1	1	16	0	0	45	100	0	0	395.979797464	395.979797464	1551384577.07	402	395	402	395
"6078"	9	1	1	17	0	0	90	100	0	0	3.42901103761e-14	560	1551384578.52	-10	2	-10	2
"6079"	9	1	1	17	0	0	90	100	0	0	3.42901103761e-14	560	1551384578.54	-10	2	-10	2
"6080"	9	1	1	17	0	0	90	100	0	0	3.42901103761e-14	560	1551384578.57	-9	1	-9	1
"6081"	9	1	1	17	0	0	90	100	0	0	3.42901103761e-14	560	1551384578.61	-8	0	-8	0
"6082"	9	1	1	17	0	0	90	100	0	0	3.42901103761e-14	560	1551384578.64	-6	-3	-6	-3
"6083"	9	1	1	17	0	0	90	100	0	0	3.42901103761e-14	560	1551384578.67	-5	-5	-5	-5
"6084"	9	1	1	17	0	0	90	100	0	0	3.42901103761e-14	560	1551384578.71	-5	-5	-5	-5
"6085"	9	1	1	17	0	0	90	100	0	0	3.42901103761e-14	560	1551384578.74	-5	-5	-5	-5
"6086"	9	1	1	17	0	0	90	100	0	0	3.42901103761e-14	560	1551384578.77	-5	-5	-5	-5
"6087"	9	1	1	17	0	0	90	100	0	0	3.42901103761e-14	560	1551384578.81	-5	-5	-5	-5
"6088"	9	1	1	17	0	0	90	100	0	0	3.42901103761e-14	560	1551384578.84	-5	-5	-5	-5
"6089"	9	1	1	17	0	0	90	100	0	0	3.42901103761e-14	560	1551384578.87	-5	-5	-5	-5
"6090"	9	1	1	17	0	0	90	100	0	0	3.42901103761e-14	560	1551384578.91	-6	-2	-6	-2
"6091"	9	1	1	17	0	0	90	100	0	0	3.42901103761e-14	560	1551384578.94	-7	5	-7	5
"6092"	9	1	1	17	0	0	90	100	0	0	3.42901103761e-14	560	1551384578.97	-7	13	-7	13
"6093"	9	1	1	17	0	0	90	100	0	0	3.42901103761e-14	560	1551384579.01	-7	23	-7	23
"6094"	9	1	1	17	0	0	90	100	0	0	3.42901103761e-14	560	1551384579.04	-7	39	-7	39
"6095"	9	1	1	17	0	0	90	100	0	0	3.42901103761e-14	560	1551384579.07	-6	56	-6	56
"6096"	9	1	1	17	0	0	90	100	0	0	3.42901103761e-14	560	1551384579.11	-5	75	-5	75
"6097"	9	1	1	17	0	0	90	100	0	0	3.42901103761e-14	560	1551384579.14	-3	91	-3	91
"6098"	9	1	1	17	0	0	90	100	0	0	3.42901103761e-14	560	1551384579.17	0	114	0	114
"6099"	9	1	1	17	0	0	90	100	0	0	3.42901103761e-14	560	1551384579.21	1	132	1	132
"6100"	9	1	1	17	0	0	90	100	0	0	3.42901103761e-14	560	1551384579.24	2	152	2	152
"6101"	9	1	1	17	0	0	90	100	0	0	3.42901103761e-14	560	1551384579.27	5	175	5	175
"6102"	9	1	1	17	0	0	90	100	0	0	3.42901103761e-14	560	1551384579.31	9	198	9	198
"6103"	9	1	1	17	0	0	90	100	0	0	3.42901103761e-14	560	1551384579.34	9	215	9	215
"6104"	9	1	1	17	0	0	90	100	0	0	3.42901103761e-14	560	1551384579.37	8	229	8	229
"6105"	9	1	1	17	0	0	90	100	0	0	3.42901103761e-14	560	1551384579.41	8	252	8	252
"6106"	9	1	1	17	0	0	90	100	0	0	3.42901103761e-14	560	1551384579.44	8	264	8	264
"6107"	9	1	1	17	0	0	90	100	0	0	3.42901103761e-14	560	1551384579.47	7	280	7	280
"6108"	9	1	1	17	0	0	90	100	0	0	3.42901103761e-14	560	1551384579.51	7	295	7	295
"6109"	9	1	1	17	0	0	90	100	0	0	3.42901103761e-14	560	1551384579.54	8	309	8	309
"6110"	9	1	1	17	0	0	90	100	0	0	3.42901103761e-14	560	1551384579.57	8	322	8	322
"6111"	9	1	1	17	0	0	90	100	0	0	3.42901103761e-14	560	1551384579.61	8	336	8	336
"6112"	9	1	1	17	0	0	90	100	0	0	3.42901103761e-14	560	1551384579.64	8	351	8	351
"6113"	9	1	1	17	0	0	90	100	0	0	3.42901103761e-14	560	1551384579.67	8	363	8	363
"6114"	9	1	1	17	0	0	90	100	0	0	3.42901103761e-14	560	1551384579.71	7	379	7	379
"6115"	9	1	1	17	0	0	90	100	0	0	3.42901103761e-14	560	1551384579.74	6	402	6	402
"6116"	9	1	1	17	0	0	90	100	0	0	3.42901103761e-14	560	1551384579.77	6	414	6	414
"6117"	9	1	1	17	0	0	90	100	0	0	3.42901103761e-14	560	1551384579.81	5	433	5	433
"6118"	9	1	1	17	0	0	90	100	0	0	3.42901103761e-14	560	1551384579.84	4	452	4	452
"6119"	9	1	1	17	0	0	90	100	0	0	3.42901103761e-14	560	1551384579.87	4	467	4	467
"6120"	9	1	1	17	0	0	90	100	0	0	3.42901103761e-14	560	1551384579.91	2	482	2	482
"6121"	9	1	1	17	0	0	90	100	0	0	3.42901103761e-14	560	1551384579.94	-1	498	-1	498
"6122"	9	1	1	17	0	0	90	100	0	0	3.42901103761e-14	560	1551384579.97	-3	512	-3	512
"6123"	9	1	1	17	0	0	90	100	0	0	3.42901103761e-14	560	1551384580.01	-4	523	-4	523
"6124"	9	1	1	17	0	0	90	100	0	0	3.42901103761e-14	560	1551384580.04	-3	537	-3	537
"6125"	9	1	1	17	0	0	90	100	0	0	3.42901103761e-14	560	1551384580.07	-3	548	-3	548
"6126"	9	1	1	17	0	0	90	100	0	0	3.42901103761e-14	560	1551384580.11	-6	554	-6	554
"6127"	9	1	1	17	0	0	90	100	0	0	3.42901103761e-14	560	1551384580.14	-8	559	-8	559
"6128"	9	1	1	17	0	0	90	100	0	0	3.42901103761e-14	560	1551384580.17	-8	562	-8	562
"6129"	9	1	1	18	0	0	135	100	0	0	-395.979797464	395.979797464	1551384581.82	5	9	5	9
"6130"	9	1	1	18	0	0	135	100	0	0	-395.979797464	395.979797464	1551384581.84	5	7	5	7
"6131"	9	1	1	18	0	0	135	100	0	0	-395.979797464	395.979797464	1551384581.87	4	4	4	4
"6132"	9	1	1	18	0	0	135	100	0	0	-395.979797464	395.979797464	1551384581.91	4	2	4	2
"6133"	9	1	1	18	0	0	135	100	0	0	-395.979797464	395.979797464	1551384581.94	3	0	3	0
"6134"	9	1	1	18	0	0	135	100	0	0	-395.979797464	395.979797464	1551384581.97	2	-1	2	-1
"6135"	9	1	1	18	0	0	135	100	0	0	-395.979797464	395.979797464	1551384582.01	2	-1	2	-1
"6136"	9	1	1	18	0	0	135	100	0	0	-395.979797464	395.979797464	1551384582.04	2	-1	2	-1
"6137"	9	1	1	18	0	0	135	100	0	0	-395.979797464	395.979797464	1551384582.07	2	-1	2	-1
"6138"	9	1	1	18	0	0	135	100	0	0	-395.979797464	395.979797464	1551384582.11	2	-1	2	-1
"6139"	9	1	1	18	0	0	135	100	0	0	-395.979797464	395.979797464	1551384582.14	2	-1	2	-1
"6140"	9	1	1	18	0	0	135	100	0	0	-395.979797464	395.979797464	1551384582.17	0	1	0	1
"6141"	9	1	1	18	0	0	135	100	0	0	-395.979797464	395.979797464	1551384582.21	-6	6	-6	6
"6142"	9	1	1	18	0	0	135	100	0	0	-395.979797464	395.979797464	1551384582.24	-15	12	-15	12
"6143"	9	1	1	18	0	0	135	100	0	0	-395.979797464	395.979797464	1551384582.28	-28	21	-28	21
"6144"	9	1	1	18	0	0	135	100	0	0	-395.979797464	395.979797464	1551384582.31	-41	32	-41	32
"6145"	9	1	1	18	0	0	135	100	0	0	-395.979797464	395.979797464	1551384582.34	-58	45	-58	45
"6146"	9	1	1	18	0	0	135	100	0	0	-395.979797464	395.979797464	1551384582.38	-82	65	-82	65
"6147"	9	1	1	18	0	0	135	100	0	0	-395.979797464	395.979797464	1551384582.41	-103	87	-103	87
"6148"	9	1	1	18	0	0	135	100	0	0	-395.979797464	395.979797464	1551384582.44	-121	105	-121	105
"6149"	9	1	1	18	0	0	135	100	0	0	-395.979797464	395.979797464	1551384582.48	-142	126	-142	126
"6150"	9	1	1	18	0	0	135	100	0	0	-395.979797464	395.979797464	1551384582.51	-161	146	-161	146
"6151"	9	1	1	18	0	0	135	100	0	0	-395.979797464	395.979797464	1551384582.54	-171	158	-171	158
"6152"	9	1	1	18	0	0	135	100	0	0	-395.979797464	395.979797464	1551384582.58	-186	172	-186	172
"6153"	9	1	1	18	0	0	135	100	0	0	-395.979797464	395.979797464	1551384582.61	-203	184	-203	184
"6154"	9	1	1	18	0	0	135	100	0	0	-395.979797464	395.979797464	1551384582.64	-219	200	-219	200
"6155"	9	1	1	18	0	0	135	100	0	0	-395.979797464	395.979797464	1551384582.68	-234	216	-234	216
"6156"	9	1	1	18	0	0	135	100	0	0	-395.979797464	395.979797464	1551384582.71	-251	234	-251	234
"6157"	9	1	1	18	0	0	135	100	0	0	-395.979797464	395.979797464	1551384582.74	-267	252	-267	252
"6158"	9	1	1	18	0	0	135	100	0	0	-395.979797464	395.979797464	1551384582.78	-281	269	-281	269
"6159"	9	1	1	18	0	0	135	100	0	0	-395.979797464	395.979797464	1551384582.81	-296	282	-296	282
"6160"	9	1	1	18	0	0	135	100	0	0	-395.979797464	395.979797464	1551384582.84	-306	291	-306	291
"6161"	9	1	1	18	0	0	135	100	0	0	-395.979797464	395.979797464	1551384582.88	-314	301	-314	301
"6162"	9	1	1	18	0	0	135	100	0	0	-395.979797464	395.979797464	1551384582.91	-322	309	-322	309
"6163"	9	1	1	18	0	0	135	100	0	0	-395.979797464	395.979797464	1551384582.94	-330	317	-330	317
"6164"	9	1	1	18	0	0	135	100	0	0	-395.979797464	395.979797464	1551384582.98	-336	324	-336	324
"6165"	9	1	1	18	0	0	135	100	0	0	-395.979797464	395.979797464	1551384583.01	-341	330	-341	330
"6166"	9	1	1	18	0	0	135	100	0	0	-395.979797464	395.979797464	1551384583.04	-348	339	-348	339
"6167"	9	1	1	18	0	0	135	100	0	0	-395.979797464	395.979797464	1551384583.08	-356	348	-356	348
"6168"	9	1	1	18	0	0	135	100	0	0	-395.979797464	395.979797464	1551384583.11	-361	355	-361	355
"6169"	9	1	1	18	0	0	135	100	0	0	-395.979797464	395.979797464	1551384583.14	-367	361	-367	361
"6170"	9	1	1	18	0	0	135	100	0	0	-395.979797464	395.979797464	1551384583.18	-371	365	-371	365
"6171"	9	1	1	18	0	0	135	100	0	0	-395.979797464	395.979797464	1551384583.21	-377	369	-377	369
"6172"	9	1	1	18	0	0	135	100	0	0	-395.979797464	395.979797464	1551384583.24	-382	373	-382	373
"6173"	9	1	1	18	0	0	135	100	0	0	-395.979797464	395.979797464	1551384583.28	-386	375	-386	375
"6174"	9	1	1	18	0	0	135	100	0	0	-395.979797464	395.979797464	1551384583.31	-388	378	-388	378
"6175"	9	1	1	18	0	0	135	100	0	0	-395.979797464	395.979797464	1551384583.34	-391	381	-391	381
"6176"	9	1	1	18	0	0	135	100	0	0	-395.979797464	395.979797464	1551384583.38	-394	385	-394	385
"6177"	9	1	1	18	0	0	135	100	0	0	-395.979797464	395.979797464	1551384583.41	-396	389	-396	389
"6178"	9	1	1	18	0	0	135	100	0	0	-395.979797464	395.979797464	1551384583.44	-400	394	-400	394
"6179"	9	1	1	18	0	0	135	100	0	0	-395.979797464	395.979797464	1551384583.48	-401	397	-401	397
"6180"	9	1	1	19	0	0	90	100	0	0	3.42901103761e-14	560	1551384584.99	-4	8	-4	8
"6181"	9	1	1	19	0	0	90	100	0	0	3.42901103761e-14	560	1551384585.01	-4	7	-4	7
"6182"	9	1	1	19	0	0	90	100	0	0	3.42901103761e-14	560	1551384585.04	-3	6	-3	6
"6183"	9	1	1	19	0	0	90	100	0	0	3.42901103761e-14	560	1551384585.08	-2	4	-2	4
"6184"	9	1	1	19	0	0	90	100	0	0	3.42901103761e-14	560	1551384585.11	-1	2	-1	2
"6185"	9	1	1	19	0	0	90	100	0	0	3.42901103761e-14	560	1551384585.14	0	1	0	1
"6186"	9	1	1	19	0	0	90	100	0	0	3.42901103761e-14	560	1551384585.18	0	1	0	1
"6187"	9	1	1	19	0	0	90	100	0	0	3.42901103761e-14	560	1551384585.21	0	1	0	1
"6188"	9	1	1	19	0	0	90	100	0	0	3.42901103761e-14	560	1551384585.24	0	1	0	1
"6189"	9	1	1	19	0	0	90	100	0	0	3.42901103761e-14	560	1551384585.28	0	1	0	1
"6190"	9	1	1	19	0	0	90	100	0	0	3.42901103761e-14	560	1551384585.31	0	1	0	1
"6191"	9	1	1	19	0	0	90	100	0	0	3.42901103761e-14	560	1551384585.34	0	1	0	1
"6192"	9	1	1	19	0	0	90	100	0	0	3.42901103761e-14	560	1551384585.38	-1	1	-1	1
"6193"	9	1	1	19	0	0	90	100	0	0	3.42901103761e-14	560	1551384585.41	-2	5	-2	5
"6194"	9	1	1	19	0	0	90	100	0	0	3.42901103761e-14	560	1551384585.44	-6	22	-6	22
"6195"	9	1	1	19	0	0	90	100	0	0	3.42901103761e-14	560	1551384585.48	-12	49	-12	49
"6196"	9	1	1	19	0	0	90	100	0	0	3.42901103761e-14	560	1551384585.51	-18	78	-18	78
"6197"	9	1	1	19	0	0	90	100	0	0	3.42901103761e-14	560	1551384585.54	-20	105	-20	105
"6198"	9	1	1	19	0	0	90	100	0	0	3.42901103761e-14	560	1551384585.58	-16	131	-16	131
"6199"	9	1	1	19	0	0	90	100	0	0	3.42901103761e-14	560	1551384585.61	-13	148	-13	148
"6200"	9	1	1	19	0	0	90	100	0	0	3.42901103761e-14	560	1551384585.64	-8	176	-8	176
"6201"	9	1	1	19	0	0	90	100	0	0	3.42901103761e-14	560	1551384585.68	-6	204	-6	204
"6202"	9	1	1	19	0	0	90	100	0	0	3.42901103761e-14	560	1551384585.71	-6	228	-6	228
"6203"	9	1	1	19	0	0	90	100	0	0	3.42901103761e-14	560	1551384585.74	-5	245	-5	245
"6204"	9	1	1	19	0	0	90	100	0	0	3.42901103761e-14	560	1551384585.78	-3	258	-3	258
"6205"	9	1	1	19	0	0	90	100	0	0	3.42901103761e-14	560	1551384585.81	0	278	0	278
"6206"	9	1	1	19	0	0	90	100	0	0	3.42901103761e-14	560	1551384585.84	1	300	1	300
"6207"	9	1	1	19	0	0	90	100	0	0	3.42901103761e-14	560	1551384585.88	1	312	1	312
"6208"	9	1	1	19	0	0	90	100	0	0	3.42901103761e-14	560	1551384585.91	2	328	2	328
"6209"	9	1	1	19	0	0	90	100	0	0	3.42901103761e-14	560	1551384585.94	4	347	4	347
"6210"	9	1	1	19	0	0	90	100	0	0	3.42901103761e-14	560	1551384585.98	5	363	5	363
"6211"	9	1	1	19	0	0	90	100	0	0	3.42901103761e-14	560	1551384586.01	4	375	4	375
"6212"	9	1	1	19	0	0	90	100	0	0	3.42901103761e-14	560	1551384586.04	4	388	4	388
"6213"	9	1	1	19	0	0	90	100	0	0	3.42901103761e-14	560	1551384586.08	3	404	3	404
"6214"	9	1	1	19	0	0	90	100	0	0	3.42901103761e-14	560	1551384586.11	0	415	0	415
"6215"	9	1	1	19	0	0	90	100	0	0	3.42901103761e-14	560	1551384586.14	-3	427	-3	427
"6216"	9	1	1	19	0	0	90	100	0	0	3.42901103761e-14	560	1551384586.18	-3	441	-3	441
"6217"	9	1	1	19	0	0	90	100	0	0	3.42901103761e-14	560	1551384586.21	-6	456	-6	456
"6218"	9	1	1	19	0	0	90	100	0	0	3.42901103761e-14	560	1551384586.24	-7	468	-7	468
"6219"	9	1	1	19	0	0	90	100	0	0	3.42901103761e-14	560	1551384586.28	-8	481	-8	481
"6220"	9	1	1	19	0	0	90	100	0	0	3.42901103761e-14	560	1551384586.31	-8	494	-8	494
"6221"	9	1	1	19	0	0	90	100	0	0	3.42901103761e-14	560	1551384586.34	-9	505	-9	505
"6222"	9	1	1	19	0	0	90	100	0	0	3.42901103761e-14	560	1551384586.38	-10	516	-10	516
"6223"	9	1	1	19	0	0	90	100	0	0	3.42901103761e-14	560	1551384586.41	-11	525	-11	525
"6224"	9	1	1	19	0	0	90	100	0	0	3.42901103761e-14	560	1551384586.44	-13	533	-13	533
"6225"	9	1	1	19	0	0	90	100	0	0	3.42901103761e-14	560	1551384586.48	-13	543	-13	543
"6226"	9	1	1	19	0	0	90	100	0	0	3.42901103761e-14	560	1551384586.51	-11	549	-11	549
"6227"	9	1	1	19	0	0	90	100	0	0	3.42901103761e-14	560	1551384586.55	-10	553	-10	553
"6228"	9	1	1	19	0	0	90	100	0	0	3.42901103761e-14	560	1551384586.58	-9	558	-9	558
"6229"	9	1	1	19	0	0	90	100	0	0	3.42901103761e-14	560	1551384586.61	-9	562	-9	562
"6230"	9	1	1	20	0	0	135	100	0	0	-395.979797464	395.979797464	1551384588.33	-5	-2	-5	-2
"6231"	9	1	1	20	0	0	135	100	0	0	-395.979797464	395.979797464	1551384588.35	-5	-2	-5	-2
"6232"	9	1	1	20	0	0	135	100	0	0	-395.979797464	395.979797464	1551384588.38	-5	-3	-5	-3
"6233"	9	1	1	20	0	0	135	100	0	0	-395.979797464	395.979797464	1551384588.41	-4	-7	-4	-7
"6234"	9	1	1	20	0	0	135	100	0	0	-395.979797464	395.979797464	1551384588.45	-4	-8	-4	-8
"6235"	9	1	1	20	0	0	135	100	0	0	-395.979797464	395.979797464	1551384588.48	-4	-8	-4	-8
"6236"	9	1	1	20	0	0	135	100	0	0	-395.979797464	395.979797464	1551384588.51	-4	-8	-4	-8
"6237"	9	1	1	20	0	0	135	100	0	0	-395.979797464	395.979797464	1551384588.55	-4	-8	-4	-8
"6238"	9	1	1	20	0	0	135	100	0	0	-395.979797464	395.979797464	1551384588.58	-4	-8	-4	-8
"6239"	9	1	1	20	0	0	135	100	0	0	-395.979797464	395.979797464	1551384588.61	-4	-8	-4	-8
"6240"	9	1	1	20	0	0	135	100	0	0	-395.979797464	395.979797464	1551384588.65	-4	-8	-4	-8
"6241"	9	1	1	20	0	0	135	100	0	0	-395.979797464	395.979797464	1551384588.68	-4	-8	-4	-8
"6242"	9	1	1	20	0	0	135	100	0	0	-395.979797464	395.979797464	1551384588.71	-7	-5	-7	-5
"6243"	9	1	1	20	0	0	135	100	0	0	-395.979797464	395.979797464	1551384588.75	-18	6	-18	6
"6244"	9	1	1	20	0	0	135	100	0	0	-395.979797464	395.979797464	1551384588.78	-31	17	-31	17
"6245"	9	1	1	20	0	0	135	100	0	0	-395.979797464	395.979797464	1551384588.81	-48	34	-48	34
"6246"	9	1	1	20	0	0	135	100	0	0	-395.979797464	395.979797464	1551384588.85	-66	52	-66	52
"6247"	9	1	1	20	0	0	135	100	0	0	-395.979797464	395.979797464	1551384588.88	-78	64	-78	64
"6248"	9	1	1	20	0	0	135	100	0	0	-395.979797464	395.979797464	1551384588.91	-93	77	-93	77
"6249"	9	1	1	20	0	0	135	100	0	0	-395.979797464	395.979797464	1551384588.95	-109	91	-109	91
"6250"	9	1	1	20	0	0	135	100	0	0	-395.979797464	395.979797464	1551384588.98	-133	113	-133	113
"6251"	9	1	1	20	0	0	135	100	0	0	-395.979797464	395.979797464	1551384589.01	-152	131	-152	131
"6252"	9	1	1	20	0	0	135	100	0	0	-395.979797464	395.979797464	1551384589.05	-172	151	-172	151
"6253"	9	1	1	20	0	0	135	100	0	0	-395.979797464	395.979797464	1551384589.08	-186	167	-186	167
"6254"	9	1	1	20	0	0	135	100	0	0	-395.979797464	395.979797464	1551384589.11	-201	182	-201	182
"6255"	9	1	1	20	0	0	135	100	0	0	-395.979797464	395.979797464	1551384589.15	-218	199	-218	199
"6256"	9	1	1	20	0	0	135	100	0	0	-395.979797464	395.979797464	1551384589.18	-233	215	-233	215
"6257"	9	1	1	20	0	0	135	100	0	0	-395.979797464	395.979797464	1551384589.21	-250	232	-250	232
"6258"	9	1	1	20	0	0	135	100	0	0	-395.979797464	395.979797464	1551384589.25	-265	248	-265	248
"6259"	9	1	1	20	0	0	135	100	0	0	-395.979797464	395.979797464	1551384589.28	-279	264	-279	264
"6260"	9	1	1	20	0	0	135	100	0	0	-395.979797464	395.979797464	1551384589.31	-293	282	-293	282
"6261"	9	1	1	20	0	0	135	100	0	0	-395.979797464	395.979797464	1551384589.35	-305	297	-305	297
"6262"	9	1	1	20	0	0	135	100	0	0	-395.979797464	395.979797464	1551384589.38	-316	309	-316	309
"6263"	9	1	1	20	0	0	135	100	0	0	-395.979797464	395.979797464	1551384589.41	-326	320	-326	320
"6264"	9	1	1	20	0	0	135	100	0	0	-395.979797464	395.979797464	1551384589.45	-335	331	-335	331
"6265"	9	1	1	20	0	0	135	100	0	0	-395.979797464	395.979797464	1551384589.48	-348	344	-348	344
"6266"	9	1	1	20	0	0	135	100	0	0	-395.979797464	395.979797464	1551384589.51	-357	353	-357	353
"6267"	9	1	1	20	0	0	135	100	0	0	-395.979797464	395.979797464	1551384589.55	-363	360	-363	360
"6268"	9	1	1	20	0	0	135	100	0	0	-395.979797464	395.979797464	1551384589.58	-367	364	-367	364
"6269"	9	1	1	20	0	0	135	100	0	0	-395.979797464	395.979797464	1551384589.61	-372	370	-372	370
"6270"	9	1	1	20	0	0	135	100	0	0	-395.979797464	395.979797464	1551384589.65	-377	375	-377	375
"6271"	9	1	1	20	0	0	135	100	0	0	-395.979797464	395.979797464	1551384589.68	-381	380	-381	380
"6272"	9	1	1	20	0	0	135	100	0	0	-395.979797464	395.979797464	1551384589.71	-387	386	-387	386
"6273"	9	1	1	20	0	0	135	100	0	0	-395.979797464	395.979797464	1551384589.75	-391	391	-391	391
"6274"	9	1	1	20	0	0	135	100	0	0	-395.979797464	395.979797464	1551384589.78	-393	393	-393	393
"6275"	9	1	1	20	0	0	135	100	0	0	-395.979797464	395.979797464	1551384589.81	-395	396	-395	396
"6276"	9	1	1	21	0	0	45	100	0	0	395.979797464	395.979797464	1551384591.26	-2	3	-2	3
"6277"	9	1	1	21	0	0	45	100	0	0	395.979797464	395.979797464	1551384591.28	-2	3	-2	3
"6278"	9	1	1	21	0	0	45	100	0	0	395.979797464	395.979797464	1551384591.32	-2	3	-2	3
"6279"	9	1	1	21	0	0	45	100	0	0	395.979797464	395.979797464	1551384591.35	-1	1	-1	1
"6280"	9	1	1	21	0	0	45	100	0	0	395.979797464	395.979797464	1551384591.38	-1	1	-1	1
"6281"	9	1	1	21	0	0	45	100	0	0	395.979797464	395.979797464	1551384591.42	-1	1	-1	1
"6282"	9	1	1	21	0	0	45	100	0	0	395.979797464	395.979797464	1551384591.45	-1	1	-1	1
"6283"	9	1	1	21	0	0	45	100	0	0	395.979797464	395.979797464	1551384591.48	-1	1	-1	1
"6284"	9	1	1	21	0	0	45	100	0	0	395.979797464	395.979797464	1551384591.52	-1	1	-1	1
"6285"	9	1	1	21	0	0	45	100	0	0	395.979797464	395.979797464	1551384591.55	-1	1	-1	1
"6286"	9	1	1	21	0	0	45	100	0	0	395.979797464	395.979797464	1551384591.58	-1	1	-1	1
"6287"	9	1	1	21	0	0	45	100	0	0	395.979797464	395.979797464	1551384591.62	-1	1	-1	1
"6288"	9	1	1	21	0	0	45	100	0	0	395.979797464	395.979797464	1551384591.65	0	1	0	1
"6289"	9	1	1	21	0	0	45	100	0	0	395.979797464	395.979797464	1551384591.68	5	6	5	6
"6290"	9	1	1	21	0	0	45	100	0	0	395.979797464	395.979797464	1551384591.72	13	15	13	15
"6291"	9	1	1	21	0	0	45	100	0	0	395.979797464	395.979797464	1551384591.75	24	28	24	28
"6292"	9	1	1	21	0	0	45	100	0	0	395.979797464	395.979797464	1551384591.78	38	39	38	39
"6293"	9	1	1	21	0	0	45	100	0	0	395.979797464	395.979797464	1551384591.82	62	55	62	55
"6294"	9	1	1	21	0	0	45	100	0	0	395.979797464	395.979797464	1551384591.85	81	67	81	67
"6295"	9	1	1	21	0	0	45	100	0	0	395.979797464	395.979797464	1551384591.88	99	80	99	80
"6296"	9	1	1	21	0	0	45	100	0	0	395.979797464	395.979797464	1551384591.92	119	95	119	95
"6297"	9	1	1	21	0	0	45	100	0	0	395.979797464	395.979797464	1551384591.95	137	110	137	110
"6298"	9	1	1	21	0	0	45	100	0	0	395.979797464	395.979797464	1551384591.98	153	124	153	124
"6299"	9	1	1	21	0	0	45	100	0	0	395.979797464	395.979797464	1551384592.02	170	140	170	140
"6300"	9	1	1	21	0	0	45	100	0	0	395.979797464	395.979797464	1551384592.05	190	160	190	160
"6301"	9	1	1	21	0	0	45	100	0	0	395.979797464	395.979797464	1551384592.08	209	180	209	180
"6302"	9	1	1	21	0	0	45	100	0	0	395.979797464	395.979797464	1551384592.12	223	195	223	195
"6303"	9	1	1	21	0	0	45	100	0	0	395.979797464	395.979797464	1551384592.15	245	219	245	219
"6304"	9	1	1	21	0	0	45	100	0	0	395.979797464	395.979797464	1551384592.18	256	231	256	231
"6305"	9	1	1	21	0	0	45	100	0	0	395.979797464	395.979797464	1551384592.22	276	247	276	247
"6306"	9	1	1	21	0	0	45	100	0	0	395.979797464	395.979797464	1551384592.25	297	269	297	269
"6307"	9	1	1	21	0	0	45	100	0	0	395.979797464	395.979797464	1551384592.28	306	281	306	281
"6308"	9	1	1	21	0	0	45	100	0	0	395.979797464	395.979797464	1551384592.32	316	293	316	293
"6309"	9	1	1	21	0	0	45	100	0	0	395.979797464	395.979797464	1551384592.35	329	308	329	308
"6310"	9	1	1	21	0	0	45	100	0	0	395.979797464	395.979797464	1551384592.38	339	324	339	324
"6311"	9	1	1	21	0	0	45	100	0	0	395.979797464	395.979797464	1551384592.42	347	334	347	334
"6312"	9	1	1	21	0	0	45	100	0	0	395.979797464	395.979797464	1551384592.45	356	342	356	342
"6313"	9	1	1	21	0	0	45	100	0	0	395.979797464	395.979797464	1551384592.48	367	354	367	354
"6314"	9	1	1	21	0	0	45	100	0	0	395.979797464	395.979797464	1551384592.52	372	363	372	363
"6315"	9	1	1	21	0	0	45	100	0	0	395.979797464	395.979797464	1551384592.55	379	372	379	372
"6316"	9	1	1	21	0	0	45	100	0	0	395.979797464	395.979797464	1551384592.58	386	381	386	381
"6317"	9	1	1	21	0	0	45	100	0	0	395.979797464	395.979797464	1551384592.62	391	388	391	388
"6318"	9	1	1	21	0	0	45	100	0	0	395.979797464	395.979797464	1551384592.65	395	394	395	394
"6319"	9	1	1	21	0	0	45	100	0	0	395.979797464	395.979797464	1551384592.68	399	397	399	397
"6320"	9	1	1	21	0	0	45	100	0	0	395.979797464	395.979797464	1551384592.72	402	399	402	399
