"task_num"	"task_name"	"trial_type"	"trial_num"	"terminalfeedback_bool"	"rotation_angle"	"targetangle_deg"	"targetdistance_percmax"	"homex_px"	"homey_px"	"targetx_px"	"targety_px"	"time_s"	"mousex_px"	"mousey_px"	"cursorx_px"	"cursory_px"
"3544"	9	1	1	1	0	0	45	100	0	0	395.979797464	395.979797464	1552400679.69	7	-9	7	-9
"3545"	9	1	1	1	0	0	45	100	0	0	395.979797464	395.979797464	1552400679.71	7	-9	7	-9
"3546"	9	1	1	1	0	0	45	100	0	0	395.979797464	395.979797464	1552400679.74	7	-9	7	-9
"3547"	9	1	1	1	0	0	45	100	0	0	395.979797464	395.979797464	1552400679.78	7	-9	7	-9
"3548"	9	1	1	1	0	0	45	100	0	0	395.979797464	395.979797464	1552400679.81	7	-9	7	-9
"3549"	9	1	1	1	0	0	45	100	0	0	395.979797464	395.979797464	1552400679.84	7	-9	7	-9
"3550"	9	1	1	1	0	0	45	100	0	0	395.979797464	395.979797464	1552400679.88	7	-9	7	-9
"3551"	9	1	1	1	0	0	45	100	0	0	395.979797464	395.979797464	1552400679.91	7	-9	7	-9
"3552"	9	1	1	1	0	0	45	100	0	0	395.979797464	395.979797464	1552400679.94	7	-9	7	-9
"3553"	9	1	1	1	0	0	45	100	0	0	395.979797464	395.979797464	1552400679.98	7	-9	7	-9
"3554"	9	1	1	1	0	0	45	100	0	0	395.979797464	395.979797464	1552400680.01	7	-9	7	-9
"3555"	9	1	1	1	0	0	45	100	0	0	395.979797464	395.979797464	1552400680.04	7	-9	7	-9
"3556"	9	1	1	1	0	0	45	100	0	0	395.979797464	395.979797464	1552400680.08	7	-9	7	-9
"3557"	9	1	1	1	0	0	45	100	0	0	395.979797464	395.979797464	1552400680.11	7	-9	7	-9
"3558"	9	1	1	1	0	0	45	100	0	0	395.979797464	395.979797464	1552400680.14	7	-11	7	-11
"3559"	9	1	1	1	0	0	45	100	0	0	395.979797464	395.979797464	1552400680.18	7	-13	7	-13
"3560"	9	1	1	1	0	0	45	100	0	0	395.979797464	395.979797464	1552400680.21	7	-12	7	-12
"3561"	9	1	1	1	0	0	45	100	0	0	395.979797464	395.979797464	1552400680.24	6	-11	6	-11
"3562"	9	1	1	1	0	0	45	100	0	0	395.979797464	395.979797464	1552400680.28	10	-8	10	-8
"3563"	9	1	1	1	0	0	45	100	0	0	395.979797464	395.979797464	1552400680.31	31	13	31	13
"3564"	9	1	1	1	0	0	45	100	0	0	395.979797464	395.979797464	1552400680.34	46	28	46	28
"3565"	9	1	1	1	0	0	45	100	0	0	395.979797464	395.979797464	1552400680.38	67	50	67	50
"3566"	9	1	1	1	0	0	45	100	0	0	395.979797464	395.979797464	1552400680.41	90	76	90	76
"3567"	9	1	1	1	0	0	45	100	0	0	395.979797464	395.979797464	1552400680.44	114	103	114	103
"3568"	9	1	1	1	0	0	45	100	0	0	395.979797464	395.979797464	1552400680.48	134	126	134	126
"3569"	9	1	1	1	0	0	45	100	0	0	395.979797464	395.979797464	1552400680.51	159	154	159	154
"3570"	9	1	1	1	0	0	45	100	0	0	395.979797464	395.979797464	1552400680.54	180	180	180	180
"3571"	9	1	1	1	0	0	45	100	0	0	395.979797464	395.979797464	1552400680.58	197	203	197	203
"3572"	9	1	1	1	0	0	45	100	0	0	395.979797464	395.979797464	1552400680.61	215	225	215	225
"3573"	9	1	1	1	0	0	45	100	0	0	395.979797464	395.979797464	1552400680.64	231	242	231	242
"3574"	9	1	1	1	0	0	45	100	0	0	395.979797464	395.979797464	1552400680.68	244	261	244	261
"3575"	9	1	1	1	0	0	45	100	0	0	395.979797464	395.979797464	1552400680.71	257	276	257	276
"3576"	9	1	1	1	0	0	45	100	0	0	395.979797464	395.979797464	1552400680.74	279	296	279	296
"3577"	9	1	1	1	0	0	45	100	0	0	395.979797464	395.979797464	1552400680.78	291	307	291	307
"3578"	9	1	1	1	0	0	45	100	0	0	395.979797464	395.979797464	1552400680.81	302	320	302	320
"3579"	9	1	1	1	0	0	45	100	0	0	395.979797464	395.979797464	1552400680.84	312	330	312	330
"3580"	9	1	1	1	0	0	45	100	0	0	395.979797464	395.979797464	1552400680.88	322	341	322	341
"3581"	9	1	1	1	0	0	45	100	0	0	395.979797464	395.979797464	1552400680.91	333	351	333	351
"3582"	9	1	1	1	0	0	45	100	0	0	395.979797464	395.979797464	1552400680.94	345	362	345	362
"3583"	9	1	1	1	0	0	45	100	0	0	395.979797464	395.979797464	1552400680.98	361	372	361	372
"3584"	9	1	1	1	0	0	45	100	0	0	395.979797464	395.979797464	1552400681.01	373	380	373	380
"3585"	9	1	1	1	0	0	45	100	0	0	395.979797464	395.979797464	1552400681.04	378	385	378	385
"3586"	9	1	1	1	0	0	45	100	0	0	395.979797464	395.979797464	1552400681.08	380	387	380	387
"3587"	9	1	1	1	0	0	45	100	0	0	395.979797464	395.979797464	1552400681.11	383	389	383	389
"3588"	9	1	1	2	0	0	135	100	0	0	-395.979797464	395.979797464	1552400682.52	3	-9	3	-9
"3589"	9	1	1	2	0	0	135	100	0	0	-395.979797464	395.979797464	1552400682.55	3	-9	3	-9
"3590"	9	1	1	2	0	0	135	100	0	0	-395.979797464	395.979797464	1552400682.58	3	-9	3	-9
"3591"	9	1	1	2	0	0	135	100	0	0	-395.979797464	395.979797464	1552400682.61	3	-9	3	-9
"3592"	9	1	1	2	0	0	135	100	0	0	-395.979797464	395.979797464	1552400682.65	3	-9	3	-9
"3593"	9	1	1	2	0	0	135	100	0	0	-395.979797464	395.979797464	1552400682.68	3	-9	3	-9
"3594"	9	1	1	2	0	0	135	100	0	0	-395.979797464	395.979797464	1552400682.71	3	-9	3	-9
"3595"	9	1	1	2	0	0	135	100	0	0	-395.979797464	395.979797464	1552400682.75	3	-9	3	-9
"3596"	9	1	1	2	0	0	135	100	0	0	-395.979797464	395.979797464	1552400682.78	3	-8	3	-8
"3597"	9	1	1	2	0	0	135	100	0	0	-395.979797464	395.979797464	1552400682.81	3	-8	3	-8
"3598"	9	1	1	2	0	0	135	100	0	0	-395.979797464	395.979797464	1552400682.85	1	-5	1	-5
"3599"	9	1	1	2	0	0	135	100	0	0	-395.979797464	395.979797464	1552400682.88	-5	2	-5	2
"3600"	9	1	1	2	0	0	135	100	0	0	-395.979797464	395.979797464	1552400682.91	-13	11	-13	11
"3601"	9	1	1	2	0	0	135	100	0	0	-395.979797464	395.979797464	1552400682.95	-27	24	-27	24
"3602"	9	1	1	2	0	0	135	100	0	0	-395.979797464	395.979797464	1552400682.98	-41	37	-41	37
"3603"	9	1	1	2	0	0	135	100	0	0	-395.979797464	395.979797464	1552400683.01	-68	60	-68	60
"3604"	9	1	1	2	0	0	135	100	0	0	-395.979797464	395.979797464	1552400683.05	-87	76	-87	76
"3605"	9	1	1	2	0	0	135	100	0	0	-395.979797464	395.979797464	1552400683.08	-110	96	-110	96
"3606"	9	1	1	2	0	0	135	100	0	0	-395.979797464	395.979797464	1552400683.11	-136	117	-136	117
"3607"	9	1	1	2	0	0	135	100	0	0	-395.979797464	395.979797464	1552400683.15	-157	136	-157	136
"3608"	9	1	1	2	0	0	135	100	0	0	-395.979797464	395.979797464	1552400683.18	-184	159	-184	159
"3609"	9	1	1	2	0	0	135	100	0	0	-395.979797464	395.979797464	1552400683.21	-205	178	-205	178
"3610"	9	1	1	2	0	0	135	100	0	0	-395.979797464	395.979797464	1552400683.25	-230	202	-230	202
"3611"	9	1	1	2	0	0	135	100	0	0	-395.979797464	395.979797464	1552400683.28	-253	225	-253	225
"3612"	9	1	1	2	0	0	135	100	0	0	-395.979797464	395.979797464	1552400683.31	-276	248	-276	248
"3613"	9	1	1	2	0	0	135	100	0	0	-395.979797464	395.979797464	1552400683.35	-296	271	-296	271
"3614"	9	1	1	2	0	0	135	100	0	0	-395.979797464	395.979797464	1552400683.38	-313	290	-313	290
"3615"	9	1	1	2	0	0	135	100	0	0	-395.979797464	395.979797464	1552400683.41	-330	314	-330	314
"3616"	9	1	1	2	0	0	135	100	0	0	-395.979797464	395.979797464	1552400683.45	-345	336	-345	336
"3617"	9	1	1	2	0	0	135	100	0	0	-395.979797464	395.979797464	1552400683.48	-356	353	-356	353
"3618"	9	1	1	2	0	0	135	100	0	0	-395.979797464	395.979797464	1552400683.51	-366	367	-366	367
"3619"	9	1	1	2	0	0	135	100	0	0	-395.979797464	395.979797464	1552400683.55	-375	380	-375	380
"3620"	9	1	1	2	0	0	135	100	0	0	-395.979797464	395.979797464	1552400683.58	-384	393	-384	393
"3621"	9	1	1	2	0	0	135	100	0	0	-395.979797464	395.979797464	1552400683.61	-390	401	-390	401
"3622"	9	1	1	2	0	0	135	100	0	0	-395.979797464	395.979797464	1552400683.65	-395	406	-395	406
"3623"	9	1	1	2	0	0	135	100	0	0	-395.979797464	395.979797464	1552400683.68	-396	407	-396	407
"3624"	9	1	1	3	0	0	90	100	0	0	3.42901103761e-14	560	1552400685.29	2	-1	2	-1
"3625"	9	1	1	3	0	0	90	100	0	0	3.42901103761e-14	560	1552400685.31	2	-1	2	-1
"3626"	9	1	1	3	0	0	90	100	0	0	3.42901103761e-14	560	1552400685.35	2	-2	2	-2
"3627"	9	1	1	3	0	0	90	100	0	0	3.42901103761e-14	560	1552400685.38	2	-2	2	-2
"3628"	9	1	1	3	0	0	90	100	0	0	3.42901103761e-14	560	1552400685.41	2	-2	2	-2
"3629"	9	1	1	3	0	0	90	100	0	0	3.42901103761e-14	560	1552400685.45	2	-2	2	-2
"3630"	9	1	1	3	0	0	90	100	0	0	3.42901103761e-14	560	1552400685.48	2	-2	2	-2
"3631"	9	1	1	3	0	0	90	100	0	0	3.42901103761e-14	560	1552400685.51	2	-2	2	-2
"3632"	9	1	1	3	0	0	90	100	0	0	3.42901103761e-14	560	1552400685.55	2	-2	2	-2
"3633"	9	1	1	3	0	0	90	100	0	0	3.42901103761e-14	560	1552400685.58	2	-1	2	-1
"3634"	9	1	1	3	0	0	90	100	0	0	3.42901103761e-14	560	1552400685.62	1	4	1	4
"3635"	9	1	1	3	0	0	90	100	0	0	3.42901103761e-14	560	1552400685.65	1	13	1	13
"3636"	9	1	1	3	0	0	90	100	0	0	3.42901103761e-14	560	1552400685.68	3	38	3	38
"3637"	9	1	1	3	0	0	90	100	0	0	3.42901103761e-14	560	1552400685.72	4	64	4	64
"3638"	9	1	1	3	0	0	90	100	0	0	3.42901103761e-14	560	1552400685.75	4	90	4	90
"3639"	9	1	1	3	0	0	90	100	0	0	3.42901103761e-14	560	1552400685.78	5	132	5	132
"3640"	9	1	1	3	0	0	90	100	0	0	3.42901103761e-14	560	1552400685.82	8	167	8	167
"3641"	9	1	1	3	0	0	90	100	0	0	3.42901103761e-14	560	1552400685.85	11	209	11	209
"3642"	9	1	1	3	0	0	90	100	0	0	3.42901103761e-14	560	1552400685.88	14	244	14	244
"3643"	9	1	1	3	0	0	90	100	0	0	3.42901103761e-14	560	1552400685.92	14	285	14	285
"3644"	9	1	1	3	0	0	90	100	0	0	3.42901103761e-14	560	1552400685.95	13	323	13	323
"3645"	9	1	1	3	0	0	90	100	0	0	3.42901103761e-14	560	1552400685.98	11	353	11	353
"3646"	9	1	1	3	0	0	90	100	0	0	3.42901103761e-14	560	1552400686.02	10	386	10	386
"3647"	9	1	1	3	0	0	90	100	0	0	3.42901103761e-14	560	1552400686.05	8	416	8	416
"3648"	9	1	1	3	0	0	90	100	0	0	3.42901103761e-14	560	1552400686.08	5	443	5	443
"3649"	9	1	1	3	0	0	90	100	0	0	3.42901103761e-14	560	1552400686.12	4	467	4	467
"3650"	9	1	1	3	0	0	90	100	0	0	3.42901103761e-14	560	1552400686.15	4	485	4	485
"3651"	9	1	1	3	0	0	90	100	0	0	3.42901103761e-14	560	1552400686.18	4	501	4	501
"3652"	9	1	1	3	0	0	90	100	0	0	3.42901103761e-14	560	1552400686.22	3	515	3	515
"3653"	9	1	1	3	0	0	90	100	0	0	3.42901103761e-14	560	1552400686.25	3	530	3	530
"3654"	9	1	1	3	0	0	90	100	0	0	3.42901103761e-14	560	1552400686.28	3	543	3	543
"3655"	9	1	1	3	0	0	90	100	0	0	3.42901103761e-14	560	1552400686.32	3	554	3	554
"3656"	9	1	1	3	0	0	90	100	0	0	3.42901103761e-14	560	1552400686.35	2	564	2	564
"3657"	9	1	1	3	0	0	90	100	0	0	3.42901103761e-14	560	1552400686.38	1	570	1	570
"3658"	9	1	1	3	0	0	90	100	0	0	3.42901103761e-14	560	1552400686.42	0	575	0	575
"3659"	9	1	1	3	0	0	90	100	0	0	3.42901103761e-14	560	1552400686.45	-1	578	-1	578
"3660"	9	1	1	3	0	0	90	100	0	0	3.42901103761e-14	560	1552400686.48	-1	578	-1	578
"3661"	9	1	1	3	0	0	90	100	0	0	3.42901103761e-14	560	1552400686.52	-1	578	-1	578
"3662"	9	1	1	3	0	0	90	100	0	0	3.42901103761e-14	560	1552400686.55	-1	578	-1	578
"3663"	9	1	1	3	0	0	90	100	0	0	3.42901103761e-14	560	1552400686.58	-1	578	-1	578
"3664"	9	1	1	3	0	0	90	100	0	0	3.42901103761e-14	560	1552400686.62	-1	578	-1	578
"3665"	9	1	1	3	0	0	90	100	0	0	3.42901103761e-14	560	1552400686.65	-1	578	-1	578
"3666"	9	1	1	3	0	0	90	100	0	0	3.42901103761e-14	560	1552400686.68	-1	578	-1	578
"3667"	9	1	1	3	0	0	90	100	0	0	3.42901103761e-14	560	1552400686.72	-1	578	-1	578
"3668"	9	1	1	3	0	0	90	100	0	0	3.42901103761e-14	560	1552400686.75	-1	577	-1	577
"3669"	9	1	1	3	0	0	90	100	0	0	3.42901103761e-14	560	1552400686.78	-1	575	-1	575
"3670"	9	1	1	3	0	0	90	100	0	0	3.42901103761e-14	560	1552400686.82	-2	571	-2	571
"3671"	9	1	1	3	0	0	90	100	0	0	3.42901103761e-14	560	1552400686.85	-2	567	-2	567
"3672"	9	1	1	3	0	0	90	100	0	0	3.42901103761e-14	560	1552400686.88	-2	563	-2	563
"3673"	9	1	1	3	0	0	90	100	0	0	3.42901103761e-14	560	1552400686.92	-2	559	-2	559
"3674"	9	1	1	3	0	0	90	100	0	0	3.42901103761e-14	560	1552400686.95	-2	557	-2	557
"3675"	9	1	1	4	0	0	90	100	0	0	3.42901103761e-14	560	1552400688.33	-8	-3	-8	-3
"3676"	9	1	1	4	0	0	90	100	0	0	3.42901103761e-14	560	1552400688.35	-8	-3	-8	-3
"3677"	9	1	1	4	0	0	90	100	0	0	3.42901103761e-14	560	1552400688.38	-8	-3	-8	-3
"3678"	9	1	1	4	0	0	90	100	0	0	3.42901103761e-14	560	1552400688.42	-8	-3	-8	-3
"3679"	9	1	1	4	0	0	90	100	0	0	3.42901103761e-14	560	1552400688.45	-8	-3	-8	-3
"3680"	9	1	1	4	0	0	90	100	0	0	3.42901103761e-14	560	1552400688.48	-8	-3	-8	-3
"3681"	9	1	1	4	0	0	90	100	0	0	3.42901103761e-14	560	1552400688.52	-8	-3	-8	-3
"3682"	9	1	1	4	0	0	90	100	0	0	3.42901103761e-14	560	1552400688.55	-8	-3	-8	-3
"3683"	9	1	1	4	0	0	90	100	0	0	3.42901103761e-14	560	1552400688.58	-8	-3	-8	-3
"3684"	9	1	1	4	0	0	90	100	0	0	3.42901103761e-14	560	1552400688.62	-8	-3	-8	-3
"3685"	9	1	1	4	0	0	90	100	0	0	3.42901103761e-14	560	1552400688.65	-7	-1	-7	-1
"3686"	9	1	1	4	0	0	90	100	0	0	3.42901103761e-14	560	1552400688.68	-1	6	-1	6
"3687"	9	1	1	4	0	0	90	100	0	0	3.42901103761e-14	560	1552400688.72	8	17	8	17
"3688"	9	1	1	4	0	0	90	100	0	0	3.42901103761e-14	560	1552400688.75	16	27	16	27
"3689"	9	1	1	4	0	0	90	100	0	0	3.42901103761e-14	560	1552400688.78	22	39	22	39
"3690"	9	1	1	4	0	0	90	100	0	0	3.42901103761e-14	560	1552400688.82	26	50	26	50
"3691"	9	1	1	4	0	0	90	100	0	0	3.42901103761e-14	560	1552400688.85	28	63	28	63
"3692"	9	1	1	4	0	0	90	100	0	0	3.42901103761e-14	560	1552400688.88	29	77	29	77
"3693"	9	1	1	4	0	0	90	100	0	0	3.42901103761e-14	560	1552400688.92	27	102	27	102
"3694"	9	1	1	4	0	0	90	100	0	0	3.42901103761e-14	560	1552400688.95	26	127	26	127
"3695"	9	1	1	4	0	0	90	100	0	0	3.42901103761e-14	560	1552400688.98	26	152	26	152
"3696"	9	1	1	4	0	0	90	100	0	0	3.42901103761e-14	560	1552400689.02	26	185	26	185
"3697"	9	1	1	4	0	0	90	100	0	0	3.42901103761e-14	560	1552400689.05	26	219	26	219
"3698"	9	1	1	4	0	0	90	100	0	0	3.42901103761e-14	560	1552400689.08	27	250	27	250
"3699"	9	1	1	4	0	0	90	100	0	0	3.42901103761e-14	560	1552400689.12	29	285	29	285
"3700"	9	1	1	4	0	0	90	100	0	0	3.42901103761e-14	560	1552400689.15	29	317	29	317
"3701"	9	1	1	4	0	0	90	100	0	0	3.42901103761e-14	560	1552400689.18	28	347	28	347
"3702"	9	1	1	4	0	0	90	100	0	0	3.42901103761e-14	560	1552400689.22	26	370	26	370
"3703"	9	1	1	4	0	0	90	100	0	0	3.42901103761e-14	560	1552400689.25	23	394	23	394
"3704"	9	1	1	4	0	0	90	100	0	0	3.42901103761e-14	560	1552400689.28	20	417	20	417
"3705"	9	1	1	4	0	0	90	100	0	0	3.42901103761e-14	560	1552400689.32	17	436	17	436
"3706"	9	1	1	4	0	0	90	100	0	0	3.42901103761e-14	560	1552400689.35	15	458	15	458
"3707"	9	1	1	4	0	0	90	100	0	0	3.42901103761e-14	560	1552400689.38	13	476	13	476
"3708"	9	1	1	4	0	0	90	100	0	0	3.42901103761e-14	560	1552400689.42	12	494	12	494
"3709"	9	1	1	4	0	0	90	100	0	0	3.42901103761e-14	560	1552400689.45	11	507	11	507
"3710"	9	1	1	4	0	0	90	100	0	0	3.42901103761e-14	560	1552400689.48	8	520	8	520
"3711"	9	1	1	4	0	0	90	100	0	0	3.42901103761e-14	560	1552400689.52	6	532	6	532
"3712"	9	1	1	4	0	0	90	100	0	0	3.42901103761e-14	560	1552400689.55	4	541	4	541
"3713"	9	1	1	4	0	0	90	100	0	0	3.42901103761e-14	560	1552400689.58	2	550	2	550
"3714"	9	1	1	4	0	0	90	100	0	0	3.42901103761e-14	560	1552400689.62	1	557	1	557
"3715"	9	1	1	4	0	0	90	100	0	0	3.42901103761e-14	560	1552400689.65	-1	562	-1	562
"3716"	9	1	1	4	0	0	90	100	0	0	3.42901103761e-14	560	1552400689.68	-2	567	-2	567
"3717"	9	1	1	4	0	0	90	100	0	0	3.42901103761e-14	560	1552400689.72	-3	568	-3	568
"3718"	9	1	1	5	0	0	45	100	0	0	395.979797464	395.979797464	1552400691.06	4	-5	4	-5
"3719"	9	1	1	5	0	0	45	100	0	0	395.979797464	395.979797464	1552400691.09	4	-5	4	-5
"3720"	9	1	1	5	0	0	45	100	0	0	395.979797464	395.979797464	1552400691.12	4	-5	4	-5
"3721"	9	1	1	5	0	0	45	100	0	0	395.979797464	395.979797464	1552400691.15	4	-5	4	-5
"3722"	9	1	1	5	0	0	45	100	0	0	395.979797464	395.979797464	1552400691.19	4	-4	4	-4
"3723"	9	1	1	5	0	0	45	100	0	0	395.979797464	395.979797464	1552400691.22	4	-4	4	-4
"3724"	9	1	1	5	0	0	45	100	0	0	395.979797464	395.979797464	1552400691.25	4	-4	4	-4
"3725"	9	1	1	5	0	0	45	100	0	0	395.979797464	395.979797464	1552400691.29	4	-4	4	-4
"3726"	9	1	1	5	0	0	45	100	0	0	395.979797464	395.979797464	1552400691.32	4	-4	4	-4
"3727"	9	1	1	5	0	0	45	100	0	0	395.979797464	395.979797464	1552400691.35	4	-4	4	-4
"3728"	9	1	1	5	0	0	45	100	0	0	395.979797464	395.979797464	1552400691.39	5	-2	5	-2
"3729"	9	1	1	5	0	0	45	100	0	0	395.979797464	395.979797464	1552400691.42	10	6	10	6
"3730"	9	1	1	5	0	0	45	100	0	0	395.979797464	395.979797464	1552400691.45	20	17	20	17
"3731"	9	1	1	5	0	0	45	100	0	0	395.979797464	395.979797464	1552400691.49	33	30	33	30
"3732"	9	1	1	5	0	0	45	100	0	0	395.979797464	395.979797464	1552400691.52	46	44	46	44
"3733"	9	1	1	5	0	0	45	100	0	0	395.979797464	395.979797464	1552400691.55	64	62	64	62
"3734"	9	1	1	5	0	0	45	100	0	0	395.979797464	395.979797464	1552400691.59	85	84	85	84
"3735"	9	1	1	5	0	0	45	100	0	0	395.979797464	395.979797464	1552400691.62	108	106	108	106
"3736"	9	1	1	5	0	0	45	100	0	0	395.979797464	395.979797464	1552400691.65	134	131	134	131
"3737"	9	1	1	5	0	0	45	100	0	0	395.979797464	395.979797464	1552400691.69	161	156	161	156
"3738"	9	1	1	5	0	0	45	100	0	0	395.979797464	395.979797464	1552400691.72	189	183	189	183
"3739"	9	1	1	5	0	0	45	100	0	0	395.979797464	395.979797464	1552400691.75	214	205	214	205
"3740"	9	1	1	5	0	0	45	100	0	0	395.979797464	395.979797464	1552400691.79	242	232	242	232
"3741"	9	1	1	5	0	0	45	100	0	0	395.979797464	395.979797464	1552400691.82	268	257	268	257
"3742"	9	1	1	5	0	0	45	100	0	0	395.979797464	395.979797464	1552400691.85	290	277	290	277
"3743"	9	1	1	5	0	0	45	100	0	0	395.979797464	395.979797464	1552400691.89	314	298	314	298
"3744"	9	1	1	5	0	0	45	100	0	0	395.979797464	395.979797464	1552400691.92	335	318	335	318
"3745"	9	1	1	5	0	0	45	100	0	0	395.979797464	395.979797464	1552400691.95	351	332	351	332
"3746"	9	1	1	5	0	0	45	100	0	0	395.979797464	395.979797464	1552400691.99	364	345	364	345
"3747"	9	1	1	5	0	0	45	100	0	0	395.979797464	395.979797464	1552400692.02	378	358	378	358
"3748"	9	1	1	5	0	0	45	100	0	0	395.979797464	395.979797464	1552400692.05	390	370	390	370
"3749"	9	1	1	5	0	0	45	100	0	0	395.979797464	395.979797464	1552400692.09	398	378	398	378
"3750"	9	1	1	5	0	0	45	100	0	0	395.979797464	395.979797464	1552400692.12	407	388	407	388
"3751"	9	1	1	5	0	0	45	100	0	0	395.979797464	395.979797464	1552400692.15	414	396	414	396
"3752"	9	1	1	5	0	0	45	100	0	0	395.979797464	395.979797464	1552400692.19	418	401	418	401
"3753"	9	1	1	5	0	0	45	100	0	0	395.979797464	395.979797464	1552400692.22	421	405	421	405
"3754"	9	1	1	5	0	0	45	100	0	0	395.979797464	395.979797464	1552400692.25	421	405	421	405
"3755"	9	1	1	5	0	0	45	100	0	0	395.979797464	395.979797464	1552400692.29	421	405	421	405
"3756"	9	1	1	5	0	0	45	100	0	0	395.979797464	395.979797464	1552400692.32	421	405	421	405
"3757"	9	1	1	5	0	0	45	100	0	0	395.979797464	395.979797464	1552400692.35	421	405	421	405
"3758"	9	1	1	5	0	0	45	100	0	0	395.979797464	395.979797464	1552400692.39	421	405	421	405
"3759"	9	1	1	5	0	0	45	100	0	0	395.979797464	395.979797464	1552400692.42	421	405	421	405
"3760"	9	1	1	5	0	0	45	100	0	0	395.979797464	395.979797464	1552400692.45	421	405	421	405
"3761"	9	1	1	5	0	0	45	100	0	0	395.979797464	395.979797464	1552400692.49	419	403	419	403
"3762"	9	1	1	5	0	0	45	100	0	0	395.979797464	395.979797464	1552400692.52	416	402	416	402
"3763"	9	1	1	5	0	0	45	100	0	0	395.979797464	395.979797464	1552400692.55	415	401	415	401
"3764"	9	1	1	5	0	0	45	100	0	0	395.979797464	395.979797464	1552400692.59	411	399	411	399
"3765"	9	1	1	5	0	0	45	100	0	0	395.979797464	395.979797464	1552400692.62	408	398	408	398
"3766"	9	1	1	5	0	0	45	100	0	0	395.979797464	395.979797464	1552400692.65	406	398	406	398
"3767"	9	1	1	5	0	0	45	100	0	0	395.979797464	395.979797464	1552400692.69	404	399	404	399
"3768"	9	1	1	5	0	0	45	100	0	0	395.979797464	395.979797464	1552400692.72	401	398	401	398
"3769"	9	1	1	5	0	0	45	100	0	0	395.979797464	395.979797464	1552400692.75	399	398	399	398
"3770"	9	1	1	5	0	0	45	100	0	0	395.979797464	395.979797464	1552400692.79	397	397	397	397
"3771"	9	1	1	6	0	0	135	100	0	0	-395.979797464	395.979797464	1552400694.4	-2	-3	-2	-3
"3772"	9	1	1	6	0	0	135	100	0	0	-395.979797464	395.979797464	1552400694.42	-2	-3	-2	-3
"3773"	9	1	1	6	0	0	135	100	0	0	-395.979797464	395.979797464	1552400694.46	-2	-3	-2	-3
"3774"	9	1	1	6	0	0	135	100	0	0	-395.979797464	395.979797464	1552400694.49	-2	-3	-2	-3
"3775"	9	1	1	6	0	0	135	100	0	0	-395.979797464	395.979797464	1552400694.52	-2	-3	-2	-3
"3776"	9	1	1	6	0	0	135	100	0	0	-395.979797464	395.979797464	1552400694.56	-2	-3	-2	-3
"3777"	9	1	1	6	0	0	135	100	0	0	-395.979797464	395.979797464	1552400694.59	-2	-3	-2	-3
"3778"	9	1	1	6	0	0	135	100	0	0	-395.979797464	395.979797464	1552400694.62	-2	-3	-2	-3
"3779"	9	1	1	6	0	0	135	100	0	0	-395.979797464	395.979797464	1552400694.66	-2	-3	-2	-3
"3780"	9	1	1	6	0	0	135	100	0	0	-395.979797464	395.979797464	1552400694.69	-3	-2	-3	-2
"3781"	9	1	1	6	0	0	135	100	0	0	-395.979797464	395.979797464	1552400694.72	-6	1	-6	1
"3782"	9	1	1	6	0	0	135	100	0	0	-395.979797464	395.979797464	1552400694.76	-11	8	-11	8
"3783"	9	1	1	6	0	0	135	100	0	0	-395.979797464	395.979797464	1552400694.79	-21	16	-21	16
"3784"	9	1	1	6	0	0	135	100	0	0	-395.979797464	395.979797464	1552400694.82	-33	26	-33	26
"3785"	9	1	1	6	0	0	135	100	0	0	-395.979797464	395.979797464	1552400694.86	-46	37	-46	37
"3786"	9	1	1	6	0	0	135	100	0	0	-395.979797464	395.979797464	1552400694.89	-64	52	-64	52
"3787"	9	1	1	6	0	0	135	100	0	0	-395.979797464	395.979797464	1552400694.92	-86	69	-86	69
"3788"	9	1	1	6	0	0	135	100	0	0	-395.979797464	395.979797464	1552400694.96	-107	88	-107	88
"3789"	9	1	1	6	0	0	135	100	0	0	-395.979797464	395.979797464	1552400694.99	-129	107	-129	107
"3790"	9	1	1	6	0	0	135	100	0	0	-395.979797464	395.979797464	1552400695.02	-151	128	-151	128
"3791"	9	1	1	6	0	0	135	100	0	0	-395.979797464	395.979797464	1552400695.06	-175	150	-175	150
"3792"	9	1	1	6	0	0	135	100	0	0	-395.979797464	395.979797464	1552400695.09	-194	168	-194	168
"3793"	9	1	1	6	0	0	135	100	0	0	-395.979797464	395.979797464	1552400695.12	-216	189	-216	189
"3794"	9	1	1	6	0	0	135	100	0	0	-395.979797464	395.979797464	1552400695.16	-235	207	-235	207
"3795"	9	1	1	6	0	0	135	100	0	0	-395.979797464	395.979797464	1552400695.19	-256	229	-256	229
"3796"	9	1	1	6	0	0	135	100	0	0	-395.979797464	395.979797464	1552400695.22	-275	248	-275	248
"3797"	9	1	1	6	0	0	135	100	0	0	-395.979797464	395.979797464	1552400695.26	-295	270	-295	270
"3798"	9	1	1	6	0	0	135	100	0	0	-395.979797464	395.979797464	1552400695.29	-311	289	-311	289
"3799"	9	1	1	6	0	0	135	100	0	0	-395.979797464	395.979797464	1552400695.32	-326	306	-326	306
"3800"	9	1	1	6	0	0	135	100	0	0	-395.979797464	395.979797464	1552400695.36	-338	321	-338	321
"3801"	9	1	1	6	0	0	135	100	0	0	-395.979797464	395.979797464	1552400695.39	-351	337	-351	337
"3802"	9	1	1	6	0	0	135	100	0	0	-395.979797464	395.979797464	1552400695.42	-360	349	-360	349
"3803"	9	1	1	6	0	0	135	100	0	0	-395.979797464	395.979797464	1552400695.46	-370	361	-370	361
"3804"	9	1	1	6	0	0	135	100	0	0	-395.979797464	395.979797464	1552400695.49	-377	370	-377	370
"3805"	9	1	1	6	0	0	135	100	0	0	-395.979797464	395.979797464	1552400695.52	-384	379	-384	379
"3806"	9	1	1	6	0	0	135	100	0	0	-395.979797464	395.979797464	1552400695.56	-390	386	-390	386
"3807"	9	1	1	6	0	0	135	100	0	0	-395.979797464	395.979797464	1552400695.59	-394	390	-394	390
"3808"	9	1	1	6	0	0	135	100	0	0	-395.979797464	395.979797464	1552400695.62	-397	393	-397	393
"3809"	9	1	1	6	0	0	135	100	0	0	-395.979797464	395.979797464	1552400695.66	-399	395	-399	395
"3810"	9	1	1	7	0	0	90	100	0	0	3.42901103761e-14	560	1552400697.17	1	-9	1	-9
"3811"	9	1	1	7	0	0	90	100	0	0	3.42901103761e-14	560	1552400697.19	1	-9	1	-9
"3812"	9	1	1	7	0	0	90	100	0	0	3.42901103761e-14	560	1552400697.22	1	-9	1	-9
"3813"	9	1	1	7	0	0	90	100	0	0	3.42901103761e-14	560	1552400697.26	1	-9	1	-9
"3814"	9	1	1	7	0	0	90	100	0	0	3.42901103761e-14	560	1552400697.29	1	-9	1	-9
"3815"	9	1	1	7	0	0	90	100	0	0	3.42901103761e-14	560	1552400697.32	1	-9	1	-9
"3816"	9	1	1	7	0	0	90	100	0	0	3.42901103761e-14	560	1552400697.36	1	-9	1	-9
"3817"	9	1	1	7	0	0	90	100	0	0	3.42901103761e-14	560	1552400697.39	1	-9	1	-9
"3818"	9	1	1	7	0	0	90	100	0	0	3.42901103761e-14	560	1552400697.42	1	-9	1	-9
"3819"	9	1	1	7	0	0	90	100	0	0	3.42901103761e-14	560	1552400697.46	1	-8	1	-8
"3820"	9	1	1	7	0	0	90	100	0	0	3.42901103761e-14	560	1552400697.49	1	1	1	1
"3821"	9	1	1	7	0	0	90	100	0	0	3.42901103761e-14	560	1552400697.52	1	23	1	23
"3822"	9	1	1	7	0	0	90	100	0	0	3.42901103761e-14	560	1552400697.56	1	51	1	51
"3823"	9	1	1	7	0	0	90	100	0	0	3.42901103761e-14	560	1552400697.59	0	75	0	75
"3824"	9	1	1	7	0	0	90	100	0	0	3.42901103761e-14	560	1552400697.62	0	111	0	111
"3825"	9	1	1	7	0	0	90	100	0	0	3.42901103761e-14	560	1552400697.66	3	150	3	150
"3826"	9	1	1	7	0	0	90	100	0	0	3.42901103761e-14	560	1552400697.69	4	183	4	183
"3827"	9	1	1	7	0	0	90	100	0	0	3.42901103761e-14	560	1552400697.72	5	222	5	222
"3828"	9	1	1	7	0	0	90	100	0	0	3.42901103761e-14	560	1552400697.76	3	259	3	259
"3829"	9	1	1	7	0	0	90	100	0	0	3.42901103761e-14	560	1552400697.79	-1	296	-1	296
"3830"	9	1	1	7	0	0	90	100	0	0	3.42901103761e-14	560	1552400697.82	-3	327	-3	327
"3831"	9	1	1	7	0	0	90	100	0	0	3.42901103761e-14	560	1552400697.86	-5	359	-5	359
"3832"	9	1	1	7	0	0	90	100	0	0	3.42901103761e-14	560	1552400697.89	-7	390	-7	390
"3833"	9	1	1	7	0	0	90	100	0	0	3.42901103761e-14	560	1552400697.92	-9	415	-9	415
"3834"	9	1	1	7	0	0	90	100	0	0	3.42901103761e-14	560	1552400697.96	-11	440	-11	440
"3835"	9	1	1	7	0	0	90	100	0	0	3.42901103761e-14	560	1552400697.99	-13	463	-13	463
"3836"	9	1	1	7	0	0	90	100	0	0	3.42901103761e-14	560	1552400698.02	-13	475	-13	475
"3837"	9	1	1	7	0	0	90	100	0	0	3.42901103761e-14	560	1552400698.06	-13	495	-13	495
"3838"	9	1	1	7	0	0	90	100	0	0	3.42901103761e-14	560	1552400698.09	-12	507	-12	507
"3839"	9	1	1	7	0	0	90	100	0	0	3.42901103761e-14	560	1552400698.12	-11	517	-11	517
"3840"	9	1	1	7	0	0	90	100	0	0	3.42901103761e-14	560	1552400698.16	-10	524	-10	524
"3841"	9	1	1	7	0	0	90	100	0	0	3.42901103761e-14	560	1552400698.19	-8	532	-8	532
"3842"	9	1	1	7	0	0	90	100	0	0	3.42901103761e-14	560	1552400698.22	-7	539	-7	539
"3843"	9	1	1	7	0	0	90	100	0	0	3.42901103761e-14	560	1552400698.26	-6	545	-6	545
"3844"	9	1	1	7	0	0	90	100	0	0	3.42901103761e-14	560	1552400698.29	-5	549	-5	549
"3845"	9	1	1	7	0	0	90	100	0	0	3.42901103761e-14	560	1552400698.32	-5	552	-5	552
"3846"	9	1	1	8	0	0	45	100	0	0	395.979797464	395.979797464	1552400699.8	-2	5	-2	5
"3847"	9	1	1	8	0	0	45	100	0	0	395.979797464	395.979797464	1552400699.83	-2	5	-2	5
"3848"	9	1	1	8	0	0	45	100	0	0	395.979797464	395.979797464	1552400699.86	-2	5	-2	5
"3849"	9	1	1	8	0	0	45	100	0	0	395.979797464	395.979797464	1552400699.89	-2	5	-2	5
"3850"	9	1	1	8	0	0	45	100	0	0	395.979797464	395.979797464	1552400699.93	-2	5	-2	5
"3851"	9	1	1	8	0	0	45	100	0	0	395.979797464	395.979797464	1552400699.96	-2	5	-2	5
"3852"	9	1	1	8	0	0	45	100	0	0	395.979797464	395.979797464	1552400699.99	-2	5	-2	5
"3853"	9	1	1	8	0	0	45	100	0	0	395.979797464	395.979797464	1552400700.03	-2	5	-2	5
"3854"	9	1	1	8	0	0	45	100	0	0	395.979797464	395.979797464	1552400700.06	-2	6	-2	6
"3855"	9	1	1	8	0	0	45	100	0	0	395.979797464	395.979797464	1552400700.09	-2	6	-2	6
"3856"	9	1	1	8	0	0	45	100	0	0	395.979797464	395.979797464	1552400700.13	1	10	1	10
"3857"	9	1	1	8	0	0	45	100	0	0	395.979797464	395.979797464	1552400700.16	7	21	7	21
"3858"	9	1	1	8	0	0	45	100	0	0	395.979797464	395.979797464	1552400700.19	23	43	23	43
"3859"	9	1	1	8	0	0	45	100	0	0	395.979797464	395.979797464	1552400700.23	35	60	35	60
"3860"	9	1	1	8	0	0	45	100	0	0	395.979797464	395.979797464	1552400700.26	57	87	57	87
"3861"	9	1	1	8	0	0	45	100	0	0	395.979797464	395.979797464	1552400700.29	83	116	83	116
"3862"	9	1	1	8	0	0	45	100	0	0	395.979797464	395.979797464	1552400700.33	112	146	112	146
"3863"	9	1	1	8	0	0	45	100	0	0	395.979797464	395.979797464	1552400700.36	137	173	137	173
"3864"	9	1	1	8	0	0	45	100	0	0	395.979797464	395.979797464	1552400700.39	164	202	164	202
"3865"	9	1	1	8	0	0	45	100	0	0	395.979797464	395.979797464	1552400700.43	189	230	189	230
"3866"	9	1	1	8	0	0	45	100	0	0	395.979797464	395.979797464	1552400700.46	210	252	210	252
"3867"	9	1	1	8	0	0	45	100	0	0	395.979797464	395.979797464	1552400700.49	232	276	232	276
"3868"	9	1	1	8	0	0	45	100	0	0	395.979797464	395.979797464	1552400700.53	252	296	252	296
"3869"	9	1	1	8	0	0	45	100	0	0	395.979797464	395.979797464	1552400700.56	270	314	270	314
"3870"	9	1	1	8	0	0	45	100	0	0	395.979797464	395.979797464	1552400700.59	283	326	283	326
"3871"	9	1	1	8	0	0	45	100	0	0	395.979797464	395.979797464	1552400700.63	298	339	298	339
"3872"	9	1	1	8	0	0	45	100	0	0	395.979797464	395.979797464	1552400700.66	308	349	308	349
"3873"	9	1	1	8	0	0	45	100	0	0	395.979797464	395.979797464	1552400700.69	315	355	315	355
"3874"	9	1	1	8	0	0	45	100	0	0	395.979797464	395.979797464	1552400700.73	324	361	324	361
"3875"	9	1	1	8	0	0	45	100	0	0	395.979797464	395.979797464	1552400700.76	336	367	336	367
"3876"	9	1	1	8	0	0	45	100	0	0	395.979797464	395.979797464	1552400700.79	347	372	347	372
"3877"	9	1	1	8	0	0	45	100	0	0	395.979797464	395.979797464	1552400700.83	361	378	361	378
"3878"	9	1	1	8	0	0	45	100	0	0	395.979797464	395.979797464	1552400700.86	371	383	371	383
"3879"	9	1	1	8	0	0	45	100	0	0	395.979797464	395.979797464	1552400700.89	377	386	377	386
"3880"	9	1	1	8	0	0	45	100	0	0	395.979797464	395.979797464	1552400700.93	383	389	383	389
"3881"	9	1	1	8	0	0	45	100	0	0	395.979797464	395.979797464	1552400700.96	390	393	390	393
"3882"	9	1	1	8	0	0	45	100	0	0	395.979797464	395.979797464	1552400700.99	394	396	394	396
"3883"	9	1	1	8	0	0	45	100	0	0	395.979797464	395.979797464	1552400701.03	397	399	397	399
"3884"	9	1	1	8	0	0	45	100	0	0	395.979797464	395.979797464	1552400701.06	399	401	399	401
"3885"	9	1	1	9	0	0	135	100	0	0	-395.979797464	395.979797464	1552400702.44	-1	-8	-1	-8
"3886"	9	1	1	9	0	0	135	100	0	0	-395.979797464	395.979797464	1552400702.48	-1	-7	-1	-7
"3887"	9	1	1	9	0	0	135	100	0	0	-395.979797464	395.979797464	1552400702.51	-1	-7	-1	-7
"3888"	9	1	1	9	0	0	135	100	0	0	-395.979797464	395.979797464	1552400702.54	-1	-7	-1	-7
"3889"	9	1	1	9	0	0	135	100	0	0	-395.979797464	395.979797464	1552400702.58	-1	-7	-1	-7
"3890"	9	1	1	9	0	0	135	100	0	0	-395.979797464	395.979797464	1552400702.61	-1	-7	-1	-7
"3891"	9	1	1	9	0	0	135	100	0	0	-395.979797464	395.979797464	1552400702.64	-1	-7	-1	-7
"3892"	9	1	1	9	0	0	135	100	0	0	-395.979797464	395.979797464	1552400702.68	-1	-7	-1	-7
"3893"	9	1	1	9	0	0	135	100	0	0	-395.979797464	395.979797464	1552400702.71	-1	-6	-1	-6
"3894"	9	1	1	9	0	0	135	100	0	0	-395.979797464	395.979797464	1552400702.74	-2	-3	-2	-3
"3895"	9	1	1	9	0	0	135	100	0	0	-395.979797464	395.979797464	1552400702.78	-2	8	-2	8
"3896"	9	1	1	9	0	0	135	100	0	0	-395.979797464	395.979797464	1552400702.81	-4	16	-4	16
"3897"	9	1	1	9	0	0	135	100	0	0	-395.979797464	395.979797464	1552400702.84	-9	28	-9	28
"3898"	9	1	1	9	0	0	135	100	0	0	-395.979797464	395.979797464	1552400702.88	-17	43	-17	43
"3899"	9	1	1	9	0	0	135	100	0	0	-395.979797464	395.979797464	1552400702.91	-30	58	-30	58
"3900"	9	1	1	9	0	0	135	100	0	0	-395.979797464	395.979797464	1552400702.94	-43	72	-43	72
"3901"	9	1	1	9	0	0	135	100	0	0	-395.979797464	395.979797464	1552400702.98	-59	91	-59	91
"3902"	9	1	1	9	0	0	135	100	0	0	-395.979797464	395.979797464	1552400703.01	-83	112	-83	112
"3903"	9	1	1	9	0	0	135	100	0	0	-395.979797464	395.979797464	1552400703.05	-102	129	-102	129
"3904"	9	1	1	9	0	0	135	100	0	0	-395.979797464	395.979797464	1552400703.08	-126	148	-126	148
"3905"	9	1	1	9	0	0	135	100	0	0	-395.979797464	395.979797464	1552400703.11	-151	167	-151	167
"3906"	9	1	1	9	0	0	135	100	0	0	-395.979797464	395.979797464	1552400703.15	-173	183	-173	183
"3907"	9	1	1	9	0	0	135	100	0	0	-395.979797464	395.979797464	1552400703.18	-198	202	-198	202
"3908"	9	1	1	9	0	0	135	100	0	0	-395.979797464	395.979797464	1552400703.21	-222	222	-222	222
"3909"	9	1	1	9	0	0	135	100	0	0	-395.979797464	395.979797464	1552400703.25	-243	242	-243	242
"3910"	9	1	1	9	0	0	135	100	0	0	-395.979797464	395.979797464	1552400703.28	-258	257	-258	257
"3911"	9	1	1	9	0	0	135	100	0	0	-395.979797464	395.979797464	1552400703.31	-273	275	-273	275
"3912"	9	1	1	9	0	0	135	100	0	0	-395.979797464	395.979797464	1552400703.35	-291	297	-291	297
"3913"	9	1	1	9	0	0	135	100	0	0	-395.979797464	395.979797464	1552400703.38	-303	311	-303	311
"3914"	9	1	1	9	0	0	135	100	0	0	-395.979797464	395.979797464	1552400703.41	-320	328	-320	328
"3915"	9	1	1	9	0	0	135	100	0	0	-395.979797464	395.979797464	1552400703.45	-334	343	-334	343
"3916"	9	1	1	9	0	0	135	100	0	0	-395.979797464	395.979797464	1552400703.48	-347	358	-347	358
"3917"	9	1	1	9	0	0	135	100	0	0	-395.979797464	395.979797464	1552400703.51	-359	369	-359	369
"3918"	9	1	1	9	0	0	135	100	0	0	-395.979797464	395.979797464	1552400703.55	-370	379	-370	379
"3919"	9	1	1	9	0	0	135	100	0	0	-395.979797464	395.979797464	1552400703.58	-379	387	-379	387
"3920"	9	1	1	9	0	0	135	100	0	0	-395.979797464	395.979797464	1552400703.61	-385	391	-385	391
"3921"	9	1	1	9	0	0	135	100	0	0	-395.979797464	395.979797464	1552400703.65	-390	395	-390	395
"3922"	9	1	1	9	0	0	135	100	0	0	-395.979797464	395.979797464	1552400703.68	-393	397	-393	397
"3923"	9	1	1	9	0	0	135	100	0	0	-395.979797464	395.979797464	1552400703.71	-394	398	-394	398
"3924"	9	1	1	9	0	0	135	100	0	0	-395.979797464	395.979797464	1552400703.75	-395	399	-395	399
"3925"	9	1	1	10	0	0	90	100	0	0	3.42901103761e-14	560	1552400705.19	-5	-4	-5	-4
"3926"	9	1	1	10	0	0	90	100	0	0	3.42901103761e-14	560	1552400705.21	-5	-4	-5	-4
"3927"	9	1	1	10	0	0	90	100	0	0	3.42901103761e-14	560	1552400705.25	-5	-4	-5	-4
"3928"	9	1	1	10	0	0	90	100	0	0	3.42901103761e-14	560	1552400705.28	-5	-4	-5	-4
"3929"	9	1	1	10	0	0	90	100	0	0	3.42901103761e-14	560	1552400705.31	-5	-4	-5	-4
"3930"	9	1	1	10	0	0	90	100	0	0	3.42901103761e-14	560	1552400705.35	-5	-4	-5	-4
"3931"	9	1	1	10	0	0	90	100	0	0	3.42901103761e-14	560	1552400705.38	-5	-4	-5	-4
"3932"	9	1	1	10	0	0	90	100	0	0	3.42901103761e-14	560	1552400705.41	-5	-4	-5	-4
"3933"	9	1	1	10	0	0	90	100	0	0	3.42901103761e-14	560	1552400705.45	-5	-3	-5	-3
"3934"	9	1	1	10	0	0	90	100	0	0	3.42901103761e-14	560	1552400705.48	-5	2	-5	2
"3935"	9	1	1	10	0	0	90	100	0	0	3.42901103761e-14	560	1552400705.51	-4	14	-4	14
"3936"	9	1	1	10	0	0	90	100	0	0	3.42901103761e-14	560	1552400705.55	-3	33	-3	33
"3937"	9	1	1	10	0	0	90	100	0	0	3.42901103761e-14	560	1552400705.58	-2	56	-2	56
"3938"	9	1	1	10	0	0	90	100	0	0	3.42901103761e-14	560	1552400705.61	-2	84	-2	84
"3939"	9	1	1	10	0	0	90	100	0	0	3.42901103761e-14	560	1552400705.65	-1	110	-1	110
"3940"	9	1	1	10	0	0	90	100	0	0	3.42901103761e-14	560	1552400705.68	2	143	2	143
"3941"	9	1	1	10	0	0	90	100	0	0	3.42901103761e-14	560	1552400705.71	5	179	5	179
"3942"	9	1	1	10	0	0	90	100	0	0	3.42901103761e-14	560	1552400705.75	7	219	7	219
"3943"	9	1	1	10	0	0	90	100	0	0	3.42901103761e-14	560	1552400705.78	7	257	7	257
"3944"	9	1	1	10	0	0	90	100	0	0	3.42901103761e-14	560	1552400705.81	6	288	6	288
"3945"	9	1	1	10	0	0	90	100	0	0	3.42901103761e-14	560	1552400705.85	6	326	6	326
"3946"	9	1	1	10	0	0	90	100	0	0	3.42901103761e-14	560	1552400705.88	6	359	6	359
"3947"	9	1	1	10	0	0	90	100	0	0	3.42901103761e-14	560	1552400705.91	6	393	6	393
"3948"	9	1	1	10	0	0	90	100	0	0	3.42901103761e-14	560	1552400705.95	7	425	7	425
"3949"	9	1	1	10	0	0	90	100	0	0	3.42901103761e-14	560	1552400705.98	7	455	7	455
"3950"	9	1	1	10	0	0	90	100	0	0	3.42901103761e-14	560	1552400706.01	7	478	7	478
"3951"	9	1	1	10	0	0	90	100	0	0	3.42901103761e-14	560	1552400706.05	6	497	6	497
"3952"	9	1	1	10	0	0	90	100	0	0	3.42901103761e-14	560	1552400706.08	5	511	5	511
"3953"	9	1	1	10	0	0	90	100	0	0	3.42901103761e-14	560	1552400706.11	3	527	3	527
"3954"	9	1	1	10	0	0	90	100	0	0	3.42901103761e-14	560	1552400706.15	2	539	2	539
"3955"	9	1	1	10	0	0	90	100	0	0	3.42901103761e-14	560	1552400706.18	0	551	0	551
"3956"	9	1	1	10	0	0	90	100	0	0	3.42901103761e-14	560	1552400706.21	0	559	0	559
"3957"	9	1	1	10	0	0	90	100	0	0	3.42901103761e-14	560	1552400706.25	-1	564	-1	564
"3958"	9	1	1	10	0	0	90	100	0	0	3.42901103761e-14	560	1552400706.28	-1	567	-1	567
"3959"	9	1	1	11	0	0	135	100	0	0	-395.979797464	395.979797464	1552400707.69	1	-4	1	-4
"3960"	9	1	1	11	0	0	135	100	0	0	-395.979797464	395.979797464	1552400707.72	1	-4	1	-4
"3961"	9	1	1	11	0	0	135	100	0	0	-395.979797464	395.979797464	1552400707.75	1	-4	1	-4
"3962"	9	1	1	11	0	0	135	100	0	0	-395.979797464	395.979797464	1552400707.78	1	-4	1	-4
"3963"	9	1	1	11	0	0	135	100	0	0	-395.979797464	395.979797464	1552400707.82	1	-4	1	-4
"3964"	9	1	1	11	0	0	135	100	0	0	-395.979797464	395.979797464	1552400707.85	1	-4	1	-4
"3965"	9	1	1	11	0	0	135	100	0	0	-395.979797464	395.979797464	1552400707.88	1	-4	1	-4
"3966"	9	1	1	11	0	0	135	100	0	0	-395.979797464	395.979797464	1552400707.92	1	-4	1	-4
"3967"	9	1	1	11	0	0	135	100	0	0	-395.979797464	395.979797464	1552400707.95	1	-4	1	-4
"3968"	9	1	1	11	0	0	135	100	0	0	-395.979797464	395.979797464	1552400707.98	1	-4	1	-4
"3969"	9	1	1	11	0	0	135	100	0	0	-395.979797464	395.979797464	1552400708.02	1	-3	1	-3
"3970"	9	1	1	11	0	0	135	100	0	0	-395.979797464	395.979797464	1552400708.05	-2	0	-2	0
"3971"	9	1	1	11	0	0	135	100	0	0	-395.979797464	395.979797464	1552400708.08	-7	7	-7	7
"3972"	9	1	1	11	0	0	135	100	0	0	-395.979797464	395.979797464	1552400708.12	-16	18	-16	18
"3973"	9	1	1	11	0	0	135	100	0	0	-395.979797464	395.979797464	1552400708.15	-29	32	-29	32
"3974"	9	1	1	11	0	0	135	100	0	0	-395.979797464	395.979797464	1552400708.18	-43	45	-43	45
"3975"	9	1	1	11	0	0	135	100	0	0	-395.979797464	395.979797464	1552400708.22	-71	67	-71	67
"3976"	9	1	1	11	0	0	135	100	0	0	-395.979797464	395.979797464	1552400708.25	-91	85	-91	85
"3977"	9	1	1	11	0	0	135	100	0	0	-395.979797464	395.979797464	1552400708.28	-114	105	-114	105
"3978"	9	1	1	11	0	0	135	100	0	0	-395.979797464	395.979797464	1552400708.32	-136	124	-136	124
"3979"	9	1	1	11	0	0	135	100	0	0	-395.979797464	395.979797464	1552400708.35	-162	147	-162	147
"3980"	9	1	1	11	0	0	135	100	0	0	-395.979797464	395.979797464	1552400708.38	-188	170	-188	170
"3981"	9	1	1	11	0	0	135	100	0	0	-395.979797464	395.979797464	1552400708.42	-210	189	-210	189
"3982"	9	1	1	11	0	0	135	100	0	0	-395.979797464	395.979797464	1552400708.45	-234	211	-234	211
"3983"	9	1	1	11	0	0	135	100	0	0	-395.979797464	395.979797464	1552400708.48	-256	233	-256	233
"3984"	9	1	1	11	0	0	135	100	0	0	-395.979797464	395.979797464	1552400708.52	-277	255	-277	255
"3985"	9	1	1	11	0	0	135	100	0	0	-395.979797464	395.979797464	1552400708.55	-293	274	-293	274
"3986"	9	1	1	11	0	0	135	100	0	0	-395.979797464	395.979797464	1552400708.58	-310	294	-310	294
"3987"	9	1	1	11	0	0	135	100	0	0	-395.979797464	395.979797464	1552400708.62	-325	314	-325	314
"3988"	9	1	1	11	0	0	135	100	0	0	-395.979797464	395.979797464	1552400708.65	-334	326	-334	326
"3989"	9	1	1	11	0	0	135	100	0	0	-395.979797464	395.979797464	1552400708.68	-347	343	-347	343
"3990"	9	1	1	11	0	0	135	100	0	0	-395.979797464	395.979797464	1552400708.72	-357	358	-357	358
"3991"	9	1	1	11	0	0	135	100	0	0	-395.979797464	395.979797464	1552400708.75	-363	369	-363	369
"3992"	9	1	1	11	0	0	135	100	0	0	-395.979797464	395.979797464	1552400708.78	-370	382	-370	382
"3993"	9	1	1	11	0	0	135	100	0	0	-395.979797464	395.979797464	1552400708.82	-373	389	-373	389
"3994"	9	1	1	11	0	0	135	100	0	0	-395.979797464	395.979797464	1552400708.85	-377	395	-377	395
"3995"	9	1	1	11	0	0	135	100	0	0	-395.979797464	395.979797464	1552400708.88	-379	398	-379	398
"3996"	9	1	1	11	0	0	135	100	0	0	-395.979797464	395.979797464	1552400708.92	-381	400	-381	400
"3997"	9	1	1	11	0	0	135	100	0	0	-395.979797464	395.979797464	1552400708.95	-383	402	-383	402
"3998"	9	1	1	11	0	0	135	100	0	0	-395.979797464	395.979797464	1552400708.98	-383	403	-383	403
"3999"	9	1	1	12	0	0	45	100	0	0	395.979797464	395.979797464	1552400710.6	-1	-2	-1	-2
"4000"	9	1	1	12	0	0	45	100	0	0	395.979797464	395.979797464	1552400710.63	-1	-2	-1	-2
"4001"	9	1	1	12	0	0	45	100	0	0	395.979797464	395.979797464	1552400710.67	-1	-2	-1	-2
"4002"	9	1	1	12	0	0	45	100	0	0	395.979797464	395.979797464	1552400710.7	-1	-2	-1	-2
"4003"	9	1	1	12	0	0	45	100	0	0	395.979797464	395.979797464	1552400710.73	-1	-2	-1	-2
"4004"	9	1	1	12	0	0	45	100	0	0	395.979797464	395.979797464	1552400710.77	-1	-2	-1	-2
"4005"	9	1	1	12	0	0	45	100	0	0	395.979797464	395.979797464	1552400710.8	-1	-2	-1	-2
"4006"	9	1	1	12	0	0	45	100	0	0	395.979797464	395.979797464	1552400710.83	-1	-2	-1	-2
"4007"	9	1	1	12	0	0	45	100	0	0	395.979797464	395.979797464	1552400710.87	-1	-2	-1	-2
"4008"	9	1	1	12	0	0	45	100	0	0	395.979797464	395.979797464	1552400710.9	-1	-2	-1	-2
"4009"	9	1	1	12	0	0	45	100	0	0	395.979797464	395.979797464	1552400710.93	1	-1	1	-1
"4010"	9	1	1	12	0	0	45	100	0	0	395.979797464	395.979797464	1552400710.97	8	7	8	7
"4011"	9	1	1	12	0	0	45	100	0	0	395.979797464	395.979797464	1552400711	19	19	19	19
"4012"	9	1	1	12	0	0	45	100	0	0	395.979797464	395.979797464	1552400711.03	34	34	34	34
"4013"	9	1	1	12	0	0	45	100	0	0	395.979797464	395.979797464	1552400711.07	55	53	55	53
"4014"	9	1	1	12	0	0	45	100	0	0	395.979797464	395.979797464	1552400711.1	77	74	77	74
"4015"	9	1	1	12	0	0	45	100	0	0	395.979797464	395.979797464	1552400711.13	106	102	106	102
"4016"	9	1	1	12	0	0	45	100	0	0	395.979797464	395.979797464	1552400711.17	128	125	128	125
"4017"	9	1	1	12	0	0	45	100	0	0	395.979797464	395.979797464	1552400711.2	155	154	155	154
"4018"	9	1	1	12	0	0	45	100	0	0	395.979797464	395.979797464	1552400711.23	184	184	184	184
"4019"	9	1	1	12	0	0	45	100	0	0	395.979797464	395.979797464	1552400711.27	207	208	207	208
"4020"	9	1	1	12	0	0	45	100	0	0	395.979797464	395.979797464	1552400711.3	234	236	234	236
"4021"	9	1	1	12	0	0	45	100	0	0	395.979797464	395.979797464	1552400711.33	255	259	255	259
"4022"	9	1	1	12	0	0	45	100	0	0	395.979797464	395.979797464	1552400711.37	278	283	278	283
"4023"	9	1	1	12	0	0	45	100	0	0	395.979797464	395.979797464	1552400711.4	301	305	301	305
"4024"	9	1	1	12	0	0	45	100	0	0	395.979797464	395.979797464	1552400711.43	320	324	320	324
"4025"	9	1	1	12	0	0	45	100	0	0	395.979797464	395.979797464	1552400711.47	334	337	334	337
"4026"	9	1	1	12	0	0	45	100	0	0	395.979797464	395.979797464	1552400711.5	347	350	347	350
"4027"	9	1	1	12	0	0	45	100	0	0	395.979797464	395.979797464	1552400711.53	361	364	361	364
"4028"	9	1	1	12	0	0	45	100	0	0	395.979797464	395.979797464	1552400711.57	371	374	371	374
"4029"	9	1	1	12	0	0	45	100	0	0	395.979797464	395.979797464	1552400711.6	381	384	381	384
"4030"	9	1	1	12	0	0	45	100	0	0	395.979797464	395.979797464	1552400711.63	389	392	389	392
"4031"	9	1	1	12	0	0	45	100	0	0	395.979797464	395.979797464	1552400711.67	393	396	393	396
"4032"	9	1	1	12	0	0	45	100	0	0	395.979797464	395.979797464	1552400711.7	396	400	396	400
"4033"	9	1	1	13	0	0	135	100	0	0	-395.979797464	395.979797464	1552400713.18	-6	8	-6	8
"4034"	9	1	1	13	0	0	135	100	0	0	-395.979797464	395.979797464	1552400713.2	-6	8	-6	8
"4035"	9	1	1	13	0	0	135	100	0	0	-395.979797464	395.979797464	1552400713.24	-6	8	-6	8
"4036"	9	1	1	13	0	0	135	100	0	0	-395.979797464	395.979797464	1552400713.27	-6	8	-6	8
"4037"	9	1	1	13	0	0	135	100	0	0	-395.979797464	395.979797464	1552400713.3	-6	7	-6	7
"4038"	9	1	1	13	0	0	135	100	0	0	-395.979797464	395.979797464	1552400713.34	-6	7	-6	7
"4039"	9	1	1	13	0	0	135	100	0	0	-395.979797464	395.979797464	1552400713.37	-6	7	-6	7
"4040"	9	1	1	13	0	0	135	100	0	0	-395.979797464	395.979797464	1552400713.4	-6	7	-6	7
"4041"	9	1	1	13	0	0	135	100	0	0	-395.979797464	395.979797464	1552400713.44	-6	7	-6	7
"4042"	9	1	1	13	0	0	135	100	0	0	-395.979797464	395.979797464	1552400713.47	-6	8	-6	8
"4043"	9	1	1	13	0	0	135	100	0	0	-395.979797464	395.979797464	1552400713.5	-11	10	-11	10
"4044"	9	1	1	13	0	0	135	100	0	0	-395.979797464	395.979797464	1552400713.54	-18	16	-18	16
"4045"	9	1	1	13	0	0	135	100	0	0	-395.979797464	395.979797464	1552400713.57	-31	27	-31	27
"4046"	9	1	1	13	0	0	135	100	0	0	-395.979797464	395.979797464	1552400713.6	-47	40	-47	40
"4047"	9	1	1	13	0	0	135	100	0	0	-395.979797464	395.979797464	1552400713.64	-65	55	-65	55
"4048"	9	1	1	13	0	0	135	100	0	0	-395.979797464	395.979797464	1552400713.67	-90	76	-90	76
"4049"	9	1	1	13	0	0	135	100	0	0	-395.979797464	395.979797464	1552400713.7	-114	99	-114	99
"4050"	9	1	1	13	0	0	135	100	0	0	-395.979797464	395.979797464	1552400713.74	-141	123	-141	123
"4051"	9	1	1	13	0	0	135	100	0	0	-395.979797464	395.979797464	1552400713.77	-166	146	-166	146
"4052"	9	1	1	13	0	0	135	100	0	0	-395.979797464	395.979797464	1552400713.8	-195	171	-195	171
"4053"	9	1	1	13	0	0	135	100	0	0	-395.979797464	395.979797464	1552400713.84	-223	194	-223	194
"4054"	9	1	1	13	0	0	135	100	0	0	-395.979797464	395.979797464	1552400713.87	-244	214	-244	214
"4055"	9	1	1	13	0	0	135	100	0	0	-395.979797464	395.979797464	1552400713.9	-268	237	-268	237
"4056"	9	1	1	13	0	0	135	100	0	0	-395.979797464	395.979797464	1552400713.94	-289	258	-289	258
"4057"	9	1	1	13	0	0	135	100	0	0	-395.979797464	395.979797464	1552400713.97	-310	280	-310	280
"4058"	9	1	1	13	0	0	135	100	0	0	-395.979797464	395.979797464	1552400714	-324	298	-324	298
"4059"	9	1	1	13	0	0	135	100	0	0	-395.979797464	395.979797464	1552400714.04	-337	313	-337	313
"4060"	9	1	1	13	0	0	135	100	0	0	-395.979797464	395.979797464	1552400714.07	-350	330	-350	330
"4061"	9	1	1	13	0	0	135	100	0	0	-395.979797464	395.979797464	1552400714.1	-361	345	-361	345
"4062"	9	1	1	13	0	0	135	100	0	0	-395.979797464	395.979797464	1552400714.14	-373	360	-373	360
"4063"	9	1	1	13	0	0	135	100	0	0	-395.979797464	395.979797464	1552400714.17	-384	373	-384	373
"4064"	9	1	1	13	0	0	135	100	0	0	-395.979797464	395.979797464	1552400714.2	-393	384	-393	384
"4065"	9	1	1	13	0	0	135	100	0	0	-395.979797464	395.979797464	1552400714.24	-399	392	-399	392
"4066"	9	1	1	13	0	0	135	100	0	0	-395.979797464	395.979797464	1552400714.27	-404	397	-404	397
"4067"	9	1	1	13	0	0	135	100	0	0	-395.979797464	395.979797464	1552400714.3	-406	401	-406	401
"4068"	9	1	1	13	0	0	135	100	0	0	-395.979797464	395.979797464	1552400714.34	-407	402	-407	402
"4069"	9	1	1	14	0	0	90	100	0	0	3.42901103761e-14	560	1552400715.78	7	-9	7	-9
"4070"	9	1	1	14	0	0	90	100	0	0	3.42901103761e-14	560	1552400715.8	7	-9	7	-9
"4071"	9	1	1	14	0	0	90	100	0	0	3.42901103761e-14	560	1552400715.84	7	-9	7	-9
"4072"	9	1	1	14	0	0	90	100	0	0	3.42901103761e-14	560	1552400715.87	7	-8	7	-8
"4073"	9	1	1	14	0	0	90	100	0	0	3.42901103761e-14	560	1552400715.9	7	-8	7	-8
"4074"	9	1	1	14	0	0	90	100	0	0	3.42901103761e-14	560	1552400715.94	7	-8	7	-8
"4075"	9	1	1	14	0	0	90	100	0	0	3.42901103761e-14	560	1552400715.97	7	-8	7	-8
"4076"	9	1	1	14	0	0	90	100	0	0	3.42901103761e-14	560	1552400716	7	-9	7	-9
"4077"	9	1	1	14	0	0	90	100	0	0	3.42901103761e-14	560	1552400716.04	7	-9	7	-9
"4078"	9	1	1	14	0	0	90	100	0	0	3.42901103761e-14	560	1552400716.07	7	-8	7	-8
"4079"	9	1	1	14	0	0	90	100	0	0	3.42901103761e-14	560	1552400716.1	6	-6	6	-6
"4080"	9	1	1	14	0	0	90	100	0	0	3.42901103761e-14	560	1552400716.14	5	5	5	5
"4081"	9	1	1	14	0	0	90	100	0	0	3.42901103761e-14	560	1552400716.17	5	22	5	22
"4082"	9	1	1	14	0	0	90	100	0	0	3.42901103761e-14	560	1552400716.21	5	41	5	41
"4083"	9	1	1	14	0	0	90	100	0	0	3.42901103761e-14	560	1552400716.24	3	72	3	72
"4084"	9	1	1	14	0	0	90	100	0	0	3.42901103761e-14	560	1552400716.27	3	107	3	107
"4085"	9	1	1	14	0	0	90	100	0	0	3.42901103761e-14	560	1552400716.31	3	137	3	137
"4086"	9	1	1	14	0	0	90	100	0	0	3.42901103761e-14	560	1552400716.34	4	176	4	176
"4087"	9	1	1	14	0	0	90	100	0	0	3.42901103761e-14	560	1552400716.37	6	212	6	212
"4088"	9	1	1	14	0	0	90	100	0	0	3.42901103761e-14	560	1552400716.41	6	252	6	252
"4089"	9	1	1	14	0	0	90	100	0	0	3.42901103761e-14	560	1552400716.44	5	290	5	290
"4090"	9	1	1	14	0	0	90	100	0	0	3.42901103761e-14	560	1552400716.47	4	326	4	326
"4091"	9	1	1	14	0	0	90	100	0	0	3.42901103761e-14	560	1552400716.51	5	361	5	361
"4092"	9	1	1	14	0	0	90	100	0	0	3.42901103761e-14	560	1552400716.54	4	387	4	387
"4093"	9	1	1	14	0	0	90	100	0	0	3.42901103761e-14	560	1552400716.57	4	415	4	415
"4094"	9	1	1	14	0	0	90	100	0	0	3.42901103761e-14	560	1552400716.61	2	438	2	438
"4095"	9	1	1	14	0	0	90	100	0	0	3.42901103761e-14	560	1552400716.64	1	453	1	453
"4096"	9	1	1	14	0	0	90	100	0	0	3.42901103761e-14	560	1552400716.67	-1	469	-1	469
"4097"	9	1	1	14	0	0	90	100	0	0	3.42901103761e-14	560	1552400716.71	-5	485	-5	485
"4098"	9	1	1	14	0	0	90	100	0	0	3.42901103761e-14	560	1552400716.74	-8	500	-8	500
"4099"	9	1	1	14	0	0	90	100	0	0	3.42901103761e-14	560	1552400716.77	-10	510	-10	510
"4100"	9	1	1	14	0	0	90	100	0	0	3.42901103761e-14	560	1552400716.81	-13	521	-13	521
"4101"	9	1	1	14	0	0	90	100	0	0	3.42901103761e-14	560	1552400716.84	-16	531	-16	531
"4102"	9	1	1	14	0	0	90	100	0	0	3.42901103761e-14	560	1552400716.87	-17	539	-17	539
"4103"	9	1	1	14	0	0	90	100	0	0	3.42901103761e-14	560	1552400716.91	-18	546	-18	546
"4104"	9	1	1	14	0	0	90	100	0	0	3.42901103761e-14	560	1552400716.94	-19	554	-19	554
"4105"	9	1	1	14	0	0	90	100	0	0	3.42901103761e-14	560	1552400716.97	-18	559	-18	559
"4106"	9	1	1	14	0	0	90	100	0	0	3.42901103761e-14	560	1552400717.01	-18	563	-18	563
"4107"	9	1	1	14	0	0	90	100	0	0	3.42901103761e-14	560	1552400717.04	-17	566	-17	566
"4108"	9	1	1	14	0	0	90	100	0	0	3.42901103761e-14	560	1552400717.07	-16	568	-16	568
"4109"	9	1	1	14	0	0	90	100	0	0	3.42901103761e-14	560	1552400717.11	-16	569	-16	569
"4110"	9	1	1	14	0	0	90	100	0	0	3.42901103761e-14	560	1552400717.14	-16	569	-16	569
"4111"	9	1	1	14	0	0	90	100	0	0	3.42901103761e-14	560	1552400717.17	-16	570	-16	570
"4112"	9	1	1	14	0	0	90	100	0	0	3.42901103761e-14	560	1552400717.21	-16	570	-16	570
"4113"	9	1	1	14	0	0	90	100	0	0	3.42901103761e-14	560	1552400717.24	-16	570	-16	570
"4114"	9	1	1	14	0	0	90	100	0	0	3.42901103761e-14	560	1552400717.27	-16	570	-16	570
"4115"	9	1	1	14	0	0	90	100	0	0	3.42901103761e-14	560	1552400717.31	-16	569	-16	569
"4116"	9	1	1	14	0	0	90	100	0	0	3.42901103761e-14	560	1552400717.34	-15	569	-15	569
"4117"	9	1	1	14	0	0	90	100	0	0	3.42901103761e-14	560	1552400717.37	-14	568	-14	568
"4118"	9	1	1	14	0	0	90	100	0	0	3.42901103761e-14	560	1552400717.41	-12	567	-12	567
"4119"	9	1	1	14	0	0	90	100	0	0	3.42901103761e-14	560	1552400717.44	-11	566	-11	566
"4120"	9	1	1	14	0	0	90	100	0	0	3.42901103761e-14	560	1552400717.47	-9	564	-9	564
"4121"	9	1	1	14	0	0	90	100	0	0	3.42901103761e-14	560	1552400717.51	-7	563	-7	563
"4122"	9	1	1	14	0	0	90	100	0	0	3.42901103761e-14	560	1552400717.54	-6	562	-6	562
"4123"	9	1	1	15	0	0	45	100	0	0	395.979797464	395.979797464	1552400718.85	8	6	8	6
"4124"	9	1	1	15	0	0	45	100	0	0	395.979797464	395.979797464	1552400718.87	7	5	7	5
"4125"	9	1	1	15	0	0	45	100	0	0	395.979797464	395.979797464	1552400718.91	7	5	7	5
"4126"	9	1	1	15	0	0	45	100	0	0	395.979797464	395.979797464	1552400718.94	7	5	7	5
"4127"	9	1	1	15	0	0	45	100	0	0	395.979797464	395.979797464	1552400718.97	7	5	7	5
"4128"	9	1	1	15	0	0	45	100	0	0	395.979797464	395.979797464	1552400719.01	7	5	7	5
"4129"	9	1	1	15	0	0	45	100	0	0	395.979797464	395.979797464	1552400719.04	7	4	7	4
"4130"	9	1	1	15	0	0	45	100	0	0	395.979797464	395.979797464	1552400719.07	7	4	7	4
"4131"	9	1	1	15	0	0	45	100	0	0	395.979797464	395.979797464	1552400719.11	7	4	7	4
"4132"	9	1	1	15	0	0	45	100	0	0	395.979797464	395.979797464	1552400719.14	7	5	7	5
"4133"	9	1	1	15	0	0	45	100	0	0	395.979797464	395.979797464	1552400719.17	7	6	7	6
"4134"	9	1	1	15	0	0	45	100	0	0	395.979797464	395.979797464	1552400719.21	11	11	11	11
"4135"	9	1	1	15	0	0	45	100	0	0	395.979797464	395.979797464	1552400719.24	21	26	21	26
"4136"	9	1	1	15	0	0	45	100	0	0	395.979797464	395.979797464	1552400719.27	35	43	35	43
"4137"	9	1	1	15	0	0	45	100	0	0	395.979797464	395.979797464	1552400719.31	54	64	54	64
"4138"	9	1	1	15	0	0	45	100	0	0	395.979797464	395.979797464	1552400719.34	79	92	79	92
"4139"	9	1	1	15	0	0	45	100	0	0	395.979797464	395.979797464	1552400719.37	103	116	103	116
"4140"	9	1	1	15	0	0	45	100	0	0	395.979797464	395.979797464	1552400719.41	135	149	135	149
"4141"	9	1	1	15	0	0	45	100	0	0	395.979797464	395.979797464	1552400719.44	168	182	168	182
"4142"	9	1	1	15	0	0	45	100	0	0	395.979797464	395.979797464	1552400719.47	197	209	197	209
"4143"	9	1	1	15	0	0	45	100	0	0	395.979797464	395.979797464	1552400719.51	238	245	238	245
"4144"	9	1	1	15	0	0	45	100	0	0	395.979797464	395.979797464	1552400719.54	268	273	268	273
"4145"	9	1	1	15	0	0	45	100	0	0	395.979797464	395.979797464	1552400719.57	301	299	301	299
"4146"	9	1	1	15	0	0	45	100	0	0	395.979797464	395.979797464	1552400719.61	326	320	326	320
"4147"	9	1	1	15	0	0	45	100	0	0	395.979797464	395.979797464	1552400719.64	355	343	355	343
"4148"	9	1	1	15	0	0	45	100	0	0	395.979797464	395.979797464	1552400719.67	377	361	377	361
"4149"	9	1	1	15	0	0	45	100	0	0	395.979797464	395.979797464	1552400719.71	388	370	388	370
"4150"	9	1	1	15	0	0	45	100	0	0	395.979797464	395.979797464	1552400719.74	401	381	401	381
"4151"	9	1	1	15	0	0	45	100	0	0	395.979797464	395.979797464	1552400719.77	410	391	410	391
"4152"	9	1	1	15	0	0	45	100	0	0	395.979797464	395.979797464	1552400719.81	413	395	413	395
"4153"	9	1	1	15	0	0	45	100	0	0	395.979797464	395.979797464	1552400719.84	414	396	414	396
"4154"	9	1	1	15	0	0	45	100	0	0	395.979797464	395.979797464	1552400719.87	414	396	414	396
"4155"	9	1	1	15	0	0	45	100	0	0	395.979797464	395.979797464	1552400719.91	414	395	414	395
"4156"	9	1	1	15	0	0	45	100	0	0	395.979797464	395.979797464	1552400719.94	414	395	414	395
"4157"	9	1	1	15	0	0	45	100	0	0	395.979797464	395.979797464	1552400719.97	414	395	414	395
"4158"	9	1	1	15	0	0	45	100	0	0	395.979797464	395.979797464	1552400720.01	414	395	414	395
"4159"	9	1	1	15	0	0	45	100	0	0	395.979797464	395.979797464	1552400720.04	412	394	412	394
"4160"	9	1	1	15	0	0	45	100	0	0	395.979797464	395.979797464	1552400720.07	410	394	410	394
"4161"	9	1	1	16	0	0	45	100	0	0	395.979797464	395.979797464	1552400721.39	-2	3	-2	3
"4162"	9	1	1	16	0	0	45	100	0	0	395.979797464	395.979797464	1552400721.41	-2	3	-2	3
"4163"	9	1	1	16	0	0	45	100	0	0	395.979797464	395.979797464	1552400721.44	-2	3	-2	3
"4164"	9	1	1	16	0	0	45	100	0	0	395.979797464	395.979797464	1552400721.48	-2	3	-2	3
"4165"	9	1	1	16	0	0	45	100	0	0	395.979797464	395.979797464	1552400721.51	-2	3	-2	3
"4166"	9	1	1	16	0	0	45	100	0	0	395.979797464	395.979797464	1552400721.54	-2	3	-2	3
"4167"	9	1	1	16	0	0	45	100	0	0	395.979797464	395.979797464	1552400721.58	-2	3	-2	3
"4168"	9	1	1	16	0	0	45	100	0	0	395.979797464	395.979797464	1552400721.61	-2	4	-2	4
"4169"	9	1	1	16	0	0	45	100	0	0	395.979797464	395.979797464	1552400721.64	-2	4	-2	4
"4170"	9	1	1	16	0	0	45	100	0	0	395.979797464	395.979797464	1552400721.68	-2	4	-2	4
"4171"	9	1	1	16	0	0	45	100	0	0	395.979797464	395.979797464	1552400721.71	-2	9	-2	9
"4172"	9	1	1	16	0	0	45	100	0	0	395.979797464	395.979797464	1552400721.74	0	14	0	14
"4173"	9	1	1	16	0	0	45	100	0	0	395.979797464	395.979797464	1552400721.78	8	24	8	24
"4174"	9	1	1	16	0	0	45	100	0	0	395.979797464	395.979797464	1552400721.81	19	38	19	38
"4175"	9	1	1	16	0	0	45	100	0	0	395.979797464	395.979797464	1552400721.84	37	58	37	58
"4176"	9	1	1	16	0	0	45	100	0	0	395.979797464	395.979797464	1552400721.88	62	86	62	86
"4177"	9	1	1	16	0	0	45	100	0	0	395.979797464	395.979797464	1552400721.91	83	110	83	110
"4178"	9	1	1	16	0	0	45	100	0	0	395.979797464	395.979797464	1552400721.94	112	140	112	140
"4179"	9	1	1	16	0	0	45	100	0	0	395.979797464	395.979797464	1552400721.98	143	171	143	171
"4180"	9	1	1	16	0	0	45	100	0	0	395.979797464	395.979797464	1552400722.01	176	205	176	205
"4181"	9	1	1	16	0	0	45	100	0	0	395.979797464	395.979797464	1552400722.04	204	236	204	236
"4182"	9	1	1	16	0	0	45	100	0	0	395.979797464	395.979797464	1552400722.08	232	268	232	268
"4183"	9	1	1	16	0	0	45	100	0	0	395.979797464	395.979797464	1552400722.11	259	298	259	298
"4184"	9	1	1	16	0	0	45	100	0	0	395.979797464	395.979797464	1552400722.14	280	320	280	320
"4185"	9	1	1	16	0	0	45	100	0	0	395.979797464	395.979797464	1552400722.18	302	341	302	341
"4186"	9	1	1	16	0	0	45	100	0	0	395.979797464	395.979797464	1552400722.21	315	356	315	356
"4187"	9	1	1	16	0	0	45	100	0	0	395.979797464	395.979797464	1552400722.24	326	367	326	367
"4188"	9	1	1	16	0	0	45	100	0	0	395.979797464	395.979797464	1552400722.28	334	374	334	374
"4189"	9	1	1	16	0	0	45	100	0	0	395.979797464	395.979797464	1552400722.31	340	379	340	379
"4190"	9	1	1	16	0	0	45	100	0	0	395.979797464	395.979797464	1552400722.34	343	381	343	381
"4191"	9	1	1	16	0	0	45	100	0	0	395.979797464	395.979797464	1552400722.38	345	382	345	382
"4192"	9	1	1	16	0	0	45	100	0	0	395.979797464	395.979797464	1552400722.41	349	383	349	383
"4193"	9	1	1	16	0	0	45	100	0	0	395.979797464	395.979797464	1552400722.44	355	385	355	385
"4194"	9	1	1	16	0	0	45	100	0	0	395.979797464	395.979797464	1552400722.48	361	387	361	387
"4195"	9	1	1	16	0	0	45	100	0	0	395.979797464	395.979797464	1552400722.51	368	389	368	389
"4196"	9	1	1	16	0	0	45	100	0	0	395.979797464	395.979797464	1552400722.54	374	393	374	393
"4197"	9	1	1	16	0	0	45	100	0	0	395.979797464	395.979797464	1552400722.58	379	396	379	396
"4198"	9	1	1	16	0	0	45	100	0	0	395.979797464	395.979797464	1552400722.61	382	398	382	398
"4199"	9	1	1	16	0	0	45	100	0	0	395.979797464	395.979797464	1552400722.64	385	400	385	400
"4200"	9	1	1	16	0	0	45	100	0	0	395.979797464	395.979797464	1552400722.68	388	402	388	402
"4201"	9	1	1	16	0	0	45	100	0	0	395.979797464	395.979797464	1552400722.71	390	403	390	403
"4202"	9	1	1	17	0	0	135	100	0	0	-395.979797464	395.979797464	1552400724.22	-3	5	-3	5
"4203"	9	1	1	17	0	0	135	100	0	0	-395.979797464	395.979797464	1552400724.24	-3	5	-3	5
"4204"	9	1	1	17	0	0	135	100	0	0	-395.979797464	395.979797464	1552400724.28	-3	5	-3	5
"4205"	9	1	1	17	0	0	135	100	0	0	-395.979797464	395.979797464	1552400724.31	-3	4	-3	4
"4206"	9	1	1	17	0	0	135	100	0	0	-395.979797464	395.979797464	1552400724.34	-3	4	-3	4
"4207"	9	1	1	17	0	0	135	100	0	0	-395.979797464	395.979797464	1552400724.38	-3	4	-3	4
"4208"	9	1	1	17	0	0	135	100	0	0	-395.979797464	395.979797464	1552400724.41	-3	4	-3	4
"4209"	9	1	1	17	0	0	135	100	0	0	-395.979797464	395.979797464	1552400724.44	-3	4	-3	4
"4210"	9	1	1	17	0	0	135	100	0	0	-395.979797464	395.979797464	1552400724.48	-3	4	-3	4
"4211"	9	1	1	17	0	0	135	100	0	0	-395.979797464	395.979797464	1552400724.51	-3	5	-3	5
"4212"	9	1	1	17	0	0	135	100	0	0	-395.979797464	395.979797464	1552400724.54	-5	6	-5	6
"4213"	9	1	1	17	0	0	135	100	0	0	-395.979797464	395.979797464	1552400724.58	-10	11	-10	11
"4214"	9	1	1	17	0	0	135	100	0	0	-395.979797464	395.979797464	1552400724.61	-21	24	-21	24
"4215"	9	1	1	17	0	0	135	100	0	0	-395.979797464	395.979797464	1552400724.64	-35	39	-35	39
"4216"	9	1	1	17	0	0	135	100	0	0	-395.979797464	395.979797464	1552400724.68	-49	52	-49	52
"4217"	9	1	1	17	0	0	135	100	0	0	-395.979797464	395.979797464	1552400724.71	-73	76	-73	76
"4218"	9	1	1	17	0	0	135	100	0	0	-395.979797464	395.979797464	1552400724.75	-92	94	-92	94
"4219"	9	1	1	17	0	0	135	100	0	0	-395.979797464	395.979797464	1552400724.78	-115	115	-115	115
"4220"	9	1	1	17	0	0	135	100	0	0	-395.979797464	395.979797464	1552400724.81	-138	141	-138	141
"4221"	9	1	1	17	0	0	135	100	0	0	-395.979797464	395.979797464	1552400724.85	-162	167	-162	167
"4222"	9	1	1	17	0	0	135	100	0	0	-395.979797464	395.979797464	1552400724.88	-185	192	-185	192
"4223"	9	1	1	17	0	0	135	100	0	0	-395.979797464	395.979797464	1552400724.91	-202	215	-202	215
"4224"	9	1	1	17	0	0	135	100	0	0	-395.979797464	395.979797464	1552400724.95	-221	241	-221	241
"4225"	9	1	1	17	0	0	135	100	0	0	-395.979797464	395.979797464	1552400724.98	-240	263	-240	263
"4226"	9	1	1	17	0	0	135	100	0	0	-395.979797464	395.979797464	1552400725.01	-257	280	-257	280
"4227"	9	1	1	17	0	0	135	100	0	0	-395.979797464	395.979797464	1552400725.05	-273	295	-273	295
"4228"	9	1	1	17	0	0	135	100	0	0	-395.979797464	395.979797464	1552400725.08	-290	312	-290	312
"4229"	9	1	1	17	0	0	135	100	0	0	-395.979797464	395.979797464	1552400725.11	-307	325	-307	325
"4230"	9	1	1	17	0	0	135	100	0	0	-395.979797464	395.979797464	1552400725.15	-320	335	-320	335
"4231"	9	1	1	17	0	0	135	100	0	0	-395.979797464	395.979797464	1552400725.18	-334	345	-334	345
"4232"	9	1	1	17	0	0	135	100	0	0	-395.979797464	395.979797464	1552400725.21	-346	353	-346	353
"4233"	9	1	1	17	0	0	135	100	0	0	-395.979797464	395.979797464	1552400725.25	-356	360	-356	360
"4234"	9	1	1	17	0	0	135	100	0	0	-395.979797464	395.979797464	1552400725.28	-366	367	-366	367
"4235"	9	1	1	17	0	0	135	100	0	0	-395.979797464	395.979797464	1552400725.31	-373	373	-373	373
"4236"	9	1	1	17	0	0	135	100	0	0	-395.979797464	395.979797464	1552400725.35	-381	380	-381	380
"4237"	9	1	1	17	0	0	135	100	0	0	-395.979797464	395.979797464	1552400725.38	-385	384	-385	384
"4238"	9	1	1	17	0	0	135	100	0	0	-395.979797464	395.979797464	1552400725.41	-389	388	-389	388
"4239"	9	1	1	17	0	0	135	100	0	0	-395.979797464	395.979797464	1552400725.45	-392	392	-392	392
"4240"	9	1	1	17	0	0	135	100	0	0	-395.979797464	395.979797464	1552400725.48	-394	394	-394	394
"4241"	9	1	1	17	0	0	135	100	0	0	-395.979797464	395.979797464	1552400725.51	-395	395	-395	395
"4242"	9	1	1	18	0	0	90	100	0	0	3.42901103761e-14	560	1552400726.99	-1	-2	-1	-2
"4243"	9	1	1	18	0	0	90	100	0	0	3.42901103761e-14	560	1552400727.01	-1	-2	-1	-2
"4244"	9	1	1	18	0	0	90	100	0	0	3.42901103761e-14	560	1552400727.05	-1	-2	-1	-2
"4245"	9	1	1	18	0	0	90	100	0	0	3.42901103761e-14	560	1552400727.08	-1	-2	-1	-2
"4246"	9	1	1	18	0	0	90	100	0	0	3.42901103761e-14	560	1552400727.11	-1	-2	-1	-2
"4247"	9	1	1	18	0	0	90	100	0	0	3.42901103761e-14	560	1552400727.15	-1	-2	-1	-2
"4248"	9	1	1	18	0	0	90	100	0	0	3.42901103761e-14	560	1552400727.18	-1	-2	-1	-2
"4249"	9	1	1	18	0	0	90	100	0	0	3.42901103761e-14	560	1552400727.21	-1	-2	-1	-2
"4250"	9	1	1	18	0	0	90	100	0	0	3.42901103761e-14	560	1552400727.25	-1	-2	-1	-2
"4251"	9	1	1	18	0	0	90	100	0	0	3.42901103761e-14	560	1552400727.28	-1	-2	-1	-2
"4252"	9	1	1	18	0	0	90	100	0	0	3.42901103761e-14	560	1552400727.31	-1	0	-1	0
"4253"	9	1	1	18	0	0	90	100	0	0	3.42901103761e-14	560	1552400727.35	-2	9	-2	9
"4254"	9	1	1	18	0	0	90	100	0	0	3.42901103761e-14	560	1552400727.38	0	27	0	27
"4255"	9	1	1	18	0	0	90	100	0	0	3.42901103761e-14	560	1552400727.41	1	45	1	45
"4256"	9	1	1	18	0	0	90	100	0	0	3.42901103761e-14	560	1552400727.45	2	73	2	73
"4257"	9	1	1	18	0	0	90	100	0	0	3.42901103761e-14	560	1552400727.48	4	106	4	106
"4258"	9	1	1	18	0	0	90	100	0	0	3.42901103761e-14	560	1552400727.51	6	136	6	136
"4259"	9	1	1	18	0	0	90	100	0	0	3.42901103761e-14	560	1552400727.55	8	172	8	172
"4260"	9	1	1	18	0	0	90	100	0	0	3.42901103761e-14	560	1552400727.58	12	211	12	211
"4261"	9	1	1	18	0	0	90	100	0	0	3.42901103761e-14	560	1552400727.61	16	253	16	253
"4262"	9	1	1	18	0	0	90	100	0	0	3.42901103761e-14	560	1552400727.65	19	294	19	294
"4263"	9	1	1	18	0	0	90	100	0	0	3.42901103761e-14	560	1552400727.68	22	329	22	329
"4264"	9	1	1	18	0	0	90	100	0	0	3.42901103761e-14	560	1552400727.71	25	368	25	368
"4265"	9	1	1	18	0	0	90	100	0	0	3.42901103761e-14	560	1552400727.75	26	398	26	398
"4266"	9	1	1	18	0	0	90	100	0	0	3.42901103761e-14	560	1552400727.78	25	430	25	430
"4267"	9	1	1	18	0	0	90	100	0	0	3.42901103761e-14	560	1552400727.81	23	457	23	457
"4268"	9	1	1	18	0	0	90	100	0	0	3.42901103761e-14	560	1552400727.85	19	480	19	480
"4269"	9	1	1	18	0	0	90	100	0	0	3.42901103761e-14	560	1552400727.88	15	499	15	499
"4270"	9	1	1	18	0	0	90	100	0	0	3.42901103761e-14	560	1552400727.91	12	511	12	511
"4271"	9	1	1	18	0	0	90	100	0	0	3.42901103761e-14	560	1552400727.95	8	525	8	525
"4272"	9	1	1	18	0	0	90	100	0	0	3.42901103761e-14	560	1552400727.98	4	536	4	536
"4273"	9	1	1	18	0	0	90	100	0	0	3.42901103761e-14	560	1552400728.01	0	546	0	546
"4274"	9	1	1	18	0	0	90	100	0	0	3.42901103761e-14	560	1552400728.05	-2	552	-2	552
"4275"	9	1	1	18	0	0	90	100	0	0	3.42901103761e-14	560	1552400728.08	-3	556	-3	556
"4276"	9	1	1	18	0	0	90	100	0	0	3.42901103761e-14	560	1552400728.11	-4	557	-4	557
"4277"	9	1	1	19	0	0	135	100	0	0	-395.979797464	395.979797464	1552400729.46	5	9	5	9
"4278"	9	1	1	19	0	0	135	100	0	0	-395.979797464	395.979797464	1552400729.48	5	9	5	9
"4279"	9	1	1	19	0	0	135	100	0	0	-395.979797464	395.979797464	1552400729.52	5	8	5	8
"4280"	9	1	1	19	0	0	135	100	0	0	-395.979797464	395.979797464	1552400729.55	4	8	4	8
"4281"	9	1	1	19	0	0	135	100	0	0	-395.979797464	395.979797464	1552400729.58	4	8	4	8
"4282"	9	1	1	19	0	0	135	100	0	0	-395.979797464	395.979797464	1552400729.62	4	7	4	7
"4283"	9	1	1	19	0	0	135	100	0	0	-395.979797464	395.979797464	1552400729.65	4	6	4	6
"4284"	9	1	1	19	0	0	135	100	0	0	-395.979797464	395.979797464	1552400729.68	4	6	4	6
"4285"	9	1	1	19	0	0	135	100	0	0	-395.979797464	395.979797464	1552400729.72	4	5	4	5
"4286"	9	1	1	19	0	0	135	100	0	0	-395.979797464	395.979797464	1552400729.75	4	5	4	5
"4287"	9	1	1	19	0	0	135	100	0	0	-395.979797464	395.979797464	1552400729.78	4	6	4	6
"4288"	9	1	1	19	0	0	135	100	0	0	-395.979797464	395.979797464	1552400729.82	-2	10	-2	10
"4289"	9	1	1	19	0	0	135	100	0	0	-395.979797464	395.979797464	1552400729.85	-10	18	-10	18
"4290"	9	1	1	19	0	0	135	100	0	0	-395.979797464	395.979797464	1552400729.88	-22	30	-22	30
"4291"	9	1	1	19	0	0	135	100	0	0	-395.979797464	395.979797464	1552400729.92	-37	43	-37	43
"4292"	9	1	1	19	0	0	135	100	0	0	-395.979797464	395.979797464	1552400729.95	-56	61	-56	61
"4293"	9	1	1	19	0	0	135	100	0	0	-395.979797464	395.979797464	1552400729.98	-81	82	-81	82
"4294"	9	1	1	19	0	0	135	100	0	0	-395.979797464	395.979797464	1552400730.02	-105	102	-105	102
"4295"	9	1	1	19	0	0	135	100	0	0	-395.979797464	395.979797464	1552400730.05	-127	122	-127	122
"4296"	9	1	1	19	0	0	135	100	0	0	-395.979797464	395.979797464	1552400730.08	-151	149	-151	149
"4297"	9	1	1	19	0	0	135	100	0	0	-395.979797464	395.979797464	1552400730.12	-176	177	-176	177
"4298"	9	1	1	19	0	0	135	100	0	0	-395.979797464	395.979797464	1552400730.15	-198	204	-198	204
"4299"	9	1	1	19	0	0	135	100	0	0	-395.979797464	395.979797464	1552400730.18	-216	228	-216	228
"4300"	9	1	1	19	0	0	135	100	0	0	-395.979797464	395.979797464	1552400730.22	-235	254	-235	254
"4301"	9	1	1	19	0	0	135	100	0	0	-395.979797464	395.979797464	1552400730.25	-253	277	-253	277
"4302"	9	1	1	19	0	0	135	100	0	0	-395.979797464	395.979797464	1552400730.28	-270	295	-270	295
"4303"	9	1	1	19	0	0	135	100	0	0	-395.979797464	395.979797464	1552400730.32	-284	311	-284	311
"4304"	9	1	1	19	0	0	135	100	0	0	-395.979797464	395.979797464	1552400730.35	-300	327	-300	327
"4305"	9	1	1	19	0	0	135	100	0	0	-395.979797464	395.979797464	1552400730.38	-316	341	-316	341
"4306"	9	1	1	19	0	0	135	100	0	0	-395.979797464	395.979797464	1552400730.42	-328	353	-328	353
"4307"	9	1	1	19	0	0	135	100	0	0	-395.979797464	395.979797464	1552400730.45	-341	364	-341	364
"4308"	9	1	1	19	0	0	135	100	0	0	-395.979797464	395.979797464	1552400730.48	-354	372	-354	372
"4309"	9	1	1	19	0	0	135	100	0	0	-395.979797464	395.979797464	1552400730.52	-363	378	-363	378
"4310"	9	1	1	19	0	0	135	100	0	0	-395.979797464	395.979797464	1552400730.55	-371	384	-371	384
"4311"	9	1	1	19	0	0	135	100	0	0	-395.979797464	395.979797464	1552400730.58	-379	389	-379	389
"4312"	9	1	1	19	0	0	135	100	0	0	-395.979797464	395.979797464	1552400730.62	-385	392	-385	392
"4313"	9	1	1	19	0	0	135	100	0	0	-395.979797464	395.979797464	1552400730.65	-390	396	-390	396
"4314"	9	1	1	19	0	0	135	100	0	0	-395.979797464	395.979797464	1552400730.68	-394	399	-394	399
"4315"	9	1	1	19	0	0	135	100	0	0	-395.979797464	395.979797464	1552400730.72	-396	400	-396	400
"4316"	9	1	1	19	0	0	135	100	0	0	-395.979797464	395.979797464	1552400730.75	-397	401	-397	401
"4317"	9	1	1	20	0	0	90	100	0	0	3.42901103761e-14	560	1552400732.1	2	-13	2	-13
"4318"	9	1	1	20	0	0	90	100	0	0	3.42901103761e-14	560	1552400732.12	2	-13	2	-13
"4319"	9	1	1	20	0	0	90	100	0	0	3.42901103761e-14	560	1552400732.15	2	-13	2	-13
"4320"	9	1	1	20	0	0	90	100	0	0	3.42901103761e-14	560	1552400732.18	2	-13	2	-13
"4321"	9	1	1	20	0	0	90	100	0	0	3.42901103761e-14	560	1552400732.22	2	-13	2	-13
"4322"	9	1	1	20	0	0	90	100	0	0	3.42901103761e-14	560	1552400732.25	2	-13	2	-13
"4323"	9	1	1	20	0	0	90	100	0	0	3.42901103761e-14	560	1552400732.28	2	-13	2	-13
"4324"	9	1	1	20	0	0	90	100	0	0	3.42901103761e-14	560	1552400732.32	2	-13	2	-13
"4325"	9	1	1	20	0	0	90	100	0	0	3.42901103761e-14	560	1552400732.35	2	-13	2	-13
"4326"	9	1	1	20	0	0	90	100	0	0	3.42901103761e-14	560	1552400732.38	1	-11	1	-11
"4327"	9	1	1	20	0	0	90	100	0	0	3.42901103761e-14	560	1552400732.42	1	0	1	0
"4328"	9	1	1	20	0	0	90	100	0	0	3.42901103761e-14	560	1552400732.45	0	17	0	17
"4329"	9	1	1	20	0	0	90	100	0	0	3.42901103761e-14	560	1552400732.48	-3	47	-3	47
"4330"	9	1	1	20	0	0	90	100	0	0	3.42901103761e-14	560	1552400732.52	-6	77	-6	77
"4331"	9	1	1	20	0	0	90	100	0	0	3.42901103761e-14	560	1552400732.55	-7	109	-7	109
"4332"	9	1	1	20	0	0	90	100	0	0	3.42901103761e-14	560	1552400732.58	-6	150	-6	150
"4333"	9	1	1	20	0	0	90	100	0	0	3.42901103761e-14	560	1552400732.62	-4	193	-4	193
"4334"	9	1	1	20	0	0	90	100	0	0	3.42901103761e-14	560	1552400732.65	-3	236	-3	236
"4335"	9	1	1	20	0	0	90	100	0	0	3.42901103761e-14	560	1552400732.68	-2	279	-2	279
"4336"	9	1	1	20	0	0	90	100	0	0	3.42901103761e-14	560	1552400732.72	-2	314	-2	314
"4337"	9	1	1	20	0	0	90	100	0	0	3.42901103761e-14	560	1552400732.75	-2	353	-2	353
"4338"	9	1	1	20	0	0	90	100	0	0	3.42901103761e-14	560	1552400732.78	-1	384	-1	384
"4339"	9	1	1	20	0	0	90	100	0	0	3.42901103761e-14	560	1552400732.82	-2	417	-2	417
"4340"	9	1	1	20	0	0	90	100	0	0	3.42901103761e-14	560	1552400732.85	-5	445	-5	445
"4341"	9	1	1	20	0	0	90	100	0	0	3.42901103761e-14	560	1552400732.88	-8	469	-8	469
"4342"	9	1	1	20	0	0	90	100	0	0	3.42901103761e-14	560	1552400732.92	-11	485	-11	485
"4343"	9	1	1	20	0	0	90	100	0	0	3.42901103761e-14	560	1552400732.95	-14	498	-14	498
"4344"	9	1	1	20	0	0	90	100	0	0	3.42901103761e-14	560	1552400732.98	-17	510	-17	510
"4345"	9	1	1	20	0	0	90	100	0	0	3.42901103761e-14	560	1552400733.02	-19	522	-19	522
"4346"	9	1	1	20	0	0	90	100	0	0	3.42901103761e-14	560	1552400733.05	-21	532	-21	532
"4347"	9	1	1	20	0	0	90	100	0	0	3.42901103761e-14	560	1552400733.08	-21	539	-21	539
"4348"	9	1	1	20	0	0	90	100	0	0	3.42901103761e-14	560	1552400733.12	-21	544	-21	544
"4349"	9	1	1	20	0	0	90	100	0	0	3.42901103761e-14	560	1552400733.15	-21	548	-21	548
"4350"	9	1	1	20	0	0	90	100	0	0	3.42901103761e-14	560	1552400733.18	-21	549	-21	549
"4351"	9	1	1	20	0	0	90	100	0	0	3.42901103761e-14	560	1552400733.22	-21	549	-21	549
"4352"	9	1	1	20	0	0	90	100	0	0	3.42901103761e-14	560	1552400733.25	-21	549	-21	549
"4353"	9	1	1	20	0	0	90	100	0	0	3.42901103761e-14	560	1552400733.28	-21	549	-21	549
"4354"	9	1	1	20	0	0	90	100	0	0	3.42901103761e-14	560	1552400733.32	-21	549	-21	549
"4355"	9	1	1	20	0	0	90	100	0	0	3.42901103761e-14	560	1552400733.35	-20	549	-20	549
"4356"	9	1	1	20	0	0	90	100	0	0	3.42901103761e-14	560	1552400733.39	-19	551	-19	551
"4357"	9	1	1	20	0	0	90	100	0	0	3.42901103761e-14	560	1552400733.42	-17	554	-17	554
"4358"	9	1	1	20	0	0	90	100	0	0	3.42901103761e-14	560	1552400733.45	-16	555	-16	555
"4359"	9	1	1	20	0	0	90	100	0	0	3.42901103761e-14	560	1552400733.49	-15	556	-15	556
"4360"	9	1	1	20	0	0	90	100	0	0	3.42901103761e-14	560	1552400733.52	-14	557	-14	557
"4361"	9	1	1	20	0	0	90	100	0	0	3.42901103761e-14	560	1552400733.55	-13	558	-13	558
"4362"	9	1	1	20	0	0	90	100	0	0	3.42901103761e-14	560	1552400733.59	-12	560	-12	560
"4363"	9	1	1	20	0	0	90	100	0	0	3.42901103761e-14	560	1552400733.62	-10	562	-10	562
"4364"	9	1	1	20	0	0	90	100	0	0	3.42901103761e-14	560	1552400733.65	-9	564	-9	564
"4365"	9	1	1	21	0	0	45	100	0	0	395.979797464	395.979797464	1552400735.03	2	-3	2	-3
"4366"	9	1	1	21	0	0	45	100	0	0	395.979797464	395.979797464	1552400735.05	2	-2	2	-2
"4367"	9	1	1	21	0	0	45	100	0	0	395.979797464	395.979797464	1552400735.09	2	-2	2	-2
"4368"	9	1	1	21	0	0	45	100	0	0	395.979797464	395.979797464	1552400735.12	2	-2	2	-2
"4369"	9	1	1	21	0	0	45	100	0	0	395.979797464	395.979797464	1552400735.15	2	-2	2	-2
"4370"	9	1	1	21	0	0	45	100	0	0	395.979797464	395.979797464	1552400735.19	2	-2	2	-2
"4371"	9	1	1	21	0	0	45	100	0	0	395.979797464	395.979797464	1552400735.22	2	-2	2	-2
"4372"	9	1	1	21	0	0	45	100	0	0	395.979797464	395.979797464	1552400735.25	2	-2	2	-2
"4373"	9	1	1	21	0	0	45	100	0	0	395.979797464	395.979797464	1552400735.29	2	-2	2	-2
"4374"	9	1	1	21	0	0	45	100	0	0	395.979797464	395.979797464	1552400735.32	2	-2	2	-2
"4375"	9	1	1	21	0	0	45	100	0	0	395.979797464	395.979797464	1552400735.35	3	0	3	0
"4376"	9	1	1	21	0	0	45	100	0	0	395.979797464	395.979797464	1552400735.39	10	12	10	12
"4377"	9	1	1	21	0	0	45	100	0	0	395.979797464	395.979797464	1552400735.42	21	28	21	28
"4378"	9	1	1	21	0	0	45	100	0	0	395.979797464	395.979797464	1552400735.45	33	42	33	42
"4379"	9	1	1	21	0	0	45	100	0	0	395.979797464	395.979797464	1552400735.49	53	64	53	64
"4380"	9	1	1	21	0	0	45	100	0	0	395.979797464	395.979797464	1552400735.52	72	85	72	85
"4381"	9	1	1	21	0	0	45	100	0	0	395.979797464	395.979797464	1552400735.55	89	104	89	104
"4382"	9	1	1	21	0	0	45	100	0	0	395.979797464	395.979797464	1552400735.59	112	129	112	129
"4383"	9	1	1	21	0	0	45	100	0	0	395.979797464	395.979797464	1552400735.62	136	154	136	154
"4384"	9	1	1	21	0	0	45	100	0	0	395.979797464	395.979797464	1552400735.65	164	181	164	181
"4385"	9	1	1	21	0	0	45	100	0	0	395.979797464	395.979797464	1552400735.69	192	207	192	207
"4386"	9	1	1	21	0	0	45	100	0	0	395.979797464	395.979797464	1552400735.72	218	232	218	232
"4387"	9	1	1	21	0	0	45	100	0	0	395.979797464	395.979797464	1552400735.75	246	259	246	259
"4388"	9	1	1	21	0	0	45	100	0	0	395.979797464	395.979797464	1552400735.79	271	283	271	283
"4389"	9	1	1	21	0	0	45	100	0	0	395.979797464	395.979797464	1552400735.82	300	311	300	311
"4390"	9	1	1	21	0	0	45	100	0	0	395.979797464	395.979797464	1552400735.85	328	335	328	335
"4391"	9	1	1	21	0	0	45	100	0	0	395.979797464	395.979797464	1552400735.89	350	355	350	355
"4392"	9	1	1	21	0	0	45	100	0	0	395.979797464	395.979797464	1552400735.92	374	377	374	377
"4393"	9	1	1	21	0	0	45	100	0	0	395.979797464	395.979797464	1552400735.95	390	391	390	391
"4394"	9	1	1	21	0	0	45	100	0	0	395.979797464	395.979797464	1552400735.99	405	402	405	402
"4395"	9	1	1	21	0	0	45	100	0	0	395.979797464	395.979797464	1552400736.02	415	410	415	410
"4396"	9	1	1	21	0	0	45	100	0	0	395.979797464	395.979797464	1552400736.05	419	413	419	413
"4397"	9	1	1	21	0	0	45	100	0	0	395.979797464	395.979797464	1552400736.09	419	413	419	413
"4398"	9	1	1	21	0	0	45	100	0	0	395.979797464	395.979797464	1552400736.12	419	413	419	413
"4399"	9	1	1	21	0	0	45	100	0	0	395.979797464	395.979797464	1552400736.15	419	413	419	413
"4400"	9	1	1	21	0	0	45	100	0	0	395.979797464	395.979797464	1552400736.19	419	412	419	412
"4401"	9	1	1	21	0	0	45	100	0	0	395.979797464	395.979797464	1552400736.22	419	412	419	412
"4402"	9	1	1	21	0	0	45	100	0	0	395.979797464	395.979797464	1552400736.25	419	412	419	412
"4403"	9	1	1	21	0	0	45	100	0	0	395.979797464	395.979797464	1552400736.29	419	412	419	412
"4404"	9	1	1	21	0	0	45	100	0	0	395.979797464	395.979797464	1552400736.32	417	410	417	410
"4405"	9	1	1	21	0	0	45	100	0	0	395.979797464	395.979797464	1552400736.35	414	406	414	406
"4406"	9	1	1	21	0	0	45	100	0	0	395.979797464	395.979797464	1552400736.39	411	403	411	403
"4407"	9	1	1	21	0	0	45	100	0	0	395.979797464	395.979797464	1552400736.42	411	402	411	402
"4408"	9	1	1	21	0	0	45	100	0	0	395.979797464	395.979797464	1552400736.45	411	402	411	402
"4409"	9	1	1	21	0	0	45	100	0	0	395.979797464	395.979797464	1552400736.49	411	402	411	402
"4410"	9	1	1	21	0	0	45	100	0	0	395.979797464	395.979797464	1552400736.52	411	402	411	402
"4411"	9	1	1	21	0	0	45	100	0	0	395.979797464	395.979797464	1552400736.55	410	402	410	402
"4412"	9	1	1	21	0	0	45	100	0	0	395.979797464	395.979797464	1552400736.59	408	399	408	399
"4413"	9	1	1	21	0	0	45	100	0	0	395.979797464	395.979797464	1552400736.62	404	397	404	397
"4414"	9	1	1	21	0	0	45	100	0	0	395.979797464	395.979797464	1552400736.65	401	396	401	396
