"task_num"	"task_name"	"trial_type"	"trial_num"	"terminalfeedback_bool"	"rotation_angle"	"targetangle_deg"	"targetdistance_percmax"	"homex_px"	"homey_px"	"targetx_px"	"targety_px"	"time_s"	"mousex_px"	"mousey_px"	"cursorx_px"	"cursory_px"
"1"	1	1	1	1	0	0	45	100	0	0	395.979797464	395.979797464	1552400390.75	10	-3	10	-3
"2"	1	1	1	1	0	0	45	100	0	0	395.979797464	395.979797464	1552400390.79	10	-3	10	-3
"3"	1	1	1	1	0	0	45	100	0	0	395.979797464	395.979797464	1552400390.82	10	-3	10	-3
"4"	1	1	1	1	0	0	45	100	0	0	395.979797464	395.979797464	1552400390.86	10	-3	10	-3
"5"	1	1	1	1	0	0	45	100	0	0	395.979797464	395.979797464	1552400390.89	10	-3	10	-3
"6"	1	1	1	1	0	0	45	100	0	0	395.979797464	395.979797464	1552400390.92	10	-3	10	-3
"7"	1	1	1	1	0	0	45	100	0	0	395.979797464	395.979797464	1552400390.96	9	-3	9	-3
"8"	1	1	1	1	0	0	45	100	0	0	395.979797464	395.979797464	1552400390.99	9	-3	9	-3
"9"	1	1	1	1	0	0	45	100	0	0	395.979797464	395.979797464	1552400391.02	9	-3	9	-3
"10"	1	1	1	1	0	0	45	100	0	0	395.979797464	395.979797464	1552400391.06	8	-3	8	-3
"11"	1	1	1	1	0	0	45	100	0	0	395.979797464	395.979797464	1552400391.09	9	-3	9	-3
"12"	1	1	1	1	0	0	45	100	0	0	395.979797464	395.979797464	1552400391.12	9	-3	9	-3
"13"	1	1	1	1	0	0	45	100	0	0	395.979797464	395.979797464	1552400391.16	8	-3	8	-3
"14"	1	1	1	1	0	0	45	100	0	0	395.979797464	395.979797464	1552400391.19	8	-2	8	-2
"15"	1	1	1	1	0	0	45	100	0	0	395.979797464	395.979797464	1552400391.22	8	-2	8	-2
"16"	1	1	1	1	0	0	45	100	0	0	395.979797464	395.979797464	1552400391.26	8	-2	8	-2
"17"	1	1	1	1	0	0	45	100	0	0	395.979797464	395.979797464	1552400391.29	8	-2	8	-2
"18"	1	1	1	1	0	0	45	100	0	0	395.979797464	395.979797464	1552400391.32	7	-2	7	-2
"19"	1	1	1	1	0	0	45	100	0	0	395.979797464	395.979797464	1552400391.36	7	-2	7	-2
"20"	1	1	1	1	0	0	45	100	0	0	395.979797464	395.979797464	1552400391.39	7	-2	7	-2
"21"	1	1	1	1	0	0	45	100	0	0	395.979797464	395.979797464	1552400391.42	7	-1	7	-1
"22"	1	1	1	1	0	0	45	100	0	0	395.979797464	395.979797464	1552400391.46	7	-1	7	-1
"23"	1	1	1	1	0	0	45	100	0	0	395.979797464	395.979797464	1552400391.49	7	-1	7	-1
"24"	1	1	1	1	0	0	45	100	0	0	395.979797464	395.979797464	1552400391.52	6	-1	6	-1
"25"	1	1	1	1	0	0	45	100	0	0	395.979797464	395.979797464	1552400391.56	6	-1	6	-1
"26"	1	1	1	1	0	0	45	100	0	0	395.979797464	395.979797464	1552400391.59	6	-1	6	-1
"27"	1	1	1	1	0	0	45	100	0	0	395.979797464	395.979797464	1552400391.62	6	-1	6	-1
"28"	1	1	1	1	0	0	45	100	0	0	395.979797464	395.979797464	1552400391.66	6	-1	6	-1
"29"	1	1	1	1	0	0	45	100	0	0	395.979797464	395.979797464	1552400391.69	6	-1	6	-1
"30"	1	1	1	1	0	0	45	100	0	0	395.979797464	395.979797464	1552400391.72	6	-1	6	-1
"31"	1	1	1	1	0	0	45	100	0	0	395.979797464	395.979797464	1552400391.76	6	-1	6	-1
"32"	1	1	1	1	0	0	45	100	0	0	395.979797464	395.979797464	1552400391.79	6	-1	6	-1
"33"	1	1	1	1	0	0	45	100	0	0	395.979797464	395.979797464	1552400391.82	6	-1	6	-1
"34"	1	1	1	1	0	0	45	100	0	0	395.979797464	395.979797464	1552400391.86	6	-1	6	-1
"35"	1	1	1	1	0	0	45	100	0	0	395.979797464	395.979797464	1552400391.89	6	-1	6	-1
"36"	1	1	1	1	0	0	45	100	0	0	395.979797464	395.979797464	1552400391.92	6	-1	6	-1
"37"	1	1	1	1	0	0	45	100	0	0	395.979797464	395.979797464	1552400391.96	6	-1	6	-1
"38"	1	1	1	1	0	0	45	100	0	0	395.979797464	395.979797464	1552400391.99	6	-1	6	-1
"39"	1	1	1	1	0	0	45	100	0	0	395.979797464	395.979797464	1552400392.02	6	-1	6	-1
"40"	1	1	1	1	0	0	45	100	0	0	395.979797464	395.979797464	1552400392.06	6	-1	6	-1
"41"	1	1	1	1	0	0	45	100	0	0	395.979797464	395.979797464	1552400392.09	6	-1	6	-1
"42"	1	1	1	1	0	0	45	100	0	0	395.979797464	395.979797464	1552400392.12	6	-1	6	-1
"43"	1	1	1	1	0	0	45	100	0	0	395.979797464	395.979797464	1552400392.16	6	-1	6	-1
"44"	1	1	1	1	0	0	45	100	0	0	395.979797464	395.979797464	1552400392.19	6	-1	6	-1
"45"	1	1	1	1	0	0	45	100	0	0	395.979797464	395.979797464	1552400392.22	6	-1	6	-1
"46"	1	1	1	1	0	0	45	100	0	0	395.979797464	395.979797464	1552400392.26	6	-1	6	-1
"47"	1	1	1	1	0	0	45	100	0	0	395.979797464	395.979797464	1552400392.29	6	-1	6	-1
"48"	1	1	1	1	0	0	45	100	0	0	395.979797464	395.979797464	1552400392.32	6	-1	6	-1
"49"	1	1	1	1	0	0	45	100	0	0	395.979797464	395.979797464	1552400392.36	6	-1	6	-1
"50"	1	1	1	1	0	0	45	100	0	0	395.979797464	395.979797464	1552400392.39	6	-1	6	-1
"51"	1	1	1	1	0	0	45	100	0	0	395.979797464	395.979797464	1552400392.42	6	-1	6	-1
"52"	1	1	1	1	0	0	45	100	0	0	395.979797464	395.979797464	1552400392.46	6	-1	6	-1
"53"	1	1	1	1	0	0	45	100	0	0	395.979797464	395.979797464	1552400392.49	6	-1	6	-1
"54"	1	1	1	1	0	0	45	100	0	0	395.979797464	395.979797464	1552400392.52	6	-1	6	-1
"55"	1	1	1	1	0	0	45	100	0	0	395.979797464	395.979797464	1552400392.56	6	-1	6	-1
"56"	1	1	1	1	0	0	45	100	0	0	395.979797464	395.979797464	1552400392.59	6	-1	6	-1
"57"	1	1	1	1	0	0	45	100	0	0	395.979797464	395.979797464	1552400392.62	6	-1	6	-1
"58"	1	1	1	1	0	0	45	100	0	0	395.979797464	395.979797464	1552400392.66	6	-1	6	-1
"59"	1	1	1	1	0	0	45	100	0	0	395.979797464	395.979797464	1552400392.69	6	-1	6	-1
"60"	1	1	1	1	0	0	45	100	0	0	395.979797464	395.979797464	1552400392.72	6	-1	6	-1
"61"	1	1	1	1	0	0	45	100	0	0	395.979797464	395.979797464	1552400392.76	6	-1	6	-1
"62"	1	1	1	1	0	0	45	100	0	0	395.979797464	395.979797464	1552400392.79	6	-1	6	-1
"63"	1	1	1	1	0	0	45	100	0	0	395.979797464	395.979797464	1552400392.82	6	-1	6	-1
"64"	1	1	1	1	0	0	45	100	0	0	395.979797464	395.979797464	1552400392.86	6	-1	6	-1
"65"	1	1	1	1	0	0	45	100	0	0	395.979797464	395.979797464	1552400392.89	6	-1	6	-1
"66"	1	1	1	1	0	0	45	100	0	0	395.979797464	395.979797464	1552400392.92	6	-1	6	-1
"67"	1	1	1	1	0	0	45	100	0	0	395.979797464	395.979797464	1552400392.96	6	-1	6	-1
"68"	1	1	1	1	0	0	45	100	0	0	395.979797464	395.979797464	1552400392.99	6	-1	6	-1
"69"	1	1	1	1	0	0	45	100	0	0	395.979797464	395.979797464	1552400393.02	6	-1	6	-1
"70"	1	1	1	1	0	0	45	100	0	0	395.979797464	395.979797464	1552400393.06	6	-1	6	-1
"71"	1	1	1	1	0	0	45	100	0	0	395.979797464	395.979797464	1552400393.09	6	-1	6	-1
"72"	1	1	1	1	0	0	45	100	0	0	395.979797464	395.979797464	1552400393.12	6	-1	6	-1
"73"	1	1	1	1	0	0	45	100	0	0	395.979797464	395.979797464	1552400393.16	6	-1	6	-1
"74"	1	1	1	1	0	0	45	100	0	0	395.979797464	395.979797464	1552400393.19	6	-1	6	-1
"75"	1	1	1	1	0	0	45	100	0	0	395.979797464	395.979797464	1552400393.22	6	-1	6	-1
"76"	1	1	1	1	0	0	45	100	0	0	395.979797464	395.979797464	1552400393.26	6	-1	6	-1
"77"	1	1	1	1	0	0	45	100	0	0	395.979797464	395.979797464	1552400393.29	6	-1	6	-1
"78"	1	1	1	1	0	0	45	100	0	0	395.979797464	395.979797464	1552400393.32	6	-1	6	-1
"79"	1	1	1	1	0	0	45	100	0	0	395.979797464	395.979797464	1552400393.36	6	-1	6	-1
"80"	1	1	1	1	0	0	45	100	0	0	395.979797464	395.979797464	1552400393.39	6	-1	6	-1
"81"	1	1	1	1	0	0	45	100	0	0	395.979797464	395.979797464	1552400393.42	6	-1	6	-1
"82"	1	1	1	1	0	0	45	100	0	0	395.979797464	395.979797464	1552400393.46	6	-1	6	-1
"83"	1	1	1	1	0	0	45	100	0	0	395.979797464	395.979797464	1552400393.49	6	-1	6	-1
"84"	1	1	1	1	0	0	45	100	0	0	395.979797464	395.979797464	1552400393.52	6	-1	6	-1
"85"	1	1	1	1	0	0	45	100	0	0	395.979797464	395.979797464	1552400393.56	6	-1	6	-1
"86"	1	1	1	1	0	0	45	100	0	0	395.979797464	395.979797464	1552400393.59	6	-1	6	-1
"87"	1	1	1	1	0	0	45	100	0	0	395.979797464	395.979797464	1552400393.62	6	-1	6	-1
"88"	1	1	1	1	0	0	45	100	0	0	395.979797464	395.979797464	1552400393.66	6	-1	6	-1
"89"	1	1	1	1	0	0	45	100	0	0	395.979797464	395.979797464	1552400393.69	6	-1	6	-1
"90"	1	1	1	1	0	0	45	100	0	0	395.979797464	395.979797464	1552400393.72	6	-1	6	-1
"91"	1	1	1	1	0	0	45	100	0	0	395.979797464	395.979797464	1552400393.76	6	-1	6	-1
"92"	1	1	1	1	0	0	45	100	0	0	395.979797464	395.979797464	1552400393.79	6	-1	6	-1
"93"	1	1	1	1	0	0	45	100	0	0	395.979797464	395.979797464	1552400393.82	6	-1	6	-1
"94"	1	1	1	1	0	0	45	100	0	0	395.979797464	395.979797464	1552400393.86	6	-1	6	-1
"95"	1	1	1	1	0	0	45	100	0	0	395.979797464	395.979797464	1552400393.89	6	-1	6	-1
"96"	1	1	1	1	0	0	45	100	0	0	395.979797464	395.979797464	1552400393.92	6	-1	6	-1
"97"	1	1	1	1	0	0	45	100	0	0	395.979797464	395.979797464	1552400393.96	6	-1	6	-1
"98"	1	1	1	1	0	0	45	100	0	0	395.979797464	395.979797464	1552400393.99	6	-1	6	-1
"99"	1	1	1	1	0	0	45	100	0	0	395.979797464	395.979797464	1552400394.02	6	-1	6	-1
"100"	1	1	1	1	0	0	45	100	0	0	395.979797464	395.979797464	1552400394.06	6	-1	6	-1
"101"	1	1	1	1	0	0	45	100	0	0	395.979797464	395.979797464	1552400394.09	6	-1	6	-1
"102"	1	1	1	1	0	0	45	100	0	0	395.979797464	395.979797464	1552400394.12	6	-1	6	-1
"103"	1	1	1	1	0	0	45	100	0	0	395.979797464	395.979797464	1552400394.16	6	-1	6	-1
"104"	1	1	1	1	0	0	45	100	0	0	395.979797464	395.979797464	1552400394.19	5	-2	5	-2
"105"	1	1	1	1	0	0	45	100	0	0	395.979797464	395.979797464	1552400394.22	4	-2	4	-2
"106"	1	1	1	1	0	0	45	100	0	0	395.979797464	395.979797464	1552400394.26	4	-2	4	-2
"107"	1	1	1	1	0	0	45	100	0	0	395.979797464	395.979797464	1552400394.29	4	-2	4	-2
"108"	1	1	1	1	0	0	45	100	0	0	395.979797464	395.979797464	1552400394.32	5	-2	5	-2
"109"	1	1	1	1	0	0	45	100	0	0	395.979797464	395.979797464	1552400394.36	5	-2	5	-2
"110"	1	1	1	1	0	0	45	100	0	0	395.979797464	395.979797464	1552400394.39	5	-2	5	-2
"111"	1	1	1	1	0	0	45	100	0	0	395.979797464	395.979797464	1552400394.42	5	-2	5	-2
"112"	1	1	1	1	0	0	45	100	0	0	395.979797464	395.979797464	1552400394.46	5	-2	5	-2
"113"	1	1	1	1	0	0	45	100	0	0	395.979797464	395.979797464	1552400394.49	5	-2	5	-2
"114"	1	1	1	1	0	0	45	100	0	0	395.979797464	395.979797464	1552400394.52	5	-2	5	-2
"115"	1	1	1	1	0	0	45	100	0	0	395.979797464	395.979797464	1552400394.56	5	-2	5	-2
"116"	1	1	1	1	0	0	45	100	0	0	395.979797464	395.979797464	1552400394.59	5	-2	5	-2
"117"	1	1	1	1	0	0	45	100	0	0	395.979797464	395.979797464	1552400394.62	5	-2	5	-2
"118"	1	1	1	1	0	0	45	100	0	0	395.979797464	395.979797464	1552400394.66	5	-2	5	-2
"119"	1	1	1	1	0	0	45	100	0	0	395.979797464	395.979797464	1552400394.69	5	-2	5	-2
"120"	1	1	1	1	0	0	45	100	0	0	395.979797464	395.979797464	1552400394.72	5	-2	5	-2
"121"	1	1	1	1	0	0	45	100	0	0	395.979797464	395.979797464	1552400394.76	5	-2	5	-2
"122"	1	1	1	1	0	0	45	100	0	0	395.979797464	395.979797464	1552400394.79	5	-2	5	-2
"123"	1	1	1	1	0	0	45	100	0	0	395.979797464	395.979797464	1552400394.82	5	-2	5	-2
"124"	1	1	1	1	0	0	45	100	0	0	395.979797464	395.979797464	1552400394.86	5	-2	5	-2
"125"	1	1	1	1	0	0	45	100	0	0	395.979797464	395.979797464	1552400394.89	5	-2	5	-2
"126"	1	1	1	1	0	0	45	100	0	0	395.979797464	395.979797464	1552400394.92	5	-2	5	-2
"127"	1	1	1	1	0	0	45	100	0	0	395.979797464	395.979797464	1552400394.96	5	-2	5	-2
"128"	1	1	1	1	0	0	45	100	0	0	395.979797464	395.979797464	1552400394.99	5	-2	5	-2
"129"	1	1	1	1	0	0	45	100	0	0	395.979797464	395.979797464	1552400395.02	5	-2	5	-2
"130"	1	1	1	1	0	0	45	100	0	0	395.979797464	395.979797464	1552400395.06	5	-2	5	-2
"131"	1	1	1	1	0	0	45	100	0	0	395.979797464	395.979797464	1552400395.09	5	-2	5	-2
"132"	1	1	1	1	0	0	45	100	0	0	395.979797464	395.979797464	1552400395.12	5	-2	5	-2
"133"	1	1	1	1	0	0	45	100	0	0	395.979797464	395.979797464	1552400395.16	5	-2	5	-2
"134"	1	1	1	1	0	0	45	100	0	0	395.979797464	395.979797464	1552400395.19	5	-2	5	-2
"135"	1	1	1	1	0	0	45	100	0	0	395.979797464	395.979797464	1552400395.23	5	-2	5	-2
"136"	1	1	1	1	0	0	45	100	0	0	395.979797464	395.979797464	1552400395.26	5	-2	5	-2
"137"	1	1	1	1	0	0	45	100	0	0	395.979797464	395.979797464	1552400395.29	5	-2	5	-2
"138"	1	1	1	1	0	0	45	100	0	0	395.979797464	395.979797464	1552400395.33	5	-2	5	-2
"139"	1	1	1	1	0	0	45	100	0	0	395.979797464	395.979797464	1552400395.36	5	-2	5	-2
"140"	1	1	1	1	0	0	45	100	0	0	395.979797464	395.979797464	1552400395.39	5	-2	5	-2
"141"	1	1	1	1	0	0	45	100	0	0	395.979797464	395.979797464	1552400395.43	5	-2	5	-2
"142"	1	1	1	1	0	0	45	100	0	0	395.979797464	395.979797464	1552400395.46	5	-2	5	-2
"143"	1	1	1	1	0	0	45	100	0	0	395.979797464	395.979797464	1552400395.49	5	-2	5	-2
"144"	1	1	1	1	0	0	45	100	0	0	395.979797464	395.979797464	1552400395.53	5	-2	5	-2
"145"	1	1	1	1	0	0	45	100	0	0	395.979797464	395.979797464	1552400395.56	5	-2	5	-2
"146"	1	1	1	1	0	0	45	100	0	0	395.979797464	395.979797464	1552400395.59	5	-2	5	-2
"147"	1	1	1	1	0	0	45	100	0	0	395.979797464	395.979797464	1552400395.63	5	-2	5	-2
"148"	1	1	1	1	0	0	45	100	0	0	395.979797464	395.979797464	1552400395.66	5	-2	5	-2
"149"	1	1	1	1	0	0	45	100	0	0	395.979797464	395.979797464	1552400395.69	5	-2	5	-2
"150"	1	1	1	1	0	0	45	100	0	0	395.979797464	395.979797464	1552400395.73	5	-2	5	-2
"151"	1	1	1	1	0	0	45	100	0	0	395.979797464	395.979797464	1552400395.76	5	-2	5	-2
"152"	1	1	1	1	0	0	45	100	0	0	395.979797464	395.979797464	1552400395.79	5	-2	5	-2
"153"	1	1	1	1	0	0	45	100	0	0	395.979797464	395.979797464	1552400395.83	5	-2	5	-2
"154"	1	1	1	1	0	0	45	100	0	0	395.979797464	395.979797464	1552400395.86	5	-2	5	-2
"155"	1	1	1	1	0	0	45	100	0	0	395.979797464	395.979797464	1552400395.89	5	-2	5	-2
"156"	1	1	1	1	0	0	45	100	0	0	395.979797464	395.979797464	1552400395.93	5	-2	5	-2
"157"	1	1	1	1	0	0	45	100	0	0	395.979797464	395.979797464	1552400395.96	5	-2	5	-2
"158"	1	1	1	1	0	0	45	100	0	0	395.979797464	395.979797464	1552400395.99	5	-2	5	-2
"159"	1	1	1	1	0	0	45	100	0	0	395.979797464	395.979797464	1552400396.03	5	-2	5	-2
"160"	1	1	1	1	0	0	45	100	0	0	395.979797464	395.979797464	1552400396.06	4	-2	4	-2
"161"	1	1	1	1	0	0	45	100	0	0	395.979797464	395.979797464	1552400396.09	4	-2	4	-2
"162"	1	1	1	1	0	0	45	100	0	0	395.979797464	395.979797464	1552400396.13	4	-2	4	-2
"163"	1	1	1	1	0	0	45	100	0	0	395.979797464	395.979797464	1552400396.16	4	-2	4	-2
"164"	1	1	1	1	0	0	45	100	0	0	395.979797464	395.979797464	1552400396.19	4	-2	4	-2
"165"	1	1	1	1	0	0	45	100	0	0	395.979797464	395.979797464	1552400396.23	5	-2	5	-2
"166"	1	1	1	1	0	0	45	100	0	0	395.979797464	395.979797464	1552400396.26	8	0	8	0
"167"	1	1	1	1	0	0	45	100	0	0	395.979797464	395.979797464	1552400396.29	16	7	16	7
"168"	1	1	1	1	0	0	45	100	0	0	395.979797464	395.979797464	1552400396.33	25	17	25	17
"169"	1	1	1	1	0	0	45	100	0	0	395.979797464	395.979797464	1552400396.36	33	28	33	28
"170"	1	1	1	1	0	0	45	100	0	0	395.979797464	395.979797464	1552400396.39	53	51	53	51
"171"	1	1	1	1	0	0	45	100	0	0	395.979797464	395.979797464	1552400396.43	74	70	74	70
"172"	1	1	1	1	0	0	45	100	0	0	395.979797464	395.979797464	1552400396.46	97	92	97	92
"173"	1	1	1	1	0	0	45	100	0	0	395.979797464	395.979797464	1552400396.49	121	114	121	114
"174"	1	1	1	1	0	0	45	100	0	0	395.979797464	395.979797464	1552400396.53	146	138	146	138
"175"	1	1	1	1	0	0	45	100	0	0	395.979797464	395.979797464	1552400396.56	168	161	168	161
"176"	1	1	1	1	0	0	45	100	0	0	395.979797464	395.979797464	1552400396.59	189	182	189	182
"177"	1	1	1	1	0	0	45	100	0	0	395.979797464	395.979797464	1552400396.63	212	205	212	205
"178"	1	1	1	1	0	0	45	100	0	0	395.979797464	395.979797464	1552400396.66	235	228	235	228
"179"	1	1	1	1	0	0	45	100	0	0	395.979797464	395.979797464	1552400396.69	256	249	256	249
"180"	1	1	1	1	0	0	45	100	0	0	395.979797464	395.979797464	1552400396.73	278	277	278	277
"181"	1	1	1	1	0	0	45	100	0	0	395.979797464	395.979797464	1552400396.76	296	302	296	302
"182"	1	1	1	1	0	0	45	100	0	0	395.979797464	395.979797464	1552400396.79	316	327	316	327
"183"	1	1	1	1	0	0	45	100	0	0	395.979797464	395.979797464	1552400396.83	335	347	335	347
"184"	1	1	1	1	0	0	45	100	0	0	395.979797464	395.979797464	1552400396.86	353	368	353	368
"185"	1	1	1	1	0	0	45	100	0	0	395.979797464	395.979797464	1552400396.89	364	382	364	382
"186"	1	1	1	1	0	0	45	100	0	0	395.979797464	395.979797464	1552400396.93	374	396	374	396
"187"	1	1	1	1	0	0	45	100	0	0	395.979797464	395.979797464	1552400396.96	382	408	382	408
"188"	1	1	1	1	0	0	45	100	0	0	395.979797464	395.979797464	1552400396.99	389	416	389	416
"189"	1	1	1	1	0	0	45	100	0	0	395.979797464	395.979797464	1552400397.03	396	423	396	423
"190"	1	1	1	1	0	0	45	100	0	0	395.979797464	395.979797464	1552400397.06	402	427	402	427
"191"	1	1	1	1	0	0	45	100	0	0	395.979797464	395.979797464	1552400397.09	404	428	404	428
"192"	1	1	1	1	0	0	45	100	0	0	395.979797464	395.979797464	1552400397.13	404	428	404	428
"193"	1	1	1	1	0	0	45	100	0	0	395.979797464	395.979797464	1552400397.16	404	427	404	427
"194"	1	1	1	1	0	0	45	100	0	0	395.979797464	395.979797464	1552400397.19	403	423	403	423
"195"	1	1	1	1	0	0	45	100	0	0	395.979797464	395.979797464	1552400397.23	402	418	402	418
"196"	1	1	1	1	0	0	45	100	0	0	395.979797464	395.979797464	1552400397.26	402	416	402	416
"197"	1	1	1	1	0	0	45	100	0	0	395.979797464	395.979797464	1552400397.29	402	414	402	414
"198"	1	1	1	1	0	0	45	100	0	0	395.979797464	395.979797464	1552400397.33	402	412	402	412
"199"	1	1	1	1	0	0	45	100	0	0	395.979797464	395.979797464	1552400397.36	401	412	401	412
"200"	1	1	1	1	0	0	45	100	0	0	395.979797464	395.979797464	1552400397.39	399	410	399	410
"201"	1	1	1	1	0	0	45	100	0	0	395.979797464	395.979797464	1552400397.43	397	409	397	409
"202"	1	1	1	2	0	0	90	100	0	0	3.42901103761e-14	560	1552400399.15	-5	4	-5	4
"203"	1	1	1	2	0	0	90	100	0	0	3.42901103761e-14	560	1552400399.18	-5	3	-5	3
"204"	1	1	1	2	0	0	90	100	0	0	3.42901103761e-14	560	1552400399.21	-5	2	-5	2
"205"	1	1	1	2	0	0	90	100	0	0	3.42901103761e-14	560	1552400399.24	-5	2	-5	2
"206"	1	1	1	2	0	0	90	100	0	0	3.42901103761e-14	560	1552400399.28	-4	2	-4	2
"207"	1	1	1	2	0	0	90	100	0	0	3.42901103761e-14	560	1552400399.31	-4	2	-4	2
"208"	1	1	1	2	0	0	90	100	0	0	3.42901103761e-14	560	1552400399.34	-4	2	-4	2
"209"	1	1	1	2	0	0	90	100	0	0	3.42901103761e-14	560	1552400399.38	-4	2	-4	2
"210"	1	1	1	2	0	0	90	100	0	0	3.42901103761e-14	560	1552400399.41	-4	2	-4	2
"211"	1	1	1	2	0	0	90	100	0	0	3.42901103761e-14	560	1552400399.44	-4	2	-4	2
"212"	1	1	1	2	0	0	90	100	0	0	3.42901103761e-14	560	1552400399.48	-4	2	-4	2
"213"	1	1	1	2	0	0	90	100	0	0	3.42901103761e-14	560	1552400399.51	-4	2	-4	2
"214"	1	1	1	2	0	0	90	100	0	0	3.42901103761e-14	560	1552400399.55	-4	2	-4	2
"215"	1	1	1	2	0	0	90	100	0	0	3.42901103761e-14	560	1552400399.58	-4	5	-4	5
"216"	1	1	1	2	0	0	90	100	0	0	3.42901103761e-14	560	1552400399.61	-2	14	-2	14
"217"	1	1	1	2	0	0	90	100	0	0	3.42901103761e-14	560	1552400399.65	0	33	0	33
"218"	1	1	1	2	0	0	90	100	0	0	3.42901103761e-14	560	1552400399.68	-2	60	-2	60
"219"	1	1	1	2	0	0	90	100	0	0	3.42901103761e-14	560	1552400399.71	-6	91	-6	91
"220"	1	1	1	2	0	0	90	100	0	0	3.42901103761e-14	560	1552400399.75	-7	117	-7	117
"221"	1	1	1	2	0	0	90	100	0	0	3.42901103761e-14	560	1552400399.78	-9	147	-9	147
"222"	1	1	1	2	0	0	90	100	0	0	3.42901103761e-14	560	1552400399.81	-13	176	-13	176
"223"	1	1	1	2	0	0	90	100	0	0	3.42901103761e-14	560	1552400399.85	-16	200	-16	200
"224"	1	1	1	2	0	0	90	100	0	0	3.42901103761e-14	560	1552400399.88	-18	229	-18	229
"225"	1	1	1	2	0	0	90	100	0	0	3.42901103761e-14	560	1552400399.91	-20	255	-20	255
"226"	1	1	1	2	0	0	90	100	0	0	3.42901103761e-14	560	1552400399.95	-21	283	-21	283
"227"	1	1	1	2	0	0	90	100	0	0	3.42901103761e-14	560	1552400399.98	-20	313	-20	313
"228"	1	1	1	2	0	0	90	100	0	0	3.42901103761e-14	560	1552400400.01	-21	338	-21	338
"229"	1	1	1	2	0	0	90	100	0	0	3.42901103761e-14	560	1552400400.05	-22	369	-22	369
"230"	1	1	1	2	0	0	90	100	0	0	3.42901103761e-14	560	1552400400.08	-23	393	-23	393
"231"	1	1	1	2	0	0	90	100	0	0	3.42901103761e-14	560	1552400400.11	-24	423	-24	423
"232"	1	1	1	2	0	0	90	100	0	0	3.42901103761e-14	560	1552400400.15	-24	453	-24	453
"233"	1	1	1	2	0	0	90	100	0	0	3.42901103761e-14	560	1552400400.18	-25	473	-25	473
"234"	1	1	1	2	0	0	90	100	0	0	3.42901103761e-14	560	1552400400.21	-26	497	-26	497
"235"	1	1	1	2	0	0	90	100	0	0	3.42901103761e-14	560	1552400400.25	-26	509	-26	509
"236"	1	1	1	2	0	0	90	100	0	0	3.42901103761e-14	560	1552400400.28	-26	525	-26	525
"237"	1	1	1	2	0	0	90	100	0	0	3.42901103761e-14	560	1552400400.31	-25	540	-25	540
"238"	1	1	1	2	0	0	90	100	0	0	3.42901103761e-14	560	1552400400.35	-22	551	-22	551
"239"	1	1	1	2	0	0	90	100	0	0	3.42901103761e-14	560	1552400400.38	-19	560	-19	560
"240"	1	1	1	2	0	0	90	100	0	0	3.42901103761e-14	560	1552400400.41	-18	566	-18	566
"241"	1	1	1	2	0	0	90	100	0	0	3.42901103761e-14	560	1552400400.45	-18	568	-18	568
"242"	1	1	1	2	0	0	90	100	0	0	3.42901103761e-14	560	1552400400.48	-16	569	-16	569
"243"	1	1	1	2	0	0	90	100	0	0	3.42901103761e-14	560	1552400400.51	-13	571	-13	571
"244"	1	1	1	2	0	0	90	100	0	0	3.42901103761e-14	560	1552400400.55	-10	572	-10	572
"245"	1	1	1	2	0	0	90	100	0	0	3.42901103761e-14	560	1552400400.58	-9	571	-9	571
"246"	1	1	1	3	0	0	135	100	0	0	-395.979797464	395.979797464	1552400402.15	-2	9	-2	9
"247"	1	1	1	3	0	0	135	100	0	0	-395.979797464	395.979797464	1552400402.18	-2	5	-2	5
"248"	1	1	1	3	0	0	135	100	0	0	-395.979797464	395.979797464	1552400402.21	-2	4	-2	4
"249"	1	1	1	3	0	0	135	100	0	0	-395.979797464	395.979797464	1552400402.25	-2	4	-2	4
"250"	1	1	1	3	0	0	135	100	0	0	-395.979797464	395.979797464	1552400402.28	-2	4	-2	4
"251"	1	1	1	3	0	0	135	100	0	0	-395.979797464	395.979797464	1552400402.31	-2	4	-2	4
"252"	1	1	1	3	0	0	135	100	0	0	-395.979797464	395.979797464	1552400402.35	-2	4	-2	4
"253"	1	1	1	3	0	0	135	100	0	0	-395.979797464	395.979797464	1552400402.38	-2	3	-2	3
"254"	1	1	1	3	0	0	135	100	0	0	-395.979797464	395.979797464	1552400402.41	-2	2	-2	2
"255"	1	1	1	3	0	0	135	100	0	0	-395.979797464	395.979797464	1552400402.45	-2	2	-2	2
"256"	1	1	1	3	0	0	135	100	0	0	-395.979797464	395.979797464	1552400402.48	-2	1	-2	1
"257"	1	1	1	3	0	0	135	100	0	0	-395.979797464	395.979797464	1552400402.51	-3	2	-3	2
"258"	1	1	1	3	0	0	135	100	0	0	-395.979797464	395.979797464	1552400402.55	-9	8	-9	8
"259"	1	1	1	3	0	0	135	100	0	0	-395.979797464	395.979797464	1552400402.58	-21	19	-21	19
"260"	1	1	1	3	0	0	135	100	0	0	-395.979797464	395.979797464	1552400402.61	-39	36	-39	36
"261"	1	1	1	3	0	0	135	100	0	0	-395.979797464	395.979797464	1552400402.65	-64	58	-64	58
"262"	1	1	1	3	0	0	135	100	0	0	-395.979797464	395.979797464	1552400402.68	-90	79	-90	79
"263"	1	1	1	3	0	0	135	100	0	0	-395.979797464	395.979797464	1552400402.71	-110	99	-110	99
"264"	1	1	1	3	0	0	135	100	0	0	-395.979797464	395.979797464	1552400402.75	-131	123	-131	123
"265"	1	1	1	3	0	0	135	100	0	0	-395.979797464	395.979797464	1552400402.78	-151	144	-151	144
"266"	1	1	1	3	0	0	135	100	0	0	-395.979797464	395.979797464	1552400402.81	-171	165	-171	165
"267"	1	1	1	3	0	0	135	100	0	0	-395.979797464	395.979797464	1552400402.85	-184	180	-184	180
"268"	1	1	1	3	0	0	135	100	0	0	-395.979797464	395.979797464	1552400402.88	-199	197	-199	197
"269"	1	1	1	3	0	0	135	100	0	0	-395.979797464	395.979797464	1552400402.91	-220	220	-220	220
"270"	1	1	1	3	0	0	135	100	0	0	-395.979797464	395.979797464	1552400402.95	-234	237	-234	237
"271"	1	1	1	3	0	0	135	100	0	0	-395.979797464	395.979797464	1552400402.98	-253	258	-253	258
"272"	1	1	1	3	0	0	135	100	0	0	-395.979797464	395.979797464	1552400403.01	-269	273	-269	273
"273"	1	1	1	3	0	0	135	100	0	0	-395.979797464	395.979797464	1552400403.05	-286	286	-286	286
"274"	1	1	1	3	0	0	135	100	0	0	-395.979797464	395.979797464	1552400403.08	-300	295	-300	295
"275"	1	1	1	3	0	0	135	100	0	0	-395.979797464	395.979797464	1552400403.11	-314	308	-314	308
"276"	1	1	1	3	0	0	135	100	0	0	-395.979797464	395.979797464	1552400403.15	-327	320	-327	320
"277"	1	1	1	3	0	0	135	100	0	0	-395.979797464	395.979797464	1552400403.18	-335	329	-335	329
"278"	1	1	1	3	0	0	135	100	0	0	-395.979797464	395.979797464	1552400403.21	-342	339	-342	339
"279"	1	1	1	3	0	0	135	100	0	0	-395.979797464	395.979797464	1552400403.25	-349	347	-349	347
"280"	1	1	1	3	0	0	135	100	0	0	-395.979797464	395.979797464	1552400403.28	-355	354	-355	354
"281"	1	1	1	3	0	0	135	100	0	0	-395.979797464	395.979797464	1552400403.31	-358	360	-358	360
"282"	1	1	1	3	0	0	135	100	0	0	-395.979797464	395.979797464	1552400403.35	-362	368	-362	368
"283"	1	1	1	3	0	0	135	100	0	0	-395.979797464	395.979797464	1552400403.38	-366	374	-366	374
"284"	1	1	1	3	0	0	135	100	0	0	-395.979797464	395.979797464	1552400403.41	-369	378	-369	378
"285"	1	1	1	3	0	0	135	100	0	0	-395.979797464	395.979797464	1552400403.45	-373	383	-373	383
"286"	1	1	1	3	0	0	135	100	0	0	-395.979797464	395.979797464	1552400403.48	-377	387	-377	387
"287"	1	1	1	3	0	0	135	100	0	0	-395.979797464	395.979797464	1552400403.51	-381	390	-381	390
"288"	1	1	1	3	0	0	135	100	0	0	-395.979797464	395.979797464	1552400403.55	-386	393	-386	393
"289"	1	1	1	3	0	0	135	100	0	0	-395.979797464	395.979797464	1552400403.58	-390	396	-390	396
"290"	1	1	1	3	0	0	135	100	0	0	-395.979797464	395.979797464	1552400403.61	-394	399	-394	399
"291"	1	1	1	3	0	0	135	100	0	0	-395.979797464	395.979797464	1552400403.65	-396	401	-396	401
"292"	1	1	1	3	0	0	135	100	0	0	-395.979797464	395.979797464	1552400403.68	-398	402	-398	402
"293"	1	1	1	3	0	0	135	100	0	0	-395.979797464	395.979797464	1552400403.71	-399	403	-399	403
"294"	1	1	1	4	0	0	90	100	0	0	3.42901103761e-14	560	1552400405.36	-4	-2	-4	-2
"295"	1	1	1	4	0	0	90	100	0	0	3.42901103761e-14	560	1552400405.38	-3	-2	-3	-2
"296"	1	1	1	4	0	0	90	100	0	0	3.42901103761e-14	560	1552400405.42	-3	-2	-3	-2
"297"	1	1	1	4	0	0	90	100	0	0	3.42901103761e-14	560	1552400405.45	-3	-2	-3	-2
"298"	1	1	1	4	0	0	90	100	0	0	3.42901103761e-14	560	1552400405.48	-3	-2	-3	-2
"299"	1	1	1	4	0	0	90	100	0	0	3.42901103761e-14	560	1552400405.52	-3	-2	-3	-2
"300"	1	1	1	4	0	0	90	100	0	0	3.42901103761e-14	560	1552400405.55	-4	-2	-4	-2
"301"	1	1	1	4	0	0	90	100	0	0	3.42901103761e-14	560	1552400405.58	-4	-2	-4	-2
"302"	1	1	1	4	0	0	90	100	0	0	3.42901103761e-14	560	1552400405.62	-3	-1	-3	-1
"303"	1	1	1	4	0	0	90	100	0	0	3.42901103761e-14	560	1552400405.65	-2	-1	-2	-1
"304"	1	1	1	4	0	0	90	100	0	0	3.42901103761e-14	560	1552400405.68	-2	-1	-2	-1
"305"	1	1	1	4	0	0	90	100	0	0	3.42901103761e-14	560	1552400405.72	-2	-1	-2	-1
"306"	1	1	1	4	0	0	90	100	0	0	3.42901103761e-14	560	1552400405.75	-2	1	-2	1
"307"	1	1	1	4	0	0	90	100	0	0	3.42901103761e-14	560	1552400405.78	1	15	1	15
"308"	1	1	1	4	0	0	90	100	0	0	3.42901103761e-14	560	1552400405.82	4	39	4	39
"309"	1	1	1	4	0	0	90	100	0	0	3.42901103761e-14	560	1552400405.85	4	61	4	61
"310"	1	1	1	4	0	0	90	100	0	0	3.42901103761e-14	560	1552400405.88	6	95	6	95
"311"	1	1	1	4	0	0	90	100	0	0	3.42901103761e-14	560	1552400405.92	7	127	7	127
"312"	1	1	1	4	0	0	90	100	0	0	3.42901103761e-14	560	1552400405.95	8	158	8	158
"313"	1	1	1	4	0	0	90	100	0	0	3.42901103761e-14	560	1552400405.98	10	194	10	194
"314"	1	1	1	4	0	0	90	100	0	0	3.42901103761e-14	560	1552400406.02	11	231	11	231
"315"	1	1	1	4	0	0	90	100	0	0	3.42901103761e-14	560	1552400406.05	11	257	11	257
"316"	1	1	1	4	0	0	90	100	0	0	3.42901103761e-14	560	1552400406.08	11	286	11	286
"317"	1	1	1	4	0	0	90	100	0	0	3.42901103761e-14	560	1552400406.12	9	313	9	313
"318"	1	1	1	4	0	0	90	100	0	0	3.42901103761e-14	560	1552400406.15	5	335	5	335
"319"	1	1	1	4	0	0	90	100	0	0	3.42901103761e-14	560	1552400406.18	2	353	2	353
"320"	1	1	1	4	0	0	90	100	0	0	3.42901103761e-14	560	1552400406.22	0	371	0	371
"321"	1	1	1	4	0	0	90	100	0	0	3.42901103761e-14	560	1552400406.25	-3	386	-3	386
"322"	1	1	1	4	0	0	90	100	0	0	3.42901103761e-14	560	1552400406.28	-5	400	-5	400
"323"	1	1	1	4	0	0	90	100	0	0	3.42901103761e-14	560	1552400406.32	-7	415	-7	415
"324"	1	1	1	4	0	0	90	100	0	0	3.42901103761e-14	560	1552400406.35	-8	429	-8	429
"325"	1	1	1	4	0	0	90	100	0	0	3.42901103761e-14	560	1552400406.38	-9	443	-9	443
"326"	1	1	1	4	0	0	90	100	0	0	3.42901103761e-14	560	1552400406.42	-8	456	-8	456
"327"	1	1	1	4	0	0	90	100	0	0	3.42901103761e-14	560	1552400406.45	-7	469	-7	469
"328"	1	1	1	4	0	0	90	100	0	0	3.42901103761e-14	560	1552400406.48	-6	480	-6	480
"329"	1	1	1	4	0	0	90	100	0	0	3.42901103761e-14	560	1552400406.52	-6	489	-6	489
"330"	1	1	1	4	0	0	90	100	0	0	3.42901103761e-14	560	1552400406.55	-5	499	-5	499
"331"	1	1	1	4	0	0	90	100	0	0	3.42901103761e-14	560	1552400406.58	-5	507	-5	507
"332"	1	1	1	4	0	0	90	100	0	0	3.42901103761e-14	560	1552400406.62	-3	514	-3	514
"333"	1	1	1	4	0	0	90	100	0	0	3.42901103761e-14	560	1552400406.65	-2	521	-2	521
"334"	1	1	1	4	0	0	90	100	0	0	3.42901103761e-14	560	1552400406.68	-1	528	-1	528
"335"	1	1	1	4	0	0	90	100	0	0	3.42901103761e-14	560	1552400406.72	-1	534	-1	534
"336"	1	1	1	4	0	0	90	100	0	0	3.42901103761e-14	560	1552400406.75	0	539	0	539
"337"	1	1	1	4	0	0	90	100	0	0	3.42901103761e-14	560	1552400406.78	0	544	0	544
"338"	1	1	1	4	0	0	90	100	0	0	3.42901103761e-14	560	1552400406.82	1	548	1	548
"339"	1	1	1	4	0	0	90	100	0	0	3.42901103761e-14	560	1552400406.85	1	551	1	551
"340"	1	1	1	4	0	0	90	100	0	0	3.42901103761e-14	560	1552400406.88	1	554	1	554
"341"	1	1	1	4	0	0	90	100	0	0	3.42901103761e-14	560	1552400406.92	1	556	1	556
"342"	1	1	1	4	0	0	90	100	0	0	3.42901103761e-14	560	1552400406.95	0	558	0	558
"343"	1	1	1	5	0	0	135	100	0	0	-395.979797464	395.979797464	1552400408.93	0	-7	0	-7
"344"	1	1	1	5	0	0	135	100	0	0	-395.979797464	395.979797464	1552400408.95	0	-7	0	-7
"345"	1	1	1	5	0	0	135	100	0	0	-395.979797464	395.979797464	1552400408.99	0	-7	0	-7
"346"	1	1	1	5	0	0	135	100	0	0	-395.979797464	395.979797464	1552400409.02	0	-7	0	-7
"347"	1	1	1	5	0	0	135	100	0	0	-395.979797464	395.979797464	1552400409.05	0	-7	0	-7
"348"	1	1	1	5	0	0	135	100	0	0	-395.979797464	395.979797464	1552400409.09	0	-7	0	-7
"349"	1	1	1	5	0	0	135	100	0	0	-395.979797464	395.979797464	1552400409.12	0	-7	0	-7
"350"	1	1	1	5	0	0	135	100	0	0	-395.979797464	395.979797464	1552400409.15	0	-7	0	-7
"351"	1	1	1	5	0	0	135	100	0	0	-395.979797464	395.979797464	1552400409.19	0	-7	0	-7
"352"	1	1	1	5	0	0	135	100	0	0	-395.979797464	395.979797464	1552400409.22	0	-7	0	-7
"353"	1	1	1	5	0	0	135	100	0	0	-395.979797464	395.979797464	1552400409.25	0	-7	0	-7
"354"	1	1	1	5	0	0	135	100	0	0	-395.979797464	395.979797464	1552400409.29	-1	-5	-1	-5
"355"	1	1	1	5	0	0	135	100	0	0	-395.979797464	395.979797464	1552400409.32	-5	2	-5	2
"356"	1	1	1	5	0	0	135	100	0	0	-395.979797464	395.979797464	1552400409.35	-13	13	-13	13
"357"	1	1	1	5	0	0	135	100	0	0	-395.979797464	395.979797464	1552400409.39	-25	30	-25	30
"358"	1	1	1	5	0	0	135	100	0	0	-395.979797464	395.979797464	1552400409.42	-39	53	-39	53
"359"	1	1	1	5	0	0	135	100	0	0	-395.979797464	395.979797464	1552400409.45	-56	80	-56	80
"360"	1	1	1	5	0	0	135	100	0	0	-395.979797464	395.979797464	1552400409.49	-74	103	-74	103
"361"	1	1	1	5	0	0	135	100	0	0	-395.979797464	395.979797464	1552400409.52	-91	120	-91	120
"362"	1	1	1	5	0	0	135	100	0	0	-395.979797464	395.979797464	1552400409.55	-111	138	-111	138
"363"	1	1	1	5	0	0	135	100	0	0	-395.979797464	395.979797464	1552400409.59	-130	157	-130	157
"364"	1	1	1	5	0	0	135	100	0	0	-395.979797464	395.979797464	1552400409.62	-147	175	-147	175
"365"	1	1	1	5	0	0	135	100	0	0	-395.979797464	395.979797464	1552400409.65	-163	191	-163	191
"366"	1	1	1	5	0	0	135	100	0	0	-395.979797464	395.979797464	1552400409.69	-180	208	-180	208
"367"	1	1	1	5	0	0	135	100	0	0	-395.979797464	395.979797464	1552400409.72	-197	225	-197	225
"368"	1	1	1	5	0	0	135	100	0	0	-395.979797464	395.979797464	1552400409.75	-213	237	-213	237
"369"	1	1	1	5	0	0	135	100	0	0	-395.979797464	395.979797464	1552400409.79	-230	251	-230	251
"370"	1	1	1	5	0	0	135	100	0	0	-395.979797464	395.979797464	1552400409.82	-245	264	-245	264
"371"	1	1	1	5	0	0	135	100	0	0	-395.979797464	395.979797464	1552400409.85	-258	274	-258	274
"372"	1	1	1	5	0	0	135	100	0	0	-395.979797464	395.979797464	1552400409.89	-273	285	-273	285
"373"	1	1	1	5	0	0	135	100	0	0	-395.979797464	395.979797464	1552400409.92	-286	294	-286	294
"374"	1	1	1	5	0	0	135	100	0	0	-395.979797464	395.979797464	1552400409.95	-302	304	-302	304
"375"	1	1	1	5	0	0	135	100	0	0	-395.979797464	395.979797464	1552400409.99	-318	315	-318	315
"376"	1	1	1	5	0	0	135	100	0	0	-395.979797464	395.979797464	1552400410.02	-333	327	-333	327
"377"	1	1	1	5	0	0	135	100	0	0	-395.979797464	395.979797464	1552400410.05	-345	338	-345	338
"378"	1	1	1	5	0	0	135	100	0	0	-395.979797464	395.979797464	1552400410.09	-355	346	-355	346
"379"	1	1	1	5	0	0	135	100	0	0	-395.979797464	395.979797464	1552400410.12	-365	355	-365	355
"380"	1	1	1	5	0	0	135	100	0	0	-395.979797464	395.979797464	1552400410.15	-374	362	-374	362
"381"	1	1	1	5	0	0	135	100	0	0	-395.979797464	395.979797464	1552400410.19	-380	367	-380	367
"382"	1	1	1	5	0	0	135	100	0	0	-395.979797464	395.979797464	1552400410.22	-386	372	-386	372
"383"	1	1	1	5	0	0	135	100	0	0	-395.979797464	395.979797464	1552400410.25	-389	375	-389	375
"384"	1	1	1	5	0	0	135	100	0	0	-395.979797464	395.979797464	1552400410.29	-391	377	-391	377
"385"	1	1	1	5	0	0	135	100	0	0	-395.979797464	395.979797464	1552400410.32	-393	379	-393	379
"386"	1	1	1	5	0	0	135	100	0	0	-395.979797464	395.979797464	1552400410.35	-393	381	-393	381
"387"	1	1	1	5	0	0	135	100	0	0	-395.979797464	395.979797464	1552400410.39	-394	383	-394	383
"388"	1	1	1	6	0	0	45	100	0	0	395.979797464	395.979797464	1552400412.23	-1	3	-1	3
"389"	1	1	1	6	0	0	45	100	0	0	395.979797464	395.979797464	1552400412.25	-1	2	-1	2
"390"	1	1	1	6	0	0	45	100	0	0	395.979797464	395.979797464	1552400412.29	-1	2	-1	2
"391"	1	1	1	6	0	0	45	100	0	0	395.979797464	395.979797464	1552400412.32	0	2	0	2
"392"	1	1	1	6	0	0	45	100	0	0	395.979797464	395.979797464	1552400412.35	0	2	0	2
"393"	1	1	1	6	0	0	45	100	0	0	395.979797464	395.979797464	1552400412.39	0	2	0	2
"394"	1	1	1	6	0	0	45	100	0	0	395.979797464	395.979797464	1552400412.42	0	2	0	2
"395"	1	1	1	6	0	0	45	100	0	0	395.979797464	395.979797464	1552400412.45	0	2	0	2
"396"	1	1	1	6	0	0	45	100	0	0	395.979797464	395.979797464	1552400412.49	0	2	0	2
"397"	1	1	1	6	0	0	45	100	0	0	395.979797464	395.979797464	1552400412.52	0	2	0	2
"398"	1	1	1	6	0	0	45	100	0	0	395.979797464	395.979797464	1552400412.56	0	2	0	2
"399"	1	1	1	6	0	0	45	100	0	0	395.979797464	395.979797464	1552400412.59	1	4	1	4
"400"	1	1	1	6	0	0	45	100	0	0	395.979797464	395.979797464	1552400412.62	11	15	11	15
"401"	1	1	1	6	0	0	45	100	0	0	395.979797464	395.979797464	1552400412.66	27	30	27	30
"402"	1	1	1	6	0	0	45	100	0	0	395.979797464	395.979797464	1552400412.69	41	43	41	43
"403"	1	1	1	6	0	0	45	100	0	0	395.979797464	395.979797464	1552400412.72	65	66	65	66
"404"	1	1	1	6	0	0	45	100	0	0	395.979797464	395.979797464	1552400412.76	86	86	86	86
"405"	1	1	1	6	0	0	45	100	0	0	395.979797464	395.979797464	1552400412.79	109	105	109	105
"406"	1	1	1	6	0	0	45	100	0	0	395.979797464	395.979797464	1552400412.82	130	124	130	124
"407"	1	1	1	6	0	0	45	100	0	0	395.979797464	395.979797464	1552400412.86	142	136	142	136
"408"	1	1	1	6	0	0	45	100	0	0	395.979797464	395.979797464	1552400412.89	158	152	158	152
"409"	1	1	1	6	0	0	45	100	0	0	395.979797464	395.979797464	1552400412.92	172	164	172	164
"410"	1	1	1	6	0	0	45	100	0	0	395.979797464	395.979797464	1552400412.96	188	179	188	179
"411"	1	1	1	6	0	0	45	100	0	0	395.979797464	395.979797464	1552400412.99	204	193	204	193
"412"	1	1	1	6	0	0	45	100	0	0	395.979797464	395.979797464	1552400413.02	216	204	216	204
"413"	1	1	1	6	0	0	45	100	0	0	395.979797464	395.979797464	1552400413.06	232	220	232	220
"414"	1	1	1	6	0	0	45	100	0	0	395.979797464	395.979797464	1552400413.09	244	232	244	232
"415"	1	1	1	6	0	0	45	100	0	0	395.979797464	395.979797464	1552400413.12	259	245	259	245
"416"	1	1	1	6	0	0	45	100	0	0	395.979797464	395.979797464	1552400413.16	272	256	272	256
"417"	1	1	1	6	0	0	45	100	0	0	395.979797464	395.979797464	1552400413.19	282	266	282	266
"418"	1	1	1	6	0	0	45	100	0	0	395.979797464	395.979797464	1552400413.22	292	276	292	276
"419"	1	1	1	6	0	0	45	100	0	0	395.979797464	395.979797464	1552400413.26	300	283	300	283
"420"	1	1	1	6	0	0	45	100	0	0	395.979797464	395.979797464	1552400413.29	309	291	309	291
"421"	1	1	1	6	0	0	45	100	0	0	395.979797464	395.979797464	1552400413.32	317	301	317	301
"422"	1	1	1	6	0	0	45	100	0	0	395.979797464	395.979797464	1552400413.36	326	313	326	313
"423"	1	1	1	6	0	0	45	100	0	0	395.979797464	395.979797464	1552400413.39	336	323	336	323
"424"	1	1	1	6	0	0	45	100	0	0	395.979797464	395.979797464	1552400413.42	343	332	343	332
"425"	1	1	1	6	0	0	45	100	0	0	395.979797464	395.979797464	1552400413.46	350	340	350	340
"426"	1	1	1	6	0	0	45	100	0	0	395.979797464	395.979797464	1552400413.49	355	345	355	345
"427"	1	1	1	6	0	0	45	100	0	0	395.979797464	395.979797464	1552400413.52	362	352	362	352
"428"	1	1	1	6	0	0	45	100	0	0	395.979797464	395.979797464	1552400413.56	369	360	369	360
"429"	1	1	1	6	0	0	45	100	0	0	395.979797464	395.979797464	1552400413.59	373	367	373	367
"430"	1	1	1	6	0	0	45	100	0	0	395.979797464	395.979797464	1552400413.62	377	373	377	373
"431"	1	1	1	6	0	0	45	100	0	0	395.979797464	395.979797464	1552400413.66	380	377	380	377
"432"	1	1	1	6	0	0	45	100	0	0	395.979797464	395.979797464	1552400413.69	382	379	382	379
"433"	1	1	1	6	0	0	45	100	0	0	395.979797464	395.979797464	1552400413.72	384	380	384	380
"434"	1	1	1	6	0	0	45	100	0	0	395.979797464	395.979797464	1552400413.76	386	383	386	383
"435"	1	1	1	6	0	0	45	100	0	0	395.979797464	395.979797464	1552400413.79	388	388	388	388
"436"	1	1	1	6	0	0	45	100	0	0	395.979797464	395.979797464	1552400413.82	391	391	391	391
"437"	1	1	1	6	0	0	45	100	0	0	395.979797464	395.979797464	1552400413.86	393	393	393	393
"438"	1	1	1	7	0	0	90	100	0	0	3.42901103761e-14	560	1552400415.84	1	6	1	6
"439"	1	1	1	7	0	0	90	100	0	0	3.42901103761e-14	560	1552400415.86	1	6	1	6
"440"	1	1	1	7	0	0	90	100	0	0	3.42901103761e-14	560	1552400415.89	0	6	0	6
"441"	1	1	1	7	0	0	90	100	0	0	3.42901103761e-14	560	1552400415.92	0	6	0	6
"442"	1	1	1	7	0	0	90	100	0	0	3.42901103761e-14	560	1552400415.96	0	5	0	5
"443"	1	1	1	7	0	0	90	100	0	0	3.42901103761e-14	560	1552400415.99	0	5	0	5
"444"	1	1	1	7	0	0	90	100	0	0	3.42901103761e-14	560	1552400416.02	0	5	0	5
"445"	1	1	1	7	0	0	90	100	0	0	3.42901103761e-14	560	1552400416.06	0	4	0	4
"446"	1	1	1	7	0	0	90	100	0	0	3.42901103761e-14	560	1552400416.09	0	3	0	3
"447"	1	1	1	7	0	0	90	100	0	0	3.42901103761e-14	560	1552400416.12	0	3	0	3
"448"	1	1	1	7	0	0	90	100	0	0	3.42901103761e-14	560	1552400416.16	0	3	0	3
"449"	1	1	1	7	0	0	90	100	0	0	3.42901103761e-14	560	1552400416.19	0	3	0	3
"450"	1	1	1	7	0	0	90	100	0	0	3.42901103761e-14	560	1552400416.22	0	4	0	4
"451"	1	1	1	7	0	0	90	100	0	0	3.42901103761e-14	560	1552400416.26	1	11	1	11
"452"	1	1	1	7	0	0	90	100	0	0	3.42901103761e-14	560	1552400416.29	3	22	3	22
"453"	1	1	1	7	0	0	90	100	0	0	3.42901103761e-14	560	1552400416.32	5	45	5	45
"454"	1	1	1	7	0	0	90	100	0	0	3.42901103761e-14	560	1552400416.36	6	69	6	69
"455"	1	1	1	7	0	0	90	100	0	0	3.42901103761e-14	560	1552400416.39	5	100	5	100
"456"	1	1	1	7	0	0	90	100	0	0	3.42901103761e-14	560	1552400416.42	7	124	7	124
"457"	1	1	1	7	0	0	90	100	0	0	3.42901103761e-14	560	1552400416.46	12	157	12	157
"458"	1	1	1	7	0	0	90	100	0	0	3.42901103761e-14	560	1552400416.49	14	183	14	183
"459"	1	1	1	7	0	0	90	100	0	0	3.42901103761e-14	560	1552400416.52	12	209	12	209
"460"	1	1	1	7	0	0	90	100	0	0	3.42901103761e-14	560	1552400416.56	12	236	12	236
"461"	1	1	1	7	0	0	90	100	0	0	3.42901103761e-14	560	1552400416.59	13	257	13	257
"462"	1	1	1	7	0	0	90	100	0	0	3.42901103761e-14	560	1552400416.62	12	283	12	283
"463"	1	1	1	7	0	0	90	100	0	0	3.42901103761e-14	560	1552400416.66	11	311	11	311
"464"	1	1	1	7	0	0	90	100	0	0	3.42901103761e-14	560	1552400416.69	9	336	9	336
"465"	1	1	1	7	0	0	90	100	0	0	3.42901103761e-14	560	1552400416.73	9	359	9	359
"466"	1	1	1	7	0	0	90	100	0	0	3.42901103761e-14	560	1552400416.76	7	373	7	373
"467"	1	1	1	7	0	0	90	100	0	0	3.42901103761e-14	560	1552400416.79	5	390	5	390
"468"	1	1	1	7	0	0	90	100	0	0	3.42901103761e-14	560	1552400416.83	4	406	4	406
"469"	1	1	1	7	0	0	90	100	0	0	3.42901103761e-14	560	1552400416.86	2	425	2	425
"470"	1	1	1	7	0	0	90	100	0	0	3.42901103761e-14	560	1552400416.89	1	443	1	443
"471"	1	1	1	7	0	0	90	100	0	0	3.42901103761e-14	560	1552400416.93	1	459	1	459
"472"	1	1	1	7	0	0	90	100	0	0	3.42901103761e-14	560	1552400416.96	0	480	0	480
"473"	1	1	1	7	0	0	90	100	0	0	3.42901103761e-14	560	1552400416.99	-1	495	-1	495
"474"	1	1	1	7	0	0	90	100	0	0	3.42901103761e-14	560	1552400417.03	-1	509	-1	509
"475"	1	1	1	7	0	0	90	100	0	0	3.42901103761e-14	560	1552400417.06	1	518	1	518
"476"	1	1	1	7	0	0	90	100	0	0	3.42901103761e-14	560	1552400417.09	2	527	2	527
"477"	1	1	1	7	0	0	90	100	0	0	3.42901103761e-14	560	1552400417.13	2	535	2	535
"478"	1	1	1	7	0	0	90	100	0	0	3.42901103761e-14	560	1552400417.16	3	541	3	541
"479"	1	1	1	7	0	0	90	100	0	0	3.42901103761e-14	560	1552400417.19	3	545	3	545
"480"	1	1	1	7	0	0	90	100	0	0	3.42901103761e-14	560	1552400417.23	3	549	3	549
"481"	1	1	1	7	0	0	90	100	0	0	3.42901103761e-14	560	1552400417.26	3	552	3	552
"482"	1	1	1	7	0	0	90	100	0	0	3.42901103761e-14	560	1552400417.29	3	555	3	555
"483"	1	1	1	7	0	0	90	100	0	0	3.42901103761e-14	560	1552400417.33	3	558	3	558
"484"	1	1	1	7	0	0	90	100	0	0	3.42901103761e-14	560	1552400417.36	3	560	3	560
"485"	1	1	1	8	0	0	135	100	0	0	-395.979797464	395.979797464	1552400419.31	4	2	4	2
"486"	1	1	1	8	0	0	135	100	0	0	-395.979797464	395.979797464	1552400419.33	4	2	4	2
"487"	1	1	1	8	0	0	135	100	0	0	-395.979797464	395.979797464	1552400419.36	4	2	4	2
"488"	1	1	1	8	0	0	135	100	0	0	-395.979797464	395.979797464	1552400419.39	4	2	4	2
"489"	1	1	1	8	0	0	135	100	0	0	-395.979797464	395.979797464	1552400419.43	4	2	4	2
"490"	1	1	1	8	0	0	135	100	0	0	-395.979797464	395.979797464	1552400419.46	4	2	4	2
"491"	1	1	1	8	0	0	135	100	0	0	-395.979797464	395.979797464	1552400419.49	4	2	4	2
"492"	1	1	1	8	0	0	135	100	0	0	-395.979797464	395.979797464	1552400419.53	4	2	4	2
"493"	1	1	1	8	0	0	135	100	0	0	-395.979797464	395.979797464	1552400419.56	4	2	4	2
"494"	1	1	1	8	0	0	135	100	0	0	-395.979797464	395.979797464	1552400419.59	4	2	4	2
"495"	1	1	1	8	0	0	135	100	0	0	-395.979797464	395.979797464	1552400419.63	4	2	4	2
"496"	1	1	1	8	0	0	135	100	0	0	-395.979797464	395.979797464	1552400419.66	4	2	4	2
"497"	1	1	1	8	0	0	135	100	0	0	-395.979797464	395.979797464	1552400419.69	4	2	4	2
"498"	1	1	1	8	0	0	135	100	0	0	-395.979797464	395.979797464	1552400419.73	3	2	3	2
"499"	1	1	1	8	0	0	135	100	0	0	-395.979797464	395.979797464	1552400419.76	-1	5	-1	5
"500"	1	1	1	8	0	0	135	100	0	0	-395.979797464	395.979797464	1552400419.79	-10	13	-10	13
"501"	1	1	1	8	0	0	135	100	0	0	-395.979797464	395.979797464	1552400419.83	-20	22	-20	22
"502"	1	1	1	8	0	0	135	100	0	0	-395.979797464	395.979797464	1552400419.86	-33	36	-33	36
"503"	1	1	1	8	0	0	135	100	0	0	-395.979797464	395.979797464	1552400419.89	-47	53	-47	53
"504"	1	1	1	8	0	0	135	100	0	0	-395.979797464	395.979797464	1552400419.93	-59	69	-59	69
"505"	1	1	1	8	0	0	135	100	0	0	-395.979797464	395.979797464	1552400419.96	-74	88	-74	88
"506"	1	1	1	8	0	0	135	100	0	0	-395.979797464	395.979797464	1552400419.99	-88	107	-88	107
"507"	1	1	1	8	0	0	135	100	0	0	-395.979797464	395.979797464	1552400420.03	-106	131	-106	131
"508"	1	1	1	8	0	0	135	100	0	0	-395.979797464	395.979797464	1552400420.06	-116	143	-116	143
"509"	1	1	1	8	0	0	135	100	0	0	-395.979797464	395.979797464	1552400420.09	-134	161	-134	161
"510"	1	1	1	8	0	0	135	100	0	0	-395.979797464	395.979797464	1552400420.13	-157	183	-157	183
"511"	1	1	1	8	0	0	135	100	0	0	-395.979797464	395.979797464	1552400420.16	-176	200	-176	200
"512"	1	1	1	8	0	0	135	100	0	0	-395.979797464	395.979797464	1552400420.19	-196	220	-196	220
"513"	1	1	1	8	0	0	135	100	0	0	-395.979797464	395.979797464	1552400420.23	-216	239	-216	239
"514"	1	1	1	8	0	0	135	100	0	0	-395.979797464	395.979797464	1552400420.26	-232	254	-232	254
"515"	1	1	1	8	0	0	135	100	0	0	-395.979797464	395.979797464	1552400420.29	-256	275	-256	275
"516"	1	1	1	8	0	0	135	100	0	0	-395.979797464	395.979797464	1552400420.33	-273	289	-273	289
"517"	1	1	1	8	0	0	135	100	0	0	-395.979797464	395.979797464	1552400420.36	-288	300	-288	300
"518"	1	1	1	8	0	0	135	100	0	0	-395.979797464	395.979797464	1552400420.39	-302	313	-302	313
"519"	1	1	1	8	0	0	135	100	0	0	-395.979797464	395.979797464	1552400420.43	-318	325	-318	325
"520"	1	1	1	8	0	0	135	100	0	0	-395.979797464	395.979797464	1552400420.46	-332	337	-332	337
"521"	1	1	1	8	0	0	135	100	0	0	-395.979797464	395.979797464	1552400420.49	-342	346	-342	346
"522"	1	1	1	8	0	0	135	100	0	0	-395.979797464	395.979797464	1552400420.53	-354	355	-354	355
"523"	1	1	1	8	0	0	135	100	0	0	-395.979797464	395.979797464	1552400420.56	-363	363	-363	363
"524"	1	1	1	8	0	0	135	100	0	0	-395.979797464	395.979797464	1552400420.59	-371	369	-371	369
"525"	1	1	1	8	0	0	135	100	0	0	-395.979797464	395.979797464	1552400420.63	-377	374	-377	374
"526"	1	1	1	8	0	0	135	100	0	0	-395.979797464	395.979797464	1552400420.66	-383	378	-383	378
"527"	1	1	1	8	0	0	135	100	0	0	-395.979797464	395.979797464	1552400420.69	-387	381	-387	381
"528"	1	1	1	8	0	0	135	100	0	0	-395.979797464	395.979797464	1552400420.73	-390	383	-390	383
"529"	1	1	1	8	0	0	135	100	0	0	-395.979797464	395.979797464	1552400420.76	-392	385	-392	385
"530"	1	1	1	8	0	0	135	100	0	0	-395.979797464	395.979797464	1552400420.79	-394	388	-394	388
"531"	1	1	1	8	0	0	135	100	0	0	-395.979797464	395.979797464	1552400420.83	-395	391	-395	391
"532"	1	1	1	8	0	0	135	100	0	0	-395.979797464	395.979797464	1552400420.86	-397	395	-397	395
"533"	1	1	1	8	0	0	135	100	0	0	-395.979797464	395.979797464	1552400420.89	-399	397	-399	397
"534"	1	1	1	8	0	0	135	100	0	0	-395.979797464	395.979797464	1552400420.93	-400	399	-400	399
"535"	1	1	1	9	0	0	45	100	0	0	395.979797464	395.979797464	1552400422.64	-2	3	-2	3
"536"	1	1	1	9	0	0	45	100	0	0	395.979797464	395.979797464	1552400422.66	-2	3	-2	3
"537"	1	1	1	9	0	0	45	100	0	0	395.979797464	395.979797464	1552400422.7	-2	3	-2	3
"538"	1	1	1	9	0	0	45	100	0	0	395.979797464	395.979797464	1552400422.73	-2	3	-2	3
"539"	1	1	1	9	0	0	45	100	0	0	395.979797464	395.979797464	1552400422.76	-2	3	-2	3
"540"	1	1	1	9	0	0	45	100	0	0	395.979797464	395.979797464	1552400422.8	-2	3	-2	3
"541"	1	1	1	9	0	0	45	100	0	0	395.979797464	395.979797464	1552400422.83	-2	3	-2	3
"542"	1	1	1	9	0	0	45	100	0	0	395.979797464	395.979797464	1552400422.86	-2	3	-2	3
"543"	1	1	1	9	0	0	45	100	0	0	395.979797464	395.979797464	1552400422.9	-2	3	-2	3
"544"	1	1	1	9	0	0	45	100	0	0	395.979797464	395.979797464	1552400422.93	-2	3	-2	3
"545"	1	1	1	9	0	0	45	100	0	0	395.979797464	395.979797464	1552400422.96	-2	3	-2	3
"546"	1	1	1	9	0	0	45	100	0	0	395.979797464	395.979797464	1552400423	4	9	4	9
"547"	1	1	1	9	0	0	45	100	0	0	395.979797464	395.979797464	1552400423.03	18	22	18	22
"548"	1	1	1	9	0	0	45	100	0	0	395.979797464	395.979797464	1552400423.06	40	42	40	42
"549"	1	1	1	9	0	0	45	100	0	0	395.979797464	395.979797464	1552400423.1	66	66	66	66
"550"	1	1	1	9	0	0	45	100	0	0	395.979797464	395.979797464	1552400423.13	95	91	95	91
"551"	1	1	1	9	0	0	45	100	0	0	395.979797464	395.979797464	1552400423.16	118	112	118	112
"552"	1	1	1	9	0	0	45	100	0	0	395.979797464	395.979797464	1552400423.2	144	136	144	136
"553"	1	1	1	9	0	0	45	100	0	0	395.979797464	395.979797464	1552400423.23	169	157	169	157
"554"	1	1	1	9	0	0	45	100	0	0	395.979797464	395.979797464	1552400423.26	187	174	187	174
"555"	1	1	1	9	0	0	45	100	0	0	395.979797464	395.979797464	1552400423.3	209	194	209	194
"556"	1	1	1	9	0	0	45	100	0	0	395.979797464	395.979797464	1552400423.33	222	208	222	208
"557"	1	1	1	9	0	0	45	100	0	0	395.979797464	395.979797464	1552400423.36	240	226	240	226
"558"	1	1	1	9	0	0	45	100	0	0	395.979797464	395.979797464	1552400423.4	255	238	255	238
"559"	1	1	1	9	0	0	45	100	0	0	395.979797464	395.979797464	1552400423.43	270	252	270	252
"560"	1	1	1	9	0	0	45	100	0	0	395.979797464	395.979797464	1552400423.46	284	267	284	267
"561"	1	1	1	9	0	0	45	100	0	0	395.979797464	395.979797464	1552400423.5	293	280	293	280
"562"	1	1	1	9	0	0	45	100	0	0	395.979797464	395.979797464	1552400423.53	302	293	302	293
"563"	1	1	1	9	0	0	45	100	0	0	395.979797464	395.979797464	1552400423.56	311	305	311	305
"564"	1	1	1	9	0	0	45	100	0	0	395.979797464	395.979797464	1552400423.6	318	313	318	313
"565"	1	1	1	9	0	0	45	100	0	0	395.979797464	395.979797464	1552400423.63	325	322	325	322
"566"	1	1	1	9	0	0	45	100	0	0	395.979797464	395.979797464	1552400423.66	331	328	331	328
"567"	1	1	1	9	0	0	45	100	0	0	395.979797464	395.979797464	1552400423.7	335	333	335	333
"568"	1	1	1	9	0	0	45	100	0	0	395.979797464	395.979797464	1552400423.73	339	339	339	339
"569"	1	1	1	9	0	0	45	100	0	0	395.979797464	395.979797464	1552400423.76	342	346	342	346
"570"	1	1	1	9	0	0	45	100	0	0	395.979797464	395.979797464	1552400423.8	346	351	346	351
"571"	1	1	1	9	0	0	45	100	0	0	395.979797464	395.979797464	1552400423.83	349	355	349	355
"572"	1	1	1	9	0	0	45	100	0	0	395.979797464	395.979797464	1552400423.86	353	361	353	361
"573"	1	1	1	9	0	0	45	100	0	0	395.979797464	395.979797464	1552400423.9	356	367	356	367
"574"	1	1	1	9	0	0	45	100	0	0	395.979797464	395.979797464	1552400423.93	359	372	359	372
"575"	1	1	1	9	0	0	45	100	0	0	395.979797464	395.979797464	1552400423.96	363	376	363	376
"576"	1	1	1	9	0	0	45	100	0	0	395.979797464	395.979797464	1552400424	367	382	367	382
"577"	1	1	1	9	0	0	45	100	0	0	395.979797464	395.979797464	1552400424.03	371	386	371	386
"578"	1	1	1	9	0	0	45	100	0	0	395.979797464	395.979797464	1552400424.06	374	390	374	390
"579"	1	1	1	9	0	0	45	100	0	0	395.979797464	395.979797464	1552400424.1	378	394	378	394
"580"	1	1	1	9	0	0	45	100	0	0	395.979797464	395.979797464	1552400424.13	382	397	382	397
"581"	1	1	1	9	0	0	45	100	0	0	395.979797464	395.979797464	1552400424.16	386	400	386	400
"582"	1	1	1	9	0	0	45	100	0	0	395.979797464	395.979797464	1552400424.2	391	403	391	403
"583"	1	1	1	9	0	0	45	100	0	0	395.979797464	395.979797464	1552400424.23	393	404	393	404
"584"	1	1	1	9	0	0	45	100	0	0	395.979797464	395.979797464	1552400424.26	395	405	395	405
