"task_num"	"task_name"	"trial_type"	"trial_num"	"terminalfeedback_bool"	"rotation_angle"	"targetangle_deg"	"targetdistance_percmax"	"homex_px"	"homey_px"	"targetx_px"	"targety_px"	"time_s"	"mousex_px"	"mousey_px"	"cursorx_px"	"cursory_px"
"5178"	9	1	1	1	0	0	135	100	0	0	-395.979797464	395.979797464	1550858772.4	-9	4	-9	4
"5179"	9	1	1	1	0	0	135	100	0	0	-395.979797464	395.979797464	1550858772.42	-9	4	-9	4
"5180"	9	1	1	1	0	0	135	100	0	0	-395.979797464	395.979797464	1550858772.46	-9	4	-9	4
"5181"	9	1	1	1	0	0	135	100	0	0	-395.979797464	395.979797464	1550858772.49	-9	4	-9	4
"5182"	9	1	1	1	0	0	135	100	0	0	-395.979797464	395.979797464	1550858772.52	-9	4	-9	4
"5183"	9	1	1	1	0	0	135	100	0	0	-395.979797464	395.979797464	1550858772.56	-9	4	-9	4
"5184"	9	1	1	1	0	0	135	100	0	0	-395.979797464	395.979797464	1550858772.59	-9	4	-9	4
"5185"	9	1	1	1	0	0	135	100	0	0	-395.979797464	395.979797464	1550858772.62	-9	4	-9	4
"5186"	9	1	1	1	0	0	135	100	0	0	-395.979797464	395.979797464	1550858772.66	-9	4	-9	4
"5187"	9	1	1	1	0	0	135	100	0	0	-395.979797464	395.979797464	1550858772.69	-9	4	-9	4
"5188"	9	1	1	1	0	0	135	100	0	0	-395.979797464	395.979797464	1550858772.72	-9	4	-9	4
"5189"	9	1	1	1	0	0	135	100	0	0	-395.979797464	395.979797464	1550858772.76	-9	4	-9	4
"5190"	9	1	1	1	0	0	135	100	0	0	-395.979797464	395.979797464	1550858772.79	-9	4	-9	4
"5191"	9	1	1	1	0	0	135	100	0	0	-395.979797464	395.979797464	1550858772.82	-9	4	-9	4
"5192"	9	1	1	1	0	0	135	100	0	0	-395.979797464	395.979797464	1550858772.86	-9	4	-9	4
"5193"	9	1	1	1	0	0	135	100	0	0	-395.979797464	395.979797464	1550858772.89	-9	4	-9	4
"5194"	9	1	1	1	0	0	135	100	0	0	-395.979797464	395.979797464	1550858772.92	-9	4	-9	4
"5195"	9	1	1	1	0	0	135	100	0	0	-395.979797464	395.979797464	1550858772.96	-9	4	-9	4
"5196"	9	1	1	1	0	0	135	100	0	0	-395.979797464	395.979797464	1550858772.99	-9	4	-9	4
"5197"	9	1	1	1	0	0	135	100	0	0	-395.979797464	395.979797464	1550858773.02	-9	4	-9	4
"5198"	9	1	1	1	0	0	135	100	0	0	-395.979797464	395.979797464	1550858773.06	-9	4	-9	4
"5199"	9	1	1	1	0	0	135	100	0	0	-395.979797464	395.979797464	1550858773.09	-9	4	-9	4
"5200"	9	1	1	1	0	0	135	100	0	0	-395.979797464	395.979797464	1550858773.12	-9	4	-9	4
"5201"	9	1	1	1	0	0	135	100	0	0	-395.979797464	395.979797464	1550858773.16	-9	4	-9	4
"5202"	9	1	1	1	0	0	135	100	0	0	-395.979797464	395.979797464	1550858773.19	-2	102	-2	102
"5203"	9	1	1	1	0	0	135	100	0	0	-395.979797464	395.979797464	1550858773.22	8	102	8	102
"5204"	9	1	1	1	0	0	135	100	0	0	-395.979797464	395.979797464	1550858773.26	15	97	15	97
"5205"	9	1	1	1	0	0	135	100	0	0	-395.979797464	395.979797464	1550858773.29	16	90	16	90
"5206"	9	1	1	1	0	0	135	100	0	0	-395.979797464	395.979797464	1550858773.32	15	64	15	64
"5207"	9	1	1	1	0	0	135	100	0	0	-395.979797464	395.979797464	1550858773.36	12	23	12	23
"5208"	9	1	1	1	0	0	135	100	0	0	-395.979797464	395.979797464	1550858773.39	19	-5	19	-5
"5209"	9	1	1	1	0	0	135	100	0	0	-395.979797464	395.979797464	1550858773.42	24	-10	24	-10
"5210"	9	1	1	1	0	0	135	100	0	0	-395.979797464	395.979797464	1550858773.46	32	-15	32	-15
"5211"	9	1	1	1	0	0	135	100	0	0	-395.979797464	395.979797464	1550858773.49	33	-19	33	-19
"5212"	9	1	1	1	0	0	135	100	0	0	-395.979797464	395.979797464	1550858773.52	32	-21	32	-21
"5213"	9	1	1	1	0	0	135	100	0	0	-395.979797464	395.979797464	1550858773.56	33	-22	33	-22
"5214"	9	1	1	1	0	0	135	100	0	0	-395.979797464	395.979797464	1550858773.59	34	-22	34	-22
"5215"	9	1	1	1	0	0	135	100	0	0	-395.979797464	395.979797464	1550858773.62	34	-22	34	-22
"5216"	9	1	1	1	0	0	135	100	0	0	-395.979797464	395.979797464	1550858773.66	34	-23	34	-23
"5217"	9	1	1	1	0	0	135	100	0	0	-395.979797464	395.979797464	1550858773.69	32	-21	32	-21
"5218"	9	1	1	1	0	0	135	100	0	0	-395.979797464	395.979797464	1550858773.72	27	-16	27	-16
"5219"	9	1	1	1	0	0	135	100	0	0	-395.979797464	395.979797464	1550858773.76	22	-12	22	-12
"5220"	9	1	1	1	0	0	135	100	0	0	-395.979797464	395.979797464	1550858773.79	16	-6	16	-6
"5221"	9	1	1	1	0	0	135	100	0	0	-395.979797464	395.979797464	1550858773.82	9	0	9	0
"5222"	9	1	1	1	0	0	135	100	0	0	-395.979797464	395.979797464	1550858773.86	4	6	4	6
"5223"	9	1	1	1	0	0	135	100	0	0	-395.979797464	395.979797464	1550858773.89	-5	17	-5	17
"5224"	9	1	1	1	0	0	135	100	0	0	-395.979797464	395.979797464	1550858773.92	-15	32	-15	32
"5225"	9	1	1	1	0	0	135	100	0	0	-395.979797464	395.979797464	1550858773.96	-26	46	-26	46
"5226"	9	1	1	1	0	0	135	100	0	0	-395.979797464	395.979797464	1550858773.99	-37	60	-37	60
"5227"	9	1	1	1	0	0	135	100	0	0	-395.979797464	395.979797464	1550858774.02	-51	77	-51	77
"5228"	9	1	1	1	0	0	135	100	0	0	-395.979797464	395.979797464	1550858774.06	-67	92	-67	92
"5229"	9	1	1	1	0	0	135	100	0	0	-395.979797464	395.979797464	1550858774.09	-81	105	-81	105
"5230"	9	1	1	1	0	0	135	100	0	0	-395.979797464	395.979797464	1550858774.12	-97	123	-97	123
"5231"	9	1	1	1	0	0	135	100	0	0	-395.979797464	395.979797464	1550858774.16	-115	140	-115	140
"5232"	9	1	1	1	0	0	135	100	0	0	-395.979797464	395.979797464	1550858774.19	-129	154	-129	154
"5233"	9	1	1	1	0	0	135	100	0	0	-395.979797464	395.979797464	1550858774.22	-145	173	-145	173
"5234"	9	1	1	1	0	0	135	100	0	0	-395.979797464	395.979797464	1550858774.26	-164	192	-164	192
"5235"	9	1	1	1	0	0	135	100	0	0	-395.979797464	395.979797464	1550858774.29	-186	215	-186	215
"5236"	9	1	1	1	0	0	135	100	0	0	-395.979797464	395.979797464	1550858774.32	-200	228	-200	228
"5237"	9	1	1	1	0	0	135	100	0	0	-395.979797464	395.979797464	1550858774.36	-223	249	-223	249
"5238"	9	1	1	1	0	0	135	100	0	0	-395.979797464	395.979797464	1550858774.39	-245	268	-245	268
"5239"	9	1	1	1	0	0	135	100	0	0	-395.979797464	395.979797464	1550858774.42	-265	284	-265	284
"5240"	9	1	1	1	0	0	135	100	0	0	-395.979797464	395.979797464	1550858774.46	-287	303	-287	303
"5241"	9	1	1	1	0	0	135	100	0	0	-395.979797464	395.979797464	1550858774.49	-308	321	-308	321
"5242"	9	1	1	1	0	0	135	100	0	0	-395.979797464	395.979797464	1550858774.53	-324	335	-324	335
"5243"	9	1	1	1	0	0	135	100	0	0	-395.979797464	395.979797464	1550858774.56	-338	348	-338	348
"5244"	9	1	1	1	0	0	135	100	0	0	-395.979797464	395.979797464	1550858774.59	-354	360	-354	360
"5245"	9	1	1	1	0	0	135	100	0	0	-395.979797464	395.979797464	1550858774.63	-368	371	-368	371
"5246"	9	1	1	1	0	0	135	100	0	0	-395.979797464	395.979797464	1550858774.66	-378	378	-378	378
"5247"	9	1	1	1	0	0	135	100	0	0	-395.979797464	395.979797464	1550858774.69	-386	383	-386	383
"5248"	9	1	1	1	0	0	135	100	0	0	-395.979797464	395.979797464	1550858774.73	-393	387	-393	387
"5249"	9	1	1	1	0	0	135	100	0	0	-395.979797464	395.979797464	1550858774.76	-396	390	-396	390
"5250"	9	1	1	1	0	0	135	100	0	0	-395.979797464	395.979797464	1550858774.79	-398	391	-398	391
"5251"	9	1	1	1	0	0	135	100	0	0	-395.979797464	395.979797464	1550858774.83	-400	393	-400	393
"5252"	9	1	1	1	0	0	135	100	0	0	-395.979797464	395.979797464	1550858774.86	-401	394	-401	394
"5253"	9	1	1	2	0	0	45	100	0	0	395.979797464	395.979797464	1550858776.61	-8	1	-8	1
"5254"	9	1	1	2	0	0	45	100	0	0	395.979797464	395.979797464	1550858776.63	-8	0	-8	0
"5255"	9	1	1	2	0	0	45	100	0	0	395.979797464	395.979797464	1550858776.66	-7	0	-7	0
"5256"	9	1	1	2	0	0	45	100	0	0	395.979797464	395.979797464	1550858776.69	-7	-1	-7	-1
"5257"	9	1	1	2	0	0	45	100	0	0	395.979797464	395.979797464	1550858776.73	-7	-1	-7	-1
"5258"	9	1	1	2	0	0	45	100	0	0	395.979797464	395.979797464	1550858776.76	-7	-1	-7	-1
"5259"	9	1	1	2	0	0	45	100	0	0	395.979797464	395.979797464	1550858776.79	-6	-1	-6	-1
"5260"	9	1	1	2	0	0	45	100	0	0	395.979797464	395.979797464	1550858776.83	-6	-1	-6	-1
"5261"	9	1	1	2	0	0	45	100	0	0	395.979797464	395.979797464	1550858776.86	-6	-1	-6	-1
"5262"	9	1	1	2	0	0	45	100	0	0	395.979797464	395.979797464	1550858776.89	-6	-1	-6	-1
"5263"	9	1	1	2	0	0	45	100	0	0	395.979797464	395.979797464	1550858776.93	-4	0	-4	0
"5264"	9	1	1	2	0	0	45	100	0	0	395.979797464	395.979797464	1550858776.96	2	5	2	5
"5265"	9	1	1	2	0	0	45	100	0	0	395.979797464	395.979797464	1550858776.99	10	14	10	14
"5266"	9	1	1	2	0	0	45	100	0	0	395.979797464	395.979797464	1550858777.03	24	29	24	29
"5267"	9	1	1	2	0	0	45	100	0	0	395.979797464	395.979797464	1550858777.06	40	44	40	44
"5268"	9	1	1	2	0	0	45	100	0	0	395.979797464	395.979797464	1550858777.09	55	56	55	56
"5269"	9	1	1	2	0	0	45	100	0	0	395.979797464	395.979797464	1550858777.13	79	79	79	79
"5270"	9	1	1	2	0	0	45	100	0	0	395.979797464	395.979797464	1550858777.16	103	99	103	99
"5271"	9	1	1	2	0	0	45	100	0	0	395.979797464	395.979797464	1550858777.19	124	116	124	116
"5272"	9	1	1	2	0	0	45	100	0	0	395.979797464	395.979797464	1550858777.23	148	138	148	138
"5273"	9	1	1	2	0	0	45	100	0	0	395.979797464	395.979797464	1550858777.26	168	157	168	157
"5274"	9	1	1	2	0	0	45	100	0	0	395.979797464	395.979797464	1550858777.29	195	180	195	180
"5275"	9	1	1	2	0	0	45	100	0	0	395.979797464	395.979797464	1550858777.33	215	197	215	197
"5276"	9	1	1	2	0	0	45	100	0	0	395.979797464	395.979797464	1550858777.36	238	216	238	216
"5277"	9	1	1	2	0	0	45	100	0	0	395.979797464	395.979797464	1550858777.39	261	235	261	235
"5278"	9	1	1	2	0	0	45	100	0	0	395.979797464	395.979797464	1550858777.43	279	253	279	253
"5279"	9	1	1	2	0	0	45	100	0	0	395.979797464	395.979797464	1550858777.46	300	271	300	271
"5280"	9	1	1	2	0	0	45	100	0	0	395.979797464	395.979797464	1550858777.49	317	285	317	285
"5281"	9	1	1	2	0	0	45	100	0	0	395.979797464	395.979797464	1550858777.53	330	296	330	296
"5282"	9	1	1	2	0	0	45	100	0	0	395.979797464	395.979797464	1550858777.56	342	308	342	308
"5283"	9	1	1	2	0	0	45	100	0	0	395.979797464	395.979797464	1550858777.59	353	317	353	317
"5284"	9	1	1	2	0	0	45	100	0	0	395.979797464	395.979797464	1550858777.63	366	327	366	327
"5285"	9	1	1	2	0	0	45	100	0	0	395.979797464	395.979797464	1550858777.66	374	335	374	335
"5286"	9	1	1	2	0	0	45	100	0	0	395.979797464	395.979797464	1550858777.69	380	342	380	342
"5287"	9	1	1	2	0	0	45	100	0	0	395.979797464	395.979797464	1550858777.73	383	349	383	349
"5288"	9	1	1	2	0	0	45	100	0	0	395.979797464	395.979797464	1550858777.76	385	355	385	355
"5289"	9	1	1	2	0	0	45	100	0	0	395.979797464	395.979797464	1550858777.79	385	360	385	360
"5290"	9	1	1	2	0	0	45	100	0	0	395.979797464	395.979797464	1550858777.83	386	364	386	364
"5291"	9	1	1	2	0	0	45	100	0	0	395.979797464	395.979797464	1550858777.86	388	369	388	369
"5292"	9	1	1	2	0	0	45	100	0	0	395.979797464	395.979797464	1550858777.89	388	372	388	372
"5293"	9	1	1	2	0	0	45	100	0	0	395.979797464	395.979797464	1550858777.93	387	374	387	374
"5294"	9	1	1	2	0	0	45	100	0	0	395.979797464	395.979797464	1550858777.96	387	378	387	378
"5295"	9	1	1	2	0	0	45	100	0	0	395.979797464	395.979797464	1550858777.99	387	382	387	382
"5296"	9	1	1	2	0	0	45	100	0	0	395.979797464	395.979797464	1550858778.03	386	384	386	384
"5297"	9	1	1	2	0	0	45	100	0	0	395.979797464	395.979797464	1550858778.06	386	384	386	384
"5298"	9	1	1	2	0	0	45	100	0	0	395.979797464	395.979797464	1550858778.09	386	384	386	384
"5299"	9	1	1	2	0	0	45	100	0	0	395.979797464	395.979797464	1550858778.13	386	384	386	384
"5300"	9	1	1	2	0	0	45	100	0	0	395.979797464	395.979797464	1550858778.16	387	385	387	385
"5301"	9	1	1	2	0	0	45	100	0	0	395.979797464	395.979797464	1550858778.19	390	388	390	388
"5302"	9	1	1	2	0	0	45	100	0	0	395.979797464	395.979797464	1550858778.23	392	390	392	390
"5303"	9	1	1	3	0	0	90	100	0	0	3.42901103761e-14	560	1550858779.74	-3	-8	-3	-8
"5304"	9	1	1	3	0	0	90	100	0	0	3.42901103761e-14	560	1550858779.76	-3	-8	-3	-8
"5305"	9	1	1	3	0	0	90	100	0	0	3.42901103761e-14	560	1550858779.8	-3	-7	-3	-7
"5306"	9	1	1	3	0	0	90	100	0	0	3.42901103761e-14	560	1550858779.83	-3	-7	-3	-7
"5307"	9	1	1	3	0	0	90	100	0	0	3.42901103761e-14	560	1550858779.86	-3	-7	-3	-7
"5308"	9	1	1	3	0	0	90	100	0	0	3.42901103761e-14	560	1550858779.9	-2	-7	-2	-7
"5309"	9	1	1	3	0	0	90	100	0	0	3.42901103761e-14	560	1550858779.93	-2	-7	-2	-7
"5310"	9	1	1	3	0	0	90	100	0	0	3.42901103761e-14	560	1550858779.96	-2	-7	-2	-7
"5311"	9	1	1	3	0	0	90	100	0	0	3.42901103761e-14	560	1550858780	-2	-7	-2	-7
"5312"	9	1	1	3	0	0	90	100	0	0	3.42901103761e-14	560	1550858780.03	-2	-7	-2	-7
"5313"	9	1	1	3	0	0	90	100	0	0	3.42901103761e-14	560	1550858780.06	-2	-7	-2	-7
"5314"	9	1	1	3	0	0	90	100	0	0	3.42901103761e-14	560	1550858780.1	-3	-6	-3	-6
"5315"	9	1	1	3	0	0	90	100	0	0	3.42901103761e-14	560	1550858780.13	-7	0	-7	0
"5316"	9	1	1	3	0	0	90	100	0	0	3.42901103761e-14	560	1550858780.16	-12	9	-12	9
"5317"	9	1	1	3	0	0	90	100	0	0	3.42901103761e-14	560	1550858780.2	-18	32	-18	32
"5318"	9	1	1	3	0	0	90	100	0	0	3.42901103761e-14	560	1550858780.23	-16	63	-16	63
"5319"	9	1	1	3	0	0	90	100	0	0	3.42901103761e-14	560	1550858780.26	-11	89	-11	89
"5320"	9	1	1	3	0	0	90	100	0	0	3.42901103761e-14	560	1550858780.3	-4	121	-4	121
"5321"	9	1	1	3	0	0	90	100	0	0	3.42901103761e-14	560	1550858780.33	4	158	4	158
"5322"	9	1	1	3	0	0	90	100	0	0	3.42901103761e-14	560	1550858780.36	6	194	6	194
"5323"	9	1	1	3	0	0	90	100	0	0	3.42901103761e-14	560	1550858780.4	4	225	4	225
"5324"	9	1	1	3	0	0	90	100	0	0	3.42901103761e-14	560	1550858780.43	1	250	1	250
"5325"	9	1	1	3	0	0	90	100	0	0	3.42901103761e-14	560	1550858780.46	0	279	0	279
"5326"	9	1	1	3	0	0	90	100	0	0	3.42901103761e-14	560	1550858780.5	-1	302	-1	302
"5327"	9	1	1	3	0	0	90	100	0	0	3.42901103761e-14	560	1550858780.53	-1	330	-1	330
"5328"	9	1	1	3	0	0	90	100	0	0	3.42901103761e-14	560	1550858780.56	0	356	0	356
"5329"	9	1	1	3	0	0	90	100	0	0	3.42901103761e-14	560	1550858780.6	1	377	1	377
"5330"	9	1	1	3	0	0	90	100	0	0	3.42901103761e-14	560	1550858780.63	2	400	2	400
"5331"	9	1	1	3	0	0	90	100	0	0	3.42901103761e-14	560	1550858780.66	1	420	1	420
"5332"	9	1	1	3	0	0	90	100	0	0	3.42901103761e-14	560	1550858780.7	1	435	1	435
"5333"	9	1	1	3	0	0	90	100	0	0	3.42901103761e-14	560	1550858780.73	3	449	3	449
"5334"	9	1	1	3	0	0	90	100	0	0	3.42901103761e-14	560	1550858780.76	4	462	4	462
"5335"	9	1	1	3	0	0	90	100	0	0	3.42901103761e-14	560	1550858780.8	5	476	5	476
"5336"	9	1	1	3	0	0	90	100	0	0	3.42901103761e-14	560	1550858780.83	5	487	5	487
"5337"	9	1	1	3	0	0	90	100	0	0	3.42901103761e-14	560	1550858780.86	5	497	5	497
"5338"	9	1	1	3	0	0	90	100	0	0	3.42901103761e-14	560	1550858780.9	3	511	3	511
"5339"	9	1	1	3	0	0	90	100	0	0	3.42901103761e-14	560	1550858780.93	0	521	0	521
"5340"	9	1	1	3	0	0	90	100	0	0	3.42901103761e-14	560	1550858780.96	-3	530	-3	530
"5341"	9	1	1	3	0	0	90	100	0	0	3.42901103761e-14	560	1550858781	-5	537	-5	537
"5342"	9	1	1	3	0	0	90	100	0	0	3.42901103761e-14	560	1550858781.03	-8	544	-8	544
"5343"	9	1	1	3	0	0	90	100	0	0	3.42901103761e-14	560	1550858781.06	-9	551	-9	551
"5344"	9	1	1	3	0	0	90	100	0	0	3.42901103761e-14	560	1550858781.1	-11	555	-11	555
"5345"	9	1	1	3	0	0	90	100	0	0	3.42901103761e-14	560	1550858781.13	-12	560	-12	560
"5346"	9	1	1	3	0	0	90	100	0	0	3.42901103761e-14	560	1550858781.16	-13	562	-13	562
"5347"	9	1	1	4	0	0	45	100	0	0	395.979797464	395.979797464	1550858782.81	5	-1	5	-1
"5348"	9	1	1	4	0	0	45	100	0	0	395.979797464	395.979797464	1550858782.83	5	-1	5	-1
"5349"	9	1	1	4	0	0	45	100	0	0	395.979797464	395.979797464	1550858782.86	5	-1	5	-1
"5350"	9	1	1	4	0	0	45	100	0	0	395.979797464	395.979797464	1550858782.9	5	-1	5	-1
"5351"	9	1	1	4	0	0	45	100	0	0	395.979797464	395.979797464	1550858782.93	5	-1	5	-1
"5352"	9	1	1	4	0	0	45	100	0	0	395.979797464	395.979797464	1550858782.96	5	-1	5	-1
"5353"	9	1	1	4	0	0	45	100	0	0	395.979797464	395.979797464	1550858783	5	-1	5	-1
"5354"	9	1	1	4	0	0	45	100	0	0	395.979797464	395.979797464	1550858783.03	5	-1	5	-1
"5355"	9	1	1	4	0	0	45	100	0	0	395.979797464	395.979797464	1550858783.06	5	-1	5	-1
"5356"	9	1	1	4	0	0	45	100	0	0	395.979797464	395.979797464	1550858783.1	5	-1	5	-1
"5357"	9	1	1	4	0	0	45	100	0	0	395.979797464	395.979797464	1550858783.13	5	-1	5	-1
"5358"	9	1	1	4	0	0	45	100	0	0	395.979797464	395.979797464	1550858783.16	4	1	4	1
"5359"	9	1	1	4	0	0	45	100	0	0	395.979797464	395.979797464	1550858783.2	5	7	5	7
"5360"	9	1	1	4	0	0	45	100	0	0	395.979797464	395.979797464	1550858783.23	7	17	7	17
"5361"	9	1	1	4	0	0	45	100	0	0	395.979797464	395.979797464	1550858783.27	12	29	12	29
"5362"	9	1	1	4	0	0	45	100	0	0	395.979797464	395.979797464	1550858783.3	19	46	19	46
"5363"	9	1	1	4	0	0	45	100	0	0	395.979797464	395.979797464	1550858783.33	30	61	30	61
"5364"	9	1	1	4	0	0	45	100	0	0	395.979797464	395.979797464	1550858783.37	42	79	42	79
"5365"	9	1	1	4	0	0	45	100	0	0	395.979797464	395.979797464	1550858783.4	58	97	58	97
"5366"	9	1	1	4	0	0	45	100	0	0	395.979797464	395.979797464	1550858783.43	84	118	84	118
"5367"	9	1	1	4	0	0	45	100	0	0	395.979797464	395.979797464	1550858783.47	110	137	110	137
"5368"	9	1	1	4	0	0	45	100	0	0	395.979797464	395.979797464	1550858783.5	134	155	134	155
"5369"	9	1	1	4	0	0	45	100	0	0	395.979797464	395.979797464	1550858783.53	164	173	164	173
"5370"	9	1	1	4	0	0	45	100	0	0	395.979797464	395.979797464	1550858783.57	195	194	195	194
"5371"	9	1	1	4	0	0	45	100	0	0	395.979797464	395.979797464	1550858783.6	219	213	219	213
"5372"	9	1	1	4	0	0	45	100	0	0	395.979797464	395.979797464	1550858783.63	245	227	245	227
"5373"	9	1	1	4	0	0	45	100	0	0	395.979797464	395.979797464	1550858783.67	271	243	271	243
"5374"	9	1	1	4	0	0	45	100	0	0	395.979797464	395.979797464	1550858783.7	295	261	295	261
"5375"	9	1	1	4	0	0	45	100	0	0	395.979797464	395.979797464	1550858783.73	313	270	313	270
"5376"	9	1	1	4	0	0	45	100	0	0	395.979797464	395.979797464	1550858783.77	327	279	327	279
"5377"	9	1	1	4	0	0	45	100	0	0	395.979797464	395.979797464	1550858783.8	344	290	344	290
"5378"	9	1	1	4	0	0	45	100	0	0	395.979797464	395.979797464	1550858783.83	355	298	355	298
"5379"	9	1	1	4	0	0	45	100	0	0	395.979797464	395.979797464	1550858783.87	362	307	362	307
"5380"	9	1	1	4	0	0	45	100	0	0	395.979797464	395.979797464	1550858783.9	367	317	367	317
"5381"	9	1	1	4	0	0	45	100	0	0	395.979797464	395.979797464	1550858783.93	372	325	372	325
"5382"	9	1	1	4	0	0	45	100	0	0	395.979797464	395.979797464	1550858783.97	377	333	377	333
"5383"	9	1	1	4	0	0	45	100	0	0	395.979797464	395.979797464	1550858784	380	339	380	339
"5384"	9	1	1	4	0	0	45	100	0	0	395.979797464	395.979797464	1550858784.03	383	345	383	345
"5385"	9	1	1	4	0	0	45	100	0	0	395.979797464	395.979797464	1550858784.07	385	350	385	350
"5386"	9	1	1	4	0	0	45	100	0	0	395.979797464	395.979797464	1550858784.1	387	356	387	356
"5387"	9	1	1	4	0	0	45	100	0	0	395.979797464	395.979797464	1550858784.13	388	362	388	362
"5388"	9	1	1	4	0	0	45	100	0	0	395.979797464	395.979797464	1550858784.17	390	367	390	367
"5389"	9	1	1	4	0	0	45	100	0	0	395.979797464	395.979797464	1550858784.2	391	373	391	373
"5390"	9	1	1	4	0	0	45	100	0	0	395.979797464	395.979797464	1550858784.23	391	378	391	378
"5391"	9	1	1	4	0	0	45	100	0	0	395.979797464	395.979797464	1550858784.27	391	383	391	383
"5392"	9	1	1	4	0	0	45	100	0	0	395.979797464	395.979797464	1550858784.3	391	385	391	385
"5393"	9	1	1	4	0	0	45	100	0	0	395.979797464	395.979797464	1550858784.33	391	387	391	387
"5394"	9	1	1	5	0	0	90	100	0	0	3.42901103761e-14	560	1550858785.85	8	3	8	3
"5395"	9	1	1	5	0	0	90	100	0	0	3.42901103761e-14	560	1550858785.87	8	3	8	3
"5396"	9	1	1	5	0	0	90	100	0	0	3.42901103761e-14	560	1550858785.9	8	3	8	3
"5397"	9	1	1	5	0	0	90	100	0	0	3.42901103761e-14	560	1550858785.93	8	3	8	3
"5398"	9	1	1	5	0	0	90	100	0	0	3.42901103761e-14	560	1550858785.97	8	3	8	3
"5399"	9	1	1	5	0	0	90	100	0	0	3.42901103761e-14	560	1550858786	8	3	8	3
"5400"	9	1	1	5	0	0	90	100	0	0	3.42901103761e-14	560	1550858786.03	7	3	7	3
"5401"	9	1	1	5	0	0	90	100	0	0	3.42901103761e-14	560	1550858786.07	5	2	5	2
"5402"	9	1	1	5	0	0	90	100	0	0	3.42901103761e-14	560	1550858786.1	3	1	3	1
"5403"	9	1	1	5	0	0	90	100	0	0	3.42901103761e-14	560	1550858786.13	2	0	2	0
"5404"	9	1	1	5	0	0	90	100	0	0	3.42901103761e-14	560	1550858786.17	1	1	1	1
"5405"	9	1	1	5	0	0	90	100	0	0	3.42901103761e-14	560	1550858786.2	-2	9	-2	9
"5406"	9	1	1	5	0	0	90	100	0	0	3.42901103761e-14	560	1550858786.23	-6	42	-6	42
"5407"	9	1	1	5	0	0	90	100	0	0	3.42901103761e-14	560	1550858786.27	-6	63	-6	63
"5408"	9	1	1	5	0	0	90	100	0	0	3.42901103761e-14	560	1550858786.3	-6	82	-6	82
"5409"	9	1	1	5	0	0	90	100	0	0	3.42901103761e-14	560	1550858786.33	-5	113	-5	113
"5410"	9	1	1	5	0	0	90	100	0	0	3.42901103761e-14	560	1550858786.37	-4	125	-4	125
"5411"	9	1	1	5	0	0	90	100	0	0	3.42901103761e-14	560	1550858786.4	0	153	0	153
"5412"	9	1	1	5	0	0	90	100	0	0	3.42901103761e-14	560	1550858786.43	8	192	8	192
"5413"	9	1	1	5	0	0	90	100	0	0	3.42901103761e-14	560	1550858786.47	16	221	16	221
"5414"	9	1	1	5	0	0	90	100	0	0	3.42901103761e-14	560	1550858786.5	22	249	22	249
"5415"	9	1	1	5	0	0	90	100	0	0	3.42901103761e-14	560	1550858786.53	26	286	26	286
"5416"	9	1	1	5	0	0	90	100	0	0	3.42901103761e-14	560	1550858786.57	30	319	30	319
"5417"	9	1	1	5	0	0	90	100	0	0	3.42901103761e-14	560	1550858786.6	31	347	31	347
"5418"	9	1	1	5	0	0	90	100	0	0	3.42901103761e-14	560	1550858786.63	32	380	32	380
"5419"	9	1	1	5	0	0	90	100	0	0	3.42901103761e-14	560	1550858786.67	32	411	32	411
"5420"	9	1	1	5	0	0	90	100	0	0	3.42901103761e-14	560	1550858786.7	31	432	31	432
"5421"	9	1	1	5	0	0	90	100	0	0	3.42901103761e-14	560	1550858786.73	28	453	28	453
"5422"	9	1	1	5	0	0	90	100	0	0	3.42901103761e-14	560	1550858786.77	26	464	26	464
"5423"	9	1	1	5	0	0	90	100	0	0	3.42901103761e-14	560	1550858786.8	23	475	23	475
"5424"	9	1	1	5	0	0	90	100	0	0	3.42901103761e-14	560	1550858786.83	21	483	21	483
"5425"	9	1	1	5	0	0	90	100	0	0	3.42901103761e-14	560	1550858786.87	20	489	20	489
"5426"	9	1	1	5	0	0	90	100	0	0	3.42901103761e-14	560	1550858786.9	19	494	19	494
"5427"	9	1	1	5	0	0	90	100	0	0	3.42901103761e-14	560	1550858786.93	19	498	19	498
"5428"	9	1	1	5	0	0	90	100	0	0	3.42901103761e-14	560	1550858786.97	20	505	20	505
"5429"	9	1	1	5	0	0	90	100	0	0	3.42901103761e-14	560	1550858787	20	511	20	511
"5430"	9	1	1	5	0	0	90	100	0	0	3.42901103761e-14	560	1550858787.03	20	514	20	514
"5431"	9	1	1	5	0	0	90	100	0	0	3.42901103761e-14	560	1550858787.07	19	518	19	518
"5432"	9	1	1	5	0	0	90	100	0	0	3.42901103761e-14	560	1550858787.1	19	520	19	520
"5433"	9	1	1	5	0	0	90	100	0	0	3.42901103761e-14	560	1550858787.13	18	524	18	524
"5434"	9	1	1	5	0	0	90	100	0	0	3.42901103761e-14	560	1550858787.17	19	531	19	531
"5435"	9	1	1	5	0	0	90	100	0	0	3.42901103761e-14	560	1550858787.2	18	537	18	537
"5436"	9	1	1	5	0	0	90	100	0	0	3.42901103761e-14	560	1550858787.23	15	542	15	542
"5437"	9	1	1	5	0	0	90	100	0	0	3.42901103761e-14	560	1550858787.27	12	546	12	546
"5438"	9	1	1	5	0	0	90	100	0	0	3.42901103761e-14	560	1550858787.3	9	551	9	551
"5439"	9	1	1	5	0	0	90	100	0	0	3.42901103761e-14	560	1550858787.33	6	555	6	555
"5440"	9	1	1	5	0	0	90	100	0	0	3.42901103761e-14	560	1550858787.37	3	558	3	558
"5441"	9	1	1	5	0	0	90	100	0	0	3.42901103761e-14	560	1550858787.4	1	560	1	560
"5442"	9	1	1	6	0	0	135	100	0	0	-395.979797464	395.979797464	1550858788.85	0	-5	0	-5
"5443"	9	1	1	6	0	0	135	100	0	0	-395.979797464	395.979797464	1550858788.87	0	-5	0	-5
"5444"	9	1	1	6	0	0	135	100	0	0	-395.979797464	395.979797464	1550858788.9	0	-5	0	-5
"5445"	9	1	1	6	0	0	135	100	0	0	-395.979797464	395.979797464	1550858788.94	0	-4	0	-4
"5446"	9	1	1	6	0	0	135	100	0	0	-395.979797464	395.979797464	1550858788.97	0	-4	0	-4
"5447"	9	1	1	6	0	0	135	100	0	0	-395.979797464	395.979797464	1550858789	0	-4	0	-4
"5448"	9	1	1	6	0	0	135	100	0	0	-395.979797464	395.979797464	1550858789.04	0	-4	0	-4
"5449"	9	1	1	6	0	0	135	100	0	0	-395.979797464	395.979797464	1550858789.07	0	-4	0	-4
"5450"	9	1	1	6	0	0	135	100	0	0	-395.979797464	395.979797464	1550858789.1	0	-4	0	-4
"5451"	9	1	1	6	0	0	135	100	0	0	-395.979797464	395.979797464	1550858789.14	0	-4	0	-4
"5452"	9	1	1	6	0	0	135	100	0	0	-395.979797464	395.979797464	1550858789.17	0	-4	0	-4
"5453"	9	1	1	6	0	0	135	100	0	0	-395.979797464	395.979797464	1550858789.2	-3	-1	-3	-1
"5454"	9	1	1	6	0	0	135	100	0	0	-395.979797464	395.979797464	1550858789.24	-12	8	-12	8
"5455"	9	1	1	6	0	0	135	100	0	0	-395.979797464	395.979797464	1550858789.27	-39	31	-39	31
"5456"	9	1	1	6	0	0	135	100	0	0	-395.979797464	395.979797464	1550858789.3	-62	47	-62	47
"5457"	9	1	1	6	0	0	135	100	0	0	-395.979797464	395.979797464	1550858789.34	-76	57	-76	57
"5458"	9	1	1	6	0	0	135	100	0	0	-395.979797464	395.979797464	1550858789.37	-88	72	-88	72
"5459"	9	1	1	6	0	0	135	100	0	0	-395.979797464	395.979797464	1550858789.4	-102	88	-102	88
"5460"	9	1	1	6	0	0	135	100	0	0	-395.979797464	395.979797464	1550858789.44	-115	102	-115	102
"5461"	9	1	1	6	0	0	135	100	0	0	-395.979797464	395.979797464	1550858789.47	-133	118	-133	118
"5462"	9	1	1	6	0	0	135	100	0	0	-395.979797464	395.979797464	1550858789.5	-159	137	-159	137
"5463"	9	1	1	6	0	0	135	100	0	0	-395.979797464	395.979797464	1550858789.54	-173	148	-173	148
"5464"	9	1	1	6	0	0	135	100	0	0	-395.979797464	395.979797464	1550858789.57	-193	166	-193	166
"5465"	9	1	1	6	0	0	135	100	0	0	-395.979797464	395.979797464	1550858789.6	-212	186	-212	186
"5466"	9	1	1	6	0	0	135	100	0	0	-395.979797464	395.979797464	1550858789.64	-225	200	-225	200
"5467"	9	1	1	6	0	0	135	100	0	0	-395.979797464	395.979797464	1550858789.67	-240	217	-240	217
"5468"	9	1	1	6	0	0	135	100	0	0	-395.979797464	395.979797464	1550858789.7	-253	232	-253	232
"5469"	9	1	1	6	0	0	135	100	0	0	-395.979797464	395.979797464	1550858789.74	-266	248	-266	248
"5470"	9	1	1	6	0	0	135	100	0	0	-395.979797464	395.979797464	1550858789.77	-276	260	-276	260
"5471"	9	1	1	6	0	0	135	100	0	0	-395.979797464	395.979797464	1550858789.8	-286	271	-286	271
"5472"	9	1	1	6	0	0	135	100	0	0	-395.979797464	395.979797464	1550858789.84	-294	282	-294	282
"5473"	9	1	1	6	0	0	135	100	0	0	-395.979797464	395.979797464	1550858789.87	-301	292	-301	292
"5474"	9	1	1	6	0	0	135	100	0	0	-395.979797464	395.979797464	1550858789.9	-305	304	-305	304
"5475"	9	1	1	6	0	0	135	100	0	0	-395.979797464	395.979797464	1550858789.94	-309	312	-309	312
"5476"	9	1	1	6	0	0	135	100	0	0	-395.979797464	395.979797464	1550858789.97	-315	321	-315	321
"5477"	9	1	1	6	0	0	135	100	0	0	-395.979797464	395.979797464	1550858790	-322	331	-322	331
"5478"	9	1	1	6	0	0	135	100	0	0	-395.979797464	395.979797464	1550858790.04	-328	339	-328	339
"5479"	9	1	1	6	0	0	135	100	0	0	-395.979797464	395.979797464	1550858790.07	-336	347	-336	347
"5480"	9	1	1	6	0	0	135	100	0	0	-395.979797464	395.979797464	1550858790.1	-343	353	-343	353
"5481"	9	1	1	6	0	0	135	100	0	0	-395.979797464	395.979797464	1550858790.14	-349	358	-349	358
"5482"	9	1	1	6	0	0	135	100	0	0	-395.979797464	395.979797464	1550858790.17	-353	362	-353	362
"5483"	9	1	1	6	0	0	135	100	0	0	-395.979797464	395.979797464	1550858790.2	-359	369	-359	369
"5484"	9	1	1	6	0	0	135	100	0	0	-395.979797464	395.979797464	1550858790.24	-364	373	-364	373
"5485"	9	1	1	6	0	0	135	100	0	0	-395.979797464	395.979797464	1550858790.27	-368	377	-368	377
"5486"	9	1	1	6	0	0	135	100	0	0	-395.979797464	395.979797464	1550858790.3	-371	380	-371	380
"5487"	9	1	1	6	0	0	135	100	0	0	-395.979797464	395.979797464	1550858790.34	-374	383	-374	383
"5488"	9	1	1	6	0	0	135	100	0	0	-395.979797464	395.979797464	1550858790.37	-377	386	-377	386
"5489"	9	1	1	6	0	0	135	100	0	0	-395.979797464	395.979797464	1550858790.4	-379	389	-379	389
"5490"	9	1	1	6	0	0	135	100	0	0	-395.979797464	395.979797464	1550858790.44	-381	392	-381	392
"5491"	9	1	1	6	0	0	135	100	0	0	-395.979797464	395.979797464	1550858790.47	-382	394	-382	394
"5492"	9	1	1	6	0	0	135	100	0	0	-395.979797464	395.979797464	1550858790.5	-384	395	-384	395
"5493"	9	1	1	6	0	0	135	100	0	0	-395.979797464	395.979797464	1550858790.54	-387	397	-387	397
"5494"	9	1	1	6	0	0	135	100	0	0	-395.979797464	395.979797464	1550858790.57	-389	398	-389	398
"5495"	9	1	1	6	0	0	135	100	0	0	-395.979797464	395.979797464	1550858790.6	-391	399	-391	399
"5496"	9	1	1	6	0	0	135	100	0	0	-395.979797464	395.979797464	1550858790.64	-393	400	-393	400
"5497"	9	1	1	7	0	0	45	100	0	0	395.979797464	395.979797464	1550858792.12	-8	3	-8	3
"5498"	9	1	1	7	0	0	45	100	0	0	395.979797464	395.979797464	1550858792.14	-6	2	-6	2
"5499"	9	1	1	7	0	0	45	100	0	0	395.979797464	395.979797464	1550858792.17	-3	1	-3	1
"5500"	9	1	1	7	0	0	45	100	0	0	395.979797464	395.979797464	1550858792.21	0	-1	0	-1
"5501"	9	1	1	7	0	0	45	100	0	0	395.979797464	395.979797464	1550858792.24	3	-3	3	-3
"5502"	9	1	1	7	0	0	45	100	0	0	395.979797464	395.979797464	1550858792.27	3	-3	3	-3
"5503"	9	1	1	7	0	0	45	100	0	0	395.979797464	395.979797464	1550858792.31	3	-3	3	-3
"5504"	9	1	1	7	0	0	45	100	0	0	395.979797464	395.979797464	1550858792.34	3	-3	3	-3
"5505"	9	1	1	7	0	0	45	100	0	0	395.979797464	395.979797464	1550858792.37	3	-3	3	-3
"5506"	9	1	1	7	0	0	45	100	0	0	395.979797464	395.979797464	1550858792.41	3	-3	3	-3
"5507"	9	1	1	7	0	0	45	100	0	0	395.979797464	395.979797464	1550858792.44	3	-3	3	-3
"5508"	9	1	1	7	0	0	45	100	0	0	395.979797464	395.979797464	1550858792.47	3	-3	3	-3
"5509"	9	1	1	7	0	0	45	100	0	0	395.979797464	395.979797464	1550858792.51	4	0	4	0
"5510"	9	1	1	7	0	0	45	100	0	0	395.979797464	395.979797464	1550858792.54	10	15	10	15
"5511"	9	1	1	7	0	0	45	100	0	0	395.979797464	395.979797464	1550858792.57	23	43	23	43
"5512"	9	1	1	7	0	0	45	100	0	0	395.979797464	395.979797464	1550858792.61	35	60	35	60
"5513"	9	1	1	7	0	0	45	100	0	0	395.979797464	395.979797464	1550858792.64	51	84	51	84
"5514"	9	1	1	7	0	0	45	100	0	0	395.979797464	395.979797464	1550858792.67	72	106	72	106
"5515"	9	1	1	7	0	0	45	100	0	0	395.979797464	395.979797464	1550858792.71	94	126	94	126
"5516"	9	1	1	7	0	0	45	100	0	0	395.979797464	395.979797464	1550858792.74	120	150	120	150
"5517"	9	1	1	7	0	0	45	100	0	0	395.979797464	395.979797464	1550858792.77	143	173	143	173
"5518"	9	1	1	7	0	0	45	100	0	0	395.979797464	395.979797464	1550858792.81	169	198	169	198
"5519"	9	1	1	7	0	0	45	100	0	0	395.979797464	395.979797464	1550858792.84	192	221	192	221
"5520"	9	1	1	7	0	0	45	100	0	0	395.979797464	395.979797464	1550858792.87	210	238	210	238
"5521"	9	1	1	7	0	0	45	100	0	0	395.979797464	395.979797464	1550858792.91	235	262	235	262
"5522"	9	1	1	7	0	0	45	100	0	0	395.979797464	395.979797464	1550858792.94	254	279	254	279
"5523"	9	1	1	7	0	0	45	100	0	0	395.979797464	395.979797464	1550858792.97	276	297	276	297
"5524"	9	1	1	7	0	0	45	100	0	0	395.979797464	395.979797464	1550858793.01	293	311	293	311
"5525"	9	1	1	7	0	0	45	100	0	0	395.979797464	395.979797464	1550858793.04	311	325	311	325
"5526"	9	1	1	7	0	0	45	100	0	0	395.979797464	395.979797464	1550858793.07	332	339	332	339
"5527"	9	1	1	7	0	0	45	100	0	0	395.979797464	395.979797464	1550858793.11	342	345	342	345
"5528"	9	1	1	7	0	0	45	100	0	0	395.979797464	395.979797464	1550858793.14	350	350	350	350
"5529"	9	1	1	7	0	0	45	100	0	0	395.979797464	395.979797464	1550858793.17	354	353	354	353
"5530"	9	1	1	7	0	0	45	100	0	0	395.979797464	395.979797464	1550858793.21	356	354	356	354
"5531"	9	1	1	7	0	0	45	100	0	0	395.979797464	395.979797464	1550858793.24	357	354	357	354
"5532"	9	1	1	7	0	0	45	100	0	0	395.979797464	395.979797464	1550858793.27	359	357	359	357
"5533"	9	1	1	7	0	0	45	100	0	0	395.979797464	395.979797464	1550858793.31	363	361	363	361
"5534"	9	1	1	7	0	0	45	100	0	0	395.979797464	395.979797464	1550858793.34	369	366	369	366
"5535"	9	1	1	7	0	0	45	100	0	0	395.979797464	395.979797464	1550858793.37	372	368	372	368
"5536"	9	1	1	7	0	0	45	100	0	0	395.979797464	395.979797464	1550858793.41	375	371	375	371
"5537"	9	1	1	7	0	0	45	100	0	0	395.979797464	395.979797464	1550858793.44	379	374	379	374
"5538"	9	1	1	7	0	0	45	100	0	0	395.979797464	395.979797464	1550858793.47	382	378	382	378
"5539"	9	1	1	7	0	0	45	100	0	0	395.979797464	395.979797464	1550858793.51	385	380	385	380
"5540"	9	1	1	7	0	0	45	100	0	0	395.979797464	395.979797464	1550858793.54	387	381	387	381
"5541"	9	1	1	7	0	0	45	100	0	0	395.979797464	395.979797464	1550858793.57	389	382	389	382
"5542"	9	1	1	7	0	0	45	100	0	0	395.979797464	395.979797464	1550858793.61	391	385	391	385
"5543"	9	1	1	7	0	0	45	100	0	0	395.979797464	395.979797464	1550858793.64	392	386	392	386
"5544"	9	1	1	8	0	0	90	100	0	0	3.42901103761e-14	560	1550858794.99	0	-5	0	-5
"5545"	9	1	1	8	0	0	90	100	0	0	3.42901103761e-14	560	1550858795.01	0	-5	0	-5
"5546"	9	1	1	8	0	0	90	100	0	0	3.42901103761e-14	560	1550858795.04	0	-5	0	-5
"5547"	9	1	1	8	0	0	90	100	0	0	3.42901103761e-14	560	1550858795.07	0	-5	0	-5
"5548"	9	1	1	8	0	0	90	100	0	0	3.42901103761e-14	560	1550858795.11	0	-5	0	-5
"5549"	9	1	1	8	0	0	90	100	0	0	3.42901103761e-14	560	1550858795.14	0	-5	0	-5
"5550"	9	1	1	8	0	0	90	100	0	0	3.42901103761e-14	560	1550858795.17	0	-5	0	-5
"5551"	9	1	1	8	0	0	90	100	0	0	3.42901103761e-14	560	1550858795.21	0	-4	0	-4
"5552"	9	1	1	8	0	0	90	100	0	0	3.42901103761e-14	560	1550858795.24	0	-4	0	-4
"5553"	9	1	1	8	0	0	90	100	0	0	3.42901103761e-14	560	1550858795.27	-1	-2	-1	-2
"5554"	9	1	1	8	0	0	90	100	0	0	3.42901103761e-14	560	1550858795.31	-2	2	-2	2
"5555"	9	1	1	8	0	0	90	100	0	0	3.42901103761e-14	560	1550858795.34	-4	14	-4	14
"5556"	9	1	1	8	0	0	90	100	0	0	3.42901103761e-14	560	1550858795.37	-5	47	-5	47
"5557"	9	1	1	8	0	0	90	100	0	0	3.42901103761e-14	560	1550858795.41	-1	80	-1	80
"5558"	9	1	1	8	0	0	90	100	0	0	3.42901103761e-14	560	1550858795.44	3	105	3	105
"5559"	9	1	1	8	0	0	90	100	0	0	3.42901103761e-14	560	1550858795.47	8	136	8	136
"5560"	9	1	1	8	0	0	90	100	0	0	3.42901103761e-14	560	1550858795.51	11	163	11	163
"5561"	9	1	1	8	0	0	90	100	0	0	3.42901103761e-14	560	1550858795.54	9	185	9	185
"5562"	9	1	1	8	0	0	90	100	0	0	3.42901103761e-14	560	1550858795.57	9	214	9	214
"5563"	9	1	1	8	0	0	90	100	0	0	3.42901103761e-14	560	1550858795.61	8	238	8	238
"5564"	9	1	1	8	0	0	90	100	0	0	3.42901103761e-14	560	1550858795.64	8	263	8	263
"5565"	9	1	1	8	0	0	90	100	0	0	3.42901103761e-14	560	1550858795.67	9	294	9	294
"5566"	9	1	1	8	0	0	90	100	0	0	3.42901103761e-14	560	1550858795.71	9	323	9	323
"5567"	9	1	1	8	0	0	90	100	0	0	3.42901103761e-14	560	1550858795.74	7	352	7	352
"5568"	9	1	1	8	0	0	90	100	0	0	3.42901103761e-14	560	1550858795.77	4	374	4	374
"5569"	9	1	1	8	0	0	90	100	0	0	3.42901103761e-14	560	1550858795.81	3	398	3	398
"5570"	9	1	1	8	0	0	90	100	0	0	3.42901103761e-14	560	1550858795.84	0	419	0	419
"5571"	9	1	1	8	0	0	90	100	0	0	3.42901103761e-14	560	1550858795.87	-1	436	-1	436
"5572"	9	1	1	8	0	0	90	100	0	0	3.42901103761e-14	560	1550858795.91	-3	449	-3	449
"5573"	9	1	1	8	0	0	90	100	0	0	3.42901103761e-14	560	1550858795.94	-6	465	-6	465
"5574"	9	1	1	8	0	0	90	100	0	0	3.42901103761e-14	560	1550858795.97	-7	480	-7	480
"5575"	9	1	1	8	0	0	90	100	0	0	3.42901103761e-14	560	1550858796.01	-9	489	-9	489
"5576"	9	1	1	8	0	0	90	100	0	0	3.42901103761e-14	560	1550858796.04	-10	496	-10	496
"5577"	9	1	1	8	0	0	90	100	0	0	3.42901103761e-14	560	1550858796.07	-9	506	-9	506
"5578"	9	1	1	8	0	0	90	100	0	0	3.42901103761e-14	560	1550858796.11	-7	512	-7	512
"5579"	9	1	1	8	0	0	90	100	0	0	3.42901103761e-14	560	1550858796.14	-7	519	-7	519
"5580"	9	1	1	8	0	0	90	100	0	0	3.42901103761e-14	560	1550858796.17	-6	527	-6	527
"5581"	9	1	1	8	0	0	90	100	0	0	3.42901103761e-14	560	1550858796.21	-6	532	-6	532
"5582"	9	1	1	8	0	0	90	100	0	0	3.42901103761e-14	560	1550858796.24	-5	537	-5	537
"5583"	9	1	1	8	0	0	90	100	0	0	3.42901103761e-14	560	1550858796.27	-4	542	-4	542
"5584"	9	1	1	8	0	0	90	100	0	0	3.42901103761e-14	560	1550858796.31	-4	545	-4	545
"5585"	9	1	1	8	0	0	90	100	0	0	3.42901103761e-14	560	1550858796.34	-3	549	-3	549
"5586"	9	1	1	8	0	0	90	100	0	0	3.42901103761e-14	560	1550858796.38	-3	554	-3	554
"5587"	9	1	1	8	0	0	90	100	0	0	3.42901103761e-14	560	1550858796.41	-3	557	-3	557
"5588"	9	1	1	8	0	0	90	100	0	0	3.42901103761e-14	560	1550858796.44	-3	559	-3	559
"5589"	9	1	1	9	0	0	135	100	0	0	-395.979797464	395.979797464	1550858797.82	-3	-13	-3	-13
"5590"	9	1	1	9	0	0	135	100	0	0	-395.979797464	395.979797464	1550858797.84	-3	-13	-3	-13
"5591"	9	1	1	9	0	0	135	100	0	0	-395.979797464	395.979797464	1550858797.88	-3	-13	-3	-13
"5592"	9	1	1	9	0	0	135	100	0	0	-395.979797464	395.979797464	1550858797.91	-3	-13	-3	-13
"5593"	9	1	1	9	0	0	135	100	0	0	-395.979797464	395.979797464	1550858797.94	-3	-13	-3	-13
"5594"	9	1	1	9	0	0	135	100	0	0	-395.979797464	395.979797464	1550858797.98	-3	-13	-3	-13
"5595"	9	1	1	9	0	0	135	100	0	0	-395.979797464	395.979797464	1550858798.01	-3	-13	-3	-13
"5596"	9	1	1	9	0	0	135	100	0	0	-395.979797464	395.979797464	1550858798.04	-3	-12	-3	-12
"5597"	9	1	1	9	0	0	135	100	0	0	-395.979797464	395.979797464	1550858798.08	-3	-10	-3	-10
"5598"	9	1	1	9	0	0	135	100	0	0	-395.979797464	395.979797464	1550858798.11	-2	-7	-2	-7
"5599"	9	1	1	9	0	0	135	100	0	0	-395.979797464	395.979797464	1550858798.14	-3	-3	-3	-3
"5600"	9	1	1	9	0	0	135	100	0	0	-395.979797464	395.979797464	1550858798.18	-9	4	-9	4
"5601"	9	1	1	9	0	0	135	100	0	0	-395.979797464	395.979797464	1550858798.21	-28	22	-28	22
"5602"	9	1	1	9	0	0	135	100	0	0	-395.979797464	395.979797464	1550858798.24	-53	49	-53	49
"5603"	9	1	1	9	0	0	135	100	0	0	-395.979797464	395.979797464	1550858798.28	-76	73	-76	73
"5604"	9	1	1	9	0	0	135	100	0	0	-395.979797464	395.979797464	1550858798.31	-92	92	-92	92
"5605"	9	1	1	9	0	0	135	100	0	0	-395.979797464	395.979797464	1550858798.34	-110	121	-110	121
"5606"	9	1	1	9	0	0	135	100	0	0	-395.979797464	395.979797464	1550858798.38	-130	147	-130	147
"5607"	9	1	1	9	0	0	135	100	0	0	-395.979797464	395.979797464	1550858798.41	-150	166	-150	166
"5608"	9	1	1	9	0	0	135	100	0	0	-395.979797464	395.979797464	1550858798.44	-175	190	-175	190
"5609"	9	1	1	9	0	0	135	100	0	0	-395.979797464	395.979797464	1550858798.48	-205	210	-205	210
"5610"	9	1	1	9	0	0	135	100	0	0	-395.979797464	395.979797464	1550858798.51	-235	226	-235	226
"5611"	9	1	1	9	0	0	135	100	0	0	-395.979797464	395.979797464	1550858798.54	-260	242	-260	242
"5612"	9	1	1	9	0	0	135	100	0	0	-395.979797464	395.979797464	1550858798.58	-284	257	-284	257
"5613"	9	1	1	9	0	0	135	100	0	0	-395.979797464	395.979797464	1550858798.61	-304	269	-304	269
"5614"	9	1	1	9	0	0	135	100	0	0	-395.979797464	395.979797464	1550858798.64	-315	279	-315	279
"5615"	9	1	1	9	0	0	135	100	0	0	-395.979797464	395.979797464	1550858798.68	-328	293	-328	293
"5616"	9	1	1	9	0	0	135	100	0	0	-395.979797464	395.979797464	1550858798.71	-336	303	-336	303
"5617"	9	1	1	9	0	0	135	100	0	0	-395.979797464	395.979797464	1550858798.74	-345	314	-345	314
"5618"	9	1	1	9	0	0	135	100	0	0	-395.979797464	395.979797464	1550858798.78	-351	326	-351	326
"5619"	9	1	1	9	0	0	135	100	0	0	-395.979797464	395.979797464	1550858798.81	-355	338	-355	338
"5620"	9	1	1	9	0	0	135	100	0	0	-395.979797464	395.979797464	1550858798.84	-359	348	-359	348
"5621"	9	1	1	9	0	0	135	100	0	0	-395.979797464	395.979797464	1550858798.88	-362	355	-362	355
"5622"	9	1	1	9	0	0	135	100	0	0	-395.979797464	395.979797464	1550858798.91	-367	364	-367	364
"5623"	9	1	1	9	0	0	135	100	0	0	-395.979797464	395.979797464	1550858798.94	-372	372	-372	372
"5624"	9	1	1	9	0	0	135	100	0	0	-395.979797464	395.979797464	1550858798.98	-376	378	-376	378
"5625"	9	1	1	9	0	0	135	100	0	0	-395.979797464	395.979797464	1550858799.01	-380	385	-380	385
"5626"	9	1	1	9	0	0	135	100	0	0	-395.979797464	395.979797464	1550858799.04	-384	392	-384	392
"5627"	9	1	1	9	0	0	135	100	0	0	-395.979797464	395.979797464	1550858799.08	-390	396	-390	396
"5628"	9	1	1	9	0	0	135	100	0	0	-395.979797464	395.979797464	1550858799.11	-393	400	-393	400
"5629"	9	1	1	9	0	0	135	100	0	0	-395.979797464	395.979797464	1550858799.14	-396	402	-396	402
"5630"	9	1	1	9	0	0	135	100	0	0	-395.979797464	395.979797464	1550858799.18	-399	403	-399	403
"5631"	9	1	1	10	0	0	135	100	0	0	-395.979797464	395.979797464	1550858800.76	0	1	0	1
"5632"	9	1	1	10	0	0	135	100	0	0	-395.979797464	395.979797464	1550858800.78	0	1	0	1
"5633"	9	1	1	10	0	0	135	100	0	0	-395.979797464	395.979797464	1550858800.81	0	1	0	1
"5634"	9	1	1	10	0	0	135	100	0	0	-395.979797464	395.979797464	1550858800.85	0	1	0	1
"5635"	9	1	1	10	0	0	135	100	0	0	-395.979797464	395.979797464	1550858800.88	0	1	0	1
"5636"	9	1	1	10	0	0	135	100	0	0	-395.979797464	395.979797464	1550858800.91	0	2	0	2
"5637"	9	1	1	10	0	0	135	100	0	0	-395.979797464	395.979797464	1550858800.95	3	6	3	6
"5638"	9	1	1	10	0	0	135	100	0	0	-395.979797464	395.979797464	1550858800.98	8	13	8	13
"5639"	9	1	1	10	0	0	135	100	0	0	-395.979797464	395.979797464	1550858801.01	13	20	13	20
"5640"	9	1	1	10	0	0	135	100	0	0	-395.979797464	395.979797464	1550858801.05	18	37	18	37
"5641"	9	1	1	10	0	0	135	100	0	0	-395.979797464	395.979797464	1550858801.08	18	56	18	56
"5642"	9	1	1	10	0	0	135	100	0	0	-395.979797464	395.979797464	1550858801.11	9	75	9	75
"5643"	9	1	1	10	0	0	135	100	0	0	-395.979797464	395.979797464	1550858801.15	-15	99	-15	99
"5644"	9	1	1	10	0	0	135	100	0	0	-395.979797464	395.979797464	1550858801.18	-43	111	-43	111
"5645"	9	1	1	10	0	0	135	100	0	0	-395.979797464	395.979797464	1550858801.21	-75	122	-75	122
"5646"	9	1	1	10	0	0	135	100	0	0	-395.979797464	395.979797464	1550858801.25	-101	138	-101	138
"5647"	9	1	1	10	0	0	135	100	0	0	-395.979797464	395.979797464	1550858801.28	-129	168	-129	168
"5648"	9	1	1	10	0	0	135	100	0	0	-395.979797464	395.979797464	1550858801.31	-148	190	-148	190
"5649"	9	1	1	10	0	0	135	100	0	0	-395.979797464	395.979797464	1550858801.35	-173	213	-173	213
"5650"	9	1	1	10	0	0	135	100	0	0	-395.979797464	395.979797464	1550858801.38	-197	230	-197	230
"5651"	9	1	1	10	0	0	135	100	0	0	-395.979797464	395.979797464	1550858801.41	-225	249	-225	249
"5652"	9	1	1	10	0	0	135	100	0	0	-395.979797464	395.979797464	1550858801.45	-253	265	-253	265
"5653"	9	1	1	10	0	0	135	100	0	0	-395.979797464	395.979797464	1550858801.48	-275	277	-275	277
"5654"	9	1	1	10	0	0	135	100	0	0	-395.979797464	395.979797464	1550858801.51	-296	291	-296	291
"5655"	9	1	1	10	0	0	135	100	0	0	-395.979797464	395.979797464	1550858801.55	-309	300	-309	300
"5656"	9	1	1	10	0	0	135	100	0	0	-395.979797464	395.979797464	1550858801.58	-324	312	-324	312
"5657"	9	1	1	10	0	0	135	100	0	0	-395.979797464	395.979797464	1550858801.61	-334	323	-334	323
"5658"	9	1	1	10	0	0	135	100	0	0	-395.979797464	395.979797464	1550858801.65	-338	329	-338	329
"5659"	9	1	1	10	0	0	135	100	0	0	-395.979797464	395.979797464	1550858801.68	-342	335	-342	335
"5660"	9	1	1	10	0	0	135	100	0	0	-395.979797464	395.979797464	1550858801.71	-345	340	-345	340
"5661"	9	1	1	10	0	0	135	100	0	0	-395.979797464	395.979797464	1550858801.75	-346	346	-346	346
"5662"	9	1	1	10	0	0	135	100	0	0	-395.979797464	395.979797464	1550858801.78	-348	353	-348	353
"5663"	9	1	1	10	0	0	135	100	0	0	-395.979797464	395.979797464	1550858801.81	-352	361	-352	361
"5664"	9	1	1	10	0	0	135	100	0	0	-395.979797464	395.979797464	1550858801.85	-356	369	-356	369
"5665"	9	1	1	10	0	0	135	100	0	0	-395.979797464	395.979797464	1550858801.88	-360	375	-360	375
"5666"	9	1	1	10	0	0	135	100	0	0	-395.979797464	395.979797464	1550858801.91	-365	380	-365	380
"5667"	9	1	1	10	0	0	135	100	0	0	-395.979797464	395.979797464	1550858801.95	-369	383	-369	383
"5668"	9	1	1	10	0	0	135	100	0	0	-395.979797464	395.979797464	1550858801.98	-371	385	-371	385
"5669"	9	1	1	10	0	0	135	100	0	0	-395.979797464	395.979797464	1550858802.01	-375	387	-375	387
"5670"	9	1	1	10	0	0	135	100	0	0	-395.979797464	395.979797464	1550858802.05	-378	389	-378	389
"5671"	9	1	1	10	0	0	135	100	0	0	-395.979797464	395.979797464	1550858802.08	-383	391	-383	391
"5672"	9	1	1	10	0	0	135	100	0	0	-395.979797464	395.979797464	1550858802.11	-389	392	-389	392
"5673"	9	1	1	10	0	0	135	100	0	0	-395.979797464	395.979797464	1550858802.15	-393	393	-393	393
"5674"	9	1	1	10	0	0	135	100	0	0	-395.979797464	395.979797464	1550858802.18	-395	394	-395	394
"5675"	9	1	1	10	0	0	135	100	0	0	-395.979797464	395.979797464	1550858802.21	-397	395	-397	395
"5676"	9	1	1	10	0	0	135	100	0	0	-395.979797464	395.979797464	1550858802.25	-398	396	-398	396
"5677"	9	1	1	11	0	0	90	100	0	0	3.42901103761e-14	560	1550858803.63	-2	1	-2	1
"5678"	9	1	1	11	0	0	90	100	0	0	3.42901103761e-14	560	1550858803.66	-2	1	-2	1
"5679"	9	1	1	11	0	0	90	100	0	0	3.42901103761e-14	560	1550858803.7	-2	1	-2	1
"5680"	9	1	1	11	0	0	90	100	0	0	3.42901103761e-14	560	1550858803.73	-2	1	-2	1
"5681"	9	1	1	11	0	0	90	100	0	0	3.42901103761e-14	560	1550858803.76	-2	1	-2	1
"5682"	9	1	1	11	0	0	90	100	0	0	3.42901103761e-14	560	1550858803.8	-2	1	-2	1
"5683"	9	1	1	11	0	0	90	100	0	0	3.42901103761e-14	560	1550858803.83	-2	1	-2	1
"5684"	9	1	1	11	0	0	90	100	0	0	3.42901103761e-14	560	1550858803.86	-2	1	-2	1
"5685"	9	1	1	11	0	0	90	100	0	0	3.42901103761e-14	560	1550858803.9	-2	1	-2	1
"5686"	9	1	1	11	0	0	90	100	0	0	3.42901103761e-14	560	1550858803.93	-2	1	-2	1
"5687"	9	1	1	11	0	0	90	100	0	0	3.42901103761e-14	560	1550858803.96	-3	9	-3	9
"5688"	9	1	1	11	0	0	90	100	0	0	3.42901103761e-14	560	1550858804	-5	45	-5	45
"5689"	9	1	1	11	0	0	90	100	0	0	3.42901103761e-14	560	1550858804.03	-11	101	-11	101
"5690"	9	1	1	11	0	0	90	100	0	0	3.42901103761e-14	560	1550858804.06	-12	135	-12	135
"5691"	9	1	1	11	0	0	90	100	0	0	3.42901103761e-14	560	1550858804.1	-15	172	-15	172
"5692"	9	1	1	11	0	0	90	100	0	0	3.42901103761e-14	560	1550858804.13	-19	213	-19	213
"5693"	9	1	1	11	0	0	90	100	0	0	3.42901103761e-14	560	1550858804.16	-23	242	-23	242
"5694"	9	1	1	11	0	0	90	100	0	0	3.42901103761e-14	560	1550858804.2	-25	278	-25	278
"5695"	9	1	1	11	0	0	90	100	0	0	3.42901103761e-14	560	1550858804.23	-25	308	-25	308
"5696"	9	1	1	11	0	0	90	100	0	0	3.42901103761e-14	560	1550858804.26	-23	337	-23	337
"5697"	9	1	1	11	0	0	90	100	0	0	3.42901103761e-14	560	1550858804.3	-22	367	-22	367
"5698"	9	1	1	11	0	0	90	100	0	0	3.42901103761e-14	560	1550858804.33	-20	395	-20	395
"5699"	9	1	1	11	0	0	90	100	0	0	3.42901103761e-14	560	1550858804.36	-17	424	-17	424
"5700"	9	1	1	11	0	0	90	100	0	0	3.42901103761e-14	560	1550858804.4	-13	447	-13	447
"5701"	9	1	1	11	0	0	90	100	0	0	3.42901103761e-14	560	1550858804.43	-10	470	-10	470
"5702"	9	1	1	11	0	0	90	100	0	0	3.42901103761e-14	560	1550858804.46	-9	486	-9	486
"5703"	9	1	1	11	0	0	90	100	0	0	3.42901103761e-14	560	1550858804.5	-8	501	-8	501
"5704"	9	1	1	11	0	0	90	100	0	0	3.42901103761e-14	560	1550858804.53	-6	512	-6	512
"5705"	9	1	1	11	0	0	90	100	0	0	3.42901103761e-14	560	1550858804.56	-6	520	-6	520
"5706"	9	1	1	11	0	0	90	100	0	0	3.42901103761e-14	560	1550858804.6	-6	527	-6	527
"5707"	9	1	1	11	0	0	90	100	0	0	3.42901103761e-14	560	1550858804.63	-7	533	-7	533
"5708"	9	1	1	11	0	0	90	100	0	0	3.42901103761e-14	560	1550858804.66	-7	537	-7	537
"5709"	9	1	1	11	0	0	90	100	0	0	3.42901103761e-14	560	1550858804.7	-7	543	-7	543
"5710"	9	1	1	11	0	0	90	100	0	0	3.42901103761e-14	560	1550858804.73	-7	549	-7	549
"5711"	9	1	1	11	0	0	90	100	0	0	3.42901103761e-14	560	1550858804.76	-6	556	-6	556
"5712"	9	1	1	11	0	0	90	100	0	0	3.42901103761e-14	560	1550858804.8	-6	558	-6	558
"5713"	9	1	1	12	0	0	45	100	0	0	395.979797464	395.979797464	1550858806.18	-7	-4	-7	-4
"5714"	9	1	1	12	0	0	45	100	0	0	395.979797464	395.979797464	1550858806.2	-6	-4	-6	-4
"5715"	9	1	1	12	0	0	45	100	0	0	395.979797464	395.979797464	1550858806.23	-4	-3	-4	-3
"5716"	9	1	1	12	0	0	45	100	0	0	395.979797464	395.979797464	1550858806.27	-2	-3	-2	-3
"5717"	9	1	1	12	0	0	45	100	0	0	395.979797464	395.979797464	1550858806.3	-1	-2	-1	-2
"5718"	9	1	1	12	0	0	45	100	0	0	395.979797464	395.979797464	1550858806.33	0	-1	0	-1
"5719"	9	1	1	12	0	0	45	100	0	0	395.979797464	395.979797464	1550858806.37	1	-1	1	-1
"5720"	9	1	1	12	0	0	45	100	0	0	395.979797464	395.979797464	1550858806.4	2	0	2	0
"5721"	9	1	1	12	0	0	45	100	0	0	395.979797464	395.979797464	1550858806.43	3	2	3	2
"5722"	9	1	1	12	0	0	45	100	0	0	395.979797464	395.979797464	1550858806.47	4	5	4	5
"5723"	9	1	1	12	0	0	45	100	0	0	395.979797464	395.979797464	1550858806.5	9	12	9	12
"5724"	9	1	1	12	0	0	45	100	0	0	395.979797464	395.979797464	1550858806.53	22	36	22	36
"5725"	9	1	1	12	0	0	45	100	0	0	395.979797464	395.979797464	1550858806.57	41	66	41	66
"5726"	9	1	1	12	0	0	45	100	0	0	395.979797464	395.979797464	1550858806.6	62	99	62	99
"5727"	9	1	1	12	0	0	45	100	0	0	395.979797464	395.979797464	1550858806.63	87	135	87	135
"5728"	9	1	1	12	0	0	45	100	0	0	395.979797464	395.979797464	1550858806.67	117	173	117	173
"5729"	9	1	1	12	0	0	45	100	0	0	395.979797464	395.979797464	1550858806.7	157	211	157	211
"5730"	9	1	1	12	0	0	45	100	0	0	395.979797464	395.979797464	1550858806.73	187	236	187	236
"5731"	9	1	1	12	0	0	45	100	0	0	395.979797464	395.979797464	1550858806.77	218	264	218	264
"5732"	9	1	1	12	0	0	45	100	0	0	395.979797464	395.979797464	1550858806.8	247	289	247	289
"5733"	9	1	1	12	0	0	45	100	0	0	395.979797464	395.979797464	1550858806.83	270	305	270	305
"5734"	9	1	1	12	0	0	45	100	0	0	395.979797464	395.979797464	1550858806.87	287	317	287	317
"5735"	9	1	1	12	0	0	45	100	0	0	395.979797464	395.979797464	1550858806.9	298	324	298	324
"5736"	9	1	1	12	0	0	45	100	0	0	395.979797464	395.979797464	1550858806.93	302	326	302	326
"5737"	9	1	1	12	0	0	45	100	0	0	395.979797464	395.979797464	1550858806.97	304	327	304	327
"5738"	9	1	1	12	0	0	45	100	0	0	395.979797464	395.979797464	1550858807	307	328	307	328
"5739"	9	1	1	12	0	0	45	100	0	0	395.979797464	395.979797464	1550858807.03	311	330	311	330
"5740"	9	1	1	12	0	0	45	100	0	0	395.979797464	395.979797464	1550858807.07	319	333	319	333
"5741"	9	1	1	12	0	0	45	100	0	0	395.979797464	395.979797464	1550858807.1	332	341	332	341
"5742"	9	1	1	12	0	0	45	100	0	0	395.979797464	395.979797464	1550858807.13	347	352	347	352
"5743"	9	1	1	12	0	0	45	100	0	0	395.979797464	395.979797464	1550858807.17	354	358	354	358
"5744"	9	1	1	12	0	0	45	100	0	0	395.979797464	395.979797464	1550858807.2	364	364	364	364
"5745"	9	1	1	12	0	0	45	100	0	0	395.979797464	395.979797464	1550858807.23	371	369	371	369
"5746"	9	1	1	12	0	0	45	100	0	0	395.979797464	395.979797464	1550858807.27	378	375	378	375
"5747"	9	1	1	12	0	0	45	100	0	0	395.979797464	395.979797464	1550858807.3	385	379	385	379
"5748"	9	1	1	12	0	0	45	100	0	0	395.979797464	395.979797464	1550858807.33	392	382	392	382
"5749"	9	1	1	12	0	0	45	100	0	0	395.979797464	395.979797464	1550858807.37	395	385	395	385
"5750"	9	1	1	12	0	0	45	100	0	0	395.979797464	395.979797464	1550858807.4	397	387	397	387
"5751"	9	1	1	12	0	0	45	100	0	0	395.979797464	395.979797464	1550858807.43	399	387	399	387
"5752"	9	1	1	13	0	0	45	100	0	0	395.979797464	395.979797464	1550858808.75	4	-6	4	-6
"5753"	9	1	1	13	0	0	45	100	0	0	395.979797464	395.979797464	1550858808.77	2	-5	2	-5
"5754"	9	1	1	13	0	0	45	100	0	0	395.979797464	395.979797464	1550858808.8	1	-3	1	-3
"5755"	9	1	1	13	0	0	45	100	0	0	395.979797464	395.979797464	1550858808.83	1	-2	1	-2
"5756"	9	1	1	13	0	0	45	100	0	0	395.979797464	395.979797464	1550858808.87	0	0	0	0
"5757"	9	1	1	13	0	0	45	100	0	0	395.979797464	395.979797464	1550858808.9	1	3	1	3
"5758"	9	1	1	13	0	0	45	100	0	0	395.979797464	395.979797464	1550858808.93	2	6	2	6
"5759"	9	1	1	13	0	0	45	100	0	0	395.979797464	395.979797464	1550858808.97	3	6	3	6
"5760"	9	1	1	13	0	0	45	100	0	0	395.979797464	395.979797464	1550858809	3	6	3	6
"5761"	9	1	1	13	0	0	45	100	0	0	395.979797464	395.979797464	1550858809.03	3	6	3	6
"5762"	9	1	1	13	0	0	45	100	0	0	395.979797464	395.979797464	1550858809.07	3	6	3	6
"5763"	9	1	1	13	0	0	45	100	0	0	395.979797464	395.979797464	1550858809.1	6	13	6	13
"5764"	9	1	1	13	0	0	45	100	0	0	395.979797464	395.979797464	1550858809.13	17	34	17	34
"5765"	9	1	1	13	0	0	45	100	0	0	395.979797464	395.979797464	1550858809.17	40	72	40	72
"5766"	9	1	1	13	0	0	45	100	0	0	395.979797464	395.979797464	1550858809.2	77	119	77	119
"5767"	9	1	1	13	0	0	45	100	0	0	395.979797464	395.979797464	1550858809.24	122	166	122	166
"5768"	9	1	1	13	0	0	45	100	0	0	395.979797464	395.979797464	1550858809.27	161	197	161	197
"5769"	9	1	1	13	0	0	45	100	0	0	395.979797464	395.979797464	1550858809.3	207	227	207	227
"5770"	9	1	1	13	0	0	45	100	0	0	395.979797464	395.979797464	1550858809.34	243	246	243	246
"5771"	9	1	1	13	0	0	45	100	0	0	395.979797464	395.979797464	1550858809.37	263	257	263	257
"5772"	9	1	1	13	0	0	45	100	0	0	395.979797464	395.979797464	1550858809.4	273	264	273	264
"5773"	9	1	1	13	0	0	45	100	0	0	395.979797464	395.979797464	1550858809.44	282	272	282	272
"5774"	9	1	1	13	0	0	45	100	0	0	395.979797464	395.979797464	1550858809.47	292	281	292	281
"5775"	9	1	1	13	0	0	45	100	0	0	395.979797464	395.979797464	1550858809.5	298	286	298	286
"5776"	9	1	1	13	0	0	45	100	0	0	395.979797464	395.979797464	1550858809.54	305	297	305	297
"5777"	9	1	1	13	0	0	45	100	0	0	395.979797464	395.979797464	1550858809.57	312	307	312	307
"5778"	9	1	1	13	0	0	45	100	0	0	395.979797464	395.979797464	1550858809.6	316	313	316	313
"5779"	9	1	1	13	0	0	45	100	0	0	395.979797464	395.979797464	1550858809.64	326	326	326	326
"5780"	9	1	1	13	0	0	45	100	0	0	395.979797464	395.979797464	1550858809.67	336	335	336	335
"5781"	9	1	1	13	0	0	45	100	0	0	395.979797464	395.979797464	1550858809.7	343	340	343	340
"5782"	9	1	1	13	0	0	45	100	0	0	395.979797464	395.979797464	1550858809.74	347	347	347	347
"5783"	9	1	1	13	0	0	45	100	0	0	395.979797464	395.979797464	1550858809.77	352	353	352	353
"5784"	9	1	1	13	0	0	45	100	0	0	395.979797464	395.979797464	1550858809.8	359	357	359	357
"5785"	9	1	1	13	0	0	45	100	0	0	395.979797464	395.979797464	1550858809.84	368	361	368	361
"5786"	9	1	1	13	0	0	45	100	0	0	395.979797464	395.979797464	1550858809.87	378	366	378	366
"5787"	9	1	1	13	0	0	45	100	0	0	395.979797464	395.979797464	1550858809.9	386	372	386	372
"5788"	9	1	1	13	0	0	45	100	0	0	395.979797464	395.979797464	1550858809.94	392	378	392	378
"5789"	9	1	1	13	0	0	45	100	0	0	395.979797464	395.979797464	1550858809.97	397	381	397	381
"5790"	9	1	1	13	0	0	45	100	0	0	395.979797464	395.979797464	1550858810	404	384	404	384
"5791"	9	1	1	13	0	0	45	100	0	0	395.979797464	395.979797464	1550858810.04	408	386	408	386
"5792"	9	1	1	13	0	0	45	100	0	0	395.979797464	395.979797464	1550858810.07	412	386	412	386
"5793"	9	1	1	13	0	0	45	100	0	0	395.979797464	395.979797464	1550858810.1	413	388	413	388
"5794"	9	1	1	13	0	0	45	100	0	0	395.979797464	395.979797464	1550858810.14	411	389	411	389
"5795"	9	1	1	13	0	0	45	100	0	0	395.979797464	395.979797464	1550858810.17	409	390	409	390
"5796"	9	1	1	13	0	0	45	100	0	0	395.979797464	395.979797464	1550858810.2	408	391	408	391
"5797"	9	1	1	13	0	0	45	100	0	0	395.979797464	395.979797464	1550858810.24	407	392	407	392
"5798"	9	1	1	13	0	0	45	100	0	0	395.979797464	395.979797464	1550858810.27	405	393	405	393
"5799"	9	1	1	13	0	0	45	100	0	0	395.979797464	395.979797464	1550858810.3	404	394	404	394
"5800"	9	1	1	13	0	0	45	100	0	0	395.979797464	395.979797464	1550858810.34	402	395	402	395
"5801"	9	1	1	13	0	0	45	100	0	0	395.979797464	395.979797464	1550858810.37	401	396	401	396
"5802"	9	1	1	14	0	0	135	100	0	0	-395.979797464	395.979797464	1550858811.82	-4	-12	-4	-12
"5803"	9	1	1	14	0	0	135	100	0	0	-395.979797464	395.979797464	1550858811.84	-4	-11	-4	-11
"5804"	9	1	1	14	0	0	135	100	0	0	-395.979797464	395.979797464	1550858811.87	-4	-10	-4	-10
"5805"	9	1	1	14	0	0	135	100	0	0	-395.979797464	395.979797464	1550858811.9	-4	-9	-4	-9
"5806"	9	1	1	14	0	0	135	100	0	0	-395.979797464	395.979797464	1550858811.94	-4	-7	-4	-7
"5807"	9	1	1	14	0	0	135	100	0	0	-395.979797464	395.979797464	1550858811.97	-4	-4	-4	-4
"5808"	9	1	1	14	0	0	135	100	0	0	-395.979797464	395.979797464	1550858812	-2	1	-2	1
"5809"	9	1	1	14	0	0	135	100	0	0	-395.979797464	395.979797464	1550858812.04	-1	5	-1	5
"5810"	9	1	1	14	0	0	135	100	0	0	-395.979797464	395.979797464	1550858812.07	1	8	1	8
"5811"	9	1	1	14	0	0	135	100	0	0	-395.979797464	395.979797464	1550858812.1	1	12	1	12
"5812"	9	1	1	14	0	0	135	100	0	0	-395.979797464	395.979797464	1550858812.14	-1	20	-1	20
"5813"	9	1	1	14	0	0	135	100	0	0	-395.979797464	395.979797464	1550858812.17	-8	32	-8	32
"5814"	9	1	1	14	0	0	135	100	0	0	-395.979797464	395.979797464	1550858812.2	-22	47	-22	47
"5815"	9	1	1	14	0	0	135	100	0	0	-395.979797464	395.979797464	1550858812.24	-52	68	-52	68
"5816"	9	1	1	14	0	0	135	100	0	0	-395.979797464	395.979797464	1550858812.27	-85	81	-85	81
"5817"	9	1	1	14	0	0	135	100	0	0	-395.979797464	395.979797464	1550858812.3	-118	101	-118	101
"5818"	9	1	1	14	0	0	135	100	0	0	-395.979797464	395.979797464	1550858812.34	-146	130	-146	130
"5819"	9	1	1	14	0	0	135	100	0	0	-395.979797464	395.979797464	1550858812.37	-170	152	-170	152
"5820"	9	1	1	14	0	0	135	100	0	0	-395.979797464	395.979797464	1550858812.4	-200	177	-200	177
"5821"	9	1	1	14	0	0	135	100	0	0	-395.979797464	395.979797464	1550858812.44	-224	201	-224	201
"5822"	9	1	1	14	0	0	135	100	0	0	-395.979797464	395.979797464	1550858812.47	-251	222	-251	222
"5823"	9	1	1	14	0	0	135	100	0	0	-395.979797464	395.979797464	1550858812.5	-278	238	-278	238
"5824"	9	1	1	14	0	0	135	100	0	0	-395.979797464	395.979797464	1550858812.54	-300	258	-300	258
"5825"	9	1	1	14	0	0	135	100	0	0	-395.979797464	395.979797464	1550858812.57	-310	271	-310	271
"5826"	9	1	1	14	0	0	135	100	0	0	-395.979797464	395.979797464	1550858812.6	-321	286	-321	286
"5827"	9	1	1	14	0	0	135	100	0	0	-395.979797464	395.979797464	1550858812.64	-333	307	-333	307
"5828"	9	1	1	14	0	0	135	100	0	0	-395.979797464	395.979797464	1550858812.67	-341	323	-341	323
"5829"	9	1	1	14	0	0	135	100	0	0	-395.979797464	395.979797464	1550858812.7	-349	336	-349	336
"5830"	9	1	1	14	0	0	135	100	0	0	-395.979797464	395.979797464	1550858812.74	-357	350	-357	350
"5831"	9	1	1	14	0	0	135	100	0	0	-395.979797464	395.979797464	1550858812.77	-363	358	-363	358
"5832"	9	1	1	14	0	0	135	100	0	0	-395.979797464	395.979797464	1550858812.8	-371	365	-371	365
"5833"	9	1	1	14	0	0	135	100	0	0	-395.979797464	395.979797464	1550858812.84	-378	373	-378	373
"5834"	9	1	1	14	0	0	135	100	0	0	-395.979797464	395.979797464	1550858812.87	-383	380	-383	380
"5835"	9	1	1	14	0	0	135	100	0	0	-395.979797464	395.979797464	1550858812.9	-388	385	-388	385
"5836"	9	1	1	14	0	0	135	100	0	0	-395.979797464	395.979797464	1550858812.94	-391	389	-391	389
"5837"	9	1	1	14	0	0	135	100	0	0	-395.979797464	395.979797464	1550858812.97	-393	392	-393	392
"5838"	9	1	1	14	0	0	135	100	0	0	-395.979797464	395.979797464	1550858813	-394	394	-394	394
"5839"	9	1	1	14	0	0	135	100	0	0	-395.979797464	395.979797464	1550858813.04	-395	395	-395	395
"5840"	9	1	1	15	0	0	90	100	0	0	3.42901103761e-14	560	1550858814.45	-1	-4	-1	-4
"5841"	9	1	1	15	0	0	90	100	0	0	3.42901103761e-14	560	1550858814.47	-1	-4	-1	-4
"5842"	9	1	1	15	0	0	90	100	0	0	3.42901103761e-14	560	1550858814.51	-1	-4	-1	-4
"5843"	9	1	1	15	0	0	90	100	0	0	3.42901103761e-14	560	1550858814.54	-1	-4	-1	-4
"5844"	9	1	1	15	0	0	90	100	0	0	3.42901103761e-14	560	1550858814.57	-1	-4	-1	-4
"5845"	9	1	1	15	0	0	90	100	0	0	3.42901103761e-14	560	1550858814.61	-1	-4	-1	-4
"5846"	9	1	1	15	0	0	90	100	0	0	3.42901103761e-14	560	1550858814.64	-1	-4	-1	-4
"5847"	9	1	1	15	0	0	90	100	0	0	3.42901103761e-14	560	1550858814.67	-1	-4	-1	-4
"5848"	9	1	1	15	0	0	90	100	0	0	3.42901103761e-14	560	1550858814.71	-1	-4	-1	-4
"5849"	9	1	1	15	0	0	90	100	0	0	3.42901103761e-14	560	1550858814.74	0	-2	0	-2
"5850"	9	1	1	15	0	0	90	100	0	0	3.42901103761e-14	560	1550858814.77	-1	7	-1	7
"5851"	9	1	1	15	0	0	90	100	0	0	3.42901103761e-14	560	1550858814.81	-4	23	-4	23
"5852"	9	1	1	15	0	0	90	100	0	0	3.42901103761e-14	560	1550858814.84	-10	61	-10	61
"5853"	9	1	1	15	0	0	90	100	0	0	3.42901103761e-14	560	1550858814.87	-19	105	-19	105
"5854"	9	1	1	15	0	0	90	100	0	0	3.42901103761e-14	560	1550858814.91	-24	150	-24	150
"5855"	9	1	1	15	0	0	90	100	0	0	3.42901103761e-14	560	1550858814.94	-26	185	-26	185
"5856"	9	1	1	15	0	0	90	100	0	0	3.42901103761e-14	560	1550858814.97	-28	213	-28	213
"5857"	9	1	1	15	0	0	90	100	0	0	3.42901103761e-14	560	1550858815.01	-29	247	-29	247
"5858"	9	1	1	15	0	0	90	100	0	0	3.42901103761e-14	560	1550858815.04	-25	279	-25	279
"5859"	9	1	1	15	0	0	90	100	0	0	3.42901103761e-14	560	1550858815.07	-18	311	-18	311
"5860"	9	1	1	15	0	0	90	100	0	0	3.42901103761e-14	560	1550858815.11	-11	338	-11	338
"5861"	9	1	1	15	0	0	90	100	0	0	3.42901103761e-14	560	1550858815.14	-2	370	-2	370
"5862"	9	1	1	15	0	0	90	100	0	0	3.42901103761e-14	560	1550858815.17	6	401	6	401
"5863"	9	1	1	15	0	0	90	100	0	0	3.42901103761e-14	560	1550858815.21	11	425	11	425
"5864"	9	1	1	15	0	0	90	100	0	0	3.42901103761e-14	560	1550858815.24	12	447	12	447
"5865"	9	1	1	15	0	0	90	100	0	0	3.42901103761e-14	560	1550858815.27	12	464	12	464
"5866"	9	1	1	15	0	0	90	100	0	0	3.42901103761e-14	560	1550858815.31	11	472	11	472
"5867"	9	1	1	15	0	0	90	100	0	0	3.42901103761e-14	560	1550858815.34	9	484	9	484
"5868"	9	1	1	15	0	0	90	100	0	0	3.42901103761e-14	560	1550858815.37	7	491	7	491
"5869"	9	1	1	15	0	0	90	100	0	0	3.42901103761e-14	560	1550858815.41	3	499	3	499
"5870"	9	1	1	15	0	0	90	100	0	0	3.42901103761e-14	560	1550858815.44	1	505	1	505
"5871"	9	1	1	15	0	0	90	100	0	0	3.42901103761e-14	560	1550858815.47	-1	513	-1	513
"5872"	9	1	1	15	0	0	90	100	0	0	3.42901103761e-14	560	1550858815.51	-2	521	-2	521
"5873"	9	1	1	15	0	0	90	100	0	0	3.42901103761e-14	560	1550858815.54	-2	527	-2	527
"5874"	9	1	1	15	0	0	90	100	0	0	3.42901103761e-14	560	1550858815.57	-2	535	-2	535
"5875"	9	1	1	15	0	0	90	100	0	0	3.42901103761e-14	560	1550858815.61	-2	543	-2	543
"5876"	9	1	1	15	0	0	90	100	0	0	3.42901103761e-14	560	1550858815.64	-3	549	-3	549
"5877"	9	1	1	15	0	0	90	100	0	0	3.42901103761e-14	560	1550858815.67	-2	555	-2	555
"5878"	9	1	1	15	0	0	90	100	0	0	3.42901103761e-14	560	1550858815.71	0	559	0	559
"5879"	9	1	1	15	0	0	90	100	0	0	3.42901103761e-14	560	1550858815.74	1	561	1	561
"5880"	9	1	1	16	0	0	45	100	0	0	395.979797464	395.979797464	1550858817.22	6	1	6	1
"5881"	9	1	1	16	0	0	45	100	0	0	395.979797464	395.979797464	1550858817.24	6	1	6	1
"5882"	9	1	1	16	0	0	45	100	0	0	395.979797464	395.979797464	1550858817.27	5	1	5	1
"5883"	9	1	1	16	0	0	45	100	0	0	395.979797464	395.979797464	1550858817.31	5	1	5	1
"5884"	9	1	1	16	0	0	45	100	0	0	395.979797464	395.979797464	1550858817.34	5	1	5	1
"5885"	9	1	1	16	0	0	45	100	0	0	395.979797464	395.979797464	1550858817.37	4	1	4	1
"5886"	9	1	1	16	0	0	45	100	0	0	395.979797464	395.979797464	1550858817.41	3	2	3	2
"5887"	9	1	1	16	0	0	45	100	0	0	395.979797464	395.979797464	1550858817.44	3	2	3	2
"5888"	9	1	1	16	0	0	45	100	0	0	395.979797464	395.979797464	1550858817.47	2	2	2	2
"5889"	9	1	1	16	0	0	45	100	0	0	395.979797464	395.979797464	1550858817.51	1	4	1	4
"5890"	9	1	1	16	0	0	45	100	0	0	395.979797464	395.979797464	1550858817.54	0	4	0	4
"5891"	9	1	1	16	0	0	45	100	0	0	395.979797464	395.979797464	1550858817.57	0	5	0	5
"5892"	9	1	1	16	0	0	45	100	0	0	395.979797464	395.979797464	1550858817.61	2	11	2	11
"5893"	9	1	1	16	0	0	45	100	0	0	395.979797464	395.979797464	1550858817.64	6	19	6	19
"5894"	9	1	1	16	0	0	45	100	0	0	395.979797464	395.979797464	1550858817.68	15	33	15	33
"5895"	9	1	1	16	0	0	45	100	0	0	395.979797464	395.979797464	1550858817.71	29	62	29	62
"5896"	9	1	1	16	0	0	45	100	0	0	395.979797464	395.979797464	1550858817.74	42	88	42	88
"5897"	9	1	1	16	0	0	45	100	0	0	395.979797464	395.979797464	1550858817.77	61	121	61	121
"5898"	9	1	1	16	0	0	45	100	0	0	395.979797464	395.979797464	1550858817.81	88	152	88	152
"5899"	9	1	1	16	0	0	45	100	0	0	395.979797464	395.979797464	1550858817.84	117	178	117	178
"5900"	9	1	1	16	0	0	45	100	0	0	395.979797464	395.979797464	1550858817.87	145	198	145	198
"5901"	9	1	1	16	0	0	45	100	0	0	395.979797464	395.979797464	1550858817.91	182	224	182	224
"5902"	9	1	1	16	0	0	45	100	0	0	395.979797464	395.979797464	1550858817.94	218	247	218	247
"5903"	9	1	1	16	0	0	45	100	0	0	395.979797464	395.979797464	1550858817.98	245	264	245	264
"5904"	9	1	1	16	0	0	45	100	0	0	395.979797464	395.979797464	1550858818.01	274	284	274	284
"5905"	9	1	1	16	0	0	45	100	0	0	395.979797464	395.979797464	1550858818.04	299	300	299	300
"5906"	9	1	1	16	0	0	45	100	0	0	395.979797464	395.979797464	1550858818.08	319	310	319	310
"5907"	9	1	1	16	0	0	45	100	0	0	395.979797464	395.979797464	1550858818.11	333	319	333	319
"5908"	9	1	1	16	0	0	45	100	0	0	395.979797464	395.979797464	1550858818.14	351	332	351	332
"5909"	9	1	1	16	0	0	45	100	0	0	395.979797464	395.979797464	1550858818.18	368	342	368	342
"5910"	9	1	1	16	0	0	45	100	0	0	395.979797464	395.979797464	1550858818.21	378	349	378	349
"5911"	9	1	1	16	0	0	45	100	0	0	395.979797464	395.979797464	1550858818.24	388	356	388	356
"5912"	9	1	1	16	0	0	45	100	0	0	395.979797464	395.979797464	1550858818.28	398	362	398	362
"5913"	9	1	1	16	0	0	45	100	0	0	395.979797464	395.979797464	1550858818.31	402	364	402	364
"5914"	9	1	1	16	0	0	45	100	0	0	395.979797464	395.979797464	1550858818.34	402	365	402	365
"5915"	9	1	1	16	0	0	45	100	0	0	395.979797464	395.979797464	1550858818.38	403	368	403	368
"5916"	9	1	1	16	0	0	45	100	0	0	395.979797464	395.979797464	1550858818.41	404	368	404	368
"5917"	9	1	1	16	0	0	45	100	0	0	395.979797464	395.979797464	1550858818.44	404	369	404	369
"5918"	9	1	1	16	0	0	45	100	0	0	395.979797464	395.979797464	1550858818.48	405	374	405	374
"5919"	9	1	1	16	0	0	45	100	0	0	395.979797464	395.979797464	1550858818.51	407	379	407	379
"5920"	9	1	1	16	0	0	45	100	0	0	395.979797464	395.979797464	1550858818.54	407	381	407	381
"5921"	9	1	1	16	0	0	45	100	0	0	395.979797464	395.979797464	1550858818.58	406	386	406	386
"5922"	9	1	1	16	0	0	45	100	0	0	395.979797464	395.979797464	1550858818.61	405	389	405	389
"5923"	9	1	1	16	0	0	45	100	0	0	395.979797464	395.979797464	1550858818.64	403	391	403	391
"5924"	9	1	1	16	0	0	45	100	0	0	395.979797464	395.979797464	1550858818.68	402	393	402	393
"5925"	9	1	1	16	0	0	45	100	0	0	395.979797464	395.979797464	1550858818.71	400	396	400	396
"5926"	9	1	1	16	0	0	45	100	0	0	395.979797464	395.979797464	1550858818.74	399	397	399	397
"5927"	9	1	1	16	0	0	45	100	0	0	395.979797464	395.979797464	1550858818.78	398	399	398	399
"5928"	9	1	1	17	0	0	135	100	0	0	-395.979797464	395.979797464	1550858820.02	0	3	0	3
"5929"	9	1	1	17	0	0	135	100	0	0	-395.979797464	395.979797464	1550858820.04	0	3	0	3
"5930"	9	1	1	17	0	0	135	100	0	0	-395.979797464	395.979797464	1550858820.08	0	3	0	3
"5931"	9	1	1	17	0	0	135	100	0	0	-395.979797464	395.979797464	1550858820.11	0	3	0	3
"5932"	9	1	1	17	0	0	135	100	0	0	-395.979797464	395.979797464	1550858820.14	0	3	0	3
"5933"	9	1	1	17	0	0	135	100	0	0	-395.979797464	395.979797464	1550858820.18	0	3	0	3
"5934"	9	1	1	17	0	0	135	100	0	0	-395.979797464	395.979797464	1550858820.21	0	3	0	3
"5935"	9	1	1	17	0	0	135	100	0	0	-395.979797464	395.979797464	1550858820.24	-1	4	-1	4
"5936"	9	1	1	17	0	0	135	100	0	0	-395.979797464	395.979797464	1550858820.28	-6	12	-6	12
"5937"	9	1	1	17	0	0	135	100	0	0	-395.979797464	395.979797464	1550858820.31	-15	25	-15	25
"5938"	9	1	1	17	0	0	135	100	0	0	-395.979797464	395.979797464	1550858820.34	-29	44	-29	44
"5939"	9	1	1	17	0	0	135	100	0	0	-395.979797464	395.979797464	1550858820.38	-49	72	-49	72
"5940"	9	1	1	17	0	0	135	100	0	0	-395.979797464	395.979797464	1550858820.41	-67	87	-67	87
"5941"	9	1	1	17	0	0	135	100	0	0	-395.979797464	395.979797464	1550858820.44	-92	108	-92	108
"5942"	9	1	1	17	0	0	135	100	0	0	-395.979797464	395.979797464	1550858820.48	-116	136	-116	136
"5943"	9	1	1	17	0	0	135	100	0	0	-395.979797464	395.979797464	1550858820.51	-140	156	-140	156
"5944"	9	1	1	17	0	0	135	100	0	0	-395.979797464	395.979797464	1550858820.54	-169	183	-169	183
"5945"	9	1	1	17	0	0	135	100	0	0	-395.979797464	395.979797464	1550858820.58	-192	216	-192	216
"5946"	9	1	1	17	0	0	135	100	0	0	-395.979797464	395.979797464	1550858820.61	-214	245	-214	245
"5947"	9	1	1	17	0	0	135	100	0	0	-395.979797464	395.979797464	1550858820.64	-239	266	-239	266
"5948"	9	1	1	17	0	0	135	100	0	0	-395.979797464	395.979797464	1550858820.68	-264	288	-264	288
"5949"	9	1	1	17	0	0	135	100	0	0	-395.979797464	395.979797464	1550858820.71	-289	305	-289	305
"5950"	9	1	1	17	0	0	135	100	0	0	-395.979797464	395.979797464	1550858820.74	-310	315	-310	315
"5951"	9	1	1	17	0	0	135	100	0	0	-395.979797464	395.979797464	1550858820.78	-329	328	-329	328
"5952"	9	1	1	17	0	0	135	100	0	0	-395.979797464	395.979797464	1550858820.81	-340	340	-340	340
"5953"	9	1	1	17	0	0	135	100	0	0	-395.979797464	395.979797464	1550858820.84	-350	351	-350	351
"5954"	9	1	1	17	0	0	135	100	0	0	-395.979797464	395.979797464	1550858820.88	-359	361	-359	361
"5955"	9	1	1	17	0	0	135	100	0	0	-395.979797464	395.979797464	1550858820.91	-367	371	-367	371
"5956"	9	1	1	17	0	0	135	100	0	0	-395.979797464	395.979797464	1550858820.94	-372	377	-372	377
"5957"	9	1	1	17	0	0	135	100	0	0	-395.979797464	395.979797464	1550858820.98	-377	381	-377	381
"5958"	9	1	1	17	0	0	135	100	0	0	-395.979797464	395.979797464	1550858821.01	-383	384	-383	384
"5959"	9	1	1	17	0	0	135	100	0	0	-395.979797464	395.979797464	1550858821.04	-390	387	-390	387
"5960"	9	1	1	17	0	0	135	100	0	0	-395.979797464	395.979797464	1550858821.08	-393	389	-393	389
"5961"	9	1	1	17	0	0	135	100	0	0	-395.979797464	395.979797464	1550858821.11	-395	392	-395	392
"5962"	9	1	1	17	0	0	135	100	0	0	-395.979797464	395.979797464	1550858821.14	-396	393	-396	393
"5963"	9	1	1	17	0	0	135	100	0	0	-395.979797464	395.979797464	1550858821.18	-397	394	-397	394
"5964"	9	1	1	18	0	0	90	100	0	0	3.42901103761e-14	560	1550858822.42	-3	-4	-3	-4
"5965"	9	1	1	18	0	0	90	100	0	0	3.42901103761e-14	560	1550858822.45	-3	-4	-3	-4
"5966"	9	1	1	18	0	0	90	100	0	0	3.42901103761e-14	560	1550858822.48	-1	-6	-1	-6
"5967"	9	1	1	18	0	0	90	100	0	0	3.42901103761e-14	560	1550858822.51	-1	-7	-1	-7
"5968"	9	1	1	18	0	0	90	100	0	0	3.42901103761e-14	560	1550858822.55	-1	-7	-1	-7
"5969"	9	1	1	18	0	0	90	100	0	0	3.42901103761e-14	560	1550858822.58	-1	-7	-1	-7
"5970"	9	1	1	18	0	0	90	100	0	0	3.42901103761e-14	560	1550858822.61	-1	-7	-1	-7
"5971"	9	1	1	18	0	0	90	100	0	0	3.42901103761e-14	560	1550858822.65	-1	-7	-1	-7
"5972"	9	1	1	18	0	0	90	100	0	0	3.42901103761e-14	560	1550858822.68	-1	-7	-1	-7
"5973"	9	1	1	18	0	0	90	100	0	0	3.42901103761e-14	560	1550858822.71	-1	-7	-1	-7
"5974"	9	1	1	18	0	0	90	100	0	0	3.42901103761e-14	560	1550858822.75	-1	-7	-1	-7
"5975"	9	1	1	18	0	0	90	100	0	0	3.42901103761e-14	560	1550858822.78	-4	0	-4	0
"5976"	9	1	1	18	0	0	90	100	0	0	3.42901103761e-14	560	1550858822.81	-11	31	-11	31
"5977"	9	1	1	18	0	0	90	100	0	0	3.42901103761e-14	560	1550858822.85	-14	62	-14	62
"5978"	9	1	1	18	0	0	90	100	0	0	3.42901103761e-14	560	1550858822.88	-16	108	-16	108
"5979"	9	1	1	18	0	0	90	100	0	0	3.42901103761e-14	560	1550858822.91	-16	153	-16	153
"5980"	9	1	1	18	0	0	90	100	0	0	3.42901103761e-14	560	1550858822.95	-15	194	-15	194
"5981"	9	1	1	18	0	0	90	100	0	0	3.42901103761e-14	560	1550858822.98	-12	238	-12	238
"5982"	9	1	1	18	0	0	90	100	0	0	3.42901103761e-14	560	1550858823.01	-6	278	-6	278
"5983"	9	1	1	18	0	0	90	100	0	0	3.42901103761e-14	560	1550858823.05	-1	319	-1	319
"5984"	9	1	1	18	0	0	90	100	0	0	3.42901103761e-14	560	1550858823.08	4	360	4	360
"5985"	9	1	1	18	0	0	90	100	0	0	3.42901103761e-14	560	1550858823.11	7	391	7	391
"5986"	9	1	1	18	0	0	90	100	0	0	3.42901103761e-14	560	1550858823.15	7	418	7	418
"5987"	9	1	1	18	0	0	90	100	0	0	3.42901103761e-14	560	1550858823.18	7	441	7	441
"5988"	9	1	1	18	0	0	90	100	0	0	3.42901103761e-14	560	1550858823.21	9	464	9	464
"5989"	9	1	1	18	0	0	90	100	0	0	3.42901103761e-14	560	1550858823.25	9	473	9	473
"5990"	9	1	1	18	0	0	90	100	0	0	3.42901103761e-14	560	1550858823.28	8	485	8	485
"5991"	9	1	1	18	0	0	90	100	0	0	3.42901103761e-14	560	1550858823.31	8	498	8	498
"5992"	9	1	1	18	0	0	90	100	0	0	3.42901103761e-14	560	1550858823.35	9	510	9	510
"5993"	9	1	1	18	0	0	90	100	0	0	3.42901103761e-14	560	1550858823.38	9	520	9	520
"5994"	9	1	1	18	0	0	90	100	0	0	3.42901103761e-14	560	1550858823.41	9	527	9	527
"5995"	9	1	1	18	0	0	90	100	0	0	3.42901103761e-14	560	1550858823.45	10	532	10	532
"5996"	9	1	1	18	0	0	90	100	0	0	3.42901103761e-14	560	1550858823.48	10	537	10	537
"5997"	9	1	1	18	0	0	90	100	0	0	3.42901103761e-14	560	1550858823.51	10	542	10	542
"5998"	9	1	1	18	0	0	90	100	0	0	3.42901103761e-14	560	1550858823.55	11	546	11	546
"5999"	9	1	1	18	0	0	90	100	0	0	3.42901103761e-14	560	1550858823.58	11	550	11	550
"6000"	9	1	1	18	0	0	90	100	0	0	3.42901103761e-14	560	1550858823.61	11	555	11	555
"6001"	9	1	1	18	0	0	90	100	0	0	3.42901103761e-14	560	1550858823.65	11	559	11	559
"6002"	9	1	1	18	0	0	90	100	0	0	3.42901103761e-14	560	1550858823.68	11	562	11	562
"6003"	9	1	1	18	0	0	90	100	0	0	3.42901103761e-14	560	1550858823.71	11	565	11	565
"6004"	9	1	1	19	0	0	45	100	0	0	395.979797464	395.979797464	1550858824.86	11	6	11	6
"6005"	9	1	1	19	0	0	45	100	0	0	395.979797464	395.979797464	1550858824.88	12	5	12	5
"6006"	9	1	1	19	0	0	45	100	0	0	395.979797464	395.979797464	1550858824.91	11	4	11	4
"6007"	9	1	1	19	0	0	45	100	0	0	395.979797464	395.979797464	1550858824.95	10	1	10	1
"6008"	9	1	1	19	0	0	45	100	0	0	395.979797464	395.979797464	1550858824.98	9	-3	9	-3
"6009"	9	1	1	19	0	0	45	100	0	0	395.979797464	395.979797464	1550858825.01	9	-4	9	-4
"6010"	9	1	1	19	0	0	45	100	0	0	395.979797464	395.979797464	1550858825.05	9	-5	9	-5
"6011"	9	1	1	19	0	0	45	100	0	0	395.979797464	395.979797464	1550858825.08	7	-7	7	-7
"6012"	9	1	1	19	0	0	45	100	0	0	395.979797464	395.979797464	1550858825.11	6	-7	6	-7
"6013"	9	1	1	19	0	0	45	100	0	0	395.979797464	395.979797464	1550858825.15	6	-6	6	-6
"6014"	9	1	1	19	0	0	45	100	0	0	395.979797464	395.979797464	1550858825.18	8	1	8	1
"6015"	9	1	1	19	0	0	45	100	0	0	395.979797464	395.979797464	1550858825.21	21	20	21	20
"6016"	9	1	1	19	0	0	45	100	0	0	395.979797464	395.979797464	1550858825.25	44	48	44	48
"6017"	9	1	1	19	0	0	45	100	0	0	395.979797464	395.979797464	1550858825.28	63	74	63	74
"6018"	9	1	1	19	0	0	45	100	0	0	395.979797464	395.979797464	1550858825.31	87	109	87	109
"6019"	9	1	1	19	0	0	45	100	0	0	395.979797464	395.979797464	1550858825.35	108	137	108	137
"6020"	9	1	1	19	0	0	45	100	0	0	395.979797464	395.979797464	1550858825.38	134	162	134	162
"6021"	9	1	1	19	0	0	45	100	0	0	395.979797464	395.979797464	1550858825.41	164	190	164	190
"6022"	9	1	1	19	0	0	45	100	0	0	395.979797464	395.979797464	1550858825.45	189	214	189	214
"6023"	9	1	1	19	0	0	45	100	0	0	395.979797464	395.979797464	1550858825.48	213	238	213	238
"6024"	9	1	1	19	0	0	45	100	0	0	395.979797464	395.979797464	1550858825.51	240	266	240	266
"6025"	9	1	1	19	0	0	45	100	0	0	395.979797464	395.979797464	1550858825.55	264	289	264	289
"6026"	9	1	1	19	0	0	45	100	0	0	395.979797464	395.979797464	1550858825.58	285	314	285	314
"6027"	9	1	1	19	0	0	45	100	0	0	395.979797464	395.979797464	1550858825.61	304	336	304	336
"6028"	9	1	1	19	0	0	45	100	0	0	395.979797464	395.979797464	1550858825.65	328	361	328	361
"6029"	9	1	1	19	0	0	45	100	0	0	395.979797464	395.979797464	1550858825.68	338	371	338	371
"6030"	9	1	1	19	0	0	45	100	0	0	395.979797464	395.979797464	1550858825.71	353	385	353	385
"6031"	9	1	1	19	0	0	45	100	0	0	395.979797464	395.979797464	1550858825.75	367	396	367	396
"6032"	9	1	1	19	0	0	45	100	0	0	395.979797464	395.979797464	1550858825.78	380	404	380	404
"6033"	9	1	1	19	0	0	45	100	0	0	395.979797464	395.979797464	1550858825.81	388	408	388	408
"6034"	9	1	1	19	0	0	45	100	0	0	395.979797464	395.979797464	1550858825.85	390	408	390	408
"6035"	9	1	1	19	0	0	45	100	0	0	395.979797464	395.979797464	1550858825.88	391	407	391	407
"6036"	9	1	1	19	0	0	45	100	0	0	395.979797464	395.979797464	1550858825.91	392	406	392	406
"6037"	9	1	1	19	0	0	45	100	0	0	395.979797464	395.979797464	1550858825.95	391	403	391	403
"6038"	9	1	1	19	0	0	45	100	0	0	395.979797464	395.979797464	1550858825.98	393	401	393	401
"6039"	9	1	1	19	0	0	45	100	0	0	395.979797464	395.979797464	1550858826.01	395	401	395	401
"6040"	9	1	1	20	0	0	90	100	0	0	3.42901103761e-14	560	1550858827.36	1	2	1	2
"6041"	9	1	1	20	0	0	90	100	0	0	3.42901103761e-14	560	1550858827.38	1	2	1	2
"6042"	9	1	1	20	0	0	90	100	0	0	3.42901103761e-14	560	1550858827.42	1	2	1	2
"6043"	9	1	1	20	0	0	90	100	0	0	3.42901103761e-14	560	1550858827.45	-2	6	-2	6
"6044"	9	1	1	20	0	0	90	100	0	0	3.42901103761e-14	560	1550858827.48	-6	13	-6	13
"6045"	9	1	1	20	0	0	90	100	0	0	3.42901103761e-14	560	1550858827.52	-13	27	-13	27
"6046"	9	1	1	20	0	0	90	100	0	0	3.42901103761e-14	560	1550858827.55	-23	57	-23	57
"6047"	9	1	1	20	0	0	90	100	0	0	3.42901103761e-14	560	1550858827.58	-31	77	-31	77
"6048"	9	1	1	20	0	0	90	100	0	0	3.42901103761e-14	560	1550858827.62	-44	103	-44	103
"6049"	9	1	1	20	0	0	90	100	0	0	3.42901103761e-14	560	1550858827.65	-57	122	-57	122
"6050"	9	1	1	20	0	0	90	100	0	0	3.42901103761e-14	560	1550858827.68	-69	149	-69	149
"6051"	9	1	1	20	0	0	90	100	0	0	3.42901103761e-14	560	1550858827.72	-75	181	-75	181
"6052"	9	1	1	20	0	0	90	100	0	0	3.42901103761e-14	560	1550858827.75	-71	232	-71	232
"6053"	9	1	1	20	0	0	90	100	0	0	3.42901103761e-14	560	1550858827.78	-62	285	-62	285
"6054"	9	1	1	20	0	0	90	100	0	0	3.42901103761e-14	560	1550858827.82	-52	326	-52	326
"6055"	9	1	1	20	0	0	90	100	0	0	3.42901103761e-14	560	1550858827.85	-44	363	-44	363
"6056"	9	1	1	20	0	0	90	100	0	0	3.42901103761e-14	560	1550858827.88	-42	392	-42	392
"6057"	9	1	1	20	0	0	90	100	0	0	3.42901103761e-14	560	1550858827.92	-41	415	-41	415
"6058"	9	1	1	20	0	0	90	100	0	0	3.42901103761e-14	560	1550858827.95	-41	427	-41	427
"6059"	9	1	1	20	0	0	90	100	0	0	3.42901103761e-14	560	1550858827.98	-41	440	-41	440
"6060"	9	1	1	20	0	0	90	100	0	0	3.42901103761e-14	560	1550858828.02	-41	453	-41	453
"6061"	9	1	1	20	0	0	90	100	0	0	3.42901103761e-14	560	1550858828.05	-39	462	-39	462
"6062"	9	1	1	20	0	0	90	100	0	0	3.42901103761e-14	560	1550858828.08	-37	471	-37	471
"6063"	9	1	1	20	0	0	90	100	0	0	3.42901103761e-14	560	1550858828.12	-35	480	-35	480
"6064"	9	1	1	20	0	0	90	100	0	0	3.42901103761e-14	560	1550858828.15	-28	492	-28	492
"6065"	9	1	1	20	0	0	90	100	0	0	3.42901103761e-14	560	1550858828.18	-19	505	-19	505
"6066"	9	1	1	20	0	0	90	100	0	0	3.42901103761e-14	560	1550858828.22	-14	515	-14	515
"6067"	9	1	1	20	0	0	90	100	0	0	3.42901103761e-14	560	1550858828.25	-9	526	-9	526
"6068"	9	1	1	20	0	0	90	100	0	0	3.42901103761e-14	560	1550858828.28	-5	533	-5	533
"6069"	9	1	1	20	0	0	90	100	0	0	3.42901103761e-14	560	1550858828.32	-1	542	-1	542
"6070"	9	1	1	20	0	0	90	100	0	0	3.42901103761e-14	560	1550858828.35	3	551	3	551
"6071"	9	1	1	20	0	0	90	100	0	0	3.42901103761e-14	560	1550858828.38	4	556	4	556
"6072"	9	1	1	20	0	0	90	100	0	0	3.42901103761e-14	560	1550858828.42	6	561	6	561
"6073"	9	1	1	20	0	0	90	100	0	0	3.42901103761e-14	560	1550858828.45	7	563	7	563
"6074"	9	1	1	21	0	0	135	100	0	0	-395.979797464	395.979797464	1550858829.6	8	-3	8	-3
"6075"	9	1	1	21	0	0	135	100	0	0	-395.979797464	395.979797464	1550858829.62	8	-3	8	-3
"6076"	9	1	1	21	0	0	135	100	0	0	-395.979797464	395.979797464	1550858829.65	8	-3	8	-3
"6077"	9	1	1	21	0	0	135	100	0	0	-395.979797464	395.979797464	1550858829.68	7	-3	7	-3
"6078"	9	1	1	21	0	0	135	100	0	0	-395.979797464	395.979797464	1550858829.72	7	-3	7	-3
"6079"	9	1	1	21	0	0	135	100	0	0	-395.979797464	395.979797464	1550858829.75	6	-2	6	-2
"6080"	9	1	1	21	0	0	135	100	0	0	-395.979797464	395.979797464	1550858829.78	5	-2	5	-2
"6081"	9	1	1	21	0	0	135	100	0	0	-395.979797464	395.979797464	1550858829.82	3	-2	3	-2
"6082"	9	1	1	21	0	0	135	100	0	0	-395.979797464	395.979797464	1550858829.85	1	-1	1	-1
"6083"	9	1	1	21	0	0	135	100	0	0	-395.979797464	395.979797464	1550858829.88	-3	3	-3	3
"6084"	9	1	1	21	0	0	135	100	0	0	-395.979797464	395.979797464	1550858829.92	-13	12	-13	12
"6085"	9	1	1	21	0	0	135	100	0	0	-395.979797464	395.979797464	1550858829.95	-39	36	-39	36
"6086"	9	1	1	21	0	0	135	100	0	0	-395.979797464	395.979797464	1550858829.98	-67	61	-67	61
"6087"	9	1	1	21	0	0	135	100	0	0	-395.979797464	395.979797464	1550858830.02	-87	86	-87	86
"6088"	9	1	1	21	0	0	135	100	0	0	-395.979797464	395.979797464	1550858830.05	-109	121	-109	121
"6089"	9	1	1	21	0	0	135	100	0	0	-395.979797464	395.979797464	1550858830.08	-127	144	-127	144
"6090"	9	1	1	21	0	0	135	100	0	0	-395.979797464	395.979797464	1550858830.12	-156	173	-156	173
"6091"	9	1	1	21	0	0	135	100	0	0	-395.979797464	395.979797464	1550858830.15	-181	195	-181	195
"6092"	9	1	1	21	0	0	135	100	0	0	-395.979797464	395.979797464	1550858830.18	-207	218	-207	218
"6093"	9	1	1	21	0	0	135	100	0	0	-395.979797464	395.979797464	1550858830.22	-231	238	-231	238
"6094"	9	1	1	21	0	0	135	100	0	0	-395.979797464	395.979797464	1550858830.25	-252	256	-252	256
"6095"	9	1	1	21	0	0	135	100	0	0	-395.979797464	395.979797464	1550858830.28	-268	270	-268	270
"6096"	9	1	1	21	0	0	135	100	0	0	-395.979797464	395.979797464	1550858830.32	-286	287	-286	287
"6097"	9	1	1	21	0	0	135	100	0	0	-395.979797464	395.979797464	1550858830.35	-299	300	-299	300
"6098"	9	1	1	21	0	0	135	100	0	0	-395.979797464	395.979797464	1550858830.38	-311	313	-311	313
"6099"	9	1	1	21	0	0	135	100	0	0	-395.979797464	395.979797464	1550858830.42	-322	325	-322	325
"6100"	9	1	1	21	0	0	135	100	0	0	-395.979797464	395.979797464	1550858830.45	-331	335	-331	335
"6101"	9	1	1	21	0	0	135	100	0	0	-395.979797464	395.979797464	1550858830.48	-337	343	-337	343
"6102"	9	1	1	21	0	0	135	100	0	0	-395.979797464	395.979797464	1550858830.52	-344	351	-344	351
"6103"	9	1	1	21	0	0	135	100	0	0	-395.979797464	395.979797464	1550858830.55	-349	357	-349	357
"6104"	9	1	1	21	0	0	135	100	0	0	-395.979797464	395.979797464	1550858830.58	-354	363	-354	363
"6105"	9	1	1	21	0	0	135	100	0	0	-395.979797464	395.979797464	1550858830.62	-359	372	-359	372
"6106"	9	1	1	21	0	0	135	100	0	0	-395.979797464	395.979797464	1550858830.65	-366	378	-366	378
"6107"	9	1	1	21	0	0	135	100	0	0	-395.979797464	395.979797464	1550858830.68	-372	382	-372	382
"6108"	9	1	1	21	0	0	135	100	0	0	-395.979797464	395.979797464	1550858830.72	-375	385	-375	385
"6109"	9	1	1	21	0	0	135	100	0	0	-395.979797464	395.979797464	1550858830.75	-377	386	-377	386
"6110"	9	1	1	21	0	0	135	100	0	0	-395.979797464	395.979797464	1550858830.78	-379	388	-379	388
"6111"	9	1	1	21	0	0	135	100	0	0	-395.979797464	395.979797464	1550858830.82	-380	389	-380	389
"6112"	9	1	1	21	0	0	135	100	0	0	-395.979797464	395.979797464	1550858830.85	-382	390	-382	390
"6113"	9	1	1	21	0	0	135	100	0	0	-395.979797464	395.979797464	1550858830.89	-383	391	-383	391
"6114"	9	1	1	21	0	0	135	100	0	0	-395.979797464	395.979797464	1550858830.92	-385	392	-385	392
"6115"	9	1	1	21	0	0	135	100	0	0	-395.979797464	395.979797464	1550858830.95	-388	394	-388	394
