"task_num"	"task_name"	"trial_type"	"trial_num"	"terminalfeedback_bool"	"rotation_angle"	"targetangle_deg"	"targetdistance_percmax"	"homex_px"	"homey_px"	"targetx_px"	"targety_px"	"time_s"	"mousex_px"	"mousey_px"	"cursorx_px"	"cursory_px"
9	"1"	"1"	1	FALSE	0	90	100	0	0	3.42901103761e-14	560	1.00094890594	1	0	1	0
9	"1"	"1"	1	FALSE	0	90	100	0	0	3.42901103761e-14	560	1.03433704376	2	1	2	1
9	"1"	"1"	1	FALSE	0	90	100	0	0	3.42901103761e-14	560	1.06777405739	2	2	2	2
9	"1"	"1"	1	FALSE	0	90	100	0	0	3.42901103761e-14	560	1.1010260582	2	2	2	2
9	"1"	"1"	1	FALSE	0	90	100	0	0	3.42901103761e-14	560	1.13441491127	2	2	2	2
9	"1"	"1"	1	FALSE	0	90	100	0	0	3.42901103761e-14	560	1.16786408424	2	2	2	2
9	"1"	"1"	1	FALSE	0	90	100	0	0	3.42901103761e-14	560	1.20117998123	2	2	2	2
9	"1"	"1"	1	FALSE	0	90	100	0	0	3.42901103761e-14	560	1.23441195488	2	2	2	2
9	"1"	"1"	1	FALSE	0	90	100	0	0	3.42901103761e-14	560	1.26785707474	2	2	2	2
9	"1"	"1"	1	FALSE	0	90	100	0	0	3.42901103761e-14	560	1.30121397972	2	2	2	2
9	"1"	"1"	1	FALSE	0	90	100	0	0	3.42901103761e-14	560	1.33453607559	2	2	2	2
9	"1"	"1"	1	FALSE	0	90	100	0	0	3.42901103761e-14	560	1.36787796021	2	2	2	2
9	"1"	"1"	1	FALSE	0	90	100	0	0	3.42901103761e-14	560	1.4013209343	2	3	2	3
9	"1"	"1"	1	FALSE	0	90	100	0	0	3.42901103761e-14	560	1.43476104736	0	18	0	18
9	"1"	"1"	1	FALSE	0	90	100	0	0	3.42901103761e-14	560	1.46855807304	1	60	1	60
9	"1"	"1"	1	FALSE	0	90	100	0	0	3.42901103761e-14	560	1.50196886063	2	115	2	115
9	"1"	"1"	1	FALSE	0	90	100	0	0	3.42901103761e-14	560	1.53526496887	0	181	0	181
9	"1"	"1"	1	FALSE	0	90	100	0	0	3.42901103761e-14	560	1.56868886948	-2	242	-2	242
9	"1"	"1"	1	FALSE	0	90	100	0	0	3.42901103761e-14	560	1.60199594498	-5	305	-5	305
9	"1"	"1"	1	FALSE	0	90	100	0	0	3.42901103761e-14	560	1.63501000404	-8	366	-8	366
9	"1"	"1"	1	FALSE	0	90	100	0	0	3.42901103761e-14	560	1.66870689392	-9	413	-9	413
9	"1"	"1"	1	FALSE	0	90	100	0	0	3.42901103761e-14	560	1.70191502571	-8	458	-8	458
9	"1"	"1"	1	FALSE	0	90	100	0	0	3.42901103761e-14	560	1.73489189148	-6	497	-6	497
9	"1"	"1"	1	FALSE	0	90	100	0	0	3.42901103761e-14	560	1.76861190796	-4	529	-4	529
9	"1"	"1"	1	FALSE	0	90	100	0	0	3.42901103761e-14	560	1.8021709919	-3	552	-3	552
9	"1"	"1"	1	FALSE	0	90	100	0	0	3.42901103761e-14	560	1.83555197716	-2	570	-2	570
9	"1"	"1"	1	FALSE	0	90	100	0	0	3.42901103761e-14	560	1.86841392517	-3	585	-3	585
9	"1"	"1"	1	FALSE	0	90	100	0	0	3.42901103761e-14	560	1.90223789215	-3	594	-3	594
9	"1"	"1"	1	FALSE	0	90	100	0	0	3.42901103761e-14	560	1.93542909622	-3	598	-3	598
9	"1"	"1"	1	FALSE	0	90	100	0	0	3.42901103761e-14	560	1.96855592728	-4	598	-4	598
9	"1"	"1"	1	FALSE	0	90	100	0	0	3.42901103761e-14	560	2.0022289753	-3	597	-3	597
9	"1"	"1"	1	FALSE	0	90	100	0	0	3.42901103761e-14	560	2.03538608551	-3	594	-3	594
9	"1"	"1"	1	FALSE	0	90	100	0	0	3.42901103761e-14	560	2.06842088699	-3	588	-3	588
9	"1"	"1"	1	FALSE	0	90	100	0	0	3.42901103761e-14	560	2.10240292549	-3	581	-3	581
9	"1"	"1"	1	FALSE	0	90	100	0	0	3.42901103761e-14	560	2.13574886322	-3	573	-3	573
9	"1"	"1"	1	FALSE	0	90	100	0	0	3.42901103761e-14	560	2.16862392426	-3	565	-3	565
9	"1"	"1"	1	FALSE	0	90	100	0	0	3.42901103761e-14	560	2.20236301422	-3	563	-3	563
9	"1"	"1"	2	FALSE	0	135	100	0	0	-395.979797464	395.979797464	0.00152611732483	2	-6	2	-6
9	"1"	"1"	2	FALSE	0	135	100	0	0	-395.979797464	395.979797464	0.0230481624603	2	-6	2	-6
9	"1"	"1"	2	FALSE	0	135	100	0	0	-395.979797464	395.979797464	0.0564692020416	2	-5	2	-5
9	"1"	"1"	2	FALSE	0	135	100	0	0	-395.979797464	395.979797464	0.0896551609039	2	-4	2	-4
9	"1"	"1"	2	FALSE	0	135	100	0	0	-395.979797464	395.979797464	0.122924089432	2	-4	2	-4
9	"1"	"1"	2	FALSE	0	135	100	0	0	-395.979797464	395.979797464	0.15630698204	2	-4	2	-4
9	"1"	"1"	2	FALSE	0	135	100	0	0	-395.979797464	395.979797464	0.189663171768	2	-3	2	-3
9	"1"	"1"	2	FALSE	0	135	100	0	0	-395.979797464	395.979797464	0.222989082336	2	-3	2	-3
9	"1"	"1"	2	FALSE	0	135	100	0	0	-395.979797464	395.979797464	0.25634098053	2	-3	2	-3
9	"1"	"1"	2	FALSE	0	135	100	0	0	-395.979797464	395.979797464	0.289740085602	1	-3	1	-3
9	"1"	"1"	2	FALSE	0	135	100	0	0	-395.979797464	395.979797464	0.323135137558	-1	-1	-1	-1
9	"1"	"1"	2	FALSE	0	135	100	0	0	-395.979797464	395.979797464	0.356449127197	-7	4	-7	4
9	"1"	"1"	2	FALSE	0	135	100	0	0	-395.979797464	395.979797464	0.389867067337	-23	21	-23	21
9	"1"	"1"	2	FALSE	0	135	100	0	0	-395.979797464	395.979797464	0.42329120636	-57	61	-57	61
9	"1"	"1"	2	FALSE	0	135	100	0	0	-395.979797464	395.979797464	0.456804990768	-88	92	-88	92
9	"1"	"1"	2	FALSE	0	135	100	0	0	-395.979797464	395.979797464	0.490143060684	-130	130	-130	130
9	"1"	"1"	2	FALSE	0	135	100	0	0	-395.979797464	395.979797464	0.523251056671	-175	174	-175	174
9	"1"	"1"	2	FALSE	0	135	100	0	0	-395.979797464	395.979797464	0.556647062302	-212	212	-212	212
9	"1"	"1"	2	FALSE	0	135	100	0	0	-395.979797464	395.979797464	0.590048074722	-258	258	-258	258
9	"1"	"1"	2	FALSE	0	135	100	0	0	-395.979797464	395.979797464	0.623320102692	-289	290	-289	290
9	"1"	"1"	2	FALSE	0	135	100	0	0	-395.979797464	395.979797464	0.656699180603	-322	319	-322	319
9	"1"	"1"	2	FALSE	0	135	100	0	0	-395.979797464	395.979797464	0.690064191818	-347	338	-347	338
9	"1"	"1"	2	FALSE	0	135	100	0	0	-395.979797464	395.979797464	0.723405122757	-370	356	-370	356
9	"1"	"1"	2	FALSE	0	135	100	0	0	-395.979797464	395.979797464	0.756783008575	-386	368	-386	368
9	"1"	"1"	2	FALSE	0	135	100	0	0	-395.979797464	395.979797464	0.790127038956	-397	378	-397	378
9	"1"	"1"	2	FALSE	0	135	100	0	0	-395.979797464	395.979797464	0.823485136032	-407	387	-407	387
9	"1"	"1"	2	FALSE	0	135	100	0	0	-395.979797464	395.979797464	0.856860160828	-412	392	-412	392
9	"1"	"1"	2	FALSE	0	135	100	0	0	-395.979797464	395.979797464	0.890201091766	-414	394	-414	394
9	"1"	"1"	2	FALSE	0	135	100	0	0	-395.979797464	395.979797464	0.923627138138	-414	395	-414	395
9	"1"	"1"	2	FALSE	0	135	100	0	0	-395.979797464	395.979797464	0.956991195679	-414	395	-414	395
9	"1"	"1"	2	FALSE	0	135	100	0	0	-395.979797464	395.979797464	0.990353107452	-414	395	-414	395
9	"1"	"1"	2	FALSE	0	135	100	0	0	-395.979797464	395.979797464	1.02365112305	-414	395	-414	395
9	"1"	"1"	2	FALSE	0	135	100	0	0	-395.979797464	395.979797464	1.05699110031	-411	396	-411	396
9	"1"	"1"	2	FALSE	0	135	100	0	0	-395.979797464	395.979797464	1.09035301208	-408	397	-408	397
9	"1"	"1"	3	FALSE	0	45	100	0	0	395.979797464	395.979797464	0.00196599960327	-3	-7	-3	-7
9	"1"	"1"	3	FALSE	0	45	100	0	0	395.979797464	395.979797464	0.0227019786835	-3	-7	-3	-7
9	"1"	"1"	3	FALSE	0	45	100	0	0	395.979797464	395.979797464	0.0559849739075	-3	-7	-3	-7
9	"1"	"1"	3	FALSE	0	45	100	0	0	395.979797464	395.979797464	0.0894548892975	-3	-7	-3	-7
9	"1"	"1"	3	FALSE	0	45	100	0	0	395.979797464	395.979797464	0.122720003128	-3	-7	-3	-7
9	"1"	"1"	3	FALSE	0	45	100	0	0	395.979797464	395.979797464	0.155530929565	-3	-7	-3	-7
9	"1"	"1"	3	FALSE	0	45	100	0	0	395.979797464	395.979797464	0.189544916153	-3	-7	-3	-7
9	"1"	"1"	3	FALSE	0	45	100	0	0	395.979797464	395.979797464	0.222894906998	-3	-7	-3	-7
9	"1"	"1"	3	FALSE	0	45	100	0	0	395.979797464	395.979797464	0.25634098053	-3	-7	-3	-7
9	"1"	"1"	3	FALSE	0	45	100	0	0	395.979797464	395.979797464	0.289652109146	-3	-7	-3	-7
9	"1"	"1"	3	FALSE	0	45	100	0	0	395.979797464	395.979797464	0.323056936264	-1	-3	-1	-3
9	"1"	"1"	3	FALSE	0	45	100	0	0	395.979797464	395.979797464	0.356281042099	11	13	11	13
9	"1"	"1"	3	FALSE	0	45	100	0	0	395.979797464	395.979797464	0.389099121094	35	41	35	41
9	"1"	"1"	3	FALSE	0	45	100	0	0	395.979797464	395.979797464	0.423048019409	66	75	66	75
9	"1"	"1"	3	FALSE	0	45	100	0	0	395.979797464	395.979797464	0.456329107285	102	112	102	112
9	"1"	"1"	3	FALSE	0	45	100	0	0	395.979797464	395.979797464	0.489182949066	135	146	135	146
9	"1"	"1"	3	FALSE	0	45	100	0	0	395.979797464	395.979797464	0.523217916489	175	186	175	186
9	"1"	"1"	3	FALSE	0	45	100	0	0	395.979797464	395.979797464	0.556557893753	217	228	217	228
9	"1"	"1"	3	FALSE	0	45	100	0	0	395.979797464	395.979797464	0.589862108231	257	267	257	267
9	"1"	"1"	3	FALSE	0	45	100	0	0	395.979797464	395.979797464	0.622685909271	287	295	287	295
9	"1"	"1"	3	FALSE	0	45	100	0	0	395.979797464	395.979797464	0.656620979309	316	322	316	322
9	"1"	"1"	3	FALSE	0	45	100	0	0	395.979797464	395.979797464	0.69008398056	340	342	340	342
9	"1"	"1"	3	FALSE	0	45	100	0	0	395.979797464	395.979797464	0.723341941833	351	350	351	350
9	"1"	"1"	3	FALSE	0	45	100	0	0	395.979797464	395.979797464	0.756587028503	364	361	364	361
9	"1"	"1"	3	FALSE	0	45	100	0	0	395.979797464	395.979797464	0.789560079575	373	369	373	369
9	"1"	"1"	3	FALSE	0	45	100	0	0	395.979797464	395.979797464	0.823498010635	381	374	381	374
9	"1"	"1"	3	FALSE	0	45	100	0	0	395.979797464	395.979797464	0.856782913208	387	380	387	380
9	"1"	"1"	3	FALSE	0	45	100	0	0	395.979797464	395.979797464	0.889624118805	393	387	393	387
9	"1"	"1"	3	FALSE	0	45	100	0	0	395.979797464	395.979797464	0.923522949219	397	390	397	390
9	"1"	"1"	3	FALSE	0	45	100	0	0	395.979797464	395.979797464	0.956779003143	398	394	398	394
9	"1"	"1"	4	FALSE	0	45	100	0	0	395.979797464	395.979797464	0.00208306312561	7	5	7	5
9	"1"	"1"	4	FALSE	0	45	100	0	0	395.979797464	395.979797464	0.0223641395569	6	4	6	4
9	"1"	"1"	4	FALSE	0	45	100	0	0	395.979797464	395.979797464	0.0557940006256	3	2	3	2
9	"1"	"1"	4	FALSE	0	45	100	0	0	395.979797464	395.979797464	0.0893130302429	2	1	2	1
9	"1"	"1"	4	FALSE	0	45	100	0	0	395.979797464	395.979797464	0.122596025467	2	1	2	1
9	"1"	"1"	4	FALSE	0	45	100	0	0	395.979797464	395.979797464	0.155541181564	2	1	2	1
9	"1"	"1"	4	FALSE	0	45	100	0	0	395.979797464	395.979797464	0.189059019089	2	1	2	1
9	"1"	"1"	4	FALSE	0	45	100	0	0	395.979797464	395.979797464	0.221930027008	2	1	2	1
9	"1"	"1"	4	FALSE	0	45	100	0	0	395.979797464	395.979797464	0.256064176559	2	1	2	1
9	"1"	"1"	4	FALSE	0	45	100	0	0	395.979797464	395.979797464	0.289398193359	2	2	2	2
9	"1"	"1"	4	FALSE	0	45	100	0	0	395.979797464	395.979797464	0.322557210922	3	4	3	4
9	"1"	"1"	4	FALSE	0	45	100	0	0	395.979797464	395.979797464	0.356113195419	6	9	6	9
9	"1"	"1"	4	FALSE	0	45	100	0	0	395.979797464	395.979797464	0.389456987381	15	21	15	21
9	"1"	"1"	4	FALSE	0	45	100	0	0	395.979797464	395.979797464	0.422463178635	34	44	34	44
9	"1"	"1"	4	FALSE	0	45	100	0	0	395.979797464	395.979797464	0.456176042557	56	68	56	68
9	"1"	"1"	4	FALSE	0	45	100	0	0	395.979797464	395.979797464	0.489353179932	83	96	83	96
9	"1"	"1"	4	FALSE	0	45	100	0	0	395.979797464	395.979797464	0.52293920517	111	129	111	129
9	"1"	"1"	4	FALSE	0	45	100	0	0	395.979797464	395.979797464	0.556249141693	135	159	135	159
9	"1"	"1"	4	FALSE	0	45	100	0	0	395.979797464	395.979797464	0.589424133301	161	189	161	189
9	"1"	"1"	4	FALSE	0	45	100	0	0	395.979797464	395.979797464	0.622871160507	186	215	186	215
9	"1"	"1"	4	FALSE	0	45	100	0	0	395.979797464	395.979797464	0.655766010284	201	229	201	229
9	"1"	"1"	4	FALSE	0	45	100	0	0	395.979797464	395.979797464	0.689665079117	217	242	217	242
9	"1"	"1"	4	FALSE	0	45	100	0	0	395.979797464	395.979797464	0.722851037979	229	250	229	250
9	"1"	"1"	4	FALSE	0	45	100	0	0	395.979797464	395.979797464	0.755856990814	240	258	240	258
9	"1"	"1"	4	FALSE	0	45	100	0	0	395.979797464	395.979797464	0.789787054062	249	263	249	263
9	"1"	"1"	4	FALSE	0	45	100	0	0	395.979797464	395.979797464	0.823120117188	259	271	259	271
9	"1"	"1"	4	FALSE	0	45	100	0	0	395.979797464	395.979797464	0.856500148773	273	282	273	282
9	"1"	"1"	4	FALSE	0	45	100	0	0	395.979797464	395.979797464	0.889373064041	286	291	286	291
9	"1"	"1"	4	FALSE	0	45	100	0	0	395.979797464	395.979797464	0.923242092133	302	305	302	305
9	"1"	"1"	4	FALSE	0	45	100	0	0	395.979797464	395.979797464	0.956465005875	325	321	325	321
9	"1"	"1"	4	FALSE	0	45	100	0	0	395.979797464	395.979797464	0.989868164062	338	329	338	329
9	"1"	"1"	4	FALSE	0	45	100	0	0	395.979797464	395.979797464	1.02313899994	353	339	353	339
9	"1"	"1"	4	FALSE	0	45	100	0	0	395.979797464	395.979797464	1.0565071106	366	349	366	349
9	"1"	"1"	4	FALSE	0	45	100	0	0	395.979797464	395.979797464	1.08938312531	375	355	375	355
9	"1"	"1"	4	FALSE	0	45	100	0	0	395.979797464	395.979797464	1.12331414223	379	357	379	357
9	"1"	"1"	4	FALSE	0	45	100	0	0	395.979797464	395.979797464	1.156717062	384	362	384	362
9	"1"	"1"	4	FALSE	0	45	100	0	0	395.979797464	395.979797464	1.18974518776	389	366	389	366
9	"1"	"1"	4	FALSE	0	45	100	0	0	395.979797464	395.979797464	1.22334504128	393	371	393	371
9	"1"	"1"	4	FALSE	0	45	100	0	0	395.979797464	395.979797464	1.25665903091	407	382	407	382
9	"1"	"1"	4	FALSE	0	45	100	0	0	395.979797464	395.979797464	1.28958821297	419	390	419	390
9	"1"	"1"	4	FALSE	0	45	100	0	0	395.979797464	395.979797464	1.32355499268	429	397	429	397
9	"1"	"1"	4	FALSE	0	45	100	0	0	395.979797464	395.979797464	1.35690402985	432	402	432	402
9	"1"	"1"	4	FALSE	0	45	100	0	0	395.979797464	395.979797464	1.38974404335	432	405	432	405
9	"1"	"1"	4	FALSE	0	45	100	0	0	395.979797464	395.979797464	1.42350411415	428	406	428	406
9	"1"	"1"	4	FALSE	0	45	100	0	0	395.979797464	395.979797464	1.45678400993	424	405	424	405
9	"1"	"1"	4	FALSE	0	45	100	0	0	395.979797464	395.979797464	1.49026203156	418	403	418	403
9	"1"	"1"	4	FALSE	0	45	100	0	0	395.979797464	395.979797464	1.52364802361	413	401	413	401
9	"1"	"1"	4	FALSE	0	45	100	0	0	395.979797464	395.979797464	1.55697703362	409	400	409	400
9	"1"	"1"	4	FALSE	0	45	100	0	0	395.979797464	395.979797464	1.59042000771	406	400	406	400
9	"1"	"1"	4	FALSE	0	45	100	0	0	395.979797464	395.979797464	1.62363004684	402	398	402	398
9	"1"	"1"	4	FALSE	0	45	100	0	0	395.979797464	395.979797464	1.65703105927	399	397	399	397
9	"1"	"1"	5	FALSE	0	90	100	0	0	3.42901103761e-14	560	0.00174307823181	2	2	2	2
9	"1"	"1"	5	FALSE	0	90	100	0	0	3.42901103761e-14	560	0.021947145462	2	2	2	2
9	"1"	"1"	5	FALSE	0	90	100	0	0	3.42901103761e-14	560	0.055408000946	2	2	2	2
9	"1"	"1"	5	FALSE	0	90	100	0	0	3.42901103761e-14	560	0.0888509750366	2	2	2	2
9	"1"	"1"	5	FALSE	0	90	100	0	0	3.42901103761e-14	560	0.122220993042	2	2	2	2
9	"1"	"1"	5	FALSE	0	90	100	0	0	3.42901103761e-14	560	0.155658006668	2	2	2	2
9	"1"	"1"	5	FALSE	0	90	100	0	0	3.42901103761e-14	560	0.189048051834	2	2	2	2
9	"1"	"1"	5	FALSE	0	90	100	0	0	3.42901103761e-14	560	0.222222089767	2	2	2	2
9	"1"	"1"	5	FALSE	0	90	100	0	0	3.42901103761e-14	560	0.255592107773	2	2	2	2
9	"1"	"1"	5	FALSE	0	90	100	0	0	3.42901103761e-14	560	0.289067029953	2	3	2	3
9	"1"	"1"	5	FALSE	0	90	100	0	0	3.42901103761e-14	560	0.322423934937	0	9	0	9
9	"1"	"1"	5	FALSE	0	90	100	0	0	3.42901103761e-14	560	0.355767011642	-4	27	-4	27
9	"1"	"1"	5	FALSE	0	90	100	0	0	3.42901103761e-14	560	0.389153003693	-8	61	-8	61
9	"1"	"1"	5	FALSE	0	90	100	0	0	3.42901103761e-14	560	0.422534942627	-8	113	-8	113
9	"1"	"1"	5	FALSE	0	90	100	0	0	3.42901103761e-14	560	0.455874919891	-4	172	-4	172
9	"1"	"1"	5	FALSE	0	90	100	0	0	3.42901103761e-14	560	0.489177942276	-3	234	-3	234
9	"1"	"1"	5	FALSE	0	90	100	0	0	3.42901103761e-14	560	0.522611141205	-4	286	-4	286
9	"1"	"1"	5	FALSE	0	90	100	0	0	3.42901103761e-14	560	0.555891036987	-5	332	-5	332
9	"1"	"1"	5	FALSE	0	90	100	0	0	3.42901103761e-14	560	0.589259147644	-6	366	-6	366
9	"1"	"1"	5	FALSE	0	90	100	0	0	3.42901103761e-14	560	0.622750997543	-6	396	-6	396
9	"1"	"1"	5	FALSE	0	90	100	0	0	3.42901103761e-14	560	0.656007051468	-5	409	-5	409
9	"1"	"1"	5	FALSE	0	90	100	0	0	3.42901103761e-14	560	0.689397096634	-4	418	-4	418
9	"1"	"1"	5	FALSE	0	90	100	0	0	3.42901103761e-14	560	0.722743988037	-4	434	-4	434
9	"1"	"1"	5	FALSE	0	90	100	0	0	3.42901103761e-14	560	0.756113052368	-5	448	-5	448
9	"1"	"1"	5	FALSE	0	90	100	0	0	3.42901103761e-14	560	0.78937792778	-5	463	-5	463
9	"1"	"1"	5	FALSE	0	90	100	0	0	3.42901103761e-14	560	0.822754144669	-5	483	-5	483
9	"1"	"1"	5	FALSE	0	90	100	0	0	3.42901103761e-14	560	0.856145143509	-4	502	-4	502
9	"1"	"1"	5	FALSE	0	90	100	0	0	3.42901103761e-14	560	0.889585018158	-3	519	-3	519
9	"1"	"1"	5	FALSE	0	90	100	0	0	3.42901103761e-14	560	0.922893047333	-3	534	-3	534
9	"1"	"1"	5	FALSE	0	90	100	0	0	3.42901103761e-14	560	0.956069946289	-3	552	-3	552
9	"1"	"1"	5	FALSE	0	90	100	0	0	3.42901103761e-14	560	0.988989114761	-4	564	-4	564
9	"1"	"1"	5	FALSE	0	90	100	0	0	3.42901103761e-14	560	1.02284598351	-4	576	-4	576
9	"1"	"1"	5	FALSE	0	90	100	0	0	3.42901103761e-14	560	1.05635905266	-4	584	-4	584
9	"1"	"1"	5	FALSE	0	90	100	0	0	3.42901103761e-14	560	1.08900403976	-5	585	-5	585
9	"1"	"1"	5	FALSE	0	90	100	0	0	3.42901103761e-14	560	1.12307214737	-5	585	-5	585
9	"1"	"1"	5	FALSE	0	90	100	0	0	3.42901103761e-14	560	1.15625500679	-5	585	-5	585
9	"1"	"1"	5	FALSE	0	90	100	0	0	3.42901103761e-14	560	1.18934893608	-5	585	-5	585
9	"1"	"1"	5	FALSE	0	90	100	0	0	3.42901103761e-14	560	1.22306108475	-4	584	-4	584
9	"1"	"1"	5	FALSE	0	90	100	0	0	3.42901103761e-14	560	1.25649809837	-4	583	-4	583
9	"1"	"1"	5	FALSE	0	90	100	0	0	3.42901103761e-14	560	1.28978395462	-3	581	-3	581
9	"1"	"1"	5	FALSE	0	90	100	0	0	3.42901103761e-14	560	1.32309699059	-3	578	-3	578
9	"1"	"1"	5	FALSE	0	90	100	0	0	3.42901103761e-14	560	1.35597991943	-2	575	-2	575
9	"1"	"1"	5	FALSE	0	90	100	0	0	3.42901103761e-14	560	1.38986110687	-1	574	-1	574
9	"1"	"1"	6	FALSE	0	135	100	0	0	-395.979797464	395.979797464	0.00191307067871	-1	-1	-1	-1
9	"1"	"1"	6	FALSE	0	135	100	0	0	-395.979797464	395.979797464	0.0221910476685	-1	-1	-1	-1
9	"1"	"1"	6	FALSE	0	135	100	0	0	-395.979797464	395.979797464	0.0557589530945	-1	-1	-1	-1
9	"1"	"1"	6	FALSE	0	135	100	0	0	-395.979797464	395.979797464	0.0891480445862	-1	-1	-1	-1
9	"1"	"1"	6	FALSE	0	135	100	0	0	-395.979797464	395.979797464	0.122392177582	-1	-1	-1	-1
9	"1"	"1"	6	FALSE	0	135	100	0	0	-395.979797464	395.979797464	0.155930995941	-1	-1	-1	-1
9	"1"	"1"	6	FALSE	0	135	100	0	0	-395.979797464	395.979797464	0.188822984695	-1	-1	-1	-1
9	"1"	"1"	6	FALSE	0	135	100	0	0	-395.979797464	395.979797464	0.222594022751	-1	-1	-1	-1
9	"1"	"1"	6	FALSE	0	135	100	0	0	-395.979797464	395.979797464	0.25527715683	-1	-1	-1	-1
9	"1"	"1"	6	FALSE	0	135	100	0	0	-395.979797464	395.979797464	0.289378166199	-4	1	-4	1
9	"1"	"1"	6	FALSE	0	135	100	0	0	-395.979797464	395.979797464	0.32266497612	-16	9	-16	9
9	"1"	"1"	6	FALSE	0	135	100	0	0	-395.979797464	395.979797464	0.356002092361	-45	33	-45	33
9	"1"	"1"	6	FALSE	0	135	100	0	0	-395.979797464	395.979797464	0.389400005341	-74	56	-74	56
9	"1"	"1"	6	FALSE	0	135	100	0	0	-395.979797464	395.979797464	0.422739982605	-119	86	-119	86
9	"1"	"1"	6	FALSE	0	135	100	0	0	-395.979797464	395.979797464	0.456117153168	-150	109	-150	109
9	"1"	"1"	6	FALSE	0	135	100	0	0	-395.979797464	395.979797464	0.489367008209	-183	135	-183	135
9	"1"	"1"	6	FALSE	0	135	100	0	0	-395.979797464	395.979797464	0.522274971008	-215	166	-215	166
9	"1"	"1"	6	FALSE	0	135	100	0	0	-395.979797464	395.979797464	0.556174039841	-241	191	-241	191
9	"1"	"1"	6	FALSE	0	135	100	0	0	-395.979797464	395.979797464	0.589601039886	-266	218	-266	218
9	"1"	"1"	6	FALSE	0	135	100	0	0	-395.979797464	395.979797464	0.622925043106	-285	243	-285	243
9	"1"	"1"	6	FALSE	0	135	100	0	0	-395.979797464	395.979797464	0.656066179276	-307	267	-307	267
9	"1"	"1"	6	FALSE	0	135	100	0	0	-395.979797464	395.979797464	0.68963599205	-325	289	-325	289
9	"1"	"1"	6	FALSE	0	135	100	0	0	-395.979797464	395.979797464	0.722872018814	-341	310	-341	310
9	"1"	"1"	6	FALSE	0	135	100	0	0	-395.979797464	395.979797464	0.756045103073	-353	326	-353	326
9	"1"	"1"	6	FALSE	0	135	100	0	0	-395.979797464	395.979797464	0.789092063904	-362	339	-362	339
9	"1"	"1"	6	FALSE	0	135	100	0	0	-395.979797464	395.979797464	0.823040962219	-371	353	-371	353
9	"1"	"1"	6	FALSE	0	135	100	0	0	-395.979797464	395.979797464	0.856424093246	-379	363	-379	363
9	"1"	"1"	6	FALSE	0	135	100	0	0	-395.979797464	395.979797464	0.889429092407	-384	368	-384	368
9	"1"	"1"	6	FALSE	0	135	100	0	0	-395.979797464	395.979797464	0.92263507843	-386	370	-386	370
9	"1"	"1"	6	FALSE	0	135	100	0	0	-395.979797464	395.979797464	0.955924034119	-386	370	-386	370
9	"1"	"1"	6	FALSE	0	135	100	0	0	-395.979797464	395.979797464	0.989881038666	-386	370	-386	370
9	"1"	"1"	6	FALSE	0	135	100	0	0	-395.979797464	395.979797464	1.02317905426	-386	370	-386	370
9	"1"	"1"	6	FALSE	0	135	100	0	0	-395.979797464	395.979797464	1.05668497086	-386	373	-386	373
9	"1"	"1"	6	FALSE	0	135	100	0	0	-395.979797464	395.979797464	1.08992505074	-389	379	-389	379
9	"1"	"1"	6	FALSE	0	135	100	0	0	-395.979797464	395.979797464	1.12322902679	-391	383	-391	383
9	"1"	"1"	6	FALSE	0	135	100	0	0	-395.979797464	395.979797464	1.15599703789	-393	388	-393	388
9	"1"	"1"	6	FALSE	0	135	100	0	0	-395.979797464	395.979797464	1.18991017342	-394	392	-394	392
9	"1"	"1"	7	FALSE	0	90	100	0	0	3.42901103761e-14	560	0.00196599960327	4	-4	4	-4
9	"1"	"1"	7	FALSE	0	90	100	0	0	3.42901103761e-14	560	0.0226728916168	4	-4	4	-4
9	"1"	"1"	7	FALSE	0	90	100	0	0	3.42901103761e-14	560	0.0559480190277	4	-4	4	-4
9	"1"	"1"	7	FALSE	0	90	100	0	0	3.42901103761e-14	560	0.0888628959656	4	-4	4	-4
9	"1"	"1"	7	FALSE	0	90	100	0	0	3.42901103761e-14	560	0.122717857361	4	-4	4	-4
9	"1"	"1"	7	FALSE	0	90	100	0	0	3.42901103761e-14	560	0.156166791916	4	-4	4	-4
9	"1"	"1"	7	FALSE	0	90	100	0	0	3.42901103761e-14	560	0.189508914948	4	-4	4	-4
9	"1"	"1"	7	FALSE	0	90	100	0	0	3.42901103761e-14	560	0.222922801971	4	-4	4	-4
9	"1"	"1"	7	FALSE	0	90	100	0	0	3.42901103761e-14	560	0.256196022034	4	-4	4	-4
9	"1"	"1"	7	FALSE	0	90	100	0	0	3.42901103761e-14	560	0.289693832397	4	-4	4	-4
9	"1"	"1"	7	FALSE	0	90	100	0	0	3.42901103761e-14	560	0.32310295105	3	-2	3	-2
9	"1"	"1"	7	FALSE	0	90	100	0	0	3.42901103761e-14	560	0.356203794479	2	2	2	2
9	"1"	"1"	7	FALSE	0	90	100	0	0	3.42901103761e-14	560	0.389577865601	0	25	0	25
9	"1"	"1"	7	FALSE	0	90	100	0	0	3.42901103761e-14	560	0.423165798187	-1	65	-1	65
9	"1"	"1"	7	FALSE	0	90	100	0	0	3.42901103761e-14	560	0.456551790237	1	128	1	128
9	"1"	"1"	7	FALSE	0	90	100	0	0	3.42901103761e-14	560	0.489820957184	6	198	6	198
9	"1"	"1"	7	FALSE	0	90	100	0	0	3.42901103761e-14	560	0.523159980774	13	252	13	252
9	"1"	"1"	7	FALSE	0	90	100	0	0	3.42901103761e-14	560	0.556600809097	19	310	19	310
9	"1"	"1"	7	FALSE	0	90	100	0	0	3.42901103761e-14	560	0.589864969254	22	358	22	358
9	"1"	"1"	7	FALSE	0	90	100	0	0	3.42901103761e-14	560	0.623275995255	22	398	22	398
9	"1"	"1"	7	FALSE	0	90	100	0	0	3.42901103761e-14	560	0.656589984894	20	429	20	429
9	"1"	"1"	7	FALSE	0	90	100	0	0	3.42901103761e-14	560	0.690025806427	15	459	15	459
9	"1"	"1"	7	FALSE	0	90	100	0	0	3.42901103761e-14	560	0.723076820374	9	484	9	484
9	"1"	"1"	7	FALSE	0	90	100	0	0	3.42901103761e-14	560	0.756621837616	6	501	6	501
9	"1"	"1"	7	FALSE	0	90	100	0	0	3.42901103761e-14	560	0.790144920349	3	515	3	515
9	"1"	"1"	7	FALSE	0	90	100	0	0	3.42901103761e-14	560	0.823032855988	0	527	0	527
9	"1"	"1"	7	FALSE	0	90	100	0	0	3.42901103761e-14	560	0.856738805771	-2	533	-2	533
9	"1"	"1"	7	FALSE	0	90	100	0	0	3.42901103761e-14	560	0.889474868774	-2	539	-2	539
9	"1"	"1"	7	FALSE	0	90	100	0	0	3.42901103761e-14	560	0.923529863358	-2	543	-2	543
9	"1"	"1"	7	FALSE	0	90	100	0	0	3.42901103761e-14	560	0.956898927689	-2	546	-2	546
9	"1"	"1"	7	FALSE	0	90	100	0	0	3.42901103761e-14	560	0.990085840225	-2	548	-2	548
9	"1"	"1"	7	FALSE	0	90	100	0	0	3.42901103761e-14	560	1.02345895767	-1	551	-1	551
9	"1"	"1"	7	FALSE	0	90	100	0	0	3.42901103761e-14	560	1.05623579025	-1	553	-1	553
9	"1"	"1"	7	FALSE	0	90	100	0	0	3.42901103761e-14	560	1.09032988548	0	556	0	556
9	"1"	"1"	8	FALSE	0	135	100	0	0	-395.979797464	395.979797464	0.00218796730042	-1	4	-1	4
9	"1"	"1"	8	FALSE	0	135	100	0	0	-395.979797464	395.979797464	0.0225758552551	-1	4	-1	4
9	"1"	"1"	8	FALSE	0	135	100	0	0	-395.979797464	395.979797464	0.0564398765564	-1	4	-1	4
9	"1"	"1"	8	FALSE	0	135	100	0	0	-395.979797464	395.979797464	0.0894529819489	-1	4	-1	4
9	"1"	"1"	8	FALSE	0	135	100	0	0	-395.979797464	395.979797464	0.12290096283	-1	4	-1	4
9	"1"	"1"	8	FALSE	0	135	100	0	0	-395.979797464	395.979797464	0.155827999115	-1	4	-1	4
9	"1"	"1"	8	FALSE	0	135	100	0	0	-395.979797464	395.979797464	0.189601898193	-1	4	-1	4
9	"1"	"1"	8	FALSE	0	135	100	0	0	-395.979797464	395.979797464	0.222679853439	-1	4	-1	4
9	"1"	"1"	8	FALSE	0	135	100	0	0	-395.979797464	395.979797464	0.256282806396	0	4	0	4
9	"1"	"1"	8	FALSE	0	135	100	0	0	-395.979797464	395.979797464	0.289695978165	-1	9	-1	9
9	"1"	"1"	8	FALSE	0	135	100	0	0	-395.979797464	395.979797464	0.323023796082	-5	23	-5	23
9	"1"	"1"	8	FALSE	0	135	100	0	0	-395.979797464	395.979797464	0.356281995773	-21	54	-21	54
9	"1"	"1"	8	FALSE	0	135	100	0	0	-395.979797464	395.979797464	0.38981795311	-46	89	-46	89
9	"1"	"1"	8	FALSE	0	135	100	0	0	-395.979797464	395.979797464	0.423040866852	-74	121	-74	121
9	"1"	"1"	8	FALSE	0	135	100	0	0	-395.979797464	395.979797464	0.456030845642	-109	156	-109	156
9	"1"	"1"	8	FALSE	0	135	100	0	0	-395.979797464	395.979797464	0.489808797836	-143	186	-143	186
9	"1"	"1"	8	FALSE	0	135	100	0	0	-395.979797464	395.979797464	0.523165941238	-186	220	-186	220
9	"1"	"1"	8	FALSE	0	135	100	0	0	-395.979797464	395.979797464	0.556175947189	-228	252	-228	252
9	"1"	"1"	8	FALSE	0	135	100	0	0	-395.979797464	395.979797464	0.590013027191	-262	279	-262	279
9	"1"	"1"	8	FALSE	0	135	100	0	0	-395.979797464	395.979797464	0.623272895813	-301	311	-301	311
9	"1"	"1"	8	FALSE	0	135	100	0	0	-395.979797464	395.979797464	0.656513929367	-325	333	-325	333
9	"1"	"1"	8	FALSE	0	135	100	0	0	-395.979797464	395.979797464	0.68968296051	-346	354	-346	354
9	"1"	"1"	8	FALSE	0	135	100	0	0	-395.979797464	395.979797464	0.72314286232	-356	367	-356	367
9	"1"	"1"	8	FALSE	0	135	100	0	0	-395.979797464	395.979797464	0.756223917007	-363	378	-363	378
9	"1"	"1"	8	FALSE	0	135	100	0	0	-395.979797464	395.979797464	0.789971828461	-367	384	-367	384
9	"1"	"1"	8	FALSE	0	135	100	0	0	-395.979797464	395.979797464	0.823531866074	-367	386	-367	386
9	"1"	"1"	8	FALSE	0	135	100	0	0	-395.979797464	395.979797464	0.856777906418	-367	386	-367	386
9	"1"	"1"	8	FALSE	0	135	100	0	0	-395.979797464	395.979797464	0.889758825302	-367	386	-367	386
9	"1"	"1"	8	FALSE	0	135	100	0	0	-395.979797464	395.979797464	0.923521995544	-367	386	-367	386
9	"1"	"1"	8	FALSE	0	135	100	0	0	-395.979797464	395.979797464	0.956739902496	-368	388	-368	388
9	"1"	"1"	8	FALSE	0	135	100	0	0	-395.979797464	395.979797464	0.989789962769	-371	389	-371	389
9	"1"	"1"	8	FALSE	0	135	100	0	0	-395.979797464	395.979797464	1.0235209465	-377	389	-377	389
9	"1"	"1"	8	FALSE	0	135	100	0	0	-395.979797464	395.979797464	1.0569319725	-382	389	-382	389
9	"1"	"1"	8	FALSE	0	135	100	0	0	-395.979797464	395.979797464	1.09030485153	-385	389	-385	389
9	"1"	"1"	8	FALSE	0	135	100	0	0	-395.979797464	395.979797464	1.12355089188	-387	390	-387	390
9	"1"	"1"	8	FALSE	0	135	100	0	0	-395.979797464	395.979797464	1.15706896782	-389	392	-389	392
9	"1"	"1"	8	FALSE	0	135	100	0	0	-395.979797464	395.979797464	1.19042897224	-391	392	-391	392
9	"1"	"1"	8	FALSE	0	135	100	0	0	-395.979797464	395.979797464	1.2237598896	-392	393	-392	393
9	"1"	"1"	9	FALSE	0	45	100	0	0	395.979797464	395.979797464	0.00178599357605	6	-1	6	-1
9	"1"	"1"	9	FALSE	0	45	100	0	0	395.979797464	395.979797464	0.0226249694824	6	-1	6	-1
9	"1"	"1"	9	FALSE	0	45	100	0	0	395.979797464	395.979797464	0.0560140609741	6	-1	6	-1
9	"1"	"1"	9	FALSE	0	45	100	0	0	395.979797464	395.979797464	0.0887989997864	6	-1	6	-1
9	"1"	"1"	9	FALSE	0	45	100	0	0	395.979797464	395.979797464	0.122616052628	6	-1	6	-1
9	"1"	"1"	9	FALSE	0	45	100	0	0	395.979797464	395.979797464	0.15612411499	5	-1	5	-1
9	"1"	"1"	9	FALSE	0	45	100	0	0	395.979797464	395.979797464	0.189357995987	5	-1	5	-1
9	"1"	"1"	9	FALSE	0	45	100	0	0	395.979797464	395.979797464	0.222775936127	4	0	4	0
9	"1"	"1"	9	FALSE	0	45	100	0	0	395.979797464	395.979797464	0.255522966385	4	0	4	0
9	"1"	"1"	9	FALSE	0	45	100	0	0	395.979797464	395.979797464	0.289535045624	3	0	3	0
9	"1"	"1"	9	FALSE	0	45	100	0	0	395.979797464	395.979797464	0.322952985764	3	0	3	0
9	"1"	"1"	9	FALSE	0	45	100	0	0	395.979797464	395.979797464	0.356286048889	3	0	3	0
9	"1"	"1"	9	FALSE	0	45	100	0	0	395.979797464	395.979797464	0.389117956161	6	2	6	2
9	"1"	"1"	9	FALSE	0	45	100	0	0	395.979797464	395.979797464	0.422383069992	13	11	13	11
9	"1"	"1"	9	FALSE	0	45	100	0	0	395.979797464	395.979797464	0.455815076828	42	41	42	41
9	"1"	"1"	9	FALSE	0	45	100	0	0	395.979797464	395.979797464	0.489627122879	78	79	78	79
9	"1"	"1"	9	FALSE	0	45	100	0	0	395.979797464	395.979797464	0.522890090942	119	127	119	127
9	"1"	"1"	9	FALSE	0	45	100	0	0	395.979797464	395.979797464	0.555822134018	157	168	157	168
9	"1"	"1"	9	FALSE	0	45	100	0	0	395.979797464	395.979797464	0.589823007584	197	208	197	208
9	"1"	"1"	9	FALSE	0	45	100	0	0	395.979797464	395.979797464	0.623065948486	233	246	233	246
9	"1"	"1"	9	FALSE	0	45	100	0	0	395.979797464	395.979797464	0.656556129456	262	275	262	275
9	"1"	"1"	9	FALSE	0	45	100	0	0	395.979797464	395.979797464	0.689897060394	288	300	288	300
9	"1"	"1"	9	FALSE	0	45	100	0	0	395.979797464	395.979797464	0.723122119904	307	323	307	323
9	"1"	"1"	9	FALSE	0	45	100	0	0	395.979797464	395.979797464	0.756079912186	319	338	319	338
9	"1"	"1"	9	FALSE	0	45	100	0	0	395.979797464	395.979797464	0.789989948273	327	347	327	347
9	"1"	"1"	9	FALSE	0	45	100	0	0	395.979797464	395.979797464	0.8233730793	335	358	335	358
9	"1"	"1"	9	FALSE	0	45	100	0	0	395.979797464	395.979797464	0.856588125229	345	367	345	367
9	"1"	"1"	9	FALSE	0	45	100	0	0	395.979797464	395.979797464	0.889856100082	353	372	353	372
9	"1"	"1"	9	FALSE	0	45	100	0	0	395.979797464	395.979797464	0.923408031464	364	382	364	382
9	"1"	"1"	9	FALSE	0	45	100	0	0	395.979797464	395.979797464	0.956754922867	372	390	372	390
9	"1"	"1"	9	FALSE	0	45	100	0	0	395.979797464	395.979797464	0.99015712738	378	392	378	392
9	"1"	"1"	9	FALSE	0	45	100	0	0	395.979797464	395.979797464	1.02351307869	384	394	384	394
9	"1"	"1"	9	FALSE	0	45	100	0	0	395.979797464	395.979797464	1.05688405037	385	395	385	395
9	"1"	"1"	10	FALSE	0	135	100	0	0	-395.979797464	395.979797464	0.00176501274109	-7	-6	-7	-6
9	"1"	"1"	10	FALSE	0	135	100	0	0	-395.979797464	395.979797464	0.0226509571075	-7	-6	-7	-6
9	"1"	"1"	10	FALSE	0	135	100	0	0	-395.979797464	395.979797464	0.0560801029205	-7	-6	-7	-6
9	"1"	"1"	10	FALSE	0	135	100	0	0	-395.979797464	395.979797464	0.0894429683685	-7	-6	-7	-6
9	"1"	"1"	10	FALSE	0	135	100	0	0	-395.979797464	395.979797464	0.122919082642	-7	-6	-7	-6
9	"1"	"1"	10	FALSE	0	135	100	0	0	-395.979797464	395.979797464	0.156217098236	-7	-5	-7	-5
9	"1"	"1"	10	FALSE	0	135	100	0	0	-395.979797464	395.979797464	0.188905000687	-7	-5	-7	-5
9	"1"	"1"	10	FALSE	0	135	100	0	0	-395.979797464	395.979797464	0.22292804718	-7	-4	-7	-4
9	"1"	"1"	10	FALSE	0	135	100	0	0	-395.979797464	395.979797464	0.256318092346	-6	-1	-6	-1
9	"1"	"1"	10	FALSE	0	135	100	0	0	-395.979797464	395.979797464	0.289235115051	-8	9	-8	9
9	"1"	"1"	10	FALSE	0	135	100	0	0	-395.979797464	395.979797464	0.322984933853	-19	29	-19	29
9	"1"	"1"	10	FALSE	0	135	100	0	0	-395.979797464	395.979797464	0.356225013733	-38	57	-38	57
9	"1"	"1"	10	FALSE	0	135	100	0	0	-395.979797464	395.979797464	0.389346122742	-66	84	-66	84
9	"1"	"1"	10	FALSE	0	135	100	0	0	-395.979797464	395.979797464	0.423046112061	-98	109	-98	109
9	"1"	"1"	10	FALSE	0	135	100	0	0	-395.979797464	395.979797464	0.456301927567	-132	137	-132	137
9	"1"	"1"	10	FALSE	0	135	100	0	0	-395.979797464	395.979797464	0.489692926407	-160	163	-160	163
9	"1"	"1"	10	FALSE	0	135	100	0	0	-395.979797464	395.979797464	0.522996902466	-192	194	-192	194
9	"1"	"1"	10	FALSE	0	135	100	0	0	-395.979797464	395.979797464	0.556152105331	-223	226	-223	226
9	"1"	"1"	10	FALSE	0	135	100	0	0	-395.979797464	395.979797464	0.589627027512	-247	250	-247	250
9	"1"	"1"	10	FALSE	0	135	100	0	0	-395.979797464	395.979797464	0.62260389328	-275	279	-275	279
9	"1"	"1"	10	FALSE	0	135	100	0	0	-395.979797464	395.979797464	0.656598091125	-302	305	-302	305
9	"1"	"1"	10	FALSE	0	135	100	0	0	-395.979797464	395.979797464	0.690001964569	-323	326	-323	326
9	"1"	"1"	10	FALSE	0	135	100	0	0	-395.979797464	395.979797464	0.723164081573	-345	342	-345	342
9	"1"	"1"	10	FALSE	0	135	100	0	0	-395.979797464	395.979797464	0.756608963013	-359	359	-359	359
9	"1"	"1"	10	FALSE	0	135	100	0	0	-395.979797464	395.979797464	0.789555072784	-370	371	-370	371
9	"1"	"1"	10	FALSE	0	135	100	0	0	-395.979797464	395.979797464	0.823313951492	-378	378	-378	378
9	"1"	"1"	10	FALSE	0	135	100	0	0	-395.979797464	395.979797464	0.856767892838	-385	384	-385	384
9	"1"	"1"	10	FALSE	0	135	100	0	0	-395.979797464	395.979797464	0.889956951141	-389	388	-389	388
9	"1"	"1"	10	FALSE	0	135	100	0	0	-395.979797464	395.979797464	0.922776937485	-390	389	-390	389
9	"1"	"1"	11	FALSE	0	90	100	0	0	3.42901103761e-14	560	0.00171899795532	3	6	3	6
9	"1"	"1"	11	FALSE	0	90	100	0	0	3.42901103761e-14	560	0.0220448970795	3	6	3	6
9	"1"	"1"	11	FALSE	0	90	100	0	0	3.42901103761e-14	560	0.0556697845459	3	6	3	6
9	"1"	"1"	11	FALSE	0	90	100	0	0	3.42901103761e-14	560	0.0888187885284	3	6	3	6
9	"1"	"1"	11	FALSE	0	90	100	0	0	3.42901103761e-14	560	0.122164964676	3	6	3	6
9	"1"	"1"	11	FALSE	0	90	100	0	0	3.42901103761e-14	560	0.155613899231	3	6	3	6
9	"1"	"1"	11	FALSE	0	90	100	0	0	3.42901103761e-14	560	0.189025878906	3	6	3	6
9	"1"	"1"	11	FALSE	0	90	100	0	0	3.42901103761e-14	560	0.222485780716	2	9	2	9
9	"1"	"1"	11	FALSE	0	90	100	0	0	3.42901103761e-14	560	0.255204916	1	11	1	11
9	"1"	"1"	11	FALSE	0	90	100	0	0	3.42901103761e-14	560	0.289187908173	-1	19	-1	19
9	"1"	"1"	11	FALSE	0	90	100	0	0	3.42901103761e-14	560	0.322548866272	-1	50	-1	50
9	"1"	"1"	11	FALSE	0	90	100	0	0	3.42901103761e-14	560	0.355419874191	1	90	1	90
9	"1"	"1"	11	FALSE	0	90	100	0	0	3.42901103761e-14	560	0.389313936234	5	142	5	142
9	"1"	"1"	11	FALSE	0	90	100	0	0	3.42901103761e-14	560	0.422587871552	9	194	9	194
9	"1"	"1"	11	FALSE	0	90	100	0	0	3.42901103761e-14	560	0.455982923508	11	250	11	250
9	"1"	"1"	11	FALSE	0	90	100	0	0	3.42901103761e-14	560	0.489026784897	12	298	12	298
9	"1"	"1"	11	FALSE	0	90	100	0	0	3.42901103761e-14	560	0.522729873657	13	355	13	355
9	"1"	"1"	11	FALSE	0	90	100	0	0	3.42901103761e-14	560	0.555777788162	12	399	12	399
9	"1"	"1"	11	FALSE	0	90	100	0	0	3.42901103761e-14	560	0.589456796646	11	430	11	430
9	"1"	"1"	11	FALSE	0	90	100	0	0	3.42901103761e-14	560	0.622874975204	11	465	11	465
9	"1"	"1"	11	FALSE	0	90	100	0	0	3.42901103761e-14	560	0.65603685379	9	492	9	492
9	"1"	"1"	11	FALSE	0	90	100	0	0	3.42901103761e-14	560	0.689126968384	6	513	6	513
9	"1"	"1"	11	FALSE	0	90	100	0	0	3.42901103761e-14	560	0.722814798355	4	525	4	525
9	"1"	"1"	11	FALSE	0	90	100	0	0	3.42901103761e-14	560	0.756192922592	3	539	3	539
9	"1"	"1"	11	FALSE	0	90	100	0	0	3.42901103761e-14	560	0.789588928223	1	546	1	546
9	"1"	"1"	11	FALSE	0	90	100	0	0	3.42901103761e-14	560	0.822856903076	0	550	0	550
9	"1"	"1"	11	FALSE	0	90	100	0	0	3.42901103761e-14	560	0.856085777283	0	553	0	553
9	"1"	"1"	12	FALSE	0	45	100	0	0	395.979797464	395.979797464	0.00200510025024	9	-2	9	-2
9	"1"	"1"	12	FALSE	0	45	100	0	0	395.979797464	395.979797464	0.022332906723	9	-3	9	-3
9	"1"	"1"	12	FALSE	0	45	100	0	0	395.979797464	395.979797464	0.0558121204376	10	-3	10	-3
9	"1"	"1"	12	FALSE	0	45	100	0	0	395.979797464	395.979797464	0.0885751247406	10	-4	10	-4
9	"1"	"1"	12	FALSE	0	45	100	0	0	395.979797464	395.979797464	0.122601985931	10	-4	10	-4
9	"1"	"1"	12	FALSE	0	45	100	0	0	395.979797464	395.979797464	0.155985116959	10	-4	10	-4
9	"1"	"1"	12	FALSE	0	45	100	0	0	395.979797464	395.979797464	0.189187049866	10	-3	10	-3
9	"1"	"1"	12	FALSE	0	45	100	0	0	395.979797464	395.979797464	0.222609043121	9	-2	9	-2
9	"1"	"1"	12	FALSE	0	45	100	0	0	395.979797464	395.979797464	0.255916118622	8	-1	8	-1
9	"1"	"1"	12	FALSE	0	45	100	0	0	395.979797464	395.979797464	0.289396047592	7	1	7	1
9	"1"	"1"	12	FALSE	0	45	100	0	0	395.979797464	395.979797464	0.322732925415	11	8	11	8
9	"1"	"1"	12	FALSE	0	45	100	0	0	395.979797464	395.979797464	0.356046915054	30	31	30	31
9	"1"	"1"	12	FALSE	0	45	100	0	0	395.979797464	395.979797464	0.389208078384	59	63	59	63
9	"1"	"1"	12	FALSE	0	45	100	0	0	395.979797464	395.979797464	0.422564983368	101	107	101	107
9	"1"	"1"	12	FALSE	0	45	100	0	0	395.979797464	395.979797464	0.455655097961	149	154	149	154
9	"1"	"1"	12	FALSE	0	45	100	0	0	395.979797464	395.979797464	0.489283084869	188	196	188	196
9	"1"	"1"	12	FALSE	0	45	100	0	0	395.979797464	395.979797464	0.522181034088	228	228	228	228
9	"1"	"1"	12	FALSE	0	45	100	0	0	395.979797464	395.979797464	0.555593967438	262	262	262	262
9	"1"	"1"	12	FALSE	0	45	100	0	0	395.979797464	395.979797464	0.589664936066	287	289	287	289
9	"1"	"1"	12	FALSE	0	45	100	0	0	395.979797464	395.979797464	0.622965097427	305	307	305	307
9	"1"	"1"	12	FALSE	0	45	100	0	0	395.979797464	395.979797464	0.655848026276	318	321	318	321
9	"1"	"1"	12	FALSE	0	45	100	0	0	395.979797464	395.979797464	0.689673900604	331	335	331	335
9	"1"	"1"	12	FALSE	0	45	100	0	0	395.979797464	395.979797464	0.722995996475	340	347	340	347
9	"1"	"1"	12	FALSE	0	45	100	0	0	395.979797464	395.979797464	0.756412029266	352	360	352	360
9	"1"	"1"	12	FALSE	0	45	100	0	0	395.979797464	395.979797464	0.789752006531	365	371	365	371
9	"1"	"1"	12	FALSE	0	45	100	0	0	395.979797464	395.979797464	0.822526931763	379	384	379	384
9	"1"	"1"	12	FALSE	0	45	100	0	0	395.979797464	395.979797464	0.856522083282	388	390	388	390
9	"1"	"1"	12	FALSE	0	45	100	0	0	395.979797464	395.979797464	0.889930009842	392	392	392	392
9	"1"	"1"	12	FALSE	0	45	100	0	0	395.979797464	395.979797464	0.923106908798	393	394	393	394
9	"1"	"1"	13	FALSE	0	90	100	0	0	3.42901103761e-14	560	0.00196194648743	-10	-5	-10	-5
9	"1"	"1"	13	FALSE	0	90	100	0	0	3.42901103761e-14	560	0.02237200737	-10	-5	-10	-5
9	"1"	"1"	13	FALSE	0	90	100	0	0	3.42901103761e-14	560	0.0557858943939	-10	-5	-10	-5
9	"1"	"1"	13	FALSE	0	90	100	0	0	3.42901103761e-14	560	0.0887379646301	-10	-5	-10	-5
9	"1"	"1"	13	FALSE	0	90	100	0	0	3.42901103761e-14	560	0.12259888649	-10	-5	-10	-5
9	"1"	"1"	13	FALSE	0	90	100	0	0	3.42901103761e-14	560	0.156059980392	-10	-4	-10	-4
9	"1"	"1"	13	FALSE	0	90	100	0	0	3.42901103761e-14	560	0.189491033554	-9	-3	-9	-3
9	"1"	"1"	13	FALSE	0	90	100	0	0	3.42901103761e-14	560	0.222593069077	-7	-2	-7	-2
9	"1"	"1"	13	FALSE	0	90	100	0	0	3.42901103761e-14	560	0.256227970123	-5	1	-5	1
9	"1"	"1"	13	FALSE	0	90	100	0	0	3.42901103761e-14	560	0.289527893066	-4	2	-4	2
9	"1"	"1"	13	FALSE	0	90	100	0	0	3.42901103761e-14	560	0.322449922562	-4	6	-4	6
9	"1"	"1"	13	FALSE	0	90	100	0	0	3.42901103761e-14	560	0.356227874756	-5	20	-5	20
9	"1"	"1"	13	FALSE	0	90	100	0	0	3.42901103761e-14	560	0.389616012573	-7	52	-7	52
9	"1"	"1"	13	FALSE	0	90	100	0	0	3.42901103761e-14	560	0.422394037247	-7	87	-7	87
9	"1"	"1"	13	FALSE	0	90	100	0	0	3.42901103761e-14	560	0.456292867661	-8	132	-8	132
9	"1"	"1"	13	FALSE	0	90	100	0	0	3.42901103761e-14	560	0.489701032639	-14	176	-14	176
9	"1"	"1"	13	FALSE	0	90	100	0	0	3.42901103761e-14	560	0.523120880127	-21	219	-21	219
9	"1"	"1"	13	FALSE	0	90	100	0	0	3.42901103761e-14	560	0.556434869766	-25	256	-25	256
9	"1"	"1"	13	FALSE	0	90	100	0	0	3.42901103761e-14	560	0.589376926422	-26	298	-26	298
9	"1"	"1"	13	FALSE	0	90	100	0	0	3.42901103761e-14	560	0.623208999634	-26	338	-26	338
9	"1"	"1"	13	FALSE	0	90	100	0	0	3.42901103761e-14	560	0.656537055969	-25	369	-25	369
9	"1"	"1"	13	FALSE	0	90	100	0	0	3.42901103761e-14	560	0.689570903778	-25	400	-25	400
9	"1"	"1"	13	FALSE	0	90	100	0	0	3.42901103761e-14	560	0.723140954971	-23	428	-23	428
9	"1"	"1"	13	FALSE	0	90	100	0	0	3.42901103761e-14	560	0.756520986557	-23	451	-23	451
9	"1"	"1"	13	FALSE	0	90	100	0	0	3.42901103761e-14	560	0.789226055145	-22	467	-22	467
9	"1"	"1"	13	FALSE	0	90	100	0	0	3.42901103761e-14	560	0.823292016983	-22	483	-22	483
9	"1"	"1"	13	FALSE	0	90	100	0	0	3.42901103761e-14	560	0.856673955917	-22	499	-22	499
9	"1"	"1"	13	FALSE	0	90	100	0	0	3.42901103761e-14	560	0.890034914017	-21	510	-21	510
9	"1"	"1"	13	FALSE	0	90	100	0	0	3.42901103761e-14	560	0.923456907272	-21	520	-21	520
9	"1"	"1"	13	FALSE	0	90	100	0	0	3.42901103761e-14	560	0.956598043442	-21	529	-21	529
9	"1"	"1"	13	FALSE	0	90	100	0	0	3.42901103761e-14	560	0.990122079849	-20	536	-20	536
9	"1"	"1"	13	FALSE	0	90	100	0	0	3.42901103761e-14	560	1.02347493172	-17	545	-17	545
9	"1"	"1"	13	FALSE	0	90	100	0	0	3.42901103761e-14	560	1.05681395531	-16	552	-16	552
9	"1"	"1"	13	FALSE	0	90	100	0	0	3.42901103761e-14	560	1.09024000168	-15	557	-15	557
9	"1"	"1"	13	FALSE	0	90	100	0	0	3.42901103761e-14	560	1.12353587151	-15	558	-15	558
9	"1"	"1"	13	FALSE	0	90	100	0	0	3.42901103761e-14	560	1.15695095062	-15	560	-15	560
9	"1"	"1"	13	FALSE	0	90	100	0	0	3.42901103761e-14	560	1.19021105766	-14	561	-14	561
9	"1"	"1"	13	FALSE	0	90	100	0	0	3.42901103761e-14	560	1.2236790657	-14	561	-14	561
9	"1"	"1"	13	FALSE	0	90	100	0	0	3.42901103761e-14	560	1.25700998306	-12	562	-12	562
9	"1"	"1"	13	FALSE	0	90	100	0	0	3.42901103761e-14	560	1.29023694992	-10	564	-10	564
9	"1"	"1"	14	FALSE	0	135	100	0	0	-395.979797464	395.979797464	0.00218796730042	1	1	1	1
9	"1"	"1"	14	FALSE	0	135	100	0	0	-395.979797464	395.979797464	0.0221281051636	1	1	1	1
9	"1"	"1"	14	FALSE	0	135	100	0	0	-395.979797464	395.979797464	0.0557329654694	1	1	1	1
9	"1"	"1"	14	FALSE	0	135	100	0	0	-395.979797464	395.979797464	0.0889949798584	1	2	1	2
9	"1"	"1"	14	FALSE	0	135	100	0	0	-395.979797464	395.979797464	0.122482061386	1	3	1	3
9	"1"	"1"	14	FALSE	0	135	100	0	0	-395.979797464	395.979797464	0.155759096146	-3	7	-3	7
9	"1"	"1"	14	FALSE	0	135	100	0	0	-395.979797464	395.979797464	0.189265966415	-12	15	-12	15
9	"1"	"1"	14	FALSE	0	135	100	0	0	-395.979797464	395.979797464	0.222378969193	-25	24	-25	24
9	"1"	"1"	14	FALSE	0	135	100	0	0	-395.979797464	395.979797464	0.255942106247	-49	45	-49	45
9	"1"	"1"	14	FALSE	0	135	100	0	0	-395.979797464	395.979797464	0.289273023605	-84	72	-84	72
9	"1"	"1"	14	FALSE	0	135	100	0	0	-395.979797464	395.979797464	0.322646141052	-116	100	-116	100
9	"1"	"1"	14	FALSE	0	135	100	0	0	-395.979797464	395.979797464	0.356027126312	-156	131	-156	131
9	"1"	"1"	14	FALSE	0	135	100	0	0	-395.979797464	395.979797464	0.389289140701	-195	165	-195	165
9	"1"	"1"	14	FALSE	0	135	100	0	0	-395.979797464	395.979797464	0.422616958618	-225	194	-225	194
9	"1"	"1"	14	FALSE	0	135	100	0	0	-395.979797464	395.979797464	0.456017017365	-256	223	-256	223
9	"1"	"1"	14	FALSE	0	135	100	0	0	-395.979797464	395.979797464	0.489446163177	-280	246	-280	246
9	"1"	"1"	14	FALSE	0	135	100	0	0	-395.979797464	395.979797464	0.522845029831	-306	278	-306	278
9	"1"	"1"	14	FALSE	0	135	100	0	0	-395.979797464	395.979797464	0.555932044983	-326	300	-326	300
9	"1"	"1"	14	FALSE	0	135	100	0	0	-395.979797464	395.979797464	0.589473009109	-345	323	-345	323
9	"1"	"1"	14	FALSE	0	135	100	0	0	-395.979797464	395.979797464	0.622843980789	-359	347	-359	347
9	"1"	"1"	14	FALSE	0	135	100	0	0	-395.979797464	395.979797464	0.656217098236	-368	362	-368	362
9	"1"	"1"	14	FALSE	0	135	100	0	0	-395.979797464	395.979797464	0.6895840168	-378	377	-378	377
9	"1"	"1"	14	FALSE	0	135	100	0	0	-395.979797464	395.979797464	0.722861051559	-389	389	-389	389
9	"1"	"1"	14	FALSE	0	135	100	0	0	-395.979797464	395.979797464	0.756311178207	-397	396	-397	396
9	"1"	"1"	14	FALSE	0	135	100	0	0	-395.979797464	395.979797464	0.789623022079	-402	399	-402	399
9	"1"	"1"	14	FALSE	0	135	100	0	0	-395.979797464	395.979797464	0.822812080383	-403	400	-403	400
9	"1"	"1"	15	FALSE	0	45	100	0	0	395.979797464	395.979797464	0.00204801559448	0	-11	0	-11
9	"1"	"1"	15	FALSE	0	45	100	0	0	395.979797464	395.979797464	0.0226800441742	0	-11	0	-11
9	"1"	"1"	15	FALSE	0	45	100	0	0	395.979797464	395.979797464	0.0562529563904	0	-10	0	-10
9	"1"	"1"	15	FALSE	0	45	100	0	0	395.979797464	395.979797464	0.0896091461182	-1	-8	-1	-8
9	"1"	"1"	15	FALSE	0	45	100	0	0	395.979797464	395.979797464	0.122934103012	-2	-2	-2	-2
9	"1"	"1"	15	FALSE	0	45	100	0	0	395.979797464	395.979797464	0.155774116516	-3	13	-3	13
9	"1"	"1"	15	FALSE	0	45	100	0	0	395.979797464	395.979797464	0.189721107483	-1	38	-1	38
9	"1"	"1"	15	FALSE	0	45	100	0	0	395.979797464	395.979797464	0.222892999649	6	64	6	64
9	"1"	"1"	15	FALSE	0	45	100	0	0	395.979797464	395.979797464	0.256303071976	12	91	12	91
9	"1"	"1"	15	FALSE	0	45	100	0	0	395.979797464	395.979797464	0.289741039276	14	113	14	113
9	"1"	"1"	15	FALSE	0	45	100	0	0	395.979797464	395.979797464	0.323231935501	16	140	16	140
9	"1"	"1"	15	FALSE	0	45	100	0	0	395.979797464	395.979797464	0.356557130814	16	159	16	159
9	"1"	"1"	15	FALSE	0	45	100	0	0	395.979797464	395.979797464	0.389961957932	15	183	15	183
9	"1"	"1"	15	FALSE	0	45	100	0	0	395.979797464	395.979797464	0.422917127609	17	206	17	206
9	"1"	"1"	15	FALSE	0	45	100	0	0	395.979797464	395.979797464	0.456588029861	27	237	27	237
9	"1"	"1"	15	FALSE	0	45	100	0	0	395.979797464	395.979797464	0.489967107773	47	269	47	269
9	"1"	"1"	15	FALSE	0	45	100	0	0	395.979797464	395.979797464	0.52263212204	72	292	72	292
9	"1"	"1"	15	FALSE	0	45	100	0	0	395.979797464	395.979797464	0.556720018387	105	307	105	307
9	"1"	"1"	15	FALSE	0	45	100	0	0	395.979797464	395.979797464	0.590029001236	140	314	140	314
9	"1"	"1"	15	FALSE	0	45	100	0	0	395.979797464	395.979797464	0.622779130936	167	317	167	317
9	"1"	"1"	15	FALSE	0	45	100	0	0	395.979797464	395.979797464	0.656599998474	196	323	196	323
9	"1"	"1"	15	FALSE	0	45	100	0	0	395.979797464	395.979797464	0.690061092377	218	331	218	331
9	"1"	"1"	15	FALSE	0	45	100	0	0	395.979797464	395.979797464	0.722831964493	239	341	239	341
9	"1"	"1"	15	FALSE	0	45	100	0	0	395.979797464	395.979797464	0.756855964661	251	349	251	349
9	"1"	"1"	15	FALSE	0	45	100	0	0	395.979797464	395.979797464	0.79015994072	269	360	269	360
9	"1"	"1"	15	FALSE	0	45	100	0	0	395.979797464	395.979797464	0.823361158371	284	370	284	370
9	"1"	"1"	15	FALSE	0	45	100	0	0	395.979797464	395.979797464	0.856233119965	296	377	296	377
9	"1"	"1"	15	FALSE	0	45	100	0	0	395.979797464	395.979797464	0.890251159668	307	385	307	385
9	"1"	"1"	15	FALSE	0	45	100	0	0	395.979797464	395.979797464	0.923624038696	317	388	317	388
9	"1"	"1"	15	FALSE	0	45	100	0	0	395.979797464	395.979797464	0.956670999527	331	393	331	393
9	"1"	"1"	15	FALSE	0	45	100	0	0	395.979797464	395.979797464	0.990380048752	348	397	348	397
9	"1"	"1"	15	FALSE	0	45	100	0	0	395.979797464	395.979797464	1.02361512184	363	400	363	400
9	"1"	"1"	15	FALSE	0	45	100	0	0	395.979797464	395.979797464	1.05701494217	378	403	378	403
9	"1"	"1"	15	FALSE	0	45	100	0	0	395.979797464	395.979797464	1.09042716026	388	406	388	406
9	"1"	"1"	15	FALSE	0	45	100	0	0	395.979797464	395.979797464	1.12376594543	393	406	393	406
9	"1"	"1"	15	FALSE	0	45	100	0	0	395.979797464	395.979797464	1.15656399727	395	406	395	406
9	"1"	"1"	16	FALSE	0	135	100	0	0	-395.979797464	395.979797464	0.00210189819336	-10	6	-10	6
9	"1"	"1"	16	FALSE	0	135	100	0	0	-395.979797464	395.979797464	0.0225069522858	-10	6	-10	6
9	"1"	"1"	16	FALSE	0	135	100	0	0	-395.979797464	395.979797464	0.0560810565948	-11	5	-11	5
9	"1"	"1"	16	FALSE	0	135	100	0	0	-395.979797464	395.979797464	0.0890820026398	-11	4	-11	4
9	"1"	"1"	16	FALSE	0	135	100	0	0	-395.979797464	395.979797464	0.122784852982	-11	4	-11	4
9	"1"	"1"	16	FALSE	0	135	100	0	0	-395.979797464	395.979797464	0.155987977982	-10	4	-10	4
9	"1"	"1"	16	FALSE	0	135	100	0	0	-395.979797464	395.979797464	0.188977956772	-9	3	-9	3
9	"1"	"1"	16	FALSE	0	135	100	0	0	-395.979797464	395.979797464	0.222789049149	-7	3	-7	3
9	"1"	"1"	16	FALSE	0	135	100	0	0	-395.979797464	395.979797464	0.256026029587	-6	3	-6	3
9	"1"	"1"	16	FALSE	0	135	100	0	0	-395.979797464	395.979797464	0.288964986801	-6	5	-6	5
9	"1"	"1"	16	FALSE	0	135	100	0	0	-395.979797464	395.979797464	0.322999954224	-8	11	-8	11
9	"1"	"1"	16	FALSE	0	135	100	0	0	-395.979797464	395.979797464	0.356315851212	-14	27	-14	27
9	"1"	"1"	16	FALSE	0	135	100	0	0	-395.979797464	395.979797464	0.389095067978	-28	54	-28	54
9	"1"	"1"	16	FALSE	0	135	100	0	0	-395.979797464	395.979797464	0.423011064529	-47	84	-47	84
9	"1"	"1"	16	FALSE	0	135	100	0	0	-395.979797464	395.979797464	0.456428050995	-73	116	-73	116
9	"1"	"1"	16	FALSE	0	135	100	0	0	-395.979797464	395.979797464	0.489784955978	-101	147	-101	147
9	"1"	"1"	16	FALSE	0	135	100	0	0	-395.979797464	395.979797464	0.523076057434	-137	181	-137	181
9	"1"	"1"	16	FALSE	0	135	100	0	0	-395.979797464	395.979797464	0.556520938873	-175	214	-175	214
9	"1"	"1"	16	FALSE	0	135	100	0	0	-395.979797464	395.979797464	0.589959859848	-205	249	-205	249
9	"1"	"1"	16	FALSE	0	135	100	0	0	-395.979797464	395.979797464	0.623184919357	-238	274	-238	274
9	"1"	"1"	16	FALSE	0	135	100	0	0	-395.979797464	395.979797464	0.656458854675	-265	298	-265	298
9	"1"	"1"	16	FALSE	0	135	100	0	0	-395.979797464	395.979797464	0.689965963364	-296	325	-296	325
9	"1"	"1"	16	FALSE	0	135	100	0	0	-395.979797464	395.979797464	0.723283052444	-315	342	-315	342
9	"1"	"1"	16	FALSE	0	135	100	0	0	-395.979797464	395.979797464	0.755957841873	-330	355	-330	355
9	"1"	"1"	16	FALSE	0	135	100	0	0	-395.979797464	395.979797464	0.790047883987	-344	367	-344	367
9	"1"	"1"	16	FALSE	0	135	100	0	0	-395.979797464	395.979797464	0.823217868805	-352	375	-352	375
9	"1"	"1"	16	FALSE	0	135	100	0	0	-395.979797464	395.979797464	0.856732845306	-360	381	-360	381
9	"1"	"1"	16	FALSE	0	135	100	0	0	-395.979797464	395.979797464	0.890033006668	-366	385	-366	385
9	"1"	"1"	16	FALSE	0	135	100	0	0	-395.979797464	395.979797464	0.923276901245	-371	389	-371	389
9	"1"	"1"	16	FALSE	0	135	100	0	0	-395.979797464	395.979797464	0.957243919373	-376	392	-376	392
9	"1"	"1"	16	FALSE	0	135	100	0	0	-395.979797464	395.979797464	0.990195989609	-381	396	-381	396
9	"1"	"1"	16	FALSE	0	135	100	0	0	-395.979797464	395.979797464	1.02344989777	-385	398	-385	398
9	"1"	"1"	16	FALSE	0	135	100	0	0	-395.979797464	395.979797464	1.05697798729	-388	400	-388	400
9	"1"	"1"	16	FALSE	0	135	100	0	0	-395.979797464	395.979797464	1.09019184113	-390	401	-390	401
9	"1"	"1"	17	FALSE	0	90	100	0	0	3.42901103761e-14	560	0.00180697441101	7	-8	7	-8
9	"1"	"1"	17	FALSE	0	90	100	0	0	3.42901103761e-14	560	0.0222001075745	6	-8	6	-8
9	"1"	"1"	17	FALSE	0	90	100	0	0	3.42901103761e-14	560	0.0556640625	5	-6	5	-6
9	"1"	"1"	17	FALSE	0	90	100	0	0	3.42901103761e-14	560	0.0891098976135	3	-2	3	-2
9	"1"	"1"	17	FALSE	0	90	100	0	0	3.42901103761e-14	560	0.122133016586	1	11	1	11
9	"1"	"1"	17	FALSE	0	90	100	0	0	3.42901103761e-14	560	0.155833959579	-2	40	-2	40
9	"1"	"1"	17	FALSE	0	90	100	0	0	3.42901103761e-14	560	0.189126014709	0	63	0	63
9	"1"	"1"	17	FALSE	0	90	100	0	0	3.42901103761e-14	560	0.221832990646	4	80	4	80
9	"1"	"1"	17	FALSE	0	90	100	0	0	3.42901103761e-14	560	0.255875110626	7	98	7	98
9	"1"	"1"	17	FALSE	0	90	100	0	0	3.42901103761e-14	560	0.289174079895	10	111	10	111
9	"1"	"1"	17	FALSE	0	90	100	0	0	3.42901103761e-14	560	0.322690963745	11	143	11	143
9	"1"	"1"	17	FALSE	0	90	100	0	0	3.42901103761e-14	560	0.355535030365	12	179	12	179
9	"1"	"1"	17	FALSE	0	90	100	0	0	3.42901103761e-14	560	0.389336109161	16	227	16	227
9	"1"	"1"	17	FALSE	0	90	100	0	0	3.42901103761e-14	560	0.422671079636	22	279	22	279
9	"1"	"1"	17	FALSE	0	90	100	0	0	3.42901103761e-14	560	0.455862045288	26	320	26	320
9	"1"	"1"	17	FALSE	0	90	100	0	0	3.42901103761e-14	560	0.489008903503	28	362	28	362
9	"1"	"1"	17	FALSE	0	90	100	0	0	3.42901103761e-14	560	0.522145032883	26	401	26	401
9	"1"	"1"	17	FALSE	0	90	100	0	0	3.42901103761e-14	560	0.556140899658	23	434	23	434
9	"1"	"1"	17	FALSE	0	90	100	0	0	3.42901103761e-14	560	0.58954501152	18	459	18	459
9	"1"	"1"	17	FALSE	0	90	100	0	0	3.42901103761e-14	560	0.622344017029	12	477	12	477
9	"1"	"1"	17	FALSE	0	90	100	0	0	3.42901103761e-14	560	0.656238079071	8	490	8	490
9	"1"	"1"	17	FALSE	0	90	100	0	0	3.42901103761e-14	560	0.689481973648	5	500	5	500
9	"1"	"1"	17	FALSE	0	90	100	0	0	3.42901103761e-14	560	0.722910881042	1	511	1	511
9	"1"	"1"	17	FALSE	0	90	100	0	0	3.42901103761e-14	560	0.755597114563	-2	519	-2	519
9	"1"	"1"	17	FALSE	0	90	100	0	0	3.42901103761e-14	560	0.789659023285	-2	522	-2	522
9	"1"	"1"	17	FALSE	0	90	100	0	0	3.42901103761e-14	560	0.822989940643	-2	523	-2	523
9	"1"	"1"	17	FALSE	0	90	100	0	0	3.42901103761e-14	560	0.856209993362	-2	525	-2	525
9	"1"	"1"	17	FALSE	0	90	100	0	0	3.42901103761e-14	560	0.889168024063	0	531	0	531
9	"1"	"1"	17	FALSE	0	90	100	0	0	3.42901103761e-14	560	0.923042058945	1	537	1	537
9	"1"	"1"	17	FALSE	0	90	100	0	0	3.42901103761e-14	560	0.956305027008	2	543	2	543
9	"1"	"1"	17	FALSE	0	90	100	0	0	3.42901103761e-14	560	0.989118099213	2	545	2	545
9	"1"	"1"	17	FALSE	0	90	100	0	0	3.42901103761e-14	560	1.02303910255	2	546	2	546
9	"1"	"1"	17	FALSE	0	90	100	0	0	3.42901103761e-14	560	1.05643010139	2	549	2	549
9	"1"	"1"	17	FALSE	0	90	100	0	0	3.42901103761e-14	560	1.08919000626	2	551	2	551
9	"1"	"1"	17	FALSE	0	90	100	0	0	3.42901103761e-14	560	1.12322807312	2	553	2	553
9	"1"	"1"	18	FALSE	0	45	100	0	0	395.979797464	395.979797464	0.00212502479553	-1	-6	-1	-6
9	"1"	"1"	18	FALSE	0	45	100	0	0	395.979797464	395.979797464	0.0224180221558	-1	-6	-1	-6
9	"1"	"1"	18	FALSE	0	45	100	0	0	395.979797464	395.979797464	0.0558741092682	-1	-6	-1	-6
9	"1"	"1"	18	FALSE	0	45	100	0	0	395.979797464	395.979797464	0.0891330242157	-1	-6	-1	-6
9	"1"	"1"	18	FALSE	0	45	100	0	0	395.979797464	395.979797464	0.122172117233	-1	-6	-1	-6
9	"1"	"1"	18	FALSE	0	45	100	0	0	395.979797464	395.979797464	0.156028032303	-1	-6	-1	-6
9	"1"	"1"	18	FALSE	0	45	100	0	0	395.979797464	395.979797464	0.189203977585	0	-6	0	-6
9	"1"	"1"	18	FALSE	0	45	100	0	0	395.979797464	395.979797464	0.222178936005	0	-5	0	-5
9	"1"	"1"	18	FALSE	0	45	100	0	0	395.979797464	395.979797464	0.255419015884	1	-4	1	-4
9	"1"	"1"	18	FALSE	0	45	100	0	0	395.979797464	395.979797464	0.289376974106	4	0	4	0
9	"1"	"1"	18	FALSE	0	45	100	0	0	395.979797464	395.979797464	0.322674036026	10	7	10	7
9	"1"	"1"	18	FALSE	0	45	100	0	0	395.979797464	395.979797464	0.355406999588	31	34	31	34
9	"1"	"1"	18	FALSE	0	45	100	0	0	395.979797464	395.979797464	0.389415979385	64	72	64	72
9	"1"	"1"	18	FALSE	0	45	100	0	0	395.979797464	395.979797464	0.422840118408	105	113	105	113
9	"1"	"1"	18	FALSE	0	45	100	0	0	395.979797464	395.979797464	0.455537080765	142	149	142	149
9	"1"	"1"	18	FALSE	0	45	100	0	0	395.979797464	395.979797464	0.489614963531	185	191	185	191
9	"1"	"1"	18	FALSE	0	45	100	0	0	395.979797464	395.979797464	0.522994041443	222	227	222	227
9	"1"	"1"	18	FALSE	0	45	100	0	0	395.979797464	395.979797464	0.555716991425	250	257	250	257
9	"1"	"1"	18	FALSE	0	45	100	0	0	395.979797464	395.979797464	0.589659929276	277	287	277	287
9	"1"	"1"	18	FALSE	0	45	100	0	0	395.979797464	395.979797464	0.622985124588	295	305	295	305
9	"1"	"1"	18	FALSE	0	45	100	0	0	395.979797464	395.979797464	0.655923128128	309	319	309	319
9	"1"	"1"	18	FALSE	0	45	100	0	0	395.979797464	395.979797464	0.689702987671	325	336	325	336
9	"1"	"1"	18	FALSE	0	45	100	0	0	395.979797464	395.979797464	0.723073005676	335	348	335	348
9	"1"	"1"	18	FALSE	0	45	100	0	0	395.979797464	395.979797464	0.755959033966	342	359	342	359
9	"1"	"1"	18	FALSE	0	45	100	0	0	395.979797464	395.979797464	0.789665937424	352	370	352	370
9	"1"	"1"	18	FALSE	0	45	100	0	0	395.979797464	395.979797464	0.823028087616	364	378	364	378
9	"1"	"1"	18	FALSE	0	45	100	0	0	395.979797464	395.979797464	0.855946063995	376	387	376	387
9	"1"	"1"	18	FALSE	0	45	100	0	0	395.979797464	395.979797464	0.889900922775	386	394	386	394
9	"1"	"1"	18	FALSE	0	45	100	0	0	395.979797464	395.979797464	0.923274040222	394	401	394	401
9	"1"	"1"	18	FALSE	0	45	100	0	0	395.979797464	395.979797464	0.956573963165	395	402	395	402
9	"1"	"1"	19	FALSE	0	90	100	0	0	3.42901103761e-14	560	0.00209784507751	7	11	7	11
9	"1"	"1"	19	FALSE	0	90	100	0	0	3.42901103761e-14	560	0.0226759910583	7	11	7	11
9	"1"	"1"	19	FALSE	0	90	100	0	0	3.42901103761e-14	560	0.0561158657074	7	11	7	11
9	"1"	"1"	19	FALSE	0	90	100	0	0	3.42901103761e-14	560	0.0894360542297	7	11	7	11
9	"1"	"1"	19	FALSE	0	90	100	0	0	3.42901103761e-14	560	0.122791051865	7	9	7	9
9	"1"	"1"	19	FALSE	0	90	100	0	0	3.42901103761e-14	560	0.155670881271	5	7	5	7
9	"1"	"1"	19	FALSE	0	90	100	0	0	3.42901103761e-14	560	0.18958902359	5	6	5	6
9	"1"	"1"	19	FALSE	0	90	100	0	0	3.42901103761e-14	560	0.222725868225	5	6	5	6
9	"1"	"1"	19	FALSE	0	90	100	0	0	3.42901103761e-14	560	0.255601882935	5	6	5	6
9	"1"	"1"	19	FALSE	0	90	100	0	0	3.42901103761e-14	560	0.289603948593	5	6	5	6
9	"1"	"1"	19	FALSE	0	90	100	0	0	3.42901103761e-14	560	0.322998046875	5	9	5	9
9	"1"	"1"	19	FALSE	0	90	100	0	0	3.42901103761e-14	560	0.35594701767	4	22	4	22
9	"1"	"1"	19	FALSE	0	90	100	0	0	3.42901103761e-14	560	0.389530897141	2	61	2	61
9	"1"	"1"	19	FALSE	0	90	100	0	0	3.42901103761e-14	560	0.422826051712	3	105	3	105
9	"1"	"1"	19	FALSE	0	90	100	0	0	3.42901103761e-14	560	0.456233024597	9	170	9	170
9	"1"	"1"	19	FALSE	0	90	100	0	0	3.42901103761e-14	560	0.489716053009	12	215	12	215
9	"1"	"1"	19	FALSE	0	90	100	0	0	3.42901103761e-14	560	0.522942066193	13	267	13	267
9	"1"	"1"	19	FALSE	0	90	100	0	0	3.42901103761e-14	560	0.556505918503	11	308	11	308
9	"1"	"1"	19	FALSE	0	90	100	0	0	3.42901103761e-14	560	0.589794874191	10	350	10	350
9	"1"	"1"	19	FALSE	0	90	100	0	0	3.42901103761e-14	560	0.623265981674	9	389	9	389
9	"1"	"1"	19	FALSE	0	90	100	0	0	3.42901103761e-14	560	0.656540870667	7	418	7	418
9	"1"	"1"	19	FALSE	0	90	100	0	0	3.42901103761e-14	560	0.689358949661	5	445	5	445
9	"1"	"1"	19	FALSE	0	90	100	0	0	3.42901103761e-14	560	0.723284006119	5	468	5	468
9	"1"	"1"	19	FALSE	0	90	100	0	0	3.42901103761e-14	560	0.756622076035	4	484	4	484
9	"1"	"1"	19	FALSE	0	90	100	0	0	3.42901103761e-14	560	0.789842844009	4	500	4	500
9	"1"	"1"	19	FALSE	0	90	100	0	0	3.42901103761e-14	560	0.822762012482	5	512	5	512
9	"1"	"1"	19	FALSE	0	90	100	0	0	3.42901103761e-14	560	0.856791973114	5	523	5	523
9	"1"	"1"	19	FALSE	0	90	100	0	0	3.42901103761e-14	560	0.890064954758	4	532	4	532
9	"1"	"1"	19	FALSE	0	90	100	0	0	3.42901103761e-14	560	0.923038005829	4	543	4	543
9	"1"	"1"	19	FALSE	0	90	100	0	0	3.42901103761e-14	560	0.956779956818	4	549	4	549
9	"1"	"1"	19	FALSE	0	90	100	0	0	3.42901103761e-14	560	0.990171909332	4	554	4	554
9	"1"	"1"	19	FALSE	0	90	100	0	0	3.42901103761e-14	560	1.02345705032	3	556	3	556
9	"1"	"1"	20	FALSE	0	135	100	0	0	-395.979797464	395.979797464	0.00180506706238	-7	-4	-7	-4
9	"1"	"1"	20	FALSE	0	135	100	0	0	-395.979797464	395.979797464	0.0221560001373	-7	-4	-7	-4
9	"1"	"1"	20	FALSE	0	135	100	0	0	-395.979797464	395.979797464	0.0558090209961	-7	-4	-7	-4
9	"1"	"1"	20	FALSE	0	135	100	0	0	-395.979797464	395.979797464	0.0891780853271	-6	-3	-6	-3
9	"1"	"1"	20	FALSE	0	135	100	0	0	-395.979797464	395.979797464	0.122567176819	-5	-2	-5	-2
9	"1"	"1"	20	FALSE	0	135	100	0	0	-395.979797464	395.979797464	0.155308961868	-5	-1	-5	-1
9	"1"	"1"	20	FALSE	0	135	100	0	0	-395.979797464	395.979797464	0.189316987991	-6	1	-6	1
9	"1"	"1"	20	FALSE	0	135	100	0	0	-395.979797464	395.979797464	0.222434997559	-6	1	-6	1
9	"1"	"1"	20	FALSE	0	135	100	0	0	-395.979797464	395.979797464	0.25585603714	-8	4	-8	4
9	"1"	"1"	20	FALSE	0	135	100	0	0	-395.979797464	395.979797464	0.289155006409	-16	12	-16	12
9	"1"	"1"	20	FALSE	0	135	100	0	0	-395.979797464	395.979797464	0.322052955627	-36	26	-36	26
9	"1"	"1"	20	FALSE	0	135	100	0	0	-395.979797464	395.979797464	0.356014966965	-65	51	-65	51
9	"1"	"1"	20	FALSE	0	135	100	0	0	-395.979797464	395.979797464	0.389414072037	-99	83	-99	83
9	"1"	"1"	20	FALSE	0	135	100	0	0	-395.979797464	395.979797464	0.4227039814	-131	112	-131	112
9	"1"	"1"	20	FALSE	0	135	100	0	0	-395.979797464	395.979797464	0.456124067307	-172	151	-172	151
9	"1"	"1"	20	FALSE	0	135	100	0	0	-395.979797464	395.979797464	0.489447116852	-213	194	-213	194
9	"1"	"1"	20	FALSE	0	135	100	0	0	-395.979797464	395.979797464	0.522698163986	-253	236	-253	236
9	"1"	"1"	20	FALSE	0	135	100	0	0	-395.979797464	395.979797464	0.555536031723	-286	267	-286	267
9	"1"	"1"	20	FALSE	0	135	100	0	0	-395.979797464	395.979797464	0.589599132538	-319	302	-319	302
9	"1"	"1"	20	FALSE	0	135	100	0	0	-395.979797464	395.979797464	0.622975111008	-345	331	-345	331
9	"1"	"1"	20	FALSE	0	135	100	0	0	-395.979797464	395.979797464	0.655745983124	-360	347	-360	347
9	"1"	"1"	20	FALSE	0	135	100	0	0	-395.979797464	395.979797464	0.689668178558	-372	362	-372	362
9	"1"	"1"	20	FALSE	0	135	100	0	0	-395.979797464	395.979797464	0.72301697731	-381	373	-381	373
9	"1"	"1"	20	FALSE	0	135	100	0	0	-395.979797464	395.979797464	0.756174087524	-387	381	-387	381
9	"1"	"1"	20	FALSE	0	135	100	0	0	-395.979797464	395.979797464	0.789688110352	-390	385	-390	385
9	"1"	"1"	20	FALSE	0	135	100	0	0	-395.979797464	395.979797464	0.822705984116	-392	387	-392	387
9	"1"	"1"	21	FALSE	0	45	100	0	0	395.979797464	395.979797464	0.0022668838501	6	-7	6	-7
9	"1"	"1"	21	FALSE	0	45	100	0	0	395.979797464	395.979797464	0.0225508213043	6	-7	6	-7
9	"1"	"1"	21	FALSE	0	45	100	0	0	395.979797464	395.979797464	0.0560369491577	6	-7	6	-7
9	"1"	"1"	21	FALSE	0	45	100	0	0	395.979797464	395.979797464	0.0888650417328	6	-7	6	-7
9	"1"	"1"	21	FALSE	0	45	100	0	0	395.979797464	395.979797464	0.122764825821	6	-7	6	-7
9	"1"	"1"	21	FALSE	0	45	100	0	0	395.979797464	395.979797464	0.155987977982	5	-6	5	-6
9	"1"	"1"	21	FALSE	0	45	100	0	0	395.979797464	395.979797464	0.189391851425	4	-5	4	-5
9	"1"	"1"	21	FALSE	0	45	100	0	0	395.979797464	395.979797464	0.222661972046	2	-4	2	-4
9	"1"	"1"	21	FALSE	0	45	100	0	0	395.979797464	395.979797464	0.255640029907	2	-3	2	-3
9	"1"	"1"	21	FALSE	0	45	100	0	0	395.979797464	395.979797464	0.289621829987	4	0	4	0
9	"1"	"1"	21	FALSE	0	45	100	0	0	395.979797464	395.979797464	0.322787046432	12	10	12	10
9	"1"	"1"	21	FALSE	0	45	100	0	0	395.979797464	395.979797464	0.356387853622	39	40	39	40
9	"1"	"1"	21	FALSE	0	45	100	0	0	395.979797464	395.979797464	0.38954782486	70	71	70	71
9	"1"	"1"	21	FALSE	0	45	100	0	0	395.979797464	395.979797464	0.422947883606	115	115	115	115
9	"1"	"1"	21	FALSE	0	45	100	0	0	395.979797464	395.979797464	0.455710887909	157	154	157	154
9	"1"	"1"	21	FALSE	0	45	100	0	0	395.979797464	395.979797464	0.489743947983	203	200	203	200
9	"1"	"1"	21	FALSE	0	45	100	0	0	395.979797464	395.979797464	0.523021936417	247	244	247	244
9	"1"	"1"	21	FALSE	0	45	100	0	0	395.979797464	395.979797464	0.556514978409	283	282	283	282
9	"1"	"1"	21	FALSE	0	45	100	0	0	395.979797464	395.979797464	0.589807033539	322	310	322	310
9	"1"	"1"	21	FALSE	0	45	100	0	0	395.979797464	395.979797464	0.623217821121	354	338	354	338
9	"1"	"1"	21	FALSE	0	45	100	0	0	395.979797464	395.979797464	0.656194925308	374	356	374	356
9	"1"	"1"	21	FALSE	0	45	100	0	0	395.979797464	395.979797464	0.689717054367	386	368	386	368
9	"1"	"1"	21	FALSE	0	45	100	0	0	395.979797464	395.979797464	0.722723960876	396	379	396	379
9	"1"	"1"	21	FALSE	0	45	100	0	0	395.979797464	395.979797464	0.755985021591	402	385	402	385
9	"1"	"1"	21	FALSE	0	45	100	0	0	395.979797464	395.979797464	0.78983092308	409	390	409	390
9	"1"	"1"	21	FALSE	0	45	100	0	0	395.979797464	395.979797464	0.823362827301	416	395	416	395
9	"1"	"1"	21	FALSE	0	45	100	0	0	395.979797464	395.979797464	0.856736898422	420	397	420	397
9	"1"	"1"	21	FALSE	0	45	100	0	0	395.979797464	395.979797464	0.889979839325	420	398	420	398
9	"1"	"1"	21	FALSE	0	45	100	0	0	395.979797464	395.979797464	0.923408031464	420	399	420	399
9	"1"	"1"	21	FALSE	0	45	100	0	0	395.979797464	395.979797464	0.956063985825	420	399	420	399
9	"1"	"1"	21	FALSE	0	45	100	0	0	395.979797464	395.979797464	0.990102052689	417	399	417	399
9	"1"	"1"	21	FALSE	0	45	100	0	0	395.979797464	395.979797464	1.02343392372	413	397	413	397
9	"1"	"1"	21	FALSE	0	45	100	0	0	395.979797464	395.979797464	1.05618882179	404	393	404	393
9	"1"	"1"	21	FALSE	0	45	100	0	0	395.979797464	395.979797464	1.09017205238	399	391	399	391
9	"1"	"1"	21	FALSE	0	45	100	0	0	395.979797464	395.979797464	1.12353301048	397	390	397	390
