"task_num"	"task_name"	"trial_type"	"trial_num"	"terminalfeedback_bool"	"rotation_angle"	"targetangle_deg"	"targetdistance_percmax"	"homex_px"	"homey_px"	"targetx_px"	"targety_px"	"time_s"	"mousex_px"	"mousey_px"	"cursorx_px"	"cursory_px"
"4860"	9	1	1	1	0	0	45	100	0	0	395.979797464	395.979797464	1551383187.97	-12	-1	-12	-1
"4861"	9	1	1	1	0	0	45	100	0	0	395.979797464	395.979797464	1551383188	-12	-1	-12	-1
"4862"	9	1	1	1	0	0	45	100	0	0	395.979797464	395.979797464	1551383188.03	-12	-1	-12	-1
"4863"	9	1	1	1	0	0	45	100	0	0	395.979797464	395.979797464	1551383188.07	-12	-1	-12	-1
"4864"	9	1	1	1	0	0	45	100	0	0	395.979797464	395.979797464	1551383188.1	-12	-1	-12	-1
"4865"	9	1	1	1	0	0	45	100	0	0	395.979797464	395.979797464	1551383188.13	-12	-1	-12	-1
"4866"	9	1	1	1	0	0	45	100	0	0	395.979797464	395.979797464	1551383188.17	-12	-1	-12	-1
"4867"	9	1	1	1	0	0	45	100	0	0	395.979797464	395.979797464	1551383188.2	-12	-1	-12	-1
"4868"	9	1	1	1	0	0	45	100	0	0	395.979797464	395.979797464	1551383188.23	-12	-1	-12	-1
"4869"	9	1	1	1	0	0	45	100	0	0	395.979797464	395.979797464	1551383188.27	-12	-1	-12	-1
"4870"	9	1	1	1	0	0	45	100	0	0	395.979797464	395.979797464	1551383188.3	-12	-1	-12	-1
"4871"	9	1	1	1	0	0	45	100	0	0	395.979797464	395.979797464	1551383188.33	-12	-1	-12	-1
"4872"	9	1	1	1	0	0	45	100	0	0	395.979797464	395.979797464	1551383188.37	-12	-1	-12	-1
"4873"	9	1	1	1	0	0	45	100	0	0	395.979797464	395.979797464	1551383188.4	-12	-1	-12	-1
"4874"	9	1	1	1	0	0	45	100	0	0	395.979797464	395.979797464	1551383188.43	-12	-1	-12	-1
"4875"	9	1	1	1	0	0	45	100	0	0	395.979797464	395.979797464	1551383188.47	-10	1	-10	1
"4876"	9	1	1	1	0	0	45	100	0	0	395.979797464	395.979797464	1551383188.5	-6	6	-6	6
"4877"	9	1	1	1	0	0	45	100	0	0	395.979797464	395.979797464	1551383188.53	1	16	1	16
"4878"	9	1	1	1	0	0	45	100	0	0	395.979797464	395.979797464	1551383188.57	11	29	11	29
"4879"	9	1	1	1	0	0	45	100	0	0	395.979797464	395.979797464	1551383188.6	26	47	26	47
"4880"	9	1	1	1	0	0	45	100	0	0	395.979797464	395.979797464	1551383188.63	49	75	49	75
"4881"	9	1	1	1	0	0	45	100	0	0	395.979797464	395.979797464	1551383188.67	69	96	69	96
"4882"	9	1	1	1	0	0	45	100	0	0	395.979797464	395.979797464	1551383188.7	97	124	97	124
"4883"	9	1	1	1	0	0	45	100	0	0	395.979797464	395.979797464	1551383188.73	124	151	124	151
"4884"	9	1	1	1	0	0	45	100	0	0	395.979797464	395.979797464	1551383188.77	158	184	158	184
"4885"	9	1	1	1	0	0	45	100	0	0	395.979797464	395.979797464	1551383188.8	193	218	193	218
"4886"	9	1	1	1	0	0	45	100	0	0	395.979797464	395.979797464	1551383188.83	222	243	222	243
"4887"	9	1	1	1	0	0	45	100	0	0	395.979797464	395.979797464	1551383188.87	255	271	255	271
"4888"	9	1	1	1	0	0	45	100	0	0	395.979797464	395.979797464	1551383188.9	286	292	286	292
"4889"	9	1	1	1	0	0	45	100	0	0	395.979797464	395.979797464	1551383188.93	312	311	312	311
"4890"	9	1	1	1	0	0	45	100	0	0	395.979797464	395.979797464	1551383188.97	337	330	337	330
"4891"	9	1	1	1	0	0	45	100	0	0	395.979797464	395.979797464	1551383189	354	342	354	342
"4892"	9	1	1	1	0	0	45	100	0	0	395.979797464	395.979797464	1551383189.03	368	353	368	353
"4893"	9	1	1	1	0	0	45	100	0	0	395.979797464	395.979797464	1551383189.07	380	363	380	363
"4894"	9	1	1	1	0	0	45	100	0	0	395.979797464	395.979797464	1551383189.1	390	372	390	372
"4895"	9	1	1	1	0	0	45	100	0	0	395.979797464	395.979797464	1551383189.13	395	377	395	377
"4896"	9	1	1	1	0	0	45	100	0	0	395.979797464	395.979797464	1551383189.17	396	380	396	380
"4897"	9	1	1	1	0	0	45	100	0	0	395.979797464	395.979797464	1551383189.2	397	385	397	385
"4898"	9	1	1	1	0	0	45	100	0	0	395.979797464	395.979797464	1551383189.24	397	387	397	387
"4899"	9	1	1	1	0	0	45	100	0	0	395.979797464	395.979797464	1551383189.27	398	389	398	389
"4900"	9	1	1	1	0	0	45	100	0	0	395.979797464	395.979797464	1551383189.3	398	391	398	391
"4901"	9	1	1	2	0	0	135	100	0	0	-395.979797464	395.979797464	1551383190.78	10	6	10	6
"4902"	9	1	1	2	0	0	135	100	0	0	-395.979797464	395.979797464	1551383190.8	9	6	9	6
"4903"	9	1	1	2	0	0	135	100	0	0	-395.979797464	395.979797464	1551383190.84	7	4	7	4
"4904"	9	1	1	2	0	0	135	100	0	0	-395.979797464	395.979797464	1551383190.87	6	3	6	3
"4905"	9	1	1	2	0	0	135	100	0	0	-395.979797464	395.979797464	1551383190.9	6	4	6	4
"4906"	9	1	1	2	0	0	135	100	0	0	-395.979797464	395.979797464	1551383190.94	6	4	6	4
"4907"	9	1	1	2	0	0	135	100	0	0	-395.979797464	395.979797464	1551383190.97	6	4	6	4
"4908"	9	1	1	2	0	0	135	100	0	0	-395.979797464	395.979797464	1551383191	6	4	6	4
"4909"	9	1	1	2	0	0	135	100	0	0	-395.979797464	395.979797464	1551383191.04	6	4	6	4
"4910"	9	1	1	2	0	0	135	100	0	0	-395.979797464	395.979797464	1551383191.07	6	4	6	4
"4911"	9	1	1	2	0	0	135	100	0	0	-395.979797464	395.979797464	1551383191.1	4	7	4	7
"4912"	9	1	1	2	0	0	135	100	0	0	-395.979797464	395.979797464	1551383191.14	6	12	6	12
"4913"	9	1	1	2	0	0	135	100	0	0	-395.979797464	395.979797464	1551383191.17	11	19	11	19
"4914"	9	1	1	2	0	0	135	100	0	0	-395.979797464	395.979797464	1551383191.2	48	38	48	38
"4915"	9	1	1	2	0	0	135	100	0	0	-395.979797464	395.979797464	1551383191.24	94	57	94	57
"4916"	9	1	1	2	0	0	135	100	0	0	-395.979797464	395.979797464	1551383191.27	139	75	139	75
"4917"	9	1	1	2	0	0	135	100	0	0	-395.979797464	395.979797464	1551383191.3	165	82	165	82
"4918"	9	1	1	2	0	0	135	100	0	0	-395.979797464	395.979797464	1551383191.34	182	83	182	83
"4919"	9	1	1	2	0	0	135	100	0	0	-395.979797464	395.979797464	1551383191.37	192	82	192	82
"4920"	9	1	1	2	0	0	135	100	0	0	-395.979797464	395.979797464	1551383191.4	199	77	199	77
"4921"	9	1	1	2	0	0	135	100	0	0	-395.979797464	395.979797464	1551383191.44	194	73	194	73
"4922"	9	1	1	2	0	0	135	100	0	0	-395.979797464	395.979797464	1551383191.47	189	74	189	74
"4923"	9	1	1	2	0	0	135	100	0	0	-395.979797464	395.979797464	1551383191.5	184	77	184	77
"4924"	9	1	1	2	0	0	135	100	0	0	-395.979797464	395.979797464	1551383191.54	172	82	172	82
"4925"	9	1	1	2	0	0	135	100	0	0	-395.979797464	395.979797464	1551383191.57	157	91	157	91
"4926"	9	1	1	2	0	0	135	100	0	0	-395.979797464	395.979797464	1551383191.6	141	100	141	100
"4927"	9	1	1	2	0	0	135	100	0	0	-395.979797464	395.979797464	1551383191.64	115	110	115	110
"4928"	9	1	1	2	0	0	135	100	0	0	-395.979797464	395.979797464	1551383191.67	90	121	90	121
"4929"	9	1	1	2	0	0	135	100	0	0	-395.979797464	395.979797464	1551383191.7	64	133	64	133
"4930"	9	1	1	2	0	0	135	100	0	0	-395.979797464	395.979797464	1551383191.74	43	142	43	142
"4931"	9	1	1	2	0	0	135	100	0	0	-395.979797464	395.979797464	1551383191.77	17	154	17	154
"4932"	9	1	1	2	0	0	135	100	0	0	-395.979797464	395.979797464	1551383191.8	-11	167	-11	167
"4933"	9	1	1	2	0	0	135	100	0	0	-395.979797464	395.979797464	1551383191.84	-35	182	-35	182
"4934"	9	1	1	2	0	0	135	100	0	0	-395.979797464	395.979797464	1551383191.87	-62	202	-62	202
"4935"	9	1	1	2	0	0	135	100	0	0	-395.979797464	395.979797464	1551383191.9	-92	220	-92	220
"4936"	9	1	1	2	0	0	135	100	0	0	-395.979797464	395.979797464	1551383191.94	-117	232	-117	232
"4937"	9	1	1	2	0	0	135	100	0	0	-395.979797464	395.979797464	1551383191.97	-148	248	-148	248
"4938"	9	1	1	2	0	0	135	100	0	0	-395.979797464	395.979797464	1551383192	-170	259	-170	259
"4939"	9	1	1	2	0	0	135	100	0	0	-395.979797464	395.979797464	1551383192.04	-192	273	-192	273
"4940"	9	1	1	2	0	0	135	100	0	0	-395.979797464	395.979797464	1551383192.07	-210	284	-210	284
"4941"	9	1	1	2	0	0	135	100	0	0	-395.979797464	395.979797464	1551383192.1	-230	295	-230	295
"4942"	9	1	1	2	0	0	135	100	0	0	-395.979797464	395.979797464	1551383192.14	-251	307	-251	307
"4943"	9	1	1	2	0	0	135	100	0	0	-395.979797464	395.979797464	1551383192.17	-266	316	-266	316
"4944"	9	1	1	2	0	0	135	100	0	0	-395.979797464	395.979797464	1551383192.2	-281	325	-281	325
"4945"	9	1	1	2	0	0	135	100	0	0	-395.979797464	395.979797464	1551383192.24	-296	335	-296	335
"4946"	9	1	1	2	0	0	135	100	0	0	-395.979797464	395.979797464	1551383192.27	-309	346	-309	346
"4947"	9	1	1	2	0	0	135	100	0	0	-395.979797464	395.979797464	1551383192.3	-319	352	-319	352
"4948"	9	1	1	2	0	0	135	100	0	0	-395.979797464	395.979797464	1551383192.34	-328	358	-328	358
"4949"	9	1	1	2	0	0	135	100	0	0	-395.979797464	395.979797464	1551383192.37	-335	364	-335	364
"4950"	9	1	1	2	0	0	135	100	0	0	-395.979797464	395.979797464	1551383192.4	-341	369	-341	369
"4951"	9	1	1	2	0	0	135	100	0	0	-395.979797464	395.979797464	1551383192.44	-347	374	-347	374
"4952"	9	1	1	2	0	0	135	100	0	0	-395.979797464	395.979797464	1551383192.47	-353	379	-353	379
"4953"	9	1	1	2	0	0	135	100	0	0	-395.979797464	395.979797464	1551383192.5	-358	384	-358	384
"4954"	9	1	1	2	0	0	135	100	0	0	-395.979797464	395.979797464	1551383192.54	-363	389	-363	389
"4955"	9	1	1	2	0	0	135	100	0	0	-395.979797464	395.979797464	1551383192.57	-367	391	-367	391
"4956"	9	1	1	2	0	0	135	100	0	0	-395.979797464	395.979797464	1551383192.6	-370	394	-370	394
"4957"	9	1	1	2	0	0	135	100	0	0	-395.979797464	395.979797464	1551383192.64	-372	395	-372	395
"4958"	9	1	1	2	0	0	135	100	0	0	-395.979797464	395.979797464	1551383192.67	-373	396	-373	396
"4959"	9	1	1	2	0	0	135	100	0	0	-395.979797464	395.979797464	1551383192.7	-374	397	-374	397
"4960"	9	1	1	2	0	0	135	100	0	0	-395.979797464	395.979797464	1551383192.74	-375	398	-375	398
"4961"	9	1	1	2	0	0	135	100	0	0	-395.979797464	395.979797464	1551383192.77	-377	399	-377	399
"4962"	9	1	1	2	0	0	135	100	0	0	-395.979797464	395.979797464	1551383192.8	-378	399	-378	399
"4963"	9	1	1	2	0	0	135	100	0	0	-395.979797464	395.979797464	1551383192.84	-380	400	-380	400
"4964"	9	1	1	2	0	0	135	100	0	0	-395.979797464	395.979797464	1551383192.87	-383	400	-383	400
"4965"	9	1	1	2	0	0	135	100	0	0	-395.979797464	395.979797464	1551383192.9	-385	400	-385	400
"4966"	9	1	1	3	0	0	90	100	0	0	3.42901103761e-14	560	1551383194.35	6	-2	6	-2
"4967"	9	1	1	3	0	0	90	100	0	0	3.42901103761e-14	560	1551383194.37	4	-2	4	-2
"4968"	9	1	1	3	0	0	90	100	0	0	3.42901103761e-14	560	1551383194.41	-2	-3	-2	-3
"4969"	9	1	1	3	0	0	90	100	0	0	3.42901103761e-14	560	1551383194.44	-6	-2	-6	-2
"4970"	9	1	1	3	0	0	90	100	0	0	3.42901103761e-14	560	1551383194.47	-8	0	-8	0
"4971"	9	1	1	3	0	0	90	100	0	0	3.42901103761e-14	560	1551383194.51	-8	0	-8	0
"4972"	9	1	1	3	0	0	90	100	0	0	3.42901103761e-14	560	1551383194.54	-8	0	-8	0
"4973"	9	1	1	3	0	0	90	100	0	0	3.42901103761e-14	560	1551383194.57	-8	0	-8	0
"4974"	9	1	1	3	0	0	90	100	0	0	3.42901103761e-14	560	1551383194.61	-7	0	-7	0
"4975"	9	1	1	3	0	0	90	100	0	0	3.42901103761e-14	560	1551383194.64	-7	0	-7	0
"4976"	9	1	1	3	0	0	90	100	0	0	3.42901103761e-14	560	1551383194.67	-8	1	-8	1
"4977"	9	1	1	3	0	0	90	100	0	0	3.42901103761e-14	560	1551383194.71	-12	14	-12	14
"4978"	9	1	1	3	0	0	90	100	0	0	3.42901103761e-14	560	1551383194.74	-23	48	-23	48
"4979"	9	1	1	3	0	0	90	100	0	0	3.42901103761e-14	560	1551383194.77	-29	80	-29	80
"4980"	9	1	1	3	0	0	90	100	0	0	3.42901103761e-14	560	1551383194.81	-35	122	-35	122
"4981"	9	1	1	3	0	0	90	100	0	0	3.42901103761e-14	560	1551383194.84	-36	154	-36	154
"4982"	9	1	1	3	0	0	90	100	0	0	3.42901103761e-14	560	1551383194.87	-33	191	-33	191
"4983"	9	1	1	3	0	0	90	100	0	0	3.42901103761e-14	560	1551383194.91	-27	234	-27	234
"4984"	9	1	1	3	0	0	90	100	0	0	3.42901103761e-14	560	1551383194.94	-24	267	-24	267
"4985"	9	1	1	3	0	0	90	100	0	0	3.42901103761e-14	560	1551383194.97	-23	301	-23	301
"4986"	9	1	1	3	0	0	90	100	0	0	3.42901103761e-14	560	1551383195.01	-21	331	-21	331
"4987"	9	1	1	3	0	0	90	100	0	0	3.42901103761e-14	560	1551383195.04	-17	359	-17	359
"4988"	9	1	1	3	0	0	90	100	0	0	3.42901103761e-14	560	1551383195.07	-14	382	-14	382
"4989"	9	1	1	3	0	0	90	100	0	0	3.42901103761e-14	560	1551383195.11	-11	407	-11	407
"4990"	9	1	1	3	0	0	90	100	0	0	3.42901103761e-14	560	1551383195.14	-7	431	-7	431
"4991"	9	1	1	3	0	0	90	100	0	0	3.42901103761e-14	560	1551383195.17	-5	450	-5	450
"4992"	9	1	1	3	0	0	90	100	0	0	3.42901103761e-14	560	1551383195.21	-4	466	-4	466
"4993"	9	1	1	3	0	0	90	100	0	0	3.42901103761e-14	560	1551383195.24	-3	482	-3	482
"4994"	9	1	1	3	0	0	90	100	0	0	3.42901103761e-14	560	1551383195.27	-3	493	-3	493
"4995"	9	1	1	3	0	0	90	100	0	0	3.42901103761e-14	560	1551383195.31	-4	505	-4	505
"4996"	9	1	1	3	0	0	90	100	0	0	3.42901103761e-14	560	1551383195.34	-4	515	-4	515
"4997"	9	1	1	3	0	0	90	100	0	0	3.42901103761e-14	560	1551383195.37	-4	523	-4	523
"4998"	9	1	1	3	0	0	90	100	0	0	3.42901103761e-14	560	1551383195.41	-3	529	-3	529
"4999"	9	1	1	3	0	0	90	100	0	0	3.42901103761e-14	560	1551383195.44	-1	536	-1	536
"5000"	9	1	1	3	0	0	90	100	0	0	3.42901103761e-14	560	1551383195.47	0	541	0	541
"5001"	9	1	1	3	0	0	90	100	0	0	3.42901103761e-14	560	1551383195.51	0	544	0	544
"5002"	9	1	1	3	0	0	90	100	0	0	3.42901103761e-14	560	1551383195.54	2	550	2	550
"5003"	9	1	1	3	0	0	90	100	0	0	3.42901103761e-14	560	1551383195.57	3	556	3	556
"5004"	9	1	1	3	0	0	90	100	0	0	3.42901103761e-14	560	1551383195.61	4	559	4	559
"5005"	9	1	1	4	0	0	90	100	0	0	3.42901103761e-14	560	1551383196.99	-3	-9	-3	-9
"5006"	9	1	1	4	0	0	90	100	0	0	3.42901103761e-14	560	1551383197.01	-3	-9	-3	-9
"5007"	9	1	1	4	0	0	90	100	0	0	3.42901103761e-14	560	1551383197.04	-3	-7	-3	-7
"5008"	9	1	1	4	0	0	90	100	0	0	3.42901103761e-14	560	1551383197.07	-2	-7	-2	-7
"5009"	9	1	1	4	0	0	90	100	0	0	3.42901103761e-14	560	1551383197.11	-2	-6	-2	-6
"5010"	9	1	1	4	0	0	90	100	0	0	3.42901103761e-14	560	1551383197.14	-1	-4	-1	-4
"5011"	9	1	1	4	0	0	90	100	0	0	3.42901103761e-14	560	1551383197.17	-1	-4	-1	-4
"5012"	9	1	1	4	0	0	90	100	0	0	3.42901103761e-14	560	1551383197.21	-1	-3	-1	-3
"5013"	9	1	1	4	0	0	90	100	0	0	3.42901103761e-14	560	1551383197.24	0	-2	0	-2
"5014"	9	1	1	4	0	0	90	100	0	0	3.42901103761e-14	560	1551383197.27	0	-1	0	-1
"5015"	9	1	1	4	0	0	90	100	0	0	3.42901103761e-14	560	1551383197.31	0	1	0	1
"5016"	9	1	1	4	0	0	90	100	0	0	3.42901103761e-14	560	1551383197.34	-4	10	-4	10
"5017"	9	1	1	4	0	0	90	100	0	0	3.42901103761e-14	560	1551383197.37	-14	33	-14	33
"5018"	9	1	1	4	0	0	90	100	0	0	3.42901103761e-14	560	1551383197.41	-22	58	-22	58
"5019"	9	1	1	4	0	0	90	100	0	0	3.42901103761e-14	560	1551383197.44	-27	81	-27	81
"5020"	9	1	1	4	0	0	90	100	0	0	3.42901103761e-14	560	1551383197.47	-28	109	-28	109
"5021"	9	1	1	4	0	0	90	100	0	0	3.42901103761e-14	560	1551383197.51	-26	133	-26	133
"5022"	9	1	1	4	0	0	90	100	0	0	3.42901103761e-14	560	1551383197.54	-24	159	-24	159
"5023"	9	1	1	4	0	0	90	100	0	0	3.42901103761e-14	560	1551383197.57	-23	188	-23	188
"5024"	9	1	1	4	0	0	90	100	0	0	3.42901103761e-14	560	1551383197.61	-22	215	-22	215
"5025"	9	1	1	4	0	0	90	100	0	0	3.42901103761e-14	560	1551383197.64	-21	247	-21	247
"5026"	9	1	1	4	0	0	90	100	0	0	3.42901103761e-14	560	1551383197.67	-20	279	-20	279
"5027"	9	1	1	4	0	0	90	100	0	0	3.42901103761e-14	560	1551383197.71	-20	307	-20	307
"5028"	9	1	1	4	0	0	90	100	0	0	3.42901103761e-14	560	1551383197.74	-20	336	-20	336
"5029"	9	1	1	4	0	0	90	100	0	0	3.42901103761e-14	560	1551383197.78	-20	359	-20	359
"5030"	9	1	1	4	0	0	90	100	0	0	3.42901103761e-14	560	1551383197.81	-22	384	-22	384
"5031"	9	1	1	4	0	0	90	100	0	0	3.42901103761e-14	560	1551383197.84	-22	406	-22	406
"5032"	9	1	1	4	0	0	90	100	0	0	3.42901103761e-14	560	1551383197.88	-21	429	-21	429
"5033"	9	1	1	4	0	0	90	100	0	0	3.42901103761e-14	560	1551383197.91	-21	451	-21	451
"5034"	9	1	1	4	0	0	90	100	0	0	3.42901103761e-14	560	1551383197.94	-20	463	-20	463
"5035"	9	1	1	4	0	0	90	100	0	0	3.42901103761e-14	560	1551383197.98	-20	479	-20	479
"5036"	9	1	1	4	0	0	90	100	0	0	3.42901103761e-14	560	1551383198.01	-19	491	-19	491
"5037"	9	1	1	4	0	0	90	100	0	0	3.42901103761e-14	560	1551383198.04	-15	503	-15	503
"5038"	9	1	1	4	0	0	90	100	0	0	3.42901103761e-14	560	1551383198.08	-13	511	-13	511
"5039"	9	1	1	4	0	0	90	100	0	0	3.42901103761e-14	560	1551383198.11	-11	518	-11	518
"5040"	9	1	1	4	0	0	90	100	0	0	3.42901103761e-14	560	1551383198.14	-10	525	-10	525
"5041"	9	1	1	4	0	0	90	100	0	0	3.42901103761e-14	560	1551383198.18	-10	530	-10	530
"5042"	9	1	1	4	0	0	90	100	0	0	3.42901103761e-14	560	1551383198.21	-9	536	-9	536
"5043"	9	1	1	4	0	0	90	100	0	0	3.42901103761e-14	560	1551383198.24	-9	540	-9	540
"5044"	9	1	1	4	0	0	90	100	0	0	3.42901103761e-14	560	1551383198.28	-9	543	-9	543
"5045"	9	1	1	4	0	0	90	100	0	0	3.42901103761e-14	560	1551383198.31	-9	546	-9	546
"5046"	9	1	1	4	0	0	90	100	0	0	3.42901103761e-14	560	1551383198.34	-8	549	-8	549
"5047"	9	1	1	4	0	0	90	100	0	0	3.42901103761e-14	560	1551383198.38	-8	554	-8	554
"5048"	9	1	1	4	0	0	90	100	0	0	3.42901103761e-14	560	1551383198.41	-7	558	-7	558
"5049"	9	1	1	4	0	0	90	100	0	0	3.42901103761e-14	560	1551383198.44	-7	562	-7	562
"5050"	9	1	1	4	0	0	90	100	0	0	3.42901103761e-14	560	1551383198.48	-6	563	-6	563
"5051"	9	1	1	5	0	0	45	100	0	0	395.979797464	395.979797464	1551383199.79	-3	-10	-3	-10
"5052"	9	1	1	5	0	0	45	100	0	0	395.979797464	395.979797464	1551383199.81	-3	-10	-3	-10
"5053"	9	1	1	5	0	0	45	100	0	0	395.979797464	395.979797464	1551383199.84	-3	-10	-3	-10
"5054"	9	1	1	5	0	0	45	100	0	0	395.979797464	395.979797464	1551383199.88	-4	-10	-4	-10
"5055"	9	1	1	5	0	0	45	100	0	0	395.979797464	395.979797464	1551383199.91	-4	-9	-4	-9
"5056"	9	1	1	5	0	0	45	100	0	0	395.979797464	395.979797464	1551383199.94	-3	-7	-3	-7
"5057"	9	1	1	5	0	0	45	100	0	0	395.979797464	395.979797464	1551383199.98	-2	-6	-2	-6
"5058"	9	1	1	5	0	0	45	100	0	0	395.979797464	395.979797464	1551383200.01	-2	-5	-2	-5
"5059"	9	1	1	5	0	0	45	100	0	0	395.979797464	395.979797464	1551383200.04	-2	-5	-2	-5
"5060"	9	1	1	5	0	0	45	100	0	0	395.979797464	395.979797464	1551383200.08	-1	-4	-1	-4
"5061"	9	1	1	5	0	0	45	100	0	0	395.979797464	395.979797464	1551383200.11	1	1	1	1
"5062"	9	1	1	5	0	0	45	100	0	0	395.979797464	395.979797464	1551383200.14	6	14	6	14
"5063"	9	1	1	5	0	0	45	100	0	0	395.979797464	395.979797464	1551383200.18	19	36	19	36
"5064"	9	1	1	5	0	0	45	100	0	0	395.979797464	395.979797464	1551383200.21	34	56	34	56
"5065"	9	1	1	5	0	0	45	100	0	0	395.979797464	395.979797464	1551383200.24	52	79	52	79
"5066"	9	1	1	5	0	0	45	100	0	0	395.979797464	395.979797464	1551383200.28	74	100	74	100
"5067"	9	1	1	5	0	0	45	100	0	0	395.979797464	395.979797464	1551383200.31	94	120	94	120
"5068"	9	1	1	5	0	0	45	100	0	0	395.979797464	395.979797464	1551383200.34	124	148	124	148
"5069"	9	1	1	5	0	0	45	100	0	0	395.979797464	395.979797464	1551383200.38	148	171	148	171
"5070"	9	1	1	5	0	0	45	100	0	0	395.979797464	395.979797464	1551383200.41	176	197	176	197
"5071"	9	1	1	5	0	0	45	100	0	0	395.979797464	395.979797464	1551383200.44	200	219	200	219
"5072"	9	1	1	5	0	0	45	100	0	0	395.979797464	395.979797464	1551383200.48	227	241	227	241
"5073"	9	1	1	5	0	0	45	100	0	0	395.979797464	395.979797464	1551383200.51	254	261	254	261
"5074"	9	1	1	5	0	0	45	100	0	0	395.979797464	395.979797464	1551383200.54	274	275	274	275
"5075"	9	1	1	5	0	0	45	100	0	0	395.979797464	395.979797464	1551383200.58	298	290	298	290
"5076"	9	1	1	5	0	0	45	100	0	0	395.979797464	395.979797464	1551383200.61	317	304	317	304
"5077"	9	1	1	5	0	0	45	100	0	0	395.979797464	395.979797464	1551383200.64	330	314	330	314
"5078"	9	1	1	5	0	0	45	100	0	0	395.979797464	395.979797464	1551383200.68	341	323	341	323
"5079"	9	1	1	5	0	0	45	100	0	0	395.979797464	395.979797464	1551383200.71	352	335	352	335
"5080"	9	1	1	5	0	0	45	100	0	0	395.979797464	395.979797464	1551383200.74	360	348	360	348
"5081"	9	1	1	5	0	0	45	100	0	0	395.979797464	395.979797464	1551383200.78	365	356	365	356
"5082"	9	1	1	5	0	0	45	100	0	0	395.979797464	395.979797464	1551383200.81	370	364	370	364
"5083"	9	1	1	5	0	0	45	100	0	0	395.979797464	395.979797464	1551383200.84	376	373	376	373
"5084"	9	1	1	5	0	0	45	100	0	0	395.979797464	395.979797464	1551383200.88	381	378	381	378
"5085"	9	1	1	5	0	0	45	100	0	0	395.979797464	395.979797464	1551383200.91	383	383	383	383
"5086"	9	1	1	5	0	0	45	100	0	0	395.979797464	395.979797464	1551383200.94	386	389	386	389
"5087"	9	1	1	5	0	0	45	100	0	0	395.979797464	395.979797464	1551383200.98	389	395	389	395
"5088"	9	1	1	5	0	0	45	100	0	0	395.979797464	395.979797464	1551383201.01	390	397	390	397
"5089"	9	1	1	5	0	0	45	100	0	0	395.979797464	395.979797464	1551383201.04	391	399	391	399
"5090"	9	1	1	5	0	0	45	100	0	0	395.979797464	395.979797464	1551383201.08	392	400	392	400
"5091"	9	1	1	6	0	0	135	100	0	0	-395.979797464	395.979797464	1551383202.22	-4	-4	-4	-4
"5092"	9	1	1	6	0	0	135	100	0	0	-395.979797464	395.979797464	1551383202.24	-4	-4	-4	-4
"5093"	9	1	1	6	0	0	135	100	0	0	-395.979797464	395.979797464	1551383202.28	-4	-4	-4	-4
"5094"	9	1	1	6	0	0	135	100	0	0	-395.979797464	395.979797464	1551383202.31	-4	-4	-4	-4
"5095"	9	1	1	6	0	0	135	100	0	0	-395.979797464	395.979797464	1551383202.35	-3	-4	-3	-4
"5096"	9	1	1	6	0	0	135	100	0	0	-395.979797464	395.979797464	1551383202.38	-3	-4	-3	-4
"5097"	9	1	1	6	0	0	135	100	0	0	-395.979797464	395.979797464	1551383202.41	-3	-4	-3	-4
"5098"	9	1	1	6	0	0	135	100	0	0	-395.979797464	395.979797464	1551383202.45	-3	-4	-3	-4
"5099"	9	1	1	6	0	0	135	100	0	0	-395.979797464	395.979797464	1551383202.48	-3	-3	-3	-3
"5100"	9	1	1	6	0	0	135	100	0	0	-395.979797464	395.979797464	1551383202.51	-3	1	-3	1
"5101"	9	1	1	6	0	0	135	100	0	0	-395.979797464	395.979797464	1551383202.55	-6	12	-6	12
"5102"	9	1	1	6	0	0	135	100	0	0	-395.979797464	395.979797464	1551383202.58	-15	30	-15	30
"5103"	9	1	1	6	0	0	135	100	0	0	-395.979797464	395.979797464	1551383202.61	-38	58	-38	58
"5104"	9	1	1	6	0	0	135	100	0	0	-395.979797464	395.979797464	1551383202.65	-60	82	-60	82
"5105"	9	1	1	6	0	0	135	100	0	0	-395.979797464	395.979797464	1551383202.68	-89	105	-89	105
"5106"	9	1	1	6	0	0	135	100	0	0	-395.979797464	395.979797464	1551383202.71	-119	127	-119	127
"5107"	9	1	1	6	0	0	135	100	0	0	-395.979797464	395.979797464	1551383202.75	-146	144	-146	144
"5108"	9	1	1	6	0	0	135	100	0	0	-395.979797464	395.979797464	1551383202.78	-178	163	-178	163
"5109"	9	1	1	6	0	0	135	100	0	0	-395.979797464	395.979797464	1551383202.81	-201	179	-201	179
"5110"	9	1	1	6	0	0	135	100	0	0	-395.979797464	395.979797464	1551383202.85	-231	198	-231	198
"5111"	9	1	1	6	0	0	135	100	0	0	-395.979797464	395.979797464	1551383202.88	-253	212	-253	212
"5112"	9	1	1	6	0	0	135	100	0	0	-395.979797464	395.979797464	1551383202.91	-274	228	-274	228
"5113"	9	1	1	6	0	0	135	100	0	0	-395.979797464	395.979797464	1551383202.95	-290	241	-290	241
"5114"	9	1	1	6	0	0	135	100	0	0	-395.979797464	395.979797464	1551383202.98	-305	254	-305	254
"5115"	9	1	1	6	0	0	135	100	0	0	-395.979797464	395.979797464	1551383203.01	-319	271	-319	271
"5116"	9	1	1	6	0	0	135	100	0	0	-395.979797464	395.979797464	1551383203.05	-333	287	-333	287
"5117"	9	1	1	6	0	0	135	100	0	0	-395.979797464	395.979797464	1551383203.08	-345	301	-345	301
"5118"	9	1	1	6	0	0	135	100	0	0	-395.979797464	395.979797464	1551383203.11	-356	317	-356	317
"5119"	9	1	1	6	0	0	135	100	0	0	-395.979797464	395.979797464	1551383203.15	-365	330	-365	330
"5120"	9	1	1	6	0	0	135	100	0	0	-395.979797464	395.979797464	1551383203.18	-371	342	-371	342
"5121"	9	1	1	6	0	0	135	100	0	0	-395.979797464	395.979797464	1551383203.21	-375	352	-375	352
"5122"	9	1	1	6	0	0	135	100	0	0	-395.979797464	395.979797464	1551383203.25	-378	361	-378	361
"5123"	9	1	1	6	0	0	135	100	0	0	-395.979797464	395.979797464	1551383203.28	-379	368	-379	368
"5124"	9	1	1	6	0	0	135	100	0	0	-395.979797464	395.979797464	1551383203.31	-380	374	-380	374
"5125"	9	1	1	6	0	0	135	100	0	0	-395.979797464	395.979797464	1551383203.35	-381	380	-381	380
"5126"	9	1	1	6	0	0	135	100	0	0	-395.979797464	395.979797464	1551383203.38	-382	385	-382	385
"5127"	9	1	1	6	0	0	135	100	0	0	-395.979797464	395.979797464	1551383203.41	-383	390	-383	390
"5128"	9	1	1	6	0	0	135	100	0	0	-395.979797464	395.979797464	1551383203.45	-384	393	-384	393
"5129"	9	1	1	6	0	0	135	100	0	0	-395.979797464	395.979797464	1551383203.48	-385	396	-385	396
"5130"	9	1	1	7	0	0	90	100	0	0	3.42901103761e-14	560	1551383205.06	-5	0	-5	0
"5131"	9	1	1	7	0	0	90	100	0	0	3.42901103761e-14	560	1551383205.08	-3	0	-3	0
"5132"	9	1	1	7	0	0	90	100	0	0	3.42901103761e-14	560	1551383205.11	-3	0	-3	0
"5133"	9	1	1	7	0	0	90	100	0	0	3.42901103761e-14	560	1551383205.15	-3	0	-3	0
"5134"	9	1	1	7	0	0	90	100	0	0	3.42901103761e-14	560	1551383205.18	-2	0	-2	0
"5135"	9	1	1	7	0	0	90	100	0	0	3.42901103761e-14	560	1551383205.21	-2	-1	-2	-1
"5136"	9	1	1	7	0	0	90	100	0	0	3.42901103761e-14	560	1551383205.25	-2	-1	-2	-1
"5137"	9	1	1	7	0	0	90	100	0	0	3.42901103761e-14	560	1551383205.28	-2	-1	-2	-1
"5138"	9	1	1	7	0	0	90	100	0	0	3.42901103761e-14	560	1551383205.31	-2	-1	-2	-1
"5139"	9	1	1	7	0	0	90	100	0	0	3.42901103761e-14	560	1551383205.35	-2	0	-2	0
"5140"	9	1	1	7	0	0	90	100	0	0	3.42901103761e-14	560	1551383205.38	-2	6	-2	6
"5141"	9	1	1	7	0	0	90	100	0	0	3.42901103761e-14	560	1551383205.41	-4	17	-4	17
"5142"	9	1	1	7	0	0	90	100	0	0	3.42901103761e-14	560	1551383205.45	-6	33	-6	33
"5143"	9	1	1	7	0	0	90	100	0	0	3.42901103761e-14	560	1551383205.48	-10	47	-10	47
"5144"	9	1	1	7	0	0	90	100	0	0	3.42901103761e-14	560	1551383205.51	-14	64	-14	64
"5145"	9	1	1	7	0	0	90	100	0	0	3.42901103761e-14	560	1551383205.55	-17	81	-17	81
"5146"	9	1	1	7	0	0	90	100	0	0	3.42901103761e-14	560	1551383205.58	-19	103	-19	103
"5147"	9	1	1	7	0	0	90	100	0	0	3.42901103761e-14	560	1551383205.61	-20	128	-20	128
"5148"	9	1	1	7	0	0	90	100	0	0	3.42901103761e-14	560	1551383205.65	-21	157	-21	157
"5149"	9	1	1	7	0	0	90	100	0	0	3.42901103761e-14	560	1551383205.68	-21	185	-21	185
"5150"	9	1	1	7	0	0	90	100	0	0	3.42901103761e-14	560	1551383205.71	-21	221	-21	221
"5151"	9	1	1	7	0	0	90	100	0	0	3.42901103761e-14	560	1551383205.75	-19	248	-19	248
"5152"	9	1	1	7	0	0	90	100	0	0	3.42901103761e-14	560	1551383205.78	-17	281	-17	281
"5153"	9	1	1	7	0	0	90	100	0	0	3.42901103761e-14	560	1551383205.81	-16	305	-16	305
"5154"	9	1	1	7	0	0	90	100	0	0	3.42901103761e-14	560	1551383205.85	-15	331	-15	331
"5155"	9	1	1	7	0	0	90	100	0	0	3.42901103761e-14	560	1551383205.88	-14	357	-14	357
"5156"	9	1	1	7	0	0	90	100	0	0	3.42901103761e-14	560	1551383205.91	-13	378	-13	378
"5157"	9	1	1	7	0	0	90	100	0	0	3.42901103761e-14	560	1551383205.95	-10	405	-10	405
"5158"	9	1	1	7	0	0	90	100	0	0	3.42901103761e-14	560	1551383205.98	-8	430	-8	430
"5159"	9	1	1	7	0	0	90	100	0	0	3.42901103761e-14	560	1551383206.01	-7	455	-7	455
"5160"	9	1	1	7	0	0	90	100	0	0	3.42901103761e-14	560	1551383206.05	-4	475	-4	475
"5161"	9	1	1	7	0	0	90	100	0	0	3.42901103761e-14	560	1551383206.08	-3	494	-3	494
"5162"	9	1	1	7	0	0	90	100	0	0	3.42901103761e-14	560	1551383206.11	-4	507	-4	507
"5163"	9	1	1	7	0	0	90	100	0	0	3.42901103761e-14	560	1551383206.15	-4	517	-4	517
"5164"	9	1	1	7	0	0	90	100	0	0	3.42901103761e-14	560	1551383206.18	-4	527	-4	527
"5165"	9	1	1	7	0	0	90	100	0	0	3.42901103761e-14	560	1551383206.21	-4	535	-4	535
"5166"	9	1	1	7	0	0	90	100	0	0	3.42901103761e-14	560	1551383206.25	-4	540	-4	540
"5167"	9	1	1	7	0	0	90	100	0	0	3.42901103761e-14	560	1551383206.28	-2	548	-2	548
"5168"	9	1	1	7	0	0	90	100	0	0	3.42901103761e-14	560	1551383206.32	0	554	0	554
"5169"	9	1	1	7	0	0	90	100	0	0	3.42901103761e-14	560	1551383206.35	2	560	2	560
"5170"	9	1	1	7	0	0	90	100	0	0	3.42901103761e-14	560	1551383206.38	5	566	5	566
"5171"	9	1	1	7	0	0	90	100	0	0	3.42901103761e-14	560	1551383206.41	7	572	7	572
"5172"	9	1	1	7	0	0	90	100	0	0	3.42901103761e-14	560	1551383206.45	8	574	8	574
"5173"	9	1	1	7	0	0	90	100	0	0	3.42901103761e-14	560	1551383206.48	8	574	8	574
"5174"	9	1	1	7	0	0	90	100	0	0	3.42901103761e-14	560	1551383206.52	8	574	8	574
"5175"	9	1	1	7	0	0	90	100	0	0	3.42901103761e-14	560	1551383206.55	8	574	8	574
"5176"	9	1	1	7	0	0	90	100	0	0	3.42901103761e-14	560	1551383206.58	8	574	8	574
"5177"	9	1	1	7	0	0	90	100	0	0	3.42901103761e-14	560	1551383206.62	7	571	7	571
"5178"	9	1	1	7	0	0	90	100	0	0	3.42901103761e-14	560	1551383206.65	6	564	6	564
"5179"	9	1	1	7	0	0	90	100	0	0	3.42901103761e-14	560	1551383206.68	3	555	3	555
"5180"	9	1	1	7	0	0	90	100	0	0	3.42901103761e-14	560	1551383206.72	1	552	1	552
"5181"	9	1	1	8	0	0	45	100	0	0	395.979797464	395.979797464	1551383207.76	3	4	3	4
"5182"	9	1	1	8	0	0	45	100	0	0	395.979797464	395.979797464	1551383207.78	3	4	3	4
"5183"	9	1	1	8	0	0	45	100	0	0	395.979797464	395.979797464	1551383207.82	3	4	3	4
"5184"	9	1	1	8	0	0	45	100	0	0	395.979797464	395.979797464	1551383207.85	3	4	3	4
"5185"	9	1	1	8	0	0	45	100	0	0	395.979797464	395.979797464	1551383207.88	3	4	3	4
"5186"	9	1	1	8	0	0	45	100	0	0	395.979797464	395.979797464	1551383207.92	3	4	3	4
"5187"	9	1	1	8	0	0	45	100	0	0	395.979797464	395.979797464	1551383207.95	3	4	3	4
"5188"	9	1	1	8	0	0	45	100	0	0	395.979797464	395.979797464	1551383207.98	3	4	3	4
"5189"	9	1	1	8	0	0	45	100	0	0	395.979797464	395.979797464	1551383208.02	3	4	3	4
"5190"	9	1	1	8	0	0	45	100	0	0	395.979797464	395.979797464	1551383208.05	3	4	3	4
"5191"	9	1	1	8	0	0	45	100	0	0	395.979797464	395.979797464	1551383208.08	3	4	3	4
"5192"	9	1	1	8	0	0	45	100	0	0	395.979797464	395.979797464	1551383208.12	4	6	4	6
"5193"	9	1	1	8	0	0	45	100	0	0	395.979797464	395.979797464	1551383208.15	7	14	7	14
"5194"	9	1	1	8	0	0	45	100	0	0	395.979797464	395.979797464	1551383208.18	15	26	15	26
"5195"	9	1	1	8	0	0	45	100	0	0	395.979797464	395.979797464	1551383208.22	37	57	37	57
"5196"	9	1	1	8	0	0	45	100	0	0	395.979797464	395.979797464	1551383208.25	57	84	57	84
"5197"	9	1	1	8	0	0	45	100	0	0	395.979797464	395.979797464	1551383208.28	83	114	83	114
"5198"	9	1	1	8	0	0	45	100	0	0	395.979797464	395.979797464	1551383208.32	113	147	113	147
"5199"	9	1	1	8	0	0	45	100	0	0	395.979797464	395.979797464	1551383208.35	148	179	148	179
"5200"	9	1	1	8	0	0	45	100	0	0	395.979797464	395.979797464	1551383208.38	188	217	188	217
"5201"	9	1	1	8	0	0	45	100	0	0	395.979797464	395.979797464	1551383208.42	218	243	218	243
"5202"	9	1	1	8	0	0	45	100	0	0	395.979797464	395.979797464	1551383208.45	240	263	240	263
"5203"	9	1	1	8	0	0	45	100	0	0	395.979797464	395.979797464	1551383208.48	270	283	270	283
"5204"	9	1	1	8	0	0	45	100	0	0	395.979797464	395.979797464	1551383208.52	296	299	296	299
"5205"	9	1	1	8	0	0	45	100	0	0	395.979797464	395.979797464	1551383208.55	318	313	318	313
"5206"	9	1	1	8	0	0	45	100	0	0	395.979797464	395.979797464	1551383208.58	337	323	337	323
"5207"	9	1	1	8	0	0	45	100	0	0	395.979797464	395.979797464	1551383208.62	357	336	357	336
"5208"	9	1	1	8	0	0	45	100	0	0	395.979797464	395.979797464	1551383208.65	371	347	371	347
"5209"	9	1	1	8	0	0	45	100	0	0	395.979797464	395.979797464	1551383208.68	386	359	386	359
"5210"	9	1	1	8	0	0	45	100	0	0	395.979797464	395.979797464	1551383208.72	401	369	401	369
"5211"	9	1	1	8	0	0	45	100	0	0	395.979797464	395.979797464	1551383208.75	414	377	414	377
"5212"	9	1	1	8	0	0	45	100	0	0	395.979797464	395.979797464	1551383208.78	422	382	422	382
"5213"	9	1	1	8	0	0	45	100	0	0	395.979797464	395.979797464	1551383208.82	427	386	427	386
"5214"	9	1	1	8	0	0	45	100	0	0	395.979797464	395.979797464	1551383208.85	429	389	429	389
"5215"	9	1	1	8	0	0	45	100	0	0	395.979797464	395.979797464	1551383208.88	429	393	429	393
"5216"	9	1	1	8	0	0	45	100	0	0	395.979797464	395.979797464	1551383208.92	428	397	428	397
"5217"	9	1	1	8	0	0	45	100	0	0	395.979797464	395.979797464	1551383208.95	426	400	426	400
"5218"	9	1	1	8	0	0	45	100	0	0	395.979797464	395.979797464	1551383208.98	424	402	424	402
"5219"	9	1	1	8	0	0	45	100	0	0	395.979797464	395.979797464	1551383209.02	421	403	421	403
"5220"	9	1	1	8	0	0	45	100	0	0	395.979797464	395.979797464	1551383209.05	418	402	418	402
"5221"	9	1	1	8	0	0	45	100	0	0	395.979797464	395.979797464	1551383209.08	416	400	416	400
"5222"	9	1	1	8	0	0	45	100	0	0	395.979797464	395.979797464	1551383209.12	415	399	415	399
"5223"	9	1	1	8	0	0	45	100	0	0	395.979797464	395.979797464	1551383209.15	415	399	415	399
"5224"	9	1	1	8	0	0	45	100	0	0	395.979797464	395.979797464	1551383209.18	415	398	415	398
"5225"	9	1	1	8	0	0	45	100	0	0	395.979797464	395.979797464	1551383209.22	415	398	415	398
"5226"	9	1	1	8	0	0	45	100	0	0	395.979797464	395.979797464	1551383209.25	415	398	415	398
"5227"	9	1	1	8	0	0	45	100	0	0	395.979797464	395.979797464	1551383209.28	411	395	411	395
"5228"	9	1	1	8	0	0	45	100	0	0	395.979797464	395.979797464	1551383209.32	409	395	409	395
"5229"	9	1	1	9	0	0	135	100	0	0	-395.979797464	395.979797464	1551383210.4	8	-2	8	-2
"5230"	9	1	1	9	0	0	135	100	0	0	-395.979797464	395.979797464	1551383210.42	7	-2	7	-2
"5231"	9	1	1	9	0	0	135	100	0	0	-395.979797464	395.979797464	1551383210.45	5	-1	5	-1
"5232"	9	1	1	9	0	0	135	100	0	0	-395.979797464	395.979797464	1551383210.48	4	0	4	0
"5233"	9	1	1	9	0	0	135	100	0	0	-395.979797464	395.979797464	1551383210.52	3	2	3	2
"5234"	9	1	1	9	0	0	135	100	0	0	-395.979797464	395.979797464	1551383210.55	3	4	3	4
"5235"	9	1	1	9	0	0	135	100	0	0	-395.979797464	395.979797464	1551383210.58	3	5	3	5
"5236"	9	1	1	9	0	0	135	100	0	0	-395.979797464	395.979797464	1551383210.62	3	5	3	5
"5237"	9	1	1	9	0	0	135	100	0	0	-395.979797464	395.979797464	1551383210.65	3	5	3	5
"5238"	9	1	1	9	0	0	135	100	0	0	-395.979797464	395.979797464	1551383210.69	3	5	3	5
"5239"	9	1	1	9	0	0	135	100	0	0	-395.979797464	395.979797464	1551383210.72	3	5	3	5
"5240"	9	1	1	9	0	0	135	100	0	0	-395.979797464	395.979797464	1551383210.75	-1	9	-1	9
"5241"	9	1	1	9	0	0	135	100	0	0	-395.979797464	395.979797464	1551383210.78	-10	19	-10	19
"5242"	9	1	1	9	0	0	135	100	0	0	-395.979797464	395.979797464	1551383210.82	-30	36	-30	36
"5243"	9	1	1	9	0	0	135	100	0	0	-395.979797464	395.979797464	1551383210.85	-52	55	-52	55
"5244"	9	1	1	9	0	0	135	100	0	0	-395.979797464	395.979797464	1551383210.89	-78	84	-78	84
"5245"	9	1	1	9	0	0	135	100	0	0	-395.979797464	395.979797464	1551383210.92	-109	109	-109	109
"5246"	9	1	1	9	0	0	135	100	0	0	-395.979797464	395.979797464	1551383210.95	-137	128	-137	128
"5247"	9	1	1	9	0	0	135	100	0	0	-395.979797464	395.979797464	1551383210.99	-169	151	-169	151
"5248"	9	1	1	9	0	0	135	100	0	0	-395.979797464	395.979797464	1551383211.02	-201	172	-201	172
"5249"	9	1	1	9	0	0	135	100	0	0	-395.979797464	395.979797464	1551383211.05	-231	191	-231	191
"5250"	9	1	1	9	0	0	135	100	0	0	-395.979797464	395.979797464	1551383211.09	-259	212	-259	212
"5251"	9	1	1	9	0	0	135	100	0	0	-395.979797464	395.979797464	1551383211.12	-281	230	-281	230
"5252"	9	1	1	9	0	0	135	100	0	0	-395.979797464	395.979797464	1551383211.15	-306	253	-306	253
"5253"	9	1	1	9	0	0	135	100	0	0	-395.979797464	395.979797464	1551383211.19	-325	272	-325	272
"5254"	9	1	1	9	0	0	135	100	0	0	-395.979797464	395.979797464	1551383211.22	-345	293	-345	293
"5255"	9	1	1	9	0	0	135	100	0	0	-395.979797464	395.979797464	1551383211.25	-362	312	-362	312
"5256"	9	1	1	9	0	0	135	100	0	0	-395.979797464	395.979797464	1551383211.29	-373	325	-373	325
"5257"	9	1	1	9	0	0	135	100	0	0	-395.979797464	395.979797464	1551383211.32	-380	336	-380	336
"5258"	9	1	1	9	0	0	135	100	0	0	-395.979797464	395.979797464	1551383211.35	-384	344	-384	344
"5259"	9	1	1	9	0	0	135	100	0	0	-395.979797464	395.979797464	1551383211.39	-387	351	-387	351
"5260"	9	1	1	9	0	0	135	100	0	0	-395.979797464	395.979797464	1551383211.42	-388	357	-388	357
"5261"	9	1	1	9	0	0	135	100	0	0	-395.979797464	395.979797464	1551383211.45	-389	362	-389	362
"5262"	9	1	1	9	0	0	135	100	0	0	-395.979797464	395.979797464	1551383211.49	-389	368	-389	368
"5263"	9	1	1	9	0	0	135	100	0	0	-395.979797464	395.979797464	1551383211.52	-388	373	-388	373
"5264"	9	1	1	9	0	0	135	100	0	0	-395.979797464	395.979797464	1551383211.55	-387	378	-387	378
"5265"	9	1	1	9	0	0	135	100	0	0	-395.979797464	395.979797464	1551383211.59	-386	384	-386	384
"5266"	9	1	1	9	0	0	135	100	0	0	-395.979797464	395.979797464	1551383211.62	-386	386	-386	386
"5267"	9	1	1	10	0	0	90	100	0	0	3.42901103761e-14	560	1551383212.8	-6	2	-6	2
"5268"	9	1	1	10	0	0	90	100	0	0	3.42901103761e-14	560	1551383212.82	-6	2	-6	2
"5269"	9	1	1	10	0	0	90	100	0	0	3.42901103761e-14	560	1551383212.85	-6	2	-6	2
"5270"	9	1	1	10	0	0	90	100	0	0	3.42901103761e-14	560	1551383212.89	-6	2	-6	2
"5271"	9	1	1	10	0	0	90	100	0	0	3.42901103761e-14	560	1551383212.92	-6	2	-6	2
"5272"	9	1	1	10	0	0	90	100	0	0	3.42901103761e-14	560	1551383212.95	-6	2	-6	2
"5273"	9	1	1	10	0	0	90	100	0	0	3.42901103761e-14	560	1551383212.99	-6	2	-6	2
"5274"	9	1	1	10	0	0	90	100	0	0	3.42901103761e-14	560	1551383213.02	-6	2	-6	2
"5275"	9	1	1	10	0	0	90	100	0	0	3.42901103761e-14	560	1551383213.05	-6	2	-6	2
"5276"	9	1	1	10	0	0	90	100	0	0	3.42901103761e-14	560	1551383213.09	-7	3	-7	3
"5277"	9	1	1	10	0	0	90	100	0	0	3.42901103761e-14	560	1551383213.12	-14	25	-14	25
"5278"	9	1	1	10	0	0	90	100	0	0	3.42901103761e-14	560	1551383213.15	-20	57	-20	57
"5279"	9	1	1	10	0	0	90	100	0	0	3.42901103761e-14	560	1551383213.19	-24	99	-24	99
"5280"	9	1	1	10	0	0	90	100	0	0	3.42901103761e-14	560	1551383213.22	-27	146	-27	146
"5281"	9	1	1	10	0	0	90	100	0	0	3.42901103761e-14	560	1551383213.25	-27	188	-27	188
"5282"	9	1	1	10	0	0	90	100	0	0	3.42901103761e-14	560	1551383213.29	-19	225	-19	225
"5283"	9	1	1	10	0	0	90	100	0	0	3.42901103761e-14	560	1551383213.32	-8	265	-8	265
"5284"	9	1	1	10	0	0	90	100	0	0	3.42901103761e-14	560	1551383213.35	-5	300	-5	300
"5285"	9	1	1	10	0	0	90	100	0	0	3.42901103761e-14	560	1551383213.39	-2	333	-2	333
"5286"	9	1	1	10	0	0	90	100	0	0	3.42901103761e-14	560	1551383213.42	5	368	5	368
"5287"	9	1	1	10	0	0	90	100	0	0	3.42901103761e-14	560	1551383213.45	8	399	8	399
"5288"	9	1	1	10	0	0	90	100	0	0	3.42901103761e-14	560	1551383213.49	9	426	9	426
"5289"	9	1	1	10	0	0	90	100	0	0	3.42901103761e-14	560	1551383213.52	10	451	10	451
"5290"	9	1	1	10	0	0	90	100	0	0	3.42901103761e-14	560	1551383213.55	9	465	9	465
"5291"	9	1	1	10	0	0	90	100	0	0	3.42901103761e-14	560	1551383213.59	9	488	9	488
"5292"	9	1	1	10	0	0	90	100	0	0	3.42901103761e-14	560	1551383213.62	9	499	9	499
"5293"	9	1	1	10	0	0	90	100	0	0	3.42901103761e-14	560	1551383213.65	7	509	7	509
"5294"	9	1	1	10	0	0	90	100	0	0	3.42901103761e-14	560	1551383213.69	6	520	6	520
"5295"	9	1	1	10	0	0	90	100	0	0	3.42901103761e-14	560	1551383213.72	7	528	7	528
"5296"	9	1	1	10	0	0	90	100	0	0	3.42901103761e-14	560	1551383213.75	7	535	7	535
"5297"	9	1	1	10	0	0	90	100	0	0	3.42901103761e-14	560	1551383213.79	6	541	6	541
"5298"	9	1	1	10	0	0	90	100	0	0	3.42901103761e-14	560	1551383213.82	4	549	4	549
"5299"	9	1	1	10	0	0	90	100	0	0	3.42901103761e-14	560	1551383213.85	1	555	1	555
"5300"	9	1	1	10	0	0	90	100	0	0	3.42901103761e-14	560	1551383213.89	0	557	0	557
"5301"	9	1	1	11	0	0	135	100	0	0	-395.979797464	395.979797464	1551383215.23	2	-7	2	-7
"5302"	9	1	1	11	0	0	135	100	0	0	-395.979797464	395.979797464	1551383215.25	2	-7	2	-7
"5303"	9	1	1	11	0	0	135	100	0	0	-395.979797464	395.979797464	1551383215.29	2	-7	2	-7
"5304"	9	1	1	11	0	0	135	100	0	0	-395.979797464	395.979797464	1551383215.32	2	-7	2	-7
"5305"	9	1	1	11	0	0	135	100	0	0	-395.979797464	395.979797464	1551383215.36	2	-7	2	-7
"5306"	9	1	1	11	0	0	135	100	0	0	-395.979797464	395.979797464	1551383215.39	2	-7	2	-7
"5307"	9	1	1	11	0	0	135	100	0	0	-395.979797464	395.979797464	1551383215.42	2	-7	2	-7
"5308"	9	1	1	11	0	0	135	100	0	0	-395.979797464	395.979797464	1551383215.46	2	-7	2	-7
"5309"	9	1	1	11	0	0	135	100	0	0	-395.979797464	395.979797464	1551383215.49	2	-6	2	-6
"5310"	9	1	1	11	0	0	135	100	0	0	-395.979797464	395.979797464	1551383215.52	2	-6	2	-6
"5311"	9	1	1	11	0	0	135	100	0	0	-395.979797464	395.979797464	1551383215.56	-5	0	-5	0
"5312"	9	1	1	11	0	0	135	100	0	0	-395.979797464	395.979797464	1551383215.59	-20	11	-20	11
"5313"	9	1	1	11	0	0	135	100	0	0	-395.979797464	395.979797464	1551383215.62	-51	31	-51	31
"5314"	9	1	1	11	0	0	135	100	0	0	-395.979797464	395.979797464	1551383215.66	-72	43	-72	43
"5315"	9	1	1	11	0	0	135	100	0	0	-395.979797464	395.979797464	1551383215.69	-92	57	-92	57
"5316"	9	1	1	11	0	0	135	100	0	0	-395.979797464	395.979797464	1551383215.72	-110	73	-110	73
"5317"	9	1	1	11	0	0	135	100	0	0	-395.979797464	395.979797464	1551383215.76	-134	97	-134	97
"5318"	9	1	1	11	0	0	135	100	0	0	-395.979797464	395.979797464	1551383215.79	-158	123	-158	123
"5319"	9	1	1	11	0	0	135	100	0	0	-395.979797464	395.979797464	1551383215.82	-181	149	-181	149
"5320"	9	1	1	11	0	0	135	100	0	0	-395.979797464	395.979797464	1551383215.86	-212	177	-212	177
"5321"	9	1	1	11	0	0	135	100	0	0	-395.979797464	395.979797464	1551383215.89	-246	206	-246	206
"5322"	9	1	1	11	0	0	135	100	0	0	-395.979797464	395.979797464	1551383215.92	-274	231	-274	231
"5323"	9	1	1	11	0	0	135	100	0	0	-395.979797464	395.979797464	1551383215.96	-305	258	-305	258
"5324"	9	1	1	11	0	0	135	100	0	0	-395.979797464	395.979797464	1551383215.99	-326	280	-326	280
"5325"	9	1	1	11	0	0	135	100	0	0	-395.979797464	395.979797464	1551383216.02	-351	306	-351	306
"5326"	9	1	1	11	0	0	135	100	0	0	-395.979797464	395.979797464	1551383216.06	-361	317	-361	317
"5327"	9	1	1	11	0	0	135	100	0	0	-395.979797464	395.979797464	1551383216.09	-372	330	-372	330
"5328"	9	1	1	11	0	0	135	100	0	0	-395.979797464	395.979797464	1551383216.12	-378	340	-378	340
"5329"	9	1	1	11	0	0	135	100	0	0	-395.979797464	395.979797464	1551383216.16	-382	349	-382	349
"5330"	9	1	1	11	0	0	135	100	0	0	-395.979797464	395.979797464	1551383216.19	-386	357	-386	357
"5331"	9	1	1	11	0	0	135	100	0	0	-395.979797464	395.979797464	1551383216.22	-388	364	-388	364
"5332"	9	1	1	11	0	0	135	100	0	0	-395.979797464	395.979797464	1551383216.26	-389	369	-389	369
"5333"	9	1	1	11	0	0	135	100	0	0	-395.979797464	395.979797464	1551383216.29	-389	374	-389	374
"5334"	9	1	1	11	0	0	135	100	0	0	-395.979797464	395.979797464	1551383216.32	-388	380	-388	380
"5335"	9	1	1	11	0	0	135	100	0	0	-395.979797464	395.979797464	1551383216.36	-386	384	-386	384
"5336"	9	1	1	11	0	0	135	100	0	0	-395.979797464	395.979797464	1551383216.39	-385	387	-385	387
"5337"	9	1	1	11	0	0	135	100	0	0	-395.979797464	395.979797464	1551383216.42	-383	391	-383	391
"5338"	9	1	1	12	0	0	45	100	0	0	395.979797464	395.979797464	1551383217.84	-1	4	-1	4
"5339"	9	1	1	12	0	0	45	100	0	0	395.979797464	395.979797464	1551383217.86	-1	4	-1	4
"5340"	9	1	1	12	0	0	45	100	0	0	395.979797464	395.979797464	1551383217.89	-1	4	-1	4
"5341"	9	1	1	12	0	0	45	100	0	0	395.979797464	395.979797464	1551383217.92	-1	4	-1	4
"5342"	9	1	1	12	0	0	45	100	0	0	395.979797464	395.979797464	1551383217.96	-1	4	-1	4
"5343"	9	1	1	12	0	0	45	100	0	0	395.979797464	395.979797464	1551383217.99	-1	4	-1	4
"5344"	9	1	1	12	0	0	45	100	0	0	395.979797464	395.979797464	1551383218.02	-1	4	-1	4
"5345"	9	1	1	12	0	0	45	100	0	0	395.979797464	395.979797464	1551383218.06	-1	4	-1	4
"5346"	9	1	1	12	0	0	45	100	0	0	395.979797464	395.979797464	1551383218.09	-1	4	-1	4
"5347"	9	1	1	12	0	0	45	100	0	0	395.979797464	395.979797464	1551383218.12	-1	5	-1	5
"5348"	9	1	1	12	0	0	45	100	0	0	395.979797464	395.979797464	1551383218.16	0	14	0	14
"5349"	9	1	1	12	0	0	45	100	0	0	395.979797464	395.979797464	1551383218.19	4	28	4	28
"5350"	9	1	1	12	0	0	45	100	0	0	395.979797464	395.979797464	1551383218.22	17	53	17	53
"5351"	9	1	1	12	0	0	45	100	0	0	395.979797464	395.979797464	1551383218.26	36	79	36	79
"5352"	9	1	1	12	0	0	45	100	0	0	395.979797464	395.979797464	1551383218.29	62	109	62	109
"5353"	9	1	1	12	0	0	45	100	0	0	395.979797464	395.979797464	1551383218.32	84	136	84	136
"5354"	9	1	1	12	0	0	45	100	0	0	395.979797464	395.979797464	1551383218.36	109	167	109	167
"5355"	9	1	1	12	0	0	45	100	0	0	395.979797464	395.979797464	1551383218.39	138	195	138	195
"5356"	9	1	1	12	0	0	45	100	0	0	395.979797464	395.979797464	1551383218.42	166	221	166	221
"5357"	9	1	1	12	0	0	45	100	0	0	395.979797464	395.979797464	1551383218.46	199	250	199	250
"5358"	9	1	1	12	0	0	45	100	0	0	395.979797464	395.979797464	1551383218.49	234	275	234	275
"5359"	9	1	1	12	0	0	45	100	0	0	395.979797464	395.979797464	1551383218.52	265	294	265	294
"5360"	9	1	1	12	0	0	45	100	0	0	395.979797464	395.979797464	1551383218.56	301	314	301	314
"5361"	9	1	1	12	0	0	45	100	0	0	395.979797464	395.979797464	1551383218.59	326	327	326	327
"5362"	9	1	1	12	0	0	45	100	0	0	395.979797464	395.979797464	1551383218.62	351	342	351	342
"5363"	9	1	1	12	0	0	45	100	0	0	395.979797464	395.979797464	1551383218.66	364	350	364	350
"5364"	9	1	1	12	0	0	45	100	0	0	395.979797464	395.979797464	1551383218.69	380	361	380	361
"5365"	9	1	1	12	0	0	45	100	0	0	395.979797464	395.979797464	1551383218.72	394	371	394	371
"5366"	9	1	1	12	0	0	45	100	0	0	395.979797464	395.979797464	1551383218.76	401	377	401	377
"5367"	9	1	1	12	0	0	45	100	0	0	395.979797464	395.979797464	1551383218.79	408	387	408	387
"5368"	9	1	1	12	0	0	45	100	0	0	395.979797464	395.979797464	1551383218.82	416	397	416	397
"5369"	9	1	1	12	0	0	45	100	0	0	395.979797464	395.979797464	1551383218.86	419	402	419	402
"5370"	9	1	1	12	0	0	45	100	0	0	395.979797464	395.979797464	1551383218.89	419	404	419	404
"5371"	9	1	1	12	0	0	45	100	0	0	395.979797464	395.979797464	1551383218.92	419	405	419	405
"5372"	9	1	1	12	0	0	45	100	0	0	395.979797464	395.979797464	1551383218.96	418	405	418	405
"5373"	9	1	1	12	0	0	45	100	0	0	395.979797464	395.979797464	1551383218.99	419	407	419	407
"5374"	9	1	1	12	0	0	45	100	0	0	395.979797464	395.979797464	1551383219.02	419	408	419	408
"5375"	9	1	1	12	0	0	45	100	0	0	395.979797464	395.979797464	1551383219.06	416	409	416	409
"5376"	9	1	1	12	0	0	45	100	0	0	395.979797464	395.979797464	1551383219.09	408	407	408	407
"5377"	9	1	1	12	0	0	45	100	0	0	395.979797464	395.979797464	1551383219.12	402	405	402	405
"5378"	9	1	1	13	0	0	135	100	0	0	-395.979797464	395.979797464	1551383220.34	4	6	4	6
"5379"	9	1	1	13	0	0	135	100	0	0	-395.979797464	395.979797464	1551383220.36	3	6	3	6
"5380"	9	1	1	13	0	0	135	100	0	0	-395.979797464	395.979797464	1551383220.39	1	4	1	4
"5381"	9	1	1	13	0	0	135	100	0	0	-395.979797464	395.979797464	1551383220.43	1	4	1	4
"5382"	9	1	1	13	0	0	135	100	0	0	-395.979797464	395.979797464	1551383220.46	1	4	1	4
"5383"	9	1	1	13	0	0	135	100	0	0	-395.979797464	395.979797464	1551383220.49	1	4	1	4
"5384"	9	1	1	13	0	0	135	100	0	0	-395.979797464	395.979797464	1551383220.53	1	4	1	4
"5385"	9	1	1	13	0	0	135	100	0	0	-395.979797464	395.979797464	1551383220.56	1	4	1	4
"5386"	9	1	1	13	0	0	135	100	0	0	-395.979797464	395.979797464	1551383220.59	1	4	1	4
"5387"	9	1	1	13	0	0	135	100	0	0	-395.979797464	395.979797464	1551383220.63	0	5	0	5
"5388"	9	1	1	13	0	0	135	100	0	0	-395.979797464	395.979797464	1551383220.66	-6	10	-6	10
"5389"	9	1	1	13	0	0	135	100	0	0	-395.979797464	395.979797464	1551383220.69	-19	24	-19	24
"5390"	9	1	1	13	0	0	135	100	0	0	-395.979797464	395.979797464	1551383220.73	-41	42	-41	42
"5391"	9	1	1	13	0	0	135	100	0	0	-395.979797464	395.979797464	1551383220.76	-66	58	-66	58
"5392"	9	1	1	13	0	0	135	100	0	0	-395.979797464	395.979797464	1551383220.79	-91	73	-91	73
"5393"	9	1	1	13	0	0	135	100	0	0	-395.979797464	395.979797464	1551383220.83	-118	89	-118	89
"5394"	9	1	1	13	0	0	135	100	0	0	-395.979797464	395.979797464	1551383220.86	-143	105	-143	105
"5395"	9	1	1	13	0	0	135	100	0	0	-395.979797464	395.979797464	1551383220.89	-174	127	-174	127
"5396"	9	1	1	13	0	0	135	100	0	0	-395.979797464	395.979797464	1551383220.93	-203	150	-203	150
"5397"	9	1	1	13	0	0	135	100	0	0	-395.979797464	395.979797464	1551383220.96	-229	173	-229	173
"5398"	9	1	1	13	0	0	135	100	0	0	-395.979797464	395.979797464	1551383220.99	-260	195	-260	195
"5399"	9	1	1	13	0	0	135	100	0	0	-395.979797464	395.979797464	1551383221.03	-284	214	-284	214
"5400"	9	1	1	13	0	0	135	100	0	0	-395.979797464	395.979797464	1551383221.06	-314	239	-314	239
"5401"	9	1	1	13	0	0	135	100	0	0	-395.979797464	395.979797464	1551383221.09	-331	256	-331	256
"5402"	9	1	1	13	0	0	135	100	0	0	-395.979797464	395.979797464	1551383221.13	-345	271	-345	271
"5403"	9	1	1	13	0	0	135	100	0	0	-395.979797464	395.979797464	1551383221.16	-358	287	-358	287
"5404"	9	1	1	13	0	0	135	100	0	0	-395.979797464	395.979797464	1551383221.19	-366	300	-366	300
"5405"	9	1	1	13	0	0	135	100	0	0	-395.979797464	395.979797464	1551383221.23	-372	313	-372	313
"5406"	9	1	1	13	0	0	135	100	0	0	-395.979797464	395.979797464	1551383221.26	-376	328	-376	328
"5407"	9	1	1	13	0	0	135	100	0	0	-395.979797464	395.979797464	1551383221.29	-379	339	-379	339
"5408"	9	1	1	13	0	0	135	100	0	0	-395.979797464	395.979797464	1551383221.33	-381	352	-381	352
"5409"	9	1	1	13	0	0	135	100	0	0	-395.979797464	395.979797464	1551383221.36	-382	364	-382	364
"5410"	9	1	1	13	0	0	135	100	0	0	-395.979797464	395.979797464	1551383221.39	-384	373	-384	373
"5411"	9	1	1	13	0	0	135	100	0	0	-395.979797464	395.979797464	1551383221.43	-384	380	-384	380
"5412"	9	1	1	13	0	0	135	100	0	0	-395.979797464	395.979797464	1551383221.46	-385	386	-385	386
"5413"	9	1	1	13	0	0	135	100	0	0	-395.979797464	395.979797464	1551383221.49	-385	392	-385	392
"5414"	9	1	1	13	0	0	135	100	0	0	-395.979797464	395.979797464	1551383221.53	-386	395	-386	395
"5415"	9	1	1	13	0	0	135	100	0	0	-395.979797464	395.979797464	1551383221.56	-387	398	-387	398
"5416"	9	1	1	13	0	0	135	100	0	0	-395.979797464	395.979797464	1551383221.59	-388	399	-388	399
"5417"	9	1	1	14	0	0	90	100	0	0	3.42901103761e-14	560	1551383223.01	4	2	4	2
"5418"	9	1	1	14	0	0	90	100	0	0	3.42901103761e-14	560	1551383223.03	4	2	4	2
"5419"	9	1	1	14	0	0	90	100	0	0	3.42901103761e-14	560	1551383223.06	4	2	4	2
"5420"	9	1	1	14	0	0	90	100	0	0	3.42901103761e-14	560	1551383223.09	4	2	4	2
"5421"	9	1	1	14	0	0	90	100	0	0	3.42901103761e-14	560	1551383223.13	4	2	4	2
"5422"	9	1	1	14	0	0	90	100	0	0	3.42901103761e-14	560	1551383223.16	4	2	4	2
"5423"	9	1	1	14	0	0	90	100	0	0	3.42901103761e-14	560	1551383223.19	4	2	4	2
"5424"	9	1	1	14	0	0	90	100	0	0	3.42901103761e-14	560	1551383223.23	4	2	4	2
"5425"	9	1	1	14	0	0	90	100	0	0	3.42901103761e-14	560	1551383223.26	4	3	4	3
"5426"	9	1	1	14	0	0	90	100	0	0	3.42901103761e-14	560	1551383223.29	3	5	3	5
"5427"	9	1	1	14	0	0	90	100	0	0	3.42901103761e-14	560	1551383223.33	-3	18	-3	18
"5428"	9	1	1	14	0	0	90	100	0	0	3.42901103761e-14	560	1551383223.36	-10	44	-10	44
"5429"	9	1	1	14	0	0	90	100	0	0	3.42901103761e-14	560	1551383223.39	-13	66	-13	66
"5430"	9	1	1	14	0	0	90	100	0	0	3.42901103761e-14	560	1551383223.43	-16	101	-16	101
"5431"	9	1	1	14	0	0	90	100	0	0	3.42901103761e-14	560	1551383223.46	-18	136	-18	136
"5432"	9	1	1	14	0	0	90	100	0	0	3.42901103761e-14	560	1551383223.49	-17	182	-17	182
"5433"	9	1	1	14	0	0	90	100	0	0	3.42901103761e-14	560	1551383223.53	-11	229	-11	229
"5434"	9	1	1	14	0	0	90	100	0	0	3.42901103761e-14	560	1551383223.56	-3	268	-3	268
"5435"	9	1	1	14	0	0	90	100	0	0	3.42901103761e-14	560	1551383223.59	3	308	3	308
"5436"	9	1	1	14	0	0	90	100	0	0	3.42901103761e-14	560	1551383223.63	8	342	8	342
"5437"	9	1	1	14	0	0	90	100	0	0	3.42901103761e-14	560	1551383223.66	12	375	12	375
"5438"	9	1	1	14	0	0	90	100	0	0	3.42901103761e-14	560	1551383223.69	14	402	14	402
"5439"	9	1	1	14	0	0	90	100	0	0	3.42901103761e-14	560	1551383223.73	17	432	17	432
"5440"	9	1	1	14	0	0	90	100	0	0	3.42901103761e-14	560	1551383223.76	19	457	19	457
"5441"	9	1	1	14	0	0	90	100	0	0	3.42901103761e-14	560	1551383223.79	19	475	19	475
"5442"	9	1	1	14	0	0	90	100	0	0	3.42901103761e-14	560	1551383223.83	19	494	19	494
"5443"	9	1	1	14	0	0	90	100	0	0	3.42901103761e-14	560	1551383223.86	17	505	17	505
"5444"	9	1	1	14	0	0	90	100	0	0	3.42901103761e-14	560	1551383223.9	15	517	15	517
"5445"	9	1	1	14	0	0	90	100	0	0	3.42901103761e-14	560	1551383223.93	13	529	13	529
"5446"	9	1	1	14	0	0	90	100	0	0	3.42901103761e-14	560	1551383223.96	11	537	11	537
"5447"	9	1	1	14	0	0	90	100	0	0	3.42901103761e-14	560	1551383224	9	547	9	547
"5448"	9	1	1	14	0	0	90	100	0	0	3.42901103761e-14	560	1551383224.03	9	555	9	555
"5449"	9	1	1	14	0	0	90	100	0	0	3.42901103761e-14	560	1551383224.06	9	562	9	562
"5450"	9	1	1	14	0	0	90	100	0	0	3.42901103761e-14	560	1551383224.1	8	566	8	566
"5451"	9	1	1	14	0	0	90	100	0	0	3.42901103761e-14	560	1551383224.13	7	570	7	570
"5452"	9	1	1	14	0	0	90	100	0	0	3.42901103761e-14	560	1551383224.16	7	572	7	572
"5453"	9	1	1	15	0	0	45	100	0	0	395.979797464	395.979797464	1551383225.48	-3	-1	-3	-1
"5454"	9	1	1	15	0	0	45	100	0	0	395.979797464	395.979797464	1551383225.5	-3	-4	-3	-4
"5455"	9	1	1	15	0	0	45	100	0	0	395.979797464	395.979797464	1551383225.53	-2	-9	-2	-9
"5456"	9	1	1	15	0	0	45	100	0	0	395.979797464	395.979797464	1551383225.56	-1	-10	-1	-10
"5457"	9	1	1	15	0	0	45	100	0	0	395.979797464	395.979797464	1551383225.6	-1	-11	-1	-11
"5458"	9	1	1	15	0	0	45	100	0	0	395.979797464	395.979797464	1551383225.63	-1	-11	-1	-11
"5459"	9	1	1	15	0	0	45	100	0	0	395.979797464	395.979797464	1551383225.66	-1	-11	-1	-11
"5460"	9	1	1	15	0	0	45	100	0	0	395.979797464	395.979797464	1551383225.7	-1	-11	-1	-11
"5461"	9	1	1	15	0	0	45	100	0	0	395.979797464	395.979797464	1551383225.73	-1	-11	-1	-11
"5462"	9	1	1	15	0	0	45	100	0	0	395.979797464	395.979797464	1551383225.76	-1	-10	-1	-10
"5463"	9	1	1	15	0	0	45	100	0	0	395.979797464	395.979797464	1551383225.8	0	-7	0	-7
"5464"	9	1	1	15	0	0	45	100	0	0	395.979797464	395.979797464	1551383225.83	4	7	4	7
"5465"	9	1	1	15	0	0	45	100	0	0	395.979797464	395.979797464	1551383225.86	15	34	15	34
"5466"	9	1	1	15	0	0	45	100	0	0	395.979797464	395.979797464	1551383225.9	27	56	27	56
"5467"	9	1	1	15	0	0	45	100	0	0	395.979797464	395.979797464	1551383225.93	45	84	45	84
"5468"	9	1	1	15	0	0	45	100	0	0	395.979797464	395.979797464	1551383225.96	65	107	65	107
"5469"	9	1	1	15	0	0	45	100	0	0	395.979797464	395.979797464	1551383226	82	127	82	127
"5470"	9	1	1	15	0	0	45	100	0	0	395.979797464	395.979797464	1551383226.03	101	148	101	148
"5471"	9	1	1	15	0	0	45	100	0	0	395.979797464	395.979797464	1551383226.06	122	168	122	168
"5472"	9	1	1	15	0	0	45	100	0	0	395.979797464	395.979797464	1551383226.1	145	190	145	190
"5473"	9	1	1	15	0	0	45	100	0	0	395.979797464	395.979797464	1551383226.13	167	211	167	211
"5474"	9	1	1	15	0	0	45	100	0	0	395.979797464	395.979797464	1551383226.16	194	230	194	230
"5475"	9	1	1	15	0	0	45	100	0	0	395.979797464	395.979797464	1551383226.2	224	252	224	252
"5476"	9	1	1	15	0	0	45	100	0	0	395.979797464	395.979797464	1551383226.23	251	272	251	272
"5477"	9	1	1	15	0	0	45	100	0	0	395.979797464	395.979797464	1551383226.26	279	293	279	293
"5478"	9	1	1	15	0	0	45	100	0	0	395.979797464	395.979797464	1551383226.3	302	312	302	312
"5479"	9	1	1	15	0	0	45	100	0	0	395.979797464	395.979797464	1551383226.33	325	327	325	327
"5480"	9	1	1	15	0	0	45	100	0	0	395.979797464	395.979797464	1551383226.36	343	340	343	340
"5481"	9	1	1	15	0	0	45	100	0	0	395.979797464	395.979797464	1551383226.4	355	352	355	352
"5482"	9	1	1	15	0	0	45	100	0	0	395.979797464	395.979797464	1551383226.43	367	365	367	365
"5483"	9	1	1	15	0	0	45	100	0	0	395.979797464	395.979797464	1551383226.46	374	374	374	374
"5484"	9	1	1	15	0	0	45	100	0	0	395.979797464	395.979797464	1551383226.5	379	382	379	382
"5485"	9	1	1	15	0	0	45	100	0	0	395.979797464	395.979797464	1551383226.53	385	389	385	389
"5486"	9	1	1	15	0	0	45	100	0	0	395.979797464	395.979797464	1551383226.56	393	395	393	395
"5487"	9	1	1	15	0	0	45	100	0	0	395.979797464	395.979797464	1551383226.6	399	400	399	400
"5488"	9	1	1	15	0	0	45	100	0	0	395.979797464	395.979797464	1551383226.63	404	404	404	404
"5489"	9	1	1	15	0	0	45	100	0	0	395.979797464	395.979797464	1551383226.66	411	408	411	408
"5490"	9	1	1	15	0	0	45	100	0	0	395.979797464	395.979797464	1551383226.7	414	410	414	410
"5491"	9	1	1	15	0	0	45	100	0	0	395.979797464	395.979797464	1551383226.73	416	412	416	412
"5492"	9	1	1	15	0	0	45	100	0	0	395.979797464	395.979797464	1551383226.76	415	411	415	411
"5493"	9	1	1	15	0	0	45	100	0	0	395.979797464	395.979797464	1551383226.8	412	410	412	410
"5494"	9	1	1	15	0	0	45	100	0	0	395.979797464	395.979797464	1551383226.83	409	409	409	409
"5495"	9	1	1	15	0	0	45	100	0	0	395.979797464	395.979797464	1551383226.86	410	408	410	408
"5496"	9	1	1	15	0	0	45	100	0	0	395.979797464	395.979797464	1551383226.9	409	406	409	406
"5497"	9	1	1	15	0	0	45	100	0	0	395.979797464	395.979797464	1551383226.93	406	404	406	404
"5498"	9	1	1	15	0	0	45	100	0	0	395.979797464	395.979797464	1551383226.96	403	402	403	402
"5499"	9	1	1	15	0	0	45	100	0	0	395.979797464	395.979797464	1551383227	399	400	399	400
"5500"	9	1	1	15	0	0	45	100	0	0	395.979797464	395.979797464	1551383227.03	397	399	397	399
"5501"	9	1	1	16	0	0	45	100	0	0	395.979797464	395.979797464	1551383228.11	-9	-5	-9	-5
"5502"	9	1	1	16	0	0	45	100	0	0	395.979797464	395.979797464	1551383228.13	-9	-5	-9	-5
"5503"	9	1	1	16	0	0	45	100	0	0	395.979797464	395.979797464	1551383228.16	-9	-5	-9	-5
"5504"	9	1	1	16	0	0	45	100	0	0	395.979797464	395.979797464	1551383228.2	-9	-5	-9	-5
"5505"	9	1	1	16	0	0	45	100	0	0	395.979797464	395.979797464	1551383228.23	-9	-5	-9	-5
"5506"	9	1	1	16	0	0	45	100	0	0	395.979797464	395.979797464	1551383228.27	-9	-5	-9	-5
"5507"	9	1	1	16	0	0	45	100	0	0	395.979797464	395.979797464	1551383228.3	-6	-2	-6	-2
"5508"	9	1	1	16	0	0	45	100	0	0	395.979797464	395.979797464	1551383228.33	-3	1	-3	1
"5509"	9	1	1	16	0	0	45	100	0	0	395.979797464	395.979797464	1551383228.37	-2	3	-2	3
"5510"	9	1	1	16	0	0	45	100	0	0	395.979797464	395.979797464	1551383228.4	-1	3	-1	3
"5511"	9	1	1	16	0	0	45	100	0	0	395.979797464	395.979797464	1551383228.43	-1	3	-1	3
"5512"	9	1	1	16	0	0	45	100	0	0	395.979797464	395.979797464	1551383228.47	-1	3	-1	3
"5513"	9	1	1	16	0	0	45	100	0	0	395.979797464	395.979797464	1551383228.5	-1	3	-1	3
"5514"	9	1	1	16	0	0	45	100	0	0	395.979797464	395.979797464	1551383228.53	0	4	0	4
"5515"	9	1	1	16	0	0	45	100	0	0	395.979797464	395.979797464	1551383228.57	6	11	6	11
"5516"	9	1	1	16	0	0	45	100	0	0	395.979797464	395.979797464	1551383228.6	26	44	26	44
"5517"	9	1	1	16	0	0	45	100	0	0	395.979797464	395.979797464	1551383228.63	56	87	56	87
"5518"	9	1	1	16	0	0	45	100	0	0	395.979797464	395.979797464	1551383228.67	89	124	89	124
"5519"	9	1	1	16	0	0	45	100	0	0	395.979797464	395.979797464	1551383228.7	130	165	130	165
"5520"	9	1	1	16	0	0	45	100	0	0	395.979797464	395.979797464	1551383228.73	166	197	166	197
"5521"	9	1	1	16	0	0	45	100	0	0	395.979797464	395.979797464	1551383228.77	194	218	194	218
"5522"	9	1	1	16	0	0	45	100	0	0	395.979797464	395.979797464	1551383228.8	220	238	220	238
"5523"	9	1	1	16	0	0	45	100	0	0	395.979797464	395.979797464	1551383228.83	239	252	239	252
"5524"	9	1	1	16	0	0	45	100	0	0	395.979797464	395.979797464	1551383228.87	262	272	262	272
"5525"	9	1	1	16	0	0	45	100	0	0	395.979797464	395.979797464	1551383228.9	275	283	275	283
"5526"	9	1	1	16	0	0	45	100	0	0	395.979797464	395.979797464	1551383228.93	293	302	293	302
"5527"	9	1	1	16	0	0	45	100	0	0	395.979797464	395.979797464	1551383228.97	310	317	310	317
"5528"	9	1	1	16	0	0	45	100	0	0	395.979797464	395.979797464	1551383229	322	328	322	328
"5529"	9	1	1	16	0	0	45	100	0	0	395.979797464	395.979797464	1551383229.03	335	340	335	340
"5530"	9	1	1	16	0	0	45	100	0	0	395.979797464	395.979797464	1551383229.07	345	350	345	350
"5531"	9	1	1	16	0	0	45	100	0	0	395.979797464	395.979797464	1551383229.1	353	356	353	356
"5532"	9	1	1	16	0	0	45	100	0	0	395.979797464	395.979797464	1551383229.13	360	362	360	362
"5533"	9	1	1	16	0	0	45	100	0	0	395.979797464	395.979797464	1551383229.17	364	366	364	366
"5534"	9	1	1	16	0	0	45	100	0	0	395.979797464	395.979797464	1551383229.2	370	371	370	371
"5535"	9	1	1	16	0	0	45	100	0	0	395.979797464	395.979797464	1551383229.23	373	374	373	374
"5536"	9	1	1	16	0	0	45	100	0	0	395.979797464	395.979797464	1551383229.27	373	375	373	375
"5537"	9	1	1	16	0	0	45	100	0	0	395.979797464	395.979797464	1551383229.3	378	379	378	379
"5538"	9	1	1	16	0	0	45	100	0	0	395.979797464	395.979797464	1551383229.33	382	381	382	381
"5539"	9	1	1	16	0	0	45	100	0	0	395.979797464	395.979797464	1551383229.37	383	382	383	382
"5540"	9	1	1	16	0	0	45	100	0	0	395.979797464	395.979797464	1551383229.4	386	384	386	384
"5541"	9	1	1	16	0	0	45	100	0	0	395.979797464	395.979797464	1551383229.43	389	386	389	386
"5542"	9	1	1	17	0	0	135	100	0	0	-395.979797464	395.979797464	1551383230.58	-8	-4	-8	-4
"5543"	9	1	1	17	0	0	135	100	0	0	-395.979797464	395.979797464	1551383230.6	-8	-4	-8	-4
"5544"	9	1	1	17	0	0	135	100	0	0	-395.979797464	395.979797464	1551383230.63	-8	-4	-8	-4
"5545"	9	1	1	17	0	0	135	100	0	0	-395.979797464	395.979797464	1551383230.67	-8	-4	-8	-4
"5546"	9	1	1	17	0	0	135	100	0	0	-395.979797464	395.979797464	1551383230.7	-8	-4	-8	-4
"5547"	9	1	1	17	0	0	135	100	0	0	-395.979797464	395.979797464	1551383230.73	-8	-4	-8	-4
"5548"	9	1	1	17	0	0	135	100	0	0	-395.979797464	395.979797464	1551383230.77	-8	-4	-8	-4
"5549"	9	1	1	17	0	0	135	100	0	0	-395.979797464	395.979797464	1551383230.8	-8	-4	-8	-4
"5550"	9	1	1	17	0	0	135	100	0	0	-395.979797464	395.979797464	1551383230.83	-7	-3	-7	-3
"5551"	9	1	1	17	0	0	135	100	0	0	-395.979797464	395.979797464	1551383230.87	-6	-2	-6	-2
"5552"	9	1	1	17	0	0	135	100	0	0	-395.979797464	395.979797464	1551383230.9	-5	0	-5	0
"5553"	9	1	1	17	0	0	135	100	0	0	-395.979797464	395.979797464	1551383230.93	-7	5	-7	5
"5554"	9	1	1	17	0	0	135	100	0	0	-395.979797464	395.979797464	1551383230.97	-13	16	-13	16
"5555"	9	1	1	17	0	0	135	100	0	0	-395.979797464	395.979797464	1551383231	-24	31	-24	31
"5556"	9	1	1	17	0	0	135	100	0	0	-395.979797464	395.979797464	1551383231.03	-37	52	-37	52
"5557"	9	1	1	17	0	0	135	100	0	0	-395.979797464	395.979797464	1551383231.07	-54	81	-54	81
"5558"	9	1	1	17	0	0	135	100	0	0	-395.979797464	395.979797464	1551383231.1	-74	111	-74	111
"5559"	9	1	1	17	0	0	135	100	0	0	-395.979797464	395.979797464	1551383231.13	-95	140	-95	140
"5560"	9	1	1	17	0	0	135	100	0	0	-395.979797464	395.979797464	1551383231.17	-118	160	-118	160
"5561"	9	1	1	17	0	0	135	100	0	0	-395.979797464	395.979797464	1551383231.2	-149	186	-149	186
"5562"	9	1	1	17	0	0	135	100	0	0	-395.979797464	395.979797464	1551383231.23	-185	212	-185	212
"5563"	9	1	1	17	0	0	135	100	0	0	-395.979797464	395.979797464	1551383231.27	-217	232	-217	232
"5564"	9	1	1	17	0	0	135	100	0	0	-395.979797464	395.979797464	1551383231.3	-255	256	-255	256
"5565"	9	1	1	17	0	0	135	100	0	0	-395.979797464	395.979797464	1551383231.33	-291	279	-291	279
"5566"	9	1	1	17	0	0	135	100	0	0	-395.979797464	395.979797464	1551383231.37	-322	297	-322	297
"5567"	9	1	1	17	0	0	135	100	0	0	-395.979797464	395.979797464	1551383231.4	-346	312	-346	312
"5568"	9	1	1	17	0	0	135	100	0	0	-395.979797464	395.979797464	1551383231.43	-358	320	-358	320
"5569"	9	1	1	17	0	0	135	100	0	0	-395.979797464	395.979797464	1551383231.47	-371	329	-371	329
"5570"	9	1	1	17	0	0	135	100	0	0	-395.979797464	395.979797464	1551383231.5	-378	336	-378	336
"5571"	9	1	1	17	0	0	135	100	0	0	-395.979797464	395.979797464	1551383231.53	-384	346	-384	346
"5572"	9	1	1	17	0	0	135	100	0	0	-395.979797464	395.979797464	1551383231.57	-388	359	-388	359
"5573"	9	1	1	17	0	0	135	100	0	0	-395.979797464	395.979797464	1551383231.6	-391	371	-391	371
"5574"	9	1	1	17	0	0	135	100	0	0	-395.979797464	395.979797464	1551383231.63	-396	386	-396	386
"5575"	9	1	1	17	0	0	135	100	0	0	-395.979797464	395.979797464	1551383231.67	-398	392	-398	392
"5576"	9	1	1	17	0	0	135	100	0	0	-395.979797464	395.979797464	1551383231.7	-399	395	-399	395
"5577"	9	1	1	18	0	0	90	100	0	0	3.42901103761e-14	560	1551383233.15	-3	-9	-3	-9
"5578"	9	1	1	18	0	0	90	100	0	0	3.42901103761e-14	560	1551383233.17	-3	-8	-3	-8
"5579"	9	1	1	18	0	0	90	100	0	0	3.42901103761e-14	560	1551383233.2	-2	-6	-2	-6
"5580"	9	1	1	18	0	0	90	100	0	0	3.42901103761e-14	560	1551383233.24	-2	-5	-2	-5
"5581"	9	1	1	18	0	0	90	100	0	0	3.42901103761e-14	560	1551383233.27	-2	-2	-2	-2
"5582"	9	1	1	18	0	0	90	100	0	0	3.42901103761e-14	560	1551383233.3	-3	0	-3	0
"5583"	9	1	1	18	0	0	90	100	0	0	3.42901103761e-14	560	1551383233.34	-3	3	-3	3
"5584"	9	1	1	18	0	0	90	100	0	0	3.42901103761e-14	560	1551383233.37	-4	4	-4	4
"5585"	9	1	1	18	0	0	90	100	0	0	3.42901103761e-14	560	1551383233.4	-4	4	-4	4
"5586"	9	1	1	18	0	0	90	100	0	0	3.42901103761e-14	560	1551383233.44	-4	5	-4	5
"5587"	9	1	1	18	0	0	90	100	0	0	3.42901103761e-14	560	1551383233.47	-6	9	-6	9
"5588"	9	1	1	18	0	0	90	100	0	0	3.42901103761e-14	560	1551383233.5	-12	22	-12	22
"5589"	9	1	1	18	0	0	90	100	0	0	3.42901103761e-14	560	1551383233.54	-23	48	-23	48
"5590"	9	1	1	18	0	0	90	100	0	0	3.42901103761e-14	560	1551383233.57	-28	67	-28	67
"5591"	9	1	1	18	0	0	90	100	0	0	3.42901103761e-14	560	1551383233.6	-32	92	-32	92
"5592"	9	1	1	18	0	0	90	100	0	0	3.42901103761e-14	560	1551383233.64	-33	122	-33	122
"5593"	9	1	1	18	0	0	90	100	0	0	3.42901103761e-14	560	1551383233.67	-31	148	-31	148
"5594"	9	1	1	18	0	0	90	100	0	0	3.42901103761e-14	560	1551383233.7	-30	175	-30	175
"5595"	9	1	1	18	0	0	90	100	0	0	3.42901103761e-14	560	1551383233.74	-29	205	-29	205
"5596"	9	1	1	18	0	0	90	100	0	0	3.42901103761e-14	560	1551383233.77	-27	240	-27	240
"5597"	9	1	1	18	0	0	90	100	0	0	3.42901103761e-14	560	1551383233.8	-24	268	-24	268
"5598"	9	1	1	18	0	0	90	100	0	0	3.42901103761e-14	560	1551383233.84	-21	281	-21	281
"5599"	9	1	1	18	0	0	90	100	0	0	3.42901103761e-14	560	1551383233.87	-17	299	-17	299
"5600"	9	1	1	18	0	0	90	100	0	0	3.42901103761e-14	560	1551383233.9	-12	330	-12	330
"5601"	9	1	1	18	0	0	90	100	0	0	3.42901103761e-14	560	1551383233.94	-9	346	-9	346
"5602"	9	1	1	18	0	0	90	100	0	0	3.42901103761e-14	560	1551383233.97	-7	360	-7	360
"5603"	9	1	1	18	0	0	90	100	0	0	3.42901103761e-14	560	1551383234	-5	379	-5	379
"5604"	9	1	1	18	0	0	90	100	0	0	3.42901103761e-14	560	1551383234.04	-2	393	-2	393
"5605"	9	1	1	18	0	0	90	100	0	0	3.42901103761e-14	560	1551383234.07	0	407	0	407
"5606"	9	1	1	18	0	0	90	100	0	0	3.42901103761e-14	560	1551383234.1	1	430	1	430
"5607"	9	1	1	18	0	0	90	100	0	0	3.42901103761e-14	560	1551383234.14	3	441	3	441
"5608"	9	1	1	18	0	0	90	100	0	0	3.42901103761e-14	560	1551383234.17	4	453	4	453
"5609"	9	1	1	18	0	0	90	100	0	0	3.42901103761e-14	560	1551383234.2	6	465	6	465
"5610"	9	1	1	18	0	0	90	100	0	0	3.42901103761e-14	560	1551383234.24	6	477	6	477
"5611"	9	1	1	18	0	0	90	100	0	0	3.42901103761e-14	560	1551383234.27	7	488	7	488
"5612"	9	1	1	18	0	0	90	100	0	0	3.42901103761e-14	560	1551383234.3	7	501	7	501
"5613"	9	1	1	18	0	0	90	100	0	0	3.42901103761e-14	560	1551383234.34	7	512	7	512
"5614"	9	1	1	18	0	0	90	100	0	0	3.42901103761e-14	560	1551383234.37	7	522	7	522
"5615"	9	1	1	18	0	0	90	100	0	0	3.42901103761e-14	560	1551383234.4	8	535	8	535
"5616"	9	1	1	18	0	0	90	100	0	0	3.42901103761e-14	560	1551383234.44	7	548	7	548
"5617"	9	1	1	18	0	0	90	100	0	0	3.42901103761e-14	560	1551383234.47	6	558	6	558
"5618"	9	1	1	18	0	0	90	100	0	0	3.42901103761e-14	560	1551383234.5	5	562	5	562
"5619"	9	1	1	18	0	0	90	100	0	0	3.42901103761e-14	560	1551383234.54	5	565	5	565
"5620"	9	1	1	18	0	0	90	100	0	0	3.42901103761e-14	560	1551383234.57	4	569	4	569
"5621"	9	1	1	19	0	0	135	100	0	0	-395.979797464	395.979797464	1551383235.82	3	-6	3	-6
"5622"	9	1	1	19	0	0	135	100	0	0	-395.979797464	395.979797464	1551383235.84	3	-6	3	-6
"5623"	9	1	1	19	0	0	135	100	0	0	-395.979797464	395.979797464	1551383235.87	2	-6	2	-6
"5624"	9	1	1	19	0	0	135	100	0	0	-395.979797464	395.979797464	1551383235.9	1	-5	1	-5
"5625"	9	1	1	19	0	0	135	100	0	0	-395.979797464	395.979797464	1551383235.94	0	-5	0	-5
"5626"	9	1	1	19	0	0	135	100	0	0	-395.979797464	395.979797464	1551383235.97	-1	-5	-1	-5
"5627"	9	1	1	19	0	0	135	100	0	0	-395.979797464	395.979797464	1551383236	-2	-3	-2	-3
"5628"	9	1	1	19	0	0	135	100	0	0	-395.979797464	395.979797464	1551383236.04	-3	-1	-3	-1
"5629"	9	1	1	19	0	0	135	100	0	0	-395.979797464	395.979797464	1551383236.07	-4	0	-4	0
"5630"	9	1	1	19	0	0	135	100	0	0	-395.979797464	395.979797464	1551383236.1	-5	2	-5	2
"5631"	9	1	1	19	0	0	135	100	0	0	-395.979797464	395.979797464	1551383236.14	-9	4	-9	4
"5632"	9	1	1	19	0	0	135	100	0	0	-395.979797464	395.979797464	1551383236.17	-19	10	-19	10
"5633"	9	1	1	19	0	0	135	100	0	0	-395.979797464	395.979797464	1551383236.2	-38	20	-38	20
"5634"	9	1	1	19	0	0	135	100	0	0	-395.979797464	395.979797464	1551383236.24	-61	32	-61	32
"5635"	9	1	1	19	0	0	135	100	0	0	-395.979797464	395.979797464	1551383236.27	-91	46	-91	46
"5636"	9	1	1	19	0	0	135	100	0	0	-395.979797464	395.979797464	1551383236.3	-112	55	-112	55
"5637"	9	1	1	19	0	0	135	100	0	0	-395.979797464	395.979797464	1551383236.34	-136	71	-136	71
"5638"	9	1	1	19	0	0	135	100	0	0	-395.979797464	395.979797464	1551383236.37	-164	91	-164	91
"5639"	9	1	1	19	0	0	135	100	0	0	-395.979797464	395.979797464	1551383236.4	-190	107	-190	107
"5640"	9	1	1	19	0	0	135	100	0	0	-395.979797464	395.979797464	1551383236.44	-218	128	-218	128
"5641"	9	1	1	19	0	0	135	100	0	0	-395.979797464	395.979797464	1551383236.47	-244	154	-244	154
"5642"	9	1	1	19	0	0	135	100	0	0	-395.979797464	395.979797464	1551383236.5	-265	175	-265	175
"5643"	9	1	1	19	0	0	135	100	0	0	-395.979797464	395.979797464	1551383236.54	-279	195	-279	195
"5644"	9	1	1	19	0	0	135	100	0	0	-395.979797464	395.979797464	1551383236.57	-294	225	-294	225
"5645"	9	1	1	19	0	0	135	100	0	0	-395.979797464	395.979797464	1551383236.6	-306	251	-306	251
"5646"	9	1	1	19	0	0	135	100	0	0	-395.979797464	395.979797464	1551383236.64	-316	274	-316	274
"5647"	9	1	1	19	0	0	135	100	0	0	-395.979797464	395.979797464	1551383236.67	-328	303	-328	303
"5648"	9	1	1	19	0	0	135	100	0	0	-395.979797464	395.979797464	1551383236.7	-334	321	-334	321
"5649"	9	1	1	19	0	0	135	100	0	0	-395.979797464	395.979797464	1551383236.74	-341	335	-341	335
"5650"	9	1	1	19	0	0	135	100	0	0	-395.979797464	395.979797464	1551383236.77	-348	351	-348	351
"5651"	9	1	1	19	0	0	135	100	0	0	-395.979797464	395.979797464	1551383236.81	-355	362	-355	362
"5652"	9	1	1	19	0	0	135	100	0	0	-395.979797464	395.979797464	1551383236.84	-363	370	-363	370
"5653"	9	1	1	19	0	0	135	100	0	0	-395.979797464	395.979797464	1551383236.87	-369	375	-369	375
"5654"	9	1	1	19	0	0	135	100	0	0	-395.979797464	395.979797464	1551383236.91	-375	380	-375	380
"5655"	9	1	1	19	0	0	135	100	0	0	-395.979797464	395.979797464	1551383236.94	-379	384	-379	384
"5656"	9	1	1	19	0	0	135	100	0	0	-395.979797464	395.979797464	1551383236.97	-382	387	-382	387
"5657"	9	1	1	19	0	0	135	100	0	0	-395.979797464	395.979797464	1551383237.01	-385	392	-385	392
"5658"	9	1	1	19	0	0	135	100	0	0	-395.979797464	395.979797464	1551383237.04	-386	394	-386	394
"5659"	9	1	1	20	0	0	90	100	0	0	3.42901103761e-14	560	1551383238.72	-8	3	-8	3
"5660"	9	1	1	20	0	0	90	100	0	0	3.42901103761e-14	560	1551383238.74	-7	3	-7	3
"5661"	9	1	1	20	0	0	90	100	0	0	3.42901103761e-14	560	1551383238.77	-5	4	-5	4
"5662"	9	1	1	20	0	0	90	100	0	0	3.42901103761e-14	560	1551383238.81	-4	4	-4	4
"5663"	9	1	1	20	0	0	90	100	0	0	3.42901103761e-14	560	1551383238.84	-3	3	-3	3
"5664"	9	1	1	20	0	0	90	100	0	0	3.42901103761e-14	560	1551383238.87	-3	3	-3	3
"5665"	9	1	1	20	0	0	90	100	0	0	3.42901103761e-14	560	1551383238.91	-2	2	-2	2
"5666"	9	1	1	20	0	0	90	100	0	0	3.42901103761e-14	560	1551383238.94	-2	2	-2	2
"5667"	9	1	1	20	0	0	90	100	0	0	3.42901103761e-14	560	1551383238.97	-1	1	-1	1
"5668"	9	1	1	20	0	0	90	100	0	0	3.42901103761e-14	560	1551383239.01	-1	2	-1	2
"5669"	9	1	1	20	0	0	90	100	0	0	3.42901103761e-14	560	1551383239.04	-3	7	-3	7
"5670"	9	1	1	20	0	0	90	100	0	0	3.42901103761e-14	560	1551383239.07	-7	15	-7	15
"5671"	9	1	1	20	0	0	90	100	0	0	3.42901103761e-14	560	1551383239.11	-15	36	-15	36
"5672"	9	1	1	20	0	0	90	100	0	0	3.42901103761e-14	560	1551383239.14	-22	61	-22	61
"5673"	9	1	1	20	0	0	90	100	0	0	3.42901103761e-14	560	1551383239.17	-22	82	-22	82
"5674"	9	1	1	20	0	0	90	100	0	0	3.42901103761e-14	560	1551383239.21	-20	107	-20	107
"5675"	9	1	1	20	0	0	90	100	0	0	3.42901103761e-14	560	1551383239.24	-20	143	-20	143
"5676"	9	1	1	20	0	0	90	100	0	0	3.42901103761e-14	560	1551383239.27	-18	172	-18	172
"5677"	9	1	1	20	0	0	90	100	0	0	3.42901103761e-14	560	1551383239.31	-16	197	-16	197
"5678"	9	1	1	20	0	0	90	100	0	0	3.42901103761e-14	560	1551383239.34	-13	236	-13	236
"5679"	9	1	1	20	0	0	90	100	0	0	3.42901103761e-14	560	1551383239.37	-8	263	-8	263
"5680"	9	1	1	20	0	0	90	100	0	0	3.42901103761e-14	560	1551383239.41	-6	285	-6	285
"5681"	9	1	1	20	0	0	90	100	0	0	3.42901103761e-14	560	1551383239.44	-4	324	-4	324
"5682"	9	1	1	20	0	0	90	100	0	0	3.42901103761e-14	560	1551383239.47	-2	345	-2	345
"5683"	9	1	1	20	0	0	90	100	0	0	3.42901103761e-14	560	1551383239.51	0	370	0	370
"5684"	9	1	1	20	0	0	90	100	0	0	3.42901103761e-14	560	1551383239.54	1	391	1	391
"5685"	9	1	1	20	0	0	90	100	0	0	3.42901103761e-14	560	1551383239.57	1	403	1	403
"5686"	9	1	1	20	0	0	90	100	0	0	3.42901103761e-14	560	1551383239.61	0	417	0	417
"5687"	9	1	1	20	0	0	90	100	0	0	3.42901103761e-14	560	1551383239.64	0	436	0	436
"5688"	9	1	1	20	0	0	90	100	0	0	3.42901103761e-14	560	1551383239.67	1	457	1	457
"5689"	9	1	1	20	0	0	90	100	0	0	3.42901103761e-14	560	1551383239.71	3	468	3	468
"5690"	9	1	1	20	0	0	90	100	0	0	3.42901103761e-14	560	1551383239.74	3	479	3	479
"5691"	9	1	1	20	0	0	90	100	0	0	3.42901103761e-14	560	1551383239.77	4	489	4	489
"5692"	9	1	1	20	0	0	90	100	0	0	3.42901103761e-14	560	1551383239.81	4	496	4	496
"5693"	9	1	1	20	0	0	90	100	0	0	3.42901103761e-14	560	1551383239.84	3	504	3	504
"5694"	9	1	1	20	0	0	90	100	0	0	3.42901103761e-14	560	1551383239.87	3	511	3	511
"5695"	9	1	1	20	0	0	90	100	0	0	3.42901103761e-14	560	1551383239.91	3	518	3	518
"5696"	9	1	1	20	0	0	90	100	0	0	3.42901103761e-14	560	1551383239.94	3	526	3	526
"5697"	9	1	1	20	0	0	90	100	0	0	3.42901103761e-14	560	1551383239.97	3	533	3	533
"5698"	9	1	1	20	0	0	90	100	0	0	3.42901103761e-14	560	1551383240.01	3	540	3	540
"5699"	9	1	1	20	0	0	90	100	0	0	3.42901103761e-14	560	1551383240.04	3	544	3	544
"5700"	9	1	1	20	0	0	90	100	0	0	3.42901103761e-14	560	1551383240.07	3	548	3	548
"5701"	9	1	1	20	0	0	90	100	0	0	3.42901103761e-14	560	1551383240.11	3	551	3	551
"5702"	9	1	1	20	0	0	90	100	0	0	3.42901103761e-14	560	1551383240.14	3	555	3	555
"5703"	9	1	1	20	0	0	90	100	0	0	3.42901103761e-14	560	1551383240.17	3	559	3	559
"5704"	9	1	1	20	0	0	90	100	0	0	3.42901103761e-14	560	1551383240.21	3	561	3	561
"5705"	9	1	1	20	0	0	90	100	0	0	3.42901103761e-14	560	1551383240.24	2	563	2	563
"5706"	9	1	1	21	0	0	45	100	0	0	395.979797464	395.979797464	1551383241.45	-3	5	-3	5
"5707"	9	1	1	21	0	0	45	100	0	0	395.979797464	395.979797464	1551383241.48	-3	5	-3	5
"5708"	9	1	1	21	0	0	45	100	0	0	395.979797464	395.979797464	1551383241.51	-3	5	-3	5
"5709"	9	1	1	21	0	0	45	100	0	0	395.979797464	395.979797464	1551383241.54	-3	5	-3	5
"5710"	9	1	1	21	0	0	45	100	0	0	395.979797464	395.979797464	1551383241.58	-3	5	-3	5
"5711"	9	1	1	21	0	0	45	100	0	0	395.979797464	395.979797464	1551383241.61	-3	5	-3	5
"5712"	9	1	1	21	0	0	45	100	0	0	395.979797464	395.979797464	1551383241.64	-3	5	-3	5
"5713"	9	1	1	21	0	0	45	100	0	0	395.979797464	395.979797464	1551383241.68	-3	5	-3	5
"5714"	9	1	1	21	0	0	45	100	0	0	395.979797464	395.979797464	1551383241.71	-1	3	-1	3
"5715"	9	1	1	21	0	0	45	100	0	0	395.979797464	395.979797464	1551383241.74	-1	3	-1	3
"5716"	9	1	1	21	0	0	45	100	0	0	395.979797464	395.979797464	1551383241.78	1	4	1	4
"5717"	9	1	1	21	0	0	45	100	0	0	395.979797464	395.979797464	1551383241.81	5	10	5	10
"5718"	9	1	1	21	0	0	45	100	0	0	395.979797464	395.979797464	1551383241.84	12	20	12	20
"5719"	9	1	1	21	0	0	45	100	0	0	395.979797464	395.979797464	1551383241.88	25	35	25	35
"5720"	9	1	1	21	0	0	45	100	0	0	395.979797464	395.979797464	1551383241.91	46	62	46	62
"5721"	9	1	1	21	0	0	45	100	0	0	395.979797464	395.979797464	1551383241.94	65	85	65	85
"5722"	9	1	1	21	0	0	45	100	0	0	395.979797464	395.979797464	1551383241.98	81	100	81	100
"5723"	9	1	1	21	0	0	45	100	0	0	395.979797464	395.979797464	1551383242.01	105	125	105	125
"5724"	9	1	1	21	0	0	45	100	0	0	395.979797464	395.979797464	1551383242.04	132	152	132	152
"5725"	9	1	1	21	0	0	45	100	0	0	395.979797464	395.979797464	1551383242.08	156	176	156	176
"5726"	9	1	1	21	0	0	45	100	0	0	395.979797464	395.979797464	1551383242.11	187	203	187	203
"5727"	9	1	1	21	0	0	45	100	0	0	395.979797464	395.979797464	1551383242.14	218	232	218	232
"5728"	9	1	1	21	0	0	45	100	0	0	395.979797464	395.979797464	1551383242.18	244	251	244	251
"5729"	9	1	1	21	0	0	45	100	0	0	395.979797464	395.979797464	1551383242.21	272	275	272	275
"5730"	9	1	1	21	0	0	45	100	0	0	395.979797464	395.979797464	1551383242.24	300	296	300	296
"5731"	9	1	1	21	0	0	45	100	0	0	395.979797464	395.979797464	1551383242.28	324	314	324	314
"5732"	9	1	1	21	0	0	45	100	0	0	395.979797464	395.979797464	1551383242.31	342	328	342	328
"5733"	9	1	1	21	0	0	45	100	0	0	395.979797464	395.979797464	1551383242.34	359	344	359	344
"5734"	9	1	1	21	0	0	45	100	0	0	395.979797464	395.979797464	1551383242.38	372	355	372	355
"5735"	9	1	1	21	0	0	45	100	0	0	395.979797464	395.979797464	1551383242.41	381	363	381	363
"5736"	9	1	1	21	0	0	45	100	0	0	395.979797464	395.979797464	1551383242.44	390	371	390	371
"5737"	9	1	1	21	0	0	45	100	0	0	395.979797464	395.979797464	1551383242.48	396	377	396	377
"5738"	9	1	1	21	0	0	45	100	0	0	395.979797464	395.979797464	1551383242.51	399	382	399	382
"5739"	9	1	1	21	0	0	45	100	0	0	395.979797464	395.979797464	1551383242.54	401	387	401	387
"5740"	9	1	1	21	0	0	45	100	0	0	395.979797464	395.979797464	1551383242.58	402	392	402	392
