"task_num"	"task_name"	"trial_type"	"trial_num"	"terminalfeedback_bool"	"rotation_angle"	"targetangle_deg"	"targetdistance_percmax"	"homex_px"	"homey_px"	"targetx_px"	"targety_px"	"time_s"	"mousex_px"	"mousey_px"	"cursorx_px"	"cursory_px"
"1"	1	1	1	1	0	0	45	100	0	0	395.979797464	395.979797464	1551382844.2	4	0	4	0
"2"	1	1	1	1	0	0	45	100	0	0	395.979797464	395.979797464	1551382844.24	2	-1	2	-1
"3"	1	1	1	1	0	0	45	100	0	0	395.979797464	395.979797464	1551382844.27	1	-1	1	-1
"4"	1	1	1	1	0	0	45	100	0	0	395.979797464	395.979797464	1551382844.3	-2	1	-2	1
"5"	1	1	1	1	0	0	45	100	0	0	395.979797464	395.979797464	1551382844.34	-3	1	-3	1
"6"	1	1	1	1	0	0	45	100	0	0	395.979797464	395.979797464	1551382844.37	-4	2	-4	2
"7"	1	1	1	1	0	0	45	100	0	0	395.979797464	395.979797464	1551382844.4	-4	2	-4	2
"8"	1	1	1	1	0	0	45	100	0	0	395.979797464	395.979797464	1551382844.44	-4	2	-4	2
"9"	1	1	1	1	0	0	45	100	0	0	395.979797464	395.979797464	1551382844.47	-4	2	-4	2
"10"	1	1	1	1	0	0	45	100	0	0	395.979797464	395.979797464	1551382844.5	-4	2	-4	2
"11"	1	1	1	1	0	0	45	100	0	0	395.979797464	395.979797464	1551382844.54	-7	4	-7	4
"12"	1	1	1	1	0	0	45	100	0	0	395.979797464	395.979797464	1551382844.57	-8	4	-8	4
"13"	1	1	1	1	0	0	45	100	0	0	395.979797464	395.979797464	1551382844.6	-10	8	-10	8
"14"	1	1	1	1	0	0	45	100	0	0	395.979797464	395.979797464	1551382844.64	-13	15	-13	15
"15"	1	1	1	1	0	0	45	100	0	0	395.979797464	395.979797464	1551382844.67	-21	33	-21	33
"16"	1	1	1	1	0	0	45	100	0	0	395.979797464	395.979797464	1551382844.7	-52	93	-52	93
"17"	1	1	1	1	0	0	45	100	0	0	395.979797464	395.979797464	1551382844.74	-52	93	-52	93
"18"	1	1	1	1	0	0	45	100	0	0	395.979797464	395.979797464	1551382844.77	-52	93	-52	93
"19"	1	1	1	1	0	0	45	100	0	0	395.979797464	395.979797464	1551382844.8	-52	93	-52	93
"20"	1	1	1	1	0	0	45	100	0	0	395.979797464	395.979797464	1551382844.84	-52	93	-52	93
"21"	1	1	1	1	0	0	45	100	0	0	395.979797464	395.979797464	1551382844.87	-52	93	-52	93
"22"	1	1	1	1	0	0	45	100	0	0	395.979797464	395.979797464	1551382844.9	-52	93	-52	93
"23"	1	1	1	1	0	0	45	100	0	0	395.979797464	395.979797464	1551382844.94	-52	93	-52	93
"24"	1	1	1	1	0	0	45	100	0	0	395.979797464	395.979797464	1551382844.97	-52	93	-52	93
"25"	1	1	1	1	0	0	45	100	0	0	395.979797464	395.979797464	1551382845	-52	93	-52	93
"26"	1	1	1	1	0	0	45	100	0	0	395.979797464	395.979797464	1551382845.04	-52	93	-52	93
"27"	1	1	1	1	0	0	45	100	0	0	395.979797464	395.979797464	1551382845.07	-52	93	-52	93
"28"	1	1	1	1	0	0	45	100	0	0	395.979797464	395.979797464	1551382845.1	-52	93	-52	93
"29"	1	1	1	1	0	0	45	100	0	0	395.979797464	395.979797464	1551382845.14	-52	93	-52	93
"30"	1	1	1	1	0	0	45	100	0	0	395.979797464	395.979797464	1551382845.17	-52	93	-52	93
"31"	1	1	1	1	0	0	45	100	0	0	395.979797464	395.979797464	1551382845.2	-52	93	-52	93
"32"	1	1	1	1	0	0	45	100	0	0	395.979797464	395.979797464	1551382845.24	-52	93	-52	93
"33"	1	1	1	1	0	0	45	100	0	0	395.979797464	395.979797464	1551382845.27	-52	93	-52	93
"34"	1	1	1	1	0	0	45	100	0	0	395.979797464	395.979797464	1551382845.3	-428	-208	-428	-208
"35"	1	1	1	1	0	0	45	100	0	0	395.979797464	395.979797464	1551382845.34	-429	-214	-429	-214
"36"	1	1	1	1	0	0	45	100	0	0	395.979797464	395.979797464	1551382845.37	-430	-217	-430	-217
"37"	1	1	1	1	0	0	45	100	0	0	395.979797464	395.979797464	1551382845.4	-431	-220	-431	-220
"38"	1	1	1	1	0	0	45	100	0	0	395.979797464	395.979797464	1551382845.44	-252	-43	-252	-43
"39"	1	1	1	1	0	0	45	100	0	0	395.979797464	395.979797464	1551382845.47	-252	-43	-252	-43
"40"	1	1	1	1	0	0	45	100	0	0	395.979797464	395.979797464	1551382845.5	-431	-195	-431	-195
"41"	1	1	1	1	0	0	45	100	0	0	395.979797464	395.979797464	1551382845.54	-439	-168	-439	-168
"42"	1	1	1	1	0	0	45	100	0	0	395.979797464	395.979797464	1551382845.57	-441	-159	-441	-159
"43"	1	1	1	1	0	0	45	100	0	0	395.979797464	395.979797464	1551382845.6	-441	-159	-441	-159
"44"	1	1	1	1	0	0	45	100	0	0	395.979797464	395.979797464	1551382845.64	-439	-21	-439	-21
"45"	1	1	1	1	0	0	45	100	0	0	395.979797464	395.979797464	1551382845.67	-448	-23	-448	-23
"46"	1	1	1	1	0	0	45	100	0	0	395.979797464	395.979797464	1551382845.7	-450	-23	-450	-23
"47"	1	1	1	1	0	0	45	100	0	0	395.979797464	395.979797464	1551382845.74	-453	-23	-453	-23
"48"	1	1	1	1	0	0	45	100	0	0	395.979797464	395.979797464	1551382845.77	-456	-21	-456	-21
"49"	1	1	1	1	0	0	45	100	0	0	395.979797464	395.979797464	1551382845.8	-458	-19	-458	-19
"50"	1	1	1	1	0	0	45	100	0	0	395.979797464	395.979797464	1551382845.84	-459	-18	-459	-18
"51"	1	1	1	1	0	0	45	100	0	0	395.979797464	395.979797464	1551382845.87	-460	-17	-460	-17
"52"	1	1	1	1	0	0	45	100	0	0	395.979797464	395.979797464	1551382845.9	-459	-18	-459	-18
"53"	1	1	1	1	0	0	45	100	0	0	395.979797464	395.979797464	1551382845.94	-456	-21	-456	-21
"54"	1	1	1	1	0	0	45	100	0	0	395.979797464	395.979797464	1551382845.97	-452	-23	-452	-23
"55"	1	1	1	1	0	0	45	100	0	0	395.979797464	395.979797464	1551382846	-447	-25	-447	-25
"56"	1	1	1	1	0	0	45	100	0	0	395.979797464	395.979797464	1551382846.04	-445	-25	-445	-25
"57"	1	1	1	1	0	0	45	100	0	0	395.979797464	395.979797464	1551382846.07	-444	-25	-444	-25
"58"	1	1	1	1	0	0	45	100	0	0	395.979797464	395.979797464	1551382846.1	-443	-25	-443	-25
"59"	1	1	1	1	0	0	45	100	0	0	395.979797464	395.979797464	1551382846.14	-443	-25	-443	-25
"60"	1	1	1	1	0	0	45	100	0	0	395.979797464	395.979797464	1551382846.17	-443	-25	-443	-25
"61"	1	1	1	1	0	0	45	100	0	0	395.979797464	395.979797464	1551382846.2	-443	-25	-443	-25
"62"	1	1	1	1	0	0	45	100	0	0	395.979797464	395.979797464	1551382846.24	-443	-25	-443	-25
"63"	1	1	1	1	0	0	45	100	0	0	395.979797464	395.979797464	1551382846.27	-443	-25	-443	-25
"64"	1	1	1	1	0	0	45	100	0	0	395.979797464	395.979797464	1551382846.3	-444	-24	-444	-24
"65"	1	1	1	1	0	0	45	100	0	0	395.979797464	395.979797464	1551382846.34	-444	-23	-444	-23
"66"	1	1	1	1	0	0	45	100	0	0	395.979797464	395.979797464	1551382846.37	-444	-23	-444	-23
"67"	1	1	1	1	0	0	45	100	0	0	395.979797464	395.979797464	1551382846.4	-445	-22	-445	-22
"68"	1	1	1	1	0	0	45	100	0	0	395.979797464	395.979797464	1551382846.44	-445	-22	-445	-22
"69"	1	1	1	1	0	0	45	100	0	0	395.979797464	395.979797464	1551382846.47	-445	-22	-445	-22
"70"	1	1	1	1	0	0	45	100	0	0	395.979797464	395.979797464	1551382846.5	-445	-22	-445	-22
"71"	1	1	1	1	0	0	45	100	0	0	395.979797464	395.979797464	1551382846.54	-445	-23	-445	-23
"72"	1	1	1	1	0	0	45	100	0	0	395.979797464	395.979797464	1551382846.57	-444	-23	-444	-23
"73"	1	1	1	1	0	0	45	100	0	0	395.979797464	395.979797464	1551382846.6	-444	-24	-444	-24
"74"	1	1	1	1	0	0	45	100	0	0	395.979797464	395.979797464	1551382846.64	-444	-24	-444	-24
"75"	1	1	1	1	0	0	45	100	0	0	395.979797464	395.979797464	1551382846.67	-443	-24	-443	-24
"76"	1	1	1	1	0	0	45	100	0	0	395.979797464	395.979797464	1551382846.7	-443	-25	-443	-25
"77"	1	1	1	1	0	0	45	100	0	0	395.979797464	395.979797464	1551382846.74	-443	-25	-443	-25
"78"	1	1	1	1	0	0	45	100	0	0	395.979797464	395.979797464	1551382846.77	-442	-25	-442	-25
"79"	1	1	1	1	0	0	45	100	0	0	395.979797464	395.979797464	1551382846.8	-442	-26	-442	-26
"80"	1	1	1	1	0	0	45	100	0	0	395.979797464	395.979797464	1551382846.84	-442	-26	-442	-26
"81"	1	1	1	1	0	0	45	100	0	0	395.979797464	395.979797464	1551382846.87	-442	-26	-442	-26
"82"	1	1	1	1	0	0	45	100	0	0	395.979797464	395.979797464	1551382846.9	-441	-26	-441	-26
"83"	1	1	1	1	0	0	45	100	0	0	395.979797464	395.979797464	1551382846.94	-441	-26	-441	-26
"84"	1	1	1	1	0	0	45	100	0	0	395.979797464	395.979797464	1551382846.97	-436	-26	-436	-26
"85"	1	1	1	1	0	0	45	100	0	0	395.979797464	395.979797464	1551382847	-439	-27	-439	-27
"86"	1	1	1	1	0	0	45	100	0	0	395.979797464	395.979797464	1551382847.04	-440	-27	-440	-27
"87"	1	1	1	1	0	0	45	100	0	0	395.979797464	395.979797464	1551382847.07	-440	-27	-440	-27
"88"	1	1	1	1	0	0	45	100	0	0	395.979797464	395.979797464	1551382847.1	-440	-27	-440	-27
"89"	1	1	1	1	0	0	45	100	0	0	395.979797464	395.979797464	1551382847.14	-440	-27	-440	-27
"90"	1	1	1	1	0	0	45	100	0	0	395.979797464	395.979797464	1551382847.17	-440	-27	-440	-27
"91"	1	1	1	1	0	0	45	100	0	0	395.979797464	395.979797464	1551382847.2	-440	-27	-440	-27
"92"	1	1	1	1	0	0	45	100	0	0	395.979797464	395.979797464	1551382847.24	-440	-27	-440	-27
"93"	1	1	1	1	0	0	45	100	0	0	395.979797464	395.979797464	1551382847.27	-426	-147	-426	-147
"94"	1	1	1	1	0	0	45	100	0	0	395.979797464	395.979797464	1551382847.3	-426	-147	-426	-147
"95"	1	1	1	1	0	0	45	100	0	0	395.979797464	395.979797464	1551382847.34	208	496	208	496
"96"	1	1	1	1	0	0	45	100	0	0	395.979797464	395.979797464	1551382847.37	208	496	208	496
"97"	1	1	1	1	0	0	45	100	0	0	395.979797464	395.979797464	1551382847.4	208	496	208	496
"98"	1	1	1	1	0	0	45	100	0	0	395.979797464	395.979797464	1551382847.44	208	497	208	497
"99"	1	1	1	1	0	0	45	100	0	0	395.979797464	395.979797464	1551382847.47	208	496	208	496
"100"	1	1	1	1	0	0	45	100	0	0	395.979797464	395.979797464	1551382847.51	208	496	208	496
"101"	1	1	1	1	0	0	45	100	0	0	395.979797464	395.979797464	1551382847.54	208	496	208	496
"102"	1	1	1	1	0	0	45	100	0	0	395.979797464	395.979797464	1551382847.57	208	496	208	496
"103"	1	1	1	1	0	0	45	100	0	0	395.979797464	395.979797464	1551382847.61	208	496	208	496
"104"	1	1	1	1	0	0	45	100	0	0	395.979797464	395.979797464	1551382847.64	208	496	208	496
"105"	1	1	1	1	0	0	45	100	0	0	395.979797464	395.979797464	1551382847.67	208	496	208	496
"106"	1	1	1	1	0	0	45	100	0	0	395.979797464	395.979797464	1551382847.71	208	496	208	496
"107"	1	1	1	1	0	0	45	100	0	0	395.979797464	395.979797464	1551382847.74	208	496	208	496
"108"	1	1	1	1	0	0	45	100	0	0	395.979797464	395.979797464	1551382847.77	208	496	208	496
"109"	1	1	1	1	0	0	45	100	0	0	395.979797464	395.979797464	1551382847.81	208	496	208	496
"110"	1	1	1	1	0	0	45	100	0	0	395.979797464	395.979797464	1551382847.84	208	496	208	496
"111"	1	1	1	1	0	0	45	100	0	0	395.979797464	395.979797464	1551382847.87	208	496	208	496
"112"	1	1	1	1	0	0	45	100	0	0	395.979797464	395.979797464	1551382847.91	208	496	208	496
"113"	1	1	1	1	0	0	45	100	0	0	395.979797464	395.979797464	1551382847.94	208	496	208	496
"114"	1	1	1	1	0	0	45	100	0	0	395.979797464	395.979797464	1551382847.97	208	496	208	496
"115"	1	1	1	1	0	0	45	100	0	0	395.979797464	395.979797464	1551382848.01	208	496	208	496
"116"	1	1	1	1	0	0	45	100	0	0	395.979797464	395.979797464	1551382848.04	208	496	208	496
"117"	1	1	1	1	0	0	45	100	0	0	395.979797464	395.979797464	1551382848.07	208	496	208	496
"118"	1	1	1	1	0	0	45	100	0	0	395.979797464	395.979797464	1551382848.11	208	496	208	496
"119"	1	1	1	1	0	0	45	100	0	0	395.979797464	395.979797464	1551382848.14	208	496	208	496
"120"	1	1	1	1	0	0	45	100	0	0	395.979797464	395.979797464	1551382848.17	208	496	208	496
"121"	1	1	1	1	0	0	45	100	0	0	395.979797464	395.979797464	1551382848.21	208	496	208	496
"122"	1	1	1	1	0	0	45	100	0	0	395.979797464	395.979797464	1551382848.24	208	496	208	496
"123"	1	1	1	1	0	0	45	100	0	0	395.979797464	395.979797464	1551382848.27	208	496	208	496
"124"	1	1	1	1	0	0	45	100	0	0	395.979797464	395.979797464	1551382848.31	208	496	208	496
"125"	1	1	1	1	0	0	45	100	0	0	395.979797464	395.979797464	1551382848.34	208	496	208	496
"126"	1	1	1	1	0	0	45	100	0	0	395.979797464	395.979797464	1551382848.37	208	496	208	496
"127"	1	1	1	1	0	0	45	100	0	0	395.979797464	395.979797464	1551382848.41	208	496	208	496
"128"	1	1	1	1	0	0	45	100	0	0	395.979797464	395.979797464	1551382848.44	208	496	208	496
"129"	1	1	1	1	0	0	45	100	0	0	395.979797464	395.979797464	1551382848.47	208	496	208	496
"130"	1	1	1	1	0	0	45	100	0	0	395.979797464	395.979797464	1551382848.51	208	496	208	496
"131"	1	1	1	1	0	0	45	100	0	0	395.979797464	395.979797464	1551382848.54	208	496	208	496
"132"	1	1	1	1	0	0	45	100	0	0	395.979797464	395.979797464	1551382848.57	208	496	208	496
"133"	1	1	1	1	0	0	45	100	0	0	395.979797464	395.979797464	1551382848.61	208	497	208	497
"134"	1	1	1	1	0	0	45	100	0	0	395.979797464	395.979797464	1551382848.64	208	496	208	496
"135"	1	1	1	1	0	0	45	100	0	0	395.979797464	395.979797464	1551382848.67	208	496	208	496
"136"	1	1	1	1	0	0	45	100	0	0	395.979797464	395.979797464	1551382848.71	208	496	208	496
"137"	1	1	1	1	0	0	45	100	0	0	395.979797464	395.979797464	1551382848.74	208	496	208	496
"138"	1	1	1	1	0	0	45	100	0	0	395.979797464	395.979797464	1551382848.77	208	496	208	496
"139"	1	1	1	1	0	0	45	100	0	0	395.979797464	395.979797464	1551382848.81	208	496	208	496
"140"	1	1	1	1	0	0	45	100	0	0	395.979797464	395.979797464	1551382848.84	208	496	208	496
"141"	1	1	1	1	0	0	45	100	0	0	395.979797464	395.979797464	1551382848.87	208	496	208	496
"142"	1	1	1	1	0	0	45	100	0	0	395.979797464	395.979797464	1551382848.91	208	496	208	496
"143"	1	1	1	1	0	0	45	100	0	0	395.979797464	395.979797464	1551382848.94	208	496	208	496
"144"	1	1	1	1	0	0	45	100	0	0	395.979797464	395.979797464	1551382848.97	208	496	208	496
"145"	1	1	1	1	0	0	45	100	0	0	395.979797464	395.979797464	1551382849.01	208	496	208	496
"146"	1	1	1	1	0	0	45	100	0	0	395.979797464	395.979797464	1551382849.04	208	496	208	496
"147"	1	1	1	1	0	0	45	100	0	0	395.979797464	395.979797464	1551382849.07	208	496	208	496
"148"	1	1	1	1	0	0	45	100	0	0	395.979797464	395.979797464	1551382849.11	208	496	208	496
"149"	1	1	1	1	0	0	45	100	0	0	395.979797464	395.979797464	1551382849.14	208	496	208	496
"150"	1	1	1	1	0	0	45	100	0	0	395.979797464	395.979797464	1551382849.17	208	497	208	497
"151"	1	1	1	1	0	0	45	100	0	0	395.979797464	395.979797464	1551382849.21	208	496	208	496
"152"	1	1	1	1	0	0	45	100	0	0	395.979797464	395.979797464	1551382849.24	208	496	208	496
"153"	1	1	1	1	0	0	45	100	0	0	395.979797464	395.979797464	1551382849.27	208	496	208	496
"154"	1	1	1	1	0	0	45	100	0	0	395.979797464	395.979797464	1551382849.31	209	496	209	496
"155"	1	1	1	1	0	0	45	100	0	0	395.979797464	395.979797464	1551382849.34	209	496	209	496
"156"	1	1	1	1	0	0	45	100	0	0	395.979797464	395.979797464	1551382849.37	209	496	209	496
"157"	1	1	1	1	0	0	45	100	0	0	395.979797464	395.979797464	1551382849.41	209	496	209	496
"158"	1	1	1	1	0	0	45	100	0	0	395.979797464	395.979797464	1551382849.44	209	496	209	496
"159"	1	1	1	1	0	0	45	100	0	0	395.979797464	395.979797464	1551382849.47	209	496	209	496
"160"	1	1	1	1	0	0	45	100	0	0	395.979797464	395.979797464	1551382849.51	209	496	209	496
"161"	1	1	1	1	0	0	45	100	0	0	395.979797464	395.979797464	1551382849.54	209	496	209	496
"162"	1	1	1	1	0	0	45	100	0	0	395.979797464	395.979797464	1551382849.57	209	496	209	496
"163"	1	1	1	1	0	0	45	100	0	0	395.979797464	395.979797464	1551382849.61	209	496	209	496
"164"	1	1	1	1	0	0	45	100	0	0	395.979797464	395.979797464	1551382849.64	209	496	209	496
"165"	1	1	1	1	0	0	45	100	0	0	395.979797464	395.979797464	1551382849.67	209	495	209	495
"166"	1	1	1	1	0	0	45	100	0	0	395.979797464	395.979797464	1551382849.71	209	495	209	495
"167"	1	1	1	1	0	0	45	100	0	0	395.979797464	395.979797464	1551382849.74	210	495	210	495
"168"	1	1	1	1	0	0	45	100	0	0	395.979797464	395.979797464	1551382849.77	210	495	210	495
"169"	1	1	1	1	0	0	45	100	0	0	395.979797464	395.979797464	1551382849.81	210	495	210	495
"170"	1	1	1	1	0	0	45	100	0	0	395.979797464	395.979797464	1551382849.84	209	496	209	496
"171"	1	1	1	1	0	0	45	100	0	0	395.979797464	395.979797464	1551382849.87	209	496	209	496
"172"	1	1	1	1	0	0	45	100	0	0	395.979797464	395.979797464	1551382849.91	207	497	207	497
"173"	1	1	1	1	0	0	45	100	0	0	395.979797464	395.979797464	1551382849.94	206	498	206	498
"174"	1	1	1	1	0	0	45	100	0	0	395.979797464	395.979797464	1551382849.97	205	499	205	499
"175"	1	1	1	1	0	0	45	100	0	0	395.979797464	395.979797464	1551382850.01	71	362	71	362
"176"	1	1	1	1	0	0	45	100	0	0	395.979797464	395.979797464	1551382850.04	71	359	71	359
"177"	1	1	1	1	0	0	45	100	0	0	395.979797464	395.979797464	1551382850.07	71	358	71	358
"178"	1	1	1	1	0	0	45	100	0	0	395.979797464	395.979797464	1551382850.11	71	358	71	358
"179"	1	1	1	1	0	0	45	100	0	0	395.979797464	395.979797464	1551382850.14	71	359	71	359
"180"	1	1	1	1	0	0	45	100	0	0	395.979797464	395.979797464	1551382850.17	71	359	71	359
"181"	1	1	1	1	0	0	45	100	0	0	395.979797464	395.979797464	1551382850.21	71	359	71	359
"182"	1	1	1	1	0	0	45	100	0	0	395.979797464	395.979797464	1551382850.24	71	358	71	358
"183"	1	1	1	1	0	0	45	100	0	0	395.979797464	395.979797464	1551382850.27	71	366	71	366
"184"	1	1	1	1	0	0	45	100	0	0	395.979797464	395.979797464	1551382850.31	71	358	71	358
"185"	1	1	1	1	0	0	45	100	0	0	395.979797464	395.979797464	1551382850.34	71	358	71	358
"186"	1	1	1	1	0	0	45	100	0	0	395.979797464	395.979797464	1551382850.37	71	358	71	358
"187"	1	1	1	1	0	0	45	100	0	0	395.979797464	395.979797464	1551382850.41	71	358	71	358
"188"	1	1	1	1	0	0	45	100	0	0	395.979797464	395.979797464	1551382850.44	203	504	203	504
"189"	1	1	1	1	0	0	45	100	0	0	395.979797464	395.979797464	1551382850.47	204	502	204	502
"190"	1	1	1	1	0	0	45	100	0	0	395.979797464	395.979797464	1551382850.51	204	501	204	501
"191"	1	1	1	1	0	0	45	100	0	0	395.979797464	395.979797464	1551382850.54	204	501	204	501
"192"	1	1	1	1	0	0	45	100	0	0	395.979797464	395.979797464	1551382850.57	204	501	204	501
"193"	1	1	1	1	0	0	45	100	0	0	395.979797464	395.979797464	1551382850.61	204	501	204	501
"194"	1	1	1	1	0	0	45	100	0	0	395.979797464	395.979797464	1551382850.64	204	501	204	501
"195"	1	1	1	1	0	0	45	100	0	0	395.979797464	395.979797464	1551382850.67	204	501	204	501
"196"	1	1	1	1	0	0	45	100	0	0	395.979797464	395.979797464	1551382850.71	204	501	204	501
"197"	1	1	1	1	0	0	45	100	0	0	395.979797464	395.979797464	1551382850.74	204	501	204	501
"198"	1	1	1	1	0	0	45	100	0	0	395.979797464	395.979797464	1551382850.77	204	501	204	501
"199"	1	1	1	1	0	0	45	100	0	0	395.979797464	395.979797464	1551382850.81	204	501	204	501
"200"	1	1	1	1	0	0	45	100	0	0	395.979797464	395.979797464	1551382850.84	204	502	204	502
"201"	1	1	1	1	0	0	45	100	0	0	395.979797464	395.979797464	1551382850.87	204	501	204	501
"202"	1	1	1	1	0	0	45	100	0	0	395.979797464	395.979797464	1551382850.91	204	501	204	501
"203"	1	1	1	1	0	0	45	100	0	0	395.979797464	395.979797464	1551382850.94	204	501	204	501
"204"	1	1	1	1	0	0	45	100	0	0	395.979797464	395.979797464	1551382850.97	204	501	204	501
"205"	1	1	1	1	0	0	45	100	0	0	395.979797464	395.979797464	1551382851.01	204	501	204	501
"206"	1	1	1	1	0	0	45	100	0	0	395.979797464	395.979797464	1551382851.04	204	502	204	502
"207"	1	1	1	1	0	0	45	100	0	0	395.979797464	395.979797464	1551382851.07	204	501	204	501
"208"	1	1	1	1	0	0	45	100	0	0	395.979797464	395.979797464	1551382851.11	204	501	204	501
"209"	1	1	1	1	0	0	45	100	0	0	395.979797464	395.979797464	1551382851.14	204	501	204	501
"210"	1	1	1	1	0	0	45	100	0	0	395.979797464	395.979797464	1551382851.17	203	503	203	503
"211"	1	1	1	1	0	0	45	100	0	0	395.979797464	395.979797464	1551382851.21	204	502	204	502
"212"	1	1	1	1	0	0	45	100	0	0	395.979797464	395.979797464	1551382851.24	204	502	204	502
"213"	1	1	1	1	0	0	45	100	0	0	395.979797464	395.979797464	1551382851.27	204	502	204	502
"214"	1	1	1	1	0	0	45	100	0	0	395.979797464	395.979797464	1551382851.31	204	502	204	502
"215"	1	1	1	1	0	0	45	100	0	0	395.979797464	395.979797464	1551382851.34	204	502	204	502
"216"	1	1	1	1	0	0	45	100	0	0	395.979797464	395.979797464	1551382851.37	204	502	204	502
"217"	1	1	1	1	0	0	45	100	0	0	395.979797464	395.979797464	1551382851.41	204	502	204	502
"218"	1	1	1	1	0	0	45	100	0	0	395.979797464	395.979797464	1551382851.44	204	502	204	502
"219"	1	1	1	1	0	0	45	100	0	0	395.979797464	395.979797464	1551382851.47	204	502	204	502
"220"	1	1	1	1	0	0	45	100	0	0	395.979797464	395.979797464	1551382851.51	204	501	204	501
"221"	1	1	1	1	0	0	45	100	0	0	395.979797464	395.979797464	1551382851.54	204	501	204	501
"222"	1	1	1	1	0	0	45	100	0	0	395.979797464	395.979797464	1551382851.57	204	501	204	501
"223"	1	1	1	1	0	0	45	100	0	0	395.979797464	395.979797464	1551382851.61	204	501	204	501
"224"	1	1	1	1	0	0	45	100	0	0	395.979797464	395.979797464	1551382851.64	204	501	204	501
"225"	1	1	1	1	0	0	45	100	0	0	395.979797464	395.979797464	1551382851.67	204	501	204	501
"226"	1	1	1	1	0	0	45	100	0	0	395.979797464	395.979797464	1551382851.71	204	501	204	501
"227"	1	1	1	1	0	0	45	100	0	0	395.979797464	395.979797464	1551382851.74	204	501	204	501
"228"	1	1	1	1	0	0	45	100	0	0	395.979797464	395.979797464	1551382851.77	204	501	204	501
"229"	1	1	1	1	0	0	45	100	0	0	395.979797464	395.979797464	1551382851.81	204	502	204	502
"230"	1	1	1	1	0	0	45	100	0	0	395.979797464	395.979797464	1551382851.84	204	501	204	501
"231"	1	1	1	1	0	0	45	100	0	0	395.979797464	395.979797464	1551382851.87	204	501	204	501
"232"	1	1	1	1	0	0	45	100	0	0	395.979797464	395.979797464	1551382851.91	204	501	204	501
"233"	1	1	1	1	0	0	45	100	0	0	395.979797464	395.979797464	1551382851.94	204	501	204	501
"234"	1	1	1	1	0	0	45	100	0	0	395.979797464	395.979797464	1551382851.98	204	501	204	501
"235"	1	1	1	1	0	0	45	100	0	0	395.979797464	395.979797464	1551382852.01	204	501	204	501
"236"	1	1	1	1	0	0	45	100	0	0	395.979797464	395.979797464	1551382852.04	204	501	204	501
"237"	1	1	1	1	0	0	45	100	0	0	395.979797464	395.979797464	1551382852.08	204	501	204	501
"238"	1	1	1	1	0	0	45	100	0	0	395.979797464	395.979797464	1551382852.11	204	501	204	501
"239"	1	1	1	1	0	0	45	100	0	0	395.979797464	395.979797464	1551382852.14	204	501	204	501
"240"	1	1	1	1	0	0	45	100	0	0	395.979797464	395.979797464	1551382852.18	204	501	204	501
"241"	1	1	1	1	0	0	45	100	0	0	395.979797464	395.979797464	1551382852.21	204	501	204	501
"242"	1	1	1	1	0	0	45	100	0	0	395.979797464	395.979797464	1551382852.24	204	502	204	502
"243"	1	1	1	1	0	0	45	100	0	0	395.979797464	395.979797464	1551382852.28	204	501	204	501
"244"	1	1	1	1	0	0	45	100	0	0	395.979797464	395.979797464	1551382852.31	204	501	204	501
"245"	1	1	1	1	0	0	45	100	0	0	395.979797464	395.979797464	1551382852.34	204	501	204	501
"246"	1	1	1	1	0	0	45	100	0	0	395.979797464	395.979797464	1551382852.38	204	501	204	501
"247"	1	1	1	1	0	0	45	100	0	0	395.979797464	395.979797464	1551382852.41	204	501	204	501
"248"	1	1	1	1	0	0	45	100	0	0	395.979797464	395.979797464	1551382852.44	204	501	204	501
"249"	1	1	1	1	0	0	45	100	0	0	395.979797464	395.979797464	1551382852.48	204	501	204	501
"250"	1	1	1	1	0	0	45	100	0	0	395.979797464	395.979797464	1551382852.51	204	501	204	501
"251"	1	1	1	1	0	0	45	100	0	0	395.979797464	395.979797464	1551382852.54	204	501	204	501
"252"	1	1	1	1	0	0	45	100	0	0	395.979797464	395.979797464	1551382852.58	204	501	204	501
"253"	1	1	1	1	0	0	45	100	0	0	395.979797464	395.979797464	1551382852.61	204	501	204	501
"254"	1	1	1	1	0	0	45	100	0	0	395.979797464	395.979797464	1551382852.64	203	504	203	504
"255"	1	1	1	1	0	0	45	100	0	0	395.979797464	395.979797464	1551382852.68	204	501	204	501
"256"	1	1	1	1	0	0	45	100	0	0	395.979797464	395.979797464	1551382852.71	204	501	204	501
"257"	1	1	1	1	0	0	45	100	0	0	395.979797464	395.979797464	1551382852.74	204	501	204	501
"258"	1	1	1	1	0	0	45	100	0	0	395.979797464	395.979797464	1551382852.78	204	501	204	501
"259"	1	1	1	1	0	0	45	100	0	0	395.979797464	395.979797464	1551382852.81	204	501	204	501
"260"	1	1	1	1	0	0	45	100	0	0	395.979797464	395.979797464	1551382852.84	204	501	204	501
"261"	1	1	1	1	0	0	45	100	0	0	395.979797464	395.979797464	1551382852.88	204	501	204	501
"262"	1	1	1	1	0	0	45	100	0	0	395.979797464	395.979797464	1551382852.91	204	501	204	501
"263"	1	1	1	1	0	0	45	100	0	0	395.979797464	395.979797464	1551382852.94	204	501	204	501
"264"	1	1	1	1	0	0	45	100	0	0	395.979797464	395.979797464	1551382852.98	204	501	204	501
"265"	1	1	1	1	0	0	45	100	0	0	395.979797464	395.979797464	1551382853.01	204	501	204	501
"266"	1	1	1	1	0	0	45	100	0	0	395.979797464	395.979797464	1551382853.04	204	501	204	501
"267"	1	1	1	1	0	0	45	100	0	0	395.979797464	395.979797464	1551382853.08	204	501	204	501
"268"	1	1	1	1	0	0	45	100	0	0	395.979797464	395.979797464	1551382853.11	204	501	204	501
"269"	1	1	1	1	0	0	45	100	0	0	395.979797464	395.979797464	1551382853.14	204	501	204	501
"270"	1	1	1	1	0	0	45	100	0	0	395.979797464	395.979797464	1551382853.18	204	501	204	501
"271"	1	1	1	1	0	0	45	100	0	0	395.979797464	395.979797464	1551382853.21	204	501	204	501
"272"	1	1	1	1	0	0	45	100	0	0	395.979797464	395.979797464	1551382853.24	204	501	204	501
"273"	1	1	1	1	0	0	45	100	0	0	395.979797464	395.979797464	1551382853.28	204	501	204	501
"274"	1	1	1	1	0	0	45	100	0	0	395.979797464	395.979797464	1551382853.31	204	501	204	501
"275"	1	1	1	1	0	0	45	100	0	0	395.979797464	395.979797464	1551382853.34	204	501	204	501
"276"	1	1	1	1	0	0	45	100	0	0	395.979797464	395.979797464	1551382853.38	203	504	203	504
"277"	1	1	1	1	0	0	45	100	0	0	395.979797464	395.979797464	1551382853.41	203	504	203	504
"278"	1	1	1	1	0	0	45	100	0	0	395.979797464	395.979797464	1551382853.44	203	504	203	504
"279"	1	1	1	1	0	0	45	100	0	0	395.979797464	395.979797464	1551382853.48	203	504	203	504
"280"	1	1	1	1	0	0	45	100	0	0	395.979797464	395.979797464	1551382853.51	204	501	204	501
"281"	1	1	1	1	0	0	45	100	0	0	395.979797464	395.979797464	1551382853.54	204	501	204	501
"282"	1	1	1	1	0	0	45	100	0	0	395.979797464	395.979797464	1551382853.58	204	502	204	502
"283"	1	1	1	1	0	0	45	100	0	0	395.979797464	395.979797464	1551382853.61	204	502	204	502
"284"	1	1	1	1	0	0	45	100	0	0	395.979797464	395.979797464	1551382853.64	204	501	204	501
"285"	1	1	1	1	0	0	45	100	0	0	395.979797464	395.979797464	1551382853.68	204	501	204	501
"286"	1	1	1	1	0	0	45	100	0	0	395.979797464	395.979797464	1551382853.71	204	501	204	501
"287"	1	1	1	1	0	0	45	100	0	0	395.979797464	395.979797464	1551382853.74	204	501	204	501
"288"	1	1	1	1	0	0	45	100	0	0	395.979797464	395.979797464	1551382853.78	204	501	204	501
"289"	1	1	1	1	0	0	45	100	0	0	395.979797464	395.979797464	1551382853.81	204	501	204	501
"290"	1	1	1	1	0	0	45	100	0	0	395.979797464	395.979797464	1551382853.84	204	501	204	501
"291"	1	1	1	1	0	0	45	100	0	0	395.979797464	395.979797464	1551382853.88	204	501	204	501
"292"	1	1	1	1	0	0	45	100	0	0	395.979797464	395.979797464	1551382853.91	204	501	204	501
"293"	1	1	1	1	0	0	45	100	0	0	395.979797464	395.979797464	1551382853.94	204	501	204	501
"294"	1	1	1	1	0	0	45	100	0	0	395.979797464	395.979797464	1551382853.98	204	502	204	502
"295"	1	1	1	1	0	0	45	100	0	0	395.979797464	395.979797464	1551382854.01	204	501	204	501
"296"	1	1	1	1	0	0	45	100	0	0	395.979797464	395.979797464	1551382854.04	204	501	204	501
"297"	1	1	1	1	0	0	45	100	0	0	395.979797464	395.979797464	1551382854.08	204	501	204	501
"298"	1	1	1	1	0	0	45	100	0	0	395.979797464	395.979797464	1551382854.11	204	501	204	501
"299"	1	1	1	1	0	0	45	100	0	0	395.979797464	395.979797464	1551382854.14	204	501	204	501
"300"	1	1	1	1	0	0	45	100	0	0	395.979797464	395.979797464	1551382854.18	204	502	204	502
"301"	1	1	1	1	0	0	45	100	0	0	395.979797464	395.979797464	1551382854.21	204	502	204	502
"302"	1	1	1	1	0	0	45	100	0	0	395.979797464	395.979797464	1551382854.24	204	501	204	501
"303"	1	1	1	1	0	0	45	100	0	0	395.979797464	395.979797464	1551382854.28	204	502	204	502
"304"	1	1	1	1	0	0	45	100	0	0	395.979797464	395.979797464	1551382854.31	204	502	204	502
"305"	1	1	1	1	0	0	45	100	0	0	395.979797464	395.979797464	1551382854.34	204	502	204	502
"306"	1	1	1	1	0	0	45	100	0	0	395.979797464	395.979797464	1551382854.38	204	501	204	501
"307"	1	1	1	1	0	0	45	100	0	0	395.979797464	395.979797464	1551382854.41	204	501	204	501
"308"	1	1	1	1	0	0	45	100	0	0	395.979797464	395.979797464	1551382854.44	204	501	204	501
"309"	1	1	1	1	0	0	45	100	0	0	395.979797464	395.979797464	1551382854.48	204	502	204	502
"310"	1	1	1	1	0	0	45	100	0	0	395.979797464	395.979797464	1551382854.51	204	502	204	502
"311"	1	1	1	1	0	0	45	100	0	0	395.979797464	395.979797464	1551382854.54	204	501	204	501
"312"	1	1	1	1	0	0	45	100	0	0	395.979797464	395.979797464	1551382854.58	204	501	204	501
"313"	1	1	1	1	0	0	45	100	0	0	395.979797464	395.979797464	1551382854.61	204	501	204	501
"314"	1	1	1	1	0	0	45	100	0	0	395.979797464	395.979797464	1551382854.64	204	501	204	501
"315"	1	1	1	1	0	0	45	100	0	0	395.979797464	395.979797464	1551382854.68	204	501	204	501
"316"	1	1	1	1	0	0	45	100	0	0	395.979797464	395.979797464	1551382854.71	204	501	204	501
"317"	1	1	1	1	0	0	45	100	0	0	395.979797464	395.979797464	1551382854.74	204	501	204	501
"318"	1	1	1	1	0	0	45	100	0	0	395.979797464	395.979797464	1551382854.78	204	501	204	501
"319"	1	1	1	1	0	0	45	100	0	0	395.979797464	395.979797464	1551382854.81	204	501	204	501
"320"	1	1	1	1	0	0	45	100	0	0	395.979797464	395.979797464	1551382854.84	204	501	204	501
"321"	1	1	1	1	0	0	45	100	0	0	395.979797464	395.979797464	1551382854.88	204	501	204	501
"322"	1	1	1	1	0	0	45	100	0	0	395.979797464	395.979797464	1551382854.91	204	501	204	501
"323"	1	1	1	1	0	0	45	100	0	0	395.979797464	395.979797464	1551382854.94	204	501	204	501
"324"	1	1	1	1	0	0	45	100	0	0	395.979797464	395.979797464	1551382854.98	204	501	204	501
"325"	1	1	1	1	0	0	45	100	0	0	395.979797464	395.979797464	1551382855.01	204	501	204	501
"326"	1	1	1	1	0	0	45	100	0	0	395.979797464	395.979797464	1551382855.04	204	501	204	501
"327"	1	1	1	1	0	0	45	100	0	0	395.979797464	395.979797464	1551382855.08	204	501	204	501
"328"	1	1	1	1	0	0	45	100	0	0	395.979797464	395.979797464	1551382855.11	204	501	204	501
"329"	1	1	1	1	0	0	45	100	0	0	395.979797464	395.979797464	1551382855.14	204	501	204	501
"330"	1	1	1	1	0	0	45	100	0	0	395.979797464	395.979797464	1551382855.18	204	501	204	501
"331"	1	1	1	1	0	0	45	100	0	0	395.979797464	395.979797464	1551382855.21	204	501	204	501
"332"	1	1	1	1	0	0	45	100	0	0	395.979797464	395.979797464	1551382855.24	204	501	204	501
"333"	1	1	1	1	0	0	45	100	0	0	395.979797464	395.979797464	1551382855.28	204	501	204	501
"334"	1	1	1	1	0	0	45	100	0	0	395.979797464	395.979797464	1551382855.31	204	501	204	501
"335"	1	1	1	1	0	0	45	100	0	0	395.979797464	395.979797464	1551382855.34	204	501	204	501
"336"	1	1	1	1	0	0	45	100	0	0	395.979797464	395.979797464	1551382855.38	204	501	204	501
"337"	1	1	1	1	0	0	45	100	0	0	395.979797464	395.979797464	1551382855.41	204	501	204	501
"338"	1	1	1	1	0	0	45	100	0	0	395.979797464	395.979797464	1551382855.44	204	501	204	501
"339"	1	1	1	1	0	0	45	100	0	0	395.979797464	395.979797464	1551382855.48	204	501	204	501
"340"	1	1	1	1	0	0	45	100	0	0	395.979797464	395.979797464	1551382855.51	204	501	204	501
"341"	1	1	1	1	0	0	45	100	0	0	395.979797464	395.979797464	1551382855.54	204	501	204	501
"342"	1	1	1	1	0	0	45	100	0	0	395.979797464	395.979797464	1551382855.58	204	501	204	501
"343"	1	1	1	1	0	0	45	100	0	0	395.979797464	395.979797464	1551382855.61	204	501	204	501
"344"	1	1	1	1	0	0	45	100	0	0	395.979797464	395.979797464	1551382855.64	204	501	204	501
"345"	1	1	1	1	0	0	45	100	0	0	395.979797464	395.979797464	1551382855.68	204	501	204	501
"346"	1	1	1	1	0	0	45	100	0	0	395.979797464	395.979797464	1551382855.71	204	501	204	501
"347"	1	1	1	1	0	0	45	100	0	0	395.979797464	395.979797464	1551382855.74	204	501	204	501
"348"	1	1	1	1	0	0	45	100	0	0	395.979797464	395.979797464	1551382855.78	204	501	204	501
"349"	1	1	1	1	0	0	45	100	0	0	395.979797464	395.979797464	1551382855.81	204	501	204	501
"350"	1	1	1	1	0	0	45	100	0	0	395.979797464	395.979797464	1551382855.84	204	501	204	501
"351"	1	1	1	1	0	0	45	100	0	0	395.979797464	395.979797464	1551382855.88	204	501	204	501
"352"	1	1	1	1	0	0	45	100	0	0	395.979797464	395.979797464	1551382855.91	204	502	204	502
"353"	1	1	1	1	0	0	45	100	0	0	395.979797464	395.979797464	1551382855.94	204	501	204	501
"354"	1	1	1	1	0	0	45	100	0	0	395.979797464	395.979797464	1551382855.98	204	501	204	501
"355"	1	1	1	1	0	0	45	100	0	0	395.979797464	395.979797464	1551382856.01	204	501	204	501
"356"	1	1	1	1	0	0	45	100	0	0	395.979797464	395.979797464	1551382856.04	204	501	204	501
"357"	1	1	1	1	0	0	45	100	0	0	395.979797464	395.979797464	1551382856.08	204	501	204	501
"358"	1	1	1	1	0	0	45	100	0	0	395.979797464	395.979797464	1551382856.11	204	501	204	501
"359"	1	1	1	1	0	0	45	100	0	0	395.979797464	395.979797464	1551382856.14	204	502	204	502
"360"	1	1	1	1	0	0	45	100	0	0	395.979797464	395.979797464	1551382856.18	204	501	204	501
"361"	1	1	1	1	0	0	45	100	0	0	395.979797464	395.979797464	1551382856.21	204	501	204	501
"362"	1	1	1	1	0	0	45	100	0	0	395.979797464	395.979797464	1551382856.25	204	501	204	501
"363"	1	1	1	1	0	0	45	100	0	0	395.979797464	395.979797464	1551382856.28	204	501	204	501
"364"	1	1	1	1	0	0	45	100	0	0	395.979797464	395.979797464	1551382856.31	204	501	204	501
"365"	1	1	1	1	0	0	45	100	0	0	395.979797464	395.979797464	1551382856.35	204	501	204	501
"366"	1	1	1	1	0	0	45	100	0	0	395.979797464	395.979797464	1551382856.38	204	501	204	501
"367"	1	1	1	1	0	0	45	100	0	0	395.979797464	395.979797464	1551382856.41	204	501	204	501
"368"	1	1	1	1	0	0	45	100	0	0	395.979797464	395.979797464	1551382856.45	204	501	204	501
"369"	1	1	1	1	0	0	45	100	0	0	395.979797464	395.979797464	1551382856.48	204	502	204	502
"370"	1	1	1	1	0	0	45	100	0	0	395.979797464	395.979797464	1551382856.51	204	502	204	502
"371"	1	1	1	1	0	0	45	100	0	0	395.979797464	395.979797464	1551382856.55	204	502	204	502
"372"	1	1	1	1	0	0	45	100	0	0	395.979797464	395.979797464	1551382856.58	204	502	204	502
"373"	1	1	1	1	0	0	45	100	0	0	395.979797464	395.979797464	1551382856.61	204	502	204	502
"374"	1	1	1	1	0	0	45	100	0	0	395.979797464	395.979797464	1551382856.65	204	501	204	501
"375"	1	1	1	1	0	0	45	100	0	0	395.979797464	395.979797464	1551382856.68	204	501	204	501
"376"	1	1	1	1	0	0	45	100	0	0	395.979797464	395.979797464	1551382856.71	204	501	204	501
"377"	1	1	1	1	0	0	45	100	0	0	395.979797464	395.979797464	1551382856.75	204	501	204	501
"378"	1	1	1	1	0	0	45	100	0	0	395.979797464	395.979797464	1551382856.78	204	501	204	501
"379"	1	1	1	1	0	0	45	100	0	0	395.979797464	395.979797464	1551382856.81	204	501	204	501
"380"	1	1	1	1	0	0	45	100	0	0	395.979797464	395.979797464	1551382856.85	204	501	204	501
"381"	1	1	1	1	0	0	45	100	0	0	395.979797464	395.979797464	1551382856.88	204	501	204	501
"382"	1	1	1	1	0	0	45	100	0	0	395.979797464	395.979797464	1551382856.91	204	501	204	501
"383"	1	1	1	1	0	0	45	100	0	0	395.979797464	395.979797464	1551382856.95	204	501	204	501
"384"	1	1	1	1	0	0	45	100	0	0	395.979797464	395.979797464	1551382856.98	204	501	204	501
"385"	1	1	1	1	0	0	45	100	0	0	395.979797464	395.979797464	1551382857.01	204	501	204	501
"386"	1	1	1	1	0	0	45	100	0	0	395.979797464	395.979797464	1551382857.05	204	501	204	501
"387"	1	1	1	1	0	0	45	100	0	0	395.979797464	395.979797464	1551382857.08	204	501	204	501
"388"	1	1	1	1	0	0	45	100	0	0	395.979797464	395.979797464	1551382857.11	204	501	204	501
"389"	1	1	1	1	0	0	45	100	0	0	395.979797464	395.979797464	1551382857.15	204	501	204	501
"390"	1	1	1	1	0	0	45	100	0	0	395.979797464	395.979797464	1551382857.18	204	501	204	501
"391"	1	1	1	1	0	0	45	100	0	0	395.979797464	395.979797464	1551382857.21	204	501	204	501
"392"	1	1	1	1	0	0	45	100	0	0	395.979797464	395.979797464	1551382857.25	204	501	204	501
"393"	1	1	1	1	0	0	45	100	0	0	395.979797464	395.979797464	1551382857.28	204	501	204	501
"394"	1	1	1	1	0	0	45	100	0	0	395.979797464	395.979797464	1551382857.31	204	501	204	501
"395"	1	1	1	1	0	0	45	100	0	0	395.979797464	395.979797464	1551382857.35	204	501	204	501
"396"	1	1	1	1	0	0	45	100	0	0	395.979797464	395.979797464	1551382857.38	204	501	204	501
"397"	1	1	1	1	0	0	45	100	0	0	395.979797464	395.979797464	1551382857.41	204	502	204	502
"398"	1	1	1	1	0	0	45	100	0	0	395.979797464	395.979797464	1551382857.45	204	502	204	502
"399"	1	1	1	1	0	0	45	100	0	0	395.979797464	395.979797464	1551382857.48	204	502	204	502
"400"	1	1	1	1	0	0	45	100	0	0	395.979797464	395.979797464	1551382857.51	204	502	204	502
"401"	1	1	1	1	0	0	45	100	0	0	395.979797464	395.979797464	1551382857.55	204	502	204	502
"402"	1	1	1	1	0	0	45	100	0	0	395.979797464	395.979797464	1551382857.58	204	502	204	502
"403"	1	1	1	1	0	0	45	100	0	0	395.979797464	395.979797464	1551382857.61	204	501	204	501
"404"	1	1	1	1	0	0	45	100	0	0	395.979797464	395.979797464	1551382857.65	204	501	204	501
"405"	1	1	1	1	0	0	45	100	0	0	395.979797464	395.979797464	1551382857.68	204	501	204	501
"406"	1	1	1	1	0	0	45	100	0	0	395.979797464	395.979797464	1551382857.71	204	501	204	501
"407"	1	1	1	1	0	0	45	100	0	0	395.979797464	395.979797464	1551382857.75	204	501	204	501
"408"	1	1	1	1	0	0	45	100	0	0	395.979797464	395.979797464	1551382857.78	204	501	204	501
"409"	1	1	1	1	0	0	45	100	0	0	395.979797464	395.979797464	1551382857.81	204	501	204	501
"410"	1	1	1	1	0	0	45	100	0	0	395.979797464	395.979797464	1551382857.85	204	501	204	501
"411"	1	1	1	1	0	0	45	100	0	0	395.979797464	395.979797464	1551382857.88	204	502	204	502
"412"	1	1	1	1	0	0	45	100	0	0	395.979797464	395.979797464	1551382857.91	204	502	204	502
"413"	1	1	1	1	0	0	45	100	0	0	395.979797464	395.979797464	1551382857.95	204	502	204	502
"414"	1	1	1	1	0	0	45	100	0	0	395.979797464	395.979797464	1551382857.98	204	501	204	501
"415"	1	1	1	1	0	0	45	100	0	0	395.979797464	395.979797464	1551382858.01	204	502	204	502
"416"	1	1	1	1	0	0	45	100	0	0	395.979797464	395.979797464	1551382858.05	204	502	204	502
"417"	1	1	1	1	0	0	45	100	0	0	395.979797464	395.979797464	1551382858.08	204	502	204	502
"418"	1	1	1	1	0	0	45	100	0	0	395.979797464	395.979797464	1551382858.11	204	501	204	501
"419"	1	1	1	1	0	0	45	100	0	0	395.979797464	395.979797464	1551382858.15	204	501	204	501
"420"	1	1	1	1	0	0	45	100	0	0	395.979797464	395.979797464	1551382858.18	204	501	204	501
"421"	1	1	1	1	0	0	45	100	0	0	395.979797464	395.979797464	1551382858.21	204	501	204	501
"422"	1	1	1	1	0	0	45	100	0	0	395.979797464	395.979797464	1551382858.25	204	501	204	501
"423"	1	1	1	1	0	0	45	100	0	0	395.979797464	395.979797464	1551382858.28	204	501	204	501
"424"	1	1	1	1	0	0	45	100	0	0	395.979797464	395.979797464	1551382858.31	204	501	204	501
"425"	1	1	1	1	0	0	45	100	0	0	395.979797464	395.979797464	1551382858.35	204	502	204	502
"426"	1	1	1	1	0	0	45	100	0	0	395.979797464	395.979797464	1551382858.38	204	501	204	501
"427"	1	1	1	1	0	0	45	100	0	0	395.979797464	395.979797464	1551382858.41	204	501	204	501
"428"	1	1	1	1	0	0	45	100	0	0	395.979797464	395.979797464	1551382858.45	204	501	204	501
"429"	1	1	1	1	0	0	45	100	0	0	395.979797464	395.979797464	1551382858.48	204	501	204	501
"430"	1	1	1	1	0	0	45	100	0	0	395.979797464	395.979797464	1551382858.51	204	501	204	501
"431"	1	1	1	1	0	0	45	100	0	0	395.979797464	395.979797464	1551382858.55	204	501	204	501
"432"	1	1	1	1	0	0	45	100	0	0	395.979797464	395.979797464	1551382858.58	204	501	204	501
"433"	1	1	1	1	0	0	45	100	0	0	395.979797464	395.979797464	1551382858.61	204	501	204	501
"434"	1	1	1	1	0	0	45	100	0	0	395.979797464	395.979797464	1551382858.65	204	501	204	501
"435"	1	1	1	1	0	0	45	100	0	0	395.979797464	395.979797464	1551382858.68	204	501	204	501
"436"	1	1	1	1	0	0	45	100	0	0	395.979797464	395.979797464	1551382858.71	204	501	204	501
"437"	1	1	1	1	0	0	45	100	0	0	395.979797464	395.979797464	1551382858.75	204	502	204	502
"438"	1	1	1	1	0	0	45	100	0	0	395.979797464	395.979797464	1551382858.78	204	502	204	502
"439"	1	1	1	1	0	0	45	100	0	0	395.979797464	395.979797464	1551382858.81	204	501	204	501
"440"	1	1	1	1	0	0	45	100	0	0	395.979797464	395.979797464	1551382858.85	204	501	204	501
"441"	1	1	1	1	0	0	45	100	0	0	395.979797464	395.979797464	1551382858.88	204	502	204	502
"442"	1	1	1	1	0	0	45	100	0	0	395.979797464	395.979797464	1551382858.91	204	502	204	502
"443"	1	1	1	1	0	0	45	100	0	0	395.979797464	395.979797464	1551382858.95	204	502	204	502
"444"	1	1	1	1	0	0	45	100	0	0	395.979797464	395.979797464	1551382858.98	204	502	204	502
"445"	1	1	1	1	0	0	45	100	0	0	395.979797464	395.979797464	1551382859.01	204	501	204	501
"446"	1	1	1	1	0	0	45	100	0	0	395.979797464	395.979797464	1551382859.05	204	501	204	501
"447"	1	1	1	1	0	0	45	100	0	0	395.979797464	395.979797464	1551382859.08	204	502	204	502
"448"	1	1	1	1	0	0	45	100	0	0	395.979797464	395.979797464	1551382859.11	204	502	204	502
"449"	1	1	1	1	0	0	45	100	0	0	395.979797464	395.979797464	1551382859.15	204	502	204	502
"450"	1	1	1	1	0	0	45	100	0	0	395.979797464	395.979797464	1551382859.18	204	502	204	502
"451"	1	1	1	1	0	0	45	100	0	0	395.979797464	395.979797464	1551382859.21	204	501	204	501
"452"	1	1	1	1	0	0	45	100	0	0	395.979797464	395.979797464	1551382859.25	204	501	204	501
"453"	1	1	1	1	0	0	45	100	0	0	395.979797464	395.979797464	1551382859.28	204	501	204	501
"454"	1	1	1	1	0	0	45	100	0	0	395.979797464	395.979797464	1551382859.31	204	501	204	501
"455"	1	1	1	1	0	0	45	100	0	0	395.979797464	395.979797464	1551382859.35	204	501	204	501
"456"	1	1	1	1	0	0	45	100	0	0	395.979797464	395.979797464	1551382859.38	204	502	204	502
"457"	1	1	1	1	0	0	45	100	0	0	395.979797464	395.979797464	1551382859.41	204	502	204	502
"458"	1	1	1	1	0	0	45	100	0	0	395.979797464	395.979797464	1551382859.45	204	501	204	501
"459"	1	1	1	1	0	0	45	100	0	0	395.979797464	395.979797464	1551382859.48	204	502	204	502
"460"	1	1	1	1	0	0	45	100	0	0	395.979797464	395.979797464	1551382859.51	204	502	204	502
"461"	1	1	1	1	0	0	45	100	0	0	395.979797464	395.979797464	1551382859.55	204	502	204	502
"462"	1	1	1	1	0	0	45	100	0	0	395.979797464	395.979797464	1551382859.58	204	501	204	501
"463"	1	1	1	1	0	0	45	100	0	0	395.979797464	395.979797464	1551382859.61	204	501	204	501
"464"	1	1	1	1	0	0	45	100	0	0	395.979797464	395.979797464	1551382859.65	204	501	204	501
"465"	1	1	1	1	0	0	45	100	0	0	395.979797464	395.979797464	1551382859.68	204	501	204	501
"466"	1	1	1	1	0	0	45	100	0	0	395.979797464	395.979797464	1551382859.71	204	501	204	501
"467"	1	1	1	1	0	0	45	100	0	0	395.979797464	395.979797464	1551382859.75	204	502	204	502
"468"	1	1	1	1	0	0	45	100	0	0	395.979797464	395.979797464	1551382859.78	204	502	204	502
"469"	1	1	1	1	0	0	45	100	0	0	395.979797464	395.979797464	1551382859.81	204	501	204	501
"470"	1	1	1	1	0	0	45	100	0	0	395.979797464	395.979797464	1551382859.85	204	501	204	501
"471"	1	1	1	1	0	0	45	100	0	0	395.979797464	395.979797464	1551382859.88	204	501	204	501
"472"	1	1	1	1	0	0	45	100	0	0	395.979797464	395.979797464	1551382859.91	204	501	204	501
"473"	1	1	1	1	0	0	45	100	0	0	395.979797464	395.979797464	1551382859.95	204	501	204	501
"474"	1	1	1	1	0	0	45	100	0	0	395.979797464	395.979797464	1551382859.98	204	501	204	501
"475"	1	1	1	1	0	0	45	100	0	0	395.979797464	395.979797464	1551382860.01	204	501	204	501
"476"	1	1	1	1	0	0	45	100	0	0	395.979797464	395.979797464	1551382860.05	204	501	204	501
"477"	1	1	1	1	0	0	45	100	0	0	395.979797464	395.979797464	1551382860.08	204	501	204	501
"478"	1	1	1	1	0	0	45	100	0	0	395.979797464	395.979797464	1551382860.11	204	501	204	501
"479"	1	1	1	1	0	0	45	100	0	0	395.979797464	395.979797464	1551382860.15	204	501	204	501
"480"	1	1	1	1	0	0	45	100	0	0	395.979797464	395.979797464	1551382860.18	204	501	204	501
"481"	1	1	1	1	0	0	45	100	0	0	395.979797464	395.979797464	1551382860.21	204	501	204	501
"482"	1	1	1	1	0	0	45	100	0	0	395.979797464	395.979797464	1551382860.25	204	501	204	501
"483"	1	1	1	1	0	0	45	100	0	0	395.979797464	395.979797464	1551382860.28	204	501	204	501
"484"	1	1	1	1	0	0	45	100	0	0	395.979797464	395.979797464	1551382860.31	204	501	204	501
"485"	1	1	1	1	0	0	45	100	0	0	395.979797464	395.979797464	1551382860.35	204	501	204	501
"486"	1	1	1	1	0	0	45	100	0	0	395.979797464	395.979797464	1551382860.38	204	501	204	501
"487"	1	1	1	1	0	0	45	100	0	0	395.979797464	395.979797464	1551382860.41	204	501	204	501
"488"	1	1	1	1	0	0	45	100	0	0	395.979797464	395.979797464	1551382860.45	204	501	204	501
"489"	1	1	1	1	0	0	45	100	0	0	395.979797464	395.979797464	1551382860.48	204	501	204	501
"490"	1	1	1	1	0	0	45	100	0	0	395.979797464	395.979797464	1551382860.51	204	501	204	501
"491"	1	1	1	1	0	0	45	100	0	0	395.979797464	395.979797464	1551382860.55	204	501	204	501
"492"	1	1	1	1	0	0	45	100	0	0	395.979797464	395.979797464	1551382860.58	204	501	204	501
"493"	1	1	1	1	0	0	45	100	0	0	395.979797464	395.979797464	1551382860.62	204	501	204	501
"494"	1	1	1	1	0	0	45	100	0	0	395.979797464	395.979797464	1551382860.65	204	501	204	501
"495"	1	1	1	1	0	0	45	100	0	0	395.979797464	395.979797464	1551382860.68	204	501	204	501
"496"	1	1	1	1	0	0	45	100	0	0	395.979797464	395.979797464	1551382860.72	204	501	204	501
"497"	1	1	1	1	0	0	45	100	0	0	395.979797464	395.979797464	1551382860.75	204	501	204	501
"498"	1	1	1	1	0	0	45	100	0	0	395.979797464	395.979797464	1551382860.78	204	501	204	501
"499"	1	1	1	1	0	0	45	100	0	0	395.979797464	395.979797464	1551382860.82	204	502	204	502
"500"	1	1	1	1	0	0	45	100	0	0	395.979797464	395.979797464	1551382860.85	204	502	204	502
"501"	1	1	1	1	0	0	45	100	0	0	395.979797464	395.979797464	1551382860.88	204	502	204	502
"502"	1	1	1	1	0	0	45	100	0	0	395.979797464	395.979797464	1551382860.92	204	502	204	502
"503"	1	1	1	1	0	0	45	100	0	0	395.979797464	395.979797464	1551382860.95	204	502	204	502
"504"	1	1	1	1	0	0	45	100	0	0	395.979797464	395.979797464	1551382860.98	204	502	204	502
"505"	1	1	1	1	0	0	45	100	0	0	395.979797464	395.979797464	1551382861.02	204	502	204	502
"506"	1	1	1	1	0	0	45	100	0	0	395.979797464	395.979797464	1551382861.05	204	502	204	502
"507"	1	1	1	1	0	0	45	100	0	0	395.979797464	395.979797464	1551382861.08	204	502	204	502
"508"	1	1	1	1	0	0	45	100	0	0	395.979797464	395.979797464	1551382861.12	204	502	204	502
"509"	1	1	1	1	0	0	45	100	0	0	395.979797464	395.979797464	1551382861.15	204	502	204	502
"510"	1	1	1	1	0	0	45	100	0	0	395.979797464	395.979797464	1551382861.18	-532	-89	-532	-89
"511"	1	1	1	1	0	0	45	100	0	0	395.979797464	395.979797464	1551382861.22	-534	-88	-534	-88
"512"	1	1	1	1	0	0	45	100	0	0	395.979797464	395.979797464	1551382861.25	-534	-88	-534	-88
"513"	1	1	1	1	0	0	45	100	0	0	395.979797464	395.979797464	1551382861.28	-534	-88	-534	-88
"514"	1	1	1	1	0	0	45	100	0	0	395.979797464	395.979797464	1551382861.32	-534	-88	-534	-88
"515"	1	1	1	1	0	0	45	100	0	0	395.979797464	395.979797464	1551382861.35	-534	-88	-534	-88
"516"	1	1	1	1	0	0	45	100	0	0	395.979797464	395.979797464	1551382861.38	-534	-88	-534	-88
"517"	1	1	1	1	0	0	45	100	0	0	395.979797464	395.979797464	1551382861.42	-534	-88	-534	-88
"518"	1	1	1	1	0	0	45	100	0	0	395.979797464	395.979797464	1551382861.45	-534	-88	-534	-88
"519"	1	1	1	1	0	0	45	100	0	0	395.979797464	395.979797464	1551382861.48	-534	-88	-534	-88
"520"	1	1	1	1	0	0	45	100	0	0	395.979797464	395.979797464	1551382861.52	-534	-88	-534	-88
"521"	1	1	1	1	0	0	45	100	0	0	395.979797464	395.979797464	1551382861.55	-534	-88	-534	-88
"522"	1	1	1	1	0	0	45	100	0	0	395.979797464	395.979797464	1551382861.58	-534	-88	-534	-88
"523"	1	1	1	1	0	0	45	100	0	0	395.979797464	395.979797464	1551382861.62	-534	-88	-534	-88
"524"	1	1	1	1	0	0	45	100	0	0	395.979797464	395.979797464	1551382861.65	-534	-88	-534	-88
"525"	1	1	1	1	0	0	45	100	0	0	395.979797464	395.979797464	1551382861.68	-534	-88	-534	-88
"526"	1	1	1	1	0	0	45	100	0	0	395.979797464	395.979797464	1551382861.72	2	350	2	350
"527"	1	1	1	1	0	0	45	100	0	0	395.979797464	395.979797464	1551382861.75	0	343	0	343
"528"	1	1	1	1	0	0	45	100	0	0	395.979797464	395.979797464	1551382861.78	-2	328	-2	328
"529"	1	1	1	1	0	0	45	100	0	0	395.979797464	395.979797464	1551382861.82	-2	323	-2	323
"530"	1	1	1	1	0	0	45	100	0	0	395.979797464	395.979797464	1551382861.85	-1	320	-1	320
"531"	1	1	1	1	0	0	45	100	0	0	395.979797464	395.979797464	1551382861.88	1	313	1	313
"532"	1	1	1	1	0	0	45	100	0	0	395.979797464	395.979797464	1551382861.92	6	308	6	308
"533"	1	1	1	1	0	0	45	100	0	0	395.979797464	395.979797464	1551382861.95	12	309	12	309
"534"	1	1	1	1	0	0	45	100	0	0	395.979797464	395.979797464	1551382861.98	16	311	16	311
"535"	1	1	1	1	0	0	45	100	0	0	395.979797464	395.979797464	1551382862.02	20	313	20	313
"536"	1	1	1	1	0	0	45	100	0	0	395.979797464	395.979797464	1551382862.05	26	316	26	316
"537"	1	1	1	1	0	0	45	100	0	0	395.979797464	395.979797464	1551382862.08	35	321	35	321
"538"	1	1	1	1	0	0	45	100	0	0	395.979797464	395.979797464	1551382862.12	47	328	47	328
"539"	1	1	1	1	0	0	45	100	0	0	395.979797464	395.979797464	1551382862.15	55	334	55	334
"540"	1	1	1	1	0	0	45	100	0	0	395.979797464	395.979797464	1551382862.18	62	339	62	339
"541"	1	1	1	1	0	0	45	100	0	0	395.979797464	395.979797464	1551382862.22	70	343	70	343
"542"	1	1	1	1	0	0	45	100	0	0	395.979797464	395.979797464	1551382862.25	82	349	82	349
"543"	1	1	1	1	0	0	45	100	0	0	395.979797464	395.979797464	1551382862.28	96	355	96	355
"544"	1	1	1	1	0	0	45	100	0	0	395.979797464	395.979797464	1551382862.32	112	362	112	362
"545"	1	1	1	1	0	0	45	100	0	0	395.979797464	395.979797464	1551382862.35	127	368	127	368
"546"	1	1	1	1	0	0	45	100	0	0	395.979797464	395.979797464	1551382862.38	138	373	138	373
"547"	1	1	1	1	0	0	45	100	0	0	395.979797464	395.979797464	1551382862.42	144	376	144	376
"548"	1	1	1	1	0	0	45	100	0	0	395.979797464	395.979797464	1551382862.45	151	379	151	379
"549"	1	1	1	1	0	0	45	100	0	0	395.979797464	395.979797464	1551382862.48	160	382	160	382
"550"	1	1	1	1	0	0	45	100	0	0	395.979797464	395.979797464	1551382862.52	170	385	170	385
"551"	1	1	1	1	0	0	45	100	0	0	395.979797464	395.979797464	1551382862.55	182	388	182	388
"552"	1	1	1	1	0	0	45	100	0	0	395.979797464	395.979797464	1551382862.58	193	391	193	391
"553"	1	1	1	1	0	0	45	100	0	0	395.979797464	395.979797464	1551382862.62	203	394	203	394
"554"	1	1	1	1	0	0	45	100	0	0	395.979797464	395.979797464	1551382862.65	214	396	214	396
"555"	1	1	1	1	0	0	45	100	0	0	395.979797464	395.979797464	1551382862.68	225	398	225	398
"556"	1	1	1	1	0	0	45	100	0	0	395.979797464	395.979797464	1551382862.72	237	401	237	401
"557"	1	1	1	1	0	0	45	100	0	0	395.979797464	395.979797464	1551382862.75	245	403	245	403
"558"	1	1	1	1	0	0	45	100	0	0	395.979797464	395.979797464	1551382862.78	255	405	255	405
"559"	1	1	1	1	0	0	45	100	0	0	395.979797464	395.979797464	1551382862.82	263	406	263	406
"560"	1	1	1	1	0	0	45	100	0	0	395.979797464	395.979797464	1551382862.85	272	407	272	407
"561"	1	1	1	1	0	0	45	100	0	0	395.979797464	395.979797464	1551382862.88	281	408	281	408
"562"	1	1	1	1	0	0	45	100	0	0	395.979797464	395.979797464	1551382862.92	291	408	291	408
"563"	1	1	1	1	0	0	45	100	0	0	395.979797464	395.979797464	1551382862.95	302	409	302	409
"564"	1	1	1	1	0	0	45	100	0	0	395.979797464	395.979797464	1551382862.98	311	410	311	410
"565"	1	1	1	1	0	0	45	100	0	0	395.979797464	395.979797464	1551382863.02	320	410	320	410
"566"	1	1	1	1	0	0	45	100	0	0	395.979797464	395.979797464	1551382863.05	327	409	327	409
"567"	1	1	1	1	0	0	45	100	0	0	395.979797464	395.979797464	1551382863.08	332	409	332	409
"568"	1	1	1	1	0	0	45	100	0	0	395.979797464	395.979797464	1551382863.12	337	408	337	408
"569"	1	1	1	1	0	0	45	100	0	0	395.979797464	395.979797464	1551382863.15	343	408	343	408
"570"	1	1	1	1	0	0	45	100	0	0	395.979797464	395.979797464	1551382863.18	350	407	350	407
"571"	1	1	1	1	0	0	45	100	0	0	395.979797464	395.979797464	1551382863.22	353	407	353	407
"572"	1	1	1	1	0	0	45	100	0	0	395.979797464	395.979797464	1551382863.25	355	406	355	406
"573"	1	1	1	1	0	0	45	100	0	0	395.979797464	395.979797464	1551382863.28	360	406	360	406
"574"	1	1	1	1	0	0	45	100	0	0	395.979797464	395.979797464	1551382863.32	363	406	363	406
"575"	1	1	1	1	0	0	45	100	0	0	395.979797464	395.979797464	1551382863.35	366	405	366	405
"576"	1	1	1	1	0	0	45	100	0	0	395.979797464	395.979797464	1551382863.38	368	405	368	405
"577"	1	1	1	1	0	0	45	100	0	0	395.979797464	395.979797464	1551382863.42	371	405	371	405
"578"	1	1	1	1	0	0	45	100	0	0	395.979797464	395.979797464	1551382863.45	374	404	374	404
"579"	1	1	1	1	0	0	45	100	0	0	395.979797464	395.979797464	1551382863.48	379	404	379	404
"580"	1	1	1	1	0	0	45	100	0	0	395.979797464	395.979797464	1551382863.52	380	404	380	404
"581"	1	1	1	1	0	0	45	100	0	0	395.979797464	395.979797464	1551382863.55	381	403	381	403
"582"	1	1	1	1	0	0	45	100	0	0	395.979797464	395.979797464	1551382863.58	383	402	383	402
"583"	1	1	1	1	0	0	45	100	0	0	395.979797464	395.979797464	1551382863.62	386	402	386	402
"584"	1	1	1	1	0	0	45	100	0	0	395.979797464	395.979797464	1551382863.65	388	401	388	401
"585"	1	1	1	2	0	0	90	100	0	0	3.42901103761e-14	560	1551382866.37	2	6	2	6
"586"	1	1	1	2	0	0	90	100	0	0	3.42901103761e-14	560	1551382866.39	2	6	2	6
"587"	1	1	1	2	0	0	90	100	0	0	3.42901103761e-14	560	1551382866.42	2	5	2	5
"588"	1	1	1	2	0	0	90	100	0	0	3.42901103761e-14	560	1551382866.45	2	4	2	4
"589"	1	1	1	2	0	0	90	100	0	0	3.42901103761e-14	560	1551382866.49	1	2	1	2
"590"	1	1	1	2	0	0	90	100	0	0	3.42901103761e-14	560	1551382866.52	1	1	1	1
"591"	1	1	1	2	0	0	90	100	0	0	3.42901103761e-14	560	1551382866.55	1	1	1	1
"592"	1	1	1	2	0	0	90	100	0	0	3.42901103761e-14	560	1551382866.59	1	0	1	0
"593"	1	1	1	2	0	0	90	100	0	0	3.42901103761e-14	560	1551382866.62	1	0	1	0
"594"	1	1	1	2	0	0	90	100	0	0	3.42901103761e-14	560	1551382866.65	1	0	1	0
"595"	1	1	1	2	0	0	90	100	0	0	3.42901103761e-14	560	1551382866.69	1	0	1	0
"596"	1	1	1	2	0	0	90	100	0	0	3.42901103761e-14	560	1551382866.72	1	0	1	0
"597"	1	1	1	2	0	0	90	100	0	0	3.42901103761e-14	560	1551382866.75	1	0	1	0
"598"	1	1	1	2	0	0	90	100	0	0	3.42901103761e-14	560	1551382866.79	1	0	1	0
"599"	1	1	1	2	0	0	90	100	0	0	3.42901103761e-14	560	1551382866.82	1	0	1	0
"600"	1	1	1	2	0	0	90	100	0	0	3.42901103761e-14	560	1551382866.85	1	2	1	2
"601"	1	1	1	2	0	0	90	100	0	0	3.42901103761e-14	560	1551382866.89	0	6	0	6
"602"	1	1	1	2	0	0	90	100	0	0	3.42901103761e-14	560	1551382866.92	0	10	0	10
"603"	1	1	1	2	0	0	90	100	0	0	3.42901103761e-14	560	1551382866.95	-1	18	-1	18
"604"	1	1	1	2	0	0	90	100	0	0	3.42901103761e-14	560	1551382866.99	-2	25	-2	25
"605"	1	1	1	2	0	0	90	100	0	0	3.42901103761e-14	560	1551382867.02	-2	35	-2	35
"606"	1	1	1	2	0	0	90	100	0	0	3.42901103761e-14	560	1551382867.05	-3	44	-3	44
"607"	1	1	1	2	0	0	90	100	0	0	3.42901103761e-14	560	1551382867.09	-3	58	-3	58
"608"	1	1	1	2	0	0	90	100	0	0	3.42901103761e-14	560	1551382867.12	-2	69	-2	69
"609"	1	1	1	2	0	0	90	100	0	0	3.42901103761e-14	560	1551382867.15	-1	83	-1	83
"610"	1	1	1	2	0	0	90	100	0	0	3.42901103761e-14	560	1551382867.19	0	96	0	96
"611"	1	1	1	2	0	0	90	100	0	0	3.42901103761e-14	560	1551382867.22	0	108	0	108
"612"	1	1	1	2	0	0	90	100	0	0	3.42901103761e-14	560	1551382867.25	1	122	1	122
"613"	1	1	1	2	0	0	90	100	0	0	3.42901103761e-14	560	1551382867.29	1	135	1	135
"614"	1	1	1	2	0	0	90	100	0	0	3.42901103761e-14	560	1551382867.32	1	151	1	151
"615"	1	1	1	2	0	0	90	100	0	0	3.42901103761e-14	560	1551382867.35	2	165	2	165
"616"	1	1	1	2	0	0	90	100	0	0	3.42901103761e-14	560	1551382867.39	2	177	2	177
"617"	1	1	1	2	0	0	90	100	0	0	3.42901103761e-14	560	1551382867.42	0	191	0	191
"618"	1	1	1	2	0	0	90	100	0	0	3.42901103761e-14	560	1551382867.45	-1	202	-1	202
"619"	1	1	1	2	0	0	90	100	0	0	3.42901103761e-14	560	1551382867.49	-2	216	-2	216
"620"	1	1	1	2	0	0	90	100	0	0	3.42901103761e-14	560	1551382867.52	-1	227	-1	227
"621"	1	1	1	2	0	0	90	100	0	0	3.42901103761e-14	560	1551382867.55	-1	236	-1	236
"622"	1	1	1	2	0	0	90	100	0	0	3.42901103761e-14	560	1551382867.59	-1	246	-1	246
"623"	1	1	1	2	0	0	90	100	0	0	3.42901103761e-14	560	1551382867.62	-1	258	-1	258
"624"	1	1	1	2	0	0	90	100	0	0	3.42901103761e-14	560	1551382867.65	-1	270	-1	270
"625"	1	1	1	2	0	0	90	100	0	0	3.42901103761e-14	560	1551382867.69	-2	282	-2	282
"626"	1	1	1	2	0	0	90	100	0	0	3.42901103761e-14	560	1551382867.72	-2	293	-2	293
"627"	1	1	1	2	0	0	90	100	0	0	3.42901103761e-14	560	1551382867.75	-2	304	-2	304
"628"	1	1	1	2	0	0	90	100	0	0	3.42901103761e-14	560	1551382867.79	-3	313	-3	313
"629"	1	1	1	2	0	0	90	100	0	0	3.42901103761e-14	560	1551382867.82	-3	321	-3	321
"630"	1	1	1	2	0	0	90	100	0	0	3.42901103761e-14	560	1551382867.85	-3	330	-3	330
"631"	1	1	1	2	0	0	90	100	0	0	3.42901103761e-14	560	1551382867.89	-3	337	-3	337
"632"	1	1	1	2	0	0	90	100	0	0	3.42901103761e-14	560	1551382867.92	-2	345	-2	345
"633"	1	1	1	2	0	0	90	100	0	0	3.42901103761e-14	560	1551382867.95	-1	352	-1	352
"634"	1	1	1	2	0	0	90	100	0	0	3.42901103761e-14	560	1551382867.99	-1	356	-1	356
"635"	1	1	1	2	0	0	90	100	0	0	3.42901103761e-14	560	1551382868.02	-1	361	-1	361
"636"	1	1	1	2	0	0	90	100	0	0	3.42901103761e-14	560	1551382868.05	-1	367	-1	367
"637"	1	1	1	2	0	0	90	100	0	0	3.42901103761e-14	560	1551382868.09	-1	374	-1	374
"638"	1	1	1	2	0	0	90	100	0	0	3.42901103761e-14	560	1551382868.12	-1	380	-1	380
"639"	1	1	1	2	0	0	90	100	0	0	3.42901103761e-14	560	1551382868.15	-4	387	-4	387
"640"	1	1	1	2	0	0	90	100	0	0	3.42901103761e-14	560	1551382868.19	-7	396	-7	396
"641"	1	1	1	2	0	0	90	100	0	0	3.42901103761e-14	560	1551382868.22	-9	405	-9	405
"642"	1	1	1	2	0	0	90	100	0	0	3.42901103761e-14	560	1551382868.25	-10	412	-10	412
"643"	1	1	1	2	0	0	90	100	0	0	3.42901103761e-14	560	1551382868.29	-11	421	-11	421
"644"	1	1	1	2	0	0	90	100	0	0	3.42901103761e-14	560	1551382868.32	-10	431	-10	431
"645"	1	1	1	2	0	0	90	100	0	0	3.42901103761e-14	560	1551382868.35	-8	441	-8	441
"646"	1	1	1	2	0	0	90	100	0	0	3.42901103761e-14	560	1551382868.39	-7	454	-7	454
"647"	1	1	1	2	0	0	90	100	0	0	3.42901103761e-14	560	1551382868.42	-7	466	-7	466
"648"	1	1	1	2	0	0	90	100	0	0	3.42901103761e-14	560	1551382868.45	-8	477	-8	477
"649"	1	1	1	2	0	0	90	100	0	0	3.42901103761e-14	560	1551382868.49	-7	484	-7	484
"650"	1	1	1	2	0	0	90	100	0	0	3.42901103761e-14	560	1551382868.52	-5	491	-5	491
"651"	1	1	1	2	0	0	90	100	0	0	3.42901103761e-14	560	1551382868.55	-4	497	-4	497
"652"	1	1	1	2	0	0	90	100	0	0	3.42901103761e-14	560	1551382868.59	-3	502	-3	502
"653"	1	1	1	2	0	0	90	100	0	0	3.42901103761e-14	560	1551382868.62	-2	508	-2	508
"654"	1	1	1	2	0	0	90	100	0	0	3.42901103761e-14	560	1551382868.65	-1	514	-1	514
"655"	1	1	1	2	0	0	90	100	0	0	3.42901103761e-14	560	1551382868.69	-1	519	-1	519
"656"	1	1	1	2	0	0	90	100	0	0	3.42901103761e-14	560	1551382868.72	-1	525	-1	525
"657"	1	1	1	2	0	0	90	100	0	0	3.42901103761e-14	560	1551382868.75	0	529	0	529
"658"	1	1	1	2	0	0	90	100	0	0	3.42901103761e-14	560	1551382868.79	1	531	1	531
"659"	1	1	1	2	0	0	90	100	0	0	3.42901103761e-14	560	1551382868.82	1	533	1	533
"660"	1	1	1	2	0	0	90	100	0	0	3.42901103761e-14	560	1551382868.85	2	536	2	536
"661"	1	1	1	2	0	0	90	100	0	0	3.42901103761e-14	560	1551382868.89	3	539	3	539
"662"	1	1	1	2	0	0	90	100	0	0	3.42901103761e-14	560	1551382868.92	3	541	3	541
"663"	1	1	1	2	0	0	90	100	0	0	3.42901103761e-14	560	1551382868.95	3	544	3	544
"664"	1	1	1	2	0	0	90	100	0	0	3.42901103761e-14	560	1551382868.99	3	546	3	546
"665"	1	1	1	2	0	0	90	100	0	0	3.42901103761e-14	560	1551382869.02	3	548	3	548
"666"	1	1	1	2	0	0	90	100	0	0	3.42901103761e-14	560	1551382869.05	4	551	4	551
"667"	1	1	1	2	0	0	90	100	0	0	3.42901103761e-14	560	1551382869.09	4	554	4	554
"668"	1	1	1	2	0	0	90	100	0	0	3.42901103761e-14	560	1551382869.12	4	558	4	558
"669"	1	1	1	2	0	0	90	100	0	0	3.42901103761e-14	560	1551382869.16	4	560	4	560
"670"	1	1	1	3	0	0	135	100	0	0	-395.979797464	395.979797464	1551382871.47	3	8	3	8
"671"	1	1	1	3	0	0	135	100	0	0	-395.979797464	395.979797464	1551382871.49	3	8	3	8
"672"	1	1	1	3	0	0	135	100	0	0	-395.979797464	395.979797464	1551382871.52	3	7	3	7
"673"	1	1	1	3	0	0	135	100	0	0	-395.979797464	395.979797464	1551382871.56	3	6	3	6
"674"	1	1	1	3	0	0	135	100	0	0	-395.979797464	395.979797464	1551382871.59	3	5	3	5
"675"	1	1	1	3	0	0	135	100	0	0	-395.979797464	395.979797464	1551382871.62	3	4	3	4
"676"	1	1	1	3	0	0	135	100	0	0	-395.979797464	395.979797464	1551382871.66	3	4	3	4
"677"	1	1	1	3	0	0	135	100	0	0	-395.979797464	395.979797464	1551382871.69	3	3	3	3
"678"	1	1	1	3	0	0	135	100	0	0	-395.979797464	395.979797464	1551382871.72	3	3	3	3
"679"	1	1	1	3	0	0	135	100	0	0	-395.979797464	395.979797464	1551382871.76	3	3	3	3
"680"	1	1	1	3	0	0	135	100	0	0	-395.979797464	395.979797464	1551382871.79	3	4	3	4
"681"	1	1	1	3	0	0	135	100	0	0	-395.979797464	395.979797464	1551382871.82	3	4	3	4
"682"	1	1	1	3	0	0	135	100	0	0	-395.979797464	395.979797464	1551382871.86	3	4	3	4
"683"	1	1	1	3	0	0	135	100	0	0	-395.979797464	395.979797464	1551382871.89	2	4	2	4
"684"	1	1	1	3	0	0	135	100	0	0	-395.979797464	395.979797464	1551382871.92	0	4	0	4
"685"	1	1	1	3	0	0	135	100	0	0	-395.979797464	395.979797464	1551382871.96	-6	6	-6	6
"686"	1	1	1	3	0	0	135	100	0	0	-395.979797464	395.979797464	1551382871.99	-14	10	-14	10
"687"	1	1	1	3	0	0	135	100	0	0	-395.979797464	395.979797464	1551382872.02	-21	12	-21	12
"688"	1	1	1	3	0	0	135	100	0	0	-395.979797464	395.979797464	1551382872.06	-26	14	-26	14
"689"	1	1	1	3	0	0	135	100	0	0	-395.979797464	395.979797464	1551382872.09	-31	18	-31	18
"690"	1	1	1	3	0	0	135	100	0	0	-395.979797464	395.979797464	1551382872.12	-36	23	-36	23
"691"	1	1	1	3	0	0	135	100	0	0	-395.979797464	395.979797464	1551382872.16	-43	29	-43	29
"692"	1	1	1	3	0	0	135	100	0	0	-395.979797464	395.979797464	1551382872.19	-55	37	-55	37
"693"	1	1	1	3	0	0	135	100	0	0	-395.979797464	395.979797464	1551382872.22	-67	44	-67	44
"694"	1	1	1	3	0	0	135	100	0	0	-395.979797464	395.979797464	1551382872.26	-79	51	-79	51
"695"	1	1	1	3	0	0	135	100	0	0	-395.979797464	395.979797464	1551382872.29	-93	58	-93	58
"696"	1	1	1	3	0	0	135	100	0	0	-395.979797464	395.979797464	1551382872.32	-107	65	-107	65
"697"	1	1	1	3	0	0	135	100	0	0	-395.979797464	395.979797464	1551382872.36	-123	71	-123	71
"698"	1	1	1	3	0	0	135	100	0	0	-395.979797464	395.979797464	1551382872.39	-137	76	-137	76
"699"	1	1	1	3	0	0	135	100	0	0	-395.979797464	395.979797464	1551382872.42	-155	81	-155	81
"700"	1	1	1	3	0	0	135	100	0	0	-395.979797464	395.979797464	1551382872.46	-175	89	-175	89
"701"	1	1	1	3	0	0	135	100	0	0	-395.979797464	395.979797464	1551382872.49	-190	93	-190	93
"702"	1	1	1	3	0	0	135	100	0	0	-395.979797464	395.979797464	1551382872.52	-208	100	-208	100
"703"	1	1	1	3	0	0	135	100	0	0	-395.979797464	395.979797464	1551382872.56	-223	107	-223	107
"704"	1	1	1	3	0	0	135	100	0	0	-395.979797464	395.979797464	1551382872.59	-236	113	-236	113
"705"	1	1	1	3	0	0	135	100	0	0	-395.979797464	395.979797464	1551382872.62	-251	123	-251	123
"706"	1	1	1	3	0	0	135	100	0	0	-395.979797464	395.979797464	1551382872.66	-264	131	-264	131
"707"	1	1	1	3	0	0	135	100	0	0	-395.979797464	395.979797464	1551382872.69	-275	141	-275	141
"708"	1	1	1	3	0	0	135	100	0	0	-395.979797464	395.979797464	1551382872.72	-285	151	-285	151
"709"	1	1	1	3	0	0	135	100	0	0	-395.979797464	395.979797464	1551382872.76	-296	165	-296	165
"710"	1	1	1	3	0	0	135	100	0	0	-395.979797464	395.979797464	1551382872.79	-306	180	-306	180
"711"	1	1	1	3	0	0	135	100	0	0	-395.979797464	395.979797464	1551382872.82	-315	193	-315	193
"712"	1	1	1	3	0	0	135	100	0	0	-395.979797464	395.979797464	1551382872.86	-324	207	-324	207
"713"	1	1	1	3	0	0	135	100	0	0	-395.979797464	395.979797464	1551382872.89	-331	219	-331	219
"714"	1	1	1	3	0	0	135	100	0	0	-395.979797464	395.979797464	1551382872.92	-336	229	-336	229
"715"	1	1	1	3	0	0	135	100	0	0	-395.979797464	395.979797464	1551382872.96	-342	238	-342	238
"716"	1	1	1	3	0	0	135	100	0	0	-395.979797464	395.979797464	1551382872.99	-347	248	-347	248
"717"	1	1	1	3	0	0	135	100	0	0	-395.979797464	395.979797464	1551382873.02	-352	257	-352	257
"718"	1	1	1	3	0	0	135	100	0	0	-395.979797464	395.979797464	1551382873.06	-357	265	-357	265
"719"	1	1	1	3	0	0	135	100	0	0	-395.979797464	395.979797464	1551382873.09	-363	274	-363	274
"720"	1	1	1	3	0	0	135	100	0	0	-395.979797464	395.979797464	1551382873.12	-370	285	-370	285
"721"	1	1	1	3	0	0	135	100	0	0	-395.979797464	395.979797464	1551382873.16	-374	293	-374	293
"722"	1	1	1	3	0	0	135	100	0	0	-395.979797464	395.979797464	1551382873.19	-379	302	-379	302
"723"	1	1	1	3	0	0	135	100	0	0	-395.979797464	395.979797464	1551382873.22	-383	309	-383	309
"724"	1	1	1	3	0	0	135	100	0	0	-395.979797464	395.979797464	1551382873.26	-387	318	-387	318
"725"	1	1	1	3	0	0	135	100	0	0	-395.979797464	395.979797464	1551382873.29	-389	325	-389	325
"726"	1	1	1	3	0	0	135	100	0	0	-395.979797464	395.979797464	1551382873.33	-393	333	-393	333
"727"	1	1	1	3	0	0	135	100	0	0	-395.979797464	395.979797464	1551382873.36	-395	340	-395	340
"728"	1	1	1	3	0	0	135	100	0	0	-395.979797464	395.979797464	1551382873.39	-396	345	-396	345
"729"	1	1	1	3	0	0	135	100	0	0	-395.979797464	395.979797464	1551382873.43	-397	350	-397	350
"730"	1	1	1	3	0	0	135	100	0	0	-395.979797464	395.979797464	1551382873.46	-398	354	-398	354
"731"	1	1	1	3	0	0	135	100	0	0	-395.979797464	395.979797464	1551382873.49	-398	356	-398	356
"732"	1	1	1	3	0	0	135	100	0	0	-395.979797464	395.979797464	1551382873.53	-397	360	-397	360
"733"	1	1	1	3	0	0	135	100	0	0	-395.979797464	395.979797464	1551382873.56	-396	363	-396	363
"734"	1	1	1	3	0	0	135	100	0	0	-395.979797464	395.979797464	1551382873.59	-396	366	-396	366
"735"	1	1	1	3	0	0	135	100	0	0	-395.979797464	395.979797464	1551382873.63	-395	369	-395	369
"736"	1	1	1	3	0	0	135	100	0	0	-395.979797464	395.979797464	1551382873.66	-394	372	-394	372
"737"	1	1	1	3	0	0	135	100	0	0	-395.979797464	395.979797464	1551382873.69	-393	375	-393	375
"738"	1	1	1	3	0	0	135	100	0	0	-395.979797464	395.979797464	1551382873.73	-391	379	-391	379
"739"	1	1	1	3	0	0	135	100	0	0	-395.979797464	395.979797464	1551382873.76	-390	382	-390	382
"740"	1	1	1	3	0	0	135	100	0	0	-395.979797464	395.979797464	1551382873.79	-389	384	-389	384
"741"	1	1	1	3	0	0	135	100	0	0	-395.979797464	395.979797464	1551382873.83	-389	387	-389	387
"742"	1	1	1	3	0	0	135	100	0	0	-395.979797464	395.979797464	1551382873.86	-390	389	-390	389
"743"	1	1	1	3	0	0	135	100	0	0	-395.979797464	395.979797464	1551382873.89	-390	391	-390	391
"744"	1	1	1	4	0	0	90	100	0	0	3.42901103761e-14	560	1551382878.77	2	-1	2	-1
"745"	1	1	1	4	0	0	90	100	0	0	3.42901103761e-14	560	1551382878.8	2	-1	2	-1
"746"	1	1	1	4	0	0	90	100	0	0	3.42901103761e-14	560	1551382878.83	2	-1	2	-1
"747"	1	1	1	4	0	0	90	100	0	0	3.42901103761e-14	560	1551382878.86	2	-1	2	-1
"748"	1	1	1	4	0	0	90	100	0	0	3.42901103761e-14	560	1551382878.9	2	-1	2	-1
"749"	1	1	1	4	0	0	90	100	0	0	3.42901103761e-14	560	1551382878.93	2	-1	2	-1
"750"	1	1	1	4	0	0	90	100	0	0	3.42901103761e-14	560	1551382878.96	2	-1	2	-1
"751"	1	1	1	4	0	0	90	100	0	0	3.42901103761e-14	560	1551382879	2	-1	2	-1
"752"	1	1	1	4	0	0	90	100	0	0	3.42901103761e-14	560	1551382879.03	2	-1	2	-1
"753"	1	1	1	4	0	0	90	100	0	0	3.42901103761e-14	560	1551382879.06	2	-1	2	-1
"754"	1	1	1	4	0	0	90	100	0	0	3.42901103761e-14	560	1551382879.1	2	-1	2	-1
"755"	1	1	1	4	0	0	90	100	0	0	3.42901103761e-14	560	1551382879.13	2	-1	2	-1
"756"	1	1	1	4	0	0	90	100	0	0	3.42901103761e-14	560	1551382879.16	2	-1	2	-1
"757"	1	1	1	4	0	0	90	100	0	0	3.42901103761e-14	560	1551382879.2	1	-1	1	-1
"758"	1	1	1	4	0	0	90	100	0	0	3.42901103761e-14	560	1551382879.23	1	0	1	0
"759"	1	1	1	4	0	0	90	100	0	0	3.42901103761e-14	560	1551382879.26	1	0	1	0
"760"	1	1	1	4	0	0	90	100	0	0	3.42901103761e-14	560	1551382879.3	1	0	1	0
"761"	1	1	1	4	0	0	90	100	0	0	3.42901103761e-14	560	1551382879.33	1	1	1	1
"762"	1	1	1	4	0	0	90	100	0	0	3.42901103761e-14	560	1551382879.36	1	1	1	1
"763"	1	1	1	4	0	0	90	100	0	0	3.42901103761e-14	560	1551382879.4	1	1	1	1
"764"	1	1	1	4	0	0	90	100	0	0	3.42901103761e-14	560	1551382879.43	0	1	0	1
"765"	1	1	1	4	0	0	90	100	0	0	3.42901103761e-14	560	1551382879.46	0	1	0	1
"766"	1	1	1	4	0	0	90	100	0	0	3.42901103761e-14	560	1551382879.5	0	2	0	2
"767"	1	1	1	4	0	0	90	100	0	0	3.42901103761e-14	560	1551382879.53	-2	6	-2	6
"768"	1	1	1	4	0	0	90	100	0	0	3.42901103761e-14	560	1551382879.56	-3	9	-3	9
"769"	1	1	1	4	0	0	90	100	0	0	3.42901103761e-14	560	1551382879.6	-6	17	-6	17
"770"	1	1	1	4	0	0	90	100	0	0	3.42901103761e-14	560	1551382879.63	-8	25	-8	25
"771"	1	1	1	4	0	0	90	100	0	0	3.42901103761e-14	560	1551382879.66	-11	33	-11	33
"772"	1	1	1	4	0	0	90	100	0	0	3.42901103761e-14	560	1551382879.7	-14	48	-14	48
"773"	1	1	1	4	0	0	90	100	0	0	3.42901103761e-14	560	1551382879.73	-18	58	-18	58
"774"	1	1	1	4	0	0	90	100	0	0	3.42901103761e-14	560	1551382879.76	-23	79	-23	79
"775"	1	1	1	4	0	0	90	100	0	0	3.42901103761e-14	560	1551382879.8	-26	92	-26	92
"776"	1	1	1	4	0	0	90	100	0	0	3.42901103761e-14	560	1551382879.83	-30	105	-30	105
"777"	1	1	1	4	0	0	90	100	0	0	3.42901103761e-14	560	1551382879.86	-32	122	-32	122
"778"	1	1	1	4	0	0	90	100	0	0	3.42901103761e-14	560	1551382879.9	-36	142	-36	142
"779"	1	1	1	4	0	0	90	100	0	0	3.42901103761e-14	560	1551382879.93	-39	154	-39	154
"780"	1	1	1	4	0	0	90	100	0	0	3.42901103761e-14	560	1551382879.96	-41	168	-41	168
"781"	1	1	1	4	0	0	90	100	0	0	3.42901103761e-14	560	1551382880	-43	185	-43	185
"782"	1	1	1	4	0	0	90	100	0	0	3.42901103761e-14	560	1551382880.03	-45	198	-45	198
"783"	1	1	1	4	0	0	90	100	0	0	3.42901103761e-14	560	1551382880.06	-45	210	-45	210
"784"	1	1	1	4	0	0	90	100	0	0	3.42901103761e-14	560	1551382880.1	-45	223	-45	223
"785"	1	1	1	4	0	0	90	100	0	0	3.42901103761e-14	560	1551382880.13	-45	236	-45	236
"786"	1	1	1	4	0	0	90	100	0	0	3.42901103761e-14	560	1551382880.16	-44	249	-44	249
"787"	1	1	1	4	0	0	90	100	0	0	3.42901103761e-14	560	1551382880.2	-44	257	-44	257
"788"	1	1	1	4	0	0	90	100	0	0	3.42901103761e-14	560	1551382880.23	-43	267	-43	267
"789"	1	1	1	4	0	0	90	100	0	0	3.42901103761e-14	560	1551382880.26	-42	275	-42	275
"790"	1	1	1	4	0	0	90	100	0	0	3.42901103761e-14	560	1551382880.3	-40	284	-40	284
"791"	1	1	1	4	0	0	90	100	0	0	3.42901103761e-14	560	1551382880.33	-38	298	-38	298
"792"	1	1	1	4	0	0	90	100	0	0	3.42901103761e-14	560	1551382880.36	-37	309	-37	309
"793"	1	1	1	4	0	0	90	100	0	0	3.42901103761e-14	560	1551382880.4	-34	321	-34	321
"794"	1	1	1	4	0	0	90	100	0	0	3.42901103761e-14	560	1551382880.43	-31	333	-31	333
"795"	1	1	1	4	0	0	90	100	0	0	3.42901103761e-14	560	1551382880.46	-28	347	-28	347
"796"	1	1	1	4	0	0	90	100	0	0	3.42901103761e-14	560	1551382880.5	-26	357	-26	357
"797"	1	1	1	4	0	0	90	100	0	0	3.42901103761e-14	560	1551382880.53	-26	369	-26	369
"798"	1	1	1	4	0	0	90	100	0	0	3.42901103761e-14	560	1551382880.56	-24	382	-24	382
"799"	1	1	1	4	0	0	90	100	0	0	3.42901103761e-14	560	1551382880.6	-23	394	-23	394
"800"	1	1	1	4	0	0	90	100	0	0	3.42901103761e-14	560	1551382880.63	-21	404	-21	404
"801"	1	1	1	4	0	0	90	100	0	0	3.42901103761e-14	560	1551382880.66	-20	413	-20	413
"802"	1	1	1	4	0	0	90	100	0	0	3.42901103761e-14	560	1551382880.7	-18	425	-18	425
"803"	1	1	1	4	0	0	90	100	0	0	3.42901103761e-14	560	1551382880.73	-17	434	-17	434
"804"	1	1	1	4	0	0	90	100	0	0	3.42901103761e-14	560	1551382880.76	-17	444	-17	444
"805"	1	1	1	4	0	0	90	100	0	0	3.42901103761e-14	560	1551382880.8	-16	454	-16	454
"806"	1	1	1	4	0	0	90	100	0	0	3.42901103761e-14	560	1551382880.83	-16	464	-16	464
"807"	1	1	1	4	0	0	90	100	0	0	3.42901103761e-14	560	1551382880.86	-16	473	-16	473
"808"	1	1	1	4	0	0	90	100	0	0	3.42901103761e-14	560	1551382880.9	-15	483	-15	483
"809"	1	1	1	4	0	0	90	100	0	0	3.42901103761e-14	560	1551382880.93	-15	489	-15	489
"810"	1	1	1	4	0	0	90	100	0	0	3.42901103761e-14	560	1551382880.96	-15	494	-15	494
"811"	1	1	1	4	0	0	90	100	0	0	3.42901103761e-14	560	1551382881	-14	501	-14	501
"812"	1	1	1	4	0	0	90	100	0	0	3.42901103761e-14	560	1551382881.03	-13	507	-13	507
"813"	1	1	1	4	0	0	90	100	0	0	3.42901103761e-14	560	1551382881.06	-12	512	-12	512
"814"	1	1	1	4	0	0	90	100	0	0	3.42901103761e-14	560	1551382881.1	-11	518	-11	518
"815"	1	1	1	4	0	0	90	100	0	0	3.42901103761e-14	560	1551382881.13	-10	522	-10	522
"816"	1	1	1	4	0	0	90	100	0	0	3.42901103761e-14	560	1551382881.16	-9	527	-9	527
"817"	1	1	1	4	0	0	90	100	0	0	3.42901103761e-14	560	1551382881.2	-8	530	-8	530
"818"	1	1	1	4	0	0	90	100	0	0	3.42901103761e-14	560	1551382881.23	-7	534	-7	534
"819"	1	1	1	4	0	0	90	100	0	0	3.42901103761e-14	560	1551382881.26	-6	538	-6	538
"820"	1	1	1	4	0	0	90	100	0	0	3.42901103761e-14	560	1551382881.3	-4	541	-4	541
"821"	1	1	1	4	0	0	90	100	0	0	3.42901103761e-14	560	1551382881.33	-3	544	-3	544
"822"	1	1	1	4	0	0	90	100	0	0	3.42901103761e-14	560	1551382881.36	-1	547	-1	547
"823"	1	1	1	4	0	0	90	100	0	0	3.42901103761e-14	560	1551382881.4	-1	549	-1	549
"824"	1	1	1	4	0	0	90	100	0	0	3.42901103761e-14	560	1551382881.43	0	550	0	550
"825"	1	1	1	4	0	0	90	100	0	0	3.42901103761e-14	560	1551382881.46	0	552	0	552
"826"	1	1	1	4	0	0	90	100	0	0	3.42901103761e-14	560	1551382881.5	1	554	1	554
"827"	1	1	1	5	0	0	135	100	0	0	-395.979797464	395.979797464	1551382883.81	-1	0	-1	0
"828"	1	1	1	5	0	0	135	100	0	0	-395.979797464	395.979797464	1551382883.83	0	-1	0	-1
"829"	1	1	1	5	0	0	135	100	0	0	-395.979797464	395.979797464	1551382883.87	1	-2	1	-2
"830"	1	1	1	5	0	0	135	100	0	0	-395.979797464	395.979797464	1551382883.9	1	-3	1	-3
"831"	1	1	1	5	0	0	135	100	0	0	-395.979797464	395.979797464	1551382883.93	2	-3	2	-3
"832"	1	1	1	5	0	0	135	100	0	0	-395.979797464	395.979797464	1551382883.97	2	-4	2	-4
"833"	1	1	1	5	0	0	135	100	0	0	-395.979797464	395.979797464	1551382884	2	-4	2	-4
"834"	1	1	1	5	0	0	135	100	0	0	-395.979797464	395.979797464	1551382884.03	2	-4	2	-4
"835"	1	1	1	5	0	0	135	100	0	0	-395.979797464	395.979797464	1551382884.07	2	-4	2	-4
"836"	1	1	1	5	0	0	135	100	0	0	-395.979797464	395.979797464	1551382884.1	2	-4	2	-4
"837"	1	1	1	5	0	0	135	100	0	0	-395.979797464	395.979797464	1551382884.13	2	-4	2	-4
"838"	1	1	1	5	0	0	135	100	0	0	-395.979797464	395.979797464	1551382884.17	2	-4	2	-4
"839"	1	1	1	5	0	0	135	100	0	0	-395.979797464	395.979797464	1551382884.2	2	-3	2	-3
"840"	1	1	1	5	0	0	135	100	0	0	-395.979797464	395.979797464	1551382884.23	-1	-2	-1	-2
"841"	1	1	1	5	0	0	135	100	0	0	-395.979797464	395.979797464	1551382884.27	-6	2	-6	2
"842"	1	1	1	5	0	0	135	100	0	0	-395.979797464	395.979797464	1551382884.3	-11	5	-11	5
"843"	1	1	1	5	0	0	135	100	0	0	-395.979797464	395.979797464	1551382884.33	-18	10	-18	10
"844"	1	1	1	5	0	0	135	100	0	0	-395.979797464	395.979797464	1551382884.37	-23	12	-23	12
"845"	1	1	1	5	0	0	135	100	0	0	-395.979797464	395.979797464	1551382884.4	-28	17	-28	17
"846"	1	1	1	5	0	0	135	100	0	0	-395.979797464	395.979797464	1551382884.43	-35	24	-35	24
"847"	1	1	1	5	0	0	135	100	0	0	-395.979797464	395.979797464	1551382884.47	-43	31	-43	31
"848"	1	1	1	5	0	0	135	100	0	0	-395.979797464	395.979797464	1551382884.5	-53	41	-53	41
"849"	1	1	1	5	0	0	135	100	0	0	-395.979797464	395.979797464	1551382884.53	-65	49	-65	49
"850"	1	1	1	5	0	0	135	100	0	0	-395.979797464	395.979797464	1551382884.57	-81	62	-81	62
"851"	1	1	1	5	0	0	135	100	0	0	-395.979797464	395.979797464	1551382884.6	-97	77	-97	77
"852"	1	1	1	5	0	0	135	100	0	0	-395.979797464	395.979797464	1551382884.63	-115	90	-115	90
"853"	1	1	1	5	0	0	135	100	0	0	-395.979797464	395.979797464	1551382884.67	-133	103	-133	103
"854"	1	1	1	5	0	0	135	100	0	0	-395.979797464	395.979797464	1551382884.7	-150	115	-150	115
"855"	1	1	1	5	0	0	135	100	0	0	-395.979797464	395.979797464	1551382884.73	-170	127	-170	127
"856"	1	1	1	5	0	0	135	100	0	0	-395.979797464	395.979797464	1551382884.77	-191	139	-191	139
"857"	1	1	1	5	0	0	135	100	0	0	-395.979797464	395.979797464	1551382884.8	-212	147	-212	147
"858"	1	1	1	5	0	0	135	100	0	0	-395.979797464	395.979797464	1551382884.83	-227	155	-227	155
"859"	1	1	1	5	0	0	135	100	0	0	-395.979797464	395.979797464	1551382884.87	-242	165	-242	165
"860"	1	1	1	5	0	0	135	100	0	0	-395.979797464	395.979797464	1551382884.9	-258	176	-258	176
"861"	1	1	1	5	0	0	135	100	0	0	-395.979797464	395.979797464	1551382884.93	-271	188	-271	188
"862"	1	1	1	5	0	0	135	100	0	0	-395.979797464	395.979797464	1551382884.97	-282	199	-282	199
"863"	1	1	1	5	0	0	135	100	0	0	-395.979797464	395.979797464	1551382885	-292	209	-292	209
"864"	1	1	1	5	0	0	135	100	0	0	-395.979797464	395.979797464	1551382885.03	-304	221	-304	221
"865"	1	1	1	5	0	0	135	100	0	0	-395.979797464	395.979797464	1551382885.07	-314	232	-314	232
"866"	1	1	1	5	0	0	135	100	0	0	-395.979797464	395.979797464	1551382885.1	-321	241	-321	241
"867"	1	1	1	5	0	0	135	100	0	0	-395.979797464	395.979797464	1551382885.13	-330	252	-330	252
"868"	1	1	1	5	0	0	135	100	0	0	-395.979797464	395.979797464	1551382885.17	-337	261	-337	261
"869"	1	1	1	5	0	0	135	100	0	0	-395.979797464	395.979797464	1551382885.2	-345	272	-345	272
"870"	1	1	1	5	0	0	135	100	0	0	-395.979797464	395.979797464	1551382885.23	-352	281	-352	281
"871"	1	1	1	5	0	0	135	100	0	0	-395.979797464	395.979797464	1551382885.27	-358	290	-358	290
"872"	1	1	1	5	0	0	135	100	0	0	-395.979797464	395.979797464	1551382885.3	-364	300	-364	300
"873"	1	1	1	5	0	0	135	100	0	0	-395.979797464	395.979797464	1551382885.33	-369	307	-369	307
"874"	1	1	1	5	0	0	135	100	0	0	-395.979797464	395.979797464	1551382885.37	-375	313	-375	313
"875"	1	1	1	5	0	0	135	100	0	0	-395.979797464	395.979797464	1551382885.4	-379	319	-379	319
"876"	1	1	1	5	0	0	135	100	0	0	-395.979797464	395.979797464	1551382885.43	-383	325	-383	325
"877"	1	1	1	5	0	0	135	100	0	0	-395.979797464	395.979797464	1551382885.47	-386	330	-386	330
"878"	1	1	1	5	0	0	135	100	0	0	-395.979797464	395.979797464	1551382885.5	-390	335	-390	335
"879"	1	1	1	5	0	0	135	100	0	0	-395.979797464	395.979797464	1551382885.53	-394	342	-394	342
"880"	1	1	1	5	0	0	135	100	0	0	-395.979797464	395.979797464	1551382885.57	-397	348	-397	348
"881"	1	1	1	5	0	0	135	100	0	0	-395.979797464	395.979797464	1551382885.6	-400	354	-400	354
"882"	1	1	1	5	0	0	135	100	0	0	-395.979797464	395.979797464	1551382885.63	-402	358	-402	358
"883"	1	1	1	5	0	0	135	100	0	0	-395.979797464	395.979797464	1551382885.67	-403	361	-403	361
"884"	1	1	1	5	0	0	135	100	0	0	-395.979797464	395.979797464	1551382885.7	-404	367	-404	367
"885"	1	1	1	5	0	0	135	100	0	0	-395.979797464	395.979797464	1551382885.73	-405	370	-405	370
"886"	1	1	1	5	0	0	135	100	0	0	-395.979797464	395.979797464	1551382885.77	-405	373	-405	373
"887"	1	1	1	5	0	0	135	100	0	0	-395.979797464	395.979797464	1551382885.8	-405	377	-405	377
"888"	1	1	1	5	0	0	135	100	0	0	-395.979797464	395.979797464	1551382885.83	-405	380	-405	380
"889"	1	1	1	5	0	0	135	100	0	0	-395.979797464	395.979797464	1551382885.87	-404	383	-404	383
"890"	1	1	1	5	0	0	135	100	0	0	-395.979797464	395.979797464	1551382885.9	-404	384	-404	384
"891"	1	1	1	5	0	0	135	100	0	0	-395.979797464	395.979797464	1551382885.93	-404	384	-404	384
"892"	1	1	1	5	0	0	135	100	0	0	-395.979797464	395.979797464	1551382885.97	-404	384	-404	384
"893"	1	1	1	5	0	0	135	100	0	0	-395.979797464	395.979797464	1551382886	-403	387	-403	387
"894"	1	1	1	5	0	0	135	100	0	0	-395.979797464	395.979797464	1551382886.03	-401	390	-401	390
"895"	1	1	1	5	0	0	135	100	0	0	-395.979797464	395.979797464	1551382886.07	-400	392	-400	392
"896"	1	1	1	5	0	0	135	100	0	0	-395.979797464	395.979797464	1551382886.1	-400	394	-400	394
"897"	1	1	1	5	0	0	135	100	0	0	-395.979797464	395.979797464	1551382886.13	-399	395	-399	395
"898"	1	1	1	6	0	0	45	100	0	0	395.979797464	395.979797464	1551382888.25	8	6	8	6
"899"	1	1	1	6	0	0	45	100	0	0	395.979797464	395.979797464	1551382888.27	7	6	7	6
"900"	1	1	1	6	0	0	45	100	0	0	395.979797464	395.979797464	1551382888.3	7	6	7	6
"901"	1	1	1	6	0	0	45	100	0	0	395.979797464	395.979797464	1551382888.34	7	5	7	5
"902"	1	1	1	6	0	0	45	100	0	0	395.979797464	395.979797464	1551382888.37	6	5	6	5
"903"	1	1	1	6	0	0	45	100	0	0	395.979797464	395.979797464	1551382888.4	6	5	6	5
"904"	1	1	1	6	0	0	45	100	0	0	395.979797464	395.979797464	1551382888.44	5	5	5	5
"905"	1	1	1	6	0	0	45	100	0	0	395.979797464	395.979797464	1551382888.47	2	4	2	4
"906"	1	1	1	6	0	0	45	100	0	0	395.979797464	395.979797464	1551382888.5	2	4	2	4
"907"	1	1	1	6	0	0	45	100	0	0	395.979797464	395.979797464	1551382888.54	1	4	1	4
"908"	1	1	1	6	0	0	45	100	0	0	395.979797464	395.979797464	1551382888.57	1	4	1	4
"909"	1	1	1	6	0	0	45	100	0	0	395.979797464	395.979797464	1551382888.6	1	4	1	4
"910"	1	1	1	6	0	0	45	100	0	0	395.979797464	395.979797464	1551382888.64	2	6	2	6
"911"	1	1	1	6	0	0	45	100	0	0	395.979797464	395.979797464	1551382888.67	6	10	6	10
"912"	1	1	1	6	0	0	45	100	0	0	395.979797464	395.979797464	1551382888.7	12	16	12	16
"913"	1	1	1	6	0	0	45	100	0	0	395.979797464	395.979797464	1551382888.74	17	22	17	22
"914"	1	1	1	6	0	0	45	100	0	0	395.979797464	395.979797464	1551382888.77	22	29	22	29
"915"	1	1	1	6	0	0	45	100	0	0	395.979797464	395.979797464	1551382888.8	29	37	29	37
"916"	1	1	1	6	0	0	45	100	0	0	395.979797464	395.979797464	1551382888.84	36	46	36	46
"917"	1	1	1	6	0	0	45	100	0	0	395.979797464	395.979797464	1551382888.87	45	57	45	57
"918"	1	1	1	6	0	0	45	100	0	0	395.979797464	395.979797464	1551382888.9	53	67	53	67
"919"	1	1	1	6	0	0	45	100	0	0	395.979797464	395.979797464	1551382888.94	63	79	63	79
"920"	1	1	1	6	0	0	45	100	0	0	395.979797464	395.979797464	1551382888.97	74	92	74	92
"921"	1	1	1	6	0	0	45	100	0	0	395.979797464	395.979797464	1551382889	84	103	84	103
"922"	1	1	1	6	0	0	45	100	0	0	395.979797464	395.979797464	1551382889.04	93	111	93	111
"923"	1	1	1	6	0	0	45	100	0	0	395.979797464	395.979797464	1551382889.07	105	121	105	121
"924"	1	1	1	6	0	0	45	100	0	0	395.979797464	395.979797464	1551382889.1	120	131	120	131
"925"	1	1	1	6	0	0	45	100	0	0	395.979797464	395.979797464	1551382889.14	132	139	132	139
"926"	1	1	1	6	0	0	45	100	0	0	395.979797464	395.979797464	1551382889.17	148	152	148	152
"927"	1	1	1	6	0	0	45	100	0	0	395.979797464	395.979797464	1551382889.2	161	163	161	163
"928"	1	1	1	6	0	0	45	100	0	0	395.979797464	395.979797464	1551382889.24	171	170	171	170
"929"	1	1	1	6	0	0	45	100	0	0	395.979797464	395.979797464	1551382889.27	186	181	186	181
"930"	1	1	1	6	0	0	45	100	0	0	395.979797464	395.979797464	1551382889.3	200	191	200	191
"931"	1	1	1	6	0	0	45	100	0	0	395.979797464	395.979797464	1551382889.34	212	200	212	200
"932"	1	1	1	6	0	0	45	100	0	0	395.979797464	395.979797464	1551382889.37	228	211	228	211
"933"	1	1	1	6	0	0	45	100	0	0	395.979797464	395.979797464	1551382889.4	240	221	240	221
"934"	1	1	1	6	0	0	45	100	0	0	395.979797464	395.979797464	1551382889.44	255	234	255	234
"935"	1	1	1	6	0	0	45	100	0	0	395.979797464	395.979797464	1551382889.47	266	242	266	242
"936"	1	1	1	6	0	0	45	100	0	0	395.979797464	395.979797464	1551382889.5	280	252	280	252
"937"	1	1	1	6	0	0	45	100	0	0	395.979797464	395.979797464	1551382889.54	293	262	293	262
"938"	1	1	1	6	0	0	45	100	0	0	395.979797464	395.979797464	1551382889.57	301	269	301	269
"939"	1	1	1	6	0	0	45	100	0	0	395.979797464	395.979797464	1551382889.6	312	278	312	278
"940"	1	1	1	6	0	0	45	100	0	0	395.979797464	395.979797464	1551382889.64	323	287	323	287
"941"	1	1	1	6	0	0	45	100	0	0	395.979797464	395.979797464	1551382889.67	332	295	332	295
"942"	1	1	1	6	0	0	45	100	0	0	395.979797464	395.979797464	1551382889.7	338	301	338	301
"943"	1	1	1	6	0	0	45	100	0	0	395.979797464	395.979797464	1551382889.74	344	309	344	309
"944"	1	1	1	6	0	0	45	100	0	0	395.979797464	395.979797464	1551382889.77	351	316	351	316
"945"	1	1	1	6	0	0	45	100	0	0	395.979797464	395.979797464	1551382889.8	355	321	355	321
"946"	1	1	1	6	0	0	45	100	0	0	395.979797464	395.979797464	1551382889.84	360	328	360	328
"947"	1	1	1	6	0	0	45	100	0	0	395.979797464	395.979797464	1551382889.87	364	332	364	332
"948"	1	1	1	6	0	0	45	100	0	0	395.979797464	395.979797464	1551382889.9	367	337	367	337
"949"	1	1	1	6	0	0	45	100	0	0	395.979797464	395.979797464	1551382889.94	370	343	370	343
"950"	1	1	1	6	0	0	45	100	0	0	395.979797464	395.979797464	1551382889.97	372	348	372	348
"951"	1	1	1	6	0	0	45	100	0	0	395.979797464	395.979797464	1551382890	375	352	375	352
"952"	1	1	1	6	0	0	45	100	0	0	395.979797464	395.979797464	1551382890.04	376	356	376	356
"953"	1	1	1	6	0	0	45	100	0	0	395.979797464	395.979797464	1551382890.07	378	361	378	361
"954"	1	1	1	6	0	0	45	100	0	0	395.979797464	395.979797464	1551382890.1	380	365	380	365
"955"	1	1	1	6	0	0	45	100	0	0	395.979797464	395.979797464	1551382890.14	382	368	382	368
"956"	1	1	1	6	0	0	45	100	0	0	395.979797464	395.979797464	1551382890.17	384	372	384	372
"957"	1	1	1	6	0	0	45	100	0	0	395.979797464	395.979797464	1551382890.2	386	374	386	374
"958"	1	1	1	6	0	0	45	100	0	0	395.979797464	395.979797464	1551382890.24	388	376	388	376
"959"	1	1	1	6	0	0	45	100	0	0	395.979797464	395.979797464	1551382890.27	390	379	390	379
"960"	1	1	1	6	0	0	45	100	0	0	395.979797464	395.979797464	1551382890.3	392	383	392	383
"961"	1	1	1	6	0	0	45	100	0	0	395.979797464	395.979797464	1551382890.34	394	386	394	386
"962"	1	1	1	6	0	0	45	100	0	0	395.979797464	395.979797464	1551382890.37	395	388	395	388
"963"	1	1	1	6	0	0	45	100	0	0	395.979797464	395.979797464	1551382890.4	397	390	397	390
"964"	1	1	1	6	0	0	45	100	0	0	395.979797464	395.979797464	1551382890.44	398	392	398	392
"965"	1	1	1	7	0	0	90	100	0	0	3.42901103761e-14	560	1551382892.22	-5	0	-5	0
"966"	1	1	1	7	0	0	90	100	0	0	3.42901103761e-14	560	1551382892.24	-5	0	-5	0
"967"	1	1	1	7	0	0	90	100	0	0	3.42901103761e-14	560	1551382892.27	-5	0	-5	0
"968"	1	1	1	7	0	0	90	100	0	0	3.42901103761e-14	560	1551382892.31	-5	0	-5	0
"969"	1	1	1	7	0	0	90	100	0	0	3.42901103761e-14	560	1551382892.34	-5	0	-5	0
"970"	1	1	1	7	0	0	90	100	0	0	3.42901103761e-14	560	1551382892.37	-5	0	-5	0
"971"	1	1	1	7	0	0	90	100	0	0	3.42901103761e-14	560	1551382892.41	-5	0	-5	0
"972"	1	1	1	7	0	0	90	100	0	0	3.42901103761e-14	560	1551382892.44	-5	0	-5	0
"973"	1	1	1	7	0	0	90	100	0	0	3.42901103761e-14	560	1551382892.47	-4	0	-4	0
"974"	1	1	1	7	0	0	90	100	0	0	3.42901103761e-14	560	1551382892.51	-4	0	-4	0
"975"	1	1	1	7	0	0	90	100	0	0	3.42901103761e-14	560	1551382892.54	-3	1	-3	1
"976"	1	1	1	7	0	0	90	100	0	0	3.42901103761e-14	560	1551382892.57	-2	4	-2	4
"977"	1	1	1	7	0	0	90	100	0	0	3.42901103761e-14	560	1551382892.61	-2	13	-2	13
"978"	1	1	1	7	0	0	90	100	0	0	3.42901103761e-14	560	1551382892.64	-5	24	-5	24
"979"	1	1	1	7	0	0	90	100	0	0	3.42901103761e-14	560	1551382892.67	-9	34	-9	34
"980"	1	1	1	7	0	0	90	100	0	0	3.42901103761e-14	560	1551382892.71	-14	47	-14	47
"981"	1	1	1	7	0	0	90	100	0	0	3.42901103761e-14	560	1551382892.74	-17	57	-17	57
"982"	1	1	1	7	0	0	90	100	0	0	3.42901103761e-14	560	1551382892.77	-19	71	-19	71
"983"	1	1	1	7	0	0	90	100	0	0	3.42901103761e-14	560	1551382892.81	-22	86	-22	86
"984"	1	1	1	7	0	0	90	100	0	0	3.42901103761e-14	560	1551382892.84	-27	114	-27	114
"985"	1	1	1	7	0	0	90	100	0	0	3.42901103761e-14	560	1551382892.87	-30	137	-30	137
"986"	1	1	1	7	0	0	90	100	0	0	3.42901103761e-14	560	1551382892.91	-32	157	-32	157
"987"	1	1	1	7	0	0	90	100	0	0	3.42901103761e-14	560	1551382892.94	-35	185	-35	185
"988"	1	1	1	7	0	0	90	100	0	0	3.42901103761e-14	560	1551382892.97	-36	207	-36	207
"989"	1	1	1	7	0	0	90	100	0	0	3.42901103761e-14	560	1551382893.01	-36	235	-36	235
"990"	1	1	1	7	0	0	90	100	0	0	3.42901103761e-14	560	1551382893.04	-36	256	-36	256
"991"	1	1	1	7	0	0	90	100	0	0	3.42901103761e-14	560	1551382893.07	-37	277	-37	277
"992"	1	1	1	7	0	0	90	100	0	0	3.42901103761e-14	560	1551382893.11	-37	301	-37	301
"993"	1	1	1	7	0	0	90	100	0	0	3.42901103761e-14	560	1551382893.14	-37	313	-37	313
"994"	1	1	1	7	0	0	90	100	0	0	3.42901103761e-14	560	1551382893.17	-35	337	-35	337
"995"	1	1	1	7	0	0	90	100	0	0	3.42901103761e-14	560	1551382893.21	-33	351	-33	351
"996"	1	1	1	7	0	0	90	100	0	0	3.42901103761e-14	560	1551382893.24	-32	366	-32	366
"997"	1	1	1	7	0	0	90	100	0	0	3.42901103761e-14	560	1551382893.27	-30	379	-30	379
"998"	1	1	1	7	0	0	90	100	0	0	3.42901103761e-14	560	1551382893.31	-28	393	-28	393
"999"	1	1	1	7	0	0	90	100	0	0	3.42901103761e-14	560	1551382893.34	-27	409	-27	409
"1000"	1	1	1	7	0	0	90	100	0	0	3.42901103761e-14	560	1551382893.37	-25	419	-25	419
"1001"	1	1	1	7	0	0	90	100	0	0	3.42901103761e-14	560	1551382893.41	-23	431	-23	431
"1002"	1	1	1	7	0	0	90	100	0	0	3.42901103761e-14	560	1551382893.44	-21	442	-21	442
"1003"	1	1	1	7	0	0	90	100	0	0	3.42901103761e-14	560	1551382893.47	-20	449	-20	449
"1004"	1	1	1	7	0	0	90	100	0	0	3.42901103761e-14	560	1551382893.51	-18	459	-18	459
"1005"	1	1	1	7	0	0	90	100	0	0	3.42901103761e-14	560	1551382893.54	-17	467	-17	467
"1006"	1	1	1	7	0	0	90	100	0	0	3.42901103761e-14	560	1551382893.57	-15	478	-15	478
"1007"	1	1	1	7	0	0	90	100	0	0	3.42901103761e-14	560	1551382893.61	-14	485	-14	485
"1008"	1	1	1	7	0	0	90	100	0	0	3.42901103761e-14	560	1551382893.64	-13	494	-13	494
"1009"	1	1	1	7	0	0	90	100	0	0	3.42901103761e-14	560	1551382893.67	-11	503	-11	503
"1010"	1	1	1	7	0	0	90	100	0	0	3.42901103761e-14	560	1551382893.71	-10	509	-10	509
"1011"	1	1	1	7	0	0	90	100	0	0	3.42901103761e-14	560	1551382893.74	-10	516	-10	516
"1012"	1	1	1	7	0	0	90	100	0	0	3.42901103761e-14	560	1551382893.77	-9	522	-9	522
"1013"	1	1	1	7	0	0	90	100	0	0	3.42901103761e-14	560	1551382893.81	-9	527	-9	527
"1014"	1	1	1	7	0	0	90	100	0	0	3.42901103761e-14	560	1551382893.84	-8	534	-8	534
"1015"	1	1	1	7	0	0	90	100	0	0	3.42901103761e-14	560	1551382893.87	-7	539	-7	539
"1016"	1	1	1	7	0	0	90	100	0	0	3.42901103761e-14	560	1551382893.91	-6	544	-6	544
"1017"	1	1	1	7	0	0	90	100	0	0	3.42901103761e-14	560	1551382893.94	-6	546	-6	546
"1018"	1	1	1	7	0	0	90	100	0	0	3.42901103761e-14	560	1551382893.97	-6	549	-6	549
"1019"	1	1	1	7	0	0	90	100	0	0	3.42901103761e-14	560	1551382894.01	-5	552	-5	552
"1020"	1	1	1	7	0	0	90	100	0	0	3.42901103761e-14	560	1551382894.04	-5	554	-5	554
"1021"	1	1	1	7	0	0	90	100	0	0	3.42901103761e-14	560	1551382894.07	-3	557	-3	557
"1022"	1	1	1	7	0	0	90	100	0	0	3.42901103761e-14	560	1551382894.11	-3	559	-3	559
"1023"	1	1	1	7	0	0	90	100	0	0	3.42901103761e-14	560	1551382894.14	-2	561	-2	561
"1024"	1	1	1	8	0	0	135	100	0	0	-395.979797464	395.979797464	1551382895.69	0	-1	0	-1
"1025"	1	1	1	8	0	0	135	100	0	0	-395.979797464	395.979797464	1551382895.71	-1	-2	-1	-2
"1026"	1	1	1	8	0	0	135	100	0	0	-395.979797464	395.979797464	1551382895.74	-1	-2	-1	-2
"1027"	1	1	1	8	0	0	135	100	0	0	-395.979797464	395.979797464	1551382895.78	-1	-2	-1	-2
"1028"	1	1	1	8	0	0	135	100	0	0	-395.979797464	395.979797464	1551382895.81	-1	-2	-1	-2
"1029"	1	1	1	8	0	0	135	100	0	0	-395.979797464	395.979797464	1551382895.84	-1	-2	-1	-2
"1030"	1	1	1	8	0	0	135	100	0	0	-395.979797464	395.979797464	1551382895.88	-1	-2	-1	-2
"1031"	1	1	1	8	0	0	135	100	0	0	-395.979797464	395.979797464	1551382895.91	0	-2	0	-2
"1032"	1	1	1	8	0	0	135	100	0	0	-395.979797464	395.979797464	1551382895.94	0	-2	0	-2
"1033"	1	1	1	8	0	0	135	100	0	0	-395.979797464	395.979797464	1551382895.98	0	-2	0	-2
"1034"	1	1	1	8	0	0	135	100	0	0	-395.979797464	395.979797464	1551382896.01	0	-2	0	-2
"1035"	1	1	1	8	0	0	135	100	0	0	-395.979797464	395.979797464	1551382896.04	0	-2	0	-2
"1036"	1	1	1	8	0	0	135	100	0	0	-395.979797464	395.979797464	1551382896.08	-4	-1	-4	-1
"1037"	1	1	1	8	0	0	135	100	0	0	-395.979797464	395.979797464	1551382896.11	-11	3	-11	3
"1038"	1	1	1	8	0	0	135	100	0	0	-395.979797464	395.979797464	1551382896.14	-20	8	-20	8
"1039"	1	1	1	8	0	0	135	100	0	0	-395.979797464	395.979797464	1551382896.18	-33	18	-33	18
"1040"	1	1	1	8	0	0	135	100	0	0	-395.979797464	395.979797464	1551382896.21	-47	32	-47	32
"1041"	1	1	1	8	0	0	135	100	0	0	-395.979797464	395.979797464	1551382896.24	-61	45	-61	45
"1042"	1	1	1	8	0	0	135	100	0	0	-395.979797464	395.979797464	1551382896.28	-86	63	-86	63
"1043"	1	1	1	8	0	0	135	100	0	0	-395.979797464	395.979797464	1551382896.31	-109	82	-109	82
"1044"	1	1	1	8	0	0	135	100	0	0	-395.979797464	395.979797464	1551382896.34	-133	99	-133	99
"1045"	1	1	1	8	0	0	135	100	0	0	-395.979797464	395.979797464	1551382896.38	-152	111	-152	111
"1046"	1	1	1	8	0	0	135	100	0	0	-395.979797464	395.979797464	1551382896.41	-176	132	-176	132
"1047"	1	1	1	8	0	0	135	100	0	0	-395.979797464	395.979797464	1551382896.44	-199	149	-199	149
"1048"	1	1	1	8	0	0	135	100	0	0	-395.979797464	395.979797464	1551382896.48	-217	163	-217	163
"1049"	1	1	1	8	0	0	135	100	0	0	-395.979797464	395.979797464	1551382896.51	-234	180	-234	180
"1050"	1	1	1	8	0	0	135	100	0	0	-395.979797464	395.979797464	1551382896.54	-249	192	-249	192
"1051"	1	1	1	8	0	0	135	100	0	0	-395.979797464	395.979797464	1551382896.58	-261	204	-261	204
"1052"	1	1	1	8	0	0	135	100	0	0	-395.979797464	395.979797464	1551382896.61	-274	219	-274	219
"1053"	1	1	1	8	0	0	135	100	0	0	-395.979797464	395.979797464	1551382896.64	-287	234	-287	234
"1054"	1	1	1	8	0	0	135	100	0	0	-395.979797464	395.979797464	1551382896.68	-300	251	-300	251
"1055"	1	1	1	8	0	0	135	100	0	0	-395.979797464	395.979797464	1551382896.71	-312	269	-312	269
"1056"	1	1	1	8	0	0	135	100	0	0	-395.979797464	395.979797464	1551382896.74	-324	282	-324	282
"1057"	1	1	1	8	0	0	135	100	0	0	-395.979797464	395.979797464	1551382896.78	-335	295	-335	295
"1058"	1	1	1	8	0	0	135	100	0	0	-395.979797464	395.979797464	1551382896.81	-343	305	-343	305
"1059"	1	1	1	8	0	0	135	100	0	0	-395.979797464	395.979797464	1551382896.84	-351	314	-351	314
"1060"	1	1	1	8	0	0	135	100	0	0	-395.979797464	395.979797464	1551382896.88	-357	323	-357	323
"1061"	1	1	1	8	0	0	135	100	0	0	-395.979797464	395.979797464	1551382896.91	-361	330	-361	330
"1062"	1	1	1	8	0	0	135	100	0	0	-395.979797464	395.979797464	1551382896.94	-365	336	-365	336
"1063"	1	1	1	8	0	0	135	100	0	0	-395.979797464	395.979797464	1551382896.98	-371	344	-371	344
"1064"	1	1	1	8	0	0	135	100	0	0	-395.979797464	395.979797464	1551382897.01	-376	351	-376	351
"1065"	1	1	1	8	0	0	135	100	0	0	-395.979797464	395.979797464	1551382897.04	-380	356	-380	356
"1066"	1	1	1	8	0	0	135	100	0	0	-395.979797464	395.979797464	1551382897.08	-385	361	-385	361
"1067"	1	1	1	8	0	0	135	100	0	0	-395.979797464	395.979797464	1551382897.11	-387	364	-387	364
"1068"	1	1	1	8	0	0	135	100	0	0	-395.979797464	395.979797464	1551382897.14	-389	367	-389	367
"1069"	1	1	1	8	0	0	135	100	0	0	-395.979797464	395.979797464	1551382897.18	-392	370	-392	370
"1070"	1	1	1	8	0	0	135	100	0	0	-395.979797464	395.979797464	1551382897.21	-393	373	-393	373
"1071"	1	1	1	8	0	0	135	100	0	0	-395.979797464	395.979797464	1551382897.24	-395	375	-395	375
"1072"	1	1	1	8	0	0	135	100	0	0	-395.979797464	395.979797464	1551382897.28	-396	377	-396	377
"1073"	1	1	1	8	0	0	135	100	0	0	-395.979797464	395.979797464	1551382897.31	-397	380	-397	380
"1074"	1	1	1	8	0	0	135	100	0	0	-395.979797464	395.979797464	1551382897.34	-397	381	-397	381
"1075"	1	1	1	8	0	0	135	100	0	0	-395.979797464	395.979797464	1551382897.38	-397	381	-397	381
"1076"	1	1	1	8	0	0	135	100	0	0	-395.979797464	395.979797464	1551382897.41	-398	382	-398	382
"1077"	1	1	1	8	0	0	135	100	0	0	-395.979797464	395.979797464	1551382897.44	-398	384	-398	384
"1078"	1	1	1	9	0	0	45	100	0	0	395.979797464	395.979797464	1551382899.16	0	1	0	1
"1079"	1	1	1	9	0	0	45	100	0	0	395.979797464	395.979797464	1551382899.18	0	1	0	1
"1080"	1	1	1	9	0	0	45	100	0	0	395.979797464	395.979797464	1551382899.21	0	1	0	1
"1081"	1	1	1	9	0	0	45	100	0	0	395.979797464	395.979797464	1551382899.24	1	1	1	1
"1082"	1	1	1	9	0	0	45	100	0	0	395.979797464	395.979797464	1551382899.28	1	1	1	1
"1083"	1	1	1	9	0	0	45	100	0	0	395.979797464	395.979797464	1551382899.31	1	1	1	1
"1084"	1	1	1	9	0	0	45	100	0	0	395.979797464	395.979797464	1551382899.34	1	1	1	1
"1085"	1	1	1	9	0	0	45	100	0	0	395.979797464	395.979797464	1551382899.38	1	1	1	1
"1086"	1	1	1	9	0	0	45	100	0	0	395.979797464	395.979797464	1551382899.41	1	1	1	1
"1087"	1	1	1	9	0	0	45	100	0	0	395.979797464	395.979797464	1551382899.44	1	1	1	1
"1088"	1	1	1	9	0	0	45	100	0	0	395.979797464	395.979797464	1551382899.48	2	2	2	2
"1089"	1	1	1	9	0	0	45	100	0	0	395.979797464	395.979797464	1551382899.51	4	5	4	5
"1090"	1	1	1	9	0	0	45	100	0	0	395.979797464	395.979797464	1551382899.55	7	13	7	13
"1091"	1	1	1	9	0	0	45	100	0	0	395.979797464	395.979797464	1551382899.58	12	25	12	25
"1092"	1	1	1	9	0	0	45	100	0	0	395.979797464	395.979797464	1551382899.61	17	36	17	36
"1093"	1	1	1	9	0	0	45	100	0	0	395.979797464	395.979797464	1551382899.65	21	42	21	42
"1094"	1	1	1	9	0	0	45	100	0	0	395.979797464	395.979797464	1551382899.68	29	55	29	55
"1095"	1	1	1	9	0	0	45	100	0	0	395.979797464	395.979797464	1551382899.71	37	66	37	66
"1096"	1	1	1	9	0	0	45	100	0	0	395.979797464	395.979797464	1551382899.75	50	82	50	82
"1097"	1	1	1	9	0	0	45	100	0	0	395.979797464	395.979797464	1551382899.78	65	98	65	98
"1098"	1	1	1	9	0	0	45	100	0	0	395.979797464	395.979797464	1551382899.81	76	110	76	110
"1099"	1	1	1	9	0	0	45	100	0	0	395.979797464	395.979797464	1551382899.85	98	132	98	132
"1100"	1	1	1	9	0	0	45	100	0	0	395.979797464	395.979797464	1551382899.88	115	145	115	145
"1101"	1	1	1	9	0	0	45	100	0	0	395.979797464	395.979797464	1551382899.91	137	158	137	158
"1102"	1	1	1	9	0	0	45	100	0	0	395.979797464	395.979797464	1551382899.95	160	171	160	171
"1103"	1	1	1	9	0	0	45	100	0	0	395.979797464	395.979797464	1551382899.98	181	180	181	180
"1104"	1	1	1	9	0	0	45	100	0	0	395.979797464	395.979797464	1551382900.01	196	187	196	187
"1105"	1	1	1	9	0	0	45	100	0	0	395.979797464	395.979797464	1551382900.05	209	193	209	193
"1106"	1	1	1	9	0	0	45	100	0	0	395.979797464	395.979797464	1551382900.08	227	201	227	201
"1107"	1	1	1	9	0	0	45	100	0	0	395.979797464	395.979797464	1551382900.11	245	210	245	210
"1108"	1	1	1	9	0	0	45	100	0	0	395.979797464	395.979797464	1551382900.15	257	218	257	218
"1109"	1	1	1	9	0	0	45	100	0	0	395.979797464	395.979797464	1551382900.18	274	229	274	229
"1110"	1	1	1	9	0	0	45	100	0	0	395.979797464	395.979797464	1551382900.21	287	242	287	242
"1111"	1	1	1	9	0	0	45	100	0	0	395.979797464	395.979797464	1551382900.25	299	255	299	255
"1112"	1	1	1	9	0	0	45	100	0	0	395.979797464	395.979797464	1551382900.28	307	263	307	263
"1113"	1	1	1	9	0	0	45	100	0	0	395.979797464	395.979797464	1551382900.31	315	272	315	272
"1114"	1	1	1	9	0	0	45	100	0	0	395.979797464	395.979797464	1551382900.35	324	283	324	283
"1115"	1	1	1	9	0	0	45	100	0	0	395.979797464	395.979797464	1551382900.38	330	290	330	290
"1116"	1	1	1	9	0	0	45	100	0	0	395.979797464	395.979797464	1551382900.41	338	300	338	300
"1117"	1	1	1	9	0	0	45	100	0	0	395.979797464	395.979797464	1551382900.45	344	307	344	307
"1118"	1	1	1	9	0	0	45	100	0	0	395.979797464	395.979797464	1551382900.48	349	315	349	315
"1119"	1	1	1	9	0	0	45	100	0	0	395.979797464	395.979797464	1551382900.51	355	325	355	325
"1120"	1	1	1	9	0	0	45	100	0	0	395.979797464	395.979797464	1551382900.55	362	335	362	335
"1121"	1	1	1	9	0	0	45	100	0	0	395.979797464	395.979797464	1551382900.58	368	346	368	346
"1122"	1	1	1	9	0	0	45	100	0	0	395.979797464	395.979797464	1551382900.61	371	351	371	351
"1123"	1	1	1	9	0	0	45	100	0	0	395.979797464	395.979797464	1551382900.65	375	358	375	358
"1124"	1	1	1	9	0	0	45	100	0	0	395.979797464	395.979797464	1551382900.68	378	364	378	364
"1125"	1	1	1	9	0	0	45	100	0	0	395.979797464	395.979797464	1551382900.71	382	369	382	369
"1126"	1	1	1	9	0	0	45	100	0	0	395.979797464	395.979797464	1551382900.75	387	375	387	375
"1127"	1	1	1	9	0	0	45	100	0	0	395.979797464	395.979797464	1551382900.78	390	379	390	379
"1128"	1	1	1	9	0	0	45	100	0	0	395.979797464	395.979797464	1551382900.81	392	382	392	382
"1129"	1	1	1	9	0	0	45	100	0	0	395.979797464	395.979797464	1551382900.85	394	386	394	386
"1130"	1	1	1	9	0	0	45	100	0	0	395.979797464	395.979797464	1551382900.88	397	390	397	390
"1131"	1	1	1	9	0	0	45	100	0	0	395.979797464	395.979797464	1551382900.91	399	393	399	393
