"task_num"	"task_name"	"trial_type"	"trial_num"	"terminalfeedback_bool"	"rotation_angle"	"targetangle_deg"	"targetdistance_percmax"	"homex_px"	"homey_px"	"targetx_px"	"targety_px"	"time_s"	"mousex_px"	"mousey_px"	"cursorx_px"	"cursory_px"
44	"1"	"1"	1	FALSE	-45	135	100	0	0	-395.979797464	395.979797464	1.25757694244	-5	1	-2.82842712475	4.24264068712
44	"1"	"1"	1	FALSE	-45	135	100	0	0	-395.979797464	395.979797464	1.2908000946	-5	1	-2.82842712475	4.24264068712
44	"1"	"1"	1	FALSE	-45	135	100	0	0	-395.979797464	395.979797464	1.32413315773	-1	-2	-2.12132034356	-0.707106781187
44	"1"	"1"	1	FALSE	-45	135	100	0	0	-395.979797464	395.979797464	1.35772609711	2	-4	-1.41421356237	-4.24264068712
44	"1"	"1"	1	FALSE	-45	135	100	0	0	-395.979797464	395.979797464	1.3910150528	3	-4	-0.707106781187	-4.94974746831
44	"1"	"1"	1	FALSE	-45	135	100	0	0	-395.979797464	395.979797464	1.42446804047	3	-4	-0.707106781187	-4.94974746831
44	"1"	"1"	1	FALSE	-45	135	100	0	0	-395.979797464	395.979797464	1.45780205727	2	-2	0	-2.82842712475
44	"1"	"1"	1	FALSE	-45	135	100	0	0	-395.979797464	395.979797464	1.49114012718	1	-2	-0.707106781187	-2.12132034356
44	"1"	"1"	1	FALSE	-45	135	100	0	0	-395.979797464	395.979797464	1.52443408966	1	-2	-0.707106781187	-2.12132034356
44	"1"	"1"	1	FALSE	-45	135	100	0	0	-395.979797464	395.979797464	1.55781197548	1	-2	-0.707106781187	-2.12132034356
44	"1"	"1"	1	FALSE	-45	135	100	0	0	-395.979797464	395.979797464	1.59123110771	1	-1	0	-1.41421356237
44	"1"	"1"	1	FALSE	-45	135	100	0	0	-395.979797464	395.979797464	1.62453794479	-2	2	0	2.82842712475
44	"1"	"1"	1	FALSE	-45	135	100	0	0	-395.979797464	395.979797464	1.65794205666	-11	9	-1.41421356237	14.1421356237
44	"1"	"1"	1	FALSE	-45	135	100	0	0	-395.979797464	395.979797464	1.69137215614	-21	16	-3.53553390593	26.1629509039
44	"1"	"1"	1	FALSE	-45	135	100	0	0	-395.979797464	395.979797464	1.72461795807	-36	25	-7.77817459305	43.1335136524
44	"1"	"1"	1	FALSE	-45	135	100	0	0	-395.979797464	395.979797464	1.75794196129	-62	38	-16.9705627485	70.7106781187
44	"1"	"1"	1	FALSE	-45	135	100	0	0	-395.979797464	395.979797464	1.79137301445	-86	49	-26.1629509039	95.4594154602
44	"1"	"1"	1	FALSE	-45	135	100	0	0	-395.979797464	395.979797464	1.82456803322	-118	64	-38.1837661841	128.693434176
44	"1"	"1"	1	FALSE	-45	135	100	0	0	-395.979797464	395.979797464	1.85802507401	-154	78	-53.7401153702	164.048773235
44	"1"	"1"	1	FALSE	-45	135	100	0	0	-395.979797464	395.979797464	1.89162707329	-197	89	-76.3675323681	202.232539419
44	"1"	"1"	1	FALSE	-45	135	100	0	0	-395.979797464	395.979797464	1.92519497871	-239	99	-98.9949493661	239.002092041
44	"1"	"1"	1	FALSE	-45	135	100	0	0	-395.979797464	395.979797464	1.95820403099	-287	110	-125.15790027	280.721392131
44	"1"	"1"	1	FALSE	-45	135	100	0	0	-395.979797464	395.979797464	1.99142694473	-334	120	-151.320851174	321.026478659
44	"1"	"1"	1	FALSE	-45	135	100	0	0	-395.979797464	395.979797464	2.02498316765	-374	124	-176.776695297	352.139177031
44	"1"	"1"	1	FALSE	-45	135	100	0	0	-395.979797464	395.979797464	2.05828595161	-419	128	-205.768073325	386.787409309
44	"1"	"1"	1	FALSE	-45	135	100	0	0	-395.979797464	395.979797464	2.09146714211	-463	131	-234.759451354	420.021428025
44	"1"	"1"	1	FALSE	-45	135	100	0	0	-395.979797464	395.979797464	2.12490916252	-499	131	-260.215295477	445.477272148
44	"1"	"1"	1	FALSE	-45	135	100	0	0	-395.979797464	395.979797464	2.15829706192	-536	128	-288.499566724	469.518902708
44	"1"	"1"	1	FALSE	-45	135	100	0	0	-395.979797464	395.979797464	2.19172501564	-566	121	-314.662517628	485.782358675
44	"1"	"1"	1	FALSE	-45	135	100	0	0	-395.979797464	395.979797464	2.2251060009	-590	111	-338.704148188	495.681853612
44	"1"	"1"	1	FALSE	-45	135	100	0	0	-395.979797464	395.979797464	2.25838112831	-601	105	-350.724963469	499.217387518
44	"1"	"1"	1	FALSE	-45	135	100	0	0	-395.979797464	395.979797464	2.29171013832	-609	97	-362.038671968	499.217387518
44	"1"	"1"	1	FALSE	-45	135	100	0	0	-395.979797464	395.979797464	2.32507896423	-611	92	-366.988419436	497.096067174
44	"1"	"1"	1	FALSE	-45	135	100	0	0	-395.979797464	395.979797464	2.35838508606	-609	85	-370.523953342	490.732106143
44	"1"	"1"	1	FALSE	-45	135	100	0	0	-395.979797464	395.979797464	2.39186000824	-604	74	-374.766594029	479.418397644
44	"1"	"1"	1	FALSE	-45	135	100	0	0	-395.979797464	395.979797464	2.42519903183	-599	61	-380.423448278	466.690475583
44	"1"	"1"	1	FALSE	-45	135	100	0	0	-395.979797464	395.979797464	2.45858001709	-593	52	-382.544768622	456.083873865
44	"1"	"1"	1	FALSE	-45	135	100	0	0	-395.979797464	395.979797464	2.4919230938	-588	44	-384.666088965	446.89148571
44	"1"	"1"	1	FALSE	-45	135	100	0	0	-395.979797464	395.979797464	2.5252840519	-581	34	-386.787409309	434.87067043
44	"1"	"1"	1	FALSE	-45	135	100	0	0	-395.979797464	395.979797464	2.55870199203	-575	24	-389.615836434	423.556961931
44	"1"	"1"	1	FALSE	-45	135	100	0	0	-395.979797464	395.979797464	2.59202313423	-570	17	-391.030049996	415.071680557
44	"1"	"1"	1	FALSE	-45	135	100	0	0	-395.979797464	395.979797464	2.62533402443	-566	9	-393.858477121	406.586399182
44	"1"	"1"	1	FALSE	-45	135	100	0	0	-395.979797464	395.979797464	2.65874314308	-563	3	-395.979797464	400.222438152
44	"1"	"1"	1	FALSE	-45	135	100	0	0	-395.979797464	395.979797464	2.69204807281	-562	1	-396.686904246	398.101117808
44	"1"	"1"	1	FALSE	-45	135	100	0	0	-395.979797464	395.979797464	2.725440979	-561	-1	-397.394011027	395.979797464
44	"1"	"1"	1	FALSE	-45	135	100	0	0	-395.979797464	395.979797464	2.75885915756	-559	-2	-396.686904246	393.858477121
44	"1"	"1"	2	FALSE	-45	45	100	0	0	395.979797464	395.979797464	0.00203394889832	0	0	0	0
44	"1"	"1"	2	FALSE	-45	45	100	0	0	395.979797464	395.979797464	0.0213539600372	0	0	0	0
44	"1"	"1"	2	FALSE	-45	45	100	0	0	395.979797464	395.979797464	0.0551400184631	0	0	0	0
44	"1"	"1"	2	FALSE	-45	45	100	0	0	395.979797464	395.979797464	0.0885400772095	0	0	0	0
44	"1"	"1"	2	FALSE	-45	45	100	0	0	395.979797464	395.979797464	0.121918916702	0	0	0	0
44	"1"	"1"	2	FALSE	-45	45	100	0	0	395.979797464	395.979797464	0.155015945435	0	0	0	0
44	"1"	"1"	2	FALSE	-45	45	100	0	0	395.979797464	395.979797464	0.188679933548	0	0	0	0
44	"1"	"1"	2	FALSE	-45	45	100	0	0	395.979797464	395.979797464	0.22197508812	0	0	0	0
44	"1"	"1"	2	FALSE	-45	45	100	0	0	395.979797464	395.979797464	0.254957914352	0	0	0	0
44	"1"	"1"	2	FALSE	-45	45	100	0	0	395.979797464	395.979797464	0.288803100586	0	0	0	0
44	"1"	"1"	2	FALSE	-45	45	100	0	0	395.979797464	395.979797464	0.322122097015	1	1	1.41421356237	0
44	"1"	"1"	2	FALSE	-45	45	100	0	0	395.979797464	395.979797464	0.355119943619	11	12	16.2634559673	0.707106781187
44	"1"	"1"	2	FALSE	-45	45	100	0	0	395.979797464	395.979797464	0.388798952103	27	44	50.2045814642	12.0208152802
44	"1"	"1"	2	FALSE	-45	45	100	0	0	395.979797464	395.979797464	0.421881914139	36	75	78.4888527117	27.5771644663
44	"1"	"1"	2	FALSE	-45	45	100	0	0	395.979797464	395.979797464	0.455533981323	44	117	113.844191771	51.6187950266
44	"1"	"1"	2	FALSE	-45	45	100	0	0	395.979797464	395.979797464	0.488935947418	55	155	148.492424049	70.7106781187
44	"1"	"1"	2	FALSE	-45	45	100	0	0	395.979797464	395.979797464	0.522311925888	71	210	198.697005513	98.2878425849
44	"1"	"1"	2	FALSE	-45	45	100	0	0	395.979797464	395.979797464	0.555658102036	83	252	236.880771697	119.501046021
44	"1"	"1"	2	FALSE	-45	45	100	0	0	395.979797464	395.979797464	0.588989019394	97	299	280.01428535	142.8355698
44	"1"	"1"	2	FALSE	-45	45	100	0	0	395.979797464	395.979797464	0.622375965118	105	346	318.905158315	170.412734266
44	"1"	"1"	2	FALSE	-45	45	100	0	0	395.979797464	395.979797464	0.655607938766	107	385	347.896536344	196.57568517
44	"1"	"1"	2	FALSE	-45	45	100	0	0	395.979797464	395.979797464	0.689060926437	106	423	374.059487248	224.152849636
44	"1"	"1"	2	FALSE	-45	45	100	0	0	395.979797464	395.979797464	0.722315073013	104	453	393.858477121	246.780266634
44	"1"	"1"	2	FALSE	-45	45	100	0	0	395.979797464	395.979797464	0.755108118057	101	474	406.586399182	263.750829383
44	"1"	"1"	2	FALSE	-45	45	100	0	0	395.979797464	395.979797464	0.788954973221	96	494	417.1930009	281.428498912
44	"1"	"1"	2	FALSE	-45	45	100	0	0	395.979797464	395.979797464	0.822426080704	90	509	423.556961931	296.277741317
44	"1"	"1"	2	FALSE	-45	45	100	0	0	395.979797464	395.979797464	0.855207920074	79	527	428.506709399	316.783837972
44	"1"	"1"	2	FALSE	-45	45	100	0	0	395.979797464	395.979797464	0.889164924622	70	539	430.628029743	331.633080376
44	"1"	"1"	2	FALSE	-45	45	100	0	0	395.979797464	395.979797464	0.922574043274	61	551	432.749350086	346.482322781
44	"1"	"1"	2	FALSE	-45	45	100	0	0	395.979797464	395.979797464	0.955905914307	50	559	430.628029743	359.917351624
44	"1"	"1"	2	FALSE	-45	45	100	0	0	395.979797464	395.979797464	0.988636016846	38	564	425.678282274	371.938166904
44	"1"	"1"	2	FALSE	-45	45	100	0	0	395.979797464	395.979797464	1.02270197868	21	566	415.071680557	385.373195747
44	"1"	"1"	2	FALSE	-45	45	100	0	0	395.979797464	395.979797464	1.05607104301	3	566	402.343758495	398.101117808
44	"1"	"1"	2	FALSE	-45	45	100	0	0	395.979797464	395.979797464	1.08915710449	-11	565	391.737156777	407.293505963
44	"1"	"1"	2	FALSE	-45	45	100	0	0	395.979797464	395.979797464	1.12279200554	-17	565	387.49451609	411.536146651
44	"1"	"1"	2	FALSE	-45	45	100	0	0	395.979797464	395.979797464	1.15600705147	-19	565	386.080302528	412.950360213
44	"1"	"1"	2	FALSE	-45	45	100	0	0	395.979797464	395.979797464	1.18945002556	-19	565	386.080302528	412.950360213
44	"1"	"1"	2	FALSE	-45	45	100	0	0	395.979797464	395.979797464	1.22271203995	-19	565	386.080302528	412.950360213
44	"1"	"1"	2	FALSE	-45	45	100	0	0	395.979797464	395.979797464	1.25602412224	-18	564	386.080302528	411.536146651
44	"1"	"1"	2	FALSE	-45	45	100	0	0	395.979797464	395.979797464	1.2889521122	-17	563	386.080302528	410.121933088
44	"1"	"1"	2	FALSE	-45	45	100	0	0	395.979797464	395.979797464	1.32293200493	-15	562	386.787409309	408.000612745
44	"1"	"1"	2	FALSE	-45	45	100	0	0	395.979797464	395.979797464	1.35617399216	-11	559	387.49451609	403.050865276
44	"1"	"1"	2	FALSE	-45	45	100	0	0	395.979797464	395.979797464	1.38955497742	-7	557	388.908729653	398.808224589
44	"1"	"1"	2	FALSE	-45	45	100	0	0	395.979797464	395.979797464	1.42296409607	-6	556	388.908729653	397.394011027
44	"1"	"1"	3	FALSE	-45	90	100	0	0	3.42901103761e-14	560	0.00216197967529	3	-5	-1.41421356237	-5.65685424949
44	"1"	"1"	3	FALSE	-45	90	100	0	0	3.42901103761e-14	560	0.0374329090118	3	-5	-1.41421356237	-5.65685424949
44	"1"	"1"	3	FALSE	-45	90	100	0	0	3.42901103761e-14	560	0.0709080696106	3	-5	-1.41421356237	-5.65685424949
44	"1"	"1"	3	FALSE	-45	90	100	0	0	3.42901103761e-14	560	0.104205131531	3	-5	-1.41421356237	-5.65685424949
44	"1"	"1"	3	FALSE	-45	90	100	0	0	3.42901103761e-14	560	0.137315034866	3	-5	-1.41421356237	-5.65685424949
44	"1"	"1"	3	FALSE	-45	90	100	0	0	3.42901103761e-14	560	0.170831918716	3	-5	-1.41421356237	-5.65685424949
44	"1"	"1"	3	FALSE	-45	90	100	0	0	3.42901103761e-14	560	0.204213142395	3	-5	-1.41421356237	-5.65685424949
44	"1"	"1"	3	FALSE	-45	90	100	0	0	3.42901103761e-14	560	0.236911058426	3	-5	-1.41421356237	-5.65685424949
44	"1"	"1"	3	FALSE	-45	90	100	0	0	3.42901103761e-14	560	0.27108502388	3	-5	-1.41421356237	-5.65685424949
44	"1"	"1"	3	FALSE	-45	90	100	0	0	3.42901103761e-14	560	0.304378986359	3	-5	-1.41421356237	-5.65685424949
44	"1"	"1"	3	FALSE	-45	90	100	0	0	3.42901103761e-14	560	0.337399959564	3	-5	-1.41421356237	-5.65685424949
44	"1"	"1"	3	FALSE	-45	90	100	0	0	3.42901103761e-14	560	0.37109708786	3	-4	-0.707106781187	-4.94974746831
44	"1"	"1"	3	FALSE	-45	90	100	0	0	3.42901103761e-14	560	0.404444932938	3	-4	-0.707106781187	-4.94974746831
44	"1"	"1"	3	FALSE	-45	90	100	0	0	3.42901103761e-14	560	0.437808036804	3	-5	-1.41421356237	-5.65685424949
44	"1"	"1"	3	FALSE	-45	90	100	0	0	3.42901103761e-14	560	0.470574140549	3	-4	-0.707106781187	-4.94974746831
44	"1"	"1"	3	FALSE	-45	90	100	0	0	3.42901103761e-14	560	0.504544019699	3	-4	-0.707106781187	-4.94974746831
44	"1"	"1"	3	FALSE	-45	90	100	0	0	3.42901103761e-14	560	0.537765979767	3	-4	-0.707106781187	-4.94974746831
44	"1"	"1"	3	FALSE	-45	90	100	0	0	3.42901103761e-14	560	0.571191072464	2	-1	0.707106781187	-2.12132034356
44	"1"	"1"	3	FALSE	-45	90	100	0	0	3.42901103761e-14	560	0.604499101639	-1	11	7.07106781187	8.48528137424
44	"1"	"1"	3	FALSE	-45	90	100	0	0	3.42901103761e-14	560	0.637325048447	-12	38	18.3847763109	35.3553390593
44	"1"	"1"	3	FALSE	-45	90	100	0	0	3.42901103761e-14	560	0.671277046204	-29	66	26.1629509039	67.1751442127
44	"1"	"1"	3	FALSE	-45	90	100	0	0	3.42901103761e-14	560	0.704509973526	-51	103	36.7695526217	108.894444303
44	"1"	"1"	3	FALSE	-45	90	100	0	0	3.42901103761e-14	560	0.738038063049	-85	138	37.4766594029	157.684812205
44	"1"	"1"	3	FALSE	-45	90	100	0	0	3.42901103761e-14	560	0.771457910538	-122	180	41.0121933088	213.546247918
44	"1"	"1"	3	FALSE	-45	90	100	0	0	3.42901103761e-14	560	0.804289102554	-158	217	41.71930009	265.165042945
44	"1"	"1"	3	FALSE	-45	90	100	0	0	3.42901103761e-14	560	0.838134050369	-185	247	43.8406204336	305.470129473
44	"1"	"1"	3	FALSE	-45	90	100	0	0	3.42901103761e-14	560	0.871304035187	-210	279	48.7903679019	345.775216
44	"1"	"1"	3	FALSE	-45	90	100	0	0	3.42901103761e-14	560	0.904261112213	-231	305	52.3259018078	379.009234716
44	"1"	"1"	3	FALSE	-45	90	100	0	0	3.42901103761e-14	560	0.937850952148	-248	324	53.7401153702	404.465078839
44	"1"	"1"	3	FALSE	-45	90	100	0	0	3.42901103761e-14	560	0.971558094025	-268	345	54.4472221514	433.456456867
44	"1"	"1"	3	FALSE	-45	90	100	0	0	3.42901103761e-14	560	1.00430011749	-284	361	54.4472221514	456.083873865
44	"1"	"1"	3	FALSE	-45	90	100	0	0	3.42901103761e-14	560	1.03826093674	-300	375	53.033008589	477.297077301
44	"1"	"1"	3	FALSE	-45	90	100	0	0	3.42901103761e-14	560	1.07167100906	-313	383	49.4974746831	492.146319706
44	"1"	"1"	3	FALSE	-45	90	100	0	0	3.42901103761e-14	560	1.10448503494	-328	389	43.1335136524	506.995562111
44	"1"	"1"	3	FALSE	-45	90	100	0	0	3.42901103761e-14	560	1.13839292526	-343	393	35.3553390593	520.430590953
44	"1"	"1"	3	FALSE	-45	90	100	0	0	3.42901103761e-14	560	1.17160391808	-356	394	26.8700576851	530.33008589
44	"1"	"1"	3	FALSE	-45	90	100	0	0	3.42901103761e-14	560	1.20500612259	-372	395	16.2634559673	542.35090117
44	"1"	"1"	3	FALSE	-45	90	100	0	0	3.42901103761e-14	560	1.23789095879	-384	395	7.77817459305	550.836182544
44	"1"	"1"	3	FALSE	-45	90	100	0	0	3.42901103761e-14	560	1.27174091339	-393	394	0.707106781186	556.493036794
44	"1"	"1"	3	FALSE	-45	90	100	0	0	3.42901103761e-14	560	1.30464196205	-399	393	-4.24264068712	560.0285707
44	"1"	"1"	3	FALSE	-45	90	100	0	0	3.42901103761e-14	560	1.33853507042	-403	393	-7.07106781187	562.856997824
44	"1"	"1"	4	FALSE	-45	90	100	0	0	3.42901103761e-14	560	0.00200700759888	-8	7	-0.707106781187	10.6066017178
44	"1"	"1"	4	FALSE	-45	90	100	0	0	3.42901103761e-14	560	0.037584066391	-8	7	-0.707106781187	10.6066017178
44	"1"	"1"	4	FALSE	-45	90	100	0	0	3.42901103761e-14	560	0.0709609985352	-8	7	-0.707106781187	10.6066017178
44	"1"	"1"	4	FALSE	-45	90	100	0	0	3.42901103761e-14	560	0.104263067245	-8	7	-0.707106781187	10.6066017178
44	"1"	"1"	4	FALSE	-45	90	100	0	0	3.42901103761e-14	560	0.13768696785	-8	7	-0.707106781187	10.6066017178
44	"1"	"1"	4	FALSE	-45	90	100	0	0	3.42901103761e-14	560	0.171128034592	-8	6	-1.41421356237	9.89949493661
44	"1"	"1"	4	FALSE	-45	90	100	0	0	3.42901103761e-14	560	0.204445123672	-5	4	-0.707106781187	6.36396103068
44	"1"	"1"	4	FALSE	-45	90	100	0	0	3.42901103761e-14	560	0.237872123718	0	2	1.41421356237	1.41421356237
44	"1"	"1"	4	FALSE	-45	90	100	0	0	3.42901103761e-14	560	0.271108150482	2	0	1.41421356237	-1.41421356237
44	"1"	"1"	4	FALSE	-45	90	100	0	0	3.42901103761e-14	560	0.304511070251	2	0	1.41421356237	-1.41421356237
44	"1"	"1"	4	FALSE	-45	90	100	0	0	3.42901103761e-14	560	0.337803125381	2	0	1.41421356237	-1.41421356237
44	"1"	"1"	4	FALSE	-45	90	100	0	0	3.42901103761e-14	560	0.371338129044	2	1	2.12132034356	-0.707106781187
44	"1"	"1"	4	FALSE	-45	90	100	0	0	3.42901103761e-14	560	0.404479026794	-1	11	7.07106781187	8.48528137424
44	"1"	"1"	4	FALSE	-45	90	100	0	0	3.42901103761e-14	560	0.43794298172	-12	38	18.3847763109	35.3553390593
44	"1"	"1"	4	FALSE	-45	90	100	0	0	3.42901103761e-14	560	0.471302032471	-29	60	21.9203102168	62.9325035256
44	"1"	"1"	4	FALSE	-45	90	100	0	0	3.42901103761e-14	560	0.504666090012	-50	90	28.2842712475	98.9949493661
44	"1"	"1"	4	FALSE	-45	90	100	0	0	3.42901103761e-14	560	0.538042068481	-74	123	34.6482322781	139.300035894
44	"1"	"1"	4	FALSE	-45	90	100	0	0	3.42901103761e-14	560	0.571491003036	-97	150	37.4766594029	174.655374953
44	"1"	"1"	4	FALSE	-45	90	100	0	0	3.42901103761e-14	560	0.604788064957	-126	180	38.1837661841	216.374675043
44	"1"	"1"	4	FALSE	-45	90	100	0	0	3.42901103761e-14	560	0.63804602623	-157	208	36.0624458405	258.093975133
44	"1"	"1"	4	FALSE	-45	90	100	0	0	3.42901103761e-14	560	0.671391010284	-181	234	37.4766594029	293.449314192
44	"1"	"1"	4	FALSE	-45	90	100	0	0	3.42901103761e-14	560	0.704827070236	-209	262	37.4766594029	333.047293939
44	"1"	"1"	4	FALSE	-45	90	100	0	0	3.42901103761e-14	560	0.738106966019	-232	289	40.3050865276	368.402632998
44	"1"	"1"	4	FALSE	-45	90	100	0	0	3.42901103761e-14	560	0.771437168121	-254	314	42.4264068712	401.636651714
44	"1"	"1"	4	FALSE	-45	90	100	0	0	3.42901103761e-14	560	0.804301977158	-272	333	43.1335136524	427.799602618
44	"1"	"1"	4	FALSE	-45	90	100	0	0	3.42901103761e-14	560	0.838283061981	-290	354	45.2548339959	455.376767084
44	"1"	"1"	4	FALSE	-45	90	100	0	0	3.42901103761e-14	560	0.871668100357	-305	372	47.3761543395	478.711290863
44	"1"	"1"	4	FALSE	-45	90	100	0	0	3.42901103761e-14	560	0.904534101486	-315	384	48.7903679019	494.267640049
44	"1"	"1"	4	FALSE	-45	90	100	0	0	3.42901103761e-14	560	0.938153982162	-328	397	48.7903679019	512.65241636
44	"1"	"1"	4	FALSE	-45	90	100	0	0	3.42901103761e-14	560	0.970971107483	-339	405	46.6690475583	526.087445203
44	"1"	"1"	4	FALSE	-45	90	100	0	0	3.42901103761e-14	560	1.00503015518	-347	409	43.8406204336	534.572726577
44	"1"	"1"	4	FALSE	-45	90	100	0	0	3.42901103761e-14	560	1.03847408295	-358	410	36.7695526217	543.058007951
44	"1"	"1"	4	FALSE	-45	90	100	0	0	3.42901103761e-14	560	1.07182502747	-367	410	30.405591591	549.421968982
44	"1"	"1"	4	FALSE	-45	90	100	0	0	3.42901103761e-14	560	1.10499215126	-378	409	21.9203102168	556.493036794
44	"1"	"1"	4	FALSE	-45	90	100	0	0	3.42901103761e-14	560	1.13782215118	-385	409	16.9705627485	561.442784262
44	"1"	"1"	4	FALSE	-45	90	100	0	0	3.42901103761e-14	560	1.17189002037	-389	409	14.1421356237	564.271211387
44	"1"	"1"	4	FALSE	-45	90	100	0	0	3.42901103761e-14	560	1.20515108109	-390	409	13.4350288425	564.978318168
44	"1"	"1"	4	FALSE	-45	90	100	0	0	3.42901103761e-14	560	1.23813605309	-390	409	13.4350288425	564.978318168
44	"1"	"1"	4	FALSE	-45	90	100	0	0	3.42901103761e-14	560	1.27188897133	-390	409	13.4350288425	564.978318168
44	"1"	"1"	4	FALSE	-45	90	100	0	0	3.42901103761e-14	560	1.30526208878	-390	409	13.4350288425	564.978318168
44	"1"	"1"	4	FALSE	-45	90	100	0	0	3.42901103761e-14	560	1.33872199059	-390	409	13.4350288425	564.978318168
44	"1"	"1"	4	FALSE	-45	90	100	0	0	3.42901103761e-14	560	1.37194395065	-390	409	13.4350288425	564.978318168
44	"1"	"1"	4	FALSE	-45	90	100	0	0	3.42901103761e-14	560	1.40523910522	-390	409	13.4350288425	564.978318168
44	"1"	"1"	4	FALSE	-45	90	100	0	0	3.42901103761e-14	560	1.43826293945	-390	409	13.4350288425	564.978318168
44	"1"	"1"	4	FALSE	-45	90	100	0	0	3.42901103761e-14	560	1.4718849659	-390	409	13.4350288425	564.978318168
44	"1"	"1"	5	FALSE	-45	45	100	0	0	395.979797464	395.979797464	0.00208115577698	-7	6	-0.707106781187	9.19238815543
44	"1"	"1"	5	FALSE	-45	45	100	0	0	395.979797464	395.979797464	0.0368421077728	-5	4	-0.707106781187	6.36396103068
44	"1"	"1"	5	FALSE	-45	45	100	0	0	395.979797464	395.979797464	0.0703551769257	-2	1	-0.707106781187	2.12132034356
44	"1"	"1"	5	FALSE	-45	45	100	0	0	395.979797464	395.979797464	0.103549003601	2	-2	0	-2.82842712475
44	"1"	"1"	5	FALSE	-45	45	100	0	0	395.979797464	395.979797464	0.136469125748	3	-3	0	-4.24264068712
44	"1"	"1"	5	FALSE	-45	45	100	0	0	395.979797464	395.979797464	0.17041015625	3	-3	0	-4.24264068712
44	"1"	"1"	5	FALSE	-45	45	100	0	0	395.979797464	395.979797464	0.20380115509	3	-3	0	-4.24264068712
44	"1"	"1"	5	FALSE	-45	45	100	0	0	395.979797464	395.979797464	0.237099170685	3	-3	0	-4.24264068712
44	"1"	"1"	5	FALSE	-45	45	100	0	0	395.979797464	395.979797464	0.270389080048	4	-3	0.707106781187	-4.94974746831
44	"1"	"1"	5	FALSE	-45	45	100	0	0	395.979797464	395.979797464	0.303207159042	5	-3	1.41421356237	-5.65685424949
44	"1"	"1"	5	FALSE	-45	45	100	0	0	395.979797464	395.979797464	0.337192058563	6	-2	2.82842712475	-5.65685424949
44	"1"	"1"	5	FALSE	-45	45	100	0	0	395.979797464	395.979797464	0.370551109314	11	6	12.0208152802	-3.53553390593
44	"1"	"1"	5	FALSE	-45	45	100	0	0	395.979797464	395.979797464	0.40388917923	21	27	33.941125497	4.24264068712
44	"1"	"1"	5	FALSE	-45	45	100	0	0	395.979797464	395.979797464	0.437335014343	34	64	69.2964645563	21.2132034356
44	"1"	"1"	5	FALSE	-45	45	100	0	0	395.979797464	395.979797464	0.470561981201	50	113	115.258405333	44.5477272148
44	"1"	"1"	5	FALSE	-45	45	100	0	0	395.979797464	395.979797464	0.50404214859	72	168	169.705627485	67.8822509939
44	"1"	"1"	5	FALSE	-45	45	100	0	0	395.979797464	395.979797464	0.536620140076	92	213	215.667568262	85.5599205236
44	"1"	"1"	5	FALSE	-45	45	100	0	0	395.979797464	395.979797464	0.570737123489	109	263	263.043722601	108.894444303
44	"1"	"1"	5	FALSE	-45	45	100	0	0	395.979797464	395.979797464	0.604088068008	118	306	299.813275223	132.936074863
44	"1"	"1"	5	FALSE	-45	45	100	0	0	395.979797464	395.979797464	0.637144088745	127	339	329.511760033	149.906637612
44	"1"	"1"	5	FALSE	-45	45	100	0	0	395.979797464	395.979797464	0.670631170273	136	374	360.624458405	168.291413922
44	"1"	"1"	5	FALSE	-45	45	100	0	0	395.979797464	395.979797464	0.703454017639	137	402	381.13055506	187.383297014
44	"1"	"1"	5	FALSE	-45	45	100	0	0	395.979797464	395.979797464	0.73751616478	130	422	390.322943215	206.475180106
44	"1"	"1"	5	FALSE	-45	45	100	0	0	395.979797464	395.979797464	0.770889997482	118	445	398.101117808	231.223917448
44	"1"	"1"	5	FALSE	-45	45	100	0	0	395.979797464	395.979797464	0.804254055023	111	458	402.343758495	245.366053072
44	"1"	"1"	5	FALSE	-45	45	100	0	0	395.979797464	395.979797464	0.837519168854	100	473	405.17218562	263.750829383
44	"1"	"1"	5	FALSE	-45	45	100	0	0	395.979797464	395.979797464	0.870885133743	89	487	407.293505963	281.428498912
44	"1"	"1"	5	FALSE	-45	45	100	0	0	395.979797464	395.979797464	0.903781175613	71	503	405.879292401	305.470129473
44	"1"	"1"	5	FALSE	-45	45	100	0	0	395.979797464	395.979797464	0.937585115433	56	517	405.17218562	325.976226127
44	"1"	"1"	5	FALSE	-45	45	100	0	0	395.979797464	395.979797464	0.971078157425	47	525	404.465078839	337.997041407
44	"1"	"1"	5	FALSE	-45	45	100	0	0	395.979797464	395.979797464	1.00442314148	37	533	403.050865276	350.724963469
44	"1"	"1"	5	FALSE	-45	45	100	0	0	395.979797464	395.979797464	1.03771495819	28	539	400.929544933	361.331565186
44	"1"	"1"	5	FALSE	-45	45	100	0	0	395.979797464	395.979797464	1.07115316391	19	544	398.101117808	371.231060123
44	"1"	"1"	5	FALSE	-45	45	100	0	0	395.979797464	395.979797464	1.10461902618	11	548	395.272690683	379.716341497
44	"1"	"1"	5	FALSE	-45	45	100	0	0	395.979797464	395.979797464	1.13779306412	7	551	394.565583902	384.666088965
44	"1"	"1"	5	FALSE	-45	45	100	0	0	395.979797464	395.979797464	1.17111897469	5	553	394.565583902	387.49451609
44	"1"	"1"	5	FALSE	-45	45	100	0	0	395.979797464	395.979797464	1.20386815071	3	554	393.858477121	389.615836434
44	"1"	"1"	5	FALSE	-45	45	100	0	0	395.979797464	395.979797464	1.2378950119	2	556	394.565583902	391.737156777
44	"1"	"1"	6	FALSE	-45	135	100	0	0	-395.979797464	395.979797464	0.00221085548401	8	-5	2.12132034356	-9.19238815543
44	"1"	"1"	6	FALSE	-45	135	100	0	0	-395.979797464	395.979797464	0.0372688770294	8	-5	2.12132034356	-9.19238815543
44	"1"	"1"	6	FALSE	-45	135	100	0	0	-395.979797464	395.979797464	0.07053399086	8	-5	2.12132034356	-9.19238815543
44	"1"	"1"	6	FALSE	-45	135	100	0	0	-395.979797464	395.979797464	0.104065895081	8	-5	2.12132034356	-9.19238815543
44	"1"	"1"	6	FALSE	-45	135	100	0	0	-395.979797464	395.979797464	0.137135982513	8	-5	2.12132034356	-9.19238815543
44	"1"	"1"	6	FALSE	-45	135	100	0	0	-395.979797464	395.979797464	0.170636892319	5	-3	1.41421356237	-5.65685424949
44	"1"	"1"	6	FALSE	-45	135	100	0	0	-395.979797464	395.979797464	0.203529834747	3	-1	1.41421356237	-2.82842712475
44	"1"	"1"	6	FALSE	-45	135	100	0	0	-395.979797464	395.979797464	0.237452983856	2	-1	0.707106781187	-2.12132034356
44	"1"	"1"	6	FALSE	-45	135	100	0	0	-395.979797464	395.979797464	0.270892858505	2	-1	0.707106781187	-2.12132034356
44	"1"	"1"	6	FALSE	-45	135	100	0	0	-395.979797464	395.979797464	0.303870916367	1	0	0.707106781187	-0.707106781187
44	"1"	"1"	6	FALSE	-45	135	100	0	0	-395.979797464	395.979797464	0.337488889694	-7	4	-2.12132034356	7.77817459305
44	"1"	"1"	6	FALSE	-45	135	100	0	0	-395.979797464	395.979797464	0.370927810669	-30	10	-14.1421356237	28.2842712475
44	"1"	"1"	6	FALSE	-45	135	100	0	0	-395.979797464	395.979797464	0.404182910919	-54	15	-27.5771644663	48.7903679019
44	"1"	"1"	6	FALSE	-45	135	100	0	0	-395.979797464	395.979797464	0.437621831894	-88	20	-48.0832611207	76.3675323681
44	"1"	"1"	6	FALSE	-45	135	100	0	0	-395.979797464	395.979797464	0.470409870148	-123	25	-69.2964645563	104.651803616
44	"1"	"1"	6	FALSE	-45	135	100	0	0	-395.979797464	395.979797464	0.504248857498	-168	30	-97.5807358037	140.007142675
44	"1"	"1"	6	FALSE	-45	135	100	0	0	-395.979797464	395.979797464	0.537520885468	-216	34	-128.693434176	176.776695297
44	"1"	"1"	6	FALSE	-45	135	100	0	0	-395.979797464	395.979797464	0.570712804794	-256	36	-155.563491861	206.475180106
44	"1"	"1"	6	FALSE	-45	135	100	0	0	-395.979797464	395.979797464	0.604281902313	-302	38	-186.676190233	240.416305603
44	"1"	"1"	6	FALSE	-45	135	100	0	0	-395.979797464	395.979797464	0.637693881989	-344	38	-216.374675043	270.114790413
44	"1"	"1"	6	FALSE	-45	135	100	0	0	-395.979797464	395.979797464	0.671043872833	-382	36	-244.658946291	295.570634536
44	"1"	"1"	6	FALSE	-45	135	100	0	0	-395.979797464	395.979797464	0.703846931458	-412	34	-267.286363289	315.369624409
44	"1"	"1"	6	FALSE	-45	135	100	0	0	-395.979797464	395.979797464	0.737880945206	-444	31	-292.03510063	335.875721064
44	"1"	"1"	6	FALSE	-45	135	100	0	0	-395.979797464	395.979797464	0.771167993546	-468	28	-311.126983722	350.724963469
44	"1"	"1"	6	FALSE	-45	135	100	0	0	-395.979797464	395.979797464	0.80421090126	-488	27	-325.976226127	364.159992311
44	"1"	"1"	6	FALSE	-45	135	100	0	0	-395.979797464	395.979797464	0.837951898575	-503	26	-337.289934626	374.059487248
44	"1"	"1"	6	FALSE	-45	135	100	0	0	-395.979797464	395.979797464	0.871127843857	-517	26	-347.189429563	383.958982184
44	"1"	"1"	6	FALSE	-45	135	100	0	0	-395.979797464	395.979797464	0.904497861862	-528	24	-356.381817718	390.322943215
44	"1"	"1"	6	FALSE	-45	135	100	0	0	-395.979797464	395.979797464	0.937351942062	-536	22	-363.45288553	394.565583902
44	"1"	"1"	6	FALSE	-45	135	100	0	0	-395.979797464	395.979797464	0.971203804016	-540	19	-368.402632998	395.272690683
44	"1"	"1"	6	FALSE	-45	135	100	0	0	-395.979797464	395.979797464	1.00459599495	-544	18	-371.938166904	397.394011027
44	"1"	"1"	6	FALSE	-45	135	100	0	0	-395.979797464	395.979797464	1.03736186028	-546	16	-374.766594029	397.394011027
44	"1"	"1"	6	FALSE	-45	135	100	0	0	-395.979797464	395.979797464	1.07144284248	-550	13	-379.716341497	398.101117808
44	"1"	"1"	6	FALSE	-45	135	100	0	0	-395.979797464	395.979797464	1.10449385643	-554	10	-384.666088965	398.808224589
44	"1"	"1"	6	FALSE	-45	135	100	0	0	-395.979797464	395.979797464	1.13815188408	-558	9	-388.201622871	400.929544933
44	"1"	"1"	6	FALSE	-45	135	100	0	0	-395.979797464	395.979797464	1.17154192924	-559	8	-389.615836434	400.929544933
44	"1"	"1"	7	FALSE	-45	135	100	0	0	-395.979797464	395.979797464	0.00180983543396	4	-4	0	-5.65685424949
44	"1"	"1"	7	FALSE	-45	135	100	0	0	-395.979797464	395.979797464	0.0375189781189	4	-4	0	-5.65685424949
44	"1"	"1"	7	FALSE	-45	135	100	0	0	-395.979797464	395.979797464	0.0710208415985	4	-4	0	-5.65685424949
44	"1"	"1"	7	FALSE	-45	135	100	0	0	-395.979797464	395.979797464	0.104233980179	4	-4	0	-5.65685424949
44	"1"	"1"	7	FALSE	-45	135	100	0	0	-395.979797464	395.979797464	0.137061834335	4	-4	0	-5.65685424949
44	"1"	"1"	7	FALSE	-45	135	100	0	0	-395.979797464	395.979797464	0.171113014221	4	-4	0	-5.65685424949
44	"1"	"1"	7	FALSE	-45	135	100	0	0	-395.979797464	395.979797464	0.204330921173	4	-4	0	-5.65685424949
44	"1"	"1"	7	FALSE	-45	135	100	0	0	-395.979797464	395.979797464	0.2377409935	4	-3	0.707106781187	-4.94974746831
44	"1"	"1"	7	FALSE	-45	135	100	0	0	-395.979797464	395.979797464	0.27108502388	0	3	2.12132034356	2.12132034356
44	"1"	"1"	7	FALSE	-45	135	100	0	0	-395.979797464	395.979797464	0.304474830627	-9	14	3.53553390593	16.2634559673
44	"1"	"1"	7	FALSE	-45	135	100	0	0	-395.979797464	395.979797464	0.337843894958	-32	33	0.707106781187	45.9619407771
44	"1"	"1"	7	FALSE	-45	135	100	0	0	-395.979797464	395.979797464	0.37113904953	-63	49	-9.89949493661	79.1959594929
44	"1"	"1"	7	FALSE	-45	135	100	0	0	-395.979797464	395.979797464	0.404453992844	-94	60	-24.0416305603	108.894444303
44	"1"	"1"	7	FALSE	-45	135	100	0	0	-395.979797464	395.979797464	0.437844991684	-137	72	-45.9619407771	147.785317268
44	"1"	"1"	7	FALSE	-45	135	100	0	0	-395.979797464	395.979797464	0.471189975739	-186	79	-75.660425587	187.383297014
44	"1"	"1"	7	FALSE	-45	135	100	0	0	-395.979797464	395.979797464	0.504745960236	-237	83	-108.894444303	226.27416998
44	"1"	"1"	7	FALSE	-45	135	100	0	0	-395.979797464	395.979797464	0.537982940674	-287	84	-143.542676581	262.33661582
44	"1"	"1"	7	FALSE	-45	135	100	0	0	-395.979797464	395.979797464	0.571338891983	-330	82	-175.362481734	291.327993849
44	"1"	"1"	7	FALSE	-45	135	100	0	0	-395.979797464	395.979797464	0.604747056961	-379	77	-213.546247918	322.440692221
44	"1"	"1"	7	FALSE	-45	135	100	0	0	-395.979797464	395.979797464	0.638079881668	-418	72	-244.658946291	346.482322781
44	"1"	"1"	7	FALSE	-45	135	100	0	0	-395.979797464	395.979797464	0.671462059021	-459	64	-279.307178569	369.816846561
44	"1"	"1"	7	FALSE	-45	135	100	0	0	-395.979797464	395.979797464	0.704578876495	-494	59	-307.591449816	391.030049996
44	"1"	"1"	7	FALSE	-45	135	100	0	0	-395.979797464	395.979797464	0.73818898201	-522	56	-329.511760033	408.707719526
44	"1"	"1"	7	FALSE	-45	135	100	0	0	-395.979797464	395.979797464	0.771574020386	-542	52	-346.482322781	420.021428025
44	"1"	"1"	7	FALSE	-45	135	100	0	0	-395.979797464	395.979797464	0.804833889008	-554	49	-357.088924499	426.385389055
44	"1"	"1"	7	FALSE	-45	135	100	0	0	-395.979797464	395.979797464	0.838202953339	-570	46	-370.523953342	435.577777211
44	"1"	"1"	7	FALSE	-45	135	100	0	0	-395.979797464	395.979797464	0.87157702446	-578	43	-378.302127935	439.113311117
44	"1"	"1"	7	FALSE	-45	135	100	0	0	-395.979797464	395.979797464	0.904983997345	-583	41	-383.251875403	441.23463146
44	"1"	"1"	7	FALSE	-45	135	100	0	0	-395.979797464	395.979797464	0.938200950623	-585	39	-386.080302528	441.23463146
44	"1"	"1"	7	FALSE	-45	135	100	0	0	-395.979797464	395.979797464	0.9716360569	-585	39	-386.080302528	441.23463146
44	"1"	"1"	7	FALSE	-45	135	100	0	0	-395.979797464	395.979797464	1.00499892235	-583	35	-387.49451609	436.991990773
44	"1"	"1"	7	FALSE	-45	135	100	0	0	-395.979797464	395.979797464	1.03836584091	-579	30	-388.201622871	430.628029743
44	"1"	"1"	7	FALSE	-45	135	100	0	0	-395.979797464	395.979797464	1.07177186012	-575	24	-389.615836434	423.556961931
44	"1"	"1"	7	FALSE	-45	135	100	0	0	-395.979797464	395.979797464	1.1051068306	-569	19	-388.908729653	415.778787338
44	"1"	"1"	7	FALSE	-45	135	100	0	0	-395.979797464	395.979797464	1.13843894005	-565	15	-388.908729653	410.121933088
44	"1"	"1"	7	FALSE	-45	135	100	0	0	-395.979797464	395.979797464	1.17172598839	-562	12	-388.908729653	405.879292401
44	"1"	"1"	7	FALSE	-45	135	100	0	0	-395.979797464	395.979797464	1.20512390137	-559	9	-388.908729653	401.636651714
44	"1"	"1"	7	FALSE	-45	135	100	0	0	-395.979797464	395.979797464	1.23861503601	-556	7	-388.201622871	398.101117808
44	"1"	"1"	7	FALSE	-45	135	100	0	0	-395.979797464	395.979797464	1.27186489105	-554	4	-388.908729653	394.565583902
44	"1"	"1"	7	FALSE	-45	135	100	0	0	-395.979797464	395.979797464	1.30531096458	-553	3	-388.908729653	393.15137034
44	"1"	"1"	8	FALSE	-45	45	100	0	0	395.979797464	395.979797464	0.00190591812134	-4	0	-2.82842712475	2.82842712475
44	"1"	"1"	8	FALSE	-45	45	100	0	0	395.979797464	395.979797464	0.0374598503113	-4	0	-2.82842712475	2.82842712475
44	"1"	"1"	8	FALSE	-45	45	100	0	0	395.979797464	395.979797464	0.0706629753113	-4	0	-2.82842712475	2.82842712475
44	"1"	"1"	8	FALSE	-45	45	100	0	0	395.979797464	395.979797464	0.104148864746	-4	0	-2.82842712475	2.82842712475
44	"1"	"1"	8	FALSE	-45	45	100	0	0	395.979797464	395.979797464	0.137198925018	-4	0	-2.82842712475	2.82842712475
44	"1"	"1"	8	FALSE	-45	45	100	0	0	395.979797464	395.979797464	0.170950889587	-4	0	-2.82842712475	2.82842712475
44	"1"	"1"	8	FALSE	-45	45	100	0	0	395.979797464	395.979797464	0.204164981842	-4	0	-2.82842712475	2.82842712475
44	"1"	"1"	8	FALSE	-45	45	100	0	0	395.979797464	395.979797464	0.237526893616	-4	0	-2.82842712475	2.82842712475
44	"1"	"1"	8	FALSE	-45	45	100	0	0	395.979797464	395.979797464	0.270936012268	-4	0	-2.82842712475	2.82842712475
44	"1"	"1"	8	FALSE	-45	45	100	0	0	395.979797464	395.979797464	0.304378986359	-5	5	0	7.07106781187
44	"1"	"1"	8	FALSE	-45	45	100	0	0	395.979797464	395.979797464	0.337201833725	-6	19	9.19238815543	17.6776695297
44	"1"	"1"	8	FALSE	-45	45	100	0	0	395.979797464	395.979797464	0.370995044708	-2	41	27.5771644663	30.405591591
44	"1"	"1"	8	FALSE	-45	45	100	0	0	395.979797464	395.979797464	0.404449939728	5	75	56.5685424949	49.4974746831
44	"1"	"1"	8	FALSE	-45	45	100	0	0	395.979797464	395.979797464	0.437419891357	13	111	87.6812408671	69.2964645563
44	"1"	"1"	8	FALSE	-45	45	100	0	0	395.979797464	395.979797464	0.471148967743	25	157	128.693434176	93.3380951166
44	"1"	"1"	8	FALSE	-45	45	100	0	0	395.979797464	395.979797464	0.504503965378	35	200	166.170093579	116.672618896
44	"1"	"1"	8	FALSE	-45	45	100	0	0	395.979797464	395.979797464	0.537481069565	44	234	196.57568517	134.350288425
44	"1"	"1"	8	FALSE	-45	45	100	0	0	395.979797464	395.979797464	0.571068048477	52	278	233.345237792	159.806132548
44	"1"	"1"	8	FALSE	-45	45	100	0	0	395.979797464	395.979797464	0.604529857635	55	310	258.093975133	180.312229203
44	"1"	"1"	8	FALSE	-45	45	100	0	0	395.979797464	395.979797464	0.637806892395	57	341	281.428498912	200.818325857
44	"1"	"1"	8	FALSE	-45	45	100	0	0	395.979797464	395.979797464	0.671126842499	58	368	301.227488785	219.203102168
44	"1"	"1"	8	FALSE	-45	45	100	0	0	395.979797464	395.979797464	0.704519033432	56	390	315.369624409	236.173664916
44	"1"	"1"	8	FALSE	-45	45	100	0	0	395.979797464	395.979797464	0.737294912338	53	416	331.633080376	256.679761571
44	"1"	"1"	8	FALSE	-45	45	100	0	0	395.979797464	395.979797464	0.771301031113	48	438	343.653895657	275.771644663
44	"1"	"1"	8	FALSE	-45	45	100	0	0	395.979797464	395.979797464	0.804636955261	42	462	356.381817718	296.984848098
44	"1"	"1"	8	FALSE	-45	45	100	0	0	395.979797464	395.979797464	0.838073015213	39	476	364.159992311	309.005663379
44	"1"	"1"	8	FALSE	-45	45	100	0	0	395.979797464	395.979797464	0.871347904205	34	490	370.523953342	322.440692221
44	"1"	"1"	8	FALSE	-45	45	100	0	0	395.979797464	395.979797464	0.904794931412	30	503	376.887914372	334.461507501
44	"1"	"1"	8	FALSE	-45	45	100	0	0	395.979797464	395.979797464	0.938169002533	29	509	380.423448278	339.41125497
44	"1"	"1"	8	FALSE	-45	45	100	0	0	395.979797464	395.979797464	0.971204042435	28	514	383.251875403	343.653895657
44	"1"	"1"	8	FALSE	-45	45	100	0	0	395.979797464	395.979797464	1.00489592552	26	520	386.080302528	349.310749906
44	"1"	"1"	8	FALSE	-45	45	100	0	0	395.979797464	395.979797464	1.03790688515	25	526	389.615836434	354.260497374
44	"1"	"1"	8	FALSE	-45	45	100	0	0	395.979797464	395.979797464	1.07164096832	23	536	395.272690683	362.745778749
44	"1"	"1"	8	FALSE	-45	45	100	0	0	395.979797464	395.979797464	1.10492897034	21	545	400.222438152	370.523953342
44	"1"	"1"	8	FALSE	-45	45	100	0	0	395.979797464	395.979797464	1.13802695274	19	551	403.050865276	376.180807591
44	"1"	"1"	8	FALSE	-45	45	100	0	0	395.979797464	395.979797464	1.17164683342	19	553	404.465078839	377.595021154
44	"1"	"1"	8	FALSE	-45	45	100	0	0	395.979797464	395.979797464	1.20507001877	17	555	404.465078839	380.423448278
44	"1"	"1"	8	FALSE	-45	45	100	0	0	395.979797464	395.979797464	1.23813796043	14	559	405.17218562	385.373195747
44	"1"	"1"	8	FALSE	-45	45	100	0	0	395.979797464	395.979797464	1.2717769146	10	565	406.586399182	392.444263559
44	"1"	"1"	8	FALSE	-45	45	100	0	0	395.979797464	395.979797464	1.30506205559	5	570	406.586399182	399.51533137
44	"1"	"1"	8	FALSE	-45	45	100	0	0	395.979797464	395.979797464	1.33798694611	3	573	407.293505963	403.050865276
44	"1"	"1"	9	FALSE	-45	90	100	0	0	3.42901103761e-14	560	0.00199198722839	1	-4	-2.12132034356	-3.53553390593
44	"1"	"1"	9	FALSE	-45	90	100	0	0	3.42901103761e-14	560	0.0375130176544	1	-4	-2.12132034356	-3.53553390593
44	"1"	"1"	9	FALSE	-45	90	100	0	0	3.42901103761e-14	560	0.0708940029144	1	-4	-2.12132034356	-3.53553390593
44	"1"	"1"	9	FALSE	-45	90	100	0	0	3.42901103761e-14	560	0.104249000549	1	-4	-2.12132034356	-3.53553390593
44	"1"	"1"	9	FALSE	-45	90	100	0	0	3.42901103761e-14	560	0.13769197464	1	-4	-2.12132034356	-3.53553390593
44	"1"	"1"	9	FALSE	-45	90	100	0	0	3.42901103761e-14	560	0.170926094055	1	-4	-2.12132034356	-3.53553390593
44	"1"	"1"	9	FALSE	-45	90	100	0	0	3.42901103761e-14	560	0.204375982285	1	-4	-2.12132034356	-3.53553390593
44	"1"	"1"	9	FALSE	-45	90	100	0	0	3.42901103761e-14	560	0.237632989883	1	-4	-2.12132034356	-3.53553390593
44	"1"	"1"	9	FALSE	-45	90	100	0	0	3.42901103761e-14	560	0.270900964737	1	-4	-2.12132034356	-3.53553390593
44	"1"	"1"	9	FALSE	-45	90	100	0	0	3.42901103761e-14	560	0.304552078247	-1	-1	-1.41421356237	0
44	"1"	"1"	9	FALSE	-45	90	100	0	0	3.42901103761e-14	560	0.337904930115	-5	7	1.41421356237	8.48528137424
44	"1"	"1"	9	FALSE	-45	90	100	0	0	3.42901103761e-14	560	0.371218919754	-12	17	3.53553390593	20.5060966544
44	"1"	"1"	9	FALSE	-45	90	100	0	0	3.42901103761e-14	560	0.404539108276	-27	32	3.53553390593	41.71930009
44	"1"	"1"	9	FALSE	-45	90	100	0	0	3.42901103761e-14	560	0.437909126282	-50	56	4.24264068712	74.9533188058
44	"1"	"1"	9	FALSE	-45	90	100	0	0	3.42901103761e-14	560	0.471349000931	-82	85	2.12132034356	118.086832458
44	"1"	"1"	9	FALSE	-45	90	100	0	0	3.42901103761e-14	560	0.504576921463	-107	109	1.41421356237	152.735064736
44	"1"	"1"	9	FALSE	-45	90	100	0	0	3.42901103761e-14	560	0.538026094437	-139	136	-2.12132034356	194.454364826
44	"1"	"1"	9	FALSE	-45	90	100	0	0	3.42901103761e-14	560	0.571412086487	-172	163	-6.36396103068	236.880771697
44	"1"	"1"	9	FALSE	-45	90	100	0	0	3.42901103761e-14	560	0.60470700264	-198	187	-7.77817459305	272.236110757
44	"1"	"1"	9	FALSE	-45	90	100	0	0	3.42901103761e-14	560	0.638080120087	-225	214	-7.77817459305	310.419876941
44	"1"	"1"	9	FALSE	-45	90	100	0	0	3.42901103761e-14	560	0.671564102173	-248	235	-9.19238815543	341.532575313
44	"1"	"1"	9	FALSE	-45	90	100	0	0	3.42901103761e-14	560	0.704791069031	-272	260	-8.48528137424	376.180807591
44	"1"	"1"	9	FALSE	-45	90	100	0	0	3.42901103761e-14	560	0.73810005188	-292	287	-3.53553390593	409.414826307
44	"1"	"1"	9	FALSE	-45	90	100	0	0	3.42901103761e-14	560	0.771600008011	-308	311	2.12132034356	437.699097554
44	"1"	"1"	9	FALSE	-45	90	100	0	0	3.42901103761e-14	560	0.804920911789	-317	328	7.77817459305	456.083873865
44	"1"	"1"	9	FALSE	-45	90	100	0	0	3.42901103761e-14	560	0.838205099106	-325	341	11.313708499	470.93311627
44	"1"	"1"	9	FALSE	-45	90	100	0	0	3.42901103761e-14	560	0.871556043625	-332	356	16.9705627485	486.489465456
44	"1"	"1"	9	FALSE	-45	90	100	0	0	3.42901103761e-14	560	0.904972076416	-339	369	21.2132034356	500.63160108
44	"1"	"1"	9	FALSE	-45	90	100	0	0	3.42901103761e-14	560	0.938343048096	-344	378	24.0416305603	510.531096017
44	"1"	"1"	9	FALSE	-45	90	100	0	0	3.42901103761e-14	560	0.97162604332	-350	387	26.1629509039	521.137697734
44	"1"	"1"	9	FALSE	-45	90	100	0	0	3.42901103761e-14	560	1.00508904457	-354	392	26.8700576851	527.501658765
44	"1"	"1"	9	FALSE	-45	90	100	0	0	3.42901103761e-14	560	1.03819298744	-359	398	27.5771644663	535.279833358
44	"1"	"1"	9	FALSE	-45	90	100	0	0	3.42901103761e-14	560	1.07174611092	-363	402	27.5771644663	540.936687608
44	"1"	"1"	9	FALSE	-45	90	100	0	0	3.42901103761e-14	560	1.10514998436	-368	405	26.1629509039	546.593541857
44	"1"	"1"	9	FALSE	-45	90	100	0	0	3.42901103761e-14	560	1.138463974	-376	407	21.9203102168	553.664609669
44	"1"	"1"	9	FALSE	-45	90	100	0	0	3.42901103761e-14	560	1.17189908028	-382	407	17.6776695297	557.907250356
44	"1"	"1"	9	FALSE	-45	90	100	0	0	3.42901103761e-14	560	1.20518803596	-385	408	16.2634559673	560.735677481
44	"1"	"1"	9	FALSE	-45	90	100	0	0	3.42901103761e-14	560	1.23845410347	-386	408	15.5563491861	561.442784262
44	"1"	"1"	9	FALSE	-45	90	100	0	0	3.42901103761e-14	560	1.27177214622	-388	408	14.1421356237	562.856997824
44	"1"	"1"	9	FALSE	-45	90	100	0	0	3.42901103761e-14	560	1.30524301529	-388	408	14.1421356237	562.856997824
44	"1"	"1"	9	FALSE	-45	90	100	0	0	3.42901103761e-14	560	1.33864092827	-388	408	14.1421356237	562.856997824
44	"1"	"1"	9	FALSE	-45	90	100	0	0	3.42901103761e-14	560	1.37161707878	-388	408	14.1421356237	562.856997824
44	"1"	"1"	9	FALSE	-45	90	100	0	0	3.42901103761e-14	560	1.40540003777	-388	408	14.1421356237	562.856997824
44	"1"	"1"	9	FALSE	-45	90	100	0	0	3.42901103761e-14	560	1.43871593475	-388	408	14.1421356237	562.856997824
44	"1"	"1"	9	FALSE	-45	90	100	0	0	3.42901103761e-14	560	1.47199511528	-388	408	14.1421356237	562.856997824
44	"1"	"1"	9	FALSE	-45	90	100	0	0	3.42901103761e-14	560	1.50518798828	-388	408	14.1421356237	562.856997824
44	"1"	"1"	9	FALSE	-45	90	100	0	0	3.42901103761e-14	560	1.53864097595	-388	408	14.1421356237	562.856997824
44	"1"	"1"	9	FALSE	-45	90	100	0	0	3.42901103761e-14	560	1.57174992561	-388	408	14.1421356237	562.856997824
44	"1"	"1"	10	FALSE	-45	45	100	0	0	395.979797464	395.979797464	0.00204110145569	-6	-4	-7.07106781187	1.41421356237
44	"1"	"1"	10	FALSE	-45	45	100	0	0	395.979797464	395.979797464	0.0372951030731	-2	-4	-4.24264068712	-1.41421356237
44	"1"	"1"	10	FALSE	-45	45	100	0	0	395.979797464	395.979797464	0.0705101490021	0	-5	-3.53553390593	-3.53553390593
44	"1"	"1"	10	FALSE	-45	45	100	0	0	395.979797464	395.979797464	0.103975057602	0	-5	-3.53553390593	-3.53553390593
44	"1"	"1"	10	FALSE	-45	45	100	0	0	395.979797464	395.979797464	0.137282133102	0	-5	-3.53553390593	-3.53553390593
44	"1"	"1"	10	FALSE	-45	45	100	0	0	395.979797464	395.979797464	0.170704126358	2	-5	-2.12132034356	-4.94974746831
44	"1"	"1"	10	FALSE	-45	45	100	0	0	395.979797464	395.979797464	0.204021930695	2	-5	-2.12132034356	-4.94974746831
44	"1"	"1"	10	FALSE	-45	45	100	0	0	395.979797464	395.979797464	0.236753940582	2	-5	-2.12132034356	-4.94974746831
44	"1"	"1"	10	FALSE	-45	45	100	0	0	395.979797464	395.979797464	0.270781040192	2	-5	-2.12132034356	-4.94974746831
44	"1"	"1"	10	FALSE	-45	45	100	0	0	395.979797464	395.979797464	0.304173946381	2	-5	-2.12132034356	-4.94974746831
44	"1"	"1"	10	FALSE	-45	45	100	0	0	395.979797464	395.979797464	0.33747792244	3	-2	0.707106781187	-3.53553390593
44	"1"	"1"	10	FALSE	-45	45	100	0	0	395.979797464	395.979797464	0.370928049088	6	11	12.0208152802	3.53553390593
44	"1"	"1"	10	FALSE	-45	45	100	0	0	395.979797464	395.979797464	0.404142141342	9	30	27.5771644663	14.8492424049
44	"1"	"1"	10	FALSE	-45	45	100	0	0	395.979797464	395.979797464	0.437552928925	11	49	42.4264068712	26.8700576851
44	"1"	"1"	10	FALSE	-45	45	100	0	0	395.979797464	395.979797464	0.470952987671	13	70	58.6898628385	40.3050865276
44	"1"	"1"	10	FALSE	-45	45	100	0	0	395.979797464	395.979797464	0.504282951355	17	99	82.0243866176	57.9827560573
44	"1"	"1"	10	FALSE	-45	45	100	0	0	395.979797464	395.979797464	0.537673950195	20	125	102.530483272	74.2462120246
44	"1"	"1"	10	FALSE	-45	45	100	0	0	395.979797464	395.979797464	0.570941925049	23	157	127.279220614	94.752308679
44	"1"	"1"	10	FALSE	-45	45	100	0	0	395.979797464	395.979797464	0.604243040085	24	188	149.906637612	115.965512115
44	"1"	"1"	10	FALSE	-45	45	100	0	0	395.979797464	395.979797464	0.637860059738	24	218	171.119841047	137.17871555
44	"1"	"1"	10	FALSE	-45	45	100	0	0	395.979797464	395.979797464	0.670776128769	25	245	190.91883092	155.563491861
44	"1"	"1"	10	FALSE	-45	45	100	0	0	395.979797464	395.979797464	0.704539060593	27	277	214.960461481	176.776695297
44	"1"	"1"	10	FALSE	-45	45	100	0	0	395.979797464	395.979797464	0.737884998322	27	306	235.466558135	197.282791951
44	"1"	"1"	10	FALSE	-45	45	100	0	0	395.979797464	395.979797464	0.770837068558	27	328	251.022907321	212.839141137
44	"1"	"1"	10	FALSE	-45	45	100	0	0	395.979797464	395.979797464	0.804577112198	28	352	268.700576851	229.102597104
44	"1"	"1"	10	FALSE	-45	45	100	0	0	395.979797464	395.979797464	0.837774991989	27	377	285.671139599	247.487373415
44	"1"	"1"	10	FALSE	-45	45	100	0	0	395.979797464	395.979797464	0.871279001236	29	399	302.641702348	261.629509039
44	"1"	"1"	10	FALSE	-45	45	100	0	0	395.979797464	395.979797464	0.904523134232	30	413	313.248304066	270.821897194
44	"1"	"1"	10	FALSE	-45	45	100	0	0	395.979797464	395.979797464	0.937858104706	32	430	326.683332908	281.428498912
44	"1"	"1"	10	FALSE	-45	45	100	0	0	395.979797464	395.979797464	0.97064614296	32	446	337.997041407	292.742207411
44	"1"	"1"	10	FALSE	-45	45	100	0	0	395.979797464	395.979797464	1.00465393066	31	462	348.603643125	304.763022691
44	"1"	"1"	10	FALSE	-45	45	100	0	0	395.979797464	395.979797464	1.0380179882	29	479	359.210244843	318.198051534
44	"1"	"1"	10	FALSE	-45	45	100	0	0	395.979797464	395.979797464	1.07071113586	27	494	368.402632998	330.218866814
44	"1"	"1"	10	FALSE	-45	45	100	0	0	395.979797464	395.979797464	1.10477495193	25	503	373.352380466	337.997041407
44	"1"	"1"	10	FALSE	-45	45	100	0	0	395.979797464	395.979797464	1.13800907135	23	512	378.302127935	345.775216
44	"1"	"1"	10	FALSE	-45	45	100	0	0	395.979797464	395.979797464	1.17152309418	18	521	381.13055506	355.674710937
44	"1"	"1"	10	FALSE	-45	45	100	0	0	395.979797464	395.979797464	1.2046661377	13	531	384.666088965	366.281312655
44	"1"	"1"	10	FALSE	-45	45	100	0	0	395.979797464	395.979797464	1.23807311058	9	539	387.49451609	374.766594029
44	"1"	"1"	10	FALSE	-45	45	100	0	0	395.979797464	395.979797464	1.27111005783	5	548	391.030049996	383.958982184
44	"1"	"1"	10	FALSE	-45	45	100	0	0	395.979797464	395.979797464	1.30487203598	3	553	393.15137034	388.908729653
44	"1"	"1"	10	FALSE	-45	45	100	0	0	395.979797464	395.979797464	1.33826303482	1	555	393.15137034	391.737156777
44	"1"	"1"	10	FALSE	-45	45	100	0	0	395.979797464	395.979797464	1.37152099609	0	558	394.565583902	394.565583902
44	"1"	"1"	10	FALSE	-45	45	100	0	0	395.979797464	395.979797464	1.40484404564	-2	560	394.565583902	397.394011027
44	"1"	"1"	11	FALSE	-45	135	100	0	0	-395.979797464	395.979797464	0.00213193893433	4	1	3.53553390593	-2.12132034356
44	"1"	"1"	11	FALSE	-45	135	100	0	0	-395.979797464	395.979797464	0.0377418994904	4	0	2.82842712475	-2.82842712475
44	"1"	"1"	11	FALSE	-45	135	100	0	0	-395.979797464	395.979797464	0.0710878372192	5	-2	2.12132034356	-4.94974746831
44	"1"	"1"	11	FALSE	-45	135	100	0	0	-395.979797464	395.979797464	0.104460954666	6	-3	2.12132034356	-6.36396103068
44	"1"	"1"	11	FALSE	-45	135	100	0	0	-395.979797464	395.979797464	0.137814998627	6	-3	2.12132034356	-6.36396103068
44	"1"	"1"	11	FALSE	-45	135	100	0	0	-395.979797464	395.979797464	0.17116189003	6	-3	2.12132034356	-6.36396103068
44	"1"	"1"	11	FALSE	-45	135	100	0	0	-395.979797464	395.979797464	0.204499006271	6	-3	2.12132034356	-6.36396103068
44	"1"	"1"	11	FALSE	-45	135	100	0	0	-395.979797464	395.979797464	0.237803936005	6	-3	2.12132034356	-6.36396103068
44	"1"	"1"	11	FALSE	-45	135	100	0	0	-395.979797464	395.979797464	0.271198987961	6	-3	2.12132034356	-6.36396103068
44	"1"	"1"	11	FALSE	-45	135	100	0	0	-395.979797464	395.979797464	0.304574012756	5	-2	2.12132034356	-4.94974746831
44	"1"	"1"	11	FALSE	-45	135	100	0	0	-395.979797464	395.979797464	0.338001966476	3	1	2.82842712475	-1.41421356237
44	"1"	"1"	11	FALSE	-45	135	100	0	0	-395.979797464	395.979797464	0.371297836304	-5	6	0.707106781187	7.77817459305
44	"1"	"1"	11	FALSE	-45	135	100	0	0	-395.979797464	395.979797464	0.404726028442	-18	11	-4.94974746831	20.5060966544
44	"1"	"1"	11	FALSE	-45	135	100	0	0	-395.979797464	395.979797464	0.438037872314	-44	17	-19.091883092	43.1335136524
44	"1"	"1"	11	FALSE	-45	135	100	0	0	-395.979797464	395.979797464	0.471382856369	-72	22	-35.3553390593	66.4680374315
44	"1"	"1"	11	FALSE	-45	135	100	0	0	-395.979797464	395.979797464	0.504753828049	-98	24	-52.3259018078	86.2670273048
44	"1"	"1"	11	FALSE	-45	135	100	0	0	-395.979797464	395.979797464	0.538123846054	-133	26	-75.660425587	112.429978209
44	"1"	"1"	11	FALSE	-45	135	100	0	0	-395.979797464	395.979797464	0.571246862411	-171	23	-104.651803616	137.17871555
44	"1"	"1"	11	FALSE	-45	135	100	0	0	-395.979797464	395.979797464	0.60487985611	-211	19	-135.764501988	162.634559673
44	"1"	"1"	11	FALSE	-45	135	100	0	0	-395.979797464	395.979797464	0.638104915619	-247	15	-164.048773235	185.261976671
44	"1"	"1"	11	FALSE	-45	135	100	0	0	-395.979797464	395.979797464	0.671573877335	-288	9	-197.282791951	210.010714012
44	"1"	"1"	11	FALSE	-45	135	100	0	0	-395.979797464	395.979797464	0.70489192009	-324	6	-224.859956417	233.345237792
44	"1"	"1"	11	FALSE	-45	135	100	0	0	-395.979797464	395.979797464	0.738260984421	-351	5	-244.658946291	251.730014102
44	"1"	"1"	11	FALSE	-45	135	100	0	0	-395.979797464	395.979797464	0.771677970886	-381	3	-267.286363289	271.529003976
44	"1"	"1"	11	FALSE	-45	135	100	0	0	-395.979797464	395.979797464	0.804839849472	-408	2	-287.085353162	289.913780286
44	"1"	"1"	11	FALSE	-45	135	100	0	0	-395.979797464	395.979797464	0.838303804398	-430	2	-302.641702348	305.470129473
44	"1"	"1"	11	FALSE	-45	135	100	0	0	-395.979797464	395.979797464	0.87166595459	-452	3	-317.490944753	321.73358544
44	"1"	"1"	11	FALSE	-45	135	100	0	0	-395.979797464	395.979797464	0.90508389473	-472	5	-330.218866814	337.289934626
44	"1"	"1"	11	FALSE	-45	135	100	0	0	-395.979797464	395.979797464	0.938454866409	-488	7	-340.118361751	350.017856687
44	"1"	"1"	11	FALSE	-45	135	100	0	0	-395.979797464	395.979797464	0.971827030182	-501	10	-347.189429563	361.331565186
44	"1"	"1"	11	FALSE	-45	135	100	0	0	-395.979797464	395.979797464	1.00508785248	-516	13	-355.674710937	374.059487248
44	"1"	"1"	11	FALSE	-45	135	100	0	0	-395.979797464	395.979797464	1.03838801384	-528	15	-362.745778749	383.958982184
44	"1"	"1"	11	FALSE	-45	135	100	0	0	-395.979797464	395.979797464	1.07163286209	-538	15	-369.816846561	391.030049996
44	"1"	"1"	11	FALSE	-45	135	100	0	0	-395.979797464	395.979797464	1.10521888733	-549	15	-377.595021154	398.808224589
44	"1"	"1"	11	FALSE	-45	135	100	0	0	-395.979797464	395.979797464	1.13845491409	-557	15	-383.251875403	404.465078839
44	"1"	"1"	11	FALSE	-45	135	100	0	0	-395.979797464	395.979797464	1.17193484306	-563	14	-388.201622871	408.000612745
44	"1"	"1"	11	FALSE	-45	135	100	0	0	-395.979797464	395.979797464	1.20530486107	-566	13	-391.030049996	409.414826307
44	"1"	"1"	11	FALSE	-45	135	100	0	0	-395.979797464	395.979797464	1.23861694336	-567	12	-392.444263559	409.414826307
44	"1"	"1"	12	FALSE	-45	90	100	0	0	3.42901103761e-14	560	0.00187206268311	5	1	4.24264068712	-2.82842712475
44	"1"	"1"	12	FALSE	-45	90	100	0	0	3.42901103761e-14	560	0.0373959541321	5	1	4.24264068712	-2.82842712475
44	"1"	"1"	12	FALSE	-45	90	100	0	0	3.42901103761e-14	560	0.0707120895386	5	1	4.24264068712	-2.82842712475
44	"1"	"1"	12	FALSE	-45	90	100	0	0	3.42901103761e-14	560	0.10387802124	5	1	4.24264068712	-2.82842712475
44	"1"	"1"	12	FALSE	-45	90	100	0	0	3.42901103761e-14	560	0.137405157089	6	3	6.36396103068	-2.12132034356
44	"1"	"1"	12	FALSE	-45	90	100	0	0	3.42901103761e-14	560	0.17086815834	7	8	10.6066017178	0.707106781187
44	"1"	"1"	12	FALSE	-45	90	100	0	0	3.42901103761e-14	560	0.204149961472	8	12	14.1421356237	2.82842712475
44	"1"	"1"	12	FALSE	-45	90	100	0	0	3.42901103761e-14	560	0.237485170364	8	16	16.9705627485	5.65685424949
44	"1"	"1"	12	FALSE	-45	90	100	0	0	3.42901103761e-14	560	0.270895004272	8	18	18.3847763109	7.07106781187
44	"1"	"1"	12	FALSE	-45	90	100	0	0	3.42901103761e-14	560	0.304329156876	8	19	19.091883092	7.77817459305
44	"1"	"1"	12	FALSE	-45	90	100	0	0	3.42901103761e-14	560	0.337692975998	7	21	19.7989898732	9.89949493661
44	"1"	"1"	12	FALSE	-45	90	100	0	0	3.42901103761e-14	560	0.371026992798	4	26	21.2132034356	15.5563491861
44	"1"	"1"	12	FALSE	-45	90	100	0	0	3.42901103761e-14	560	0.404361963272	-3	35	22.627416998	26.8700576851
44	"1"	"1"	12	FALSE	-45	90	100	0	0	3.42901103761e-14	560	0.437767982483	-24	58	24.0416305603	57.9827560573
44	"1"	"1"	12	FALSE	-45	90	100	0	0	3.42901103761e-14	560	0.471120119095	-50	87	26.1629509039	96.8736290226
44	"1"	"1"	12	FALSE	-45	90	100	0	0	3.42901103761e-14	560	0.504441022873	-72	114	29.6984848098	131.521861301
44	"1"	"1"	12	FALSE	-45	90	100	0	0	3.42901103761e-14	560	0.537773132324	-95	145	35.3553390593	169.705627485
44	"1"	"1"	12	FALSE	-45	90	100	0	0	3.42901103761e-14	560	0.571010112762	-121	172	36.0624458405	207.182286888
44	"1"	"1"	12	FALSE	-45	90	100	0	0	3.42901103761e-14	560	0.604535102844	-146	195	34.6482322781	241.123412385
44	"1"	"1"	12	FALSE	-45	90	100	0	0	3.42901103761e-14	560	0.637801170349	-168	212	31.1126983722	268.700576851
44	"1"	"1"	12	FALSE	-45	90	100	0	0	3.42901103761e-14	560	0.671240091324	-192	230	26.8700576851	298.399061661
44	"1"	"1"	12	FALSE	-45	90	100	0	0	3.42901103761e-14	560	0.704586982727	-213	247	24.0416305603	325.269119346
44	"1"	"1"	12	FALSE	-45	90	100	0	0	3.42901103761e-14	560	0.737966060638	-226	257	21.9203102168	341.532575313
44	"1"	"1"	12	FALSE	-45	90	100	0	0	3.42901103761e-14	560	0.771417140961	-242	275	23.3345237792	365.574205873
44	"1"	"1"	12	FALSE	-45	90	100	0	0	3.42901103761e-14	560	0.804543018341	-258	292	24.0416305603	388.908729653
44	"1"	"1"	12	FALSE	-45	90	100	0	0	3.42901103761e-14	560	0.837955951691	-270	308	26.8700576851	408.707719526
44	"1"	"1"	12	FALSE	-45	90	100	0	0	3.42901103761e-14	560	0.871375083923	-285	322	26.1629509039	429.21381618
44	"1"	"1"	12	FALSE	-45	90	100	0	0	3.42901103761e-14	560	0.904816150665	-296	333	26.1629509039	444.770165366
44	"1"	"1"	12	FALSE	-45	90	100	0	0	3.42901103761e-14	560	0.938117027283	-307	345	26.8700576851	461.033621334
44	"1"	"1"	12	FALSE	-45	90	100	0	0	3.42901103761e-14	560	0.97105717659	-315	354	27.5771644663	473.054436614
44	"1"	"1"	12	FALSE	-45	90	100	0	0	3.42901103761e-14	560	1.00486707687	-327	364	26.1629509039	488.6107858
44	"1"	"1"	12	FALSE	-45	90	100	0	0	3.42901103761e-14	560	1.03814101219	-339	374	24.7487373415	504.167134986
44	"1"	"1"	12	FALSE	-45	90	100	0	0	3.42901103761e-14	560	1.07159399986	-350	381	21.9203102168	516.895057047
44	"1"	"1"	12	FALSE	-45	90	100	0	0	3.42901103761e-14	560	1.10475707054	-360	387	19.091883092	528.208765546
44	"1"	"1"	12	FALSE	-45	90	100	0	0	3.42901103761e-14	560	1.13827896118	-368	393	17.6776695297	538.108260483
44	"1"	"1"	12	FALSE	-45	90	100	0	0	3.42901103761e-14	560	1.17158317566	-377	398	14.8492424049	548.00775542
44	"1"	"1"	12	FALSE	-45	90	100	0	0	3.42901103761e-14	560	1.204859972	-385	402	12.0208152802	556.493036794
44	"1"	"1"	12	FALSE	-45	90	100	0	0	3.42901103761e-14	560	1.23830914497	-393	405	8.48528137424	564.271211387
44	"1"	"1"	12	FALSE	-45	90	100	0	0	3.42901103761e-14	560	1.27107715607	-399	407	5.65685424949	569.928065636
44	"1"	"1"	13	FALSE	-45	90	100	0	0	3.42901103761e-14	560	0.00189089775085	8	-8	0	-11.313708499
44	"1"	"1"	13	FALSE	-45	90	100	0	0	3.42901103761e-14	560	0.0375599861145	8	-8	0	-11.313708499
44	"1"	"1"	13	FALSE	-45	90	100	0	0	3.42901103761e-14	560	0.0709249973297	8	-8	0	-11.313708499
44	"1"	"1"	13	FALSE	-45	90	100	0	0	3.42901103761e-14	560	0.103989839554	8	-8	0	-11.313708499
44	"1"	"1"	13	FALSE	-45	90	100	0	0	3.42901103761e-14	560	0.137632846832	8	-7	0.707106781187	-10.6066017178
44	"1"	"1"	13	FALSE	-45	90	100	0	0	3.42901103761e-14	560	0.1710460186	7	-6	0.707106781187	-9.19238815543
44	"1"	"1"	13	FALSE	-45	90	100	0	0	3.42901103761e-14	560	0.204079866409	6	-4	1.41421356237	-7.07106781187
44	"1"	"1"	13	FALSE	-45	90	100	0	0	3.42901103761e-14	560	0.237745046616	5	-4	0.707106781187	-6.36396103068
44	"1"	"1"	13	FALSE	-45	90	100	0	0	3.42901103761e-14	560	0.271167039871	5	-4	0.707106781187	-6.36396103068
44	"1"	"1"	13	FALSE	-45	90	100	0	0	3.42901103761e-14	560	0.304445981979	4	-1	2.12132034356	-3.53553390593
44	"1"	"1"	13	FALSE	-45	90	100	0	0	3.42901103761e-14	560	0.337751865387	2	8	7.07106781187	4.24264068712
44	"1"	"1"	13	FALSE	-45	90	100	0	0	3.42901103761e-14	560	0.3707010746	0	19	13.4350288425	13.4350288425
44	"1"	"1"	13	FALSE	-45	90	100	0	0	3.42901103761e-14	560	0.404585838318	-4	38	24.0416305603	29.6984848098
44	"1"	"1"	13	FALSE	-45	90	100	0	0	3.42901103761e-14	560	0.43790602684	-13	57	31.1126983722	49.4974746831
44	"1"	"1"	13	FALSE	-45	90	100	0	0	3.42901103761e-14	560	0.470918893814	-24	82	41.0121933088	74.9533188058
44	"1"	"1"	13	FALSE	-45	90	100	0	0	3.42901103761e-14	560	0.504612922668	-35	106	50.2045814642	99.7020561473
44	"1"	"1"	13	FALSE	-45	90	100	0	0	3.42901103761e-14	560	0.538040876389	-51	131	56.5685424949	128.693434176
44	"1"	"1"	13	FALSE	-45	90	100	0	0	3.42901103761e-14	560	0.570962905884	-71	156	60.1040764009	160.513239329
44	"1"	"1"	13	FALSE	-45	90	100	0	0	3.42901103761e-14	560	0.604677915573	-89	177	62.2253967444	188.090403796
44	"1"	"1"	13	FALSE	-45	90	100	0	0	3.42901103761e-14	560	0.637557983398	-112	202	63.6396103068	222.031529293
44	"1"	"1"	13	FALSE	-45	90	100	0	0	3.42901103761e-14	560	0.671401977539	-134	223	62.9325035256	252.437120884
44	"1"	"1"	13	FALSE	-45	90	100	0	0	3.42901103761e-14	560	0.704730987549	-157	239	57.9827560573	280.01428535
44	"1"	"1"	13	FALSE	-45	90	100	0	0	3.42901103761e-14	560	0.738167047501	-176	249	51.6187950266	300.520382004
44	"1"	"1"	13	FALSE	-45	90	100	0	0	3.42901103761e-14	560	0.771297931671	-199	259	42.4264068712	323.854905783
44	"1"	"1"	13	FALSE	-45	90	100	0	0	3.42901103761e-14	560	0.804949998856	-218	267	34.6482322781	342.946788875
44	"1"	"1"	13	FALSE	-45	90	100	0	0	3.42901103761e-14	560	0.838209867477	-231	273	29.6984848098	356.381817718
44	"1"	"1"	13	FALSE	-45	90	100	0	0	3.42901103761e-14	560	0.87161397934	-247	279	22.627416998	371.938166904
44	"1"	"1"	13	FALSE	-45	90	100	0	0	3.42901103761e-14	560	0.904981851578	-259	284	17.6776695297	383.958982184
44	"1"	"1"	13	FALSE	-45	90	100	0	0	3.42901103761e-14	560	0.93834900856	-269	289	14.1421356237	394.565583902
44	"1"	"1"	13	FALSE	-45	90	100	0	0	3.42901103761e-14	560	0.971611022949	-281	297	11.313708499	408.707719526
44	"1"	"1"	13	FALSE	-45	90	100	0	0	3.42901103761e-14	560	1.00484585762	-289	305	11.313708499	420.021428025
44	"1"	"1"	13	FALSE	-45	90	100	0	0	3.42901103761e-14	560	1.03821992874	-298	317	13.4350288425	434.87067043
44	"1"	"1"	13	FALSE	-45	90	100	0	0	3.42901103761e-14	560	1.07105493546	-306	328	15.5563491861	448.305699272
44	"1"	"1"	13	FALSE	-45	90	100	0	0	3.42901103761e-14	560	1.1051659584	-314	339	17.6776695297	461.740728115
44	"1"	"1"	13	FALSE	-45	90	100	0	0	3.42901103761e-14	560	1.1384499073	-323	354	21.9203102168	478.711290863
44	"1"	"1"	13	FALSE	-45	90	100	0	0	3.42901103761e-14	560	1.1717069149	-329	365	25.4558441227	490.732106143
44	"1"	"1"	13	FALSE	-45	90	100	0	0	3.42901103761e-14	560	1.20508384705	-334	375	28.9913780286	501.338707861
44	"1"	"1"	13	FALSE	-45	90	100	0	0	3.42901103761e-14	560	1.23836994171	-338	382	31.1126983722	509.116882454
44	"1"	"1"	13	FALSE	-45	90	100	0	0	3.42901103761e-14	560	1.27120399475	-343	390	33.2340187158	518.30927061
44	"1"	"1"	13	FALSE	-45	90	100	0	0	3.42901103761e-14	560	1.30525398254	-350	397	33.2340187158	528.208765546
44	"1"	"1"	13	FALSE	-45	90	100	0	0	3.42901103761e-14	560	1.33846902847	-358	403	31.8198051534	538.108260483
44	"1"	"1"	13	FALSE	-45	90	100	0	0	3.42901103761e-14	560	1.37142395973	-367	408	28.9913780286	548.00775542
44	"1"	"1"	13	FALSE	-45	90	100	0	0	3.42901103761e-14	560	1.40536785126	-376	412	25.4558441227	557.200143575
44	"1"	"1"	13	FALSE	-45	90	100	0	0	3.42901103761e-14	560	1.43865084648	-383	415	22.627416998	564.271211387
44	"1"	"1"	13	FALSE	-45	90	100	0	0	3.42901103761e-14	560	1.47204589844	-392	417	17.6776695297	572.04938598
44	"1"	"1"	13	FALSE	-45	90	100	0	0	3.42901103761e-14	560	1.50470900536	-399	417	12.7279220614	576.999133448
44	"1"	"1"	13	FALSE	-45	90	100	0	0	3.42901103761e-14	560	1.53882002831	-407	416	6.36396103068	581.948880917
44	"1"	"1"	13	FALSE	-45	90	100	0	0	3.42901103761e-14	560	1.57213592529	-413	414	0.707106781187	584.777308041
44	"1"	"1"	13	FALSE	-45	90	100	0	0	3.42901103761e-14	560	1.60527205467	-416	413	-2.12132034356	586.191521604
44	"1"	"1"	13	FALSE	-45	90	100	0	0	3.42901103761e-14	560	1.63880395889	-416	412	-2.82842712475	585.484414822
44	"1"	"1"	13	FALSE	-45	90	100	0	0	3.42901103761e-14	560	1.67206001282	-416	412	-2.82842712475	585.484414822
44	"1"	"1"	13	FALSE	-45	90	100	0	0	3.42901103761e-14	560	1.70485901833	-416	410	-4.24264068712	584.07020126
44	"1"	"1"	13	FALSE	-45	90	100	0	0	3.42901103761e-14	560	1.73882699013	-415	409	-4.24264068712	582.655987698
44	"1"	"1"	13	FALSE	-45	90	100	0	0	3.42901103761e-14	560	1.77225399017	-413	408	-3.53553390593	580.534667354
44	"1"	"1"	13	FALSE	-45	90	100	0	0	3.42901103761e-14	560	1.80557990074	-412	406	-4.24264068712	578.413347011
44	"1"	"1"	13	FALSE	-45	90	100	0	0	3.42901103761e-14	560	1.83899688721	-409	404	-3.53553390593	574.877813105
44	"1"	"1"	13	FALSE	-45	90	100	0	0	3.42901103761e-14	560	1.87201499939	-408	403	-3.53553390593	573.463599542
44	"1"	"1"	13	FALSE	-45	90	100	0	0	3.42901103761e-14	560	1.90566802025	-406	402	-2.82842712475	571.342279199
44	"1"	"1"	13	FALSE	-45	90	100	0	0	3.42901103761e-14	560	1.93907999992	-405	401	-2.82842712475	569.928065636
44	"1"	"1"	14	FALSE	-45	135	100	0	0	-395.979797464	395.979797464	0.00170803070068	4	-4	0	-5.65685424949
44	"1"	"1"	14	FALSE	-45	135	100	0	0	-395.979797464	395.979797464	0.037250995636	4	-4	0	-5.65685424949
44	"1"	"1"	14	FALSE	-45	135	100	0	0	-395.979797464	395.979797464	0.0704538822174	4	-4	0	-5.65685424949
44	"1"	"1"	14	FALSE	-45	135	100	0	0	-395.979797464	395.979797464	0.103628873825	4	-4	0	-5.65685424949
44	"1"	"1"	14	FALSE	-45	135	100	0	0	-395.979797464	395.979797464	0.136615991592	4	-4	0	-5.65685424949
44	"1"	"1"	14	FALSE	-45	135	100	0	0	-395.979797464	395.979797464	0.170655012131	4	-1	2.12132034356	-3.53553390593
44	"1"	"1"	14	FALSE	-45	135	100	0	0	-395.979797464	395.979797464	0.203913927078	3	4	4.94974746831	0.707106781187
44	"1"	"1"	14	FALSE	-45	135	100	0	0	-395.979797464	395.979797464	0.23724603653	2	7	6.36396103068	3.53553390593
44	"1"	"1"	14	FALSE	-45	135	100	0	0	-395.979797464	395.979797464	0.270588874817	1	9	7.07106781187	5.65685424949
44	"1"	"1"	14	FALSE	-45	135	100	0	0	-395.979797464	395.979797464	0.304026842117	1	9	7.07106781187	5.65685424949
44	"1"	"1"	14	FALSE	-45	135	100	0	0	-395.979797464	395.979797464	0.337378025055	1	9	7.07106781187	5.65685424949
44	"1"	"1"	14	FALSE	-45	135	100	0	0	-395.979797464	395.979797464	0.370146036148	-1	10	6.36396103068	7.77817459305
44	"1"	"1"	14	FALSE	-45	135	100	0	0	-395.979797464	395.979797464	0.404191017151	-11	9	-1.41421356237	14.1421356237
44	"1"	"1"	14	FALSE	-45	135	100	0	0	-395.979797464	395.979797464	0.437319040298	-28	8	-14.1421356237	25.4558441227
44	"1"	"1"	14	FALSE	-45	135	100	0	0	-395.979797464	395.979797464	0.47087097168	-52	11	-28.9913780286	44.5477272148
44	"1"	"1"	14	FALSE	-45	135	100	0	0	-395.979797464	395.979797464	0.50351691246	-78	15	-44.5477272148	65.7609306503
44	"1"	"1"	14	FALSE	-45	135	100	0	0	-395.979797464	395.979797464	0.537484884262	-104	18	-60.811183182	86.2670273048
44	"1"	"1"	14	FALSE	-45	135	100	0	0	-395.979797464	395.979797464	0.570915937424	-140	21	-84.1457069612	113.844191771
44	"1"	"1"	14	FALSE	-45	135	100	0	0	-395.979797464	395.979797464	0.603636026382	-174	23	-106.773123959	139.300035894
44	"1"	"1"	14	FALSE	-45	135	100	0	0	-395.979797464	395.979797464	0.637672901154	-215	22	-136.471608769	167.584307141
44	"1"	"1"	14	FALSE	-45	135	100	0	0	-395.979797464	395.979797464	0.670994997025	-258	17	-170.412734266	194.454364826
44	"1"	"1"	14	FALSE	-45	135	100	0	0	-395.979797464	395.979797464	0.704383850098	-295	14	-198.697005513	218.495995387
44	"1"	"1"	14	FALSE	-45	135	100	0	0	-395.979797464	395.979797464	0.737684965134	-341	12	-232.63813101	249.608693759
44	"1"	"1"	14	FALSE	-45	135	100	0	0	-395.979797464	395.979797464	0.77102804184	-373	13	-254.558441227	272.943217538
44	"1"	"1"	14	FALSE	-45	135	100	0	0	-395.979797464	395.979797464	0.804292917252	-406	15	-276.478751444	297.69195488
44	"1"	"1"	14	FALSE	-45	135	100	0	0	-395.979797464	395.979797464	0.837819814682	-434	18	-294.156420974	319.612265096
44	"1"	"1"	14	FALSE	-45	135	100	0	0	-395.979797464	395.979797464	0.871073961258	-453	23	-304.05591591	336.582827845
44	"1"	"1"	14	FALSE	-45	135	100	0	0	-395.979797464	395.979797464	0.904382944107	-475	28	-316.07673119	355.674710937
44	"1"	"1"	14	FALSE	-45	135	100	0	0	-395.979797464	395.979797464	0.937757968903	-490	31	-324.562012565	368.402632998
44	"1"	"1"	14	FALSE	-45	135	100	0	0	-395.979797464	395.979797464	0.970729827881	-506	33	-334.461507501	381.13055506
44	"1"	"1"	14	FALSE	-45	135	100	0	0	-395.979797464	395.979797464	1.00441503525	-522	32	-346.482322781	391.737156777
44	"1"	"1"	14	FALSE	-45	135	100	0	0	-395.979797464	395.979797464	1.03784799576	-537	31	-357.79603128	401.636651714
44	"1"	"1"	14	FALSE	-45	135	100	0	0	-395.979797464	395.979797464	1.07126092911	-550	29	-368.402632998	409.414826307
44	"1"	"1"	14	FALSE	-45	135	100	0	0	-395.979797464	395.979797464	1.10468196869	-559	27	-376.180807591	414.364573775
44	"1"	"1"	14	FALSE	-45	135	100	0	0	-395.979797464	395.979797464	1.13806891441	-568	24	-384.666088965	418.607214462
44	"1"	"1"	14	FALSE	-45	135	100	0	0	-395.979797464	395.979797464	1.17126584053	-573	21	-390.322943215	420.021428025
44	"1"	"1"	14	FALSE	-45	135	100	0	0	-395.979797464	395.979797464	1.2045249939	-578	17	-396.686904246	420.728534806
44	"1"	"1"	14	FALSE	-45	135	100	0	0	-395.979797464	395.979797464	1.23799800873	-582	13	-402.343758495	420.728534806
44	"1"	"1"	14	FALSE	-45	135	100	0	0	-395.979797464	395.979797464	1.27143096924	-584	10	-405.879292401	420.021428025
44	"1"	"1"	14	FALSE	-45	135	100	0	0	-395.979797464	395.979797464	1.30481600761	-584	7	-408.000612745	417.900107681
44	"1"	"1"	14	FALSE	-45	135	100	0	0	-395.979797464	395.979797464	1.33823204041	-582	5	-408.000612745	415.071680557
44	"1"	"1"	14	FALSE	-45	135	100	0	0	-395.979797464	395.979797464	1.37121701241	-579	2	-408.000612745	410.829039869
44	"1"	"1"	14	FALSE	-45	135	100	0	0	-395.979797464	395.979797464	1.40483784676	-577	0	-408.000612745	408.000612745
44	"1"	"1"	14	FALSE	-45	135	100	0	0	-395.979797464	395.979797464	1.43829894066	-575	0	-406.586399182	406.586399182
44	"1"	"1"	14	FALSE	-45	135	100	0	0	-395.979797464	395.979797464	1.47124290466	-574	-1	-406.586399182	405.17218562
44	"1"	"1"	15	FALSE	-45	45	100	0	0	395.979797464	395.979797464	0.00181102752686	-8	-10	-12.7279220614	-1.41421356237
44	"1"	"1"	15	FALSE	-45	45	100	0	0	395.979797464	395.979797464	0.0375940799713	-8	-10	-12.7279220614	-1.41421356237
44	"1"	"1"	15	FALSE	-45	45	100	0	0	395.979797464	395.979797464	0.0708699226379	-5	-9	-9.89949493661	-2.82842712475
44	"1"	"1"	15	FALSE	-45	45	100	0	0	395.979797464	395.979797464	0.104233026505	-3	-9	-8.48528137424	-4.24264068712
44	"1"	"1"	15	FALSE	-45	45	100	0	0	395.979797464	395.979797464	0.137784004211	1	-8	-4.94974746831	-6.36396103068
44	"1"	"1"	15	FALSE	-45	45	100	0	0	395.979797464	395.979797464	0.171091079712	2	-7	-3.53553390593	-6.36396103068
44	"1"	"1"	15	FALSE	-45	45	100	0	0	395.979797464	395.979797464	0.204421043396	2	-7	-3.53553390593	-6.36396103068
44	"1"	"1"	15	FALSE	-45	45	100	0	0	395.979797464	395.979797464	0.237525939941	2	-7	-3.53553390593	-6.36396103068
44	"1"	"1"	15	FALSE	-45	45	100	0	0	395.979797464	395.979797464	0.271197080612	4	-5	-0.707106781187	-6.36396103068
44	"1"	"1"	15	FALSE	-45	45	100	0	0	395.979797464	395.979797464	0.304502010345	5	-3	1.41421356237	-5.65685424949
44	"1"	"1"	15	FALSE	-45	45	100	0	0	395.979797464	395.979797464	0.337754964828	8	2	7.07106781187	-4.24264068712
44	"1"	"1"	15	FALSE	-45	45	100	0	0	395.979797464	395.979797464	0.371126890182	12	16	19.7989898732	2.82842712475
44	"1"	"1"	15	FALSE	-45	45	100	0	0	395.979797464	395.979797464	0.404320001602	17	44	43.1335136524	19.091883092
44	"1"	"1"	15	FALSE	-45	45	100	0	0	395.979797464	395.979797464	0.437973976135	17	78	67.1751442127	43.1335136524
44	"1"	"1"	15	FALSE	-45	45	100	0	0	395.979797464	395.979797464	0.471307039261	15	111	89.0954544295	67.8822509939
44	"1"	"1"	15	FALSE	-45	45	100	0	0	395.979797464	395.979797464	0.504307985306	13	150	115.258405333	96.8736290226
44	"1"	"1"	15	FALSE	-45	45	100	0	0	395.979797464	395.979797464	0.538081884384	16	189	144.956890143	122.329473145
44	"1"	"1"	15	FALSE	-45	45	100	0	0	395.979797464	395.979797464	0.571369886398	24	224	175.362481734	141.421356237
44	"1"	"1"	15	FALSE	-45	45	100	0	0	395.979797464	395.979797464	0.604816913605	32	261	207.182286888	161.927452892
44	"1"	"1"	15	FALSE	-45	45	100	0	0	395.979797464	395.979797464	0.63808298111	37	289	230.516810667	178.190908859
44	"1"	"1"	15	FALSE	-45	45	100	0	0	395.979797464	395.979797464	0.671277999878	40	325	258.093975133	201.525432638
44	"1"	"1"	15	FALSE	-45	45	100	0	0	395.979797464	395.979797464	0.704789876938	45	350	279.307178569	215.667568262
44	"1"	"1"	15	FALSE	-45	45	100	0	0	395.979797464	395.979797464	0.738049983978	49	377	301.227488785	231.931024229
44	"1"	"1"	15	FALSE	-45	45	100	0	0	395.979797464	395.979797464	0.770874023438	52	401	320.319371878	246.780266634
44	"1"	"1"	15	FALSE	-45	45	100	0	0	395.979797464	395.979797464	0.804782867432	52	423	335.875721064	262.33661582
44	"1"	"1"	15	FALSE	-45	45	100	0	0	395.979797464	395.979797464	0.838219881058	53	447	353.553390593	278.600071787
44	"1"	"1"	15	FALSE	-45	45	100	0	0	395.979797464	395.979797464	0.871157884598	52	468	367.695526217	294.156420974
44	"1"	"1"	15	FALSE	-45	45	100	0	0	395.979797464	395.979797464	0.904887914658	51	480	375.47370081	303.348809129
44	"1"	"1"	15	FALSE	-45	45	100	0	0	395.979797464	395.979797464	0.938253879547	47	497	384.666088965	318.198051534
44	"1"	"1"	15	FALSE	-45	45	100	0	0	395.979797464	395.979797464	0.971806049347	40	515	392.444263559	335.875721064
44	"1"	"1"	15	FALSE	-45	45	100	0	0	395.979797464	395.979797464	1.00497698784	36	530	400.222438152	349.310749906
44	"1"	"1"	15	FALSE	-45	45	100	0	0	395.979797464	395.979797464	1.0383450985	34	540	405.879292401	357.79603128
44	"1"	"1"	15	FALSE	-45	45	100	0	0	395.979797464	395.979797464	1.07170295715	30	550	410.121933088	367.695526217
44	"1"	"1"	15	FALSE	-45	45	100	0	0	395.979797464	395.979797464	1.10467410088	25	558	412.243253432	376.887914372
44	"1"	"1"	15	FALSE	-45	45	100	0	0	395.979797464	395.979797464	1.13851690292	23	563	414.364573775	381.837661841
44	"1"	"1"	15	FALSE	-45	45	100	0	0	395.979797464	395.979797464	1.17185401917	20	566	414.364573775	386.080302528
44	"1"	"1"	15	FALSE	-45	45	100	0	0	395.979797464	395.979797464	1.20494604111	16	569	413.657466994	391.030049996
44	"1"	"1"	15	FALSE	-45	45	100	0	0	395.979797464	395.979797464	1.238478899	11	571	411.536146651	395.979797464
44	"1"	"1"	15	FALSE	-45	45	100	0	0	395.979797464	395.979797464	1.27191090584	7	572	409.414826307	399.51533137
44	"1"	"1"	15	FALSE	-45	45	100	0	0	395.979797464	395.979797464	1.30525302887	4	573	408.000612745	402.343758495
44	"1"	"1"	15	FALSE	-45	45	100	0	0	395.979797464	395.979797464	1.33873391151	1	573	405.879292401	404.465078839
44	"1"	"1"	16	FALSE	-45	90	100	0	0	3.42901103761e-14	560	0.00169491767883	-7	2	-3.53553390593	6.36396103068
44	"1"	"1"	16	FALSE	-45	90	100	0	0	3.42901103761e-14	560	0.0373229980469	-7	2	-3.53553390593	6.36396103068
44	"1"	"1"	16	FALSE	-45	90	100	0	0	3.42901103761e-14	560	0.0706429481506	-7	2	-3.53553390593	6.36396103068
44	"1"	"1"	16	FALSE	-45	90	100	0	0	3.42901103761e-14	560	0.103312015533	-7	1	-4.24264068712	5.65685424949
44	"1"	"1"	16	FALSE	-45	90	100	0	0	3.42901103761e-14	560	0.137344837189	-7	1	-4.24264068712	5.65685424949
44	"1"	"1"	16	FALSE	-45	90	100	0	0	3.42901103761e-14	560	0.170573949814	-7	1	-4.24264068712	5.65685424949
44	"1"	"1"	16	FALSE	-45	90	100	0	0	3.42901103761e-14	560	0.203995943069	-6	1	-3.53553390593	4.94974746831
44	"1"	"1"	16	FALSE	-45	90	100	0	0	3.42901103761e-14	560	0.237430810928	-6	1	-3.53553390593	4.94974746831
44	"1"	"1"	16	FALSE	-45	90	100	0	0	3.42901103761e-14	560	0.270447015762	-6	1	-3.53553390593	4.94974746831
44	"1"	"1"	16	FALSE	-45	90	100	0	0	3.42901103761e-14	560	0.304171800613	-6	2	-2.82842712475	5.65685424949
44	"1"	"1"	16	FALSE	-45	90	100	0	0	3.42901103761e-14	560	0.337479829788	-12	10	-1.41421356237	15.5563491861
44	"1"	"1"	16	FALSE	-45	90	100	0	0	3.42901103761e-14	560	0.370419979095	-22	27	3.53553390593	34.6482322781
44	"1"	"1"	16	FALSE	-45	90	100	0	0	3.42901103761e-14	560	0.404138803482	-32	44	8.48528137424	53.7401153702
44	"1"	"1"	16	FALSE	-45	90	100	0	0	3.42901103761e-14	560	0.437610864639	-51	71	14.1421356237	86.2670273048
44	"1"	"1"	16	FALSE	-45	90	100	0	0	3.42901103761e-14	560	0.470916986465	-71	90	13.4350288425	113.844191771
44	"1"	"1"	16	FALSE	-45	90	100	0	0	3.42901103761e-14	560	0.504339933395	-88	112	16.9705627485	141.421356237
44	"1"	"1"	16	FALSE	-45	90	100	0	0	3.42901103761e-14	560	0.537122011185	-106	136	21.2132034356	171.119841047
44	"1"	"1"	16	FALSE	-45	90	100	0	0	3.42901103761e-14	560	0.5710709095	-122	156	24.0416305603	196.57568517
44	"1"	"1"	16	FALSE	-45	90	100	0	0	3.42901103761e-14	560	0.60436296463	-140	180	28.2842712475	226.27416998
44	"1"	"1"	16	FALSE	-45	90	100	0	0	3.42901103761e-14	560	0.637593984604	-159	202	30.405591591	255.265548008
44	"1"	"1"	16	FALSE	-45	90	100	0	0	3.42901103761e-14	560	0.670799016953	-174	220	32.5269119346	278.600071787
44	"1"	"1"	16	FALSE	-45	90	100	0	0	3.42901103761e-14	560	0.704447984695	-190	243	37.4766594029	306.177236254
44	"1"	"1"	16	FALSE	-45	90	100	0	0	3.42901103761e-14	560	0.737725973129	-210	264	38.1837661841	335.168614282
44	"1"	"1"	16	FALSE	-45	90	100	0	0	3.42901103761e-14	560	0.771152973175	-225	279	38.1837661841	356.381817718
44	"1"	"1"	16	FALSE	-45	90	100	0	0	3.42901103761e-14	560	0.804240942001	-240	294	38.1837661841	377.595021154
44	"1"	"1"	16	FALSE	-45	90	100	0	0	3.42901103761e-14	560	0.837926864624	-258	309	36.0624458405	400.929544933
44	"1"	"1"	16	FALSE	-45	90	100	0	0	3.42901103761e-14	560	0.871235847473	-276	324	33.941125497	424.264068712
44	"1"	"1"	16	FALSE	-45	90	100	0	0	3.42901103761e-14	560	0.904481887817	-292	335	30.405591591	443.355951804
44	"1"	"1"	16	FALSE	-45	90	100	0	0	3.42901103761e-14	560	0.937704801559	-308	347	27.5771644663	463.154941677
44	"1"	"1"	16	FALSE	-45	90	100	0	0	3.42901103761e-14	560	0.971342802048	-325	358	23.3345237792	482.95393155
44	"1"	"1"	16	FALSE	-45	90	100	0	0	3.42901103761e-14	560	1.00449085236	-345	369	16.9705627485	504.874241767
44	"1"	"1"	16	FALSE	-45	90	100	0	0	3.42901103761e-14	560	1.03809380531	-359	374	10.6066017178	518.30927061
44	"1"	"1"	16	FALSE	-45	90	100	0	0	3.42901103761e-14	560	1.07126379013	-373	380	4.94974746831	532.451406233
44	"1"	"1"	16	FALSE	-45	90	100	0	0	3.42901103761e-14	560	1.10442900658	-384	385	0.707106781187	543.765114732
44	"1"	"1"	16	FALSE	-45	90	100	0	0	3.42901103761e-14	560	1.13801789284	-392	389	-2.12132034356	552.250396107
44	"1"	"1"	16	FALSE	-45	90	100	0	0	3.42901103761e-14	560	1.17137598991	-397	394	-2.12132034356	559.321463919
44	"1"	"1"	16	FALSE	-45	90	100	0	0	3.42901103761e-14	560	1.20424294472	-401	397	-2.82842712475	564.271211387
44	"1"	"1"	16	FALSE	-45	90	100	0	0	3.42901103761e-14	560	1.23813796043	-403	400	-2.12132034356	567.806745293
44	"1"	"1"	16	FALSE	-45	90	100	0	0	3.42901103761e-14	560	1.27146697044	-404	402	-1.41421356237	569.928065636
44	"1"	"1"	17	FALSE	-45	135	100	0	0	-395.979797464	395.979797464	0.00188302993774	-4	5	0.707106781187	6.36396103068
44	"1"	"1"	17	FALSE	-45	135	100	0	0	-395.979797464	395.979797464	0.0375959873199	-4	5	0.707106781187	6.36396103068
44	"1"	"1"	17	FALSE	-45	135	100	0	0	-395.979797464	395.979797464	0.0710229873657	-4	5	0.707106781187	6.36396103068
44	"1"	"1"	17	FALSE	-45	135	100	0	0	-395.979797464	395.979797464	0.104182958603	-4	5	0.707106781187	6.36396103068
44	"1"	"1"	17	FALSE	-45	135	100	0	0	-395.979797464	395.979797464	0.137685060501	-3	4	0.707106781187	4.94974746831
44	"1"	"1"	17	FALSE	-45	135	100	0	0	-395.979797464	395.979797464	0.170918941498	-1	3	1.41421356237	2.82842712475
44	"1"	"1"	17	FALSE	-45	135	100	0	0	-395.979797464	395.979797464	0.20429110527	-1	2	0.707106781187	2.12132034356
44	"1"	"1"	17	FALSE	-45	135	100	0	0	-395.979797464	395.979797464	0.237637996674	0	2	1.41421356237	1.41421356237
44	"1"	"1"	17	FALSE	-45	135	100	0	0	-395.979797464	395.979797464	0.270446062088	0	2	1.41421356237	1.41421356237
44	"1"	"1"	17	FALSE	-45	135	100	0	0	-395.979797464	395.979797464	0.304449081421	0	2	1.41421356237	1.41421356237
44	"1"	"1"	17	FALSE	-45	135	100	0	0	-395.979797464	395.979797464	0.337812900543	-3	3	0	4.24264068712
44	"1"	"1"	17	FALSE	-45	135	100	0	0	-395.979797464	395.979797464	0.370532989502	-24	7	-12.0208152802	21.9203102168
44	"1"	"1"	17	FALSE	-45	135	100	0	0	-395.979797464	395.979797464	0.404594898224	-56	10	-32.5269119346	46.6690475583
44	"1"	"1"	17	FALSE	-45	135	100	0	0	-395.979797464	395.979797464	0.437889099121	-86	14	-50.9116882454	70.7106781187
44	"1"	"1"	17	FALSE	-45	135	100	0	0	-395.979797464	395.979797464	0.471139907837	-117	18	-70.0035713375	95.4594154602
44	"1"	"1"	17	FALSE	-45	135	100	0	0	-395.979797464	395.979797464	0.504656076431	-161	23	-97.5807358037	130.107647738
44	"1"	"1"	17	FALSE	-45	135	100	0	0	-395.979797464	395.979797464	0.537991046906	-206	31	-123.743686708	167.584307141
44	"1"	"1"	17	FALSE	-45	135	100	0	0	-395.979797464	395.979797464	0.571325063705	-247	42	-144.956890143	204.353859763
44	"1"	"1"	17	FALSE	-45	135	100	0	0	-395.979797464	395.979797464	0.604177951813	-281	51	-162.634559673	234.759451354
44	"1"	"1"	17	FALSE	-45	135	100	0	0	-395.979797464	395.979797464	0.638089895248	-319	60	-183.140656327	267.99347007
44	"1"	"1"	17	FALSE	-45	135	100	0	0	-395.979797464	395.979797464	0.671458959579	-355	66	-204.353859763	297.69195488
44	"1"	"1"	17	FALSE	-45	135	100	0	0	-395.979797464	395.979797464	0.704241037369	-385	70	-222.738636074	321.73358544
44	"1"	"1"	17	FALSE	-45	135	100	0	0	-395.979797464	395.979797464	0.738180875778	-417	73	-243.244732728	346.482322781
44	"1"	"1"	17	FALSE	-45	135	100	0	0	-395.979797464	395.979797464	0.771509885788	-446	74	-263.043722601	367.695526217
44	"1"	"1"	17	FALSE	-45	135	100	0	0	-395.979797464	395.979797464	0.804790973663	-469	73	-280.01428535	383.251875403
44	"1"	"1"	17	FALSE	-45	135	100	0	0	-395.979797464	395.979797464	0.838236093521	-495	67	-302.641702348	397.394011027
44	"1"	"1"	17	FALSE	-45	135	100	0	0	-395.979797464	395.979797464	0.871643066406	-517	61	-322.440692221	408.707719526
44	"1"	"1"	17	FALSE	-45	135	100	0	0	-395.979797464	395.979797464	0.904287099838	-535	54	-340.118361751	416.485894119
44	"1"	"1"	17	FALSE	-45	135	100	0	0	-395.979797464	395.979797464	0.938354969025	-547	48	-352.846283812	420.728534806
44	"1"	"1"	17	FALSE	-45	135	100	0	0	-395.979797464	395.979797464	0.971721887589	-559	40	-366.988419436	423.556961931
44	"1"	"1"	17	FALSE	-45	135	100	0	0	-395.979797464	395.979797464	1.00464105606	-565	33	-376.180807591	422.84985515
44	"1"	"1"	17	FALSE	-45	135	100	0	0	-395.979797464	395.979797464	1.03841209412	-567	27	-381.837661841	420.021428025
44	"1"	"1"	17	FALSE	-45	135	100	0	0	-395.979797464	395.979797464	1.07175207138	-569	22	-386.787409309	417.900107681
44	"1"	"1"	17	FALSE	-45	135	100	0	0	-395.979797464	395.979797464	1.10508990288	-569	17	-390.322943215	414.364573775
44	"1"	"1"	17	FALSE	-45	135	100	0	0	-395.979797464	395.979797464	1.13851809502	-568	12	-393.15137034	410.121933088
44	"1"	"1"	17	FALSE	-45	135	100	0	0	-395.979797464	395.979797464	1.17177605629	-568	7	-396.686904246	406.586399182
44	"1"	"1"	17	FALSE	-45	135	100	0	0	-395.979797464	395.979797464	1.20510005951	-568	3	-399.51533137	403.757972058
44	"1"	"1"	17	FALSE	-45	135	100	0	0	-395.979797464	395.979797464	1.23787903786	-568	-2	-403.050865276	400.222438152
44	"1"	"1"	17	FALSE	-45	135	100	0	0	-395.979797464	395.979797464	1.27194595337	-567	-6	-405.17218562	396.686904246
44	"1"	"1"	17	FALSE	-45	135	100	0	0	-395.979797464	395.979797464	1.30510497093	-565	-10	-406.586399182	392.444263559
44	"1"	"1"	18	FALSE	-45	45	100	0	0	395.979797464	395.979797464	0.00211095809937	4	-4	0	-5.65685424949
44	"1"	"1"	18	FALSE	-45	45	100	0	0	395.979797464	395.979797464	0.0371820926666	4	-4	0	-5.65685424949
44	"1"	"1"	18	FALSE	-45	45	100	0	0	395.979797464	395.979797464	0.0706350803375	4	-4	0	-5.65685424949
44	"1"	"1"	18	FALSE	-45	45	100	0	0	395.979797464	395.979797464	0.103949069977	4	-4	0	-5.65685424949
44	"1"	"1"	18	FALSE	-45	45	100	0	0	395.979797464	395.979797464	0.137283086777	4	-4	0	-5.65685424949
44	"1"	"1"	18	FALSE	-45	45	100	0	0	395.979797464	395.979797464	0.170606136322	4	-4	0	-5.65685424949
44	"1"	"1"	18	FALSE	-45	45	100	0	0	395.979797464	395.979797464	0.204054117203	4	-4	0	-5.65685424949
44	"1"	"1"	18	FALSE	-45	45	100	0	0	395.979797464	395.979797464	0.237210988998	3	-3	0	-4.24264068712
44	"1"	"1"	18	FALSE	-45	45	100	0	0	395.979797464	395.979797464	0.270086050034	1	0	0.707106781187	-0.707106781187
44	"1"	"1"	18	FALSE	-45	45	100	0	0	395.979797464	395.979797464	0.304083108902	-1	5	2.82842712475	4.24264068712
44	"1"	"1"	18	FALSE	-45	45	100	0	0	395.979797464	395.979797464	0.337474107742	-1	13	8.48528137424	9.89949493661
44	"1"	"1"	18	FALSE	-45	45	100	0	0	395.979797464	395.979797464	0.37077999115	5	31	25.4558441227	18.3847763109
44	"1"	"1"	18	FALSE	-45	45	100	0	0	395.979797464	395.979797464	0.403862953186	16	61	54.4472221514	31.8198051534
44	"1"	"1"	18	FALSE	-45	45	100	0	0	395.979797464	395.979797464	0.437278032303	26	86	79.1959594929	42.4264068712
44	"1"	"1"	18	FALSE	-45	45	100	0	0	395.979797464	395.979797464	0.470878124237	37	120	111.015764646	58.6898628385
44	"1"	"1"	18	FALSE	-45	45	100	0	0	395.979797464	395.979797464	0.504245042801	41	148	133.643181644	75.660425587
44	"1"	"1"	18	FALSE	-45	45	100	0	0	395.979797464	395.979797464	0.537145137787	46	182	161.220346111	96.1665222414
44	"1"	"1"	18	FALSE	-45	45	100	0	0	395.979797464	395.979797464	0.570904970169	51	213	186.676190233	114.551298552
44	"1"	"1"	18	FALSE	-45	45	100	0	0	395.979797464	395.979797464	0.604372024536	54	246	212.132034356	135.764501988
44	"1"	"1"	18	FALSE	-45	45	100	0	0	395.979797464	395.979797464	0.63761305809	56	275	234.052344573	154.85638508
44	"1"	"1"	18	FALSE	-45	45	100	0	0	395.979797464	395.979797464	0.670899152756	56	301	252.437120884	173.241161391
44	"1"	"1"	18	FALSE	-45	45	100	0	0	395.979797464	395.979797464	0.704033136368	52	333	272.236110757	198.697005513
44	"1"	"1"	18	FALSE	-45	45	100	0	0	395.979797464	395.979797464	0.7377409935	48	357	286.378246381	218.495995387
44	"1"	"1"	18	FALSE	-45	45	100	0	0	395.979797464	395.979797464	0.771167993546	45	379	299.813275223	236.173664916
44	"1"	"1"	18	FALSE	-45	45	100	0	0	395.979797464	395.979797464	0.804344177246	42	400	312.541197284	253.144227665
44	"1"	"1"	18	FALSE	-45	45	100	0	0	395.979797464	395.979797464	0.837743997574	39	421	325.269119346	270.114790413
44	"1"	"1"	18	FALSE	-45	45	100	0	0	395.979797464	395.979797464	0.871277093887	38	434	333.75440072	280.01428535
44	"1"	"1"	18	FALSE	-45	45	100	0	0	395.979797464	395.979797464	0.904500007629	37	445	340.825468532	288.499566724
44	"1"	"1"	18	FALSE	-45	45	100	0	0	395.979797464	395.979797464	0.937915086746	37	460	351.43207025	299.106168442
44	"1"	"1"	18	FALSE	-45	45	100	0	0	395.979797464	395.979797464	0.971189975739	37	476	362.745778749	310.419876941
44	"1"	"1"	18	FALSE	-45	45	100	0	0	395.979797464	395.979797464	1.00465202332	37	493	374.766594029	322.440692221
44	"1"	"1"	18	FALSE	-45	45	100	0	0	395.979797464	395.979797464	1.03793215752	36	509	385.373195747	334.461507501
44	"1"	"1"	18	FALSE	-45	45	100	0	0	395.979797464	395.979797464	1.071352005	35	521	393.15137034	343.653895657
44	"1"	"1"	18	FALSE	-45	45	100	0	0	395.979797464	395.979797464	1.10473704338	32	533	399.51533137	354.260497374
44	"1"	"1"	18	FALSE	-45	45	100	0	0	395.979797464	395.979797464	1.13806509972	26	544	403.050865276	366.281312655
44	"1"	"1"	18	FALSE	-45	45	100	0	0	395.979797464	395.979797464	1.17157196999	21	552	405.17218562	375.47370081
44	"1"	"1"	18	FALSE	-45	45	100	0	0	395.979797464	395.979797464	1.20475411415	17	559	407.293505963	383.251875403
44	"1"	"1"	18	FALSE	-45	45	100	0	0	395.979797464	395.979797464	1.23814606667	15	561	407.293505963	386.080302528
44	"1"	"1"	18	FALSE	-45	45	100	0	0	395.979797464	395.979797464	1.27133798599	13	563	407.293505963	388.908729653
44	"1"	"1"	18	FALSE	-45	45	100	0	0	395.979797464	395.979797464	1.30486512184	8	565	405.17218562	393.858477121
44	"1"	"1"	18	FALSE	-45	45	100	0	0	395.979797464	395.979797464	1.33824396133	0	568	401.636651714	401.636651714
44	"1"	"1"	18	FALSE	-45	45	100	0	0	395.979797464	395.979797464	1.3712580204	-4	569	399.51533137	405.17218562
44	"1"	"1"	18	FALSE	-45	45	100	0	0	395.979797464	395.979797464	1.40491104126	-5	570	399.51533137	406.586399182
44	"1"	"1"	19	FALSE	-45	135	100	0	0	-395.979797464	395.979797464	0.0020170211792	-3	2	-0.707106781187	3.53553390593
44	"1"	"1"	19	FALSE	-45	135	100	0	0	-395.979797464	395.979797464	0.0370559692383	-3	2	-0.707106781187	3.53553390593
44	"1"	"1"	19	FALSE	-45	135	100	0	0	-395.979797464	395.979797464	0.0703909397125	-1	0	-0.707106781187	0.707106781187
44	"1"	"1"	19	FALSE	-45	135	100	0	0	-395.979797464	395.979797464	0.103760957718	0	-1	-0.707106781187	-0.707106781187
44	"1"	"1"	19	FALSE	-45	135	100	0	0	-395.979797464	395.979797464	0.137132883072	0	-2	-1.41421356237	-1.41421356237
44	"1"	"1"	19	FALSE	-45	135	100	0	0	-395.979797464	395.979797464	0.170448064804	0	-2	-1.41421356237	-1.41421356237
44	"1"	"1"	19	FALSE	-45	135	100	0	0	-395.979797464	395.979797464	0.203861951828	0	-2	-1.41421356237	-1.41421356237
44	"1"	"1"	19	FALSE	-45	135	100	0	0	-395.979797464	395.979797464	0.237185001373	0	-2	-1.41421356237	-1.41421356237
44	"1"	"1"	19	FALSE	-45	135	100	0	0	-395.979797464	395.979797464	0.270484924316	-1	1	0	1.41421356237
44	"1"	"1"	19	FALSE	-45	135	100	0	0	-395.979797464	395.979797464	0.303549051285	-9	13	2.82842712475	15.5563491861
44	"1"	"1"	19	FALSE	-45	135	100	0	0	-395.979797464	395.979797464	0.337199926376	-28	31	2.12132034356	41.71930009
44	"1"	"1"	19	FALSE	-45	135	100	0	0	-395.979797464	395.979797464	0.370558977127	-54	50	-2.82842712475	73.5391052434
44	"1"	"1"	19	FALSE	-45	135	100	0	0	-395.979797464	395.979797464	0.403998851776	-86	66	-14.1421356237	107.48023074
44	"1"	"1"	19	FALSE	-45	135	100	0	0	-395.979797464	395.979797464	0.436785936356	-120	81	-27.5771644663	142.128463018
44	"1"	"1"	19	FALSE	-45	135	100	0	0	-395.979797464	395.979797464	0.470788955688	-172	94	-55.1543289326	188.090403796
44	"1"	"1"	19	FALSE	-45	135	100	0	0	-395.979797464	395.979797464	0.504065036774	-211	103	-76.3675323681	222.031529293
44	"1"	"1"	19	FALSE	-45	135	100	0	0	-395.979797464	395.979797464	0.537364959717	-260	109	-106.773123959	260.922402258
44	"1"	"1"	19	FALSE	-45	135	100	0	0	-395.979797464	395.979797464	0.57047700882	-303	111	-135.764501988	292.742207411
44	"1"	"1"	19	FALSE	-45	135	100	0	0	-395.979797464	395.979797464	0.603543043137	-351	111	-169.705627485	326.683332908
44	"1"	"1"	19	FALSE	-45	135	100	0	0	-395.979797464	395.979797464	0.637362957001	-394	111	-200.111219076	357.088924499
44	"1"	"1"	19	FALSE	-45	135	100	0	0	-395.979797464	395.979797464	0.670876026154	-428	107	-226.981276761	378.302127935
44	"1"	"1"	19	FALSE	-45	135	100	0	0	-395.979797464	395.979797464	0.703997850418	-464	98	-258.801081914	397.394011027
44	"1"	"1"	19	FALSE	-45	135	100	0	0	-395.979797464	395.979797464	0.737520933151	-497	90	-287.792459943	415.071680557
44	"1"	"1"	19	FALSE	-45	135	100	0	0	-395.979797464	395.979797464	0.770603895187	-525	80	-314.662517628	427.799602618
44	"1"	"1"	19	FALSE	-45	135	100	0	0	-395.979797464	395.979797464	0.804301023483	-544	71	-334.461507501	434.87067043
44	"1"	"1"	19	FALSE	-45	135	100	0	0	-395.979797464	395.979797464	0.837637901306	-560	63	-351.43207025	440.527524679
44	"1"	"1"	19	FALSE	-45	135	100	0	0	-395.979797464	395.979797464	0.870874881744	-574	54	-367.695526217	444.063058585
44	"1"	"1"	19	FALSE	-45	135	100	0	0	-395.979797464	395.979797464	0.904299020767	-581	47	-377.595021154	444.063058585
44	"1"	"1"	19	FALSE	-45	135	100	0	0	-395.979797464	395.979797464	0.937742948532	-584	41	-383.958982184	441.941738242
44	"1"	"1"	19	FALSE	-45	135	100	0	0	-395.979797464	395.979797464	0.971050024033	-585	36	-388.201622871	439.113311117
44	"1"	"1"	19	FALSE	-45	135	100	0	0	-395.979797464	395.979797464	1.00418400764	-582	31	-389.615836434	433.456456867
44	"1"	"1"	19	FALSE	-45	135	100	0	0	-395.979797464	395.979797464	1.03785896301	-576	25	-389.615836434	424.971175493
44	"1"	"1"	19	FALSE	-45	135	100	0	0	-395.979797464	395.979797464	1.07111096382	-572	21	-389.615836434	419.314321244
44	"1"	"1"	19	FALSE	-45	135	100	0	0	-395.979797464	395.979797464	1.10404586792	-569	17	-390.322943215	414.364573775
44	"1"	"1"	19	FALSE	-45	135	100	0	0	-395.979797464	395.979797464	1.13723087311	-565	15	-388.908729653	410.121933088
44	"1"	"1"	19	FALSE	-45	135	100	0	0	-395.979797464	395.979797464	1.1705789566	-558	12	-386.080302528	403.050865276
44	"1"	"1"	19	FALSE	-45	135	100	0	0	-395.979797464	395.979797464	1.20398187637	-552	8	-384.666088965	395.979797464
44	"1"	"1"	19	FALSE	-45	135	100	0	0	-395.979797464	395.979797464	1.23787999153	-549	6	-383.958982184	392.444263559
44	"1"	"1"	20	FALSE	-45	45	100	0	0	395.979797464	395.979797464	0.00171399116516	-4	-4	-5.65685424949	0
44	"1"	"1"	20	FALSE	-45	45	100	0	0	395.979797464	395.979797464	0.0375671386719	-4	-4	-5.65685424949	0
44	"1"	"1"	20	FALSE	-45	45	100	0	0	395.979797464	395.979797464	0.0709021091461	-4	-4	-5.65685424949	0
44	"1"	"1"	20	FALSE	-45	45	100	0	0	395.979797464	395.979797464	0.104187011719	-4	-4	-5.65685424949	0
44	"1"	"1"	20	FALSE	-45	45	100	0	0	395.979797464	395.979797464	0.137295007706	-4	-4	-5.65685424949	0
44	"1"	"1"	20	FALSE	-45	45	100	0	0	395.979797464	395.979797464	0.17089509964	-4	-4	-5.65685424949	0
44	"1"	"1"	20	FALSE	-45	45	100	0	0	395.979797464	395.979797464	0.204219102859	-4	-4	-5.65685424949	0
44	"1"	"1"	20	FALSE	-45	45	100	0	0	395.979797464	395.979797464	0.23762011528	-4	-4	-5.65685424949	0
44	"1"	"1"	20	FALSE	-45	45	100	0	0	395.979797464	395.979797464	0.270893096924	-4	-4	-5.65685424949	0
44	"1"	"1"	20	FALSE	-45	45	100	0	0	395.979797464	395.979797464	0.303696155548	-4	-4	-5.65685424949	0
44	"1"	"1"	20	FALSE	-45	45	100	0	0	395.979797464	395.979797464	0.337692022324	-3	-1	-2.82842712475	1.41421356237
44	"1"	"1"	20	FALSE	-45	45	100	0	0	395.979797464	395.979797464	0.371127128601	0	7	4.94974746831	4.94974746831
44	"1"	"1"	20	FALSE	-45	45	100	0	0	395.979797464	395.979797464	0.40435218811	6	27	23.3345237792	14.8492424049
44	"1"	"1"	20	FALSE	-45	45	100	0	0	395.979797464	395.979797464	0.437435150146	13	58	50.2045814642	31.8198051534
44	"1"	"1"	20	FALSE	-45	45	100	0	0	395.979797464	395.979797464	0.471150159836	19	89	76.3675323681	49.4974746831
44	"1"	"1"	20	FALSE	-45	45	100	0	0	395.979797464	395.979797464	0.504410028458	29	129	111.722871427	70.7106781187
44	"1"	"1"	20	FALSE	-45	45	100	0	0	395.979797464	395.979797464	0.537337064743	38	164	142.8355698	89.0954544295
44	"1"	"1"	20	FALSE	-45	45	100	0	0	395.979797464	395.979797464	0.571165084839	48	205	178.89801564	111.015764646
44	"1"	"1"	20	FALSE	-45	45	100	0	0	395.979797464	395.979797464	0.604293107986	55	243	210.717820794	132.936074863
44	"1"	"1"	20	FALSE	-45	45	100	0	0	395.979797464	395.979797464	0.637986183167	62	274	237.587878479	149.906637612
44	"1"	"1"	20	FALSE	-45	45	100	0	0	395.979797464	395.979797464	0.671357154846	65	298	256.679761571	164.755880016
44	"1"	"1"	20	FALSE	-45	45	100	0	0	395.979797464	395.979797464	0.704452037811	66	318	271.529003976	178.190908859
44	"1"	"1"	20	FALSE	-45	45	100	0	0	395.979797464	395.979797464	0.73801612854	66	343	289.206673505	195.868578389
44	"1"	"1"	20	FALSE	-45	45	100	0	0	395.979797464	395.979797464	0.771027088165	65	362	301.934595567	210.010714012
44	"1"	"1"	20	FALSE	-45	45	100	0	0	395.979797464	395.979797464	0.804808139801	60	383	313.248304066	228.395490323
44	"1"	"1"	20	FALSE	-45	45	100	0	0	395.979797464	395.979797464	0.83801817894	55	403	323.854905783	246.073159853
44	"1"	"1"	20	FALSE	-45	45	100	0	0	395.979797464	395.979797464	0.871001958847	50	419	331.633080376	260.922402258
44	"1"	"1"	20	FALSE	-45	45	100	0	0	395.979797464	395.979797464	0.904237985611	46	434	339.41125497	274.3574311
44	"1"	"1"	20	FALSE	-45	45	100	0	0	395.979797464	395.979797464	0.937627077103	43	450	348.603643125	287.792459943
44	"1"	"1"	20	FALSE	-45	45	100	0	0	395.979797464	395.979797464	0.971429109573	39	468	358.503138062	303.348809129
44	"1"	"1"	20	FALSE	-45	45	100	0	0	395.979797464	395.979797464	1.00477600098	34	487	368.402632998	320.319371878
44	"1"	"1"	20	FALSE	-45	45	100	0	0	395.979797464	395.979797464	1.03763818741	32	500	376.180807591	330.925973595
44	"1"	"1"	20	FALSE	-45	45	100	0	0	395.979797464	395.979797464	1.07159614563	30	512	383.251875403	340.825468532
44	"1"	"1"	20	FALSE	-45	45	100	0	0	395.979797464	395.979797464	1.10499000549	29	519	387.49451609	346.482322781
44	"1"	"1"	20	FALSE	-45	45	100	0	0	395.979797464	395.979797464	1.13779902458	28	526	391.737156777	352.139177031
44	"1"	"1"	20	FALSE	-45	45	100	0	0	395.979797464	395.979797464	1.17167210579	26	532	394.565583902	357.79603128
44	"1"	"1"	20	FALSE	-45	45	100	0	0	395.979797464	395.979797464	1.20519304276	24	541	399.51533137	365.574205873
44	"1"	"1"	20	FALSE	-45	45	100	0	0	395.979797464	395.979797464	1.23838996887	22	549	403.757972058	372.645273685
44	"1"	"1"	20	FALSE	-45	45	100	0	0	395.979797464	395.979797464	1.27175617218	21	554	406.586399182	376.887914372
44	"1"	"1"	20	FALSE	-45	45	100	0	0	395.979797464	395.979797464	1.30448508263	19	558	408.000612745	381.13055506
44	"1"	"1"	20	FALSE	-45	45	100	0	0	395.979797464	395.979797464	1.33848905563	19	559	408.707719526	381.837661841
44	"1"	"1"	20	FALSE	-45	45	100	0	0	395.979797464	395.979797464	1.37184810638	19	559	408.707719526	381.837661841
44	"1"	"1"	20	FALSE	-45	45	100	0	0	395.979797464	395.979797464	1.40454316139	17	560	408.000612745	383.958982184
44	"1"	"1"	20	FALSE	-45	45	100	0	0	395.979797464	395.979797464	1.43844509125	15	562	408.000612745	386.787409309
44	"1"	"1"	20	FALSE	-45	45	100	0	0	395.979797464	395.979797464	1.47174310684	13	564	408.000612745	389.615836434
44	"1"	"1"	21	FALSE	-45	90	100	0	0	3.42901103761e-14	560	0.0019428730011	3	-2	0.707106781187	-3.53553390593
44	"1"	"1"	21	FALSE	-45	90	100	0	0	3.42901103761e-14	560	0.0374729633331	3	-2	0.707106781187	-3.53553390593
44	"1"	"1"	21	FALSE	-45	90	100	0	0	3.42901103761e-14	560	0.0708470344543	3	-2	0.707106781187	-3.53553390593
44	"1"	"1"	21	FALSE	-45	90	100	0	0	3.42901103761e-14	560	0.103502988815	3	-2	0.707106781187	-3.53553390593
44	"1"	"1"	21	FALSE	-45	90	100	0	0	3.42901103761e-14	560	0.137490034103	3	-2	0.707106781187	-3.53553390593
44	"1"	"1"	21	FALSE	-45	90	100	0	0	3.42901103761e-14	560	0.170928955078	3	-2	0.707106781187	-3.53553390593
44	"1"	"1"	21	FALSE	-45	90	100	0	0	3.42901103761e-14	560	0.20400094986	3	-2	0.707106781187	-3.53553390593
44	"1"	"1"	21	FALSE	-45	90	100	0	0	3.42901103761e-14	560	0.237341880798	3	-2	0.707106781187	-3.53553390593
44	"1"	"1"	21	FALSE	-45	90	100	0	0	3.42901103761e-14	560	0.270792007446	3	-2	0.707106781187	-3.53553390593
44	"1"	"1"	21	FALSE	-45	90	100	0	0	3.42901103761e-14	560	0.303878068924	0	2	1.41421356237	1.41421356237
44	"1"	"1"	21	FALSE	-45	90	100	0	0	3.42901103761e-14	560	0.337769031525	-11	14	2.12132034356	17.6776695297
44	"1"	"1"	21	FALSE	-45	90	100	0	0	3.42901103761e-14	560	0.371234893799	-29	34	3.53553390593	44.5477272148
44	"1"	"1"	21	FALSE	-45	90	100	0	0	3.42901103761e-14	560	0.404062986374	-45	57	8.48528137424	72.124891681
44	"1"	"1"	21	FALSE	-45	90	100	0	0	3.42901103761e-14	560	0.437702894211	-66	86	14.1421356237	107.48023074
44	"1"	"1"	21	FALSE	-45	90	100	0	0	3.42901103761e-14	560	0.470530033112	-88	114	18.3847763109	142.8355698
44	"1"	"1"	21	FALSE	-45	90	100	0	0	3.42901103761e-14	560	0.504550933838	-114	149	24.7487373415	185.969083452
44	"1"	"1"	21	FALSE	-45	90	100	0	0	3.42901103761e-14	560	0.537868976593	-142	184	29.6984848098	230.516810667
44	"1"	"1"	21	FALSE	-45	90	100	0	0	3.42901103761e-14	560	0.571173906326	-171	219	33.941125497	275.771644663
44	"1"	"1"	21	FALSE	-45	90	100	0	0	3.42901103761e-14	560	0.604009866714	-190	250	42.4264068712	311.126983722
44	"1"	"1"	21	FALSE	-45	90	100	0	0	3.42901103761e-14	560	0.638015985489	-205	271	46.6690475583	336.582827845
44	"1"	"1"	21	FALSE	-45	90	100	0	0	3.42901103761e-14	560	0.67133307457	-223	292	48.7903679019	364.159992311
44	"1"	"1"	21	FALSE	-45	90	100	0	0	3.42901103761e-14	560	0.704735994339	-240	312	50.9116882454	390.322943215
44	"1"	"1"	21	FALSE	-45	90	100	0	0	3.42901103761e-14	560	0.738000869751	-251	323	50.9116882454	405.879292401
44	"1"	"1"	21	FALSE	-45	90	100	0	0	3.42901103761e-14	560	0.771365880966	-265	338	51.6187950266	426.385389055
44	"1"	"1"	21	FALSE	-45	90	100	0	0	3.42901103761e-14	560	0.804240942001	-277	348	50.2045814642	441.941738242
44	"1"	"1"	21	FALSE	-45	90	100	0	0	3.42901103761e-14	560	0.838057041168	-294	360	46.6690475583	462.447834896
44	"1"	"1"	21	FALSE	-45	90	100	0	0	3.42901103761e-14	560	0.871399879456	-306	367	43.1335136524	475.882863739
44	"1"	"1"	21	FALSE	-45	90	100	0	0	3.42901103761e-14	560	0.904396057129	-321	373	36.7695526217	490.732106143
44	"1"	"1"	21	FALSE	-45	90	100	0	0	3.42901103761e-14	560	0.938091039658	-338	376	26.8700576851	504.874241767
44	"1"	"1"	21	FALSE	-45	90	100	0	0	3.42901103761e-14	560	0.971437931061	-352	379	19.091883092	516.895057047
44	"1"	"1"	21	FALSE	-45	90	100	0	0	3.42901103761e-14	560	1.00444889069	-367	382	10.6066017178	529.622979109
44	"1"	"1"	21	FALSE	-45	90	100	0	0	3.42901103761e-14	560	1.03806090355	-376	386	7.07106781187	538.815367264
44	"1"	"1"	21	FALSE	-45	90	100	0	0	3.42901103761e-14	560	1.07097887993	-384	389	3.53553390593	546.593541857
44	"1"	"1"	21	FALSE	-45	90	100	0	0	3.42901103761e-14	560	1.10491490364	-388	392	2.82842712475	551.543289326
44	"1"	"1"	21	FALSE	-45	90	100	0	0	3.42901103761e-14	560	1.13843894005	-391	394	2.12132034356	555.078823231
44	"1"	"1"	21	FALSE	-45	90	100	0	0	3.42901103761e-14	560	1.17162704468	-394	397	2.12132034356	559.321463919
44	"1"	"1"	21	FALSE	-45	90	100	0	0	3.42901103761e-14	560	1.20474004745	-395	399	2.82842712475	561.442784262
44	"1"	"1"	21	FALSE	-45	90	100	0	0	3.42901103761e-14	560	1.23836302757	-396	401	3.53553390593	563.564104606
