"task_num"	"task_name"	"trial_type"	"trial_num"	"terminalfeedback_bool"	"rotation_angle"	"targetangle_deg"	"targetdistance_percmax"	"homex_px"	"homey_px"	"targetx_px"	"targety_px"	"time_s"	"mousex_px"	"mousey_px"	"cursorx_px"	"cursory_px"
"4604"	9	1	1	1	0	0	135	100	0	0	-395.979797464	395.979797464	1550168452.51	-12	-7	-12	-7
"4605"	9	1	1	1	0	0	135	100	0	0	-395.979797464	395.979797464	1550168452.54	-12	-7	-12	-7
"4606"	9	1	1	1	0	0	135	100	0	0	-395.979797464	395.979797464	1550168452.58	-12	-7	-12	-7
"4607"	9	1	1	1	0	0	135	100	0	0	-395.979797464	395.979797464	1550168452.61	-10	-6	-10	-6
"4608"	9	1	1	1	0	0	135	100	0	0	-395.979797464	395.979797464	1550168452.64	-4	-3	-4	-3
"4609"	9	1	1	1	0	0	135	100	0	0	-395.979797464	395.979797464	1550168452.68	2	0	2	0
"4610"	9	1	1	1	0	0	135	100	0	0	-395.979797464	395.979797464	1550168452.71	3	0	3	0
"4611"	9	1	1	1	0	0	135	100	0	0	-395.979797464	395.979797464	1550168452.74	3	0	3	0
"4612"	9	1	1	1	0	0	135	100	0	0	-395.979797464	395.979797464	1550168452.78	2	-1	2	-1
"4613"	9	1	1	1	0	0	135	100	0	0	-395.979797464	395.979797464	1550168452.81	1	-1	1	-1
"4614"	9	1	1	1	0	0	135	100	0	0	-395.979797464	395.979797464	1550168452.84	-1	-2	-1	-2
"4615"	9	1	1	1	0	0	135	100	0	0	-395.979797464	395.979797464	1550168452.88	-2	-3	-2	-3
"4616"	9	1	1	1	0	0	135	100	0	0	-395.979797464	395.979797464	1550168452.91	-4	-3	-4	-3
"4617"	9	1	1	1	0	0	135	100	0	0	-395.979797464	395.979797464	1550168452.94	-5	-4	-5	-4
"4618"	9	1	1	1	0	0	135	100	0	0	-395.979797464	395.979797464	1550168452.98	-5	-4	-5	-4
"4619"	9	1	1	1	0	0	135	100	0	0	-395.979797464	395.979797464	1550168453.01	-8	-2	-8	-2
"4620"	9	1	1	1	0	0	135	100	0	0	-395.979797464	395.979797464	1550168453.04	-18	7	-18	7
"4621"	9	1	1	1	0	0	135	100	0	0	-395.979797464	395.979797464	1550168453.08	-40	33	-40	33
"4622"	9	1	1	1	0	0	135	100	0	0	-395.979797464	395.979797464	1550168453.11	-65	64	-65	64
"4623"	9	1	1	1	0	0	135	100	0	0	-395.979797464	395.979797464	1550168453.14	-87	90	-87	90
"4624"	9	1	1	1	0	0	135	100	0	0	-395.979797464	395.979797464	1550168453.18	-110	114	-110	114
"4625"	9	1	1	1	0	0	135	100	0	0	-395.979797464	395.979797464	1550168453.21	-132	136	-132	136
"4626"	9	1	1	1	0	0	135	100	0	0	-395.979797464	395.979797464	1550168453.24	-151	156	-151	156
"4627"	9	1	1	1	0	0	135	100	0	0	-395.979797464	395.979797464	1550168453.28	-174	178	-174	178
"4628"	9	1	1	1	0	0	135	100	0	0	-395.979797464	395.979797464	1550168453.31	-193	198	-193	198
"4629"	9	1	1	1	0	0	135	100	0	0	-395.979797464	395.979797464	1550168453.34	-217	226	-217	226
"4630"	9	1	1	1	0	0	135	100	0	0	-395.979797464	395.979797464	1550168453.38	-232	245	-232	245
"4631"	9	1	1	1	0	0	135	100	0	0	-395.979797464	395.979797464	1550168453.41	-249	266	-249	266
"4632"	9	1	1	1	0	0	135	100	0	0	-395.979797464	395.979797464	1550168453.44	-264	280	-264	280
"4633"	9	1	1	1	0	0	135	100	0	0	-395.979797464	395.979797464	1550168453.48	-278	290	-278	290
"4634"	9	1	1	1	0	0	135	100	0	0	-395.979797464	395.979797464	1550168453.51	-295	300	-295	300
"4635"	9	1	1	1	0	0	135	100	0	0	-395.979797464	395.979797464	1550168453.54	-311	308	-311	308
"4636"	9	1	1	1	0	0	135	100	0	0	-395.979797464	395.979797464	1550168453.58	-334	322	-334	322
"4637"	9	1	1	1	0	0	135	100	0	0	-395.979797464	395.979797464	1550168453.61	-347	332	-347	332
"4638"	9	1	1	1	0	0	135	100	0	0	-395.979797464	395.979797464	1550168453.64	-357	346	-357	346
"4639"	9	1	1	1	0	0	135	100	0	0	-395.979797464	395.979797464	1550168453.68	-367	359	-367	359
"4640"	9	1	1	1	0	0	135	100	0	0	-395.979797464	395.979797464	1550168453.71	-373	368	-373	368
"4641"	9	1	1	1	0	0	135	100	0	0	-395.979797464	395.979797464	1550168453.74	-380	376	-380	376
"4642"	9	1	1	1	0	0	135	100	0	0	-395.979797464	395.979797464	1550168453.78	-386	382	-386	382
"4643"	9	1	1	1	0	0	135	100	0	0	-395.979797464	395.979797464	1550168453.81	-390	385	-390	385
"4644"	9	1	1	1	0	0	135	100	0	0	-395.979797464	395.979797464	1550168453.84	-393	389	-393	389
"4645"	9	1	1	1	0	0	135	100	0	0	-395.979797464	395.979797464	1550168453.88	-396	393	-396	393
"4646"	9	1	1	1	0	0	135	100	0	0	-395.979797464	395.979797464	1550168453.91	-399	398	-399	398
"4647"	9	1	1	1	0	0	135	100	0	0	-395.979797464	395.979797464	1550168453.94	-400	400	-400	400
"4648"	9	1	1	1	0	0	135	100	0	0	-395.979797464	395.979797464	1550168453.98	-402	401	-402	401
"4649"	9	1	1	2	0	0	45	100	0	0	395.979797464	395.979797464	1550168455.32	-5	5	-5	5
"4650"	9	1	1	2	0	0	45	100	0	0	395.979797464	395.979797464	1550168455.35	-5	5	-5	5
"4651"	9	1	1	2	0	0	45	100	0	0	395.979797464	395.979797464	1550168455.38	-3	4	-3	4
"4652"	9	1	1	2	0	0	45	100	0	0	395.979797464	395.979797464	1550168455.41	-1	4	-1	4
"4653"	9	1	1	2	0	0	45	100	0	0	395.979797464	395.979797464	1550168455.45	4	4	4	4
"4654"	9	1	1	2	0	0	45	100	0	0	395.979797464	395.979797464	1550168455.48	7	4	7	4
"4655"	9	1	1	2	0	0	45	100	0	0	395.979797464	395.979797464	1550168455.51	7	4	7	4
"4656"	9	1	1	2	0	0	45	100	0	0	395.979797464	395.979797464	1550168455.55	7	4	7	4
"4657"	9	1	1	2	0	0	45	100	0	0	395.979797464	395.979797464	1550168455.58	7	4	7	4
"4658"	9	1	1	2	0	0	45	100	0	0	395.979797464	395.979797464	1550168455.61	7	5	7	5
"4659"	9	1	1	2	0	0	45	100	0	0	395.979797464	395.979797464	1550168455.65	7	5	7	5
"4660"	9	1	1	2	0	0	45	100	0	0	395.979797464	395.979797464	1550168455.68	7	5	7	5
"4661"	9	1	1	2	0	0	45	100	0	0	395.979797464	395.979797464	1550168455.71	7	7	7	7
"4662"	9	1	1	2	0	0	45	100	0	0	395.979797464	395.979797464	1550168455.75	10	17	10	17
"4663"	9	1	1	2	0	0	45	100	0	0	395.979797464	395.979797464	1550168455.78	27	53	27	53
"4664"	9	1	1	2	0	0	45	100	0	0	395.979797464	395.979797464	1550168455.81	57	96	57	96
"4665"	9	1	1	2	0	0	45	100	0	0	395.979797464	395.979797464	1550168455.85	99	141	99	141
"4666"	9	1	1	2	0	0	45	100	0	0	395.979797464	395.979797464	1550168455.88	149	186	149	186
"4667"	9	1	1	2	0	0	45	100	0	0	395.979797464	395.979797464	1550168455.91	192	221	192	221
"4668"	9	1	1	2	0	0	45	100	0	0	395.979797464	395.979797464	1550168455.95	234	252	234	252
"4669"	9	1	1	2	0	0	45	100	0	0	395.979797464	395.979797464	1550168455.98	256	270	256	270
"4670"	9	1	1	2	0	0	45	100	0	0	395.979797464	395.979797464	1550168456.01	270	284	270	284
"4671"	9	1	1	2	0	0	45	100	0	0	395.979797464	395.979797464	1550168456.05	280	295	280	295
"4672"	9	1	1	2	0	0	45	100	0	0	395.979797464	395.979797464	1550168456.08	285	301	285	301
"4673"	9	1	1	2	0	0	45	100	0	0	395.979797464	395.979797464	1550168456.11	294	310	294	310
"4674"	9	1	1	2	0	0	45	100	0	0	395.979797464	395.979797464	1550168456.15	308	319	308	319
"4675"	9	1	1	2	0	0	45	100	0	0	395.979797464	395.979797464	1550168456.18	323	328	323	328
"4676"	9	1	1	2	0	0	45	100	0	0	395.979797464	395.979797464	1550168456.21	335	333	335	333
"4677"	9	1	1	2	0	0	45	100	0	0	395.979797464	395.979797464	1550168456.25	348	340	348	340
"4678"	9	1	1	2	0	0	45	100	0	0	395.979797464	395.979797464	1550168456.28	359	349	359	349
"4679"	9	1	1	2	0	0	45	100	0	0	395.979797464	395.979797464	1550168456.31	364	356	364	356
"4680"	9	1	1	2	0	0	45	100	0	0	395.979797464	395.979797464	1550168456.35	369	363	369	363
"4681"	9	1	1	2	0	0	45	100	0	0	395.979797464	395.979797464	1550168456.38	371	368	371	368
"4682"	9	1	1	2	0	0	45	100	0	0	395.979797464	395.979797464	1550168456.41	373	373	373	373
"4683"	9	1	1	2	0	0	45	100	0	0	395.979797464	395.979797464	1550168456.45	378	380	378	380
"4684"	9	1	1	2	0	0	45	100	0	0	395.979797464	395.979797464	1550168456.48	384	384	384	384
"4685"	9	1	1	2	0	0	45	100	0	0	395.979797464	395.979797464	1550168456.51	391	388	391	388
"4686"	9	1	1	2	0	0	45	100	0	0	395.979797464	395.979797464	1550168456.55	393	391	393	391
"4687"	9	1	1	2	0	0	45	100	0	0	395.979797464	395.979797464	1550168456.58	395	395	395	395
"4688"	9	1	1	2	0	0	45	100	0	0	395.979797464	395.979797464	1550168456.61	395	397	395	397
"4689"	9	1	1	3	0	0	90	100	0	0	3.42901103761e-14	560	1550168457.89	4	7	4	7
"4690"	9	1	1	3	0	0	90	100	0	0	3.42901103761e-14	560	1550168457.91	4	7	4	7
"4691"	9	1	1	3	0	0	90	100	0	0	3.42901103761e-14	560	1550168457.95	4	7	4	7
"4692"	9	1	1	3	0	0	90	100	0	0	3.42901103761e-14	560	1550168457.98	4	7	4	7
"4693"	9	1	1	3	0	0	90	100	0	0	3.42901103761e-14	560	1550168458.01	4	5	4	5
"4694"	9	1	1	3	0	0	90	100	0	0	3.42901103761e-14	560	1550168458.05	4	4	4	4
"4695"	9	1	1	3	0	0	90	100	0	0	3.42901103761e-14	560	1550168458.08	2	2	2	2
"4696"	9	1	1	3	0	0	90	100	0	0	3.42901103761e-14	560	1550168458.11	-1	1	-1	1
"4697"	9	1	1	3	0	0	90	100	0	0	3.42901103761e-14	560	1550168458.15	-2	0	-2	0
"4698"	9	1	1	3	0	0	90	100	0	0	3.42901103761e-14	560	1550168458.18	-2	0	-2	0
"4699"	9	1	1	3	0	0	90	100	0	0	3.42901103761e-14	560	1550168458.21	-2	0	-2	0
"4700"	9	1	1	3	0	0	90	100	0	0	3.42901103761e-14	560	1550168458.25	-2	0	-2	0
"4701"	9	1	1	3	0	0	90	100	0	0	3.42901103761e-14	560	1550168458.28	-1	3	-1	3
"4702"	9	1	1	3	0	0	90	100	0	0	3.42901103761e-14	560	1550168458.31	-3	21	-3	21
"4703"	9	1	1	3	0	0	90	100	0	0	3.42901103761e-14	560	1550168458.35	-7	62	-7	62
"4704"	9	1	1	3	0	0	90	100	0	0	3.42901103761e-14	560	1550168458.38	-8	108	-8	108
"4705"	9	1	1	3	0	0	90	100	0	0	3.42901103761e-14	560	1550168458.41	-6	167	-6	167
"4706"	9	1	1	3	0	0	90	100	0	0	3.42901103761e-14	560	1550168458.45	0	231	0	231
"4707"	9	1	1	3	0	0	90	100	0	0	3.42901103761e-14	560	1550168458.48	5	281	5	281
"4708"	9	1	1	3	0	0	90	100	0	0	3.42901103761e-14	560	1550168458.52	9	316	9	316
"4709"	9	1	1	3	0	0	90	100	0	0	3.42901103761e-14	560	1550168458.55	12	356	12	356
"4710"	9	1	1	3	0	0	90	100	0	0	3.42901103761e-14	560	1550168458.58	11	391	11	391
"4711"	9	1	1	3	0	0	90	100	0	0	3.42901103761e-14	560	1550168458.62	10	413	10	413
"4712"	9	1	1	3	0	0	90	100	0	0	3.42901103761e-14	560	1550168458.65	14	442	14	442
"4713"	9	1	1	3	0	0	90	100	0	0	3.42901103761e-14	560	1550168458.68	17	471	17	471
"4714"	9	1	1	3	0	0	90	100	0	0	3.42901103761e-14	560	1550168458.72	17	481	17	481
"4715"	9	1	1	3	0	0	90	100	0	0	3.42901103761e-14	560	1550168458.75	17	490	17	490
"4716"	9	1	1	3	0	0	90	100	0	0	3.42901103761e-14	560	1550168458.78	15	496	15	496
"4717"	9	1	1	3	0	0	90	100	0	0	3.42901103761e-14	560	1550168458.82	8	505	8	505
"4718"	9	1	1	3	0	0	90	100	0	0	3.42901103761e-14	560	1550168458.85	4	512	4	512
"4719"	9	1	1	3	0	0	90	100	0	0	3.42901103761e-14	560	1550168458.88	2	521	2	521
"4720"	9	1	1	3	0	0	90	100	0	0	3.42901103761e-14	560	1550168458.92	0	534	0	534
"4721"	9	1	1	3	0	0	90	100	0	0	3.42901103761e-14	560	1550168458.95	-2	543	-2	543
"4722"	9	1	1	3	0	0	90	100	0	0	3.42901103761e-14	560	1550168458.98	-4	551	-4	551
"4723"	9	1	1	3	0	0	90	100	0	0	3.42901103761e-14	560	1550168459.02	-6	556	-6	556
"4724"	9	1	1	3	0	0	90	100	0	0	3.42901103761e-14	560	1550168459.05	-8	558	-8	558
"4725"	9	1	1	4	0	0	45	100	0	0	395.979797464	395.979797464	1550168460.3	1	-4	1	-4
"4726"	9	1	1	4	0	0	45	100	0	0	395.979797464	395.979797464	1550168460.32	1	-4	1	-4
"4727"	9	1	1	4	0	0	45	100	0	0	395.979797464	395.979797464	1550168460.35	1	-4	1	-4
"4728"	9	1	1	4	0	0	45	100	0	0	395.979797464	395.979797464	1550168460.38	1	-4	1	-4
"4729"	9	1	1	4	0	0	45	100	0	0	395.979797464	395.979797464	1550168460.42	1	-4	1	-4
"4730"	9	1	1	4	0	0	45	100	0	0	395.979797464	395.979797464	1550168460.45	1	-4	1	-4
"4731"	9	1	1	4	0	0	45	100	0	0	395.979797464	395.979797464	1550168460.48	1	-4	1	-4
"4732"	9	1	1	4	0	0	45	100	0	0	395.979797464	395.979797464	1550168460.52	1	-3	1	-3
"4733"	9	1	1	4	0	0	45	100	0	0	395.979797464	395.979797464	1550168460.55	1	-3	1	-3
"4734"	9	1	1	4	0	0	45	100	0	0	395.979797464	395.979797464	1550168460.58	1	-3	1	-3
"4735"	9	1	1	4	0	0	45	100	0	0	395.979797464	395.979797464	1550168460.62	1	-2	1	-2
"4736"	9	1	1	4	0	0	45	100	0	0	395.979797464	395.979797464	1550168460.65	1	0	1	0
"4737"	9	1	1	4	0	0	45	100	0	0	395.979797464	395.979797464	1550168460.68	3	4	3	4
"4738"	9	1	1	4	0	0	45	100	0	0	395.979797464	395.979797464	1550168460.72	9	16	9	16
"4739"	9	1	1	4	0	0	45	100	0	0	395.979797464	395.979797464	1550168460.75	33	55	33	55
"4740"	9	1	1	4	0	0	45	100	0	0	395.979797464	395.979797464	1550168460.78	66	100	66	100
"4741"	9	1	1	4	0	0	45	100	0	0	395.979797464	395.979797464	1550168460.82	118	154	118	154
"4742"	9	1	1	4	0	0	45	100	0	0	395.979797464	395.979797464	1550168460.85	180	208	180	208
"4743"	9	1	1	4	0	0	45	100	0	0	395.979797464	395.979797464	1550168460.88	231	243	231	243
"4744"	9	1	1	4	0	0	45	100	0	0	395.979797464	395.979797464	1550168460.92	268	266	268	266
"4745"	9	1	1	4	0	0	45	100	0	0	395.979797464	395.979797464	1550168460.95	281	274	281	274
"4746"	9	1	1	4	0	0	45	100	0	0	395.979797464	395.979797464	1550168460.98	291	282	291	282
"4747"	9	1	1	4	0	0	45	100	0	0	395.979797464	395.979797464	1550168461.02	297	291	297	291
"4748"	9	1	1	4	0	0	45	100	0	0	395.979797464	395.979797464	1550168461.05	303	304	303	304
"4749"	9	1	1	4	0	0	45	100	0	0	395.979797464	395.979797464	1550168461.08	320	328	320	328
"4750"	9	1	1	4	0	0	45	100	0	0	395.979797464	395.979797464	1550168461.12	333	341	333	341
"4751"	9	1	1	4	0	0	45	100	0	0	395.979797464	395.979797464	1550168461.15	346	351	346	351
"4752"	9	1	1	4	0	0	45	100	0	0	395.979797464	395.979797464	1550168461.18	355	356	355	356
"4753"	9	1	1	4	0	0	45	100	0	0	395.979797464	395.979797464	1550168461.22	360	361	360	361
"4754"	9	1	1	4	0	0	45	100	0	0	395.979797464	395.979797464	1550168461.25	367	370	367	370
"4755"	9	1	1	4	0	0	45	100	0	0	395.979797464	395.979797464	1550168461.28	371	376	371	376
"4756"	9	1	1	4	0	0	45	100	0	0	395.979797464	395.979797464	1550168461.32	378	385	378	385
"4757"	9	1	1	4	0	0	45	100	0	0	395.979797464	395.979797464	1550168461.35	384	393	384	393
"4758"	9	1	1	4	0	0	45	100	0	0	395.979797464	395.979797464	1550168461.38	387	395	387	395
"4759"	9	1	1	5	0	0	90	100	0	0	3.42901103761e-14	560	1550168462.53	-2	-6	-2	-6
"4760"	9	1	1	5	0	0	90	100	0	0	3.42901103761e-14	560	1550168462.55	-2	-6	-2	-6
"4761"	9	1	1	5	0	0	90	100	0	0	3.42901103761e-14	560	1550168462.58	-2	-6	-2	-6
"4762"	9	1	1	5	0	0	90	100	0	0	3.42901103761e-14	560	1550168462.62	-2	-6	-2	-6
"4763"	9	1	1	5	0	0	90	100	0	0	3.42901103761e-14	560	1550168462.65	-1	-6	-1	-6
"4764"	9	1	1	5	0	0	90	100	0	0	3.42901103761e-14	560	1550168462.68	0	-5	0	-5
"4765"	9	1	1	5	0	0	90	100	0	0	3.42901103761e-14	560	1550168462.72	0	-4	0	-4
"4766"	9	1	1	5	0	0	90	100	0	0	3.42901103761e-14	560	1550168462.75	0	-4	0	-4
"4767"	9	1	1	5	0	0	90	100	0	0	3.42901103761e-14	560	1550168462.79	0	-4	0	-4
"4768"	9	1	1	5	0	0	90	100	0	0	3.42901103761e-14	560	1550168462.82	0	-4	0	-4
"4769"	9	1	1	5	0	0	90	100	0	0	3.42901103761e-14	560	1550168462.85	0	-4	0	-4
"4770"	9	1	1	5	0	0	90	100	0	0	3.42901103761e-14	560	1550168462.88	-2	-2	-2	-2
"4771"	9	1	1	5	0	0	90	100	0	0	3.42901103761e-14	560	1550168462.92	-11	13	-11	13
"4772"	9	1	1	5	0	0	90	100	0	0	3.42901103761e-14	560	1550168462.95	-25	50	-25	50
"4773"	9	1	1	5	0	0	90	100	0	0	3.42901103761e-14	560	1550168462.99	-29	93	-29	93
"4774"	9	1	1	5	0	0	90	100	0	0	3.42901103761e-14	560	1550168463.02	-19	164	-19	164
"4775"	9	1	1	5	0	0	90	100	0	0	3.42901103761e-14	560	1550168463.05	1	235	1	235
"4776"	9	1	1	5	0	0	90	100	0	0	3.42901103761e-14	560	1550168463.09	16	293	16	293
"4777"	9	1	1	5	0	0	90	100	0	0	3.42901103761e-14	560	1550168463.12	24	354	24	354
"4778"	9	1	1	5	0	0	90	100	0	0	3.42901103761e-14	560	1550168463.15	24	390	24	390
"4779"	9	1	1	5	0	0	90	100	0	0	3.42901103761e-14	560	1550168463.19	15	420	15	420
"4780"	9	1	1	5	0	0	90	100	0	0	3.42901103761e-14	560	1550168463.22	7	441	7	441
"4781"	9	1	1	5	0	0	90	100	0	0	3.42901103761e-14	560	1550168463.25	2	456	2	456
"4782"	9	1	1	5	0	0	90	100	0	0	3.42901103761e-14	560	1550168463.29	-2	470	-2	470
"4783"	9	1	1	5	0	0	90	100	0	0	3.42901103761e-14	560	1550168463.32	-7	483	-7	483
"4784"	9	1	1	5	0	0	90	100	0	0	3.42901103761e-14	560	1550168463.35	-9	497	-9	497
"4785"	9	1	1	5	0	0	90	100	0	0	3.42901103761e-14	560	1550168463.39	-12	508	-12	508
"4786"	9	1	1	5	0	0	90	100	0	0	3.42901103761e-14	560	1550168463.42	-14	517	-14	517
"4787"	9	1	1	5	0	0	90	100	0	0	3.42901103761e-14	560	1550168463.45	-13	530	-13	530
"4788"	9	1	1	5	0	0	90	100	0	0	3.42901103761e-14	560	1550168463.49	-9	538	-9	538
"4789"	9	1	1	5	0	0	90	100	0	0	3.42901103761e-14	560	1550168463.52	-7	543	-7	543
"4790"	9	1	1	5	0	0	90	100	0	0	3.42901103761e-14	560	1550168463.55	-5	548	-5	548
"4791"	9	1	1	5	0	0	90	100	0	0	3.42901103761e-14	560	1550168463.59	-2	553	-2	553
"4792"	9	1	1	5	0	0	90	100	0	0	3.42901103761e-14	560	1550168463.62	-2	555	-2	555
"4793"	9	1	1	5	0	0	90	100	0	0	3.42901103761e-14	560	1550168463.65	-2	560	-2	560
"4794"	9	1	1	5	0	0	90	100	0	0	3.42901103761e-14	560	1550168463.69	-1	565	-1	565
"4795"	9	1	1	5	0	0	90	100	0	0	3.42901103761e-14	560	1550168463.72	-1	567	-1	567
"4796"	9	1	1	6	0	0	135	100	0	0	-395.979797464	395.979797464	1550168464.77	0	10	0	10
"4797"	9	1	1	6	0	0	135	100	0	0	-395.979797464	395.979797464	1550168464.79	0	9	0	9
"4798"	9	1	1	6	0	0	135	100	0	0	-395.979797464	395.979797464	1550168464.82	0	8	0	8
"4799"	9	1	1	6	0	0	135	100	0	0	-395.979797464	395.979797464	1550168464.85	0	7	0	7
"4800"	9	1	1	6	0	0	135	100	0	0	-395.979797464	395.979797464	1550168464.89	1	7	1	7
"4801"	9	1	1	6	0	0	135	100	0	0	-395.979797464	395.979797464	1550168464.92	1	7	1	7
"4802"	9	1	1	6	0	0	135	100	0	0	-395.979797464	395.979797464	1550168464.95	1	7	1	7
"4803"	9	1	1	6	0	0	135	100	0	0	-395.979797464	395.979797464	1550168464.99	1	7	1	7
"4804"	9	1	1	6	0	0	135	100	0	0	-395.979797464	395.979797464	1550168465.02	1	7	1	7
"4805"	9	1	1	6	0	0	135	100	0	0	-395.979797464	395.979797464	1550168465.05	1	7	1	7
"4806"	9	1	1	6	0	0	135	100	0	0	-395.979797464	395.979797464	1550168465.09	1	7	1	7
"4807"	9	1	1	6	0	0	135	100	0	0	-395.979797464	395.979797464	1550168465.12	0	7	0	7
"4808"	9	1	1	6	0	0	135	100	0	0	-395.979797464	395.979797464	1550168465.15	-6	16	-6	16
"4809"	9	1	1	6	0	0	135	100	0	0	-395.979797464	395.979797464	1550168465.19	-26	42	-26	42
"4810"	9	1	1	6	0	0	135	100	0	0	-395.979797464	395.979797464	1550168465.22	-60	80	-60	80
"4811"	9	1	1	6	0	0	135	100	0	0	-395.979797464	395.979797464	1550168465.25	-98	119	-98	119
"4812"	9	1	1	6	0	0	135	100	0	0	-395.979797464	395.979797464	1550168465.29	-145	177	-145	177
"4813"	9	1	1	6	0	0	135	100	0	0	-395.979797464	395.979797464	1550168465.32	-184	225	-184	225
"4814"	9	1	1	6	0	0	135	100	0	0	-395.979797464	395.979797464	1550168465.35	-216	261	-216	261
"4815"	9	1	1	6	0	0	135	100	0	0	-395.979797464	395.979797464	1550168465.39	-253	293	-253	293
"4816"	9	1	1	6	0	0	135	100	0	0	-395.979797464	395.979797464	1550168465.42	-285	307	-285	307
"4817"	9	1	1	6	0	0	135	100	0	0	-395.979797464	395.979797464	1550168465.45	-313	312	-313	312
"4818"	9	1	1	6	0	0	135	100	0	0	-395.979797464	395.979797464	1550168465.49	-336	315	-336	315
"4819"	9	1	1	6	0	0	135	100	0	0	-395.979797464	395.979797464	1550168465.52	-349	316	-349	316
"4820"	9	1	1	6	0	0	135	100	0	0	-395.979797464	395.979797464	1550168465.55	-357	319	-357	319
"4821"	9	1	1	6	0	0	135	100	0	0	-395.979797464	395.979797464	1550168465.59	-365	327	-365	327
"4822"	9	1	1	6	0	0	135	100	0	0	-395.979797464	395.979797464	1550168465.62	-375	341	-375	341
"4823"	9	1	1	6	0	0	135	100	0	0	-395.979797464	395.979797464	1550168465.65	-382	354	-382	354
"4824"	9	1	1	6	0	0	135	100	0	0	-395.979797464	395.979797464	1550168465.69	-387	361	-387	361
"4825"	9	1	1	6	0	0	135	100	0	0	-395.979797464	395.979797464	1550168465.72	-391	367	-391	367
"4826"	9	1	1	6	0	0	135	100	0	0	-395.979797464	395.979797464	1550168465.75	-393	373	-393	373
"4827"	9	1	1	6	0	0	135	100	0	0	-395.979797464	395.979797464	1550168465.79	-394	377	-394	377
"4828"	9	1	1	6	0	0	135	100	0	0	-395.979797464	395.979797464	1550168465.82	-394	383	-394	383
"4829"	9	1	1	6	0	0	135	100	0	0	-395.979797464	395.979797464	1550168465.85	-394	387	-394	387
"4830"	9	1	1	6	0	0	135	100	0	0	-395.979797464	395.979797464	1550168465.89	-394	389	-394	389
"4831"	9	1	1	6	0	0	135	100	0	0	-395.979797464	395.979797464	1550168465.92	-395	390	-395	390
"4832"	9	1	1	7	0	0	45	100	0	0	395.979797464	395.979797464	1550168467.13	-11	-7	-11	-7
"4833"	9	1	1	7	0	0	45	100	0	0	395.979797464	395.979797464	1550168467.16	-11	-6	-11	-6
"4834"	9	1	1	7	0	0	45	100	0	0	395.979797464	395.979797464	1550168467.19	-11	-5	-11	-5
"4835"	9	1	1	7	0	0	45	100	0	0	395.979797464	395.979797464	1550168467.22	-11	-5	-11	-5
"4836"	9	1	1	7	0	0	45	100	0	0	395.979797464	395.979797464	1550168467.26	-11	-2	-11	-2
"4837"	9	1	1	7	0	0	45	100	0	0	395.979797464	395.979797464	1550168467.29	-10	-2	-10	-2
"4838"	9	1	1	7	0	0	45	100	0	0	395.979797464	395.979797464	1550168467.32	-10	-2	-10	-2
"4839"	9	1	1	7	0	0	45	100	0	0	395.979797464	395.979797464	1550168467.36	-9	-1	-9	-1
"4840"	9	1	1	7	0	0	45	100	0	0	395.979797464	395.979797464	1550168467.39	-7	-1	-7	-1
"4841"	9	1	1	7	0	0	45	100	0	0	395.979797464	395.979797464	1550168467.42	-4	-1	-4	-1
"4842"	9	1	1	7	0	0	45	100	0	0	395.979797464	395.979797464	1550168467.46	-3	-2	-3	-2
"4843"	9	1	1	7	0	0	45	100	0	0	395.979797464	395.979797464	1550168467.49	-3	-2	-3	-2
"4844"	9	1	1	7	0	0	45	100	0	0	395.979797464	395.979797464	1550168467.52	1	1	1	1
"4845"	9	1	1	7	0	0	45	100	0	0	395.979797464	395.979797464	1550168467.56	14	15	14	15
"4846"	9	1	1	7	0	0	45	100	0	0	395.979797464	395.979797464	1550168467.59	44	54	44	54
"4847"	9	1	1	7	0	0	45	100	0	0	395.979797464	395.979797464	1550168467.62	78	93	78	93
"4848"	9	1	1	7	0	0	45	100	0	0	395.979797464	395.979797464	1550168467.66	135	140	135	140
"4849"	9	1	1	7	0	0	45	100	0	0	395.979797464	395.979797464	1550168467.69	179	174	179	174
"4850"	9	1	1	7	0	0	45	100	0	0	395.979797464	395.979797464	1550168467.72	224	212	224	212
"4851"	9	1	1	7	0	0	45	100	0	0	395.979797464	395.979797464	1550168467.76	267	259	267	259
"4852"	9	1	1	7	0	0	45	100	0	0	395.979797464	395.979797464	1550168467.79	300	298	300	298
"4853"	9	1	1	7	0	0	45	100	0	0	395.979797464	395.979797464	1550168467.82	329	337	329	337
"4854"	9	1	1	7	0	0	45	100	0	0	395.979797464	395.979797464	1550168467.86	347	367	347	367
"4855"	9	1	1	7	0	0	45	100	0	0	395.979797464	395.979797464	1550168467.89	356	381	356	381
"4856"	9	1	1	7	0	0	45	100	0	0	395.979797464	395.979797464	1550168467.92	364	394	364	394
"4857"	9	1	1	7	0	0	45	100	0	0	395.979797464	395.979797464	1550168467.96	374	402	374	402
"4858"	9	1	1	7	0	0	45	100	0	0	395.979797464	395.979797464	1550168467.99	383	401	383	401
"4859"	9	1	1	7	0	0	45	100	0	0	395.979797464	395.979797464	1550168468.02	391	403	391	403
"4860"	9	1	1	7	0	0	45	100	0	0	395.979797464	395.979797464	1550168468.06	398	408	398	408
"4861"	9	1	1	7	0	0	45	100	0	0	395.979797464	395.979797464	1550168468.09	400	410	400	410
"4862"	9	1	1	7	0	0	45	100	0	0	395.979797464	395.979797464	1550168468.12	400	410	400	410
"4863"	9	1	1	7	0	0	45	100	0	0	395.979797464	395.979797464	1550168468.16	400	410	400	410
"4864"	9	1	1	7	0	0	45	100	0	0	395.979797464	395.979797464	1550168468.19	400	410	400	410
"4865"	9	1	1	7	0	0	45	100	0	0	395.979797464	395.979797464	1550168468.22	400	407	400	407
"4866"	9	1	1	7	0	0	45	100	0	0	395.979797464	395.979797464	1550168468.26	399	399	399	399
"4867"	9	1	1	7	0	0	45	100	0	0	395.979797464	395.979797464	1550168468.29	397	391	397	391
"4868"	9	1	1	7	0	0	45	100	0	0	395.979797464	395.979797464	1550168468.32	396	390	396	390
"4869"	9	1	1	8	0	0	90	100	0	0	3.42901103761e-14	560	1550168469.3	8	2	8	2
"4870"	9	1	1	8	0	0	90	100	0	0	3.42901103761e-14	560	1550168469.32	8	2	8	2
"4871"	9	1	1	8	0	0	90	100	0	0	3.42901103761e-14	560	1550168469.36	6	2	6	2
"4872"	9	1	1	8	0	0	90	100	0	0	3.42901103761e-14	560	1550168469.39	4	3	4	3
"4873"	9	1	1	8	0	0	90	100	0	0	3.42901103761e-14	560	1550168469.42	1	3	1	3
"4874"	9	1	1	8	0	0	90	100	0	0	3.42901103761e-14	560	1550168469.46	1	2	1	2
"4875"	9	1	1	8	0	0	90	100	0	0	3.42901103761e-14	560	1550168469.49	1	2	1	2
"4876"	9	1	1	8	0	0	90	100	0	0	3.42901103761e-14	560	1550168469.52	2	1	2	1
"4877"	9	1	1	8	0	0	90	100	0	0	3.42901103761e-14	560	1550168469.56	2	1	2	1
"4878"	9	1	1	8	0	0	90	100	0	0	3.42901103761e-14	560	1550168469.59	2	1	2	1
"4879"	9	1	1	8	0	0	90	100	0	0	3.42901103761e-14	560	1550168469.62	2	3	2	3
"4880"	9	1	1	8	0	0	90	100	0	0	3.42901103761e-14	560	1550168469.66	1	11	1	11
"4881"	9	1	1	8	0	0	90	100	0	0	3.42901103761e-14	560	1550168469.69	-1	48	-1	48
"4882"	9	1	1	8	0	0	90	100	0	0	3.42901103761e-14	560	1550168469.72	-4	93	-4	93
"4883"	9	1	1	8	0	0	90	100	0	0	3.42901103761e-14	560	1550168469.76	-7	158	-7	158
"4884"	9	1	1	8	0	0	90	100	0	0	3.42901103761e-14	560	1550168469.79	-8	233	-8	233
"4885"	9	1	1	8	0	0	90	100	0	0	3.42901103761e-14	560	1550168469.82	-6	295	-6	295
"4886"	9	1	1	8	0	0	90	100	0	0	3.42901103761e-14	560	1550168469.86	-3	345	-3	345
"4887"	9	1	1	8	0	0	90	100	0	0	3.42901103761e-14	560	1550168469.89	-1	382	-1	382
"4888"	9	1	1	8	0	0	90	100	0	0	3.42901103761e-14	560	1550168469.92	-1	413	-1	413
"4889"	9	1	1	8	0	0	90	100	0	0	3.42901103761e-14	560	1550168469.96	1	439	1	439
"4890"	9	1	1	8	0	0	90	100	0	0	3.42901103761e-14	560	1550168469.99	3	468	3	468
"4891"	9	1	1	8	0	0	90	100	0	0	3.42901103761e-14	560	1550168470.02	2	484	2	484
"4892"	9	1	1	8	0	0	90	100	0	0	3.42901103761e-14	560	1550168470.06	2	496	2	496
"4893"	9	1	1	8	0	0	90	100	0	0	3.42901103761e-14	560	1550168470.09	3	509	3	509
"4894"	9	1	1	8	0	0	90	100	0	0	3.42901103761e-14	560	1550168470.12	4	518	4	518
"4895"	9	1	1	8	0	0	90	100	0	0	3.42901103761e-14	560	1550168470.16	3	524	3	524
"4896"	9	1	1	8	0	0	90	100	0	0	3.42901103761e-14	560	1550168470.19	3	528	3	528
"4897"	9	1	1	8	0	0	90	100	0	0	3.42901103761e-14	560	1550168470.22	2	532	2	532
"4898"	9	1	1	8	0	0	90	100	0	0	3.42901103761e-14	560	1550168470.26	1	538	1	538
"4899"	9	1	1	8	0	0	90	100	0	0	3.42901103761e-14	560	1550168470.29	-2	544	-2	544
"4900"	9	1	1	8	0	0	90	100	0	0	3.42901103761e-14	560	1550168470.32	-3	547	-3	547
"4901"	9	1	1	8	0	0	90	100	0	0	3.42901103761e-14	560	1550168470.36	-4	548	-4	548
"4902"	9	1	1	9	0	0	135	100	0	0	-395.979797464	395.979797464	1550168471.67	-9	-2	-9	-2
"4903"	9	1	1	9	0	0	135	100	0	0	-395.979797464	395.979797464	1550168471.69	-9	-2	-9	-2
"4904"	9	1	1	9	0	0	135	100	0	0	-395.979797464	395.979797464	1550168471.73	-9	-2	-9	-2
"4905"	9	1	1	9	0	0	135	100	0	0	-395.979797464	395.979797464	1550168471.76	-9	-2	-9	-2
"4906"	9	1	1	9	0	0	135	100	0	0	-395.979797464	395.979797464	1550168471.79	-9	-2	-9	-2
"4907"	9	1	1	9	0	0	135	100	0	0	-395.979797464	395.979797464	1550168471.83	-8	-2	-8	-2
"4908"	9	1	1	9	0	0	135	100	0	0	-395.979797464	395.979797464	1550168471.86	-4	-3	-4	-3
"4909"	9	1	1	9	0	0	135	100	0	0	-395.979797464	395.979797464	1550168471.89	1	-4	1	-4
"4910"	9	1	1	9	0	0	135	100	0	0	-395.979797464	395.979797464	1550168471.93	2	-5	2	-5
"4911"	9	1	1	9	0	0	135	100	0	0	-395.979797464	395.979797464	1550168471.96	2	-5	2	-5
"4912"	9	1	1	9	0	0	135	100	0	0	-395.979797464	395.979797464	1550168471.99	2	-5	2	-5
"4913"	9	1	1	9	0	0	135	100	0	0	-395.979797464	395.979797464	1550168472.03	2	-4	2	-4
"4914"	9	1	1	9	0	0	135	100	0	0	-395.979797464	395.979797464	1550168472.06	-2	-2	-2	-2
"4915"	9	1	1	9	0	0	135	100	0	0	-395.979797464	395.979797464	1550168472.09	-11	5	-11	5
"4916"	9	1	1	9	0	0	135	100	0	0	-395.979797464	395.979797464	1550168472.13	-50	37	-50	37
"4917"	9	1	1	9	0	0	135	100	0	0	-395.979797464	395.979797464	1550168472.16	-91	68	-91	68
"4918"	9	1	1	9	0	0	135	100	0	0	-395.979797464	395.979797464	1550168472.19	-143	121	-143	121
"4919"	9	1	1	9	0	0	135	100	0	0	-395.979797464	395.979797464	1550168472.23	-192	175	-192	175
"4920"	9	1	1	9	0	0	135	100	0	0	-395.979797464	395.979797464	1550168472.26	-225	208	-225	208
"4921"	9	1	1	9	0	0	135	100	0	0	-395.979797464	395.979797464	1550168472.29	-254	249	-254	249
"4922"	9	1	1	9	0	0	135	100	0	0	-395.979797464	395.979797464	1550168472.33	-275	295	-275	295
"4923"	9	1	1	9	0	0	135	100	0	0	-395.979797464	395.979797464	1550168472.36	-290	323	-290	323
"4924"	9	1	1	9	0	0	135	100	0	0	-395.979797464	395.979797464	1550168472.39	-309	346	-309	346
"4925"	9	1	1	9	0	0	135	100	0	0	-395.979797464	395.979797464	1550168472.43	-325	360	-325	360
"4926"	9	1	1	9	0	0	135	100	0	0	-395.979797464	395.979797464	1550168472.46	-341	369	-341	369
"4927"	9	1	1	9	0	0	135	100	0	0	-395.979797464	395.979797464	1550168472.49	-352	374	-352	374
"4928"	9	1	1	9	0	0	135	100	0	0	-395.979797464	395.979797464	1550168472.53	-359	378	-359	378
"4929"	9	1	1	9	0	0	135	100	0	0	-395.979797464	395.979797464	1550168472.56	-362	381	-362	381
"4930"	9	1	1	9	0	0	135	100	0	0	-395.979797464	395.979797464	1550168472.59	-365	384	-365	384
"4931"	9	1	1	9	0	0	135	100	0	0	-395.979797464	395.979797464	1550168472.63	-367	386	-367	386
"4932"	9	1	1	9	0	0	135	100	0	0	-395.979797464	395.979797464	1550168472.66	-370	388	-370	388
"4933"	9	1	1	9	0	0	135	100	0	0	-395.979797464	395.979797464	1550168472.69	-375	389	-375	389
"4934"	9	1	1	9	0	0	135	100	0	0	-395.979797464	395.979797464	1550168472.73	-379	390	-379	390
"4935"	9	1	1	9	0	0	135	100	0	0	-395.979797464	395.979797464	1550168472.76	-379	390	-379	390
"4936"	9	1	1	9	0	0	135	100	0	0	-395.979797464	395.979797464	1550168472.79	-379	390	-379	390
"4937"	9	1	1	9	0	0	135	100	0	0	-395.979797464	395.979797464	1550168472.83	-379	390	-379	390
"4938"	9	1	1	9	0	0	135	100	0	0	-395.979797464	395.979797464	1550168472.86	-379	391	-379	391
"4939"	9	1	1	9	0	0	135	100	0	0	-395.979797464	395.979797464	1550168472.89	-381	391	-381	391
"4940"	9	1	1	9	0	0	135	100	0	0	-395.979797464	395.979797464	1550168472.93	-383	392	-383	392
"4941"	9	1	1	9	0	0	135	100	0	0	-395.979797464	395.979797464	1550168472.96	-385	393	-385	393
"4942"	9	1	1	10	0	0	45	100	0	0	395.979797464	395.979797464	1550168474.17	-5	6	-5	6
"4943"	9	1	1	10	0	0	45	100	0	0	395.979797464	395.979797464	1550168474.19	-5	5	-5	5
"4944"	9	1	1	10	0	0	45	100	0	0	395.979797464	395.979797464	1550168474.23	-5	4	-5	4
"4945"	9	1	1	10	0	0	45	100	0	0	395.979797464	395.979797464	1550168474.26	-5	4	-5	4
"4946"	9	1	1	10	0	0	45	100	0	0	395.979797464	395.979797464	1550168474.29	-5	3	-5	3
"4947"	9	1	1	10	0	0	45	100	0	0	395.979797464	395.979797464	1550168474.33	-3	1	-3	1
"4948"	9	1	1	10	0	0	45	100	0	0	395.979797464	395.979797464	1550168474.36	-3	0	-3	0
"4949"	9	1	1	10	0	0	45	100	0	0	395.979797464	395.979797464	1550168474.39	-2	0	-2	0
"4950"	9	1	1	10	0	0	45	100	0	0	395.979797464	395.979797464	1550168474.43	-2	-1	-2	-1
"4951"	9	1	1	10	0	0	45	100	0	0	395.979797464	395.979797464	1550168474.46	-2	-1	-2	-1
"4952"	9	1	1	10	0	0	45	100	0	0	395.979797464	395.979797464	1550168474.49	-2	0	-2	0
"4953"	9	1	1	10	0	0	45	100	0	0	395.979797464	395.979797464	1550168474.53	-2	5	-2	5
"4954"	9	1	1	10	0	0	45	100	0	0	395.979797464	395.979797464	1550168474.56	3	36	3	36
"4955"	9	1	1	10	0	0	45	100	0	0	395.979797464	395.979797464	1550168474.59	22	84	22	84
"4956"	9	1	1	10	0	0	45	100	0	0	395.979797464	395.979797464	1550168474.63	60	137	60	137
"4957"	9	1	1	10	0	0	45	100	0	0	395.979797464	395.979797464	1550168474.66	111	181	111	181
"4958"	9	1	1	10	0	0	45	100	0	0	395.979797464	395.979797464	1550168474.69	158	216	158	216
"4959"	9	1	1	10	0	0	45	100	0	0	395.979797464	395.979797464	1550168474.73	208	251	208	251
"4960"	9	1	1	10	0	0	45	100	0	0	395.979797464	395.979797464	1550168474.76	247	280	247	280
"4961"	9	1	1	10	0	0	45	100	0	0	395.979797464	395.979797464	1550168474.79	286	313	286	313
"4962"	9	1	1	10	0	0	45	100	0	0	395.979797464	395.979797464	1550168474.83	315	335	315	335
"4963"	9	1	1	10	0	0	45	100	0	0	395.979797464	395.979797464	1550168474.86	327	343	327	343
"4964"	9	1	1	10	0	0	45	100	0	0	395.979797464	395.979797464	1550168474.89	338	354	338	354
"4965"	9	1	1	10	0	0	45	100	0	0	395.979797464	395.979797464	1550168474.93	344	360	344	360
"4966"	9	1	1	10	0	0	45	100	0	0	395.979797464	395.979797464	1550168474.96	352	366	352	366
"4967"	9	1	1	10	0	0	45	100	0	0	395.979797464	395.979797464	1550168474.99	363	373	363	373
"4968"	9	1	1	10	0	0	45	100	0	0	395.979797464	395.979797464	1550168475.03	376	379	376	379
"4969"	9	1	1	10	0	0	45	100	0	0	395.979797464	395.979797464	1550168475.06	387	387	387	387
"4970"	9	1	1	10	0	0	45	100	0	0	395.979797464	395.979797464	1550168475.09	389	389	389	389
"4971"	9	1	1	10	0	0	45	100	0	0	395.979797464	395.979797464	1550168475.13	391	390	391	390
"4972"	9	1	1	11	0	0	135	100	0	0	-395.979797464	395.979797464	1550168476.17	3	6	3	6
"4973"	9	1	1	11	0	0	135	100	0	0	-395.979797464	395.979797464	1550168476.2	3	6	3	6
"4974"	9	1	1	11	0	0	135	100	0	0	-395.979797464	395.979797464	1550168476.23	3	6	3	6
"4975"	9	1	1	11	0	0	135	100	0	0	-395.979797464	395.979797464	1550168476.26	3	6	3	6
"4976"	9	1	1	11	0	0	135	100	0	0	-395.979797464	395.979797464	1550168476.3	3	6	3	6
"4977"	9	1	1	11	0	0	135	100	0	0	-395.979797464	395.979797464	1550168476.33	3	6	3	6
"4978"	9	1	1	11	0	0	135	100	0	0	-395.979797464	395.979797464	1550168476.36	3	6	3	6
"4979"	9	1	1	11	0	0	135	100	0	0	-395.979797464	395.979797464	1550168476.4	3	6	3	6
"4980"	9	1	1	11	0	0	135	100	0	0	-395.979797464	395.979797464	1550168476.43	3	6	3	6
"4981"	9	1	1	11	0	0	135	100	0	0	-395.979797464	395.979797464	1550168476.46	3	6	3	6
"4982"	9	1	1	11	0	0	135	100	0	0	-395.979797464	395.979797464	1550168476.5	3	6	3	6
"4983"	9	1	1	11	0	0	135	100	0	0	-395.979797464	395.979797464	1550168476.53	-5	19	-5	19
"4984"	9	1	1	11	0	0	135	100	0	0	-395.979797464	395.979797464	1550168476.56	-41	55	-41	55
"4985"	9	1	1	11	0	0	135	100	0	0	-395.979797464	395.979797464	1550168476.6	-93	104	-93	104
"4986"	9	1	1	11	0	0	135	100	0	0	-395.979797464	395.979797464	1550168476.63	-141	147	-141	147
"4987"	9	1	1	11	0	0	135	100	0	0	-395.979797464	395.979797464	1550168476.66	-195	191	-195	191
"4988"	9	1	1	11	0	0	135	100	0	0	-395.979797464	395.979797464	1550168476.7	-238	222	-238	222
"4989"	9	1	1	11	0	0	135	100	0	0	-395.979797464	395.979797464	1550168476.73	-265	244	-265	244
"4990"	9	1	1	11	0	0	135	100	0	0	-395.979797464	395.979797464	1550168476.76	-292	277	-292	277
"4991"	9	1	1	11	0	0	135	100	0	0	-395.979797464	395.979797464	1550168476.8	-313	315	-313	315
"4992"	9	1	1	11	0	0	135	100	0	0	-395.979797464	395.979797464	1550168476.83	-325	344	-325	344
"4993"	9	1	1	11	0	0	135	100	0	0	-395.979797464	395.979797464	1550168476.86	-338	371	-338	371
"4994"	9	1	1	11	0	0	135	100	0	0	-395.979797464	395.979797464	1550168476.9	-349	385	-349	385
"4995"	9	1	1	11	0	0	135	100	0	0	-395.979797464	395.979797464	1550168476.93	-359	396	-359	396
"4996"	9	1	1	11	0	0	135	100	0	0	-395.979797464	395.979797464	1550168476.96	-367	402	-367	402
"4997"	9	1	1	11	0	0	135	100	0	0	-395.979797464	395.979797464	1550168477	-375	407	-375	407
"4998"	9	1	1	11	0	0	135	100	0	0	-395.979797464	395.979797464	1550168477.03	-381	410	-381	410
"4999"	9	1	1	11	0	0	135	100	0	0	-395.979797464	395.979797464	1550168477.06	-384	412	-384	412
"5000"	9	1	1	11	0	0	135	100	0	0	-395.979797464	395.979797464	1550168477.1	-386	413	-386	413
"5001"	9	1	1	11	0	0	135	100	0	0	-395.979797464	395.979797464	1550168477.13	-387	413	-387	413
"5002"	9	1	1	11	0	0	135	100	0	0	-395.979797464	395.979797464	1550168477.16	-387	413	-387	413
"5003"	9	1	1	11	0	0	135	100	0	0	-395.979797464	395.979797464	1550168477.2	-388	412	-388	412
"5004"	9	1	1	11	0	0	135	100	0	0	-395.979797464	395.979797464	1550168477.23	-389	406	-389	406
"5005"	9	1	1	11	0	0	135	100	0	0	-395.979797464	395.979797464	1550168477.26	-388	398	-388	398
"5006"	9	1	1	11	0	0	135	100	0	0	-395.979797464	395.979797464	1550168477.3	-386	390	-386	390
"5007"	9	1	1	11	0	0	135	100	0	0	-395.979797464	395.979797464	1550168477.33	-385	386	-385	386
"5008"	9	1	1	11	0	0	135	100	0	0	-395.979797464	395.979797464	1550168477.36	-385	386	-385	386
"5009"	9	1	1	11	0	0	135	100	0	0	-395.979797464	395.979797464	1550168477.4	-385	385	-385	385
"5010"	9	1	1	11	0	0	135	100	0	0	-395.979797464	395.979797464	1550168477.43	-385	385	-385	385
"5011"	9	1	1	11	0	0	135	100	0	0	-395.979797464	395.979797464	1550168477.46	-385	385	-385	385
"5012"	9	1	1	11	0	0	135	100	0	0	-395.979797464	395.979797464	1550168477.5	-385	385	-385	385
"5013"	9	1	1	11	0	0	135	100	0	0	-395.979797464	395.979797464	1550168477.53	-385	385	-385	385
"5014"	9	1	1	11	0	0	135	100	0	0	-395.979797464	395.979797464	1550168477.56	-385	385	-385	385
"5015"	9	1	1	11	0	0	135	100	0	0	-395.979797464	395.979797464	1550168477.6	-385	385	-385	385
"5016"	9	1	1	11	0	0	135	100	0	0	-395.979797464	395.979797464	1550168477.63	-385	385	-385	385
"5017"	9	1	1	11	0	0	135	100	0	0	-395.979797464	395.979797464	1550168477.66	-387	386	-387	386
"5018"	9	1	1	11	0	0	135	100	0	0	-395.979797464	395.979797464	1550168477.7	-390	388	-390	388
"5019"	9	1	1	11	0	0	135	100	0	0	-395.979797464	395.979797464	1550168477.73	-393	388	-393	388
"5020"	9	1	1	11	0	0	135	100	0	0	-395.979797464	395.979797464	1550168477.76	-394	389	-394	389
"5021"	9	1	1	12	0	0	90	100	0	0	3.42901103761e-14	560	1550168479.01	0	-1	0	-1
"5022"	9	1	1	12	0	0	90	100	0	0	3.42901103761e-14	560	1550168479.03	0	-1	0	-1
"5023"	9	1	1	12	0	0	90	100	0	0	3.42901103761e-14	560	1550168479.06	1	-1	1	-1
"5024"	9	1	1	12	0	0	90	100	0	0	3.42901103761e-14	560	1550168479.1	1	-2	1	-2
"5025"	9	1	1	12	0	0	90	100	0	0	3.42901103761e-14	560	1550168479.13	1	-2	1	-2
"5026"	9	1	1	12	0	0	90	100	0	0	3.42901103761e-14	560	1550168479.16	1	-2	1	-2
"5027"	9	1	1	12	0	0	90	100	0	0	3.42901103761e-14	560	1550168479.2	1	-2	1	-2
"5028"	9	1	1	12	0	0	90	100	0	0	3.42901103761e-14	560	1550168479.23	1	-1	1	-1
"5029"	9	1	1	12	0	0	90	100	0	0	3.42901103761e-14	560	1550168479.26	1	-1	1	-1
"5030"	9	1	1	12	0	0	90	100	0	0	3.42901103761e-14	560	1550168479.3	1	-2	1	-2
"5031"	9	1	1	12	0	0	90	100	0	0	3.42901103761e-14	560	1550168479.33	0	-1	0	-1
"5032"	9	1	1	12	0	0	90	100	0	0	3.42901103761e-14	560	1550168479.36	-3	5	-3	5
"5033"	9	1	1	12	0	0	90	100	0	0	3.42901103761e-14	560	1550168479.4	-14	31	-14	31
"5034"	9	1	1	12	0	0	90	100	0	0	3.42901103761e-14	560	1550168479.43	-30	75	-30	75
"5035"	9	1	1	12	0	0	90	100	0	0	3.42901103761e-14	560	1550168479.46	-42	135	-42	135
"5036"	9	1	1	12	0	0	90	100	0	0	3.42901103761e-14	560	1550168479.5	-45	207	-45	207
"5037"	9	1	1	12	0	0	90	100	0	0	3.42901103761e-14	560	1550168479.53	-41	296	-41	296
"5038"	9	1	1	12	0	0	90	100	0	0	3.42901103761e-14	560	1550168479.56	-40	359	-40	359
"5039"	9	1	1	12	0	0	90	100	0	0	3.42901103761e-14	560	1550168479.6	-38	420	-38	420
"5040"	9	1	1	12	0	0	90	100	0	0	3.42901103761e-14	560	1550168479.63	-35	465	-35	465
"5041"	9	1	1	12	0	0	90	100	0	0	3.42901103761e-14	560	1550168479.66	-37	491	-37	491
"5042"	9	1	1	12	0	0	90	100	0	0	3.42901103761e-14	560	1550168479.7	-38	503	-38	503
"5043"	9	1	1	12	0	0	90	100	0	0	3.42901103761e-14	560	1550168479.73	-38	512	-38	512
"5044"	9	1	1	12	0	0	90	100	0	0	3.42901103761e-14	560	1550168479.76	-38	516	-38	516
"5045"	9	1	1	12	0	0	90	100	0	0	3.42901103761e-14	560	1550168479.8	-36	521	-36	521
"5046"	9	1	1	12	0	0	90	100	0	0	3.42901103761e-14	560	1550168479.83	-31	527	-31	527
"5047"	9	1	1	12	0	0	90	100	0	0	3.42901103761e-14	560	1550168479.86	-26	532	-26	532
"5048"	9	1	1	12	0	0	90	100	0	0	3.42901103761e-14	560	1550168479.9	-22	536	-22	536
"5049"	9	1	1	12	0	0	90	100	0	0	3.42901103761e-14	560	1550168479.93	-14	541	-14	541
"5050"	9	1	1	12	0	0	90	100	0	0	3.42901103761e-14	560	1550168479.96	-6	542	-6	542
"5051"	9	1	1	12	0	0	90	100	0	0	3.42901103761e-14	560	1550168480	1	542	1	542
"5052"	9	1	1	12	0	0	90	100	0	0	3.42901103761e-14	560	1550168480.03	7	542	7	542
"5053"	9	1	1	12	0	0	90	100	0	0	3.42901103761e-14	560	1550168480.06	12	541	12	541
"5054"	9	1	1	12	0	0	90	100	0	0	3.42901103761e-14	560	1550168480.1	13	541	13	541
"5055"	9	1	1	12	0	0	90	100	0	0	3.42901103761e-14	560	1550168480.13	13	541	13	541
"5056"	9	1	1	12	0	0	90	100	0	0	3.42901103761e-14	560	1550168480.16	12	542	12	542
"5057"	9	1	1	12	0	0	90	100	0	0	3.42901103761e-14	560	1550168480.2	12	545	12	545
"5058"	9	1	1	12	0	0	90	100	0	0	3.42901103761e-14	560	1550168480.23	12	550	12	550
"5059"	9	1	1	12	0	0	90	100	0	0	3.42901103761e-14	560	1550168480.27	11	554	11	554
"5060"	9	1	1	12	0	0	90	100	0	0	3.42901103761e-14	560	1550168480.3	11	556	11	556
"5061"	9	1	1	12	0	0	90	100	0	0	3.42901103761e-14	560	1550168480.33	10	559	10	559
"5062"	9	1	1	12	0	0	90	100	0	0	3.42901103761e-14	560	1550168480.37	9	561	9	561
"5063"	9	1	1	13	0	0	45	100	0	0	395.979797464	395.979797464	1550168481.61	3	9	3	9
"5064"	9	1	1	13	0	0	45	100	0	0	395.979797464	395.979797464	1550168481.63	3	9	3	9
"5065"	9	1	1	13	0	0	45	100	0	0	395.979797464	395.979797464	1550168481.67	3	9	3	9
"5066"	9	1	1	13	0	0	45	100	0	0	395.979797464	395.979797464	1550168481.7	2	9	2	9
"5067"	9	1	1	13	0	0	45	100	0	0	395.979797464	395.979797464	1550168481.73	1	8	1	8
"5068"	9	1	1	13	0	0	45	100	0	0	395.979797464	395.979797464	1550168481.77	0	8	0	8
"5069"	9	1	1	13	0	0	45	100	0	0	395.979797464	395.979797464	1550168481.8	0	7	0	7
"5070"	9	1	1	13	0	0	45	100	0	0	395.979797464	395.979797464	1550168481.83	0	7	0	7
"5071"	9	1	1	13	0	0	45	100	0	0	395.979797464	395.979797464	1550168481.87	0	6	0	6
"5072"	9	1	1	13	0	0	45	100	0	0	395.979797464	395.979797464	1550168481.9	0	6	0	6
"5073"	9	1	1	13	0	0	45	100	0	0	395.979797464	395.979797464	1550168481.93	1	8	1	8
"5074"	9	1	1	13	0	0	45	100	0	0	395.979797464	395.979797464	1550168481.97	4	18	4	18
"5075"	9	1	1	13	0	0	45	100	0	0	395.979797464	395.979797464	1550168482	14	47	14	47
"5076"	9	1	1	13	0	0	45	100	0	0	395.979797464	395.979797464	1550168482.03	41	89	41	89
"5077"	9	1	1	13	0	0	45	100	0	0	395.979797464	395.979797464	1550168482.07	86	141	86	141
"5078"	9	1	1	13	0	0	45	100	0	0	395.979797464	395.979797464	1550168482.1	140	188	140	188
"5079"	9	1	1	13	0	0	45	100	0	0	395.979797464	395.979797464	1550168482.13	215	242	215	242
"5080"	9	1	1	13	0	0	45	100	0	0	395.979797464	395.979797464	1550168482.17	261	275	261	275
"5081"	9	1	1	13	0	0	45	100	0	0	395.979797464	395.979797464	1550168482.2	299	303	299	303
"5082"	9	1	1	13	0	0	45	100	0	0	395.979797464	395.979797464	1550168482.23	317	320	317	320
"5083"	9	1	1	13	0	0	45	100	0	0	395.979797464	395.979797464	1550168482.27	325	332	325	332
"5084"	9	1	1	13	0	0	45	100	0	0	395.979797464	395.979797464	1550168482.3	327	344	327	344
"5085"	9	1	1	13	0	0	45	100	0	0	395.979797464	395.979797464	1550168482.33	330	355	330	355
"5086"	9	1	1	13	0	0	45	100	0	0	395.979797464	395.979797464	1550168482.37	336	363	336	363
"5087"	9	1	1	13	0	0	45	100	0	0	395.979797464	395.979797464	1550168482.4	347	370	347	370
"5088"	9	1	1	13	0	0	45	100	0	0	395.979797464	395.979797464	1550168482.43	359	376	359	376
"5089"	9	1	1	13	0	0	45	100	0	0	395.979797464	395.979797464	1550168482.47	370	378	370	378
"5090"	9	1	1	13	0	0	45	100	0	0	395.979797464	395.979797464	1550168482.5	382	381	382	381
"5091"	9	1	1	13	0	0	45	100	0	0	395.979797464	395.979797464	1550168482.53	391	384	391	384
"5092"	9	1	1	13	0	0	45	100	0	0	395.979797464	395.979797464	1550168482.57	394	384	394	384
"5093"	9	1	1	14	0	0	135	100	0	0	-395.979797464	395.979797464	1550168483.65	-11	-5	-11	-5
"5094"	9	1	1	14	0	0	135	100	0	0	-395.979797464	395.979797464	1550168483.67	-10	-5	-10	-5
"5095"	9	1	1	14	0	0	135	100	0	0	-395.979797464	395.979797464	1550168483.7	-10	-5	-10	-5
"5096"	9	1	1	14	0	0	135	100	0	0	-395.979797464	395.979797464	1550168483.73	-10	-5	-10	-5
"5097"	9	1	1	14	0	0	135	100	0	0	-395.979797464	395.979797464	1550168483.77	-9	-5	-9	-5
"5098"	9	1	1	14	0	0	135	100	0	0	-395.979797464	395.979797464	1550168483.8	-5	-4	-5	-4
"5099"	9	1	1	14	0	0	135	100	0	0	-395.979797464	395.979797464	1550168483.83	-3	-3	-3	-3
"5100"	9	1	1	14	0	0	135	100	0	0	-395.979797464	395.979797464	1550168483.87	-1	-2	-1	-2
"5101"	9	1	1	14	0	0	135	100	0	0	-395.979797464	395.979797464	1550168483.9	0	-1	0	-1
"5102"	9	1	1	14	0	0	135	100	0	0	-395.979797464	395.979797464	1550168483.93	0	-1	0	-1
"5103"	9	1	1	14	0	0	135	100	0	0	-395.979797464	395.979797464	1550168483.97	0	-1	0	-1
"5104"	9	1	1	14	0	0	135	100	0	0	-395.979797464	395.979797464	1550168484	-1	-2	-1	-2
"5105"	9	1	1	14	0	0	135	100	0	0	-395.979797464	395.979797464	1550168484.03	-4	0	-4	0
"5106"	9	1	1	14	0	0	135	100	0	0	-395.979797464	395.979797464	1550168484.07	-19	11	-19	11
"5107"	9	1	1	14	0	0	135	100	0	0	-395.979797464	395.979797464	1550168484.1	-67	44	-67	44
"5108"	9	1	1	14	0	0	135	100	0	0	-395.979797464	395.979797464	1550168484.13	-137	99	-137	99
"5109"	9	1	1	14	0	0	135	100	0	0	-395.979797464	395.979797464	1550168484.17	-209	175	-209	175
"5110"	9	1	1	14	0	0	135	100	0	0	-395.979797464	395.979797464	1550168484.2	-258	231	-258	231
"5111"	9	1	1	14	0	0	135	100	0	0	-395.979797464	395.979797464	1550168484.23	-302	279	-302	279
"5112"	9	1	1	14	0	0	135	100	0	0	-395.979797464	395.979797464	1550168484.27	-329	317	-329	317
"5113"	9	1	1	14	0	0	135	100	0	0	-395.979797464	395.979797464	1550168484.3	-345	340	-345	340
"5114"	9	1	1	14	0	0	135	100	0	0	-395.979797464	395.979797464	1550168484.33	-353	354	-353	354
"5115"	9	1	1	14	0	0	135	100	0	0	-395.979797464	395.979797464	1550168484.37	-357	363	-357	363
"5116"	9	1	1	14	0	0	135	100	0	0	-395.979797464	395.979797464	1550168484.4	-359	368	-359	368
"5117"	9	1	1	14	0	0	135	100	0	0	-395.979797464	395.979797464	1550168484.44	-362	372	-362	372
"5118"	9	1	1	14	0	0	135	100	0	0	-395.979797464	395.979797464	1550168484.47	-370	379	-370	379
"5119"	9	1	1	14	0	0	135	100	0	0	-395.979797464	395.979797464	1550168484.5	-381	386	-381	386
"5120"	9	1	1	14	0	0	135	100	0	0	-395.979797464	395.979797464	1550168484.53	-387	391	-387	391
"5121"	9	1	1	14	0	0	135	100	0	0	-395.979797464	395.979797464	1550168484.57	-390	395	-390	395
"5122"	9	1	1	15	0	0	90	100	0	0	3.42901103761e-14	560	1550168485.95	-4	5	-4	5
"5123"	9	1	1	15	0	0	90	100	0	0	3.42901103761e-14	560	1550168485.97	-4	5	-4	5
"5124"	9	1	1	15	0	0	90	100	0	0	3.42901103761e-14	560	1550168486	-4	5	-4	5
"5125"	9	1	1	15	0	0	90	100	0	0	3.42901103761e-14	560	1550168486.04	-3	5	-3	5
"5126"	9	1	1	15	0	0	90	100	0	0	3.42901103761e-14	560	1550168486.07	-3	5	-3	5
"5127"	9	1	1	15	0	0	90	100	0	0	3.42901103761e-14	560	1550168486.1	-3	5	-3	5
"5128"	9	1	1	15	0	0	90	100	0	0	3.42901103761e-14	560	1550168486.14	-3	4	-3	4
"5129"	9	1	1	15	0	0	90	100	0	0	3.42901103761e-14	560	1550168486.17	-2	3	-2	3
"5130"	9	1	1	15	0	0	90	100	0	0	3.42901103761e-14	560	1550168486.2	-1	2	-1	2
"5131"	9	1	1	15	0	0	90	100	0	0	3.42901103761e-14	560	1550168486.24	-1	1	-1	1
"5132"	9	1	1	15	0	0	90	100	0	0	3.42901103761e-14	560	1550168486.27	-1	0	-1	0
"5133"	9	1	1	15	0	0	90	100	0	0	3.42901103761e-14	560	1550168486.3	-1	0	-1	0
"5134"	9	1	1	15	0	0	90	100	0	0	3.42901103761e-14	560	1550168486.34	-1	5	-1	5
"5135"	9	1	1	15	0	0	90	100	0	0	3.42901103761e-14	560	1550168486.37	-2	27	-2	27
"5136"	9	1	1	15	0	0	90	100	0	0	3.42901103761e-14	560	1550168486.4	-10	75	-10	75
"5137"	9	1	1	15	0	0	90	100	0	0	3.42901103761e-14	560	1550168486.44	-14	134	-14	134
"5138"	9	1	1	15	0	0	90	100	0	0	3.42901103761e-14	560	1550168486.47	-16	200	-16	200
"5139"	9	1	1	15	0	0	90	100	0	0	3.42901103761e-14	560	1550168486.5	-20	283	-20	283
"5140"	9	1	1	15	0	0	90	100	0	0	3.42901103761e-14	560	1550168486.54	-26	362	-26	362
"5141"	9	1	1	15	0	0	90	100	0	0	3.42901103761e-14	560	1550168486.57	-28	422	-28	422
"5142"	9	1	1	15	0	0	90	100	0	0	3.42901103761e-14	560	1550168486.6	-30	479	-30	479
"5143"	9	1	1	15	0	0	90	100	0	0	3.42901103761e-14	560	1550168486.64	-33	506	-33	506
"5144"	9	1	1	15	0	0	90	100	0	0	3.42901103761e-14	560	1550168486.67	-33	522	-33	522
"5145"	9	1	1	15	0	0	90	100	0	0	3.42901103761e-14	560	1550168486.7	-31	531	-31	531
"5146"	9	1	1	15	0	0	90	100	0	0	3.42901103761e-14	560	1550168486.74	-30	537	-30	537
"5147"	9	1	1	15	0	0	90	100	0	0	3.42901103761e-14	560	1550168486.77	-28	542	-28	542
"5148"	9	1	1	15	0	0	90	100	0	0	3.42901103761e-14	560	1550168486.8	-27	547	-27	547
"5149"	9	1	1	15	0	0	90	100	0	0	3.42901103761e-14	560	1550168486.84	-23	555	-23	555
"5150"	9	1	1	15	0	0	90	100	0	0	3.42901103761e-14	560	1550168486.87	-20	562	-20	562
"5151"	9	1	1	15	0	0	90	100	0	0	3.42901103761e-14	560	1550168486.9	-15	566	-15	566
"5152"	9	1	1	15	0	0	90	100	0	0	3.42901103761e-14	560	1550168486.94	-8	566	-8	566
"5153"	9	1	1	15	0	0	90	100	0	0	3.42901103761e-14	560	1550168486.97	-3	563	-3	563
"5154"	9	1	1	15	0	0	90	100	0	0	3.42901103761e-14	560	1550168487	4	559	4	559
"5155"	9	1	1	15	0	0	90	100	0	0	3.42901103761e-14	560	1550168487.04	8	556	8	556
"5156"	9	1	1	16	0	0	135	100	0	0	-395.979797464	395.979797464	1550168488.08	-8	5	-8	5
"5157"	9	1	1	16	0	0	135	100	0	0	-395.979797464	395.979797464	1550168488.1	-7	6	-7	6
"5158"	9	1	1	16	0	0	135	100	0	0	-395.979797464	395.979797464	1550168488.14	-7	5	-7	5
"5159"	9	1	1	16	0	0	135	100	0	0	-395.979797464	395.979797464	1550168488.17	-7	4	-7	4
"5160"	9	1	1	16	0	0	135	100	0	0	-395.979797464	395.979797464	1550168488.2	-6	4	-6	4
"5161"	9	1	1	16	0	0	135	100	0	0	-395.979797464	395.979797464	1550168488.24	-6	5	-6	5
"5162"	9	1	1	16	0	0	135	100	0	0	-395.979797464	395.979797464	1550168488.27	-5	5	-5	5
"5163"	9	1	1	16	0	0	135	100	0	0	-395.979797464	395.979797464	1550168488.3	-3	6	-3	6
"5164"	9	1	1	16	0	0	135	100	0	0	-395.979797464	395.979797464	1550168488.34	0	6	0	6
"5165"	9	1	1	16	0	0	135	100	0	0	-395.979797464	395.979797464	1550168488.37	0	7	0	7
"5166"	9	1	1	16	0	0	135	100	0	0	-395.979797464	395.979797464	1550168488.4	0	7	0	7
"5167"	9	1	1	16	0	0	135	100	0	0	-395.979797464	395.979797464	1550168488.44	0	7	0	7
"5168"	9	1	1	16	0	0	135	100	0	0	-395.979797464	395.979797464	1550168488.47	-5	11	-5	11
"5169"	9	1	1	16	0	0	135	100	0	0	-395.979797464	395.979797464	1550168488.5	-18	23	-18	23
"5170"	9	1	1	16	0	0	135	100	0	0	-395.979797464	395.979797464	1550168488.54	-59	61	-59	61
"5171"	9	1	1	16	0	0	135	100	0	0	-395.979797464	395.979797464	1550168488.57	-97	97	-97	97
"5172"	9	1	1	16	0	0	135	100	0	0	-395.979797464	395.979797464	1550168488.6	-152	154	-152	154
"5173"	9	1	1	16	0	0	135	100	0	0	-395.979797464	395.979797464	1550168488.64	-213	218	-213	218
"5174"	9	1	1	16	0	0	135	100	0	0	-395.979797464	395.979797464	1550168488.67	-261	262	-261	262
"5175"	9	1	1	16	0	0	135	100	0	0	-395.979797464	395.979797464	1550168488.7	-309	299	-309	299
"5176"	9	1	1	16	0	0	135	100	0	0	-395.979797464	395.979797464	1550168488.74	-345	323	-345	323
"5177"	9	1	1	16	0	0	135	100	0	0	-395.979797464	395.979797464	1550168488.77	-359	332	-359	332
"5178"	9	1	1	16	0	0	135	100	0	0	-395.979797464	395.979797464	1550168488.81	-371	340	-371	340
"5179"	9	1	1	16	0	0	135	100	0	0	-395.979797464	395.979797464	1550168488.84	-380	343	-380	343
"5180"	9	1	1	16	0	0	135	100	0	0	-395.979797464	395.979797464	1550168488.87	-388	344	-388	344
"5181"	9	1	1	16	0	0	135	100	0	0	-395.979797464	395.979797464	1550168488.91	-394	348	-394	348
"5182"	9	1	1	16	0	0	135	100	0	0	-395.979797464	395.979797464	1550168488.94	-400	355	-400	355
"5183"	9	1	1	16	0	0	135	100	0	0	-395.979797464	395.979797464	1550168488.97	-403	367	-403	367
"5184"	9	1	1	16	0	0	135	100	0	0	-395.979797464	395.979797464	1550168489.01	-405	377	-405	377
"5185"	9	1	1	16	0	0	135	100	0	0	-395.979797464	395.979797464	1550168489.04	-402	385	-402	385
"5186"	9	1	1	16	0	0	135	100	0	0	-395.979797464	395.979797464	1550168489.07	-399	388	-399	388
"5187"	9	1	1	17	0	0	45	100	0	0	395.979797464	395.979797464	1550168490.25	0	3	0	3
"5188"	9	1	1	17	0	0	45	100	0	0	395.979797464	395.979797464	1550168490.27	0	3	0	3
"5189"	9	1	1	17	0	0	45	100	0	0	395.979797464	395.979797464	1550168490.31	0	1	0	1
"5190"	9	1	1	17	0	0	45	100	0	0	395.979797464	395.979797464	1550168490.34	1	0	1	0
"5191"	9	1	1	17	0	0	45	100	0	0	395.979797464	395.979797464	1550168490.37	1	-1	1	-1
"5192"	9	1	1	17	0	0	45	100	0	0	395.979797464	395.979797464	1550168490.41	1	-1	1	-1
"5193"	9	1	1	17	0	0	45	100	0	0	395.979797464	395.979797464	1550168490.44	1	-1	1	-1
"5194"	9	1	1	17	0	0	45	100	0	0	395.979797464	395.979797464	1550168490.47	1	-1	1	-1
"5195"	9	1	1	17	0	0	45	100	0	0	395.979797464	395.979797464	1550168490.51	2	-1	2	-1
"5196"	9	1	1	17	0	0	45	100	0	0	395.979797464	395.979797464	1550168490.54	4	-2	4	-2
"5197"	9	1	1	17	0	0	45	100	0	0	395.979797464	395.979797464	1550168490.57	7	-3	7	-3
"5198"	9	1	1	17	0	0	45	100	0	0	395.979797464	395.979797464	1550168490.61	11	-2	11	-2
"5199"	9	1	1	17	0	0	45	100	0	0	395.979797464	395.979797464	1550168490.64	20	4	20	4
"5200"	9	1	1	17	0	0	45	100	0	0	395.979797464	395.979797464	1550168490.67	42	33	42	33
"5201"	9	1	1	17	0	0	45	100	0	0	395.979797464	395.979797464	1550168490.71	71	79	71	79
"5202"	9	1	1	17	0	0	45	100	0	0	395.979797464	395.979797464	1550168490.74	124	141	124	141
"5203"	9	1	1	17	0	0	45	100	0	0	395.979797464	395.979797464	1550168490.77	184	197	184	197
"5204"	9	1	1	17	0	0	45	100	0	0	395.979797464	395.979797464	1550168490.81	250	261	250	261
"5205"	9	1	1	17	0	0	45	100	0	0	395.979797464	395.979797464	1550168490.84	308	309	308	309
"5206"	9	1	1	17	0	0	45	100	0	0	395.979797464	395.979797464	1550168490.87	339	333	339	333
"5207"	9	1	1	17	0	0	45	100	0	0	395.979797464	395.979797464	1550168490.91	360	347	360	347
"5208"	9	1	1	17	0	0	45	100	0	0	395.979797464	395.979797464	1550168490.94	366	351	366	351
"5209"	9	1	1	17	0	0	45	100	0	0	395.979797464	395.979797464	1550168490.97	367	351	367	351
"5210"	9	1	1	17	0	0	45	100	0	0	395.979797464	395.979797464	1550168491.01	370	353	370	353
"5211"	9	1	1	17	0	0	45	100	0	0	395.979797464	395.979797464	1550168491.04	378	359	378	359
"5212"	9	1	1	17	0	0	45	100	0	0	395.979797464	395.979797464	1550168491.07	388	371	388	371
"5213"	9	1	1	17	0	0	45	100	0	0	395.979797464	395.979797464	1550168491.11	394	382	394	382
"5214"	9	1	1	17	0	0	45	100	0	0	395.979797464	395.979797464	1550168491.14	399	398	399	398
"5215"	9	1	1	17	0	0	45	100	0	0	395.979797464	395.979797464	1550168491.17	400	406	400	406
"5216"	9	1	1	17	0	0	45	100	0	0	395.979797464	395.979797464	1550168491.21	399	408	399	408
"5217"	9	1	1	18	0	0	90	100	0	0	3.42901103761e-14	560	1550168492.45	0	5	0	5
"5218"	9	1	1	18	0	0	90	100	0	0	3.42901103761e-14	560	1550168492.47	-1	5	-1	5
"5219"	9	1	1	18	0	0	90	100	0	0	3.42901103761e-14	560	1550168492.51	-1	5	-1	5
"5220"	9	1	1	18	0	0	90	100	0	0	3.42901103761e-14	560	1550168492.54	-1	5	-1	5
"5221"	9	1	1	18	0	0	90	100	0	0	3.42901103761e-14	560	1550168492.57	-1	5	-1	5
"5222"	9	1	1	18	0	0	90	100	0	0	3.42901103761e-14	560	1550168492.61	-1	5	-1	5
"5223"	9	1	1	18	0	0	90	100	0	0	3.42901103761e-14	560	1550168492.64	0	4	0	4
"5224"	9	1	1	18	0	0	90	100	0	0	3.42901103761e-14	560	1550168492.67	1	3	1	3
"5225"	9	1	1	18	0	0	90	100	0	0	3.42901103761e-14	560	1550168492.71	2	2	2	2
"5226"	9	1	1	18	0	0	90	100	0	0	3.42901103761e-14	560	1550168492.74	3	1	3	1
"5227"	9	1	1	18	0	0	90	100	0	0	3.42901103761e-14	560	1550168492.77	3	1	3	1
"5228"	9	1	1	18	0	0	90	100	0	0	3.42901103761e-14	560	1550168492.81	2	5	2	5
"5229"	9	1	1	18	0	0	90	100	0	0	3.42901103761e-14	560	1550168492.84	-6	28	-6	28
"5230"	9	1	1	18	0	0	90	100	0	0	3.42901103761e-14	560	1550168492.87	-23	75	-23	75
"5231"	9	1	1	18	0	0	90	100	0	0	3.42901103761e-14	560	1550168492.91	-40	135	-40	135
"5232"	9	1	1	18	0	0	90	100	0	0	3.42901103761e-14	560	1550168492.94	-49	219	-49	219
"5233"	9	1	1	18	0	0	90	100	0	0	3.42901103761e-14	560	1550168492.97	-46	279	-46	279
"5234"	9	1	1	18	0	0	90	100	0	0	3.42901103761e-14	560	1550168493.01	-40	344	-40	344
"5235"	9	1	1	18	0	0	90	100	0	0	3.42901103761e-14	560	1550168493.04	-35	382	-35	382
"5236"	9	1	1	18	0	0	90	100	0	0	3.42901103761e-14	560	1550168493.07	-26	417	-26	417
"5237"	9	1	1	18	0	0	90	100	0	0	3.42901103761e-14	560	1550168493.11	-17	446	-17	446
"5238"	9	1	1	18	0	0	90	100	0	0	3.42901103761e-14	560	1550168493.14	-11	467	-11	467
"5239"	9	1	1	18	0	0	90	100	0	0	3.42901103761e-14	560	1550168493.18	-3	482	-3	482
"5240"	9	1	1	18	0	0	90	100	0	0	3.42901103761e-14	560	1550168493.21	5	497	5	497
"5241"	9	1	1	18	0	0	90	100	0	0	3.42901103761e-14	560	1550168493.24	9	510	9	510
"5242"	9	1	1	18	0	0	90	100	0	0	3.42901103761e-14	560	1550168493.28	11	525	11	525
"5243"	9	1	1	18	0	0	90	100	0	0	3.42901103761e-14	560	1550168493.31	11	536	11	536
"5244"	9	1	1	18	0	0	90	100	0	0	3.42901103761e-14	560	1550168493.34	10	544	10	544
"5245"	9	1	1	18	0	0	90	100	0	0	3.42901103761e-14	560	1550168493.38	9	548	9	548
"5246"	9	1	1	18	0	0	90	100	0	0	3.42901103761e-14	560	1550168493.41	9	548	9	548
"5247"	9	1	1	18	0	0	90	100	0	0	3.42901103761e-14	560	1550168493.44	9	548	9	548
"5248"	9	1	1	18	0	0	90	100	0	0	3.42901103761e-14	560	1550168493.48	9	549	9	549
"5249"	9	1	1	19	0	0	135	100	0	0	-395.979797464	395.979797464	1550168494.56	2	3	2	3
"5250"	9	1	1	19	0	0	135	100	0	0	-395.979797464	395.979797464	1550168494.58	2	3	2	3
"5251"	9	1	1	19	0	0	135	100	0	0	-395.979797464	395.979797464	1550168494.61	2	3	2	3
"5252"	9	1	1	19	0	0	135	100	0	0	-395.979797464	395.979797464	1550168494.64	2	3	2	3
"5253"	9	1	1	19	0	0	135	100	0	0	-395.979797464	395.979797464	1550168494.68	3	3	3	3
"5254"	9	1	1	19	0	0	135	100	0	0	-395.979797464	395.979797464	1550168494.71	4	3	4	3
"5255"	9	1	1	19	0	0	135	100	0	0	-395.979797464	395.979797464	1550168494.74	4	3	4	3
"5256"	9	1	1	19	0	0	135	100	0	0	-395.979797464	395.979797464	1550168494.78	4	3	4	3
"5257"	9	1	1	19	0	0	135	100	0	0	-395.979797464	395.979797464	1550168494.81	4	3	4	3
"5258"	9	1	1	19	0	0	135	100	0	0	-395.979797464	395.979797464	1550168494.84	5	3	5	3
"5259"	9	1	1	19	0	0	135	100	0	0	-395.979797464	395.979797464	1550168494.88	4	4	4	4
"5260"	9	1	1	19	0	0	135	100	0	0	-395.979797464	395.979797464	1550168494.91	-3	15	-3	15
"5261"	9	1	1	19	0	0	135	100	0	0	-395.979797464	395.979797464	1550168494.94	-36	51	-36	51
"5262"	9	1	1	19	0	0	135	100	0	0	-395.979797464	395.979797464	1550168494.98	-90	96	-90	96
"5263"	9	1	1	19	0	0	135	100	0	0	-395.979797464	395.979797464	1550168495.01	-150	148	-150	148
"5264"	9	1	1	19	0	0	135	100	0	0	-395.979797464	395.979797464	1550168495.04	-216	218	-216	218
"5265"	9	1	1	19	0	0	135	100	0	0	-395.979797464	395.979797464	1550168495.08	-251	253	-251	253
"5266"	9	1	1	19	0	0	135	100	0	0	-395.979797464	395.979797464	1550168495.11	-280	284	-280	284
"5267"	9	1	1	19	0	0	135	100	0	0	-395.979797464	395.979797464	1550168495.14	-306	306	-306	306
"5268"	9	1	1	19	0	0	135	100	0	0	-395.979797464	395.979797464	1550168495.18	-324	317	-324	317
"5269"	9	1	1	19	0	0	135	100	0	0	-395.979797464	395.979797464	1550168495.21	-344	325	-344	325
"5270"	9	1	1	19	0	0	135	100	0	0	-395.979797464	395.979797464	1550168495.24	-358	329	-358	329
"5271"	9	1	1	19	0	0	135	100	0	0	-395.979797464	395.979797464	1550168495.28	-374	336	-374	336
"5272"	9	1	1	19	0	0	135	100	0	0	-395.979797464	395.979797464	1550168495.31	-384	343	-384	343
"5273"	9	1	1	19	0	0	135	100	0	0	-395.979797464	395.979797464	1550168495.34	-388	348	-388	348
"5274"	9	1	1	19	0	0	135	100	0	0	-395.979797464	395.979797464	1550168495.38	-391	353	-391	353
"5275"	9	1	1	19	0	0	135	100	0	0	-395.979797464	395.979797464	1550168495.41	-393	357	-393	357
"5276"	9	1	1	19	0	0	135	100	0	0	-395.979797464	395.979797464	1550168495.44	-394	360	-394	360
"5277"	9	1	1	19	0	0	135	100	0	0	-395.979797464	395.979797464	1550168495.48	-395	363	-395	363
"5278"	9	1	1	19	0	0	135	100	0	0	-395.979797464	395.979797464	1550168495.51	-396	367	-396	367
"5279"	9	1	1	19	0	0	135	100	0	0	-395.979797464	395.979797464	1550168495.54	-396	372	-396	372
"5280"	9	1	1	19	0	0	135	100	0	0	-395.979797464	395.979797464	1550168495.58	-396	376	-396	376
"5281"	9	1	1	19	0	0	135	100	0	0	-395.979797464	395.979797464	1550168495.61	-395	381	-395	381
"5282"	9	1	1	19	0	0	135	100	0	0	-395.979797464	395.979797464	1550168495.64	-395	383	-395	383
"5283"	9	1	1	19	0	0	135	100	0	0	-395.979797464	395.979797464	1550168495.68	-395	385	-395	385
"5284"	9	1	1	20	0	0	90	100	0	0	3.42901103761e-14	560	1550168496.76	4	-7	4	-7
"5285"	9	1	1	20	0	0	90	100	0	0	3.42901103761e-14	560	1550168496.78	4	-7	4	-7
"5286"	9	1	1	20	0	0	90	100	0	0	3.42901103761e-14	560	1550168496.81	3	-7	3	-7
"5287"	9	1	1	20	0	0	90	100	0	0	3.42901103761e-14	560	1550168496.84	3	-7	3	-7
"5288"	9	1	1	20	0	0	90	100	0	0	3.42901103761e-14	560	1550168496.88	3	-7	3	-7
"5289"	9	1	1	20	0	0	90	100	0	0	3.42901103761e-14	560	1550168496.91	3	-7	3	-7
"5290"	9	1	1	20	0	0	90	100	0	0	3.42901103761e-14	560	1550168496.94	2	-7	2	-7
"5291"	9	1	1	20	0	0	90	100	0	0	3.42901103761e-14	560	1550168496.98	2	-7	2	-7
"5292"	9	1	1	20	0	0	90	100	0	0	3.42901103761e-14	560	1550168497.01	2	-7	2	-7
"5293"	9	1	1	20	0	0	90	100	0	0	3.42901103761e-14	560	1550168497.04	1	-7	1	-7
"5294"	9	1	1	20	0	0	90	100	0	0	3.42901103761e-14	560	1550168497.08	-1	-7	-1	-7
"5295"	9	1	1	20	0	0	90	100	0	0	3.42901103761e-14	560	1550168497.11	-6	-3	-6	-3
"5296"	9	1	1	20	0	0	90	100	0	0	3.42901103761e-14	560	1550168497.14	-17	15	-17	15
"5297"	9	1	1	20	0	0	90	100	0	0	3.42901103761e-14	560	1550168497.18	-33	58	-33	58
"5298"	9	1	1	20	0	0	90	100	0	0	3.42901103761e-14	560	1550168497.21	-46	119	-46	119
"5299"	9	1	1	20	0	0	90	100	0	0	3.42901103761e-14	560	1550168497.24	-62	203	-62	203
"5300"	9	1	1	20	0	0	90	100	0	0	3.42901103761e-14	560	1550168497.28	-65	284	-65	284
"5301"	9	1	1	20	0	0	90	100	0	0	3.42901103761e-14	560	1550168497.31	-67	346	-67	346
"5302"	9	1	1	20	0	0	90	100	0	0	3.42901103761e-14	560	1550168497.34	-67	387	-67	387
"5303"	9	1	1	20	0	0	90	100	0	0	3.42901103761e-14	560	1550168497.38	-65	415	-65	415
"5304"	9	1	1	20	0	0	90	100	0	0	3.42901103761e-14	560	1550168497.41	-63	432	-63	432
"5305"	9	1	1	20	0	0	90	100	0	0	3.42901103761e-14	560	1550168497.44	-57	448	-57	448
"5306"	9	1	1	20	0	0	90	100	0	0	3.42901103761e-14	560	1550168497.48	-46	464	-46	464
"5307"	9	1	1	20	0	0	90	100	0	0	3.42901103761e-14	560	1550168497.51	-36	477	-36	477
"5308"	9	1	1	20	0	0	90	100	0	0	3.42901103761e-14	560	1550168497.55	-23	490	-23	490
"5309"	9	1	1	20	0	0	90	100	0	0	3.42901103761e-14	560	1550168497.58	-11	502	-11	502
"5310"	9	1	1	20	0	0	90	100	0	0	3.42901103761e-14	560	1550168497.61	-4	512	-4	512
"5311"	9	1	1	20	0	0	90	100	0	0	3.42901103761e-14	560	1550168497.65	1	520	1	520
"5312"	9	1	1	20	0	0	90	100	0	0	3.42901103761e-14	560	1550168497.68	3	528	3	528
"5313"	9	1	1	20	0	0	90	100	0	0	3.42901103761e-14	560	1550168497.71	4	535	4	535
"5314"	9	1	1	20	0	0	90	100	0	0	3.42901103761e-14	560	1550168497.75	4	540	4	540
"5315"	9	1	1	20	0	0	90	100	0	0	3.42901103761e-14	560	1550168497.78	4	543	4	543
"5316"	9	1	1	20	0	0	90	100	0	0	3.42901103761e-14	560	1550168497.81	5	548	5	548
"5317"	9	1	1	20	0	0	90	100	0	0	3.42901103761e-14	560	1550168497.85	4	551	4	551
"5318"	9	1	1	20	0	0	90	100	0	0	3.42901103761e-14	560	1550168497.88	4	554	4	554
"5319"	9	1	1	20	0	0	90	100	0	0	3.42901103761e-14	560	1550168497.91	4	556	4	556
"5320"	9	1	1	20	0	0	90	100	0	0	3.42901103761e-14	560	1550168497.95	4	558	4	558
"5321"	9	1	1	20	0	0	90	100	0	0	3.42901103761e-14	560	1550168497.98	3	559	3	559
"5322"	9	1	1	21	0	0	45	100	0	0	395.979797464	395.979797464	1550168499.03	3	-1	3	-1
"5323"	9	1	1	21	0	0	45	100	0	0	395.979797464	395.979797464	1550168499.05	3	-1	3	-1
"5324"	9	1	1	21	0	0	45	100	0	0	395.979797464	395.979797464	1550168499.08	3	-1	3	-1
"5325"	9	1	1	21	0	0	45	100	0	0	395.979797464	395.979797464	1550168499.11	3	-1	3	-1
"5326"	9	1	1	21	0	0	45	100	0	0	395.979797464	395.979797464	1550168499.15	3	-1	3	-1
"5327"	9	1	1	21	0	0	45	100	0	0	395.979797464	395.979797464	1550168499.18	3	-1	3	-1
"5328"	9	1	1	21	0	0	45	100	0	0	395.979797464	395.979797464	1550168499.21	3	-1	3	-1
"5329"	9	1	1	21	0	0	45	100	0	0	395.979797464	395.979797464	1550168499.25	3	-1	3	-1
"5330"	9	1	1	21	0	0	45	100	0	0	395.979797464	395.979797464	1550168499.28	3	-1	3	-1
"5331"	9	1	1	21	0	0	45	100	0	0	395.979797464	395.979797464	1550168499.31	3	-1	3	-1
"5332"	9	1	1	21	0	0	45	100	0	0	395.979797464	395.979797464	1550168499.35	3	-1	3	-1
"5333"	9	1	1	21	0	0	45	100	0	0	395.979797464	395.979797464	1550168499.38	3	-1	3	-1
"5334"	9	1	1	21	0	0	45	100	0	0	395.979797464	395.979797464	1550168499.41	3	-1	3	-1
"5335"	9	1	1	21	0	0	45	100	0	0	395.979797464	395.979797464	1550168499.45	5	4	5	4
"5336"	9	1	1	21	0	0	45	100	0	0	395.979797464	395.979797464	1550168499.48	10	18	10	18
"5337"	9	1	1	21	0	0	45	100	0	0	395.979797464	395.979797464	1550168499.51	25	59	25	59
"5338"	9	1	1	21	0	0	45	100	0	0	395.979797464	395.979797464	1550168499.55	54	92	54	92
"5339"	9	1	1	21	0	0	45	100	0	0	395.979797464	395.979797464	1550168499.58	97	133	97	133
"5340"	9	1	1	21	0	0	45	100	0	0	395.979797464	395.979797464	1550168499.61	148	183	148	183
"5341"	9	1	1	21	0	0	45	100	0	0	395.979797464	395.979797464	1550168499.65	192	229	192	229
"5342"	9	1	1	21	0	0	45	100	0	0	395.979797464	395.979797464	1550168499.68	238	273	238	273
"5343"	9	1	1	21	0	0	45	100	0	0	395.979797464	395.979797464	1550168499.71	277	308	277	308
"5344"	9	1	1	21	0	0	45	100	0	0	395.979797464	395.979797464	1550168499.75	307	338	307	338
"5345"	9	1	1	21	0	0	45	100	0	0	395.979797464	395.979797464	1550168499.78	321	350	321	350
"5346"	9	1	1	21	0	0	45	100	0	0	395.979797464	395.979797464	1550168499.81	336	359	336	359
"5347"	9	1	1	21	0	0	45	100	0	0	395.979797464	395.979797464	1550168499.85	351	368	351	368
"5348"	9	1	1	21	0	0	45	100	0	0	395.979797464	395.979797464	1550168499.88	359	376	359	376
"5349"	9	1	1	21	0	0	45	100	0	0	395.979797464	395.979797464	1550168499.91	365	388	365	388
"5350"	9	1	1	21	0	0	45	100	0	0	395.979797464	395.979797464	1550168499.95	373	396	373	396
"5351"	9	1	1	21	0	0	45	100	0	0	395.979797464	395.979797464	1550168499.98	377	398	377	398
"5352"	9	1	1	21	0	0	45	100	0	0	395.979797464	395.979797464	1550168500.01	381	400	381	400
"5353"	9	1	1	21	0	0	45	100	0	0	395.979797464	395.979797464	1550168500.05	385	400	385	400
