"task_num"	"task_name"	"trial_type"	"trial_num"	"terminalfeedback_bool"	"rotation_angle"	"targetangle_deg"	"targetdistance_percmax"	"homex_px"	"homey_px"	"targetx_px"	"targety_px"	"time_s"	"mousex_px"	"mousey_px"	"cursorx_px"	"cursory_px"
"1"	1	1	1	1	0	0	45	100	0	0	395.979797464	395.979797464	1553615277.19	5	3	5	3
"2"	1	1	1	1	0	0	45	100	0	0	395.979797464	395.979797464	1553615277.23	3	0	3	0
"3"	1	1	1	1	0	0	45	100	0	0	395.979797464	395.979797464	1553615277.26	2	-1	2	-1
"4"	1	1	1	1	0	0	45	100	0	0	395.979797464	395.979797464	1553615277.29	2	-1	2	-1
"5"	1	1	1	1	0	0	45	100	0	0	395.979797464	395.979797464	1553615277.33	0	-2	0	-2
"6"	1	1	1	1	0	0	45	100	0	0	395.979797464	395.979797464	1553615277.36	-1	-3	-1	-3
"7"	1	1	1	1	0	0	45	100	0	0	395.979797464	395.979797464	1553615277.39	-2	-4	-2	-4
"8"	1	1	1	1	0	0	45	100	0	0	395.979797464	395.979797464	1553615277.43	-3	-5	-3	-5
"9"	1	1	1	1	0	0	45	100	0	0	395.979797464	395.979797464	1553615277.46	-2	-4	-2	-4
"10"	1	1	1	1	0	0	45	100	0	0	395.979797464	395.979797464	1553615277.49	-2	-4	-2	-4
"11"	1	1	1	1	0	0	45	100	0	0	395.979797464	395.979797464	1553615277.53	-2	-4	-2	-4
"12"	1	1	1	1	0	0	45	100	0	0	395.979797464	395.979797464	1553615277.56	-2	-4	-2	-4
"13"	1	1	1	1	0	0	45	100	0	0	395.979797464	395.979797464	1553615277.59	-2	-4	-2	-4
"14"	1	1	1	1	0	0	45	100	0	0	395.979797464	395.979797464	1553615277.63	-2	-4	-2	-4
"15"	1	1	1	1	0	0	45	100	0	0	395.979797464	395.979797464	1553615277.66	-2	-4	-2	-4
"16"	1	1	1	1	0	0	45	100	0	0	395.979797464	395.979797464	1553615277.69	-2	-4	-2	-4
"17"	1	1	1	1	0	0	45	100	0	0	395.979797464	395.979797464	1553615277.73	-2	-4	-2	-4
"18"	1	1	1	1	0	0	45	100	0	0	395.979797464	395.979797464	1553615277.76	-2	-4	-2	-4
"19"	1	1	1	1	0	0	45	100	0	0	395.979797464	395.979797464	1553615277.79	-2	-4	-2	-4
"20"	1	1	1	1	0	0	45	100	0	0	395.979797464	395.979797464	1553615277.83	-2	-4	-2	-4
"21"	1	1	1	1	0	0	45	100	0	0	395.979797464	395.979797464	1553615277.86	-2	-4	-2	-4
"22"	1	1	1	1	0	0	45	100	0	0	395.979797464	395.979797464	1553615277.89	-2	-4	-2	-4
"23"	1	1	1	1	0	0	45	100	0	0	395.979797464	395.979797464	1553615277.93	-2	-4	-2	-4
"24"	1	1	1	1	0	0	45	100	0	0	395.979797464	395.979797464	1553615277.96	-2	-4	-2	-4
"25"	1	1	1	1	0	0	45	100	0	0	395.979797464	395.979797464	1553615277.99	-2	-4	-2	-4
"26"	1	1	1	1	0	0	45	100	0	0	395.979797464	395.979797464	1553615278.03	-2	-4	-2	-4
"27"	1	1	1	1	0	0	45	100	0	0	395.979797464	395.979797464	1553615278.06	-2	-4	-2	-4
"28"	1	1	1	1	0	0	45	100	0	0	395.979797464	395.979797464	1553615278.09	-2	-4	-2	-4
"29"	1	1	1	1	0	0	45	100	0	0	395.979797464	395.979797464	1553615278.13	-2	-4	-2	-4
"30"	1	1	1	1	0	0	45	100	0	0	395.979797464	395.979797464	1553615278.16	-2	-4	-2	-4
"31"	1	1	1	1	0	0	45	100	0	0	395.979797464	395.979797464	1553615278.19	-2	-4	-2	-4
"32"	1	1	1	1	0	0	45	100	0	0	395.979797464	395.979797464	1553615278.23	-2	-4	-2	-4
"33"	1	1	1	1	0	0	45	100	0	0	395.979797464	395.979797464	1553615278.26	-2	-4	-2	-4
"34"	1	1	1	1	0	0	45	100	0	0	395.979797464	395.979797464	1553615278.29	-2	-4	-2	-4
"35"	1	1	1	1	0	0	45	100	0	0	395.979797464	395.979797464	1553615278.33	-2	-4	-2	-4
"36"	1	1	1	1	0	0	45	100	0	0	395.979797464	395.979797464	1553615278.36	-2	-4	-2	-4
"37"	1	1	1	1	0	0	45	100	0	0	395.979797464	395.979797464	1553615278.39	-2	-4	-2	-4
"38"	1	1	1	1	0	0	45	100	0	0	395.979797464	395.979797464	1553615278.43	-2	-4	-2	-4
"39"	1	1	1	1	0	0	45	100	0	0	395.979797464	395.979797464	1553615278.46	-2	-4	-2	-4
"40"	1	1	1	1	0	0	45	100	0	0	395.979797464	395.979797464	1553615278.49	-2	-4	-2	-4
"41"	1	1	1	1	0	0	45	100	0	0	395.979797464	395.979797464	1553615278.53	-2	-4	-2	-4
"42"	1	1	1	1	0	0	45	100	0	0	395.979797464	395.979797464	1553615278.56	-2	-4	-2	-4
"43"	1	1	1	1	0	0	45	100	0	0	395.979797464	395.979797464	1553615278.59	-2	-4	-2	-4
"44"	1	1	1	1	0	0	45	100	0	0	395.979797464	395.979797464	1553615278.63	-2	-4	-2	-4
"45"	1	1	1	1	0	0	45	100	0	0	395.979797464	395.979797464	1553615278.66	-2	-4	-2	-4
"46"	1	1	1	1	0	0	45	100	0	0	395.979797464	395.979797464	1553615278.69	-2	-4	-2	-4
"47"	1	1	1	1	0	0	45	100	0	0	395.979797464	395.979797464	1553615278.73	-2	-4	-2	-4
"48"	1	1	1	1	0	0	45	100	0	0	395.979797464	395.979797464	1553615278.76	-2	-4	-2	-4
"49"	1	1	1	1	0	0	45	100	0	0	395.979797464	395.979797464	1553615278.79	-2	-4	-2	-4
"50"	1	1	1	1	0	0	45	100	0	0	395.979797464	395.979797464	1553615278.83	-2	-4	-2	-4
"51"	1	1	1	1	0	0	45	100	0	0	395.979797464	395.979797464	1553615278.86	0	-1	0	-1
"52"	1	1	1	1	0	0	45	100	0	0	395.979797464	395.979797464	1553615278.89	6	9	6	9
"53"	1	1	1	1	0	0	45	100	0	0	395.979797464	395.979797464	1553615278.93	16	25	16	25
"54"	1	1	1	1	0	0	45	100	0	0	395.979797464	395.979797464	1553615278.96	25	42	25	42
"55"	1	1	1	1	0	0	45	100	0	0	395.979797464	395.979797464	1553615278.99	42	67	42	67
"56"	1	1	1	1	0	0	45	100	0	0	395.979797464	395.979797464	1553615279.03	62	92	62	92
"57"	1	1	1	1	0	0	45	100	0	0	395.979797464	395.979797464	1553615279.06	87	119	87	119
"58"	1	1	1	1	0	0	45	100	0	0	395.979797464	395.979797464	1553615279.09	116	147	116	147
"59"	1	1	1	1	0	0	45	100	0	0	395.979797464	395.979797464	1553615279.13	143	172	143	172
"60"	1	1	1	1	0	0	45	100	0	0	395.979797464	395.979797464	1553615279.16	174	200	174	200
"61"	1	1	1	1	0	0	45	100	0	0	395.979797464	395.979797464	1553615279.19	199	224	199	224
"62"	1	1	1	1	0	0	45	100	0	0	395.979797464	395.979797464	1553615279.23	228	249	228	249
"63"	1	1	1	1	0	0	45	100	0	0	395.979797464	395.979797464	1553615279.26	256	273	256	273
"64"	1	1	1	1	0	0	45	100	0	0	395.979797464	395.979797464	1553615279.29	279	292	279	292
"65"	1	1	1	1	0	0	45	100	0	0	395.979797464	395.979797464	1553615279.33	307	315	307	315
"66"	1	1	1	1	0	0	45	100	0	0	395.979797464	395.979797464	1553615279.36	326	331	326	331
"67"	1	1	1	1	0	0	45	100	0	0	395.979797464	395.979797464	1553615279.39	345	348	345	348
"68"	1	1	1	1	0	0	45	100	0	0	395.979797464	395.979797464	1553615279.43	359	361	359	361
"69"	1	1	1	1	0	0	45	100	0	0	395.979797464	395.979797464	1553615279.46	372	373	372	373
"70"	1	1	1	1	0	0	45	100	0	0	395.979797464	395.979797464	1553615279.49	385	386	385	386
"71"	1	1	1	1	0	0	45	100	0	0	395.979797464	395.979797464	1553615279.53	396	397	396	397
"72"	1	1	1	1	0	0	45	100	0	0	395.979797464	395.979797464	1553615279.56	408	409	408	409
"73"	1	1	1	1	0	0	45	100	0	0	395.979797464	395.979797464	1553615279.59	418	418	418	418
"74"	1	1	1	1	0	0	45	100	0	0	395.979797464	395.979797464	1553615279.63	425	424	425	424
"75"	1	1	1	1	0	0	45	100	0	0	395.979797464	395.979797464	1553615279.66	428	428	428	428
"76"	1	1	1	1	0	0	45	100	0	0	395.979797464	395.979797464	1553615279.69	429	429	429	429
"77"	1	1	1	1	0	0	45	100	0	0	395.979797464	395.979797464	1553615279.73	429	429	429	429
"78"	1	1	1	1	0	0	45	100	0	0	395.979797464	395.979797464	1553615279.76	429	429	429	429
"79"	1	1	1	1	0	0	45	100	0	0	395.979797464	395.979797464	1553615279.79	429	429	429	429
"80"	1	1	1	1	0	0	45	100	0	0	395.979797464	395.979797464	1553615279.83	429	429	429	429
"81"	1	1	1	1	0	0	45	100	0	0	395.979797464	395.979797464	1553615279.86	428	428	428	428
"82"	1	1	1	1	0	0	45	100	0	0	395.979797464	395.979797464	1553615279.89	427	426	427	426
"83"	1	1	1	1	0	0	45	100	0	0	395.979797464	395.979797464	1553615279.93	424	423	424	423
"84"	1	1	1	1	0	0	45	100	0	0	395.979797464	395.979797464	1553615279.96	423	422	423	422
"85"	1	1	1	1	0	0	45	100	0	0	395.979797464	395.979797464	1553615279.99	422	421	422	421
"86"	1	1	1	1	0	0	45	100	0	0	395.979797464	395.979797464	1553615280.03	422	420	422	420
"87"	1	1	1	1	0	0	45	100	0	0	395.979797464	395.979797464	1553615280.06	421	420	421	420
"88"	1	1	1	1	0	0	45	100	0	0	395.979797464	395.979797464	1553615280.09	420	418	420	418
"89"	1	1	1	1	0	0	45	100	0	0	395.979797464	395.979797464	1553615280.13	418	416	418	416
"90"	1	1	1	1	0	0	45	100	0	0	395.979797464	395.979797464	1553615280.16	416	414	416	414
"91"	1	1	1	1	0	0	45	100	0	0	395.979797464	395.979797464	1553615280.19	414	412	414	412
"92"	1	1	1	1	0	0	45	100	0	0	395.979797464	395.979797464	1553615280.23	412	409	412	409
"93"	1	1	1	1	0	0	45	100	0	0	395.979797464	395.979797464	1553615280.26	410	407	410	407
"94"	1	1	1	1	0	0	45	100	0	0	395.979797464	395.979797464	1553615280.29	408	406	408	406
"95"	1	1	1	1	0	0	45	100	0	0	395.979797464	395.979797464	1553615280.33	407	404	407	404
"96"	1	1	1	2	0	0	135	100	0	0	-395.979797464	395.979797464	1553615282.87	1	-1	1	-1
"97"	1	1	1	2	0	0	135	100	0	0	-395.979797464	395.979797464	1553615282.9	1	-1	1	-1
"98"	1	1	1	2	0	0	135	100	0	0	-395.979797464	395.979797464	1553615282.93	-1	-4	-1	-4
"99"	1	1	1	2	0	0	135	100	0	0	-395.979797464	395.979797464	1553615282.96	-2	-6	-2	-6
"100"	1	1	1	2	0	0	135	100	0	0	-395.979797464	395.979797464	1553615283	-3	-6	-3	-6
"101"	1	1	1	2	0	0	135	100	0	0	-395.979797464	395.979797464	1553615283.03	-2	-5	-2	-5
"102"	1	1	1	2	0	0	135	100	0	0	-395.979797464	395.979797464	1553615283.06	-2	-5	-2	-5
"103"	1	1	1	2	0	0	135	100	0	0	-395.979797464	395.979797464	1553615283.1	-2	-5	-2	-5
"104"	1	1	1	2	0	0	135	100	0	0	-395.979797464	395.979797464	1553615283.13	-2	-5	-2	-5
"105"	1	1	1	2	0	0	135	100	0	0	-395.979797464	395.979797464	1553615283.16	-2	-5	-2	-5
"106"	1	1	1	2	0	0	135	100	0	0	-395.979797464	395.979797464	1553615283.2	-2	-5	-2	-5
"107"	1	1	1	2	0	0	135	100	0	0	-395.979797464	395.979797464	1553615283.23	-2	-5	-2	-5
"108"	1	1	1	2	0	0	135	100	0	0	-395.979797464	395.979797464	1553615283.26	-2	-5	-2	-5
"109"	1	1	1	2	0	0	135	100	0	0	-395.979797464	395.979797464	1553615283.3	-2	-5	-2	-5
"110"	1	1	1	2	0	0	135	100	0	0	-395.979797464	395.979797464	1553615283.33	-2	-5	-2	-5
"111"	1	1	1	2	0	0	135	100	0	0	-395.979797464	395.979797464	1553615283.36	-2	-5	-2	-5
"112"	1	1	1	2	0	0	135	100	0	0	-395.979797464	395.979797464	1553615283.4	-2	-5	-2	-5
"113"	1	1	1	2	0	0	135	100	0	0	-395.979797464	395.979797464	1553615283.43	-2	-5	-2	-5
"114"	1	1	1	2	0	0	135	100	0	0	-395.979797464	395.979797464	1553615283.46	-3	-3	-3	-3
"115"	1	1	1	2	0	0	135	100	0	0	-395.979797464	395.979797464	1553615283.5	-6	1	-6	1
"116"	1	1	1	2	0	0	135	100	0	0	-395.979797464	395.979797464	1553615283.53	-14	8	-14	8
"117"	1	1	1	2	0	0	135	100	0	0	-395.979797464	395.979797464	1553615283.56	-27	16	-27	16
"118"	1	1	1	2	0	0	135	100	0	0	-395.979797464	395.979797464	1553615283.6	-41	25	-41	25
"119"	1	1	1	2	0	0	135	100	0	0	-395.979797464	395.979797464	1553615283.63	-59	37	-59	37
"120"	1	1	1	2	0	0	135	100	0	0	-395.979797464	395.979797464	1553615283.66	-76	47	-76	47
"121"	1	1	1	2	0	0	135	100	0	0	-395.979797464	395.979797464	1553615283.7	-94	59	-94	59
"122"	1	1	1	2	0	0	135	100	0	0	-395.979797464	395.979797464	1553615283.73	-112	71	-112	71
"123"	1	1	1	2	0	0	135	100	0	0	-395.979797464	395.979797464	1553615283.76	-127	81	-127	81
"124"	1	1	1	2	0	0	135	100	0	0	-395.979797464	395.979797464	1553615283.8	-144	90	-144	90
"125"	1	1	1	2	0	0	135	100	0	0	-395.979797464	395.979797464	1553615283.83	-160	100	-160	100
"126"	1	1	1	2	0	0	135	100	0	0	-395.979797464	395.979797464	1553615283.86	-175	110	-175	110
"127"	1	1	1	2	0	0	135	100	0	0	-395.979797464	395.979797464	1553615283.9	-187	122	-187	122
"128"	1	1	1	2	0	0	135	100	0	0	-395.979797464	395.979797464	1553615283.93	-197	133	-197	133
"129"	1	1	1	2	0	0	135	100	0	0	-395.979797464	395.979797464	1553615283.96	-209	146	-209	146
"130"	1	1	1	2	0	0	135	100	0	0	-395.979797464	395.979797464	1553615284	-221	157	-221	157
"131"	1	1	1	2	0	0	135	100	0	0	-395.979797464	395.979797464	1553615284.03	-236	171	-236	171
"132"	1	1	1	2	0	0	135	100	0	0	-395.979797464	395.979797464	1553615284.06	-254	186	-254	186
"133"	1	1	1	2	0	0	135	100	0	0	-395.979797464	395.979797464	1553615284.1	-272	204	-272	204
"134"	1	1	1	2	0	0	135	100	0	0	-395.979797464	395.979797464	1553615284.13	-289	223	-289	223
"135"	1	1	1	2	0	0	135	100	0	0	-395.979797464	395.979797464	1553615284.16	-304	240	-304	240
"136"	1	1	1	2	0	0	135	100	0	0	-395.979797464	395.979797464	1553615284.2	-320	259	-320	259
"137"	1	1	1	2	0	0	135	100	0	0	-395.979797464	395.979797464	1553615284.23	-333	273	-333	273
"138"	1	1	1	2	0	0	135	100	0	0	-395.979797464	395.979797464	1553615284.26	-346	288	-346	288
"139"	1	1	1	2	0	0	135	100	0	0	-395.979797464	395.979797464	1553615284.3	-356	303	-356	303
"140"	1	1	1	2	0	0	135	100	0	0	-395.979797464	395.979797464	1553615284.33	-362	313	-362	313
"141"	1	1	1	2	0	0	135	100	0	0	-395.979797464	395.979797464	1553615284.36	-368	325	-368	325
"142"	1	1	1	2	0	0	135	100	0	0	-395.979797464	395.979797464	1553615284.4	-372	332	-372	332
"143"	1	1	1	2	0	0	135	100	0	0	-395.979797464	395.979797464	1553615284.43	-376	341	-376	341
"144"	1	1	1	2	0	0	135	100	0	0	-395.979797464	395.979797464	1553615284.46	-378	349	-378	349
"145"	1	1	1	2	0	0	135	100	0	0	-395.979797464	395.979797464	1553615284.5	-380	355	-380	355
"146"	1	1	1	2	0	0	135	100	0	0	-395.979797464	395.979797464	1553615284.53	-382	361	-382	361
"147"	1	1	1	2	0	0	135	100	0	0	-395.979797464	395.979797464	1553615284.56	-384	367	-384	367
"148"	1	1	1	2	0	0	135	100	0	0	-395.979797464	395.979797464	1553615284.6	-386	374	-386	374
"149"	1	1	1	2	0	0	135	100	0	0	-395.979797464	395.979797464	1553615284.63	-387	380	-387	380
"150"	1	1	1	2	0	0	135	100	0	0	-395.979797464	395.979797464	1553615284.66	-388	386	-388	386
"151"	1	1	1	2	0	0	135	100	0	0	-395.979797464	395.979797464	1553615284.7	-388	391	-388	391
"152"	1	1	1	2	0	0	135	100	0	0	-395.979797464	395.979797464	1553615284.73	-387	393	-387	393
"153"	1	1	1	2	0	0	135	100	0	0	-395.979797464	395.979797464	1553615284.76	-387	396	-387	396
"154"	1	1	1	2	0	0	135	100	0	0	-395.979797464	395.979797464	1553615284.8	-388	400	-388	400
"155"	1	1	1	2	0	0	135	100	0	0	-395.979797464	395.979797464	1553615284.83	-389	401	-389	401
"156"	1	1	1	2	0	0	135	100	0	0	-395.979797464	395.979797464	1553615284.86	-390	403	-390	403
"157"	1	1	1	3	0	0	90	100	0	0	3.42901103761e-14	560	1553615286.91	-1	2	-1	2
"158"	1	1	1	3	0	0	90	100	0	0	3.42901103761e-14	560	1553615286.93	-2	1	-2	1
"159"	1	1	1	3	0	0	90	100	0	0	3.42901103761e-14	560	1553615286.97	-2	0	-2	0
"160"	1	1	1	3	0	0	90	100	0	0	3.42901103761e-14	560	1553615287	-1	0	-1	0
"161"	1	1	1	3	0	0	90	100	0	0	3.42901103761e-14	560	1553615287.03	-1	-1	-1	-1
"162"	1	1	1	3	0	0	90	100	0	0	3.42901103761e-14	560	1553615287.07	-1	-1	-1	-1
"163"	1	1	1	3	0	0	90	100	0	0	3.42901103761e-14	560	1553615287.1	-1	-1	-1	-1
"164"	1	1	1	3	0	0	90	100	0	0	3.42901103761e-14	560	1553615287.13	-1	-1	-1	-1
"165"	1	1	1	3	0	0	90	100	0	0	3.42901103761e-14	560	1553615287.17	-1	-1	-1	-1
"166"	1	1	1	3	0	0	90	100	0	0	3.42901103761e-14	560	1553615287.2	-1	-1	-1	-1
"167"	1	1	1	3	0	0	90	100	0	0	3.42901103761e-14	560	1553615287.23	-1	-1	-1	-1
"168"	1	1	1	3	0	0	90	100	0	0	3.42901103761e-14	560	1553615287.27	-1	-1	-1	-1
"169"	1	1	1	3	0	0	90	100	0	0	3.42901103761e-14	560	1553615287.3	-1	-1	-1	-1
"170"	1	1	1	3	0	0	90	100	0	0	3.42901103761e-14	560	1553615287.33	-1	-1	-1	-1
"171"	1	1	1	3	0	0	90	100	0	0	3.42901103761e-14	560	1553615287.37	-2	-1	-2	-1
"172"	1	1	1	3	0	0	90	100	0	0	3.42901103761e-14	560	1553615287.4	-2	1	-2	1
"173"	1	1	1	3	0	0	90	100	0	0	3.42901103761e-14	560	1553615287.43	-2	6	-2	6
"174"	1	1	1	3	0	0	90	100	0	0	3.42901103761e-14	560	1553615287.47	-3	20	-3	20
"175"	1	1	1	3	0	0	90	100	0	0	3.42901103761e-14	560	1553615287.5	-5	35	-5	35
"176"	1	1	1	3	0	0	90	100	0	0	3.42901103761e-14	560	1553615287.53	-7	58	-7	58
"177"	1	1	1	3	0	0	90	100	0	0	3.42901103761e-14	560	1553615287.57	-7	77	-7	77
"178"	1	1	1	3	0	0	90	100	0	0	3.42901103761e-14	560	1553615287.6	-8	98	-8	98
"179"	1	1	1	3	0	0	90	100	0	0	3.42901103761e-14	560	1553615287.63	-8	122	-8	122
"180"	1	1	1	3	0	0	90	100	0	0	3.42901103761e-14	560	1553615287.67	-8	145	-8	145
"181"	1	1	1	3	0	0	90	100	0	0	3.42901103761e-14	560	1553615287.7	-8	169	-8	169
"182"	1	1	1	3	0	0	90	100	0	0	3.42901103761e-14	560	1553615287.73	-9	189	-9	189
"183"	1	1	1	3	0	0	90	100	0	0	3.42901103761e-14	560	1553615287.77	-10	212	-10	212
"184"	1	1	1	3	0	0	90	100	0	0	3.42901103761e-14	560	1553615287.8	-10	231	-10	231
"185"	1	1	1	3	0	0	90	100	0	0	3.42901103761e-14	560	1553615287.83	-9	253	-9	253
"186"	1	1	1	3	0	0	90	100	0	0	3.42901103761e-14	560	1553615287.87	-8	274	-8	274
"187"	1	1	1	3	0	0	90	100	0	0	3.42901103761e-14	560	1553615287.9	-7	293	-7	293
"188"	1	1	1	3	0	0	90	100	0	0	3.42901103761e-14	560	1553615287.93	-5	317	-5	317
"189"	1	1	1	3	0	0	90	100	0	0	3.42901103761e-14	560	1553615287.97	-4	340	-4	340
"190"	1	1	1	3	0	0	90	100	0	0	3.42901103761e-14	560	1553615288	-4	363	-4	363
"191"	1	1	1	3	0	0	90	100	0	0	3.42901103761e-14	560	1553615288.03	-4	386	-4	386
"192"	1	1	1	3	0	0	90	100	0	0	3.42901103761e-14	560	1553615288.07	-4	405	-4	405
"193"	1	1	1	3	0	0	90	100	0	0	3.42901103761e-14	560	1553615288.1	-4	426	-4	426
"194"	1	1	1	3	0	0	90	100	0	0	3.42901103761e-14	560	1553615288.13	-4	442	-4	442
"195"	1	1	1	3	0	0	90	100	0	0	3.42901103761e-14	560	1553615288.17	-4	457	-4	457
"196"	1	1	1	3	0	0	90	100	0	0	3.42901103761e-14	560	1553615288.2	-6	472	-6	472
"197"	1	1	1	3	0	0	90	100	0	0	3.42901103761e-14	560	1553615288.23	-7	486	-7	486
"198"	1	1	1	3	0	0	90	100	0	0	3.42901103761e-14	560	1553615288.27	-7	497	-7	497
"199"	1	1	1	3	0	0	90	100	0	0	3.42901103761e-14	560	1553615288.3	-7	510	-7	510
"200"	1	1	1	3	0	0	90	100	0	0	3.42901103761e-14	560	1553615288.33	-7	521	-7	521
"201"	1	1	1	3	0	0	90	100	0	0	3.42901103761e-14	560	1553615288.37	-6	530	-6	530
"202"	1	1	1	3	0	0	90	100	0	0	3.42901103761e-14	560	1553615288.4	-6	537	-6	537
"203"	1	1	1	3	0	0	90	100	0	0	3.42901103761e-14	560	1553615288.43	-5	544	-5	544
"204"	1	1	1	3	0	0	90	100	0	0	3.42901103761e-14	560	1553615288.47	-4	549	-4	549
"205"	1	1	1	3	0	0	90	100	0	0	3.42901103761e-14	560	1553615288.5	-3	556	-3	556
"206"	1	1	1	3	0	0	90	100	0	0	3.42901103761e-14	560	1553615288.53	-2	561	-2	561
"207"	1	1	1	3	0	0	90	100	0	0	3.42901103761e-14	560	1553615288.57	0	565	0	565
"208"	1	1	1	3	0	0	90	100	0	0	3.42901103761e-14	560	1553615288.6	1	569	1	569
"209"	1	1	1	4	0	0	45	100	0	0	395.979797464	395.979797464	1553615290.68	-2	-3	-2	-3
"210"	1	1	1	4	0	0	45	100	0	0	395.979797464	395.979797464	1553615290.7	-2	-4	-2	-4
"211"	1	1	1	4	0	0	45	100	0	0	395.979797464	395.979797464	1553615290.74	-2	-5	-2	-5
"212"	1	1	1	4	0	0	45	100	0	0	395.979797464	395.979797464	1553615290.77	-2	-6	-2	-6
"213"	1	1	1	4	0	0	45	100	0	0	395.979797464	395.979797464	1553615290.8	-2	-6	-2	-6
"214"	1	1	1	4	0	0	45	100	0	0	395.979797464	395.979797464	1553615290.84	-2	-5	-2	-5
"215"	1	1	1	4	0	0	45	100	0	0	395.979797464	395.979797464	1553615290.87	-2	-5	-2	-5
"216"	1	1	1	4	0	0	45	100	0	0	395.979797464	395.979797464	1553615290.9	-2	-5	-2	-5
"217"	1	1	1	4	0	0	45	100	0	0	395.979797464	395.979797464	1553615290.94	-2	-5	-2	-5
"218"	1	1	1	4	0	0	45	100	0	0	395.979797464	395.979797464	1553615290.97	-2	-5	-2	-5
"219"	1	1	1	4	0	0	45	100	0	0	395.979797464	395.979797464	1553615291	-2	-5	-2	-5
"220"	1	1	1	4	0	0	45	100	0	0	395.979797464	395.979797464	1553615291.04	-2	-4	-2	-4
"221"	1	1	1	4	0	0	45	100	0	0	395.979797464	395.979797464	1553615291.07	0	1	0	1
"222"	1	1	1	4	0	0	45	100	0	0	395.979797464	395.979797464	1553615291.1	7	12	7	12
"223"	1	1	1	4	0	0	45	100	0	0	395.979797464	395.979797464	1553615291.14	19	31	19	31
"224"	1	1	1	4	0	0	45	100	0	0	395.979797464	395.979797464	1553615291.17	32	47	32	47
"225"	1	1	1	4	0	0	45	100	0	0	395.979797464	395.979797464	1553615291.2	54	70	54	70
"226"	1	1	1	4	0	0	45	100	0	0	395.979797464	395.979797464	1553615291.24	72	88	72	88
"227"	1	1	1	4	0	0	45	100	0	0	395.979797464	395.979797464	1553615291.27	90	105	90	105
"228"	1	1	1	4	0	0	45	100	0	0	395.979797464	395.979797464	1553615291.3	106	120	106	120
"229"	1	1	1	4	0	0	45	100	0	0	395.979797464	395.979797464	1553615291.34	120	133	120	133
"230"	1	1	1	4	0	0	45	100	0	0	395.979797464	395.979797464	1553615291.37	136	148	136	148
"231"	1	1	1	4	0	0	45	100	0	0	395.979797464	395.979797464	1553615291.4	146	157	146	157
"232"	1	1	1	4	0	0	45	100	0	0	395.979797464	395.979797464	1553615291.44	157	167	157	167
"233"	1	1	1	4	0	0	45	100	0	0	395.979797464	395.979797464	1553615291.47	168	176	168	176
"234"	1	1	1	4	0	0	45	100	0	0	395.979797464	395.979797464	1553615291.5	182	189	182	189
"235"	1	1	1	4	0	0	45	100	0	0	395.979797464	395.979797464	1553615291.54	197	204	197	204
"236"	1	1	1	4	0	0	45	100	0	0	395.979797464	395.979797464	1553615291.57	210	217	210	217
"237"	1	1	1	4	0	0	45	100	0	0	395.979797464	395.979797464	1553615291.6	228	235	228	235
"238"	1	1	1	4	0	0	45	100	0	0	395.979797464	395.979797464	1553615291.64	240	249	240	249
"239"	1	1	1	4	0	0	45	100	0	0	395.979797464	395.979797464	1553615291.67	255	266	255	266
"240"	1	1	1	4	0	0	45	100	0	0	395.979797464	395.979797464	1553615291.7	268	280	268	280
"241"	1	1	1	4	0	0	45	100	0	0	395.979797464	395.979797464	1553615291.74	283	298	283	298
"242"	1	1	1	4	0	0	45	100	0	0	395.979797464	395.979797464	1553615291.77	297	313	297	313
"243"	1	1	1	4	0	0	45	100	0	0	395.979797464	395.979797464	1553615291.8	308	323	308	323
"244"	1	1	1	4	0	0	45	100	0	0	395.979797464	395.979797464	1553615291.84	318	332	318	332
"245"	1	1	1	4	0	0	45	100	0	0	395.979797464	395.979797464	1553615291.87	327	341	327	341
"246"	1	1	1	4	0	0	45	100	0	0	395.979797464	395.979797464	1553615291.9	335	349	335	349
"247"	1	1	1	4	0	0	45	100	0	0	395.979797464	395.979797464	1553615291.94	342	356	342	356
"248"	1	1	1	4	0	0	45	100	0	0	395.979797464	395.979797464	1553615291.97	351	365	351	365
"249"	1	1	1	4	0	0	45	100	0	0	395.979797464	395.979797464	1553615292	359	372	359	372
"250"	1	1	1	4	0	0	45	100	0	0	395.979797464	395.979797464	1553615292.04	365	377	365	377
"251"	1	1	1	4	0	0	45	100	0	0	395.979797464	395.979797464	1553615292.07	369	381	369	381
"252"	1	1	1	4	0	0	45	100	0	0	395.979797464	395.979797464	1553615292.1	373	383	373	383
"253"	1	1	1	4	0	0	45	100	0	0	395.979797464	395.979797464	1553615292.14	375	385	375	385
"254"	1	1	1	4	0	0	45	100	0	0	395.979797464	395.979797464	1553615292.17	377	387	377	387
"255"	1	1	1	4	0	0	45	100	0	0	395.979797464	395.979797464	1553615292.2	383	391	383	391
"256"	1	1	1	4	0	0	45	100	0	0	395.979797464	395.979797464	1553615292.24	389	394	389	394
"257"	1	1	1	4	0	0	45	100	0	0	395.979797464	395.979797464	1553615292.27	392	395	392	395
"258"	1	1	1	5	0	0	90	100	0	0	3.42901103761e-14	560	1553615294.12	-5	-7	-5	-7
"259"	1	1	1	5	0	0	90	100	0	0	3.42901103761e-14	560	1553615294.14	-5	-7	-5	-7
"260"	1	1	1	5	0	0	90	100	0	0	3.42901103761e-14	560	1553615294.17	-5	-7	-5	-7
"261"	1	1	1	5	0	0	90	100	0	0	3.42901103761e-14	560	1553615294.21	-5	-6	-5	-6
"262"	1	1	1	5	0	0	90	100	0	0	3.42901103761e-14	560	1553615294.24	-5	-5	-5	-5
"263"	1	1	1	5	0	0	90	100	0	0	3.42901103761e-14	560	1553615294.27	-5	-4	-5	-4
"264"	1	1	1	5	0	0	90	100	0	0	3.42901103761e-14	560	1553615294.31	-4	-4	-4	-4
"265"	1	1	1	5	0	0	90	100	0	0	3.42901103761e-14	560	1553615294.34	-4	-3	-4	-3
"266"	1	1	1	5	0	0	90	100	0	0	3.42901103761e-14	560	1553615294.37	-3	-2	-3	-2
"267"	1	1	1	5	0	0	90	100	0	0	3.42901103761e-14	560	1553615294.41	-3	-2	-3	-2
"268"	1	1	1	5	0	0	90	100	0	0	3.42901103761e-14	560	1553615294.44	-3	-2	-3	-2
"269"	1	1	1	5	0	0	90	100	0	0	3.42901103761e-14	560	1553615294.47	-4	-2	-4	-2
"270"	1	1	1	5	0	0	90	100	0	0	3.42901103761e-14	560	1553615294.51	-5	2	-5	2
"271"	1	1	1	5	0	0	90	100	0	0	3.42901103761e-14	560	1553615294.54	-5	11	-5	11
"272"	1	1	1	5	0	0	90	100	0	0	3.42901103761e-14	560	1553615294.57	-3	30	-3	30
"273"	1	1	1	5	0	0	90	100	0	0	3.42901103761e-14	560	1553615294.61	-4	55	-4	55
"274"	1	1	1	5	0	0	90	100	0	0	3.42901103761e-14	560	1553615294.64	-4	84	-4	84
"275"	1	1	1	5	0	0	90	100	0	0	3.42901103761e-14	560	1553615294.67	-5	111	-5	111
"276"	1	1	1	5	0	0	90	100	0	0	3.42901103761e-14	560	1553615294.71	-5	144	-5	144
"277"	1	1	1	5	0	0	90	100	0	0	3.42901103761e-14	560	1553615294.74	-4	177	-4	177
"278"	1	1	1	5	0	0	90	100	0	0	3.42901103761e-14	560	1553615294.77	-2	209	-2	209
"279"	1	1	1	5	0	0	90	100	0	0	3.42901103761e-14	560	1553615294.81	-1	231	-1	231
"280"	1	1	1	5	0	0	90	100	0	0	3.42901103761e-14	560	1553615294.84	0	254	0	254
"281"	1	1	1	5	0	0	90	100	0	0	3.42901103761e-14	560	1553615294.87	1	270	1	270
"282"	1	1	1	5	0	0	90	100	0	0	3.42901103761e-14	560	1553615294.91	2	285	2	285
"283"	1	1	1	5	0	0	90	100	0	0	3.42901103761e-14	560	1553615294.94	6	306	6	306
"284"	1	1	1	5	0	0	90	100	0	0	3.42901103761e-14	560	1553615294.97	10	321	10	321
"285"	1	1	1	5	0	0	90	100	0	0	3.42901103761e-14	560	1553615295.01	12	339	12	339
"286"	1	1	1	5	0	0	90	100	0	0	3.42901103761e-14	560	1553615295.04	14	355	14	355
"287"	1	1	1	5	0	0	90	100	0	0	3.42901103761e-14	560	1553615295.07	15	376	15	376
"288"	1	1	1	5	0	0	90	100	0	0	3.42901103761e-14	560	1553615295.11	17	399	17	399
"289"	1	1	1	5	0	0	90	100	0	0	3.42901103761e-14	560	1553615295.14	19	416	19	416
"290"	1	1	1	5	0	0	90	100	0	0	3.42901103761e-14	560	1553615295.17	21	438	21	438
"291"	1	1	1	5	0	0	90	100	0	0	3.42901103761e-14	560	1553615295.21	22	454	22	454
"292"	1	1	1	5	0	0	90	100	0	0	3.42901103761e-14	560	1553615295.24	23	470	23	470
"293"	1	1	1	5	0	0	90	100	0	0	3.42901103761e-14	560	1553615295.27	23	482	23	482
"294"	1	1	1	5	0	0	90	100	0	0	3.42901103761e-14	560	1553615295.31	23	495	23	495
"295"	1	1	1	5	0	0	90	100	0	0	3.42901103761e-14	560	1553615295.34	21	506	21	506
"296"	1	1	1	5	0	0	90	100	0	0	3.42901103761e-14	560	1553615295.37	20	515	20	515
"297"	1	1	1	5	0	0	90	100	0	0	3.42901103761e-14	560	1553615295.41	18	524	18	524
"298"	1	1	1	5	0	0	90	100	0	0	3.42901103761e-14	560	1553615295.44	15	532	15	532
"299"	1	1	1	5	0	0	90	100	0	0	3.42901103761e-14	560	1553615295.47	13	538	13	538
"300"	1	1	1	5	0	0	90	100	0	0	3.42901103761e-14	560	1553615295.51	11	543	11	543
"301"	1	1	1	5	0	0	90	100	0	0	3.42901103761e-14	560	1553615295.54	10	546	10	546
"302"	1	1	1	5	0	0	90	100	0	0	3.42901103761e-14	560	1553615295.57	10	549	10	549
"303"	1	1	1	5	0	0	90	100	0	0	3.42901103761e-14	560	1553615295.61	9	550	9	550
"304"	1	1	1	5	0	0	90	100	0	0	3.42901103761e-14	560	1553615295.64	8	551	8	551
"305"	1	1	1	5	0	0	90	100	0	0	3.42901103761e-14	560	1553615295.67	7	553	7	553
"306"	1	1	1	5	0	0	90	100	0	0	3.42901103761e-14	560	1553615295.71	6	555	6	555
"307"	1	1	1	5	0	0	90	100	0	0	3.42901103761e-14	560	1553615295.74	5	558	5	558
"308"	1	1	1	5	0	0	90	100	0	0	3.42901103761e-14	560	1553615295.77	4	559	4	559
"309"	1	1	1	6	0	0	135	100	0	0	-395.979797464	395.979797464	1553615297.42	1	-12	1	-12
"310"	1	1	1	6	0	0	135	100	0	0	-395.979797464	395.979797464	1553615297.44	1	-12	1	-12
"311"	1	1	1	6	0	0	135	100	0	0	-395.979797464	395.979797464	1553615297.47	1	-12	1	-12
"312"	1	1	1	6	0	0	135	100	0	0	-395.979797464	395.979797464	1553615297.51	1	-12	1	-12
"313"	1	1	1	6	0	0	135	100	0	0	-395.979797464	395.979797464	1553615297.54	1	-12	1	-12
"314"	1	1	1	6	0	0	135	100	0	0	-395.979797464	395.979797464	1553615297.57	1	-12	1	-12
"315"	1	1	1	6	0	0	135	100	0	0	-395.979797464	395.979797464	1553615297.61	0	-11	0	-11
"316"	1	1	1	6	0	0	135	100	0	0	-395.979797464	395.979797464	1553615297.64	0	-11	0	-11
"317"	1	1	1	6	0	0	135	100	0	0	-395.979797464	395.979797464	1553615297.67	0	-11	0	-11
"318"	1	1	1	6	0	0	135	100	0	0	-395.979797464	395.979797464	1553615297.71	0	-11	0	-11
"319"	1	1	1	6	0	0	135	100	0	0	-395.979797464	395.979797464	1553615297.74	0	-11	0	-11
"320"	1	1	1	6	0	0	135	100	0	0	-395.979797464	395.979797464	1553615297.77	0	-11	0	-11
"321"	1	1	1	6	0	0	135	100	0	0	-395.979797464	395.979797464	1553615297.81	-1	-10	-1	-10
"322"	1	1	1	6	0	0	135	100	0	0	-395.979797464	395.979797464	1553615297.84	-4	-7	-4	-7
"323"	1	1	1	6	0	0	135	100	0	0	-395.979797464	395.979797464	1553615297.87	-12	3	-12	3
"324"	1	1	1	6	0	0	135	100	0	0	-395.979797464	395.979797464	1553615297.91	-25	19	-25	19
"325"	1	1	1	6	0	0	135	100	0	0	-395.979797464	395.979797464	1553615297.94	-52	46	-52	46
"326"	1	1	1	6	0	0	135	100	0	0	-395.979797464	395.979797464	1553615297.97	-81	74	-81	74
"327"	1	1	1	6	0	0	135	100	0	0	-395.979797464	395.979797464	1553615298.01	-108	102	-108	102
"328"	1	1	1	6	0	0	135	100	0	0	-395.979797464	395.979797464	1553615298.04	-131	127	-131	127
"329"	1	1	1	6	0	0	135	100	0	0	-395.979797464	395.979797464	1553615298.07	-155	155	-155	155
"330"	1	1	1	6	0	0	135	100	0	0	-395.979797464	395.979797464	1553615298.11	-178	181	-178	181
"331"	1	1	1	6	0	0	135	100	0	0	-395.979797464	395.979797464	1553615298.14	-196	201	-196	201
"332"	1	1	1	6	0	0	135	100	0	0	-395.979797464	395.979797464	1553615298.18	-214	221	-214	221
"333"	1	1	1	6	0	0	135	100	0	0	-395.979797464	395.979797464	1553615298.21	-228	237	-228	237
"334"	1	1	1	6	0	0	135	100	0	0	-395.979797464	395.979797464	1553615298.24	-239	252	-239	252
"335"	1	1	1	6	0	0	135	100	0	0	-395.979797464	395.979797464	1553615298.28	-251	267	-251	267
"336"	1	1	1	6	0	0	135	100	0	0	-395.979797464	395.979797464	1553615298.31	-260	278	-260	278
"337"	1	1	1	6	0	0	135	100	0	0	-395.979797464	395.979797464	1553615298.34	-270	291	-270	291
"338"	1	1	1	6	0	0	135	100	0	0	-395.979797464	395.979797464	1553615298.38	-277	301	-277	301
"339"	1	1	1	6	0	0	135	100	0	0	-395.979797464	395.979797464	1553615298.41	-286	312	-286	312
"340"	1	1	1	6	0	0	135	100	0	0	-395.979797464	395.979797464	1553615298.44	-295	322	-295	322
"341"	1	1	1	6	0	0	135	100	0	0	-395.979797464	395.979797464	1553615298.48	-304	330	-304	330
"342"	1	1	1	6	0	0	135	100	0	0	-395.979797464	395.979797464	1553615298.51	-313	339	-313	339
"343"	1	1	1	6	0	0	135	100	0	0	-395.979797464	395.979797464	1553615298.54	-322	348	-322	348
"344"	1	1	1	6	0	0	135	100	0	0	-395.979797464	395.979797464	1553615298.58	-329	356	-329	356
"345"	1	1	1	6	0	0	135	100	0	0	-395.979797464	395.979797464	1553615298.61	-335	361	-335	361
"346"	1	1	1	6	0	0	135	100	0	0	-395.979797464	395.979797464	1553615298.64	-341	367	-341	367
"347"	1	1	1	6	0	0	135	100	0	0	-395.979797464	395.979797464	1553615298.68	-349	373	-349	373
"348"	1	1	1	6	0	0	135	100	0	0	-395.979797464	395.979797464	1553615298.71	-356	376	-356	376
"349"	1	1	1	6	0	0	135	100	0	0	-395.979797464	395.979797464	1553615298.74	-364	380	-364	380
"350"	1	1	1	6	0	0	135	100	0	0	-395.979797464	395.979797464	1553615298.78	-370	383	-370	383
"351"	1	1	1	6	0	0	135	100	0	0	-395.979797464	395.979797464	1553615298.81	-374	384	-374	384
"352"	1	1	1	6	0	0	135	100	0	0	-395.979797464	395.979797464	1553615298.84	-377	386	-377	386
"353"	1	1	1	6	0	0	135	100	0	0	-395.979797464	395.979797464	1553615298.88	-379	388	-379	388
"354"	1	1	1	6	0	0	135	100	0	0	-395.979797464	395.979797464	1553615298.91	-382	390	-382	390
"355"	1	1	1	6	0	0	135	100	0	0	-395.979797464	395.979797464	1553615298.94	-386	393	-386	393
"356"	1	1	1	6	0	0	135	100	0	0	-395.979797464	395.979797464	1553615298.98	-390	396	-390	396
"357"	1	1	1	6	0	0	135	100	0	0	-395.979797464	395.979797464	1553615299.01	-394	398	-394	398
"358"	1	1	1	6	0	0	135	100	0	0	-395.979797464	395.979797464	1553615299.04	-395	399	-395	399
"359"	1	1	1	6	0	0	135	100	0	0	-395.979797464	395.979797464	1553615299.08	-396	400	-396	400
"360"	1	1	1	7	0	0	135	100	0	0	-395.979797464	395.979797464	1553615300.62	-9	-6	-9	-6
"361"	1	1	1	7	0	0	135	100	0	0	-395.979797464	395.979797464	1553615300.64	-9	-4	-9	-4
"362"	1	1	1	7	0	0	135	100	0	0	-395.979797464	395.979797464	1553615300.68	-8	-3	-8	-3
"363"	1	1	1	7	0	0	135	100	0	0	-395.979797464	395.979797464	1553615300.71	-8	-2	-8	-2
"364"	1	1	1	7	0	0	135	100	0	0	-395.979797464	395.979797464	1553615300.74	-8	-2	-8	-2
"365"	1	1	1	7	0	0	135	100	0	0	-395.979797464	395.979797464	1553615300.78	-7	-2	-7	-2
"366"	1	1	1	7	0	0	135	100	0	0	-395.979797464	395.979797464	1553615300.81	-7	-2	-7	-2
"367"	1	1	1	7	0	0	135	100	0	0	-395.979797464	395.979797464	1553615300.84	-6	-1	-6	-1
"368"	1	1	1	7	0	0	135	100	0	0	-395.979797464	395.979797464	1553615300.88	-5	0	-5	0
"369"	1	1	1	7	0	0	135	100	0	0	-395.979797464	395.979797464	1553615300.91	-5	0	-5	0
"370"	1	1	1	7	0	0	135	100	0	0	-395.979797464	395.979797464	1553615300.94	-5	0	-5	0
"371"	1	1	1	7	0	0	135	100	0	0	-395.979797464	395.979797464	1553615300.98	-5	0	-5	0
"372"	1	1	1	7	0	0	135	100	0	0	-395.979797464	395.979797464	1553615301.01	-5	0	-5	0
"373"	1	1	1	7	0	0	135	100	0	0	-395.979797464	395.979797464	1553615301.04	-7	1	-7	1
"374"	1	1	1	7	0	0	135	100	0	0	-395.979797464	395.979797464	1553615301.08	-13	5	-13	5
"375"	1	1	1	7	0	0	135	100	0	0	-395.979797464	395.979797464	1553615301.11	-23	17	-23	17
"376"	1	1	1	7	0	0	135	100	0	0	-395.979797464	395.979797464	1553615301.14	-38	37	-38	37
"377"	1	1	1	7	0	0	135	100	0	0	-395.979797464	395.979797464	1553615301.18	-59	63	-59	63
"378"	1	1	1	7	0	0	135	100	0	0	-395.979797464	395.979797464	1553615301.21	-84	89	-84	89
"379"	1	1	1	7	0	0	135	100	0	0	-395.979797464	395.979797464	1553615301.24	-106	112	-106	112
"380"	1	1	1	7	0	0	135	100	0	0	-395.979797464	395.979797464	1553615301.28	-133	141	-133	141
"381"	1	1	1	7	0	0	135	100	0	0	-395.979797464	395.979797464	1553615301.31	-157	164	-157	164
"382"	1	1	1	7	0	0	135	100	0	0	-395.979797464	395.979797464	1553615301.34	-190	192	-190	192
"383"	1	1	1	7	0	0	135	100	0	0	-395.979797464	395.979797464	1553615301.38	-215	211	-215	211
"384"	1	1	1	7	0	0	135	100	0	0	-395.979797464	395.979797464	1553615301.41	-241	230	-241	230
"385"	1	1	1	7	0	0	135	100	0	0	-395.979797464	395.979797464	1553615301.44	-263	248	-263	248
"386"	1	1	1	7	0	0	135	100	0	0	-395.979797464	395.979797464	1553615301.48	-275	258	-275	258
"387"	1	1	1	7	0	0	135	100	0	0	-395.979797464	395.979797464	1553615301.51	-292	271	-292	271
"388"	1	1	1	7	0	0	135	100	0	0	-395.979797464	395.979797464	1553615301.54	-305	284	-305	284
"389"	1	1	1	7	0	0	135	100	0	0	-395.979797464	395.979797464	1553615301.58	-314	294	-314	294
"390"	1	1	1	7	0	0	135	100	0	0	-395.979797464	395.979797464	1553615301.61	-324	305	-324	305
"391"	1	1	1	7	0	0	135	100	0	0	-395.979797464	395.979797464	1553615301.64	-333	315	-333	315
"392"	1	1	1	7	0	0	135	100	0	0	-395.979797464	395.979797464	1553615301.68	-341	325	-341	325
"393"	1	1	1	7	0	0	135	100	0	0	-395.979797464	395.979797464	1553615301.71	-347	333	-347	333
"394"	1	1	1	7	0	0	135	100	0	0	-395.979797464	395.979797464	1553615301.74	-353	342	-353	342
"395"	1	1	1	7	0	0	135	100	0	0	-395.979797464	395.979797464	1553615301.78	-358	349	-358	349
"396"	1	1	1	7	0	0	135	100	0	0	-395.979797464	395.979797464	1553615301.81	-363	355	-363	355
"397"	1	1	1	7	0	0	135	100	0	0	-395.979797464	395.979797464	1553615301.84	-368	362	-368	362
"398"	1	1	1	7	0	0	135	100	0	0	-395.979797464	395.979797464	1553615301.88	-372	367	-372	367
"399"	1	1	1	7	0	0	135	100	0	0	-395.979797464	395.979797464	1553615301.91	-377	373	-377	373
"400"	1	1	1	7	0	0	135	100	0	0	-395.979797464	395.979797464	1553615301.94	-379	377	-379	377
"401"	1	1	1	7	0	0	135	100	0	0	-395.979797464	395.979797464	1553615301.98	-382	381	-382	381
"402"	1	1	1	7	0	0	135	100	0	0	-395.979797464	395.979797464	1553615302.01	-384	383	-384	383
"403"	1	1	1	7	0	0	135	100	0	0	-395.979797464	395.979797464	1553615302.04	-385	384	-385	384
"404"	1	1	1	7	0	0	135	100	0	0	-395.979797464	395.979797464	1553615302.08	-386	385	-386	385
"405"	1	1	1	7	0	0	135	100	0	0	-395.979797464	395.979797464	1553615302.11	-388	387	-388	387
"406"	1	1	1	7	0	0	135	100	0	0	-395.979797464	395.979797464	1553615302.14	-391	389	-391	389
"407"	1	1	1	7	0	0	135	100	0	0	-395.979797464	395.979797464	1553615302.18	-394	392	-394	392
"408"	1	1	1	7	0	0	135	100	0	0	-395.979797464	395.979797464	1553615302.21	-396	394	-396	394
"409"	1	1	1	7	0	0	135	100	0	0	-395.979797464	395.979797464	1553615302.24	-397	395	-397	395
"410"	1	1	1	7	0	0	135	100	0	0	-395.979797464	395.979797464	1553615302.28	-398	396	-398	396
"411"	1	1	1	8	0	0	90	100	0	0	3.42901103761e-14	560	1553615303.86	-4	-9	-4	-9
"412"	1	1	1	8	0	0	90	100	0	0	3.42901103761e-14	560	1553615303.88	-2	-9	-2	-9
"413"	1	1	1	8	0	0	90	100	0	0	3.42901103761e-14	560	1553615303.91	-1	-9	-1	-9
"414"	1	1	1	8	0	0	90	100	0	0	3.42901103761e-14	560	1553615303.95	-1	-8	-1	-8
"415"	1	1	1	8	0	0	90	100	0	0	3.42901103761e-14	560	1553615303.98	-1	-6	-1	-6
"416"	1	1	1	8	0	0	90	100	0	0	3.42901103761e-14	560	1553615304.01	-1	-5	-1	-5
"417"	1	1	1	8	0	0	90	100	0	0	3.42901103761e-14	560	1553615304.05	-1	-5	-1	-5
"418"	1	1	1	8	0	0	90	100	0	0	3.42901103761e-14	560	1553615304.08	-2	-4	-2	-4
"419"	1	1	1	8	0	0	90	100	0	0	3.42901103761e-14	560	1553615304.11	-2	-4	-2	-4
"420"	1	1	1	8	0	0	90	100	0	0	3.42901103761e-14	560	1553615304.15	-2	-4	-2	-4
"421"	1	1	1	8	0	0	90	100	0	0	3.42901103761e-14	560	1553615304.18	-2	-4	-2	-4
"422"	1	1	1	8	0	0	90	100	0	0	3.42901103761e-14	560	1553615304.21	-2	-4	-2	-4
"423"	1	1	1	8	0	0	90	100	0	0	3.42901103761e-14	560	1553615304.25	-3	-2	-3	-2
"424"	1	1	1	8	0	0	90	100	0	0	3.42901103761e-14	560	1553615304.28	-5	5	-5	5
"425"	1	1	1	8	0	0	90	100	0	0	3.42901103761e-14	560	1553615304.31	-6	23	-6	23
"426"	1	1	1	8	0	0	90	100	0	0	3.42901103761e-14	560	1553615304.35	-6	54	-6	54
"427"	1	1	1	8	0	0	90	100	0	0	3.42901103761e-14	560	1553615304.38	-11	88	-11	88
"428"	1	1	1	8	0	0	90	100	0	0	3.42901103761e-14	560	1553615304.41	-16	127	-16	127
"429"	1	1	1	8	0	0	90	100	0	0	3.42901103761e-14	560	1553615304.45	-20	168	-20	168
"430"	1	1	1	8	0	0	90	100	0	0	3.42901103761e-14	560	1553615304.48	-24	202	-24	202
"431"	1	1	1	8	0	0	90	100	0	0	3.42901103761e-14	560	1553615304.51	-28	240	-28	240
"432"	1	1	1	8	0	0	90	100	0	0	3.42901103761e-14	560	1553615304.55	-30	271	-30	271
"433"	1	1	1	8	0	0	90	100	0	0	3.42901103761e-14	560	1553615304.58	-33	304	-33	304
"434"	1	1	1	8	0	0	90	100	0	0	3.42901103761e-14	560	1553615304.61	-33	332	-33	332
"435"	1	1	1	8	0	0	90	100	0	0	3.42901103761e-14	560	1553615304.65	-32	355	-32	355
"436"	1	1	1	8	0	0	90	100	0	0	3.42901103761e-14	560	1553615304.68	-29	380	-29	380
"437"	1	1	1	8	0	0	90	100	0	0	3.42901103761e-14	560	1553615304.71	-25	399	-25	399
"438"	1	1	1	8	0	0	90	100	0	0	3.42901103761e-14	560	1553615304.75	-21	415	-21	415
"439"	1	1	1	8	0	0	90	100	0	0	3.42901103761e-14	560	1553615304.78	-18	431	-18	431
"440"	1	1	1	8	0	0	90	100	0	0	3.42901103761e-14	560	1553615304.81	-15	445	-15	445
"441"	1	1	1	8	0	0	90	100	0	0	3.42901103761e-14	560	1553615304.85	-11	459	-11	459
"442"	1	1	1	8	0	0	90	100	0	0	3.42901103761e-14	560	1553615304.88	-9	471	-9	471
"443"	1	1	1	8	0	0	90	100	0	0	3.42901103761e-14	560	1553615304.91	-8	484	-8	484
"444"	1	1	1	8	0	0	90	100	0	0	3.42901103761e-14	560	1553615304.95	-8	495	-8	495
"445"	1	1	1	8	0	0	90	100	0	0	3.42901103761e-14	560	1553615304.98	-8	506	-8	506
"446"	1	1	1	8	0	0	90	100	0	0	3.42901103761e-14	560	1553615305.01	-9	516	-9	516
"447"	1	1	1	8	0	0	90	100	0	0	3.42901103761e-14	560	1553615305.05	-9	525	-9	525
"448"	1	1	1	8	0	0	90	100	0	0	3.42901103761e-14	560	1553615305.08	-8	536	-8	536
"449"	1	1	1	8	0	0	90	100	0	0	3.42901103761e-14	560	1553615305.11	-8	546	-8	546
"450"	1	1	1	8	0	0	90	100	0	0	3.42901103761e-14	560	1553615305.15	-8	554	-8	554
"451"	1	1	1	8	0	0	90	100	0	0	3.42901103761e-14	560	1553615305.18	-8	561	-8	561
"452"	1	1	1	8	0	0	90	100	0	0	3.42901103761e-14	560	1553615305.21	-8	566	-8	566
"453"	1	1	1	9	0	0	45	100	0	0	395.979797464	395.979797464	1553615306.76	-2	-2	-2	-2
"454"	1	1	1	9	0	0	45	100	0	0	395.979797464	395.979797464	1553615306.78	-2	-2	-2	-2
"455"	1	1	1	9	0	0	45	100	0	0	395.979797464	395.979797464	1553615306.81	-2	-2	-2	-2
"456"	1	1	1	9	0	0	45	100	0	0	395.979797464	395.979797464	1553615306.85	-2	-2	-2	-2
"457"	1	1	1	9	0	0	45	100	0	0	395.979797464	395.979797464	1553615306.88	-2	-2	-2	-2
"458"	1	1	1	9	0	0	45	100	0	0	395.979797464	395.979797464	1553615306.92	-2	-2	-2	-2
"459"	1	1	1	9	0	0	45	100	0	0	395.979797464	395.979797464	1553615306.95	-2	-2	-2	-2
"460"	1	1	1	9	0	0	45	100	0	0	395.979797464	395.979797464	1553615306.98	-2	-2	-2	-2
"461"	1	1	1	9	0	0	45	100	0	0	395.979797464	395.979797464	1553615307.02	-2	-2	-2	-2
"462"	1	1	1	9	0	0	45	100	0	0	395.979797464	395.979797464	1553615307.05	-2	-2	-2	-2
"463"	1	1	1	9	0	0	45	100	0	0	395.979797464	395.979797464	1553615307.08	-2	-2	-2	-2
"464"	1	1	1	9	0	0	45	100	0	0	395.979797464	395.979797464	1553615307.12	-2	-2	-2	-2
"465"	1	1	1	9	0	0	45	100	0	0	395.979797464	395.979797464	1553615307.15	-2	1	-2	1
"466"	1	1	1	9	0	0	45	100	0	0	395.979797464	395.979797464	1553615307.18	2	9	2	9
"467"	1	1	1	9	0	0	45	100	0	0	395.979797464	395.979797464	1553615307.22	12	23	12	23
"468"	1	1	1	9	0	0	45	100	0	0	395.979797464	395.979797464	1553615307.25	40	53	40	53
"469"	1	1	1	9	0	0	45	100	0	0	395.979797464	395.979797464	1553615307.28	70	82	70	82
"470"	1	1	1	9	0	0	45	100	0	0	395.979797464	395.979797464	1553615307.32	97	105	97	105
"471"	1	1	1	9	0	0	45	100	0	0	395.979797464	395.979797464	1553615307.35	127	132	127	132
"472"	1	1	1	9	0	0	45	100	0	0	395.979797464	395.979797464	1553615307.38	155	156	155	156
"473"	1	1	1	9	0	0	45	100	0	0	395.979797464	395.979797464	1553615307.42	177	173	177	173
"474"	1	1	1	9	0	0	45	100	0	0	395.979797464	395.979797464	1553615307.45	203	193	203	193
"475"	1	1	1	9	0	0	45	100	0	0	395.979797464	395.979797464	1553615307.48	217	204	217	204
"476"	1	1	1	9	0	0	45	100	0	0	395.979797464	395.979797464	1553615307.52	231	216	231	216
"477"	1	1	1	9	0	0	45	100	0	0	395.979797464	395.979797464	1553615307.55	242	226	242	226
"478"	1	1	1	9	0	0	45	100	0	0	395.979797464	395.979797464	1553615307.58	254	237	254	237
"479"	1	1	1	9	0	0	45	100	0	0	395.979797464	395.979797464	1553615307.62	265	249	265	249
"480"	1	1	1	9	0	0	45	100	0	0	395.979797464	395.979797464	1553615307.65	276	261	276	261
"481"	1	1	1	9	0	0	45	100	0	0	395.979797464	395.979797464	1553615307.68	289	276	289	276
"482"	1	1	1	9	0	0	45	100	0	0	395.979797464	395.979797464	1553615307.72	302	291	302	291
"483"	1	1	1	9	0	0	45	100	0	0	395.979797464	395.979797464	1553615307.75	316	309	316	309
"484"	1	1	1	9	0	0	45	100	0	0	395.979797464	395.979797464	1553615307.78	331	326	331	326
"485"	1	1	1	9	0	0	45	100	0	0	395.979797464	395.979797464	1553615307.82	343	340	343	340
"486"	1	1	1	9	0	0	45	100	0	0	395.979797464	395.979797464	1553615307.85	357	355	357	355
"487"	1	1	1	9	0	0	45	100	0	0	395.979797464	395.979797464	1553615307.88	368	366	368	366
"488"	1	1	1	9	0	0	45	100	0	0	395.979797464	395.979797464	1553615307.92	379	377	379	377
"489"	1	1	1	9	0	0	45	100	0	0	395.979797464	395.979797464	1553615307.95	387	386	387	386
"490"	1	1	1	9	0	0	45	100	0	0	395.979797464	395.979797464	1553615307.98	392	393	392	393
"491"	1	1	1	9	0	0	45	100	0	0	395.979797464	395.979797464	1553615308.02	398	400	398	400
"492"	1	1	1	9	0	0	45	100	0	0	395.979797464	395.979797464	1553615308.05	401	404	401	404
"493"	1	1	1	9	0	0	45	100	0	0	395.979797464	395.979797464	1553615308.08	405	407	405	407
"494"	1	1	1	9	0	0	45	100	0	0	395.979797464	395.979797464	1553615308.12	407	409	407	409
"495"	1	1	1	9	0	0	45	100	0	0	395.979797464	395.979797464	1553615308.15	407	409	407	409
"496"	1	1	1	9	0	0	45	100	0	0	395.979797464	395.979797464	1553615308.18	406	409	406	409
"497"	1	1	1	9	0	0	45	100	0	0	395.979797464	395.979797464	1553615308.22	406	409	406	409
"498"	1	1	1	9	0	0	45	100	0	0	395.979797464	395.979797464	1553615308.25	406	408	406	408
"499"	1	1	1	9	0	0	45	100	0	0	395.979797464	395.979797464	1553615308.28	407	408	407	408
"500"	1	1	1	9	0	0	45	100	0	0	395.979797464	395.979797464	1553615308.32	406	408	406	408
"501"	1	1	1	9	0	0	45	100	0	0	395.979797464	395.979797464	1553615308.35	406	408	406	408
"502"	1	1	1	9	0	0	45	100	0	0	395.979797464	395.979797464	1553615308.38	406	408	406	408
"503"	1	1	1	9	0	0	45	100	0	0	395.979797464	395.979797464	1553615308.42	406	408	406	408
"504"	1	1	1	9	0	0	45	100	0	0	395.979797464	395.979797464	1553615308.45	405	407	405	407
"505"	1	1	1	9	0	0	45	100	0	0	395.979797464	395.979797464	1553615308.48	403	406	403	406
