"task_num"	"task_name"	"trial_type"	"trial_num"	"terminalfeedback_bool"	"rotation_angle"	"targetangle_deg"	"targetdistance_percmax"	"homex_px"	"homey_px"	"targetx_px"	"targety_px"	"time_s"	"mousex_px"	"mousey_px"	"cursorx_px"	"cursory_px"
9	"1"	"1"	1	FALSE	0	45	100	0	0	395.979797464	395.979797464	1552063000.92	-8	1	-8	1
9	"1"	"1"	1	FALSE	0	45	100	0	0	395.979797464	395.979797464	1552063000.95	-6	4	-6	4
9	"1"	"1"	1	FALSE	0	45	100	0	0	395.979797464	395.979797464	1552063000.99	-6	4	-6	4
9	"1"	"1"	1	FALSE	0	45	100	0	0	395.979797464	395.979797464	1552063001.02	-6	4	-6	4
9	"1"	"1"	1	FALSE	0	45	100	0	0	395.979797464	395.979797464	1552063001.05	-6	4	-6	4
9	"1"	"1"	1	FALSE	0	45	100	0	0	395.979797464	395.979797464	1552063001.09	-6	4	-6	4
9	"1"	"1"	1	FALSE	0	45	100	0	0	395.979797464	395.979797464	1552063001.12	-6	4	-6	4
9	"1"	"1"	1	FALSE	0	45	100	0	0	395.979797464	395.979797464	1552063001.15	-6	4	-6	4
9	"1"	"1"	1	FALSE	0	45	100	0	0	395.979797464	395.979797464	1552063001.19	-6	4	-6	4
9	"1"	"1"	1	FALSE	0	45	100	0	0	395.979797464	395.979797464	1552063001.22	-6	4	-6	4
9	"1"	"1"	1	FALSE	0	45	100	0	0	395.979797464	395.979797464	1552063001.25	-6	4	-6	4
9	"1"	"1"	1	FALSE	0	45	100	0	0	395.979797464	395.979797464	1552063001.29	-5	4	-5	4
9	"1"	"1"	1	FALSE	0	45	100	0	0	395.979797464	395.979797464	1552063001.32	3	15	3	15
9	"1"	"1"	1	FALSE	0	45	100	0	0	395.979797464	395.979797464	1552063001.35	34	55	34	55
9	"1"	"1"	1	FALSE	0	45	100	0	0	395.979797464	395.979797464	1552063001.39	70	100	70	100
9	"1"	"1"	1	FALSE	0	45	100	0	0	395.979797464	395.979797464	1552063001.42	122	161	122	161
9	"1"	"1"	1	FALSE	0	45	100	0	0	395.979797464	395.979797464	1552063001.45	175	215	175	215
9	"1"	"1"	1	FALSE	0	45	100	0	0	395.979797464	395.979797464	1552063001.49	216	251	216	251
9	"1"	"1"	1	FALSE	0	45	100	0	0	395.979797464	395.979797464	1552063001.52	260	289	260	289
9	"1"	"1"	1	FALSE	0	45	100	0	0	395.979797464	395.979797464	1552063001.55	295	319	295	319
9	"1"	"1"	1	FALSE	0	45	100	0	0	395.979797464	395.979797464	1552063001.59	320	339	320	339
9	"1"	"1"	1	FALSE	0	45	100	0	0	395.979797464	395.979797464	1552063001.62	331	347	331	347
9	"1"	"1"	1	FALSE	0	45	100	0	0	395.979797464	395.979797464	1552063001.65	341	353	341	353
9	"1"	"1"	1	FALSE	0	45	100	0	0	395.979797464	395.979797464	1552063001.69	349	359	349	359
9	"1"	"1"	1	FALSE	0	45	100	0	0	395.979797464	395.979797464	1552063001.72	354	362	354	362
9	"1"	"1"	1	FALSE	0	45	100	0	0	395.979797464	395.979797464	1552063001.75	359	368	359	368
9	"1"	"1"	1	FALSE	0	45	100	0	0	395.979797464	395.979797464	1552063001.79	369	379	369	379
9	"1"	"1"	1	FALSE	0	45	100	0	0	395.979797464	395.979797464	1552063001.82	377	387	377	387
9	"1"	"1"	1	FALSE	0	45	100	0	0	395.979797464	395.979797464	1552063001.85	379	388	379	388
9	"1"	"1"	1	FALSE	0	45	100	0	0	395.979797464	395.979797464	1552063001.89	379	388	379	388
9	"1"	"1"	1	FALSE	0	45	100	0	0	395.979797464	395.979797464	1552063001.92	379	388	379	388
9	"1"	"1"	1	FALSE	0	45	100	0	0	395.979797464	395.979797464	1552063001.95	379	388	379	388
9	"1"	"1"	1	FALSE	0	45	100	0	0	395.979797464	395.979797464	1552063001.99	379	388	379	388
9	"1"	"1"	1	FALSE	0	45	100	0	0	395.979797464	395.979797464	1552063002.02	382	392	382	392
9	"1"	"1"	1	FALSE	0	45	100	0	0	395.979797464	395.979797464	1552063002.05	387	397	387	397
9	"1"	"1"	1	FALSE	0	45	100	0	0	395.979797464	395.979797464	1552063002.09	391	402	391	402
9	"1"	"1"	1	FALSE	0	45	100	0	0	395.979797464	395.979797464	1552063002.12	397	406	397	406
9	"1"	"1"	1	FALSE	0	45	100	0	0	395.979797464	395.979797464	1552063002.15	398	407	398	407
9	"1"	"1"	2	FALSE	0	135	100	0	0	-395.979797464	395.979797464	1552063003.13	-6	-8	-6	-8
9	"1"	"1"	2	FALSE	0	135	100	0	0	-395.979797464	395.979797464	1552063003.16	-6	-8	-6	-8
9	"1"	"1"	2	FALSE	0	135	100	0	0	-395.979797464	395.979797464	1552063003.19	-6	-8	-6	-8
9	"1"	"1"	2	FALSE	0	135	100	0	0	-395.979797464	395.979797464	1552063003.22	-6	-8	-6	-8
9	"1"	"1"	2	FALSE	0	135	100	0	0	-395.979797464	395.979797464	1552063003.26	-6	-7	-6	-7
9	"1"	"1"	2	FALSE	0	135	100	0	0	-395.979797464	395.979797464	1552063003.29	-6	-7	-6	-7
9	"1"	"1"	2	FALSE	0	135	100	0	0	-395.979797464	395.979797464	1552063003.32	-6	-7	-6	-7
9	"1"	"1"	2	FALSE	0	135	100	0	0	-395.979797464	395.979797464	1552063003.36	-6	-7	-6	-7
9	"1"	"1"	2	FALSE	0	135	100	0	0	-395.979797464	395.979797464	1552063003.39	-6	-7	-6	-7
9	"1"	"1"	2	FALSE	0	135	100	0	0	-395.979797464	395.979797464	1552063003.42	-7	-7	-7	-7
9	"1"	"1"	2	FALSE	0	135	100	0	0	-395.979797464	395.979797464	1552063003.46	-13	5	-13	5
9	"1"	"1"	2	FALSE	0	135	100	0	0	-395.979797464	395.979797464	1552063003.49	-36	40	-36	40
9	"1"	"1"	2	FALSE	0	135	100	0	0	-395.979797464	395.979797464	1552063003.52	-69	75	-69	75
9	"1"	"1"	2	FALSE	0	135	100	0	0	-395.979797464	395.979797464	1552063003.56	-105	108	-105	108
9	"1"	"1"	2	FALSE	0	135	100	0	0	-395.979797464	395.979797464	1552063003.59	-135	140	-135	140
9	"1"	"1"	2	FALSE	0	135	100	0	0	-395.979797464	395.979797464	1552063003.62	-171	180	-171	180
9	"1"	"1"	2	FALSE	0	135	100	0	0	-395.979797464	395.979797464	1552063003.66	-210	214	-210	214
9	"1"	"1"	2	FALSE	0	135	100	0	0	-395.979797464	395.979797464	1552063003.69	-243	236	-243	236
9	"1"	"1"	2	FALSE	0	135	100	0	0	-395.979797464	395.979797464	1552063003.72	-277	259	-277	259
9	"1"	"1"	2	FALSE	0	135	100	0	0	-395.979797464	395.979797464	1552063003.76	-299	278	-299	278
9	"1"	"1"	2	FALSE	0	135	100	0	0	-395.979797464	395.979797464	1552063003.79	-320	300	-320	300
9	"1"	"1"	2	FALSE	0	135	100	0	0	-395.979797464	395.979797464	1552063003.82	-335	323	-335	323
9	"1"	"1"	2	FALSE	0	135	100	0	0	-395.979797464	395.979797464	1552063003.86	-345	338	-345	338
9	"1"	"1"	2	FALSE	0	135	100	0	0	-395.979797464	395.979797464	1552063003.89	-356	354	-356	354
9	"1"	"1"	2	FALSE	0	135	100	0	0	-395.979797464	395.979797464	1552063003.92	-365	364	-365	364
9	"1"	"1"	2	FALSE	0	135	100	0	0	-395.979797464	395.979797464	1552063003.96	-374	374	-374	374
9	"1"	"1"	2	FALSE	0	135	100	0	0	-395.979797464	395.979797464	1552063003.99	-381	380	-381	380
9	"1"	"1"	2	FALSE	0	135	100	0	0	-395.979797464	395.979797464	1552063004.02	-386	387	-386	387
9	"1"	"1"	2	FALSE	0	135	100	0	0	-395.979797464	395.979797464	1552063004.06	-390	394	-390	394
9	"1"	"1"	2	FALSE	0	135	100	0	0	-395.979797464	395.979797464	1552063004.09	-391	398	-391	398
9	"1"	"1"	2	FALSE	0	135	100	0	0	-395.979797464	395.979797464	1552063004.12	-393	401	-393	401
9	"1"	"1"	3	FALSE	0	90	100	0	0	3.42901103761e-14	560	1552063005.27	4	-8	4	-8
9	"1"	"1"	3	FALSE	0	90	100	0	0	3.42901103761e-14	560	1552063005.29	4	-8	4	-8
9	"1"	"1"	3	FALSE	0	90	100	0	0	3.42901103761e-14	560	1552063005.32	4	-8	4	-8
9	"1"	"1"	3	FALSE	0	90	100	0	0	3.42901103761e-14	560	1552063005.36	4	-8	4	-8
9	"1"	"1"	3	FALSE	0	90	100	0	0	3.42901103761e-14	560	1552063005.39	4	-8	4	-8
9	"1"	"1"	3	FALSE	0	90	100	0	0	3.42901103761e-14	560	1552063005.42	4	-8	4	-8
9	"1"	"1"	3	FALSE	0	90	100	0	0	3.42901103761e-14	560	1552063005.46	4	-8	4	-8
9	"1"	"1"	3	FALSE	0	90	100	0	0	3.42901103761e-14	560	1552063005.49	4	-7	4	-7
9	"1"	"1"	3	FALSE	0	90	100	0	0	3.42901103761e-14	560	1552063005.52	4	-7	4	-7
9	"1"	"1"	3	FALSE	0	90	100	0	0	3.42901103761e-14	560	1552063005.56	3	-7	3	-7
9	"1"	"1"	3	FALSE	0	90	100	0	0	3.42901103761e-14	560	1552063005.59	0	10	0	10
9	"1"	"1"	3	FALSE	0	90	100	0	0	3.42901103761e-14	560	1552063005.62	-4	44	-4	44
9	"1"	"1"	3	FALSE	0	90	100	0	0	3.42901103761e-14	560	1552063005.66	-10	94	-10	94
9	"1"	"1"	3	FALSE	0	90	100	0	0	3.42901103761e-14	560	1552063005.69	-12	155	-12	155
9	"1"	"1"	3	FALSE	0	90	100	0	0	3.42901103761e-14	560	1552063005.72	-8	206	-8	206
9	"1"	"1"	3	FALSE	0	90	100	0	0	3.42901103761e-14	560	1552063005.76	-3	255	-3	255
9	"1"	"1"	3	FALSE	0	90	100	0	0	3.42901103761e-14	560	1552063005.79	-1	300	-1	300
9	"1"	"1"	3	FALSE	0	90	100	0	0	3.42901103761e-14	560	1552063005.82	1	341	1	341
9	"1"	"1"	3	FALSE	0	90	100	0	0	3.42901103761e-14	560	1552063005.86	-2	371	-2	371
9	"1"	"1"	3	FALSE	0	90	100	0	0	3.42901103761e-14	560	1552063005.89	-3	403	-3	403
9	"1"	"1"	3	FALSE	0	90	100	0	0	3.42901103761e-14	560	1552063005.92	-2	434	-2	434
9	"1"	"1"	3	FALSE	0	90	100	0	0	3.42901103761e-14	560	1552063005.96	-2	457	-2	457
9	"1"	"1"	3	FALSE	0	90	100	0	0	3.42901103761e-14	560	1552063005.99	-3	481	-3	481
9	"1"	"1"	3	FALSE	0	90	100	0	0	3.42901103761e-14	560	1552063006.02	-2	502	-2	502
9	"1"	"1"	3	FALSE	0	90	100	0	0	3.42901103761e-14	560	1552063006.06	-1	515	-1	515
9	"1"	"1"	3	FALSE	0	90	100	0	0	3.42901103761e-14	560	1552063006.09	0	527	0	527
9	"1"	"1"	3	FALSE	0	90	100	0	0	3.42901103761e-14	560	1552063006.12	2	541	2	541
9	"1"	"1"	3	FALSE	0	90	100	0	0	3.42901103761e-14	560	1552063006.16	2	553	2	553
9	"1"	"1"	3	FALSE	0	90	100	0	0	3.42901103761e-14	560	1552063006.19	2	563	2	563
9	"1"	"1"	3	FALSE	0	90	100	0	0	3.42901103761e-14	560	1552063006.22	3	572	3	572
9	"1"	"1"	3	FALSE	0	90	100	0	0	3.42901103761e-14	560	1552063006.26	3	574	3	574
9	"1"	"1"	3	FALSE	0	90	100	0	0	3.42901103761e-14	560	1552063006.29	3	575	3	575
9	"1"	"1"	3	FALSE	0	90	100	0	0	3.42901103761e-14	560	1552063006.32	3	574	3	574
9	"1"	"1"	3	FALSE	0	90	100	0	0	3.42901103761e-14	560	1552063006.36	3	574	3	574
9	"1"	"1"	3	FALSE	0	90	100	0	0	3.42901103761e-14	560	1552063006.39	3	574	3	574
9	"1"	"1"	3	FALSE	0	90	100	0	0	3.42901103761e-14	560	1552063006.42	3	574	3	574
9	"1"	"1"	3	FALSE	0	90	100	0	0	3.42901103761e-14	560	1552063006.46	3	574	3	574
9	"1"	"1"	4	FALSE	0	135	100	0	0	-395.979797464	395.979797464	1552063007.87	-1	-1	-1	-1
9	"1"	"1"	4	FALSE	0	135	100	0	0	-395.979797464	395.979797464	1552063007.89	-1	-1	-1	-1
9	"1"	"1"	4	FALSE	0	135	100	0	0	-395.979797464	395.979797464	1552063007.93	-1	-1	-1	-1
9	"1"	"1"	4	FALSE	0	135	100	0	0	-395.979797464	395.979797464	1552063007.96	-1	-1	-1	-1
9	"1"	"1"	4	FALSE	0	135	100	0	0	-395.979797464	395.979797464	1552063007.99	-1	-1	-1	-1
9	"1"	"1"	4	FALSE	0	135	100	0	0	-395.979797464	395.979797464	1552063008.03	-1	-1	-1	-1
9	"1"	"1"	4	FALSE	0	135	100	0	0	-395.979797464	395.979797464	1552063008.06	-1	-1	-1	-1
9	"1"	"1"	4	FALSE	0	135	100	0	0	-395.979797464	395.979797464	1552063008.09	-1	-1	-1	-1
9	"1"	"1"	4	FALSE	0	135	100	0	0	-395.979797464	395.979797464	1552063008.13	-1	-1	-1	-1
9	"1"	"1"	4	FALSE	0	135	100	0	0	-395.979797464	395.979797464	1552063008.16	-1	-1	-1	-1
9	"1"	"1"	4	FALSE	0	135	100	0	0	-395.979797464	395.979797464	1552063008.19	-3	2	-3	2
9	"1"	"1"	4	FALSE	0	135	100	0	0	-395.979797464	395.979797464	1552063008.23	-11	15	-11	15
9	"1"	"1"	4	FALSE	0	135	100	0	0	-395.979797464	395.979797464	1552063008.26	-35	49	-35	49
9	"1"	"1"	4	FALSE	0	135	100	0	0	-395.979797464	395.979797464	1552063008.29	-59	75	-59	75
9	"1"	"1"	4	FALSE	0	135	100	0	0	-395.979797464	395.979797464	1552063008.33	-90	106	-90	106
9	"1"	"1"	4	FALSE	0	135	100	0	0	-395.979797464	395.979797464	1552063008.36	-124	139	-124	139
9	"1"	"1"	4	FALSE	0	135	100	0	0	-395.979797464	395.979797464	1552063008.39	-155	168	-155	168
9	"1"	"1"	4	FALSE	0	135	100	0	0	-395.979797464	395.979797464	1552063008.43	-194	201	-194	201
9	"1"	"1"	4	FALSE	0	135	100	0	0	-395.979797464	395.979797464	1552063008.46	-224	230	-224	230
9	"1"	"1"	4	FALSE	0	135	100	0	0	-395.979797464	395.979797464	1552063008.49	-257	261	-257	261
9	"1"	"1"	4	FALSE	0	135	100	0	0	-395.979797464	395.979797464	1552063008.53	-288	286	-288	286
9	"1"	"1"	4	FALSE	0	135	100	0	0	-395.979797464	395.979797464	1552063008.56	-315	311	-315	311
9	"1"	"1"	4	FALSE	0	135	100	0	0	-395.979797464	395.979797464	1552063008.59	-336	335	-336	335
9	"1"	"1"	4	FALSE	0	135	100	0	0	-395.979797464	395.979797464	1552063008.63	-352	354	-352	354
9	"1"	"1"	4	FALSE	0	135	100	0	0	-395.979797464	395.979797464	1552063008.66	-365	369	-365	369
9	"1"	"1"	4	FALSE	0	135	100	0	0	-395.979797464	395.979797464	1552063008.69	-378	384	-378	384
9	"1"	"1"	4	FALSE	0	135	100	0	0	-395.979797464	395.979797464	1552063008.73	-387	393	-387	393
9	"1"	"1"	4	FALSE	0	135	100	0	0	-395.979797464	395.979797464	1552063008.76	-396	400	-396	400
9	"1"	"1"	4	FALSE	0	135	100	0	0	-395.979797464	395.979797464	1552063008.79	-402	404	-402	404
9	"1"	"1"	4	FALSE	0	135	100	0	0	-395.979797464	395.979797464	1552063008.83	-404	406	-404	406
9	"1"	"1"	4	FALSE	0	135	100	0	0	-395.979797464	395.979797464	1552063008.86	-405	407	-405	407
9	"1"	"1"	5	FALSE	0	90	100	0	0	3.42901103761e-14	560	1552063010.17	5	-7	5	-7
9	"1"	"1"	5	FALSE	0	90	100	0	0	3.42901103761e-14	560	1552063010.19	5	-7	5	-7
9	"1"	"1"	5	FALSE	0	90	100	0	0	3.42901103761e-14	560	1552063010.23	4	-7	4	-7
9	"1"	"1"	5	FALSE	0	90	100	0	0	3.42901103761e-14	560	1552063010.26	4	-7	4	-7
9	"1"	"1"	5	FALSE	0	90	100	0	0	3.42901103761e-14	560	1552063010.29	3	2	3	2
9	"1"	"1"	5	FALSE	0	90	100	0	0	3.42901103761e-14	560	1552063010.33	3	11	3	11
9	"1"	"1"	5	FALSE	0	90	100	0	0	3.42901103761e-14	560	1552063010.36	2	18	2	18
9	"1"	"1"	5	FALSE	0	90	100	0	0	3.42901103761e-14	560	1552063010.39	-1	29	-1	29
9	"1"	"1"	5	FALSE	0	90	100	0	0	3.42901103761e-14	560	1552063010.43	-4	40	-4	40
9	"1"	"1"	5	FALSE	0	90	100	0	0	3.42901103761e-14	560	1552063010.46	-8	59	-8	59
9	"1"	"1"	5	FALSE	0	90	100	0	0	3.42901103761e-14	560	1552063010.49	-11	93	-11	93
9	"1"	"1"	5	FALSE	0	90	100	0	0	3.42901103761e-14	560	1552063010.53	-8	143	-8	143
9	"1"	"1"	5	FALSE	0	90	100	0	0	3.42901103761e-14	560	1552063010.56	-7	191	-7	191
9	"1"	"1"	5	FALSE	0	90	100	0	0	3.42901103761e-14	560	1552063010.59	-5	244	-5	244
9	"1"	"1"	5	FALSE	0	90	100	0	0	3.42901103761e-14	560	1552063010.63	-4	294	-4	294
9	"1"	"1"	5	FALSE	0	90	100	0	0	3.42901103761e-14	560	1552063010.66	-3	333	-3	333
9	"1"	"1"	5	FALSE	0	90	100	0	0	3.42901103761e-14	560	1552063010.69	-5	372	-5	372
9	"1"	"1"	5	FALSE	0	90	100	0	0	3.42901103761e-14	560	1552063010.73	-7	408	-7	408
9	"1"	"1"	5	FALSE	0	90	100	0	0	3.42901103761e-14	560	1552063010.76	-6	443	-6	443
9	"1"	"1"	5	FALSE	0	90	100	0	0	3.42901103761e-14	560	1552063010.79	-4	473	-4	473
9	"1"	"1"	5	FALSE	0	90	100	0	0	3.42901103761e-14	560	1552063010.83	-1	497	-1	497
9	"1"	"1"	5	FALSE	0	90	100	0	0	3.42901103761e-14	560	1552063010.86	2	519	2	519
9	"1"	"1"	5	FALSE	0	90	100	0	0	3.42901103761e-14	560	1552063010.89	4	536	4	536
9	"1"	"1"	5	FALSE	0	90	100	0	0	3.42901103761e-14	560	1552063010.93	4	550	4	550
9	"1"	"1"	5	FALSE	0	90	100	0	0	3.42901103761e-14	560	1552063010.96	4	563	4	563
9	"1"	"1"	5	FALSE	0	90	100	0	0	3.42901103761e-14	560	1552063010.99	3	571	3	571
9	"1"	"1"	5	FALSE	0	90	100	0	0	3.42901103761e-14	560	1552063011.03	2	580	2	580
9	"1"	"1"	5	FALSE	0	90	100	0	0	3.42901103761e-14	560	1552063011.06	2	583	2	583
9	"1"	"1"	5	FALSE	0	90	100	0	0	3.42901103761e-14	560	1552063011.09	1	584	1	584
9	"1"	"1"	5	FALSE	0	90	100	0	0	3.42901103761e-14	560	1552063011.13	1	584	1	584
9	"1"	"1"	5	FALSE	0	90	100	0	0	3.42901103761e-14	560	1552063011.16	1	582	1	582
9	"1"	"1"	5	FALSE	0	90	100	0	0	3.42901103761e-14	560	1552063011.19	1	582	1	582
9	"1"	"1"	5	FALSE	0	90	100	0	0	3.42901103761e-14	560	1552063011.23	1	581	1	581
9	"1"	"1"	5	FALSE	0	90	100	0	0	3.42901103761e-14	560	1552063011.26	1	581	1	581
9	"1"	"1"	5	FALSE	0	90	100	0	0	3.42901103761e-14	560	1552063011.29	2	579	2	579
9	"1"	"1"	5	FALSE	0	90	100	0	0	3.42901103761e-14	560	1552063011.33	2	574	2	574
9	"1"	"1"	5	FALSE	0	90	100	0	0	3.42901103761e-14	560	1552063011.36	1	569	1	569
9	"1"	"1"	6	FALSE	0	45	100	0	0	395.979797464	395.979797464	1552063012.47	-3	-4	-3	-4
9	"1"	"1"	6	FALSE	0	45	100	0	0	395.979797464	395.979797464	1552063012.5	-4	-3	-4	-3
9	"1"	"1"	6	FALSE	0	45	100	0	0	395.979797464	395.979797464	1552063012.53	-4	-3	-4	-3
9	"1"	"1"	6	FALSE	0	45	100	0	0	395.979797464	395.979797464	1552063012.56	-4	-3	-4	-3
9	"1"	"1"	6	FALSE	0	45	100	0	0	395.979797464	395.979797464	1552063012.6	-4	-3	-4	-3
9	"1"	"1"	6	FALSE	0	45	100	0	0	395.979797464	395.979797464	1552063012.63	-4	-3	-4	-3
9	"1"	"1"	6	FALSE	0	45	100	0	0	395.979797464	395.979797464	1552063012.66	-5	5	-5	5
9	"1"	"1"	6	FALSE	0	45	100	0	0	395.979797464	395.979797464	1552063012.7	-2	28	-2	28
9	"1"	"1"	6	FALSE	0	45	100	0	0	395.979797464	395.979797464	1552063012.73	5	58	5	58
9	"1"	"1"	6	FALSE	0	45	100	0	0	395.979797464	395.979797464	1552063012.76	13	88	13	88
9	"1"	"1"	6	FALSE	0	45	100	0	0	395.979797464	395.979797464	1552063012.8	33	133	33	133
9	"1"	"1"	6	FALSE	0	45	100	0	0	395.979797464	395.979797464	1552063012.83	66	185	66	185
9	"1"	"1"	6	FALSE	0	45	100	0	0	395.979797464	395.979797464	1552063012.86	102	229	102	229
9	"1"	"1"	6	FALSE	0	45	100	0	0	395.979797464	395.979797464	1552063012.9	149	274	149	274
9	"1"	"1"	6	FALSE	0	45	100	0	0	395.979797464	395.979797464	1552063012.93	195	307	195	307
9	"1"	"1"	6	FALSE	0	45	100	0	0	395.979797464	395.979797464	1552063012.96	232	329	232	329
9	"1"	"1"	6	FALSE	0	45	100	0	0	395.979797464	395.979797464	1552063013	270	346	270	346
9	"1"	"1"	6	FALSE	0	45	100	0	0	395.979797464	395.979797464	1552063013.03	301	357	301	357
9	"1"	"1"	6	FALSE	0	45	100	0	0	395.979797464	395.979797464	1552063013.06	327	362	327	362
9	"1"	"1"	6	FALSE	0	45	100	0	0	395.979797464	395.979797464	1552063013.1	343	363	343	363
9	"1"	"1"	6	FALSE	0	45	100	0	0	395.979797464	395.979797464	1552063013.13	355	362	355	362
9	"1"	"1"	6	FALSE	0	45	100	0	0	395.979797464	395.979797464	1552063013.16	369	361	369	361
9	"1"	"1"	6	FALSE	0	45	100	0	0	395.979797464	395.979797464	1552063013.2	380	361	380	361
9	"1"	"1"	6	FALSE	0	45	100	0	0	395.979797464	395.979797464	1552063013.23	390	361	390	361
9	"1"	"1"	6	FALSE	0	45	100	0	0	395.979797464	395.979797464	1552063013.26	400	364	400	364
9	"1"	"1"	6	FALSE	0	45	100	0	0	395.979797464	395.979797464	1552063013.3	410	370	410	370
9	"1"	"1"	6	FALSE	0	45	100	0	0	395.979797464	395.979797464	1552063013.33	416	374	416	374
9	"1"	"1"	6	FALSE	0	45	100	0	0	395.979797464	395.979797464	1552063013.36	421	378	421	378
9	"1"	"1"	6	FALSE	0	45	100	0	0	395.979797464	395.979797464	1552063013.4	426	384	426	384
9	"1"	"1"	6	FALSE	0	45	100	0	0	395.979797464	395.979797464	1552063013.43	429	390	429	390
9	"1"	"1"	6	FALSE	0	45	100	0	0	395.979797464	395.979797464	1552063013.46	430	395	430	395
9	"1"	"1"	6	FALSE	0	45	100	0	0	395.979797464	395.979797464	1552063013.5	429	402	429	402
9	"1"	"1"	6	FALSE	0	45	100	0	0	395.979797464	395.979797464	1552063013.53	425	406	425	406
9	"1"	"1"	6	FALSE	0	45	100	0	0	395.979797464	395.979797464	1552063013.56	420	407	420	407
9	"1"	"1"	6	FALSE	0	45	100	0	0	395.979797464	395.979797464	1552063013.6	413	404	413	404
9	"1"	"1"	6	FALSE	0	45	100	0	0	395.979797464	395.979797464	1552063013.63	404	398	404	398
9	"1"	"1"	6	FALSE	0	45	100	0	0	395.979797464	395.979797464	1552063013.66	400	394	400	394
9	"1"	"1"	7	FALSE	0	135	100	0	0	-395.979797464	395.979797464	1552063014.61	5	6	5	6
9	"1"	"1"	7	FALSE	0	135	100	0	0	-395.979797464	395.979797464	1552063014.63	5	6	5	6
9	"1"	"1"	7	FALSE	0	135	100	0	0	-395.979797464	395.979797464	1552063014.66	5	5	5	5
9	"1"	"1"	7	FALSE	0	135	100	0	0	-395.979797464	395.979797464	1552063014.7	4	5	4	5
9	"1"	"1"	7	FALSE	0	135	100	0	0	-395.979797464	395.979797464	1552063014.73	3	4	3	4
9	"1"	"1"	7	FALSE	0	135	100	0	0	-395.979797464	395.979797464	1552063014.76	2	4	2	4
9	"1"	"1"	7	FALSE	0	135	100	0	0	-395.979797464	395.979797464	1552063014.8	2	4	2	4
9	"1"	"1"	7	FALSE	0	135	100	0	0	-395.979797464	395.979797464	1552063014.83	2	6	2	6
9	"1"	"1"	7	FALSE	0	135	100	0	0	-395.979797464	395.979797464	1552063014.86	1	14	1	14
9	"1"	"1"	7	FALSE	0	135	100	0	0	-395.979797464	395.979797464	1552063014.9	-1	24	-1	24
9	"1"	"1"	7	FALSE	0	135	100	0	0	-395.979797464	395.979797464	1552063014.93	-11	50	-11	50
9	"1"	"1"	7	FALSE	0	135	100	0	0	-395.979797464	395.979797464	1552063014.96	-25	70	-25	70
9	"1"	"1"	7	FALSE	0	135	100	0	0	-395.979797464	395.979797464	1552063015	-51	95	-51	95
9	"1"	"1"	7	FALSE	0	135	100	0	0	-395.979797464	395.979797464	1552063015.03	-78	117	-78	117
9	"1"	"1"	7	FALSE	0	135	100	0	0	-395.979797464	395.979797464	1552063015.06	-113	147	-113	147
9	"1"	"1"	7	FALSE	0	135	100	0	0	-395.979797464	395.979797464	1552063015.1	-151	180	-151	180
9	"1"	"1"	7	FALSE	0	135	100	0	0	-395.979797464	395.979797464	1552063015.13	-187	210	-187	210
9	"1"	"1"	7	FALSE	0	135	100	0	0	-395.979797464	395.979797464	1552063015.16	-231	245	-231	245
9	"1"	"1"	7	FALSE	0	135	100	0	0	-395.979797464	395.979797464	1552063015.2	-267	278	-267	278
9	"1"	"1"	7	FALSE	0	135	100	0	0	-395.979797464	395.979797464	1552063015.23	-298	302	-298	302
9	"1"	"1"	7	FALSE	0	135	100	0	0	-395.979797464	395.979797464	1552063015.26	-327	320	-327	320
9	"1"	"1"	7	FALSE	0	135	100	0	0	-395.979797464	395.979797464	1552063015.3	-346	334	-346	334
9	"1"	"1"	7	FALSE	0	135	100	0	0	-395.979797464	395.979797464	1552063015.33	-359	347	-359	347
9	"1"	"1"	7	FALSE	0	135	100	0	0	-395.979797464	395.979797464	1552063015.36	-370	360	-370	360
9	"1"	"1"	7	FALSE	0	135	100	0	0	-395.979797464	395.979797464	1552063015.4	-380	373	-380	373
9	"1"	"1"	7	FALSE	0	135	100	0	0	-395.979797464	395.979797464	1552063015.43	-389	382	-389	382
9	"1"	"1"	7	FALSE	0	135	100	0	0	-395.979797464	395.979797464	1552063015.46	-395	388	-395	388
9	"1"	"1"	7	FALSE	0	135	100	0	0	-395.979797464	395.979797464	1552063015.5	-400	392	-400	392
9	"1"	"1"	7	FALSE	0	135	100	0	0	-395.979797464	395.979797464	1552063015.53	-402	394	-402	394
9	"1"	"1"	8	FALSE	0	45	100	0	0	395.979797464	395.979797464	1552063016.64	5	-2	5	-2
9	"1"	"1"	8	FALSE	0	45	100	0	0	395.979797464	395.979797464	1552063016.67	5	-2	5	-2
9	"1"	"1"	8	FALSE	0	45	100	0	0	395.979797464	395.979797464	1552063016.7	5	-2	5	-2
9	"1"	"1"	8	FALSE	0	45	100	0	0	395.979797464	395.979797464	1552063016.73	5	-1	5	-1
9	"1"	"1"	8	FALSE	0	45	100	0	0	395.979797464	395.979797464	1552063016.77	4	-1	4	-1
9	"1"	"1"	8	FALSE	0	45	100	0	0	395.979797464	395.979797464	1552063016.8	4	-1	4	-1
9	"1"	"1"	8	FALSE	0	45	100	0	0	395.979797464	395.979797464	1552063016.83	3	1	3	1
9	"1"	"1"	8	FALSE	0	45	100	0	0	395.979797464	395.979797464	1552063016.87	-1	10	-1	10
9	"1"	"1"	8	FALSE	0	45	100	0	0	395.979797464	395.979797464	1552063016.9	-6	22	-6	22
9	"1"	"1"	8	FALSE	0	45	100	0	0	395.979797464	395.979797464	1552063016.93	-13	39	-13	39
9	"1"	"1"	8	FALSE	0	45	100	0	0	395.979797464	395.979797464	1552063016.97	-20	55	-20	55
9	"1"	"1"	8	FALSE	0	45	100	0	0	395.979797464	395.979797464	1552063017	-26	70	-26	70
9	"1"	"1"	8	FALSE	0	45	100	0	0	395.979797464	395.979797464	1552063017.03	-34	93	-34	93
9	"1"	"1"	8	FALSE	0	45	100	0	0	395.979797464	395.979797464	1552063017.07	-34	116	-34	116
9	"1"	"1"	8	FALSE	0	45	100	0	0	395.979797464	395.979797464	1552063017.1	-22	141	-22	141
9	"1"	"1"	8	FALSE	0	45	100	0	0	395.979797464	395.979797464	1552063017.13	10	182	10	182
9	"1"	"1"	8	FALSE	0	45	100	0	0	395.979797464	395.979797464	1552063017.17	56	226	56	226
9	"1"	"1"	8	FALSE	0	45	100	0	0	395.979797464	395.979797464	1552063017.2	103	262	103	262
9	"1"	"1"	8	FALSE	0	45	100	0	0	395.979797464	395.979797464	1552063017.23	142	286	142	286
9	"1"	"1"	8	FALSE	0	45	100	0	0	395.979797464	395.979797464	1552063017.27	187	312	187	312
9	"1"	"1"	8	FALSE	0	45	100	0	0	395.979797464	395.979797464	1552063017.3	229	333	229	333
9	"1"	"1"	8	FALSE	0	45	100	0	0	395.979797464	395.979797464	1552063017.33	261	347	261	347
9	"1"	"1"	8	FALSE	0	45	100	0	0	395.979797464	395.979797464	1552063017.37	293	359	293	359
9	"1"	"1"	8	FALSE	0	45	100	0	0	395.979797464	395.979797464	1552063017.4	317	365	317	365
9	"1"	"1"	8	FALSE	0	45	100	0	0	395.979797464	395.979797464	1552063017.43	337	368	337	368
9	"1"	"1"	8	FALSE	0	45	100	0	0	395.979797464	395.979797464	1552063017.47	348	370	348	370
9	"1"	"1"	8	FALSE	0	45	100	0	0	395.979797464	395.979797464	1552063017.5	363	374	363	374
9	"1"	"1"	8	FALSE	0	45	100	0	0	395.979797464	395.979797464	1552063017.53	378	379	378	379
9	"1"	"1"	8	FALSE	0	45	100	0	0	395.979797464	395.979797464	1552063017.57	390	385	390	385
9	"1"	"1"	8	FALSE	0	45	100	0	0	395.979797464	395.979797464	1552063017.6	403	391	403	391
9	"1"	"1"	8	FALSE	0	45	100	0	0	395.979797464	395.979797464	1552063017.63	415	395	415	395
9	"1"	"1"	8	FALSE	0	45	100	0	0	395.979797464	395.979797464	1552063017.67	423	398	423	398
9	"1"	"1"	8	FALSE	0	45	100	0	0	395.979797464	395.979797464	1552063017.7	428	399	428	399
9	"1"	"1"	8	FALSE	0	45	100	0	0	395.979797464	395.979797464	1552063017.73	431	401	431	401
9	"1"	"1"	8	FALSE	0	45	100	0	0	395.979797464	395.979797464	1552063017.77	433	401	433	401
9	"1"	"1"	8	FALSE	0	45	100	0	0	395.979797464	395.979797464	1552063017.8	433	401	433	401
9	"1"	"1"	8	FALSE	0	45	100	0	0	395.979797464	395.979797464	1552063017.83	432	401	432	401
9	"1"	"1"	8	FALSE	0	45	100	0	0	395.979797464	395.979797464	1552063017.87	432	401	432	401
9	"1"	"1"	8	FALSE	0	45	100	0	0	395.979797464	395.979797464	1552063017.9	432	401	432	401
9	"1"	"1"	8	FALSE	0	45	100	0	0	395.979797464	395.979797464	1552063017.93	427	403	427	403
9	"1"	"1"	8	FALSE	0	45	100	0	0	395.979797464	395.979797464	1552063017.97	422	403	422	403
9	"1"	"1"	8	FALSE	0	45	100	0	0	395.979797464	395.979797464	1552063018	418	403	418	403
9	"1"	"1"	8	FALSE	0	45	100	0	0	395.979797464	395.979797464	1552063018.03	415	403	415	403
9	"1"	"1"	8	FALSE	0	45	100	0	0	395.979797464	395.979797464	1552063018.07	413	402	413	402
9	"1"	"1"	8	FALSE	0	45	100	0	0	395.979797464	395.979797464	1552063018.1	411	402	411	402
9	"1"	"1"	8	FALSE	0	45	100	0	0	395.979797464	395.979797464	1552063018.13	407	400	407	400
9	"1"	"1"	8	FALSE	0	45	100	0	0	395.979797464	395.979797464	1552063018.17	404	400	404	400
9	"1"	"1"	9	FALSE	0	90	100	0	0	3.42901103761e-14	560	1552063019.38	-7	1	-7	1
9	"1"	"1"	9	FALSE	0	90	100	0	0	3.42901103761e-14	560	1552063019.4	-7	1	-7	1
9	"1"	"1"	9	FALSE	0	90	100	0	0	3.42901103761e-14	560	1552063019.43	-6	0	-6	0
9	"1"	"1"	9	FALSE	0	90	100	0	0	3.42901103761e-14	560	1552063019.47	-5	-1	-5	-1
9	"1"	"1"	9	FALSE	0	90	100	0	0	3.42901103761e-14	560	1552063019.5	-5	-1	-5	-1
9	"1"	"1"	9	FALSE	0	90	100	0	0	3.42901103761e-14	560	1552063019.53	-5	-1	-5	-1
9	"1"	"1"	9	FALSE	0	90	100	0	0	3.42901103761e-14	560	1552063019.57	-5	0	-5	0
9	"1"	"1"	9	FALSE	0	90	100	0	0	3.42901103761e-14	560	1552063019.6	-5	1	-5	1
9	"1"	"1"	9	FALSE	0	90	100	0	0	3.42901103761e-14	560	1552063019.63	-3	8	-3	8
9	"1"	"1"	9	FALSE	0	90	100	0	0	3.42901103761e-14	560	1552063019.67	0	19	0	19
9	"1"	"1"	9	FALSE	0	90	100	0	0	3.42901103761e-14	560	1552063019.7	6	46	6	46
9	"1"	"1"	9	FALSE	0	90	100	0	0	3.42901103761e-14	560	1552063019.73	9	79	9	79
9	"1"	"1"	9	FALSE	0	90	100	0	0	3.42901103761e-14	560	1552063019.77	10	116	10	116
9	"1"	"1"	9	FALSE	0	90	100	0	0	3.42901103761e-14	560	1552063019.8	13	168	13	168
9	"1"	"1"	9	FALSE	0	90	100	0	0	3.42901103761e-14	560	1552063019.84	15	214	15	214
9	"1"	"1"	9	FALSE	0	90	100	0	0	3.42901103761e-14	560	1552063019.87	18	270	18	270
9	"1"	"1"	9	FALSE	0	90	100	0	0	3.42901103761e-14	560	1552063019.9	17	322	17	322
9	"1"	"1"	9	FALSE	0	90	100	0	0	3.42901103761e-14	560	1552063019.94	15	361	15	361
9	"1"	"1"	9	FALSE	0	90	100	0	0	3.42901103761e-14	560	1552063019.97	11	409	11	409
9	"1"	"1"	9	FALSE	0	90	100	0	0	3.42901103761e-14	560	1552063020	7	437	7	437
9	"1"	"1"	9	FALSE	0	90	100	0	0	3.42901103761e-14	560	1552063020.04	4	467	4	467
9	"1"	"1"	9	FALSE	0	90	100	0	0	3.42901103761e-14	560	1552063020.07	2	494	2	494
9	"1"	"1"	9	FALSE	0	90	100	0	0	3.42901103761e-14	560	1552063020.1	0	515	0	515
9	"1"	"1"	9	FALSE	0	90	100	0	0	3.42901103761e-14	560	1552063020.14	-1	535	-1	535
9	"1"	"1"	9	FALSE	0	90	100	0	0	3.42901103761e-14	560	1552063020.17	-2	546	-2	546
9	"1"	"1"	9	FALSE	0	90	100	0	0	3.42901103761e-14	560	1552063020.2	-4	558	-4	558
9	"1"	"1"	9	FALSE	0	90	100	0	0	3.42901103761e-14	560	1552063020.24	-5	566	-5	566
9	"1"	"1"	10	FALSE	0	45	100	0	0	395.979797464	395.979797464	1552063022.08	8	1	8	1
9	"1"	"1"	10	FALSE	0	45	100	0	0	395.979797464	395.979797464	1552063022.1	8	1	8	1
9	"1"	"1"	10	FALSE	0	45	100	0	0	395.979797464	395.979797464	1552063022.14	7	1	7	1
9	"1"	"1"	10	FALSE	0	45	100	0	0	395.979797464	395.979797464	1552063022.17	7	1	7	1
9	"1"	"1"	10	FALSE	0	45	100	0	0	395.979797464	395.979797464	1552063022.2	7	1	7	1
9	"1"	"1"	10	FALSE	0	45	100	0	0	395.979797464	395.979797464	1552063022.24	5	2	5	2
9	"1"	"1"	10	FALSE	0	45	100	0	0	395.979797464	395.979797464	1552063022.27	2	4	2	4
9	"1"	"1"	10	FALSE	0	45	100	0	0	395.979797464	395.979797464	1552063022.3	0	6	0	6
9	"1"	"1"	10	FALSE	0	45	100	0	0	395.979797464	395.979797464	1552063022.34	-2	7	-2	7
9	"1"	"1"	10	FALSE	0	45	100	0	0	395.979797464	395.979797464	1552063022.37	-2	7	-2	7
9	"1"	"1"	10	FALSE	0	45	100	0	0	395.979797464	395.979797464	1552063022.4	-1	7	-1	7
9	"1"	"1"	10	FALSE	0	45	100	0	0	395.979797464	395.979797464	1552063022.44	4	11	4	11
9	"1"	"1"	10	FALSE	0	45	100	0	0	395.979797464	395.979797464	1552063022.47	33	38	33	38
9	"1"	"1"	10	FALSE	0	45	100	0	0	395.979797464	395.979797464	1552063022.5	63	68	63	68
9	"1"	"1"	10	FALSE	0	45	100	0	0	395.979797464	395.979797464	1552063022.54	102	107	102	107
9	"1"	"1"	10	FALSE	0	45	100	0	0	395.979797464	395.979797464	1552063022.57	147	152	147	152
9	"1"	"1"	10	FALSE	0	45	100	0	0	395.979797464	395.979797464	1552063022.6	188	189	188	189
9	"1"	"1"	10	FALSE	0	45	100	0	0	395.979797464	395.979797464	1552063022.64	233	228	233	228
9	"1"	"1"	10	FALSE	0	45	100	0	0	395.979797464	395.979797464	1552063022.67	271	259	271	259
9	"1"	"1"	10	FALSE	0	45	100	0	0	395.979797464	395.979797464	1552063022.7	300	282	300	282
9	"1"	"1"	10	FALSE	0	45	100	0	0	395.979797464	395.979797464	1552063022.74	328	306	328	306
9	"1"	"1"	10	FALSE	0	45	100	0	0	395.979797464	395.979797464	1552063022.77	345	323	345	323
9	"1"	"1"	10	FALSE	0	45	100	0	0	395.979797464	395.979797464	1552063022.8	364	345	364	345
9	"1"	"1"	10	FALSE	0	45	100	0	0	395.979797464	395.979797464	1552063022.84	379	364	379	364
9	"1"	"1"	10	FALSE	0	45	100	0	0	395.979797464	395.979797464	1552063022.87	387	374	387	374
9	"1"	"1"	10	FALSE	0	45	100	0	0	395.979797464	395.979797464	1552063022.9	393	381	393	381
9	"1"	"1"	10	FALSE	0	45	100	0	0	395.979797464	395.979797464	1552063022.94	395	384	395	384
9	"1"	"1"	11	FALSE	0	90	100	0	0	3.42901103761e-14	560	1552063024.18	-6	-1	-6	-1
9	"1"	"1"	11	FALSE	0	90	100	0	0	3.42901103761e-14	560	1552063024.2	-5	-2	-5	-2
9	"1"	"1"	11	FALSE	0	90	100	0	0	3.42901103761e-14	560	1552063024.24	-5	-2	-5	-2
9	"1"	"1"	11	FALSE	0	90	100	0	0	3.42901103761e-14	560	1552063024.27	-5	-2	-5	-2
9	"1"	"1"	11	FALSE	0	90	100	0	0	3.42901103761e-14	560	1552063024.3	-5	-2	-5	-2
9	"1"	"1"	11	FALSE	0	90	100	0	0	3.42901103761e-14	560	1552063024.34	-6	-1	-6	-1
9	"1"	"1"	11	FALSE	0	90	100	0	0	3.42901103761e-14	560	1552063024.37	-6	-1	-6	-1
9	"1"	"1"	11	FALSE	0	90	100	0	0	3.42901103761e-14	560	1552063024.41	-6	-1	-6	-1
9	"1"	"1"	11	FALSE	0	90	100	0	0	3.42901103761e-14	560	1552063024.44	-5	-1	-5	-1
9	"1"	"1"	11	FALSE	0	90	100	0	0	3.42901103761e-14	560	1552063024.47	-5	-1	-5	-1
9	"1"	"1"	11	FALSE	0	90	100	0	0	3.42901103761e-14	560	1552063024.51	-3	1	-3	1
9	"1"	"1"	11	FALSE	0	90	100	0	0	3.42901103761e-14	560	1552063024.54	7	20	7	20
9	"1"	"1"	11	FALSE	0	90	100	0	0	3.42901103761e-14	560	1552063024.57	16	48	16	48
9	"1"	"1"	11	FALSE	0	90	100	0	0	3.42901103761e-14	560	1552063024.61	26	88	26	88
9	"1"	"1"	11	FALSE	0	90	100	0	0	3.42901103761e-14	560	1552063024.64	35	130	35	130
9	"1"	"1"	11	FALSE	0	90	100	0	0	3.42901103761e-14	560	1552063024.67	45	181	45	181
9	"1"	"1"	11	FALSE	0	90	100	0	0	3.42901103761e-14	560	1552063024.71	46	229	46	229
9	"1"	"1"	11	FALSE	0	90	100	0	0	3.42901103761e-14	560	1552063024.74	40	272	40	272
9	"1"	"1"	11	FALSE	0	90	100	0	0	3.42901103761e-14	560	1552063024.77	31	314	31	314
9	"1"	"1"	11	FALSE	0	90	100	0	0	3.42901103761e-14	560	1552063024.81	24	347	24	347
9	"1"	"1"	11	FALSE	0	90	100	0	0	3.42901103761e-14	560	1552063024.84	15	383	15	383
9	"1"	"1"	11	FALSE	0	90	100	0	0	3.42901103761e-14	560	1552063024.87	9	411	9	411
9	"1"	"1"	11	FALSE	0	90	100	0	0	3.42901103761e-14	560	1552063024.91	4	441	4	441
9	"1"	"1"	11	FALSE	0	90	100	0	0	3.42901103761e-14	560	1552063024.94	2	468	2	468
9	"1"	"1"	11	FALSE	0	90	100	0	0	3.42901103761e-14	560	1552063024.97	2	493	2	493
9	"1"	"1"	11	FALSE	0	90	100	0	0	3.42901103761e-14	560	1552063025.01	4	511	4	511
9	"1"	"1"	11	FALSE	0	90	100	0	0	3.42901103761e-14	560	1552063025.04	4	523	4	523
9	"1"	"1"	11	FALSE	0	90	100	0	0	3.42901103761e-14	560	1552063025.07	5	537	5	537
9	"1"	"1"	11	FALSE	0	90	100	0	0	3.42901103761e-14	560	1552063025.11	4	548	4	548
9	"1"	"1"	11	FALSE	0	90	100	0	0	3.42901103761e-14	560	1552063025.14	4	554	4	554
9	"1"	"1"	11	FALSE	0	90	100	0	0	3.42901103761e-14	560	1552063025.17	3	559	3	559
9	"1"	"1"	11	FALSE	0	90	100	0	0	3.42901103761e-14	560	1552063025.21	4	562	4	562
9	"1"	"1"	12	FALSE	0	135	100	0	0	-395.979797464	395.979797464	1552063026.12	-5	-13	-5	-13
9	"1"	"1"	12	FALSE	0	135	100	0	0	-395.979797464	395.979797464	1552063026.14	-5	-14	-5	-14
9	"1"	"1"	12	FALSE	0	135	100	0	0	-395.979797464	395.979797464	1552063026.17	-6	-14	-6	-14
9	"1"	"1"	12	FALSE	0	135	100	0	0	-395.979797464	395.979797464	1552063026.21	-6	-13	-6	-13
9	"1"	"1"	12	FALSE	0	135	100	0	0	-395.979797464	395.979797464	1552063026.24	-6	-12	-6	-12
9	"1"	"1"	12	FALSE	0	135	100	0	0	-395.979797464	395.979797464	1552063026.27	-6	-3	-6	-3
9	"1"	"1"	12	FALSE	0	135	100	0	0	-395.979797464	395.979797464	1552063026.31	-2	25	-2	25
9	"1"	"1"	12	FALSE	0	135	100	0	0	-395.979797464	395.979797464	1552063026.34	1	50	1	50
9	"1"	"1"	12	FALSE	0	135	100	0	0	-395.979797464	395.979797464	1552063026.37	2	81	2	81
9	"1"	"1"	12	FALSE	0	135	100	0	0	-395.979797464	395.979797464	1552063026.41	2	110	2	110
9	"1"	"1"	12	FALSE	0	135	100	0	0	-395.979797464	395.979797464	1552063026.44	1	144	1	144
9	"1"	"1"	12	FALSE	0	135	100	0	0	-395.979797464	395.979797464	1552063026.47	-4	180	-4	180
9	"1"	"1"	12	FALSE	0	135	100	0	0	-395.979797464	395.979797464	1552063026.51	-14	212	-14	212
9	"1"	"1"	12	FALSE	0	135	100	0	0	-395.979797464	395.979797464	1552063026.54	-35	246	-35	246
9	"1"	"1"	12	FALSE	0	135	100	0	0	-395.979797464	395.979797464	1552063026.57	-67	274	-67	274
9	"1"	"1"	12	FALSE	0	135	100	0	0	-395.979797464	395.979797464	1552063026.61	-101	295	-101	295
9	"1"	"1"	12	FALSE	0	135	100	0	0	-395.979797464	395.979797464	1552063026.64	-145	313	-145	313
9	"1"	"1"	12	FALSE	0	135	100	0	0	-395.979797464	395.979797464	1552063026.67	-189	326	-189	326
9	"1"	"1"	12	FALSE	0	135	100	0	0	-395.979797464	395.979797464	1552063026.71	-225	340	-225	340
9	"1"	"1"	12	FALSE	0	135	100	0	0	-395.979797464	395.979797464	1552063026.74	-254	352	-254	352
9	"1"	"1"	12	FALSE	0	135	100	0	0	-395.979797464	395.979797464	1552063026.77	-287	362	-287	362
9	"1"	"1"	12	FALSE	0	135	100	0	0	-395.979797464	395.979797464	1552063026.81	-313	372	-313	372
9	"1"	"1"	12	FALSE	0	135	100	0	0	-395.979797464	395.979797464	1552063026.84	-331	380	-331	380
9	"1"	"1"	12	FALSE	0	135	100	0	0	-395.979797464	395.979797464	1552063026.87	-345	387	-345	387
9	"1"	"1"	12	FALSE	0	135	100	0	0	-395.979797464	395.979797464	1552063026.91	-361	395	-361	395
9	"1"	"1"	12	FALSE	0	135	100	0	0	-395.979797464	395.979797464	1552063026.94	-376	402	-376	402
9	"1"	"1"	12	FALSE	0	135	100	0	0	-395.979797464	395.979797464	1552063026.97	-388	405	-388	405
9	"1"	"1"	12	FALSE	0	135	100	0	0	-395.979797464	395.979797464	1552063027.01	-399	409	-399	409
9	"1"	"1"	12	FALSE	0	135	100	0	0	-395.979797464	395.979797464	1552063027.04	-410	411	-410	411
9	"1"	"1"	12	FALSE	0	135	100	0	0	-395.979797464	395.979797464	1552063027.07	-417	411	-417	411
9	"1"	"1"	12	FALSE	0	135	100	0	0	-395.979797464	395.979797464	1552063027.11	-419	411	-419	411
9	"1"	"1"	12	FALSE	0	135	100	0	0	-395.979797464	395.979797464	1552063027.14	-418	410	-418	410
9	"1"	"1"	12	FALSE	0	135	100	0	0	-395.979797464	395.979797464	1552063027.17	-416	411	-416	411
9	"1"	"1"	12	FALSE	0	135	100	0	0	-395.979797464	395.979797464	1552063027.21	-413	410	-413	410
9	"1"	"1"	12	FALSE	0	135	100	0	0	-395.979797464	395.979797464	1552063027.24	-405	405	-405	405
9	"1"	"1"	12	FALSE	0	135	100	0	0	-395.979797464	395.979797464	1552063027.27	-390	394	-390	394
9	"1"	"1"	12	FALSE	0	135	100	0	0	-395.979797464	395.979797464	1552063027.31	-376	379	-376	379
9	"1"	"1"	12	FALSE	0	135	100	0	0	-395.979797464	395.979797464	1552063027.34	-360	364	-360	364
9	"1"	"1"	12	FALSE	0	135	100	0	0	-395.979797464	395.979797464	1552063027.37	-344	352	-344	352
9	"1"	"1"	12	FALSE	0	135	100	0	0	-395.979797464	395.979797464	1552063027.41	-333	343	-333	343
9	"1"	"1"	12	FALSE	0	135	100	0	0	-395.979797464	395.979797464	1552063027.44	-326	338	-326	338
9	"1"	"1"	12	FALSE	0	135	100	0	0	-395.979797464	395.979797464	1552063027.47	-326	338	-326	338
9	"1"	"1"	12	FALSE	0	135	100	0	0	-395.979797464	395.979797464	1552063027.51	-334	346	-334	346
9	"1"	"1"	12	FALSE	0	135	100	0	0	-395.979797464	395.979797464	1552063027.54	-346	357	-346	357
9	"1"	"1"	12	FALSE	0	135	100	0	0	-395.979797464	395.979797464	1552063027.57	-361	370	-361	370
9	"1"	"1"	12	FALSE	0	135	100	0	0	-395.979797464	395.979797464	1552063027.61	-373	379	-373	379
9	"1"	"1"	12	FALSE	0	135	100	0	0	-395.979797464	395.979797464	1552063027.64	-381	388	-381	388
9	"1"	"1"	12	FALSE	0	135	100	0	0	-395.979797464	395.979797464	1552063027.67	-387	396	-387	396
9	"1"	"1"	12	FALSE	0	135	100	0	0	-395.979797464	395.979797464	1552063027.71	-391	401	-391	401
9	"1"	"1"	12	FALSE	0	135	100	0	0	-395.979797464	395.979797464	1552063027.74	-394	403	-394	403
9	"1"	"1"	12	FALSE	0	135	100	0	0	-395.979797464	395.979797464	1552063027.77	-396	403	-396	403
9	"1"	"1"	12	FALSE	0	135	100	0	0	-395.979797464	395.979797464	1552063027.81	-395	402	-395	402
9	"1"	"1"	13	FALSE	0	90	100	0	0	3.42901103761e-14	560	1552063028.99	-7	-6	-7	-6
9	"1"	"1"	13	FALSE	0	90	100	0	0	3.42901103761e-14	560	1552063029.01	-6	-6	-6	-6
9	"1"	"1"	13	FALSE	0	90	100	0	0	3.42901103761e-14	560	1552063029.04	-5	-7	-5	-7
9	"1"	"1"	13	FALSE	0	90	100	0	0	3.42901103761e-14	560	1552063029.08	-4	-7	-4	-7
9	"1"	"1"	13	FALSE	0	90	100	0	0	3.42901103761e-14	560	1552063029.11	-1	-7	-1	-7
9	"1"	"1"	13	FALSE	0	90	100	0	0	3.42901103761e-14	560	1552063029.14	1	-7	1	-7
9	"1"	"1"	13	FALSE	0	90	100	0	0	3.42901103761e-14	560	1552063029.18	3	-6	3	-6
9	"1"	"1"	13	FALSE	0	90	100	0	0	3.42901103761e-14	560	1552063029.21	6	-5	6	-5
9	"1"	"1"	13	FALSE	0	90	100	0	0	3.42901103761e-14	560	1552063029.24	7	-5	7	-5
9	"1"	"1"	13	FALSE	0	90	100	0	0	3.42901103761e-14	560	1552063029.28	7	-4	7	-4
9	"1"	"1"	13	FALSE	0	90	100	0	0	3.42901103761e-14	560	1552063029.31	6	5	6	5
9	"1"	"1"	13	FALSE	0	90	100	0	0	3.42901103761e-14	560	1552063029.34	6	29	6	29
9	"1"	"1"	13	FALSE	0	90	100	0	0	3.42901103761e-14	560	1552063029.38	5	52	5	52
9	"1"	"1"	13	FALSE	0	90	100	0	0	3.42901103761e-14	560	1552063029.41	4	82	4	82
9	"1"	"1"	13	FALSE	0	90	100	0	0	3.42901103761e-14	560	1552063029.44	6	121	6	121
9	"1"	"1"	13	FALSE	0	90	100	0	0	3.42901103761e-14	560	1552063029.48	13	171	13	171
9	"1"	"1"	13	FALSE	0	90	100	0	0	3.42901103761e-14	560	1552063029.51	16	213	16	213
9	"1"	"1"	13	FALSE	0	90	100	0	0	3.42901103761e-14	560	1552063029.54	15	256	15	256
9	"1"	"1"	13	FALSE	0	90	100	0	0	3.42901103761e-14	560	1552063029.58	14	299	14	299
9	"1"	"1"	13	FALSE	0	90	100	0	0	3.42901103761e-14	560	1552063029.61	14	336	14	336
9	"1"	"1"	13	FALSE	0	90	100	0	0	3.42901103761e-14	560	1552063029.64	7	373	7	373
9	"1"	"1"	13	FALSE	0	90	100	0	0	3.42901103761e-14	560	1552063029.68	0	403	0	403
9	"1"	"1"	13	FALSE	0	90	100	0	0	3.42901103761e-14	560	1552063029.71	-8	442	-8	442
9	"1"	"1"	13	FALSE	0	90	100	0	0	3.42901103761e-14	560	1552063029.74	-12	465	-12	465
9	"1"	"1"	13	FALSE	0	90	100	0	0	3.42901103761e-14	560	1552063029.78	-15	489	-15	489
9	"1"	"1"	13	FALSE	0	90	100	0	0	3.42901103761e-14	560	1552063029.81	-16	505	-16	505
9	"1"	"1"	13	FALSE	0	90	100	0	0	3.42901103761e-14	560	1552063029.84	-16	517	-16	517
9	"1"	"1"	13	FALSE	0	90	100	0	0	3.42901103761e-14	560	1552063029.88	-17	530	-17	530
9	"1"	"1"	13	FALSE	0	90	100	0	0	3.42901103761e-14	560	1552063029.91	-17	539	-17	539
9	"1"	"1"	13	FALSE	0	90	100	0	0	3.42901103761e-14	560	1552063029.94	-16	547	-16	547
9	"1"	"1"	13	FALSE	0	90	100	0	0	3.42901103761e-14	560	1552063029.98	-15	555	-15	555
9	"1"	"1"	13	FALSE	0	90	100	0	0	3.42901103761e-14	560	1552063030.01	-14	562	-14	562
9	"1"	"1"	13	FALSE	0	90	100	0	0	3.42901103761e-14	560	1552063030.04	-12	567	-12	567
9	"1"	"1"	13	FALSE	0	90	100	0	0	3.42901103761e-14	560	1552063030.08	-11	568	-11	568
9	"1"	"1"	14	FALSE	0	135	100	0	0	-395.979797464	395.979797464	1552063031.19	-4	-8	-4	-8
9	"1"	"1"	14	FALSE	0	135	100	0	0	-395.979797464	395.979797464	1552063031.21	-4	-8	-4	-8
9	"1"	"1"	14	FALSE	0	135	100	0	0	-395.979797464	395.979797464	1552063031.24	-4	-8	-4	-8
9	"1"	"1"	14	FALSE	0	135	100	0	0	-395.979797464	395.979797464	1552063031.28	-5	-8	-5	-8
9	"1"	"1"	14	FALSE	0	135	100	0	0	-395.979797464	395.979797464	1552063031.31	-5	-8	-5	-8
9	"1"	"1"	14	FALSE	0	135	100	0	0	-395.979797464	395.979797464	1552063031.34	-5	-8	-5	-8
9	"1"	"1"	14	FALSE	0	135	100	0	0	-395.979797464	395.979797464	1552063031.38	-4	1	-4	1
9	"1"	"1"	14	FALSE	0	135	100	0	0	-395.979797464	395.979797464	1552063031.41	1	18	1	18
9	"1"	"1"	14	FALSE	0	135	100	0	0	-395.979797464	395.979797464	1552063031.44	6	40	6	40
9	"1"	"1"	14	FALSE	0	135	100	0	0	-395.979797464	395.979797464	1552063031.48	9	65	9	65
9	"1"	"1"	14	FALSE	0	135	100	0	0	-395.979797464	395.979797464	1552063031.51	5	95	5	95
9	"1"	"1"	14	FALSE	0	135	100	0	0	-395.979797464	395.979797464	1552063031.54	-6	122	-6	122
9	"1"	"1"	14	FALSE	0	135	100	0	0	-395.979797464	395.979797464	1552063031.58	-32	154	-32	154
9	"1"	"1"	14	FALSE	0	135	100	0	0	-395.979797464	395.979797464	1552063031.61	-67	184	-67	184
9	"1"	"1"	14	FALSE	0	135	100	0	0	-395.979797464	395.979797464	1552063031.64	-103	207	-103	207
9	"1"	"1"	14	FALSE	0	135	100	0	0	-395.979797464	395.979797464	1552063031.68	-157	236	-157	236
9	"1"	"1"	14	FALSE	0	135	100	0	0	-395.979797464	395.979797464	1552063031.71	-195	256	-195	256
9	"1"	"1"	14	FALSE	0	135	100	0	0	-395.979797464	395.979797464	1552063031.74	-238	279	-238	279
9	"1"	"1"	14	FALSE	0	135	100	0	0	-395.979797464	395.979797464	1552063031.78	-274	296	-274	296
9	"1"	"1"	14	FALSE	0	135	100	0	0	-395.979797464	395.979797464	1552063031.81	-310	316	-310	316
9	"1"	"1"	14	FALSE	0	135	100	0	0	-395.979797464	395.979797464	1552063031.84	-339	332	-339	332
9	"1"	"1"	14	FALSE	0	135	100	0	0	-395.979797464	395.979797464	1552063031.88	-360	345	-360	345
9	"1"	"1"	14	FALSE	0	135	100	0	0	-395.979797464	395.979797464	1552063031.91	-378	357	-378	357
9	"1"	"1"	14	FALSE	0	135	100	0	0	-395.979797464	395.979797464	1552063031.94	-393	366	-393	366
9	"1"	"1"	14	FALSE	0	135	100	0	0	-395.979797464	395.979797464	1552063031.98	-406	374	-406	374
9	"1"	"1"	14	FALSE	0	135	100	0	0	-395.979797464	395.979797464	1552063032.01	-414	380	-414	380
9	"1"	"1"	14	FALSE	0	135	100	0	0	-395.979797464	395.979797464	1552063032.04	-419	385	-419	385
9	"1"	"1"	14	FALSE	0	135	100	0	0	-395.979797464	395.979797464	1552063032.08	-423	391	-423	391
9	"1"	"1"	14	FALSE	0	135	100	0	0	-395.979797464	395.979797464	1552063032.11	-424	398	-424	398
9	"1"	"1"	14	FALSE	0	135	100	0	0	-395.979797464	395.979797464	1552063032.14	-424	403	-424	403
9	"1"	"1"	14	FALSE	0	135	100	0	0	-395.979797464	395.979797464	1552063032.18	-424	403	-424	403
9	"1"	"1"	14	FALSE	0	135	100	0	0	-395.979797464	395.979797464	1552063032.21	-424	402	-424	402
9	"1"	"1"	14	FALSE	0	135	100	0	0	-395.979797464	395.979797464	1552063032.24	-419	399	-419	399
9	"1"	"1"	14	FALSE	0	135	100	0	0	-395.979797464	395.979797464	1552063032.28	-412	396	-412	396
9	"1"	"1"	14	FALSE	0	135	100	0	0	-395.979797464	395.979797464	1552063032.31	-406	392	-406	392
9	"1"	"1"	14	FALSE	0	135	100	0	0	-395.979797464	395.979797464	1552063032.34	-403	391	-403	391
9	"1"	"1"	14	FALSE	0	135	100	0	0	-395.979797464	395.979797464	1552063032.38	-402	390	-402	390
9	"1"	"1"	15	FALSE	0	45	100	0	0	395.979797464	395.979797464	1552063033.49	-1	-10	-1	-10
9	"1"	"1"	15	FALSE	0	45	100	0	0	395.979797464	395.979797464	1552063033.51	-1	-10	-1	-10
9	"1"	"1"	15	FALSE	0	45	100	0	0	395.979797464	395.979797464	1552063033.55	-2	-10	-2	-10
9	"1"	"1"	15	FALSE	0	45	100	0	0	395.979797464	395.979797464	1552063033.58	-2	-10	-2	-10
9	"1"	"1"	15	FALSE	0	45	100	0	0	395.979797464	395.979797464	1552063033.61	-2	-10	-2	-10
9	"1"	"1"	15	FALSE	0	45	100	0	0	395.979797464	395.979797464	1552063033.65	-2	-10	-2	-10
9	"1"	"1"	15	FALSE	0	45	100	0	0	395.979797464	395.979797464	1552063033.68	-2	-10	-2	-10
9	"1"	"1"	15	FALSE	0	45	100	0	0	395.979797464	395.979797464	1552063033.71	-4	-5	-4	-5
9	"1"	"1"	15	FALSE	0	45	100	0	0	395.979797464	395.979797464	1552063033.75	-10	6	-10	6
9	"1"	"1"	15	FALSE	0	45	100	0	0	395.979797464	395.979797464	1552063033.78	-20	18	-20	18
9	"1"	"1"	15	FALSE	0	45	100	0	0	395.979797464	395.979797464	1552063033.81	-33	38	-33	38
9	"1"	"1"	15	FALSE	0	45	100	0	0	395.979797464	395.979797464	1552063033.85	-42	59	-42	59
9	"1"	"1"	15	FALSE	0	45	100	0	0	395.979797464	395.979797464	1552063033.88	-40	84	-40	84
9	"1"	"1"	15	FALSE	0	45	100	0	0	395.979797464	395.979797464	1552063033.91	-17	124	-17	124
9	"1"	"1"	15	FALSE	0	45	100	0	0	395.979797464	395.979797464	1552063033.95	26	175	26	175
9	"1"	"1"	15	FALSE	0	45	100	0	0	395.979797464	395.979797464	1552063033.98	64	208	64	208
9	"1"	"1"	15	FALSE	0	45	100	0	0	395.979797464	395.979797464	1552063034.01	105	235	105	235
9	"1"	"1"	15	FALSE	0	45	100	0	0	395.979797464	395.979797464	1552063034.05	154	260	154	260
9	"1"	"1"	15	FALSE	0	45	100	0	0	395.979797464	395.979797464	1552063034.08	198	281	198	281
9	"1"	"1"	15	FALSE	0	45	100	0	0	395.979797464	395.979797464	1552063034.11	242	302	242	302
9	"1"	"1"	15	FALSE	0	45	100	0	0	395.979797464	395.979797464	1552063034.15	274	316	274	316
9	"1"	"1"	15	FALSE	0	45	100	0	0	395.979797464	395.979797464	1552063034.18	311	333	311	333
9	"1"	"1"	15	FALSE	0	45	100	0	0	395.979797464	395.979797464	1552063034.21	334	345	334	345
9	"1"	"1"	15	FALSE	0	45	100	0	0	395.979797464	395.979797464	1552063034.25	356	358	356	358
9	"1"	"1"	15	FALSE	0	45	100	0	0	395.979797464	395.979797464	1552063034.28	377	371	377	371
9	"1"	"1"	15	FALSE	0	45	100	0	0	395.979797464	395.979797464	1552063034.31	392	380	392	380
9	"1"	"1"	15	FALSE	0	45	100	0	0	395.979797464	395.979797464	1552063034.35	406	388	406	388
9	"1"	"1"	15	FALSE	0	45	100	0	0	395.979797464	395.979797464	1552063034.38	419	394	419	394
9	"1"	"1"	15	FALSE	0	45	100	0	0	395.979797464	395.979797464	1552063034.41	430	399	430	399
9	"1"	"1"	15	FALSE	0	45	100	0	0	395.979797464	395.979797464	1552063034.45	440	403	440	403
9	"1"	"1"	15	FALSE	0	45	100	0	0	395.979797464	395.979797464	1552063034.48	441	403	441	403
9	"1"	"1"	15	FALSE	0	45	100	0	0	395.979797464	395.979797464	1552063034.51	441	403	441	403
9	"1"	"1"	15	FALSE	0	45	100	0	0	395.979797464	395.979797464	1552063034.55	440	404	440	404
9	"1"	"1"	15	FALSE	0	45	100	0	0	395.979797464	395.979797464	1552063034.58	439	404	439	404
9	"1"	"1"	15	FALSE	0	45	100	0	0	395.979797464	395.979797464	1552063034.61	437	403	437	403
9	"1"	"1"	15	FALSE	0	45	100	0	0	395.979797464	395.979797464	1552063034.65	431	403	431	403
9	"1"	"1"	15	FALSE	0	45	100	0	0	395.979797464	395.979797464	1552063034.68	424	400	424	400
9	"1"	"1"	15	FALSE	0	45	100	0	0	395.979797464	395.979797464	1552063034.71	423	399	423	399
9	"1"	"1"	15	FALSE	0	45	100	0	0	395.979797464	395.979797464	1552063034.75	421	398	421	398
9	"1"	"1"	15	FALSE	0	45	100	0	0	395.979797464	395.979797464	1552063034.78	420	397	420	397
9	"1"	"1"	15	FALSE	0	45	100	0	0	395.979797464	395.979797464	1552063034.81	418	396	418	396
9	"1"	"1"	15	FALSE	0	45	100	0	0	395.979797464	395.979797464	1552063034.85	416	395	416	395
9	"1"	"1"	15	FALSE	0	45	100	0	0	395.979797464	395.979797464	1552063034.88	415	394	415	394
9	"1"	"1"	15	FALSE	0	45	100	0	0	395.979797464	395.979797464	1552063034.91	415	394	415	394
9	"1"	"1"	15	FALSE	0	45	100	0	0	395.979797464	395.979797464	1552063034.95	416	394	416	394
9	"1"	"1"	15	FALSE	0	45	100	0	0	395.979797464	395.979797464	1552063034.98	417	395	417	395
9	"1"	"1"	15	FALSE	0	45	100	0	0	395.979797464	395.979797464	1552063035.01	417	395	417	395
9	"1"	"1"	15	FALSE	0	45	100	0	0	395.979797464	395.979797464	1552063035.05	417	395	417	395
9	"1"	"1"	15	FALSE	0	45	100	0	0	395.979797464	395.979797464	1552063035.08	417	395	417	395
9	"1"	"1"	15	FALSE	0	45	100	0	0	395.979797464	395.979797464	1552063035.11	417	395	417	395
9	"1"	"1"	15	FALSE	0	45	100	0	0	395.979797464	395.979797464	1552063035.15	417	395	417	395
9	"1"	"1"	15	FALSE	0	45	100	0	0	395.979797464	395.979797464	1552063035.18	417	395	417	395
9	"1"	"1"	15	FALSE	0	45	100	0	0	395.979797464	395.979797464	1552063035.21	416	395	416	395
9	"1"	"1"	15	FALSE	0	45	100	0	0	395.979797464	395.979797464	1552063035.25	416	395	416	395
9	"1"	"1"	15	FALSE	0	45	100	0	0	395.979797464	395.979797464	1552063035.28	415	395	415	395
9	"1"	"1"	15	FALSE	0	45	100	0	0	395.979797464	395.979797464	1552063035.31	415	395	415	395
9	"1"	"1"	15	FALSE	0	45	100	0	0	395.979797464	395.979797464	1552063035.35	415	395	415	395
9	"1"	"1"	15	FALSE	0	45	100	0	0	395.979797464	395.979797464	1552063035.38	415	395	415	395
9	"1"	"1"	15	FALSE	0	45	100	0	0	395.979797464	395.979797464	1552063035.41	414	395	414	395
9	"1"	"1"	15	FALSE	0	45	100	0	0	395.979797464	395.979797464	1552063035.45	414	395	414	395
9	"1"	"1"	15	FALSE	0	45	100	0	0	395.979797464	395.979797464	1552063035.48	413	394	413	394
9	"1"	"1"	15	FALSE	0	45	100	0	0	395.979797464	395.979797464	1552063035.51	411	393	411	393
9	"1"	"1"	15	FALSE	0	45	100	0	0	395.979797464	395.979797464	1552063035.55	409	392	409	392
9	"1"	"1"	16	FALSE	0	45	100	0	0	395.979797464	395.979797464	1552063036.86	4	4	4	4
9	"1"	"1"	16	FALSE	0	45	100	0	0	395.979797464	395.979797464	1552063036.88	4	4	4	4
9	"1"	"1"	16	FALSE	0	45	100	0	0	395.979797464	395.979797464	1552063036.91	4	4	4	4
9	"1"	"1"	16	FALSE	0	45	100	0	0	395.979797464	395.979797464	1552063036.95	4	4	4	4
9	"1"	"1"	16	FALSE	0	45	100	0	0	395.979797464	395.979797464	1552063036.98	3	4	3	4
9	"1"	"1"	16	FALSE	0	45	100	0	0	395.979797464	395.979797464	1552063037.01	3	4	3	4
9	"1"	"1"	16	FALSE	0	45	100	0	0	395.979797464	395.979797464	1552063037.05	3	4	3	4
9	"1"	"1"	16	FALSE	0	45	100	0	0	395.979797464	395.979797464	1552063037.08	3	4	3	4
9	"1"	"1"	16	FALSE	0	45	100	0	0	395.979797464	395.979797464	1552063037.11	4	4	4	4
9	"1"	"1"	16	FALSE	0	45	100	0	0	395.979797464	395.979797464	1552063037.15	7	5	7	5
9	"1"	"1"	16	FALSE	0	45	100	0	0	395.979797464	395.979797464	1552063037.18	20	20	20	20
9	"1"	"1"	16	FALSE	0	45	100	0	0	395.979797464	395.979797464	1552063037.21	47	55	47	55
9	"1"	"1"	16	FALSE	0	45	100	0	0	395.979797464	395.979797464	1552063037.25	77	94	77	94
9	"1"	"1"	16	FALSE	0	45	100	0	0	395.979797464	395.979797464	1552063037.28	113	139	113	139
9	"1"	"1"	16	FALSE	0	45	100	0	0	395.979797464	395.979797464	1552063037.31	146	173	146	173
9	"1"	"1"	16	FALSE	0	45	100	0	0	395.979797464	395.979797464	1552063037.35	182	205	182	205
9	"1"	"1"	16	FALSE	0	45	100	0	0	395.979797464	395.979797464	1552063037.38	214	234	214	234
9	"1"	"1"	16	FALSE	0	45	100	0	0	395.979797464	395.979797464	1552063037.41	241	257	241	257
9	"1"	"1"	16	FALSE	0	45	100	0	0	395.979797464	395.979797464	1552063037.45	269	282	269	282
9	"1"	"1"	16	FALSE	0	45	100	0	0	395.979797464	395.979797464	1552063037.48	287	302	287	302
9	"1"	"1"	16	FALSE	0	45	100	0	0	395.979797464	395.979797464	1552063037.52	303	319	303	319
9	"1"	"1"	16	FALSE	0	45	100	0	0	395.979797464	395.979797464	1552063037.55	316	334	316	334
9	"1"	"1"	16	FALSE	0	45	100	0	0	395.979797464	395.979797464	1552063037.58	329	350	329	350
9	"1"	"1"	16	FALSE	0	45	100	0	0	395.979797464	395.979797464	1552063037.62	340	363	340	363
9	"1"	"1"	16	FALSE	0	45	100	0	0	395.979797464	395.979797464	1552063037.65	344	369	344	369
9	"1"	"1"	16	FALSE	0	45	100	0	0	395.979797464	395.979797464	1552063037.68	346	372	346	372
9	"1"	"1"	16	FALSE	0	45	100	0	0	395.979797464	395.979797464	1552063037.72	348	374	348	374
9	"1"	"1"	16	FALSE	0	45	100	0	0	395.979797464	395.979797464	1552063037.75	351	377	351	377
9	"1"	"1"	16	FALSE	0	45	100	0	0	395.979797464	395.979797464	1552063037.78	356	379	356	379
9	"1"	"1"	16	FALSE	0	45	100	0	0	395.979797464	395.979797464	1552063037.82	364	383	364	383
9	"1"	"1"	16	FALSE	0	45	100	0	0	395.979797464	395.979797464	1552063037.85	368	384	368	384
9	"1"	"1"	16	FALSE	0	45	100	0	0	395.979797464	395.979797464	1552063037.88	368	384	368	384
9	"1"	"1"	16	FALSE	0	45	100	0	0	395.979797464	395.979797464	1552063037.92	369	384	369	384
9	"1"	"1"	16	FALSE	0	45	100	0	0	395.979797464	395.979797464	1552063037.95	370	384	370	384
9	"1"	"1"	16	FALSE	0	45	100	0	0	395.979797464	395.979797464	1552063037.98	370	385	370	385
9	"1"	"1"	16	FALSE	0	45	100	0	0	395.979797464	395.979797464	1552063038.02	374	386	374	386
9	"1"	"1"	16	FALSE	0	45	100	0	0	395.979797464	395.979797464	1552063038.05	381	389	381	389
9	"1"	"1"	16	FALSE	0	45	100	0	0	395.979797464	395.979797464	1552063038.08	385	391	385	391
9	"1"	"1"	17	FALSE	0	90	100	0	0	3.42901103761e-14	560	1552063039.3	-5	-5	-5	-5
9	"1"	"1"	17	FALSE	0	90	100	0	0	3.42901103761e-14	560	1552063039.32	-5	-5	-5	-5
9	"1"	"1"	17	FALSE	0	90	100	0	0	3.42901103761e-14	560	1552063039.35	-3	-3	-3	-3
9	"1"	"1"	17	FALSE	0	90	100	0	0	3.42901103761e-14	560	1552063039.38	-1	-1	-1	-1
9	"1"	"1"	17	FALSE	0	90	100	0	0	3.42901103761e-14	560	1552063039.42	-1	-1	-1	-1
9	"1"	"1"	17	FALSE	0	90	100	0	0	3.42901103761e-14	560	1552063039.45	-1	-1	-1	-1
9	"1"	"1"	17	FALSE	0	90	100	0	0	3.42901103761e-14	560	1552063039.48	-1	-1	-1	-1
9	"1"	"1"	17	FALSE	0	90	100	0	0	3.42901103761e-14	560	1552063039.52	-1	-1	-1	-1
9	"1"	"1"	17	FALSE	0	90	100	0	0	3.42901103761e-14	560	1552063039.55	1	5	1	5
9	"1"	"1"	17	FALSE	0	90	100	0	0	3.42901103761e-14	560	1552063039.58	9	21	9	21
9	"1"	"1"	17	FALSE	0	90	100	0	0	3.42901103761e-14	560	1552063039.62	26	52	26	52
9	"1"	"1"	17	FALSE	0	90	100	0	0	3.42901103761e-14	560	1552063039.65	39	84	39	84
9	"1"	"1"	17	FALSE	0	90	100	0	0	3.42901103761e-14	560	1552063039.68	44	114	44	114
9	"1"	"1"	17	FALSE	0	90	100	0	0	3.42901103761e-14	560	1552063039.72	41	154	41	154
9	"1"	"1"	17	FALSE	0	90	100	0	0	3.42901103761e-14	560	1552063039.75	35	195	35	195
9	"1"	"1"	17	FALSE	0	90	100	0	0	3.42901103761e-14	560	1552063039.78	25	233	25	233
9	"1"	"1"	17	FALSE	0	90	100	0	0	3.42901103761e-14	560	1552063039.82	15	265	15	265
9	"1"	"1"	17	FALSE	0	90	100	0	0	3.42901103761e-14	560	1552063039.85	8	303	8	303
9	"1"	"1"	17	FALSE	0	90	100	0	0	3.42901103761e-14	560	1552063039.88	5	340	5	340
9	"1"	"1"	17	FALSE	0	90	100	0	0	3.42901103761e-14	560	1552063039.92	4	367	4	367
9	"1"	"1"	17	FALSE	0	90	100	0	0	3.42901103761e-14	560	1552063039.95	4	396	4	396
9	"1"	"1"	17	FALSE	0	90	100	0	0	3.42901103761e-14	560	1552063039.98	2	420	2	420
9	"1"	"1"	17	FALSE	0	90	100	0	0	3.42901103761e-14	560	1552063040.02	-2	437	-2	437
9	"1"	"1"	17	FALSE	0	90	100	0	0	3.42901103761e-14	560	1552063040.05	-7	462	-7	462
9	"1"	"1"	17	FALSE	0	90	100	0	0	3.42901103761e-14	560	1552063040.08	-8	483	-8	483
9	"1"	"1"	17	FALSE	0	90	100	0	0	3.42901103761e-14	560	1552063040.12	-8	510	-8	510
9	"1"	"1"	17	FALSE	0	90	100	0	0	3.42901103761e-14	560	1552063040.15	-6	527	-6	527
9	"1"	"1"	17	FALSE	0	90	100	0	0	3.42901103761e-14	560	1552063040.18	-2	543	-2	543
9	"1"	"1"	17	FALSE	0	90	100	0	0	3.42901103761e-14	560	1552063040.22	4	556	4	556
9	"1"	"1"	17	FALSE	0	90	100	0	0	3.42901103761e-14	560	1552063040.25	6	559	6	559
9	"1"	"1"	18	FALSE	0	135	100	0	0	-395.979797464	395.979797464	1552063041.5	-5	-10	-5	-10
9	"1"	"1"	18	FALSE	0	135	100	0	0	-395.979797464	395.979797464	1552063041.52	-5	-10	-5	-10
9	"1"	"1"	18	FALSE	0	135	100	0	0	-395.979797464	395.979797464	1552063041.55	-5	-9	-5	-9
9	"1"	"1"	18	FALSE	0	135	100	0	0	-395.979797464	395.979797464	1552063041.58	-5	-4	-5	-4
9	"1"	"1"	18	FALSE	0	135	100	0	0	-395.979797464	395.979797464	1552063041.62	-4	11	-4	11
9	"1"	"1"	18	FALSE	0	135	100	0	0	-395.979797464	395.979797464	1552063041.65	4	36	4	36
9	"1"	"1"	18	FALSE	0	135	100	0	0	-395.979797464	395.979797464	1552063041.68	9	47	9	47
9	"1"	"1"	18	FALSE	0	135	100	0	0	-395.979797464	395.979797464	1552063041.72	14	60	14	60
9	"1"	"1"	18	FALSE	0	135	100	0	0	-395.979797464	395.979797464	1552063041.75	16	71	16	71
9	"1"	"1"	18	FALSE	0	135	100	0	0	-395.979797464	395.979797464	1552063041.79	17	80	17	80
9	"1"	"1"	18	FALSE	0	135	100	0	0	-395.979797464	395.979797464	1552063041.82	4	105	4	105
9	"1"	"1"	18	FALSE	0	135	100	0	0	-395.979797464	395.979797464	1552063041.85	-23	138	-23	138
9	"1"	"1"	18	FALSE	0	135	100	0	0	-395.979797464	395.979797464	1552063041.89	-58	171	-58	171
9	"1"	"1"	18	FALSE	0	135	100	0	0	-395.979797464	395.979797464	1552063041.92	-106	210	-106	210
9	"1"	"1"	18	FALSE	0	135	100	0	0	-395.979797464	395.979797464	1552063041.95	-143	238	-143	238
9	"1"	"1"	18	FALSE	0	135	100	0	0	-395.979797464	395.979797464	1552063041.99	-182	260	-182	260
9	"1"	"1"	18	FALSE	0	135	100	0	0	-395.979797464	395.979797464	1552063042.02	-206	271	-206	271
9	"1"	"1"	18	FALSE	0	135	100	0	0	-395.979797464	395.979797464	1552063042.05	-232	278	-232	278
9	"1"	"1"	18	FALSE	0	135	100	0	0	-395.979797464	395.979797464	1552063042.09	-255	285	-255	285
9	"1"	"1"	18	FALSE	0	135	100	0	0	-395.979797464	395.979797464	1552063042.12	-275	295	-275	295
9	"1"	"1"	18	FALSE	0	135	100	0	0	-395.979797464	395.979797464	1552063042.15	-296	309	-296	309
9	"1"	"1"	18	FALSE	0	135	100	0	0	-395.979797464	395.979797464	1552063042.19	-313	323	-313	323
9	"1"	"1"	18	FALSE	0	135	100	0	0	-395.979797464	395.979797464	1552063042.22	-325	333	-325	333
9	"1"	"1"	18	FALSE	0	135	100	0	0	-395.979797464	395.979797464	1552063042.25	-339	345	-339	345
9	"1"	"1"	18	FALSE	0	135	100	0	0	-395.979797464	395.979797464	1552063042.29	-352	357	-352	357
9	"1"	"1"	18	FALSE	0	135	100	0	0	-395.979797464	395.979797464	1552063042.32	-362	365	-362	365
9	"1"	"1"	18	FALSE	0	135	100	0	0	-395.979797464	395.979797464	1552063042.35	-366	370	-366	370
9	"1"	"1"	18	FALSE	0	135	100	0	0	-395.979797464	395.979797464	1552063042.39	-370	380	-370	380
9	"1"	"1"	18	FALSE	0	135	100	0	0	-395.979797464	395.979797464	1552063042.42	-371	390	-371	390
9	"1"	"1"	18	FALSE	0	135	100	0	0	-395.979797464	395.979797464	1552063042.45	-374	398	-374	398
9	"1"	"1"	18	FALSE	0	135	100	0	0	-395.979797464	395.979797464	1552063042.49	-378	403	-378	403
9	"1"	"1"	18	FALSE	0	135	100	0	0	-395.979797464	395.979797464	1552063042.52	-383	406	-383	406
9	"1"	"1"	18	FALSE	0	135	100	0	0	-395.979797464	395.979797464	1552063042.55	-387	407	-387	407
9	"1"	"1"	18	FALSE	0	135	100	0	0	-395.979797464	395.979797464	1552063042.59	-388	408	-388	408
9	"1"	"1"	18	FALSE	0	135	100	0	0	-395.979797464	395.979797464	1552063042.62	-388	408	-388	408
9	"1"	"1"	18	FALSE	0	135	100	0	0	-395.979797464	395.979797464	1552063042.65	-388	408	-388	408
9	"1"	"1"	18	FALSE	0	135	100	0	0	-395.979797464	395.979797464	1552063042.69	-388	408	-388	408
9	"1"	"1"	18	FALSE	0	135	100	0	0	-395.979797464	395.979797464	1552063042.72	-388	408	-388	408
9	"1"	"1"	18	FALSE	0	135	100	0	0	-395.979797464	395.979797464	1552063042.75	-388	406	-388	406
9	"1"	"1"	18	FALSE	0	135	100	0	0	-395.979797464	395.979797464	1552063042.79	-389	403	-389	403
9	"1"	"1"	18	FALSE	0	135	100	0	0	-395.979797464	395.979797464	1552063042.82	-390	399	-390	399
9	"1"	"1"	18	FALSE	0	135	100	0	0	-395.979797464	395.979797464	1552063042.85	-391	395	-391	395
9	"1"	"1"	19	FALSE	0	135	100	0	0	-395.979797464	395.979797464	1552063043.97	-3	-7	-3	-7
9	"1"	"1"	19	FALSE	0	135	100	0	0	-395.979797464	395.979797464	1552063043.99	-3	-7	-3	-7
9	"1"	"1"	19	FALSE	0	135	100	0	0	-395.979797464	395.979797464	1552063044.02	-2	-8	-2	-8
9	"1"	"1"	19	FALSE	0	135	100	0	0	-395.979797464	395.979797464	1552063044.05	0	-9	0	-9
9	"1"	"1"	19	FALSE	0	135	100	0	0	-395.979797464	395.979797464	1552063044.09	0	-9	0	-9
9	"1"	"1"	19	FALSE	0	135	100	0	0	-395.979797464	395.979797464	1552063044.12	0	-8	0	-8
9	"1"	"1"	19	FALSE	0	135	100	0	0	-395.979797464	395.979797464	1552063044.15	0	-7	0	-7
9	"1"	"1"	19	FALSE	0	135	100	0	0	-395.979797464	395.979797464	1552063044.19	-1	-3	-1	-3
9	"1"	"1"	19	FALSE	0	135	100	0	0	-395.979797464	395.979797464	1552063044.22	-3	-1	-3	-1
9	"1"	"1"	19	FALSE	0	135	100	0	0	-395.979797464	395.979797464	1552063044.25	-4	-1	-4	-1
9	"1"	"1"	19	FALSE	0	135	100	0	0	-395.979797464	395.979797464	1552063044.29	-9	2	-9	2
9	"1"	"1"	19	FALSE	0	135	100	0	0	-395.979797464	395.979797464	1552063044.32	-25	12	-25	12
9	"1"	"1"	19	FALSE	0	135	100	0	0	-395.979797464	395.979797464	1552063044.35	-56	43	-56	43
9	"1"	"1"	19	FALSE	0	135	100	0	0	-395.979797464	395.979797464	1552063044.39	-88	76	-88	76
9	"1"	"1"	19	FALSE	0	135	100	0	0	-395.979797464	395.979797464	1552063044.42	-126	118	-126	118
9	"1"	"1"	19	FALSE	0	135	100	0	0	-395.979797464	395.979797464	1552063044.45	-163	162	-163	162
9	"1"	"1"	19	FALSE	0	135	100	0	0	-395.979797464	395.979797464	1552063044.49	-199	201	-199	201
9	"1"	"1"	19	FALSE	0	135	100	0	0	-395.979797464	395.979797464	1552063044.52	-236	234	-236	234
9	"1"	"1"	19	FALSE	0	135	100	0	0	-395.979797464	395.979797464	1552063044.55	-267	258	-267	258
9	"1"	"1"	19	FALSE	0	135	100	0	0	-395.979797464	395.979797464	1552063044.59	-300	284	-300	284
9	"1"	"1"	19	FALSE	0	135	100	0	0	-395.979797464	395.979797464	1552063044.62	-322	306	-322	306
9	"1"	"1"	19	FALSE	0	135	100	0	0	-395.979797464	395.979797464	1552063044.65	-342	331	-342	331
9	"1"	"1"	19	FALSE	0	135	100	0	0	-395.979797464	395.979797464	1552063044.69	-356	354	-356	354
9	"1"	"1"	19	FALSE	0	135	100	0	0	-395.979797464	395.979797464	1552063044.72	-363	365	-363	365
9	"1"	"1"	19	FALSE	0	135	100	0	0	-395.979797464	395.979797464	1552063044.75	-372	381	-372	381
9	"1"	"1"	19	FALSE	0	135	100	0	0	-395.979797464	395.979797464	1552063044.79	-377	390	-377	390
9	"1"	"1"	19	FALSE	0	135	100	0	0	-395.979797464	395.979797464	1552063044.82	-381	398	-381	398
9	"1"	"1"	19	FALSE	0	135	100	0	0	-395.979797464	395.979797464	1552063044.85	-384	403	-384	403
9	"1"	"1"	19	FALSE	0	135	100	0	0	-395.979797464	395.979797464	1552063044.89	-388	407	-388	407
9	"1"	"1"	19	FALSE	0	135	100	0	0	-395.979797464	395.979797464	1552063044.92	-391	409	-391	409
9	"1"	"1"	19	FALSE	0	135	100	0	0	-395.979797464	395.979797464	1552063044.95	-393	410	-393	410
9	"1"	"1"	19	FALSE	0	135	100	0	0	-395.979797464	395.979797464	1552063044.99	-394	410	-394	410
9	"1"	"1"	19	FALSE	0	135	100	0	0	-395.979797464	395.979797464	1552063045.02	-394	410	-394	410
9	"1"	"1"	19	FALSE	0	135	100	0	0	-395.979797464	395.979797464	1552063045.05	-394	410	-394	410
9	"1"	"1"	19	FALSE	0	135	100	0	0	-395.979797464	395.979797464	1552063045.09	-393	410	-393	410
9	"1"	"1"	19	FALSE	0	135	100	0	0	-395.979797464	395.979797464	1552063045.12	-393	410	-393	410
9	"1"	"1"	19	FALSE	0	135	100	0	0	-395.979797464	395.979797464	1552063045.15	-394	410	-394	410
9	"1"	"1"	19	FALSE	0	135	100	0	0	-395.979797464	395.979797464	1552063045.19	-394	410	-394	410
9	"1"	"1"	19	FALSE	0	135	100	0	0	-395.979797464	395.979797464	1552063045.22	-394	410	-394	410
9	"1"	"1"	19	FALSE	0	135	100	0	0	-395.979797464	395.979797464	1552063045.25	-394	410	-394	410
9	"1"	"1"	19	FALSE	0	135	100	0	0	-395.979797464	395.979797464	1552063045.29	-394	410	-394	410
9	"1"	"1"	19	FALSE	0	135	100	0	0	-395.979797464	395.979797464	1552063045.32	-394	406	-394	406
9	"1"	"1"	19	FALSE	0	135	100	0	0	-395.979797464	395.979797464	1552063045.35	-394	402	-394	402
9	"1"	"1"	19	FALSE	0	135	100	0	0	-395.979797464	395.979797464	1552063045.39	-395	400	-395	400
9	"1"	"1"	19	FALSE	0	135	100	0	0	-395.979797464	395.979797464	1552063045.42	-395	398	-395	398
9	"1"	"1"	19	FALSE	0	135	100	0	0	-395.979797464	395.979797464	1552063045.45	-395	396	-395	396
9	"1"	"1"	20	FALSE	0	45	100	0	0	395.979797464	395.979797464	1552063046.6	6	-5	6	-5
9	"1"	"1"	20	FALSE	0	45	100	0	0	395.979797464	395.979797464	1552063046.62	6	-5	6	-5
9	"1"	"1"	20	FALSE	0	45	100	0	0	395.979797464	395.979797464	1552063046.66	6	-6	6	-6
9	"1"	"1"	20	FALSE	0	45	100	0	0	395.979797464	395.979797464	1552063046.69	6	-6	6	-6
9	"1"	"1"	20	FALSE	0	45	100	0	0	395.979797464	395.979797464	1552063046.72	6	-6	6	-6
9	"1"	"1"	20	FALSE	0	45	100	0	0	395.979797464	395.979797464	1552063046.76	7	-6	7	-6
9	"1"	"1"	20	FALSE	0	45	100	0	0	395.979797464	395.979797464	1552063046.79	6	-5	6	-5
9	"1"	"1"	20	FALSE	0	45	100	0	0	395.979797464	395.979797464	1552063046.82	5	-4	5	-4
9	"1"	"1"	20	FALSE	0	45	100	0	0	395.979797464	395.979797464	1552063046.86	3	-1	3	-1
9	"1"	"1"	20	FALSE	0	45	100	0	0	395.979797464	395.979797464	1552063046.89	1	3	1	3
9	"1"	"1"	20	FALSE	0	45	100	0	0	395.979797464	395.979797464	1552063046.92	2	14	2	14
9	"1"	"1"	20	FALSE	0	45	100	0	0	395.979797464	395.979797464	1552063046.96	20	47	20	47
9	"1"	"1"	20	FALSE	0	45	100	0	0	395.979797464	395.979797464	1552063046.99	45	85	45	85
9	"1"	"1"	20	FALSE	0	45	100	0	0	395.979797464	395.979797464	1552063047.02	83	138	83	138
9	"1"	"1"	20	FALSE	0	45	100	0	0	395.979797464	395.979797464	1552063047.06	126	190	126	190
9	"1"	"1"	20	FALSE	0	45	100	0	0	395.979797464	395.979797464	1552063047.09	172	238	172	238
9	"1"	"1"	20	FALSE	0	45	100	0	0	395.979797464	395.979797464	1552063047.12	217	278	217	278
9	"1"	"1"	20	FALSE	0	45	100	0	0	395.979797464	395.979797464	1552063047.16	251	305	251	305
9	"1"	"1"	20	FALSE	0	45	100	0	0	395.979797464	395.979797464	1552063047.19	287	331	287	331
9	"1"	"1"	20	FALSE	0	45	100	0	0	395.979797464	395.979797464	1552063047.22	318	351	318	351
9	"1"	"1"	20	FALSE	0	45	100	0	0	395.979797464	395.979797464	1552063047.26	338	363	338	363
9	"1"	"1"	20	FALSE	0	45	100	0	0	395.979797464	395.979797464	1552063047.29	359	374	359	374
9	"1"	"1"	20	FALSE	0	45	100	0	0	395.979797464	395.979797464	1552063047.32	371	381	371	381
9	"1"	"1"	20	FALSE	0	45	100	0	0	395.979797464	395.979797464	1552063047.36	388	390	388	390
9	"1"	"1"	20	FALSE	0	45	100	0	0	395.979797464	395.979797464	1552063047.39	399	397	399	397
9	"1"	"1"	20	FALSE	0	45	100	0	0	395.979797464	395.979797464	1552063047.42	409	403	409	403
9	"1"	"1"	20	FALSE	0	45	100	0	0	395.979797464	395.979797464	1552063047.46	417	409	417	409
9	"1"	"1"	20	FALSE	0	45	100	0	0	395.979797464	395.979797464	1552063047.49	420	411	420	411
9	"1"	"1"	20	FALSE	0	45	100	0	0	395.979797464	395.979797464	1552063047.52	421	411	421	411
9	"1"	"1"	20	FALSE	0	45	100	0	0	395.979797464	395.979797464	1552063047.56	421	411	421	411
9	"1"	"1"	20	FALSE	0	45	100	0	0	395.979797464	395.979797464	1552063047.59	420	411	420	411
9	"1"	"1"	20	FALSE	0	45	100	0	0	395.979797464	395.979797464	1552063047.62	419	411	419	411
9	"1"	"1"	20	FALSE	0	45	100	0	0	395.979797464	395.979797464	1552063047.66	419	411	419	411
9	"1"	"1"	20	FALSE	0	45	100	0	0	395.979797464	395.979797464	1552063047.69	419	411	419	411
9	"1"	"1"	20	FALSE	0	45	100	0	0	395.979797464	395.979797464	1552063047.72	419	410	419	410
9	"1"	"1"	20	FALSE	0	45	100	0	0	395.979797464	395.979797464	1552063047.76	419	410	419	410
9	"1"	"1"	20	FALSE	0	45	100	0	0	395.979797464	395.979797464	1552063047.79	415	406	415	406
9	"1"	"1"	20	FALSE	0	45	100	0	0	395.979797464	395.979797464	1552063047.82	411	403	411	403
9	"1"	"1"	20	FALSE	0	45	100	0	0	395.979797464	395.979797464	1552063047.86	407	400	407	400
9	"1"	"1"	20	FALSE	0	45	100	0	0	395.979797464	395.979797464	1552063047.89	404	399	404	399
9	"1"	"1"	20	FALSE	0	45	100	0	0	395.979797464	395.979797464	1552063047.92	400	397	400	397
9	"1"	"1"	21	FALSE	0	90	100	0	0	3.42901103761e-14	560	1552063049	-5	-3	-5	-3
9	"1"	"1"	21	FALSE	0	90	100	0	0	3.42901103761e-14	560	1552063049.02	-4	-2	-4	-2
9	"1"	"1"	21	FALSE	0	90	100	0	0	3.42901103761e-14	560	1552063049.06	-3	0	-3	0
9	"1"	"1"	21	FALSE	0	90	100	0	0	3.42901103761e-14	560	1552063049.09	-1	2	-1	2
9	"1"	"1"	21	FALSE	0	90	100	0	0	3.42901103761e-14	560	1552063049.12	0	3	0	3
9	"1"	"1"	21	FALSE	0	90	100	0	0	3.42901103761e-14	560	1552063049.16	0	4	0	4
9	"1"	"1"	21	FALSE	0	90	100	0	0	3.42901103761e-14	560	1552063049.19	-1	4	-1	4
9	"1"	"1"	21	FALSE	0	90	100	0	0	3.42901103761e-14	560	1552063049.22	-3	8	-3	8
9	"1"	"1"	21	FALSE	0	90	100	0	0	3.42901103761e-14	560	1552063049.26	-5	18	-5	18
9	"1"	"1"	21	FALSE	0	90	100	0	0	3.42901103761e-14	560	1552063049.29	-7	33	-7	33
9	"1"	"1"	21	FALSE	0	90	100	0	0	3.42901103761e-14	560	1552063049.32	-5	68	-5	68
9	"1"	"1"	21	FALSE	0	90	100	0	0	3.42901103761e-14	560	1552063049.36	1	106	1	106
9	"1"	"1"	21	FALSE	0	90	100	0	0	3.42901103761e-14	560	1552063049.39	10	160	10	160
9	"1"	"1"	21	FALSE	0	90	100	0	0	3.42901103761e-14	560	1552063049.42	16	210	16	210
9	"1"	"1"	21	FALSE	0	90	100	0	0	3.42901103761e-14	560	1552063049.46	17	269	17	269
9	"1"	"1"	21	FALSE	0	90	100	0	0	3.42901103761e-14	560	1552063049.49	17	322	17	322
9	"1"	"1"	21	FALSE	0	90	100	0	0	3.42901103761e-14	560	1552063049.52	17	364	17	364
9	"1"	"1"	21	FALSE	0	90	100	0	0	3.42901103761e-14	560	1552063049.56	15	405	15	405
9	"1"	"1"	21	FALSE	0	90	100	0	0	3.42901103761e-14	560	1552063049.59	13	437	13	437
9	"1"	"1"	21	FALSE	0	90	100	0	0	3.42901103761e-14	560	1552063049.62	12	469	12	469
9	"1"	"1"	21	FALSE	0	90	100	0	0	3.42901103761e-14	560	1552063049.66	11	493	11	493
9	"1"	"1"	21	FALSE	0	90	100	0	0	3.42901103761e-14	560	1552063049.69	10	517	10	517
9	"1"	"1"	21	FALSE	0	90	100	0	0	3.42901103761e-14	560	1552063049.72	10	536	10	536
9	"1"	"1"	21	FALSE	0	90	100	0	0	3.42901103761e-14	560	1552063049.76	10	547	10	547
9	"1"	"1"	21	FALSE	0	90	100	0	0	3.42901103761e-14	560	1552063049.79	10	560	10	560
9	"1"	"1"	21	FALSE	0	90	100	0	0	3.42901103761e-14	560	1552063049.82	10	570	10	570
9	"1"	"1"	21	FALSE	0	90	100	0	0	3.42901103761e-14	560	1552063049.86	10	575	10	575
9	"1"	"1"	21	FALSE	0	90	100	0	0	3.42901103761e-14	560	1552063049.89	9	577	9	577
9	"1"	"1"	21	FALSE	0	90	100	0	0	3.42901103761e-14	560	1552063049.92	8	578	8	578
9	"1"	"1"	21	FALSE	0	90	100	0	0	3.42901103761e-14	560	1552063049.96	8	578	8	578
9	"1"	"1"	21	FALSE	0	90	100	0	0	3.42901103761e-14	560	1552063049.99	8	578	8	578
9	"1"	"1"	21	FALSE	0	90	100	0	0	3.42901103761e-14	560	1552063050.02	8	578	8	578
9	"1"	"1"	21	FALSE	0	90	100	0	0	3.42901103761e-14	560	1552063050.06	9	578	9	578
9	"1"	"1"	21	FALSE	0	90	100	0	0	3.42901103761e-14	560	1552063050.09	9	577	9	577
9	"1"	"1"	21	FALSE	0	90	100	0	0	3.42901103761e-14	560	1552063050.12	9	576	9	576
9	"1"	"1"	21	FALSE	0	90	100	0	0	3.42901103761e-14	560	1552063050.16	9	576	9	576
9	"1"	"1"	21	FALSE	0	90	100	0	0	3.42901103761e-14	560	1552063050.19	8	575	8	575
9	"1"	"1"	21	FALSE	0	90	100	0	0	3.42901103761e-14	560	1552063050.22	5	571	5	571
9	"1"	"1"	21	FALSE	0	90	100	0	0	3.42901103761e-14	560	1552063050.26	3	568	3	568
9	"1"	"1"	21	FALSE	0	90	100	0	0	3.42901103761e-14	560	1552063050.29	1	566	1	566
9	"1"	"1"	21	FALSE	0	90	100	0	0	3.42901103761e-14	560	1552063050.32	0	565	0	565
