"task_num"	"task_name"	"trial_type"	"trial_num"	"terminalfeedback_bool"	"rotation_angle"	"targetangle_deg"	"targetdistance_percmax"	"homex_px"	"homey_px"	"targetx_px"	"targety_px"	"time_s"	"mousex_px"	"mousey_px"	"cursorx_px"	"cursory_px"
1	"1"	"1"	1	FALSE	0	90	100	0	0	3.42901103761e-14	560	1552405730.67	-2	-6	-2	-6
1	"1"	"1"	1	FALSE	0	90	100	0	0	3.42901103761e-14	560	1552405730.7	-2	-5	-2	-5
1	"1"	"1"	1	FALSE	0	90	100	0	0	3.42901103761e-14	560	1552405730.74	-2	-4	-2	-4
1	"1"	"1"	1	FALSE	0	90	100	0	0	3.42901103761e-14	560	1552405730.77	-2	-3	-2	-3
1	"1"	"1"	1	FALSE	0	90	100	0	0	3.42901103761e-14	560	1552405730.8	-2	-2	-2	-2
1	"1"	"1"	1	FALSE	0	90	100	0	0	3.42901103761e-14	560	1552405730.84	-2	-2	-2	-2
1	"1"	"1"	1	FALSE	0	90	100	0	0	3.42901103761e-14	560	1552405730.87	-2	-1	-2	-1
1	"1"	"1"	1	FALSE	0	90	100	0	0	3.42901103761e-14	560	1552405730.9	-2	0	-2	0
1	"1"	"1"	1	FALSE	0	90	100	0	0	3.42901103761e-14	560	1552405730.94	-2	1	-2	1
1	"1"	"1"	1	FALSE	0	90	100	0	0	3.42901103761e-14	560	1552405730.97	-2	2	-2	2
1	"1"	"1"	1	FALSE	0	90	100	0	0	3.42901103761e-14	560	1552405731	-2	2	-2	2
1	"1"	"1"	1	FALSE	0	90	100	0	0	3.42901103761e-14	560	1552405731.04	-3	1	-3	1
1	"1"	"1"	1	FALSE	0	90	100	0	0	3.42901103761e-14	560	1552405731.07	-4	1	-4	1
1	"1"	"1"	1	FALSE	0	90	100	0	0	3.42901103761e-14	560	1552405731.1	-4	1	-4	1
1	"1"	"1"	1	FALSE	0	90	100	0	0	3.42901103761e-14	560	1552405731.14	-4	2	-4	2
1	"1"	"1"	1	FALSE	0	90	100	0	0	3.42901103761e-14	560	1552405731.17	-4	2	-4	2
1	"1"	"1"	1	FALSE	0	90	100	0	0	3.42901103761e-14	560	1552405731.2	-4	2	-4	2
1	"1"	"1"	1	FALSE	0	90	100	0	0	3.42901103761e-14	560	1552405731.24	-4	2	-4	2
1	"1"	"1"	1	FALSE	0	90	100	0	0	3.42901103761e-14	560	1552405731.27	-4	2	-4	2
1	"1"	"1"	1	FALSE	0	90	100	0	0	3.42901103761e-14	560	1552405731.3	-4	2	-4	2
1	"1"	"1"	1	FALSE	0	90	100	0	0	3.42901103761e-14	560	1552405731.34	-4	2	-4	2
1	"1"	"1"	1	FALSE	0	90	100	0	0	3.42901103761e-14	560	1552405731.37	-3	2	-3	2
1	"1"	"1"	1	FALSE	0	90	100	0	0	3.42901103761e-14	560	1552405731.4	-3	3	-3	3
1	"1"	"1"	1	FALSE	0	90	100	0	0	3.42901103761e-14	560	1552405731.44	-3	3	-3	3
1	"1"	"1"	1	FALSE	0	90	100	0	0	3.42901103761e-14	560	1552405731.47	-3	3	-3	3
1	"1"	"1"	1	FALSE	0	90	100	0	0	3.42901103761e-14	560	1552405731.5	-3	3	-3	3
1	"1"	"1"	1	FALSE	0	90	100	0	0	3.42901103761e-14	560	1552405731.54	-3	3	-3	3
1	"1"	"1"	1	FALSE	0	90	100	0	0	3.42901103761e-14	560	1552405731.57	-3	3	-3	3
1	"1"	"1"	1	FALSE	0	90	100	0	0	3.42901103761e-14	560	1552405731.6	-3	3	-3	3
1	"1"	"1"	1	FALSE	0	90	100	0	0	3.42901103761e-14	560	1552405731.64	-3	3	-3	3
1	"1"	"1"	1	FALSE	0	90	100	0	0	3.42901103761e-14	560	1552405731.67	-3	2	-3	2
1	"1"	"1"	1	FALSE	0	90	100	0	0	3.42901103761e-14	560	1552405731.7	-3	2	-3	2
1	"1"	"1"	1	FALSE	0	90	100	0	0	3.42901103761e-14	560	1552405731.74	-3	2	-3	2
1	"1"	"1"	1	FALSE	0	90	100	0	0	3.42901103761e-14	560	1552405731.77	-3	3	-3	3
1	"1"	"1"	1	FALSE	0	90	100	0	0	3.42901103761e-14	560	1552405731.8	-3	2	-3	2
1	"1"	"1"	1	FALSE	0	90	100	0	0	3.42901103761e-14	560	1552405731.84	-3	3	-3	3
1	"1"	"1"	1	FALSE	0	90	100	0	0	3.42901103761e-14	560	1552405731.87	-3	3	-3	3
1	"1"	"1"	1	FALSE	0	90	100	0	0	3.42901103761e-14	560	1552405731.9	-3	3	-3	3
1	"1"	"1"	1	FALSE	0	90	100	0	0	3.42901103761e-14	560	1552405731.94	-2	3	-2	3
1	"1"	"1"	1	FALSE	0	90	100	0	0	3.42901103761e-14	560	1552405731.97	-2	2	-2	2
1	"1"	"1"	1	FALSE	0	90	100	0	0	3.42901103761e-14	560	1552405732	-2	2	-2	2
1	"1"	"1"	1	FALSE	0	90	100	0	0	3.42901103761e-14	560	1552405732.04	-3	2	-3	2
1	"1"	"1"	1	FALSE	0	90	100	0	0	3.42901103761e-14	560	1552405732.07	-3	2	-3	2
1	"1"	"1"	1	FALSE	0	90	100	0	0	3.42901103761e-14	560	1552405732.1	-3	2	-3	2
1	"1"	"1"	1	FALSE	0	90	100	0	0	3.42901103761e-14	560	1552405732.14	-3	2	-3	2
1	"1"	"1"	1	FALSE	0	90	100	0	0	3.42901103761e-14	560	1552405732.17	-3	2	-3	2
1	"1"	"1"	1	FALSE	0	90	100	0	0	3.42901103761e-14	560	1552405732.2	-3	3	-3	3
1	"1"	"1"	1	FALSE	0	90	100	0	0	3.42901103761e-14	560	1552405732.24	-3	2	-3	2
1	"1"	"1"	1	FALSE	0	90	100	0	0	3.42901103761e-14	560	1552405732.27	-4	2	-4	2
1	"1"	"1"	1	FALSE	0	90	100	0	0	3.42901103761e-14	560	1552405732.3	-4	2	-4	2
1	"1"	"1"	1	FALSE	0	90	100	0	0	3.42901103761e-14	560	1552405732.34	-5	2	-5	2
1	"1"	"1"	1	FALSE	0	90	100	0	0	3.42901103761e-14	560	1552405732.37	-5	2	-5	2
1	"1"	"1"	1	FALSE	0	90	100	0	0	3.42901103761e-14	560	1552405732.4	-5	2	-5	2
1	"1"	"1"	1	FALSE	0	90	100	0	0	3.42901103761e-14	560	1552405732.44	-6	2	-6	2
1	"1"	"1"	1	FALSE	0	90	100	0	0	3.42901103761e-14	560	1552405732.47	-6	2	-6	2
1	"1"	"1"	1	FALSE	0	90	100	0	0	3.42901103761e-14	560	1552405732.5	-7	2	-7	2
1	"1"	"1"	1	FALSE	0	90	100	0	0	3.42901103761e-14	560	1552405732.54	-8	3	-8	3
1	"1"	"1"	1	FALSE	0	90	100	0	0	3.42901103761e-14	560	1552405732.57	-10	4	-10	4
1	"1"	"1"	1	FALSE	0	90	100	0	0	3.42901103761e-14	560	1552405732.6	-11	7	-11	7
1	"1"	"1"	1	FALSE	0	90	100	0	0	3.42901103761e-14	560	1552405732.64	-11	10	-11	10
1	"1"	"1"	1	FALSE	0	90	100	0	0	3.42901103761e-14	560	1552405732.67	-11	12	-11	12
1	"1"	"1"	1	FALSE	0	90	100	0	0	3.42901103761e-14	560	1552405732.7	-11	13	-11	13
1	"1"	"1"	1	FALSE	0	90	100	0	0	3.42901103761e-14	560	1552405732.74	-8	16	-8	16
1	"1"	"1"	1	FALSE	0	90	100	0	0	3.42901103761e-14	560	1552405732.77	-4	18	-4	18
1	"1"	"1"	1	FALSE	0	90	100	0	0	3.42901103761e-14	560	1552405732.8	-3	19	-3	19
1	"1"	"1"	1	FALSE	0	90	100	0	0	3.42901103761e-14	560	1552405732.84	-2	22	-2	22
1	"1"	"1"	1	FALSE	0	90	100	0	0	3.42901103761e-14	560	1552405732.87	1	25	1	25
1	"1"	"1"	1	FALSE	0	90	100	0	0	3.42901103761e-14	560	1552405732.9	4	21	4	21
1	"1"	"1"	1	FALSE	0	90	100	0	0	3.42901103761e-14	560	1552405732.94	9	8	9	8
1	"1"	"1"	1	FALSE	0	90	100	0	0	3.42901103761e-14	560	1552405732.97	14	6	14	6
1	"1"	"1"	1	FALSE	0	90	100	0	0	3.42901103761e-14	560	1552405733	16	8	16	8
1	"1"	"1"	1	FALSE	0	90	100	0	0	3.42901103761e-14	560	1552405733.04	17	9	17	9
1	"1"	"1"	1	FALSE	0	90	100	0	0	3.42901103761e-14	560	1552405733.07	15	8	15	8
1	"1"	"1"	1	FALSE	0	90	100	0	0	3.42901103761e-14	560	1552405733.1	12	6	12	6
1	"1"	"1"	1	FALSE	0	90	100	0	0	3.42901103761e-14	560	1552405733.14	0	-7	0	-7
1	"1"	"1"	1	FALSE	0	90	100	0	0	3.42901103761e-14	560	1552405733.17	-4	-5	-4	-5
1	"1"	"1"	1	FALSE	0	90	100	0	0	3.42901103761e-14	560	1552405733.2	-8	-2	-8	-2
1	"1"	"1"	1	FALSE	0	90	100	0	0	3.42901103761e-14	560	1552405733.24	-10	-1	-10	-1
1	"1"	"1"	1	FALSE	0	90	100	0	0	3.42901103761e-14	560	1552405733.27	-12	0	-12	0
1	"1"	"1"	1	FALSE	0	90	100	0	0	3.42901103761e-14	560	1552405733.3	-13	1	-13	1
1	"1"	"1"	1	FALSE	0	90	100	0	0	3.42901103761e-14	560	1552405733.34	-14	1	-14	1
1	"1"	"1"	1	FALSE	0	90	100	0	0	3.42901103761e-14	560	1552405733.37	-14	0	-14	0
1	"1"	"1"	1	FALSE	0	90	100	0	0	3.42901103761e-14	560	1552405733.4	-15	0	-15	0
1	"1"	"1"	1	FALSE	0	90	100	0	0	3.42901103761e-14	560	1552405733.44	-16	-1	-16	-1
1	"1"	"1"	1	FALSE	0	90	100	0	0	3.42901103761e-14	560	1552405733.47	-16	0	-16	0
1	"1"	"1"	1	FALSE	0	90	100	0	0	3.42901103761e-14	560	1552405733.5	-16	0	-16	0
1	"1"	"1"	1	FALSE	0	90	100	0	0	3.42901103761e-14	560	1552405733.54	-15	-1	-15	-1
1	"1"	"1"	1	FALSE	0	90	100	0	0	3.42901103761e-14	560	1552405733.57	-15	-1	-15	-1
1	"1"	"1"	1	FALSE	0	90	100	0	0	3.42901103761e-14	560	1552405733.6	-15	1	-15	1
1	"1"	"1"	1	FALSE	0	90	100	0	0	3.42901103761e-14	560	1552405733.64	-15	1	-15	1
1	"1"	"1"	1	FALSE	0	90	100	0	0	3.42901103761e-14	560	1552405733.67	-15	1	-15	1
1	"1"	"1"	1	FALSE	0	90	100	0	0	3.42901103761e-14	560	1552405733.7	-14	1	-14	1
1	"1"	"1"	1	FALSE	0	90	100	0	0	3.42901103761e-14	560	1552405733.74	-15	0	-15	0
1	"1"	"1"	1	FALSE	0	90	100	0	0	3.42901103761e-14	560	1552405733.77	-15	0	-15	0
1	"1"	"1"	1	FALSE	0	90	100	0	0	3.42901103761e-14	560	1552405733.8	-15	-1	-15	-1
1	"1"	"1"	1	FALSE	0	90	100	0	0	3.42901103761e-14	560	1552405733.84	-15	-2	-15	-2
1	"1"	"1"	1	FALSE	0	90	100	0	0	3.42901103761e-14	560	1552405733.87	-15	-1	-15	-1
1	"1"	"1"	1	FALSE	0	90	100	0	0	3.42901103761e-14	560	1552405733.9	-15	-2	-15	-2
1	"1"	"1"	1	FALSE	0	90	100	0	0	3.42901103761e-14	560	1552405733.94	-16	-2	-16	-2
1	"1"	"1"	1	FALSE	0	90	100	0	0	3.42901103761e-14	560	1552405733.97	-15	-2	-15	-2
1	"1"	"1"	1	FALSE	0	90	100	0	0	3.42901103761e-14	560	1552405734.01	-14	-2	-14	-2
1	"1"	"1"	1	FALSE	0	90	100	0	0	3.42901103761e-14	560	1552405734.04	-14	-2	-14	-2
1	"1"	"1"	1	FALSE	0	90	100	0	0	3.42901103761e-14	560	1552405734.07	-14	-1	-14	-1
1	"1"	"1"	1	FALSE	0	90	100	0	0	3.42901103761e-14	560	1552405734.11	-13	0	-13	0
1	"1"	"1"	1	FALSE	0	90	100	0	0	3.42901103761e-14	560	1552405734.14	-13	2	-13	2
1	"1"	"1"	1	FALSE	0	90	100	0	0	3.42901103761e-14	560	1552405734.17	-13	-1	-13	-1
1	"1"	"1"	1	FALSE	0	90	100	0	0	3.42901103761e-14	560	1552405734.21	-12	1	-12	1
1	"1"	"1"	1	FALSE	0	90	100	0	0	3.42901103761e-14	560	1552405734.24	-12	0	-12	0
1	"1"	"1"	1	FALSE	0	90	100	0	0	3.42901103761e-14	560	1552405734.27	-12	0	-12	0
1	"1"	"1"	1	FALSE	0	90	100	0	0	3.42901103761e-14	560	1552405734.31	-12	-1	-12	-1
1	"1"	"1"	1	FALSE	0	90	100	0	0	3.42901103761e-14	560	1552405734.34	-12	1	-12	1
1	"1"	"1"	1	FALSE	0	90	100	0	0	3.42901103761e-14	560	1552405734.37	-12	0	-12	0
1	"1"	"1"	1	FALSE	0	90	100	0	0	3.42901103761e-14	560	1552405734.41	-12	1	-12	1
1	"1"	"1"	1	FALSE	0	90	100	0	0	3.42901103761e-14	560	1552405734.44	-12	1	-12	1
1	"1"	"1"	1	FALSE	0	90	100	0	0	3.42901103761e-14	560	1552405734.47	-12	1	-12	1
1	"1"	"1"	1	FALSE	0	90	100	0	0	3.42901103761e-14	560	1552405734.51	-12	0	-12	0
1	"1"	"1"	1	FALSE	0	90	100	0	0	3.42901103761e-14	560	1552405734.54	-13	0	-13	0
1	"1"	"1"	1	FALSE	0	90	100	0	0	3.42901103761e-14	560	1552405734.57	-13	0	-13	0
1	"1"	"1"	1	FALSE	0	90	100	0	0	3.42901103761e-14	560	1552405734.61	-13	-1	-13	-1
1	"1"	"1"	1	FALSE	0	90	100	0	0	3.42901103761e-14	560	1552405734.64	-13	-2	-13	-2
1	"1"	"1"	1	FALSE	0	90	100	0	0	3.42901103761e-14	560	1552405734.67	-13	-2	-13	-2
1	"1"	"1"	1	FALSE	0	90	100	0	0	3.42901103761e-14	560	1552405734.71	-13	-1	-13	-1
1	"1"	"1"	1	FALSE	0	90	100	0	0	3.42901103761e-14	560	1552405734.74	-13	-3	-13	-3
1	"1"	"1"	1	FALSE	0	90	100	0	0	3.42901103761e-14	560	1552405734.77	-13	-1	-13	-1
1	"1"	"1"	1	FALSE	0	90	100	0	0	3.42901103761e-14	560	1552405734.81	-13	-1	-13	-1
1	"1"	"1"	1	FALSE	0	90	100	0	0	3.42901103761e-14	560	1552405734.84	-13	-1	-13	-1
1	"1"	"1"	1	FALSE	0	90	100	0	0	3.42901103761e-14	560	1552405734.87	-14	2	-14	2
1	"1"	"1"	1	FALSE	0	90	100	0	0	3.42901103761e-14	560	1552405734.91	-17	4	-17	4
1	"1"	"1"	1	FALSE	0	90	100	0	0	3.42901103761e-14	560	1552405734.94	-19	8	-19	8
1	"1"	"1"	1	FALSE	0	90	100	0	0	3.42901103761e-14	560	1552405734.97	-21	10	-21	10
1	"1"	"1"	1	FALSE	0	90	100	0	0	3.42901103761e-14	560	1552405735.01	-23	14	-23	14
1	"1"	"1"	1	FALSE	0	90	100	0	0	3.42901103761e-14	560	1552405735.04	-27	19	-27	19
1	"1"	"1"	1	FALSE	0	90	100	0	0	3.42901103761e-14	560	1552405735.07	-30	23	-30	23
1	"1"	"1"	1	FALSE	0	90	100	0	0	3.42901103761e-14	560	1552405735.11	-31	26	-31	26
1	"1"	"1"	1	FALSE	0	90	100	0	0	3.42901103761e-14	560	1552405735.14	-32	28	-32	28
1	"1"	"1"	1	FALSE	0	90	100	0	0	3.42901103761e-14	560	1552405735.17	-33	25	-33	25
1	"1"	"1"	1	FALSE	0	90	100	0	0	3.42901103761e-14	560	1552405735.21	-33	25	-33	25
1	"1"	"1"	1	FALSE	0	90	100	0	0	3.42901103761e-14	560	1552405735.24	-34	25	-34	25
1	"1"	"1"	1	FALSE	0	90	100	0	0	3.42901103761e-14	560	1552405735.27	-33	24	-33	24
1	"1"	"1"	1	FALSE	0	90	100	0	0	3.42901103761e-14	560	1552405735.31	-33	24	-33	24
1	"1"	"1"	1	FALSE	0	90	100	0	0	3.42901103761e-14	560	1552405735.34	-33	25	-33	25
1	"1"	"1"	1	FALSE	0	90	100	0	0	3.42901103761e-14	560	1552405735.37	-33	24	-33	24
1	"1"	"1"	1	FALSE	0	90	100	0	0	3.42901103761e-14	560	1552405735.41	-33	26	-33	26
1	"1"	"1"	1	FALSE	0	90	100	0	0	3.42901103761e-14	560	1552405735.44	-33	24	-33	24
1	"1"	"1"	1	FALSE	0	90	100	0	0	3.42901103761e-14	560	1552405735.47	-33	23	-33	23
1	"1"	"1"	1	FALSE	0	90	100	0	0	3.42901103761e-14	560	1552405735.51	-32	23	-32	23
1	"1"	"1"	1	FALSE	0	90	100	0	0	3.42901103761e-14	560	1552405735.54	-32	23	-32	23
1	"1"	"1"	1	FALSE	0	90	100	0	0	3.42901103761e-14	560	1552405735.57	-32	22	-32	22
1	"1"	"1"	1	FALSE	0	90	100	0	0	3.42901103761e-14	560	1552405735.61	-32	23	-32	23
1	"1"	"1"	1	FALSE	0	90	100	0	0	3.42901103761e-14	560	1552405735.64	-31	22	-31	22
1	"1"	"1"	1	FALSE	0	90	100	0	0	3.42901103761e-14	560	1552405735.67	-31	22	-31	22
1	"1"	"1"	1	FALSE	0	90	100	0	0	3.42901103761e-14	560	1552405735.71	-31	23	-31	23
1	"1"	"1"	1	FALSE	0	90	100	0	0	3.42901103761e-14	560	1552405735.74	-29	23	-29	23
1	"1"	"1"	1	FALSE	0	90	100	0	0	3.42901103761e-14	560	1552405735.77	-27	28	-27	28
1	"1"	"1"	1	FALSE	0	90	100	0	0	3.42901103761e-14	560	1552405735.81	-26	28	-26	28
1	"1"	"1"	1	FALSE	0	90	100	0	0	3.42901103761e-14	560	1552405735.84	-26	29	-26	29
1	"1"	"1"	1	FALSE	0	90	100	0	0	3.42901103761e-14	560	1552405735.87	-27	27	-27	27
1	"1"	"1"	1	FALSE	0	90	100	0	0	3.42901103761e-14	560	1552405735.91	-27	26	-27	26
1	"1"	"1"	1	FALSE	0	90	100	0	0	3.42901103761e-14	560	1552405735.94	-27	26	-27	26
1	"1"	"1"	1	FALSE	0	90	100	0	0	3.42901103761e-14	560	1552405735.97	-27	26	-27	26
1	"1"	"1"	1	FALSE	0	90	100	0	0	3.42901103761e-14	560	1552405736.01	-27	25	-27	25
1	"1"	"1"	1	FALSE	0	90	100	0	0	3.42901103761e-14	560	1552405736.04	-27	26	-27	26
1	"1"	"1"	1	FALSE	0	90	100	0	0	3.42901103761e-14	560	1552405736.07	-27	25	-27	25
1	"1"	"1"	1	FALSE	0	90	100	0	0	3.42901103761e-14	560	1552405736.11	-28	26	-28	26
1	"1"	"1"	1	FALSE	0	90	100	0	0	3.42901103761e-14	560	1552405736.14	-28	25	-28	25
1	"1"	"1"	1	FALSE	0	90	100	0	0	3.42901103761e-14	560	1552405736.17	-28	26	-28	26
1	"1"	"1"	1	FALSE	0	90	100	0	0	3.42901103761e-14	560	1552405736.21	-28	27	-28	27
1	"1"	"1"	1	FALSE	0	90	100	0	0	3.42901103761e-14	560	1552405736.24	-28	26	-28	26
1	"1"	"1"	1	FALSE	0	90	100	0	0	3.42901103761e-14	560	1552405736.27	-28	26	-28	26
1	"1"	"1"	1	FALSE	0	90	100	0	0	3.42901103761e-14	560	1552405736.31	-28	25	-28	25
1	"1"	"1"	1	FALSE	0	90	100	0	0	3.42901103761e-14	560	1552405736.34	-28	25	-28	25
1	"1"	"1"	1	FALSE	0	90	100	0	0	3.42901103761e-14	560	1552405736.37	-28	24	-28	24
1	"1"	"1"	1	FALSE	0	90	100	0	0	3.42901103761e-14	560	1552405736.41	-28	25	-28	25
1	"1"	"1"	1	FALSE	0	90	100	0	0	3.42901103761e-14	560	1552405736.44	-28	24	-28	24
1	"1"	"1"	1	FALSE	0	90	100	0	0	3.42901103761e-14	560	1552405736.47	-28	23	-28	23
1	"1"	"1"	1	FALSE	0	90	100	0	0	3.42901103761e-14	560	1552405736.51	-28	23	-28	23
1	"1"	"1"	1	FALSE	0	90	100	0	0	3.42901103761e-14	560	1552405736.54	-28	25	-28	25
1	"1"	"1"	1	FALSE	0	90	100	0	0	3.42901103761e-14	560	1552405736.57	-28	24	-28	24
1	"1"	"1"	1	FALSE	0	90	100	0	0	3.42901103761e-14	560	1552405736.61	-27	24	-27	24
1	"1"	"1"	1	FALSE	0	90	100	0	0	3.42901103761e-14	560	1552405736.64	-27	23	-27	23
1	"1"	"1"	1	FALSE	0	90	100	0	0	3.42901103761e-14	560	1552405736.67	-27	23	-27	23
1	"1"	"1"	1	FALSE	0	90	100	0	0	3.42901103761e-14	560	1552405736.71	-27	23	-27	23
1	"1"	"1"	1	FALSE	0	90	100	0	0	3.42901103761e-14	560	1552405736.74	-27	24	-27	24
1	"1"	"1"	1	FALSE	0	90	100	0	0	3.42901103761e-14	560	1552405736.77	-27	24	-27	24
1	"1"	"1"	1	FALSE	0	90	100	0	0	3.42901103761e-14	560	1552405736.81	-27	24	-27	24
1	"1"	"1"	1	FALSE	0	90	100	0	0	3.42901103761e-14	560	1552405736.84	-27	24	-27	24
1	"1"	"1"	1	FALSE	0	90	100	0	0	3.42901103761e-14	560	1552405736.87	-27	24	-27	24
1	"1"	"1"	1	FALSE	0	90	100	0	0	3.42901103761e-14	560	1552405736.91	-27	25	-27	25
1	"1"	"1"	1	FALSE	0	90	100	0	0	3.42901103761e-14	560	1552405736.94	-27	24	-27	24
1	"1"	"1"	1	FALSE	0	90	100	0	0	3.42901103761e-14	560	1552405736.97	-27	23	-27	23
1	"1"	"1"	1	FALSE	0	90	100	0	0	3.42901103761e-14	560	1552405737.01	-27	24	-27	24
1	"1"	"1"	1	FALSE	0	90	100	0	0	3.42901103761e-14	560	1552405737.04	-27	24	-27	24
1	"1"	"1"	1	FALSE	0	90	100	0	0	3.42901103761e-14	560	1552405737.07	-26	25	-26	25
1	"1"	"1"	1	FALSE	0	90	100	0	0	3.42901103761e-14	560	1552405737.11	-25	29	-25	29
1	"1"	"1"	1	FALSE	0	90	100	0	0	3.42901103761e-14	560	1552405737.14	-21	36	-21	36
1	"1"	"1"	1	FALSE	0	90	100	0	0	3.42901103761e-14	560	1552405737.17	-18	42	-18	42
1	"1"	"1"	1	FALSE	0	90	100	0	0	3.42901103761e-14	560	1552405737.21	-15	48	-15	48
1	"1"	"1"	1	FALSE	0	90	100	0	0	3.42901103761e-14	560	1552405737.24	-12	61	-12	61
1	"1"	"1"	1	FALSE	0	90	100	0	0	3.42901103761e-14	560	1552405737.27	-12	61	-12	61
1	"1"	"1"	1	FALSE	0	90	100	0	0	3.42901103761e-14	560	1552405737.31	-12	61	-12	61
1	"1"	"1"	1	FALSE	0	90	100	0	0	3.42901103761e-14	560	1552405737.34	-12	61	-12	61
1	"1"	"1"	1	FALSE	0	90	100	0	0	3.42901103761e-14	560	1552405737.37	-12	61	-12	61
1	"1"	"1"	1	FALSE	0	90	100	0	0	3.42901103761e-14	560	1552405737.41	-12	61	-12	61
1	"1"	"1"	1	FALSE	0	90	100	0	0	3.42901103761e-14	560	1552405737.44	-12	61	-12	61
1	"1"	"1"	1	FALSE	0	90	100	0	0	3.42901103761e-14	560	1552405737.47	-12	61	-12	61
1	"1"	"1"	1	FALSE	0	90	100	0	0	3.42901103761e-14	560	1552405737.51	-12	61	-12	61
1	"1"	"1"	1	FALSE	0	90	100	0	0	3.42901103761e-14	560	1552405737.54	-12	61	-12	61
1	"1"	"1"	1	FALSE	0	90	100	0	0	3.42901103761e-14	560	1552405737.57	-12	61	-12	61
1	"1"	"1"	1	FALSE	0	90	100	0	0	3.42901103761e-14	560	1552405737.61	-12	61	-12	61
1	"1"	"1"	1	FALSE	0	90	100	0	0	3.42901103761e-14	560	1552405737.64	-12	61	-12	61
1	"1"	"1"	1	FALSE	0	90	100	0	0	3.42901103761e-14	560	1552405737.67	-12	61	-12	61
1	"1"	"1"	1	FALSE	0	90	100	0	0	3.42901103761e-14	560	1552405737.71	-12	61	-12	61
1	"1"	"1"	1	FALSE	0	90	100	0	0	3.42901103761e-14	560	1552405737.74	-12	61	-12	61
1	"1"	"1"	1	FALSE	0	90	100	0	0	3.42901103761e-14	560	1552405737.77	-12	61	-12	61
1	"1"	"1"	1	FALSE	0	90	100	0	0	3.42901103761e-14	560	1552405737.81	-12	61	-12	61
1	"1"	"1"	1	FALSE	0	90	100	0	0	3.42901103761e-14	560	1552405737.84	-12	61	-12	61
1	"1"	"1"	1	FALSE	0	90	100	0	0	3.42901103761e-14	560	1552405737.87	-12	61	-12	61
1	"1"	"1"	1	FALSE	0	90	100	0	0	3.42901103761e-14	560	1552405737.91	-12	61	-12	61
1	"1"	"1"	1	FALSE	0	90	100	0	0	3.42901103761e-14	560	1552405737.94	-12	61	-12	61
1	"1"	"1"	1	FALSE	0	90	100	0	0	3.42901103761e-14	560	1552405737.97	-12	61	-12	61
1	"1"	"1"	1	FALSE	0	90	100	0	0	3.42901103761e-14	560	1552405738.01	-12	61	-12	61
1	"1"	"1"	1	FALSE	0	90	100	0	0	3.42901103761e-14	560	1552405738.04	-12	61	-12	61
1	"1"	"1"	1	FALSE	0	90	100	0	0	3.42901103761e-14	560	1552405738.07	-12	61	-12	61
1	"1"	"1"	1	FALSE	0	90	100	0	0	3.42901103761e-14	560	1552405738.11	-12	61	-12	61
1	"1"	"1"	1	FALSE	0	90	100	0	0	3.42901103761e-14	560	1552405738.14	-12	61	-12	61
1	"1"	"1"	1	FALSE	0	90	100	0	0	3.42901103761e-14	560	1552405738.17	-12	61	-12	61
1	"1"	"1"	1	FALSE	0	90	100	0	0	3.42901103761e-14	560	1552405738.21	-12	61	-12	61
1	"1"	"1"	1	FALSE	0	90	100	0	0	3.42901103761e-14	560	1552405738.24	-12	61	-12	61
1	"1"	"1"	1	FALSE	0	90	100	0	0	3.42901103761e-14	560	1552405738.27	-12	61	-12	61
1	"1"	"1"	1	FALSE	0	90	100	0	0	3.42901103761e-14	560	1552405738.31	70	721	70	721
1	"1"	"1"	1	FALSE	0	90	100	0	0	3.42901103761e-14	560	1552405738.34	74	721	74	721
1	"1"	"1"	1	FALSE	0	90	100	0	0	3.42901103761e-14	560	1552405738.38	76	721	76	721
1	"1"	"1"	1	FALSE	0	90	100	0	0	3.42901103761e-14	560	1552405738.41	79	721	79	721
1	"1"	"1"	1	FALSE	0	90	100	0	0	3.42901103761e-14	560	1552405738.44	79	721	79	721
1	"1"	"1"	1	FALSE	0	90	100	0	0	3.42901103761e-14	560	1552405738.48	81	721	81	721
1	"1"	"1"	1	FALSE	0	90	100	0	0	3.42901103761e-14	560	1552405738.51	83	721	83	721
1	"1"	"1"	1	FALSE	0	90	100	0	0	3.42901103761e-14	560	1552405738.54	87	720	87	720
1	"1"	"1"	1	FALSE	0	90	100	0	0	3.42901103761e-14	560	1552405738.58	89	708	89	708
1	"1"	"1"	1	FALSE	0	90	100	0	0	3.42901103761e-14	560	1552405738.61	91	690	91	690
1	"1"	"1"	1	FALSE	0	90	100	0	0	3.42901103761e-14	560	1552405738.64	92	682	92	682
1	"1"	"1"	1	FALSE	0	90	100	0	0	3.42901103761e-14	560	1552405738.68	92	676	92	676
1	"1"	"1"	1	FALSE	0	90	100	0	0	3.42901103761e-14	560	1552405738.71	87	668	87	668
1	"1"	"1"	1	FALSE	0	90	100	0	0	3.42901103761e-14	560	1552405738.74	78	652	78	652
1	"1"	"1"	1	FALSE	0	90	100	0	0	3.42901103761e-14	560	1552405738.78	68	613	68	613
1	"1"	"1"	1	FALSE	0	90	100	0	0	3.42901103761e-14	560	1552405738.81	67	594	67	594
1	"1"	"1"	1	FALSE	0	90	100	0	0	3.42901103761e-14	560	1552405738.84	65	584	65	584
1	"1"	"1"	1	FALSE	0	90	100	0	0	3.42901103761e-14	560	1552405738.88	65	579	65	579
1	"1"	"1"	1	FALSE	0	90	100	0	0	3.42901103761e-14	560	1552405738.91	66	578	66	578
1	"1"	"1"	1	FALSE	0	90	100	0	0	3.42901103761e-14	560	1552405738.94	67	575	67	575
1	"1"	"1"	1	FALSE	0	90	100	0	0	3.42901103761e-14	560	1552405738.98	65	572	65	572
1	"1"	"1"	1	FALSE	0	90	100	0	0	3.42901103761e-14	560	1552405739.01	62	568	62	568
1	"1"	"1"	1	FALSE	0	90	100	0	0	3.42901103761e-14	560	1552405739.04	60	566	60	566
1	"1"	"1"	1	FALSE	0	90	100	0	0	3.42901103761e-14	560	1552405739.08	59	562	59	562
1	"1"	"1"	1	FALSE	0	90	100	0	0	3.42901103761e-14	560	1552405739.11	58	554	58	554
1	"1"	"1"	1	FALSE	0	90	100	0	0	3.42901103761e-14	560	1552405739.14	58	545	58	545
1	"1"	"1"	1	FALSE	0	90	100	0	0	3.42901103761e-14	560	1552405739.18	59	533	59	533
1	"1"	"1"	1	FALSE	0	90	100	0	0	3.42901103761e-14	560	1552405739.21	59	521	59	521
1	"1"	"1"	1	FALSE	0	90	100	0	0	3.42901103761e-14	560	1552405739.24	61	511	61	511
1	"1"	"1"	1	FALSE	0	90	100	0	0	3.42901103761e-14	560	1552405739.28	63	500	63	500
1	"1"	"1"	1	FALSE	0	90	100	0	0	3.42901103761e-14	560	1552405739.31	65	492	65	492
1	"1"	"1"	1	FALSE	0	90	100	0	0	3.42901103761e-14	560	1552405739.34	65	484	65	484
1	"1"	"1"	1	FALSE	0	90	100	0	0	3.42901103761e-14	560	1552405739.38	64	476	64	476
1	"1"	"1"	1	FALSE	0	90	100	0	0	3.42901103761e-14	560	1552405739.41	63	469	63	469
1	"1"	"1"	1	FALSE	0	90	100	0	0	3.42901103761e-14	560	1552405739.44	61	461	61	461
1	"1"	"1"	1	FALSE	0	90	100	0	0	3.42901103761e-14	560	1552405739.48	58	454	58	454
1	"1"	"1"	1	FALSE	0	90	100	0	0	3.42901103761e-14	560	1552405739.51	55	447	55	447
1	"1"	"1"	1	FALSE	0	90	100	0	0	3.42901103761e-14	560	1552405739.54	53	444	53	444
1	"1"	"1"	1	FALSE	0	90	100	0	0	3.42901103761e-14	560	1552405739.58	52	445	52	445
1	"1"	"1"	1	FALSE	0	90	100	0	0	3.42901103761e-14	560	1552405739.61	51	450	51	450
1	"1"	"1"	1	FALSE	0	90	100	0	0	3.42901103761e-14	560	1552405739.64	47	455	47	455
1	"1"	"1"	1	FALSE	0	90	100	0	0	3.42901103761e-14	560	1552405739.68	41	463	41	463
1	"1"	"1"	1	FALSE	0	90	100	0	0	3.42901103761e-14	560	1552405739.71	37	469	37	469
1	"1"	"1"	1	FALSE	0	90	100	0	0	3.42901103761e-14	560	1552405739.74	35	473	35	473
1	"1"	"1"	1	FALSE	0	90	100	0	0	3.42901103761e-14	560	1552405739.78	32	477	32	477
1	"1"	"1"	1	FALSE	0	90	100	0	0	3.42901103761e-14	560	1552405739.81	30	483	30	483
1	"1"	"1"	1	FALSE	0	90	100	0	0	3.42901103761e-14	560	1552405739.84	27	492	27	492
1	"1"	"1"	1	FALSE	0	90	100	0	0	3.42901103761e-14	560	1552405739.88	25	498	25	498
1	"1"	"1"	1	FALSE	0	90	100	0	0	3.42901103761e-14	560	1552405739.91	22	501	22	501
1	"1"	"1"	1	FALSE	0	90	100	0	0	3.42901103761e-14	560	1552405739.94	20	504	20	504
1	"1"	"1"	1	FALSE	0	90	100	0	0	3.42901103761e-14	560	1552405739.98	19	504	19	504
1	"1"	"1"	1	FALSE	0	90	100	0	0	3.42901103761e-14	560	1552405740.01	19	505	19	505
1	"1"	"1"	1	FALSE	0	90	100	0	0	3.42901103761e-14	560	1552405740.04	18	506	18	506
1	"1"	"1"	1	FALSE	0	90	100	0	0	3.42901103761e-14	560	1552405740.08	17	511	17	511
1	"1"	"1"	1	FALSE	0	90	100	0	0	3.42901103761e-14	560	1552405740.11	14	518	14	518
1	"1"	"1"	1	FALSE	0	90	100	0	0	3.42901103761e-14	560	1552405740.14	11	525	11	525
1	"1"	"1"	1	FALSE	0	90	100	0	0	3.42901103761e-14	560	1552405740.18	9	531	9	531
1	"1"	"1"	1	FALSE	0	90	100	0	0	3.42901103761e-14	560	1552405740.21	7	536	7	536
1	"1"	"1"	1	FALSE	0	90	100	0	0	3.42901103761e-14	560	1552405740.24	5	540	5	540
1	"1"	"1"	1	FALSE	0	90	100	0	0	3.42901103761e-14	560	1552405740.28	4	544	4	544
1	"1"	"1"	1	FALSE	0	90	100	0	0	3.42901103761e-14	560	1552405740.31	3	546	3	546
1	"1"	"1"	1	FALSE	0	90	100	0	0	3.42901103761e-14	560	1552405740.34	2	549	2	549
1	"1"	"1"	2	FALSE	0	135	100	0	0	-395.979797464	395.979797464	1552405744.53	10	3	10	3
1	"1"	"1"	2	FALSE	0	135	100	0	0	-395.979797464	395.979797464	1552405744.55	10	3	10	3
1	"1"	"1"	2	FALSE	0	135	100	0	0	-395.979797464	395.979797464	1552405744.58	10	3	10	3
1	"1"	"1"	2	FALSE	0	135	100	0	0	-395.979797464	395.979797464	1552405744.61	9	3	9	3
1	"1"	"1"	2	FALSE	0	135	100	0	0	-395.979797464	395.979797464	1552405744.65	9	3	9	3
1	"1"	"1"	2	FALSE	0	135	100	0	0	-395.979797464	395.979797464	1552405744.68	9	3	9	3
1	"1"	"1"	2	FALSE	0	135	100	0	0	-395.979797464	395.979797464	1552405744.71	9	3	9	3
1	"1"	"1"	2	FALSE	0	135	100	0	0	-395.979797464	395.979797464	1552405744.75	9	3	9	3
1	"1"	"1"	2	FALSE	0	135	100	0	0	-395.979797464	395.979797464	1552405744.78	9	3	9	3
1	"1"	"1"	2	FALSE	0	135	100	0	0	-395.979797464	395.979797464	1552405744.81	9	3	9	3
1	"1"	"1"	2	FALSE	0	135	100	0	0	-395.979797464	395.979797464	1552405744.85	9	3	9	3
1	"1"	"1"	2	FALSE	0	135	100	0	0	-395.979797464	395.979797464	1552405744.88	9	3	9	3
1	"1"	"1"	2	FALSE	0	135	100	0	0	-395.979797464	395.979797464	1552405744.91	8	4	8	4
1	"1"	"1"	2	FALSE	0	135	100	0	0	-395.979797464	395.979797464	1552405744.95	4	7	4	7
1	"1"	"1"	2	FALSE	0	135	100	0	0	-395.979797464	395.979797464	1552405744.98	-2	15	-2	15
1	"1"	"1"	2	FALSE	0	135	100	0	0	-395.979797464	395.979797464	1552405745.01	-12	24	-12	24
1	"1"	"1"	2	FALSE	0	135	100	0	0	-395.979797464	395.979797464	1552405745.05	-20	30	-20	30
1	"1"	"1"	2	FALSE	0	135	100	0	0	-395.979797464	395.979797464	1552405745.08	-26	34	-26	34
1	"1"	"1"	2	FALSE	0	135	100	0	0	-395.979797464	395.979797464	1552405745.11	-31	39	-31	39
1	"1"	"1"	2	FALSE	0	135	100	0	0	-395.979797464	395.979797464	1552405745.15	-33	42	-33	42
1	"1"	"1"	2	FALSE	0	135	100	0	0	-395.979797464	395.979797464	1552405745.18	-36	46	-36	46
1	"1"	"1"	2	FALSE	0	135	100	0	0	-395.979797464	395.979797464	1552405745.21	-41	51	-41	51
1	"1"	"1"	2	FALSE	0	135	100	0	0	-395.979797464	395.979797464	1552405745.25	-48	58	-48	58
1	"1"	"1"	2	FALSE	0	135	100	0	0	-395.979797464	395.979797464	1552405745.28	-56	64	-56	64
1	"1"	"1"	2	FALSE	0	135	100	0	0	-395.979797464	395.979797464	1552405745.31	-69	72	-69	72
1	"1"	"1"	2	FALSE	0	135	100	0	0	-395.979797464	395.979797464	1552405745.35	-83	80	-83	80
1	"1"	"1"	2	FALSE	0	135	100	0	0	-395.979797464	395.979797464	1552405745.38	-97	88	-97	88
1	"1"	"1"	2	FALSE	0	135	100	0	0	-395.979797464	395.979797464	1552405745.41	-111	97	-111	97
1	"1"	"1"	2	FALSE	0	135	100	0	0	-395.979797464	395.979797464	1552405745.45	-126	107	-126	107
1	"1"	"1"	2	FALSE	0	135	100	0	0	-395.979797464	395.979797464	1552405745.48	-141	118	-141	118
1	"1"	"1"	2	FALSE	0	135	100	0	0	-395.979797464	395.979797464	1552405745.51	-157	129	-157	129
1	"1"	"1"	2	FALSE	0	135	100	0	0	-395.979797464	395.979797464	1552405745.55	-170	138	-170	138
1	"1"	"1"	2	FALSE	0	135	100	0	0	-395.979797464	395.979797464	1552405745.58	-182	149	-182	149
1	"1"	"1"	2	FALSE	0	135	100	0	0	-395.979797464	395.979797464	1552405745.61	-199	162	-199	162
1	"1"	"1"	2	FALSE	0	135	100	0	0	-395.979797464	395.979797464	1552405745.65	-211	173	-211	173
1	"1"	"1"	2	FALSE	0	135	100	0	0	-395.979797464	395.979797464	1552405745.68	-225	185	-225	185
1	"1"	"1"	2	FALSE	0	135	100	0	0	-395.979797464	395.979797464	1552405745.71	-237	197	-237	197
1	"1"	"1"	2	FALSE	0	135	100	0	0	-395.979797464	395.979797464	1552405745.75	-248	209	-248	209
1	"1"	"1"	2	FALSE	0	135	100	0	0	-395.979797464	395.979797464	1552405745.78	-260	221	-260	221
1	"1"	"1"	2	FALSE	0	135	100	0	0	-395.979797464	395.979797464	1552405745.81	-272	231	-272	231
1	"1"	"1"	2	FALSE	0	135	100	0	0	-395.979797464	395.979797464	1552405745.85	-284	241	-284	241
1	"1"	"1"	2	FALSE	0	135	100	0	0	-395.979797464	395.979797464	1552405745.88	-292	249	-292	249
1	"1"	"1"	2	FALSE	0	135	100	0	0	-395.979797464	395.979797464	1552405745.91	-301	260	-301	260
1	"1"	"1"	2	FALSE	0	135	100	0	0	-395.979797464	395.979797464	1552405745.95	-310	270	-310	270
1	"1"	"1"	2	FALSE	0	135	100	0	0	-395.979797464	395.979797464	1552405745.98	-318	279	-318	279
1	"1"	"1"	2	FALSE	0	135	100	0	0	-395.979797464	395.979797464	1552405746.01	-328	288	-328	288
1	"1"	"1"	2	FALSE	0	135	100	0	0	-395.979797464	395.979797464	1552405746.05	-335	295	-335	295
1	"1"	"1"	2	FALSE	0	135	100	0	0	-395.979797464	395.979797464	1552405746.08	-342	303	-342	303
1	"1"	"1"	2	FALSE	0	135	100	0	0	-395.979797464	395.979797464	1552405746.11	-348	310	-348	310
1	"1"	"1"	2	FALSE	0	135	100	0	0	-395.979797464	395.979797464	1552405746.15	-354	317	-354	317
1	"1"	"1"	2	FALSE	0	135	100	0	0	-395.979797464	395.979797464	1552405746.18	-358	323	-358	323
1	"1"	"1"	2	FALSE	0	135	100	0	0	-395.979797464	395.979797464	1552405746.21	-362	329	-362	329
1	"1"	"1"	2	FALSE	0	135	100	0	0	-395.979797464	395.979797464	1552405746.25	-366	336	-366	336
1	"1"	"1"	2	FALSE	0	135	100	0	0	-395.979797464	395.979797464	1552405746.28	-371	344	-371	344
1	"1"	"1"	2	FALSE	0	135	100	0	0	-395.979797464	395.979797464	1552405746.31	-374	349	-374	349
1	"1"	"1"	2	FALSE	0	135	100	0	0	-395.979797464	395.979797464	1552405746.35	-377	355	-377	355
1	"1"	"1"	2	FALSE	0	135	100	0	0	-395.979797464	395.979797464	1552405746.38	-380	359	-380	359
1	"1"	"1"	2	FALSE	0	135	100	0	0	-395.979797464	395.979797464	1552405746.41	-383	364	-383	364
1	"1"	"1"	2	FALSE	0	135	100	0	0	-395.979797464	395.979797464	1552405746.45	-387	368	-387	368
1	"1"	"1"	2	FALSE	0	135	100	0	0	-395.979797464	395.979797464	1552405746.48	-391	373	-391	373
1	"1"	"1"	2	FALSE	0	135	100	0	0	-395.979797464	395.979797464	1552405746.51	-393	377	-393	377
1	"1"	"1"	2	FALSE	0	135	100	0	0	-395.979797464	395.979797464	1552405746.55	-396	380	-396	380
1	"1"	"1"	2	FALSE	0	135	100	0	0	-395.979797464	395.979797464	1552405746.58	-398	383	-398	383
1	"1"	"1"	2	FALSE	0	135	100	0	0	-395.979797464	395.979797464	1552405746.61	-399	384	-399	384
1	"1"	"1"	2	FALSE	0	135	100	0	0	-395.979797464	395.979797464	1552405746.65	-400	386	-400	386
1	"1"	"1"	2	FALSE	0	135	100	0	0	-395.979797464	395.979797464	1552405746.68	-400	389	-400	389
1	"1"	"1"	2	FALSE	0	135	100	0	0	-395.979797464	395.979797464	1552405746.71	-401	391	-401	391
1	"1"	"1"	3	FALSE	0	45	100	0	0	395.979797464	395.979797464	1552405748.93	-1	-2	-1	-2
1	"1"	"1"	3	FALSE	0	45	100	0	0	395.979797464	395.979797464	1552405748.95	-1	-3	-1	-3
1	"1"	"1"	3	FALSE	0	45	100	0	0	395.979797464	395.979797464	1552405748.98	-1	-3	-1	-3
1	"1"	"1"	3	FALSE	0	45	100	0	0	395.979797464	395.979797464	1552405749.02	-1	-3	-1	-3
1	"1"	"1"	3	FALSE	0	45	100	0	0	395.979797464	395.979797464	1552405749.05	-1	-3	-1	-3
1	"1"	"1"	3	FALSE	0	45	100	0	0	395.979797464	395.979797464	1552405749.08	-1	-3	-1	-3
1	"1"	"1"	3	FALSE	0	45	100	0	0	395.979797464	395.979797464	1552405749.12	-1	-3	-1	-3
1	"1"	"1"	3	FALSE	0	45	100	0	0	395.979797464	395.979797464	1552405749.15	-1	-3	-1	-3
1	"1"	"1"	3	FALSE	0	45	100	0	0	395.979797464	395.979797464	1552405749.18	-1	-3	-1	-3
1	"1"	"1"	3	FALSE	0	45	100	0	0	395.979797464	395.979797464	1552405749.22	0	-2	0	-2
1	"1"	"1"	3	FALSE	0	45	100	0	0	395.979797464	395.979797464	1552405749.25	1	-1	1	-1
1	"1"	"1"	3	FALSE	0	45	100	0	0	395.979797464	395.979797464	1552405749.28	6	6	6	6
1	"1"	"1"	3	FALSE	0	45	100	0	0	395.979797464	395.979797464	1552405749.32	18	23	18	23
1	"1"	"1"	3	FALSE	0	45	100	0	0	395.979797464	395.979797464	1552405749.35	36	48	36	48
1	"1"	"1"	3	FALSE	0	45	100	0	0	395.979797464	395.979797464	1552405749.38	55	76	55	76
1	"1"	"1"	3	FALSE	0	45	100	0	0	395.979797464	395.979797464	1552405749.42	76	103	76	103
1	"1"	"1"	3	FALSE	0	45	100	0	0	395.979797464	395.979797464	1552405749.45	100	128	100	128
1	"1"	"1"	3	FALSE	0	45	100	0	0	395.979797464	395.979797464	1552405749.48	118	147	118	147
1	"1"	"1"	3	FALSE	0	45	100	0	0	395.979797464	395.979797464	1552405749.52	145	172	145	172
1	"1"	"1"	3	FALSE	0	45	100	0	0	395.979797464	395.979797464	1552405749.55	170	191	170	191
1	"1"	"1"	3	FALSE	0	45	100	0	0	395.979797464	395.979797464	1552405749.58	199	213	199	213
1	"1"	"1"	3	FALSE	0	45	100	0	0	395.979797464	395.979797464	1552405749.62	226	231	226	231
1	"1"	"1"	3	FALSE	0	45	100	0	0	395.979797464	395.979797464	1552405749.65	248	244	248	244
1	"1"	"1"	3	FALSE	0	45	100	0	0	395.979797464	395.979797464	1552405749.68	263	254	263	254
1	"1"	"1"	3	FALSE	0	45	100	0	0	395.979797464	395.979797464	1552405749.72	275	262	275	262
1	"1"	"1"	3	FALSE	0	45	100	0	0	395.979797464	395.979797464	1552405749.75	288	271	288	271
1	"1"	"1"	3	FALSE	0	45	100	0	0	395.979797464	395.979797464	1552405749.78	298	279	298	279
1	"1"	"1"	3	FALSE	0	45	100	0	0	395.979797464	395.979797464	1552405749.82	305	287	305	287
1	"1"	"1"	3	FALSE	0	45	100	0	0	395.979797464	395.979797464	1552405749.85	312	296	312	296
1	"1"	"1"	3	FALSE	0	45	100	0	0	395.979797464	395.979797464	1552405749.88	317	303	317	303
1	"1"	"1"	3	FALSE	0	45	100	0	0	395.979797464	395.979797464	1552405749.92	325	313	325	313
1	"1"	"1"	3	FALSE	0	45	100	0	0	395.979797464	395.979797464	1552405749.95	332	321	332	321
1	"1"	"1"	3	FALSE	0	45	100	0	0	395.979797464	395.979797464	1552405749.98	339	329	339	329
1	"1"	"1"	3	FALSE	0	45	100	0	0	395.979797464	395.979797464	1552405750.02	348	337	348	337
1	"1"	"1"	3	FALSE	0	45	100	0	0	395.979797464	395.979797464	1552405750.05	354	345	354	345
1	"1"	"1"	3	FALSE	0	45	100	0	0	395.979797464	395.979797464	1552405750.08	360	353	360	353
1	"1"	"1"	3	FALSE	0	45	100	0	0	395.979797464	395.979797464	1552405750.12	366	360	366	360
1	"1"	"1"	3	FALSE	0	45	100	0	0	395.979797464	395.979797464	1552405750.15	371	368	371	368
1	"1"	"1"	3	FALSE	0	45	100	0	0	395.979797464	395.979797464	1552405750.18	375	375	375	375
1	"1"	"1"	3	FALSE	0	45	100	0	0	395.979797464	395.979797464	1552405750.22	379	380	379	380
1	"1"	"1"	3	FALSE	0	45	100	0	0	395.979797464	395.979797464	1552405750.25	381	384	381	384
1	"1"	"1"	3	FALSE	0	45	100	0	0	395.979797464	395.979797464	1552405750.28	382	389	382	389
1	"1"	"1"	3	FALSE	0	45	100	0	0	395.979797464	395.979797464	1552405750.32	382	392	382	392
1	"1"	"1"	3	FALSE	0	45	100	0	0	395.979797464	395.979797464	1552405750.35	383	394	383	394
1	"1"	"1"	3	FALSE	0	45	100	0	0	395.979797464	395.979797464	1552405750.38	383	396	383	396
1	"1"	"1"	3	FALSE	0	45	100	0	0	395.979797464	395.979797464	1552405750.42	385	398	385	398
1	"1"	"1"	3	FALSE	0	45	100	0	0	395.979797464	395.979797464	1552405750.45	386	400	386	400
1	"1"	"1"	4	FALSE	0	90	100	0	0	3.42901103761e-14	560	1552405752.06	-1	2	-1	2
1	"1"	"1"	4	FALSE	0	90	100	0	0	3.42901103761e-14	560	1552405752.09	-1	1	-1	1
1	"1"	"1"	4	FALSE	0	90	100	0	0	3.42901103761e-14	560	1552405752.12	-1	1	-1	1
1	"1"	"1"	4	FALSE	0	90	100	0	0	3.42901103761e-14	560	1552405752.15	-1	1	-1	1
1	"1"	"1"	4	FALSE	0	90	100	0	0	3.42901103761e-14	560	1552405752.19	-2	0	-2	0
1	"1"	"1"	4	FALSE	0	90	100	0	0	3.42901103761e-14	560	1552405752.22	-2	0	-2	0
1	"1"	"1"	4	FALSE	0	90	100	0	0	3.42901103761e-14	560	1552405752.25	-2	0	-2	0
1	"1"	"1"	4	FALSE	0	90	100	0	0	3.42901103761e-14	560	1552405752.29	-2	0	-2	0
1	"1"	"1"	4	FALSE	0	90	100	0	0	3.42901103761e-14	560	1552405752.32	-2	0	-2	0
1	"1"	"1"	4	FALSE	0	90	100	0	0	3.42901103761e-14	560	1552405752.35	-2	0	-2	0
1	"1"	"1"	4	FALSE	0	90	100	0	0	3.42901103761e-14	560	1552405752.39	-2	0	-2	0
1	"1"	"1"	4	FALSE	0	90	100	0	0	3.42901103761e-14	560	1552405752.42	-2	0	-2	0
1	"1"	"1"	4	FALSE	0	90	100	0	0	3.42901103761e-14	560	1552405752.45	-2	1	-2	1
1	"1"	"1"	4	FALSE	0	90	100	0	0	3.42901103761e-14	560	1552405752.49	-3	9	-3	9
1	"1"	"1"	4	FALSE	0	90	100	0	0	3.42901103761e-14	560	1552405752.52	-4	21	-4	21
1	"1"	"1"	4	FALSE	0	90	100	0	0	3.42901103761e-14	560	1552405752.55	-7	37	-7	37
1	"1"	"1"	4	FALSE	0	90	100	0	0	3.42901103761e-14	560	1552405752.59	-8	52	-8	52
1	"1"	"1"	4	FALSE	0	90	100	0	0	3.42901103761e-14	560	1552405752.62	-9	71	-9	71
1	"1"	"1"	4	FALSE	0	90	100	0	0	3.42901103761e-14	560	1552405752.65	-8	100	-8	100
1	"1"	"1"	4	FALSE	0	90	100	0	0	3.42901103761e-14	560	1552405752.69	-7	118	-7	118
1	"1"	"1"	4	FALSE	0	90	100	0	0	3.42901103761e-14	560	1552405752.72	-6	135	-6	135
1	"1"	"1"	4	FALSE	0	90	100	0	0	3.42901103761e-14	560	1552405752.75	-1	162	-1	162
1	"1"	"1"	4	FALSE	0	90	100	0	0	3.42901103761e-14	560	1552405752.79	1	176	1	176
1	"1"	"1"	4	FALSE	0	90	100	0	0	3.42901103761e-14	560	1552405752.82	2	191	2	191
1	"1"	"1"	4	FALSE	0	90	100	0	0	3.42901103761e-14	560	1552405752.85	4	218	4	218
1	"1"	"1"	4	FALSE	0	90	100	0	0	3.42901103761e-14	560	1552405752.89	5	231	5	231
1	"1"	"1"	4	FALSE	0	90	100	0	0	3.42901103761e-14	560	1552405752.92	5	249	5	249
1	"1"	"1"	4	FALSE	0	90	100	0	0	3.42901103761e-14	560	1552405752.95	7	274	7	274
1	"1"	"1"	4	FALSE	0	90	100	0	0	3.42901103761e-14	560	1552405752.99	6	285	6	285
1	"1"	"1"	4	FALSE	0	90	100	0	0	3.42901103761e-14	560	1552405753.02	5	300	5	300
1	"1"	"1"	4	FALSE	0	90	100	0	0	3.42901103761e-14	560	1552405753.05	4	314	4	314
1	"1"	"1"	4	FALSE	0	90	100	0	0	3.42901103761e-14	560	1552405753.09	4	328	4	328
1	"1"	"1"	4	FALSE	0	90	100	0	0	3.42901103761e-14	560	1552405753.12	2	341	2	341
1	"1"	"1"	4	FALSE	0	90	100	0	0	3.42901103761e-14	560	1552405753.15	0	353	0	353
1	"1"	"1"	4	FALSE	0	90	100	0	0	3.42901103761e-14	560	1552405753.19	-2	364	-2	364
1	"1"	"1"	4	FALSE	0	90	100	0	0	3.42901103761e-14	560	1552405753.22	-4	373	-4	373
1	"1"	"1"	4	FALSE	0	90	100	0	0	3.42901103761e-14	560	1552405753.25	-5	385	-5	385
1	"1"	"1"	4	FALSE	0	90	100	0	0	3.42901103761e-14	560	1552405753.29	-5	395	-5	395
1	"1"	"1"	4	FALSE	0	90	100	0	0	3.42901103761e-14	560	1552405753.32	-6	407	-6	407
1	"1"	"1"	4	FALSE	0	90	100	0	0	3.42901103761e-14	560	1552405753.35	-7	419	-7	419
1	"1"	"1"	4	FALSE	0	90	100	0	0	3.42901103761e-14	560	1552405753.39	-7	431	-7	431
1	"1"	"1"	4	FALSE	0	90	100	0	0	3.42901103761e-14	560	1552405753.42	-7	447	-7	447
1	"1"	"1"	4	FALSE	0	90	100	0	0	3.42901103761e-14	560	1552405753.45	-7	459	-7	459
1	"1"	"1"	4	FALSE	0	90	100	0	0	3.42901103761e-14	560	1552405753.49	-5	473	-5	473
1	"1"	"1"	4	FALSE	0	90	100	0	0	3.42901103761e-14	560	1552405753.52	-3	486	-3	486
1	"1"	"1"	4	FALSE	0	90	100	0	0	3.42901103761e-14	560	1552405753.55	-2	498	-2	498
1	"1"	"1"	4	FALSE	0	90	100	0	0	3.42901103761e-14	560	1552405753.59	0	509	0	509
1	"1"	"1"	4	FALSE	0	90	100	0	0	3.42901103761e-14	560	1552405753.62	0	517	0	517
1	"1"	"1"	4	FALSE	0	90	100	0	0	3.42901103761e-14	560	1552405753.65	0	524	0	524
1	"1"	"1"	4	FALSE	0	90	100	0	0	3.42901103761e-14	560	1552405753.69	0	531	0	531
1	"1"	"1"	4	FALSE	0	90	100	0	0	3.42901103761e-14	560	1552405753.72	2	538	2	538
1	"1"	"1"	4	FALSE	0	90	100	0	0	3.42901103761e-14	560	1552405753.75	3	542	3	542
1	"1"	"1"	4	FALSE	0	90	100	0	0	3.42901103761e-14	560	1552405753.79	3	545	3	545
1	"1"	"1"	4	FALSE	0	90	100	0	0	3.42901103761e-14	560	1552405753.82	3	547	3	547
1	"1"	"1"	4	FALSE	0	90	100	0	0	3.42901103761e-14	560	1552405753.85	2	551	2	551
1	"1"	"1"	4	FALSE	0	90	100	0	0	3.42901103761e-14	560	1552405753.89	2	553	2	553
1	"1"	"1"	4	FALSE	0	90	100	0	0	3.42901103761e-14	560	1552405753.92	2	555	2	555
1	"1"	"1"	4	FALSE	0	90	100	0	0	3.42901103761e-14	560	1552405753.95	2	557	2	557
1	"1"	"1"	5	FALSE	0	135	100	0	0	-395.979797464	395.979797464	1552405755.67	8	1	8	1
1	"1"	"1"	5	FALSE	0	135	100	0	0	-395.979797464	395.979797464	1552405755.69	8	1	8	1
1	"1"	"1"	5	FALSE	0	135	100	0	0	-395.979797464	395.979797464	1552405755.72	8	1	8	1
1	"1"	"1"	5	FALSE	0	135	100	0	0	-395.979797464	395.979797464	1552405755.76	8	1	8	1
1	"1"	"1"	5	FALSE	0	135	100	0	0	-395.979797464	395.979797464	1552405755.79	8	0	8	0
1	"1"	"1"	5	FALSE	0	135	100	0	0	-395.979797464	395.979797464	1552405755.82	8	0	8	0
1	"1"	"1"	5	FALSE	0	135	100	0	0	-395.979797464	395.979797464	1552405755.86	8	0	8	0
1	"1"	"1"	5	FALSE	0	135	100	0	0	-395.979797464	395.979797464	1552405755.89	8	0	8	0
1	"1"	"1"	5	FALSE	0	135	100	0	0	-395.979797464	395.979797464	1552405755.92	8	0	8	0
1	"1"	"1"	5	FALSE	0	135	100	0	0	-395.979797464	395.979797464	1552405755.96	8	0	8	0
1	"1"	"1"	5	FALSE	0	135	100	0	0	-395.979797464	395.979797464	1552405755.99	8	0	8	0
1	"1"	"1"	5	FALSE	0	135	100	0	0	-395.979797464	395.979797464	1552405756.02	4	4	4	4
1	"1"	"1"	5	FALSE	0	135	100	0	0	-395.979797464	395.979797464	1552405756.06	-3	10	-3	10
1	"1"	"1"	5	FALSE	0	135	100	0	0	-395.979797464	395.979797464	1552405756.09	-13	20	-13	20
1	"1"	"1"	5	FALSE	0	135	100	0	0	-395.979797464	395.979797464	1552405756.12	-26	33	-26	33
1	"1"	"1"	5	FALSE	0	135	100	0	0	-395.979797464	395.979797464	1552405756.16	-38	45	-38	45
1	"1"	"1"	5	FALSE	0	135	100	0	0	-395.979797464	395.979797464	1552405756.19	-55	58	-55	58
1	"1"	"1"	5	FALSE	0	135	100	0	0	-395.979797464	395.979797464	1552405756.22	-69	69	-69	69
1	"1"	"1"	5	FALSE	0	135	100	0	0	-395.979797464	395.979797464	1552405756.26	-84	84	-84	84
1	"1"	"1"	5	FALSE	0	135	100	0	0	-395.979797464	395.979797464	1552405756.29	-96	99	-96	99
1	"1"	"1"	5	FALSE	0	135	100	0	0	-395.979797464	395.979797464	1552405756.32	-115	125	-115	125
1	"1"	"1"	5	FALSE	0	135	100	0	0	-395.979797464	395.979797464	1552405756.36	-131	143	-131	143
1	"1"	"1"	5	FALSE	0	135	100	0	0	-395.979797464	395.979797464	1552405756.39	-146	159	-146	159
1	"1"	"1"	5	FALSE	0	135	100	0	0	-395.979797464	395.979797464	1552405756.42	-166	180	-166	180
1	"1"	"1"	5	FALSE	0	135	100	0	0	-395.979797464	395.979797464	1552405756.46	-180	194	-180	194
1	"1"	"1"	5	FALSE	0	135	100	0	0	-395.979797464	395.979797464	1552405756.49	-197	211	-197	211
1	"1"	"1"	5	FALSE	0	135	100	0	0	-395.979797464	395.979797464	1552405756.52	-214	227	-214	227
1	"1"	"1"	5	FALSE	0	135	100	0	0	-395.979797464	395.979797464	1552405756.56	-229	239	-229	239
1	"1"	"1"	5	FALSE	0	135	100	0	0	-395.979797464	395.979797464	1552405756.59	-244	254	-244	254
1	"1"	"1"	5	FALSE	0	135	100	0	0	-395.979797464	395.979797464	1552405756.62	-258	267	-258	267
1	"1"	"1"	5	FALSE	0	135	100	0	0	-395.979797464	395.979797464	1552405756.66	-273	277	-273	277
1	"1"	"1"	5	FALSE	0	135	100	0	0	-395.979797464	395.979797464	1552405756.69	-287	288	-287	288
1	"1"	"1"	5	FALSE	0	135	100	0	0	-395.979797464	395.979797464	1552405756.72	-298	298	-298	298
1	"1"	"1"	5	FALSE	0	135	100	0	0	-395.979797464	395.979797464	1552405756.76	-313	309	-313	309
1	"1"	"1"	5	FALSE	0	135	100	0	0	-395.979797464	395.979797464	1552405756.79	-323	317	-323	317
1	"1"	"1"	5	FALSE	0	135	100	0	0	-395.979797464	395.979797464	1552405756.82	-334	327	-334	327
1	"1"	"1"	5	FALSE	0	135	100	0	0	-395.979797464	395.979797464	1552405756.86	-343	334	-343	334
1	"1"	"1"	5	FALSE	0	135	100	0	0	-395.979797464	395.979797464	1552405756.89	-352	342	-352	342
1	"1"	"1"	5	FALSE	0	135	100	0	0	-395.979797464	395.979797464	1552405756.92	-361	351	-361	351
1	"1"	"1"	5	FALSE	0	135	100	0	0	-395.979797464	395.979797464	1552405756.96	-367	358	-367	358
1	"1"	"1"	5	FALSE	0	135	100	0	0	-395.979797464	395.979797464	1552405756.99	-374	366	-374	366
1	"1"	"1"	5	FALSE	0	135	100	0	0	-395.979797464	395.979797464	1552405757.02	-379	376	-379	376
1	"1"	"1"	5	FALSE	0	135	100	0	0	-395.979797464	395.979797464	1552405757.06	-384	382	-384	382
1	"1"	"1"	5	FALSE	0	135	100	0	0	-395.979797464	395.979797464	1552405757.09	-389	388	-389	388
1	"1"	"1"	5	FALSE	0	135	100	0	0	-395.979797464	395.979797464	1552405757.12	-392	392	-392	392
1	"1"	"1"	5	FALSE	0	135	100	0	0	-395.979797464	395.979797464	1552405757.16	-393	395	-393	395
1	"1"	"1"	5	FALSE	0	135	100	0	0	-395.979797464	395.979797464	1552405757.19	-394	396	-394	396
1	"1"	"1"	5	FALSE	0	135	100	0	0	-395.979797464	395.979797464	1552405757.22	-395	397	-395	397
1	"1"	"1"	6	FALSE	0	45	100	0	0	395.979797464	395.979797464	1552405758.8	5	0	5	0
1	"1"	"1"	6	FALSE	0	45	100	0	0	395.979797464	395.979797464	1552405758.82	6	-1	6	-1
1	"1"	"1"	6	FALSE	0	45	100	0	0	395.979797464	395.979797464	1552405758.86	7	-3	7	-3
1	"1"	"1"	6	FALSE	0	45	100	0	0	395.979797464	395.979797464	1552405758.89	7	-3	7	-3
1	"1"	"1"	6	FALSE	0	45	100	0	0	395.979797464	395.979797464	1552405758.92	7	-3	7	-3
1	"1"	"1"	6	FALSE	0	45	100	0	0	395.979797464	395.979797464	1552405758.96	7	-3	7	-3
1	"1"	"1"	6	FALSE	0	45	100	0	0	395.979797464	395.979797464	1552405758.99	7	-3	7	-3
1	"1"	"1"	6	FALSE	0	45	100	0	0	395.979797464	395.979797464	1552405759.02	7	-2	7	-2
1	"1"	"1"	6	FALSE	0	45	100	0	0	395.979797464	395.979797464	1552405759.06	7	-2	7	-2
1	"1"	"1"	6	FALSE	0	45	100	0	0	395.979797464	395.979797464	1552405759.09	7	-2	7	-2
1	"1"	"1"	6	FALSE	0	45	100	0	0	395.979797464	395.979797464	1552405759.12	7	-2	7	-2
1	"1"	"1"	6	FALSE	0	45	100	0	0	395.979797464	395.979797464	1552405759.16	9	0	9	0
1	"1"	"1"	6	FALSE	0	45	100	0	0	395.979797464	395.979797464	1552405759.19	16	12	16	12
1	"1"	"1"	6	FALSE	0	45	100	0	0	395.979797464	395.979797464	1552405759.22	33	39	33	39
1	"1"	"1"	6	FALSE	0	45	100	0	0	395.979797464	395.979797464	1552405759.26	46	57	46	57
1	"1"	"1"	6	FALSE	0	45	100	0	0	395.979797464	395.979797464	1552405759.29	62	80	62	80
1	"1"	"1"	6	FALSE	0	45	100	0	0	395.979797464	395.979797464	1552405759.32	79	101	79	101
1	"1"	"1"	6	FALSE	0	45	100	0	0	395.979797464	395.979797464	1552405759.36	92	114	92	114
1	"1"	"1"	6	FALSE	0	45	100	0	0	395.979797464	395.979797464	1552405759.39	106	128	106	128
1	"1"	"1"	6	FALSE	0	45	100	0	0	395.979797464	395.979797464	1552405759.42	123	146	123	146
1	"1"	"1"	6	FALSE	0	45	100	0	0	395.979797464	395.979797464	1552405759.46	139	162	139	162
1	"1"	"1"	6	FALSE	0	45	100	0	0	395.979797464	395.979797464	1552405759.49	155	176	155	176
1	"1"	"1"	6	FALSE	0	45	100	0	0	395.979797464	395.979797464	1552405759.52	177	196	177	196
1	"1"	"1"	6	FALSE	0	45	100	0	0	395.979797464	395.979797464	1552405759.56	193	211	193	211
1	"1"	"1"	6	FALSE	0	45	100	0	0	395.979797464	395.979797464	1552405759.59	218	231	218	231
1	"1"	"1"	6	FALSE	0	45	100	0	0	395.979797464	395.979797464	1552405759.62	237	247	237	247
1	"1"	"1"	6	FALSE	0	45	100	0	0	395.979797464	395.979797464	1552405759.66	258	265	258	265
1	"1"	"1"	6	FALSE	0	45	100	0	0	395.979797464	395.979797464	1552405759.69	273	277	273	277
1	"1"	"1"	6	FALSE	0	45	100	0	0	395.979797464	395.979797464	1552405759.72	290	290	290	290
1	"1"	"1"	6	FALSE	0	45	100	0	0	395.979797464	395.979797464	1552405759.76	307	306	307	306
1	"1"	"1"	6	FALSE	0	45	100	0	0	395.979797464	395.979797464	1552405759.79	321	319	321	319
1	"1"	"1"	6	FALSE	0	45	100	0	0	395.979797464	395.979797464	1552405759.82	335	331	335	331
1	"1"	"1"	6	FALSE	0	45	100	0	0	395.979797464	395.979797464	1552405759.86	347	342	347	342
1	"1"	"1"	6	FALSE	0	45	100	0	0	395.979797464	395.979797464	1552405759.89	355	351	355	351
1	"1"	"1"	6	FALSE	0	45	100	0	0	395.979797464	395.979797464	1552405759.92	361	358	361	358
1	"1"	"1"	6	FALSE	0	45	100	0	0	395.979797464	395.979797464	1552405759.96	366	364	366	364
1	"1"	"1"	6	FALSE	0	45	100	0	0	395.979797464	395.979797464	1552405759.99	372	370	372	370
1	"1"	"1"	6	FALSE	0	45	100	0	0	395.979797464	395.979797464	1552405760.03	378	377	378	377
1	"1"	"1"	6	FALSE	0	45	100	0	0	395.979797464	395.979797464	1552405760.06	384	381	384	381
1	"1"	"1"	6	FALSE	0	45	100	0	0	395.979797464	395.979797464	1552405760.09	391	388	391	388
1	"1"	"1"	6	FALSE	0	45	100	0	0	395.979797464	395.979797464	1552405760.13	396	392	396	392
1	"1"	"1"	6	FALSE	0	45	100	0	0	395.979797464	395.979797464	1552405760.16	398	395	398	395
1	"1"	"1"	6	FALSE	0	45	100	0	0	395.979797464	395.979797464	1552405760.19	402	399	402	399
1	"1"	"1"	6	FALSE	0	45	100	0	0	395.979797464	395.979797464	1552405760.23	404	402	404	402
1	"1"	"1"	6	FALSE	0	45	100	0	0	395.979797464	395.979797464	1552405760.26	405	403	405	403
1	"1"	"1"	6	FALSE	0	45	100	0	0	395.979797464	395.979797464	1552405760.29	406	404	406	404
1	"1"	"1"	6	FALSE	0	45	100	0	0	395.979797464	395.979797464	1552405760.33	408	406	408	406
1	"1"	"1"	6	FALSE	0	45	100	0	0	395.979797464	395.979797464	1552405760.36	408	406	408	406
1	"1"	"1"	6	FALSE	0	45	100	0	0	395.979797464	395.979797464	1552405760.39	408	406	408	406
1	"1"	"1"	6	FALSE	0	45	100	0	0	395.979797464	395.979797464	1552405760.43	408	406	408	406
1	"1"	"1"	6	FALSE	0	45	100	0	0	395.979797464	395.979797464	1552405760.46	408	406	408	406
1	"1"	"1"	6	FALSE	0	45	100	0	0	395.979797464	395.979797464	1552405760.49	408	405	408	405
1	"1"	"1"	6	FALSE	0	45	100	0	0	395.979797464	395.979797464	1552405760.53	408	405	408	405
1	"1"	"1"	6	FALSE	0	45	100	0	0	395.979797464	395.979797464	1552405760.56	407	405	407	405
1	"1"	"1"	7	FALSE	0	135	100	0	0	-395.979797464	395.979797464	1552405762.11	-1	5	-1	5
1	"1"	"1"	7	FALSE	0	135	100	0	0	-395.979797464	395.979797464	1552405762.13	-1	5	-1	5
1	"1"	"1"	7	FALSE	0	135	100	0	0	-395.979797464	395.979797464	1552405762.16	-1	5	-1	5
1	"1"	"1"	7	FALSE	0	135	100	0	0	-395.979797464	395.979797464	1552405762.19	-1	5	-1	5
1	"1"	"1"	7	FALSE	0	135	100	0	0	-395.979797464	395.979797464	1552405762.23	-1	5	-1	5
1	"1"	"1"	7	FALSE	0	135	100	0	0	-395.979797464	395.979797464	1552405762.26	-1	5	-1	5
1	"1"	"1"	7	FALSE	0	135	100	0	0	-395.979797464	395.979797464	1552405762.29	-1	5	-1	5
1	"1"	"1"	7	FALSE	0	135	100	0	0	-395.979797464	395.979797464	1552405762.33	-1	5	-1	5
1	"1"	"1"	7	FALSE	0	135	100	0	0	-395.979797464	395.979797464	1552405762.36	-1	5	-1	5
1	"1"	"1"	7	FALSE	0	135	100	0	0	-395.979797464	395.979797464	1552405762.39	-1	5	-1	5
1	"1"	"1"	7	FALSE	0	135	100	0	0	-395.979797464	395.979797464	1552405762.43	-1	5	-1	5
1	"1"	"1"	7	FALSE	0	135	100	0	0	-395.979797464	395.979797464	1552405762.46	-1	5	-1	5
1	"1"	"1"	7	FALSE	0	135	100	0	0	-395.979797464	395.979797464	1552405762.49	-5	11	-5	11
1	"1"	"1"	7	FALSE	0	135	100	0	0	-395.979797464	395.979797464	1552405762.53	-12	21	-12	21
1	"1"	"1"	7	FALSE	0	135	100	0	0	-395.979797464	395.979797464	1552405762.56	-23	29	-23	29
1	"1"	"1"	7	FALSE	0	135	100	0	0	-395.979797464	395.979797464	1552405762.59	-42	40	-42	40
1	"1"	"1"	7	FALSE	0	135	100	0	0	-395.979797464	395.979797464	1552405762.63	-59	50	-59	50
1	"1"	"1"	7	FALSE	0	135	100	0	0	-395.979797464	395.979797464	1552405762.66	-80	66	-80	66
1	"1"	"1"	7	FALSE	0	135	100	0	0	-395.979797464	395.979797464	1552405762.69	-101	86	-101	86
1	"1"	"1"	7	FALSE	0	135	100	0	0	-395.979797464	395.979797464	1552405762.73	-120	105	-120	105
1	"1"	"1"	7	FALSE	0	135	100	0	0	-395.979797464	395.979797464	1552405762.76	-141	126	-141	126
1	"1"	"1"	7	FALSE	0	135	100	0	0	-395.979797464	395.979797464	1552405762.79	-165	149	-165	149
1	"1"	"1"	7	FALSE	0	135	100	0	0	-395.979797464	395.979797464	1552405762.83	-186	167	-186	167
1	"1"	"1"	7	FALSE	0	135	100	0	0	-395.979797464	395.979797464	1552405762.86	-209	183	-209	183
1	"1"	"1"	7	FALSE	0	135	100	0	0	-395.979797464	395.979797464	1552405762.89	-225	200	-225	200
1	"1"	"1"	7	FALSE	0	135	100	0	0	-395.979797464	395.979797464	1552405762.93	-240	214	-240	214
1	"1"	"1"	7	FALSE	0	135	100	0	0	-395.979797464	395.979797464	1552405762.96	-252	223	-252	223
1	"1"	"1"	7	FALSE	0	135	100	0	0	-395.979797464	395.979797464	1552405762.99	-263	234	-263	234
1	"1"	"1"	7	FALSE	0	135	100	0	0	-395.979797464	395.979797464	1552405763.03	-273	247	-273	247
1	"1"	"1"	7	FALSE	0	135	100	0	0	-395.979797464	395.979797464	1552405763.06	-280	255	-280	255
1	"1"	"1"	7	FALSE	0	135	100	0	0	-395.979797464	395.979797464	1552405763.09	-288	265	-288	265
1	"1"	"1"	7	FALSE	0	135	100	0	0	-395.979797464	395.979797464	1552405763.13	-295	278	-295	278
1	"1"	"1"	7	FALSE	0	135	100	0	0	-395.979797464	395.979797464	1552405763.16	-303	289	-303	289
1	"1"	"1"	7	FALSE	0	135	100	0	0	-395.979797464	395.979797464	1552405763.19	-310	298	-310	298
1	"1"	"1"	7	FALSE	0	135	100	0	0	-395.979797464	395.979797464	1552405763.23	-319	310	-319	310
1	"1"	"1"	7	FALSE	0	135	100	0	0	-395.979797464	395.979797464	1552405763.26	-329	320	-329	320
1	"1"	"1"	7	FALSE	0	135	100	0	0	-395.979797464	395.979797464	1552405763.29	-337	330	-337	330
1	"1"	"1"	7	FALSE	0	135	100	0	0	-395.979797464	395.979797464	1552405763.33	-348	342	-348	342
1	"1"	"1"	7	FALSE	0	135	100	0	0	-395.979797464	395.979797464	1552405763.36	-358	354	-358	354
1	"1"	"1"	7	FALSE	0	135	100	0	0	-395.979797464	395.979797464	1552405763.39	-367	362	-367	362
1	"1"	"1"	7	FALSE	0	135	100	0	0	-395.979797464	395.979797464	1552405763.43	-376	371	-376	371
1	"1"	"1"	7	FALSE	0	135	100	0	0	-395.979797464	395.979797464	1552405763.46	-383	380	-383	380
1	"1"	"1"	7	FALSE	0	135	100	0	0	-395.979797464	395.979797464	1552405763.49	-389	388	-389	388
1	"1"	"1"	7	FALSE	0	135	100	0	0	-395.979797464	395.979797464	1552405763.53	-394	394	-394	394
1	"1"	"1"	7	FALSE	0	135	100	0	0	-395.979797464	395.979797464	1552405763.56	-399	399	-399	399
1	"1"	"1"	7	FALSE	0	135	100	0	0	-395.979797464	395.979797464	1552405763.59	-402	403	-402	403
1	"1"	"1"	7	FALSE	0	135	100	0	0	-395.979797464	395.979797464	1552405763.63	-404	405	-404	405
1	"1"	"1"	8	FALSE	0	90	100	0	0	3.42901103761e-14	560	1552405765.21	-11	2	-11	2
1	"1"	"1"	8	FALSE	0	90	100	0	0	3.42901103761e-14	560	1552405765.23	-10	2	-10	2
1	"1"	"1"	8	FALSE	0	90	100	0	0	3.42901103761e-14	560	1552405765.26	-9	1	-9	1
1	"1"	"1"	8	FALSE	0	90	100	0	0	3.42901103761e-14	560	1552405765.3	-8	1	-8	1
1	"1"	"1"	8	FALSE	0	90	100	0	0	3.42901103761e-14	560	1552405765.33	-8	1	-8	1
1	"1"	"1"	8	FALSE	0	90	100	0	0	3.42901103761e-14	560	1552405765.36	-8	1	-8	1
1	"1"	"1"	8	FALSE	0	90	100	0	0	3.42901103761e-14	560	1552405765.4	-7	1	-7	1
1	"1"	"1"	8	FALSE	0	90	100	0	0	3.42901103761e-14	560	1552405765.43	-6	0	-6	0
1	"1"	"1"	8	FALSE	0	90	100	0	0	3.42901103761e-14	560	1552405765.46	-5	0	-5	0
1	"1"	"1"	8	FALSE	0	90	100	0	0	3.42901103761e-14	560	1552405765.5	-5	0	-5	0
1	"1"	"1"	8	FALSE	0	90	100	0	0	3.42901103761e-14	560	1552405765.53	-5	0	-5	0
1	"1"	"1"	8	FALSE	0	90	100	0	0	3.42901103761e-14	560	1552405765.56	-5	0	-5	0
1	"1"	"1"	8	FALSE	0	90	100	0	0	3.42901103761e-14	560	1552405765.6	-4	3	-4	3
1	"1"	"1"	8	FALSE	0	90	100	0	0	3.42901103761e-14	560	1552405765.63	-3	20	-3	20
1	"1"	"1"	8	FALSE	0	90	100	0	0	3.42901103761e-14	560	1552405765.66	-1	47	-1	47
1	"1"	"1"	8	FALSE	0	90	100	0	0	3.42901103761e-14	560	1552405765.7	1	72	1	72
1	"1"	"1"	8	FALSE	0	90	100	0	0	3.42901103761e-14	560	1552405765.73	2	96	2	96
1	"1"	"1"	8	FALSE	0	90	100	0	0	3.42901103761e-14	560	1552405765.76	1	123	1	123
1	"1"	"1"	8	FALSE	0	90	100	0	0	3.42901103761e-14	560	1552405765.8	-1	147	-1	147
1	"1"	"1"	8	FALSE	0	90	100	0	0	3.42901103761e-14	560	1552405765.83	-2	171	-2	171
1	"1"	"1"	8	FALSE	0	90	100	0	0	3.42901103761e-14	560	1552405765.86	-5	200	-5	200
1	"1"	"1"	8	FALSE	0	90	100	0	0	3.42901103761e-14	560	1552405765.9	-7	223	-7	223
1	"1"	"1"	8	FALSE	0	90	100	0	0	3.42901103761e-14	560	1552405765.93	-10	250	-10	250
1	"1"	"1"	8	FALSE	0	90	100	0	0	3.42901103761e-14	560	1552405765.96	-11	279	-11	279
1	"1"	"1"	8	FALSE	0	90	100	0	0	3.42901103761e-14	560	1552405766	-11	307	-11	307
1	"1"	"1"	8	FALSE	0	90	100	0	0	3.42901103761e-14	560	1552405766.03	-10	335	-10	335
1	"1"	"1"	8	FALSE	0	90	100	0	0	3.42901103761e-14	560	1552405766.06	-7	359	-7	359
1	"1"	"1"	8	FALSE	0	90	100	0	0	3.42901103761e-14	560	1552405766.1	-5	385	-5	385
1	"1"	"1"	8	FALSE	0	90	100	0	0	3.42901103761e-14	560	1552405766.13	-4	403	-4	403
1	"1"	"1"	8	FALSE	0	90	100	0	0	3.42901103761e-14	560	1552405766.16	-2	417	-2	417
1	"1"	"1"	8	FALSE	0	90	100	0	0	3.42901103761e-14	560	1552405766.2	0	434	0	434
1	"1"	"1"	8	FALSE	0	90	100	0	0	3.42901103761e-14	560	1552405766.23	1	449	1	449
1	"1"	"1"	8	FALSE	0	90	100	0	0	3.42901103761e-14	560	1552405766.26	3	463	3	463
1	"1"	"1"	8	FALSE	0	90	100	0	0	3.42901103761e-14	560	1552405766.3	4	475	4	475
1	"1"	"1"	8	FALSE	0	90	100	0	0	3.42901103761e-14	560	1552405766.33	4	486	4	486
1	"1"	"1"	8	FALSE	0	90	100	0	0	3.42901103761e-14	560	1552405766.36	4	496	4	496
1	"1"	"1"	8	FALSE	0	90	100	0	0	3.42901103761e-14	560	1552405766.4	3	502	3	502
1	"1"	"1"	8	FALSE	0	90	100	0	0	3.42901103761e-14	560	1552405766.43	2	509	2	509
1	"1"	"1"	8	FALSE	0	90	100	0	0	3.42901103761e-14	560	1552405766.46	1	513	1	513
1	"1"	"1"	8	FALSE	0	90	100	0	0	3.42901103761e-14	560	1552405766.5	1	517	1	517
1	"1"	"1"	8	FALSE	0	90	100	0	0	3.42901103761e-14	560	1552405766.53	1	522	1	522
1	"1"	"1"	8	FALSE	0	90	100	0	0	3.42901103761e-14	560	1552405766.56	1	529	1	529
1	"1"	"1"	8	FALSE	0	90	100	0	0	3.42901103761e-14	560	1552405766.6	1	535	1	535
1	"1"	"1"	8	FALSE	0	90	100	0	0	3.42901103761e-14	560	1552405766.63	1	539	1	539
1	"1"	"1"	8	FALSE	0	90	100	0	0	3.42901103761e-14	560	1552405766.66	1	543	1	543
1	"1"	"1"	8	FALSE	0	90	100	0	0	3.42901103761e-14	560	1552405766.7	2	548	2	548
1	"1"	"1"	8	FALSE	0	90	100	0	0	3.42901103761e-14	560	1552405766.73	2	551	2	551
1	"1"	"1"	8	FALSE	0	90	100	0	0	3.42901103761e-14	560	1552405766.76	3	554	3	554
1	"1"	"1"	8	FALSE	0	90	100	0	0	3.42901103761e-14	560	1552405766.8	3	556	3	556
1	"1"	"1"	8	FALSE	0	90	100	0	0	3.42901103761e-14	560	1552405766.83	3	558	3	558
1	"1"	"1"	8	FALSE	0	90	100	0	0	3.42901103761e-14	560	1552405766.86	3	560	3	560
1	"1"	"1"	9	FALSE	0	45	100	0	0	395.979797464	395.979797464	1552405768.88	3	2	3	2
1	"1"	"1"	9	FALSE	0	45	100	0	0	395.979797464	395.979797464	1552405768.9	3	1	3	1
1	"1"	"1"	9	FALSE	0	45	100	0	0	395.979797464	395.979797464	1552405768.93	3	1	3	1
1	"1"	"1"	9	FALSE	0	45	100	0	0	395.979797464	395.979797464	1552405768.97	3	1	3	1
1	"1"	"1"	9	FALSE	0	45	100	0	0	395.979797464	395.979797464	1552405769	3	1	3	1
1	"1"	"1"	9	FALSE	0	45	100	0	0	395.979797464	395.979797464	1552405769.03	3	1	3	1
1	"1"	"1"	9	FALSE	0	45	100	0	0	395.979797464	395.979797464	1552405769.07	3	1	3	1
1	"1"	"1"	9	FALSE	0	45	100	0	0	395.979797464	395.979797464	1552405769.1	3	1	3	1
1	"1"	"1"	9	FALSE	0	45	100	0	0	395.979797464	395.979797464	1552405769.13	3	1	3	1
1	"1"	"1"	9	FALSE	0	45	100	0	0	395.979797464	395.979797464	1552405769.17	3	2	3	2
1	"1"	"1"	9	FALSE	0	45	100	0	0	395.979797464	395.979797464	1552405769.2	6	4	6	4
1	"1"	"1"	9	FALSE	0	45	100	0	0	395.979797464	395.979797464	1552405769.23	10	10	10	10
1	"1"	"1"	9	FALSE	0	45	100	0	0	395.979797464	395.979797464	1552405769.27	15	22	15	22
1	"1"	"1"	9	FALSE	0	45	100	0	0	395.979797464	395.979797464	1552405769.3	24	39	24	39
1	"1"	"1"	9	FALSE	0	45	100	0	0	395.979797464	395.979797464	1552405769.33	37	55	37	55
1	"1"	"1"	9	FALSE	0	45	100	0	0	395.979797464	395.979797464	1552405769.37	52	69	52	69
1	"1"	"1"	9	FALSE	0	45	100	0	0	395.979797464	395.979797464	1552405769.4	64	80	64	80
1	"1"	"1"	9	FALSE	0	45	100	0	0	395.979797464	395.979797464	1552405769.43	79	90	79	90
1	"1"	"1"	9	FALSE	0	45	100	0	0	395.979797464	395.979797464	1552405769.47	92	99	92	99
1	"1"	"1"	9	FALSE	0	45	100	0	0	395.979797464	395.979797464	1552405769.5	110	111	110	111
1	"1"	"1"	9	FALSE	0	45	100	0	0	395.979797464	395.979797464	1552405769.53	129	126	129	126
1	"1"	"1"	9	FALSE	0	45	100	0	0	395.979797464	395.979797464	1552405769.57	147	140	147	140
1	"1"	"1"	9	FALSE	0	45	100	0	0	395.979797464	395.979797464	1552405769.6	165	154	165	154
1	"1"	"1"	9	FALSE	0	45	100	0	0	395.979797464	395.979797464	1552405769.63	182	168	182	168
1	"1"	"1"	9	FALSE	0	45	100	0	0	395.979797464	395.979797464	1552405769.67	200	183	200	183
1	"1"	"1"	9	FALSE	0	45	100	0	0	395.979797464	395.979797464	1552405769.7	215	195	215	195
1	"1"	"1"	9	FALSE	0	45	100	0	0	395.979797464	395.979797464	1552405769.73	234	212	234	212
1	"1"	"1"	9	FALSE	0	45	100	0	0	395.979797464	395.979797464	1552405769.77	250	227	250	227
1	"1"	"1"	9	FALSE	0	45	100	0	0	395.979797464	395.979797464	1552405769.8	261	239	261	239
1	"1"	"1"	9	FALSE	0	45	100	0	0	395.979797464	395.979797464	1552405769.83	272	252	272	252
1	"1"	"1"	9	FALSE	0	45	100	0	0	395.979797464	395.979797464	1552405769.87	280	264	280	264
1	"1"	"1"	9	FALSE	0	45	100	0	0	395.979797464	395.979797464	1552405769.9	286	273	286	273
1	"1"	"1"	9	FALSE	0	45	100	0	0	395.979797464	395.979797464	1552405769.93	292	283	292	283
1	"1"	"1"	9	FALSE	0	45	100	0	0	395.979797464	395.979797464	1552405769.97	297	293	297	293
1	"1"	"1"	9	FALSE	0	45	100	0	0	395.979797464	395.979797464	1552405770	303	303	303	303
1	"1"	"1"	9	FALSE	0	45	100	0	0	395.979797464	395.979797464	1552405770.03	309	313	309	313
1	"1"	"1"	9	FALSE	0	45	100	0	0	395.979797464	395.979797464	1552405770.07	315	322	315	322
1	"1"	"1"	9	FALSE	0	45	100	0	0	395.979797464	395.979797464	1552405770.1	320	328	320	328
1	"1"	"1"	9	FALSE	0	45	100	0	0	395.979797464	395.979797464	1552405770.13	325	335	325	335
1	"1"	"1"	9	FALSE	0	45	100	0	0	395.979797464	395.979797464	1552405770.17	329	341	329	341
1	"1"	"1"	9	FALSE	0	45	100	0	0	395.979797464	395.979797464	1552405770.2	333	347	333	347
1	"1"	"1"	9	FALSE	0	45	100	0	0	395.979797464	395.979797464	1552405770.23	339	354	339	354
1	"1"	"1"	9	FALSE	0	45	100	0	0	395.979797464	395.979797464	1552405770.27	346	361	346	361
1	"1"	"1"	9	FALSE	0	45	100	0	0	395.979797464	395.979797464	1552405770.3	351	366	351	366
1	"1"	"1"	9	FALSE	0	45	100	0	0	395.979797464	395.979797464	1552405770.33	356	371	356	371
1	"1"	"1"	9	FALSE	0	45	100	0	0	395.979797464	395.979797464	1552405770.37	361	376	361	376
1	"1"	"1"	9	FALSE	0	45	100	0	0	395.979797464	395.979797464	1552405770.4	366	381	366	381
1	"1"	"1"	9	FALSE	0	45	100	0	0	395.979797464	395.979797464	1552405770.43	371	386	371	386
1	"1"	"1"	9	FALSE	0	45	100	0	0	395.979797464	395.979797464	1552405770.47	378	391	378	391
1	"1"	"1"	9	FALSE	0	45	100	0	0	395.979797464	395.979797464	1552405770.5	382	395	382	395
1	"1"	"1"	9	FALSE	0	45	100	0	0	395.979797464	395.979797464	1552405770.53	386	397	386	397
1	"1"	"1"	9	FALSE	0	45	100	0	0	395.979797464	395.979797464	1552405770.57	390	400	390	400
1	"1"	"1"	9	FALSE	0	45	100	0	0	395.979797464	395.979797464	1552405770.6	393	402	393	402
1	"1"	"1"	9	FALSE	0	45	100	0	0	395.979797464	395.979797464	1552405770.63	396	404	396	404
1	"1"	"1"	9	FALSE	0	45	100	0	0	395.979797464	395.979797464	1552405770.67	400	407	400	407
