"task_num"	"task_name"	"trial_type"	"trial_num"	"terminalfeedback_bool"	"rotation_angle"	"targetangle_deg"	"targetdistance_percmax"	"homex_px"	"homey_px"	"targetx_px"	"targety_px"	"time_s"	"mousex_px"	"mousey_px"	"cursorx_px"	"cursory_px"
1	"1"	"1"	1	FALSE	0	90	100	0	0	3.42901103761e-14	560	35.0548079014	8	10	8	10
1	"1"	"1"	1	FALSE	0	90	100	0	0	3.42901103761e-14	560	35.0882480145	7	7	7	7
1	"1"	"1"	1	FALSE	0	90	100	0	0	3.42901103761e-14	560	35.121655941	2	3	2	3
1	"1"	"1"	1	FALSE	0	90	100	0	0	3.42901103761e-14	560	35.1549298763	1	1	1	1
1	"1"	"1"	1	FALSE	0	90	100	0	0	3.42901103761e-14	560	35.1883687973	1	1	1	1
1	"1"	"1"	1	FALSE	0	90	100	0	0	3.42901103761e-14	560	35.2217419147	2	1	2	1
1	"1"	"1"	1	FALSE	0	90	100	0	0	3.42901103761e-14	560	35.2550678253	2	1	2	1
1	"1"	"1"	1	FALSE	0	90	100	0	0	3.42901103761e-14	560	35.2884337902	2	1	2	1
1	"1"	"1"	1	FALSE	0	90	100	0	0	3.42901103761e-14	560	35.321739912	2	1	2	1
1	"1"	"1"	1	FALSE	0	90	100	0	0	3.42901103761e-14	560	35.3551959991	2	1	2	1
1	"1"	"1"	1	FALSE	0	90	100	0	0	3.42901103761e-14	560	35.3885059357	3	1	3	1
1	"1"	"1"	1	FALSE	0	90	100	0	0	3.42901103761e-14	560	35.4219288826	3	1	3	1
1	"1"	"1"	1	FALSE	0	90	100	0	0	3.42901103761e-14	560	35.4550988674	3	1	3	1
1	"1"	"1"	1	FALSE	0	90	100	0	0	3.42901103761e-14	560	35.4885139465	3	1	3	1
1	"1"	"1"	1	FALSE	0	90	100	0	0	3.42901103761e-14	560	35.5218758583	3	1	3	1
1	"1"	"1"	1	FALSE	0	90	100	0	0	3.42901103761e-14	560	35.5551838875	3	1	3	1
1	"1"	"1"	1	FALSE	0	90	100	0	0	3.42901103761e-14	560	35.5881109238	3	1	3	1
1	"1"	"1"	1	FALSE	0	90	100	0	0	3.42901103761e-14	560	35.6213858128	3	1	3	1
1	"1"	"1"	1	FALSE	0	90	100	0	0	3.42901103761e-14	560	35.6546478271	3	1	3	1
1	"1"	"1"	1	FALSE	0	90	100	0	0	3.42901103761e-14	560	35.6881690025	3	1	3	1
1	"1"	"1"	1	FALSE	0	90	100	0	0	3.42901103761e-14	560	35.7214670181	3	1	3	1
1	"1"	"1"	1	FALSE	0	90	100	0	0	3.42901103761e-14	560	35.7546179295	3	1	3	1
1	"1"	"1"	1	FALSE	0	90	100	0	0	3.42901103761e-14	560	35.7881247997	3	1	3	1
1	"1"	"1"	1	FALSE	0	90	100	0	0	3.42901103761e-14	560	35.8214030266	3	1	3	1
1	"1"	"1"	1	FALSE	0	90	100	0	0	3.42901103761e-14	560	35.8546738625	3	1	3	1
1	"1"	"1"	1	FALSE	0	90	100	0	0	3.42901103761e-14	560	35.8881809711	3	1	3	1
1	"1"	"1"	1	FALSE	0	90	100	0	0	3.42901103761e-14	560	35.9215779305	3	1	3	1
1	"1"	"1"	1	FALSE	0	90	100	0	0	3.42901103761e-14	560	35.9548377991	3	1	3	1
1	"1"	"1"	1	FALSE	0	90	100	0	0	3.42901103761e-14	560	35.9882178307	3	1	3	1
1	"1"	"1"	1	FALSE	0	90	100	0	0	3.42901103761e-14	560	36.0214958191	3	1	3	1
1	"1"	"1"	1	FALSE	0	90	100	0	0	3.42901103761e-14	560	36.0548307896	3	1	3	1
1	"1"	"1"	1	FALSE	0	90	100	0	0	3.42901103761e-14	560	36.0882329941	3	1	3	1
1	"1"	"1"	1	FALSE	0	90	100	0	0	3.42901103761e-14	560	36.1215360165	3	1	3	1
1	"1"	"1"	1	FALSE	0	90	100	0	0	3.42901103761e-14	560	36.1548810005	3	1	3	1
1	"1"	"1"	1	FALSE	0	90	100	0	0	3.42901103761e-14	560	36.1883327961	3	1	3	1
1	"1"	"1"	1	FALSE	0	90	100	0	0	3.42901103761e-14	560	36.2218289375	3	1	3	1
1	"1"	"1"	1	FALSE	0	90	100	0	0	3.42901103761e-14	560	36.2550849915	3	1	3	1
1	"1"	"1"	1	FALSE	0	90	100	0	0	3.42901103761e-14	560	36.2883219719	3	1	3	1
1	"1"	"1"	1	FALSE	0	90	100	0	0	3.42901103761e-14	560	36.32188797	3	1	3	1
1	"1"	"1"	1	FALSE	0	90	100	0	0	3.42901103761e-14	560	36.3553128242	3	1	3	1
1	"1"	"1"	1	FALSE	0	90	100	0	0	3.42901103761e-14	560	36.3884418011	3	1	3	1
1	"1"	"1"	1	FALSE	0	90	100	0	0	3.42901103761e-14	560	36.4224939346	3	1	3	1
1	"1"	"1"	1	FALSE	0	90	100	0	0	3.42901103761e-14	560	36.4558320045	3	1	3	1
1	"1"	"1"	1	FALSE	0	90	100	0	0	3.42901103761e-14	560	36.4892199039	3	1	3	1
1	"1"	"1"	1	FALSE	0	90	100	0	0	3.42901103761e-14	560	36.5226588249	3	1	3	1
1	"1"	"1"	1	FALSE	0	90	100	0	0	3.42901103761e-14	560	36.5560808182	3	1	3	1
1	"1"	"1"	1	FALSE	0	90	100	0	0	3.42901103761e-14	560	36.5893518925	3	1	3	1
1	"1"	"1"	1	FALSE	0	90	100	0	0	3.42901103761e-14	560	36.6228070259	3	1	3	1
1	"1"	"1"	1	FALSE	0	90	100	0	0	3.42901103761e-14	560	36.6560769081	3	1	3	1
1	"1"	"1"	1	FALSE	0	90	100	0	0	3.42901103761e-14	560	36.6894328594	3	1	3	1
1	"1"	"1"	1	FALSE	0	90	100	0	0	3.42901103761e-14	560	36.722771883	3	1	3	1
1	"1"	"1"	1	FALSE	0	90	100	0	0	3.42901103761e-14	560	36.7561588287	3	1	3	1
1	"1"	"1"	1	FALSE	0	90	100	0	0	3.42901103761e-14	560	36.7894918919	3	1	3	1
1	"1"	"1"	1	FALSE	0	90	100	0	0	3.42901103761e-14	560	36.8229420185	3	1	3	1
1	"1"	"1"	1	FALSE	0	90	100	0	0	3.42901103761e-14	560	36.8562488556	3	1	3	1
1	"1"	"1"	1	FALSE	0	90	100	0	0	3.42901103761e-14	560	36.8896210194	3	1	3	1
1	"1"	"1"	1	FALSE	0	90	100	0	0	3.42901103761e-14	560	36.9228439331	3	1	3	1
1	"1"	"1"	1	FALSE	0	90	100	0	0	3.42901103761e-14	560	36.9562180042	3	1	3	1
1	"1"	"1"	1	FALSE	0	90	100	0	0	3.42901103761e-14	560	36.9896879196	3	1	3	1
1	"1"	"1"	1	FALSE	0	90	100	0	0	3.42901103761e-14	560	37.0229728222	3	1	3	1
1	"1"	"1"	1	FALSE	0	90	100	0	0	3.42901103761e-14	560	37.0564398766	3	1	3	1
1	"1"	"1"	1	FALSE	0	90	100	0	0	3.42901103761e-14	560	37.0897128582	3	0	3	0
1	"1"	"1"	1	FALSE	0	90	100	0	0	3.42901103761e-14	560	37.1231129169	3	0	3	0
1	"1"	"1"	1	FALSE	0	90	100	0	0	3.42901103761e-14	560	37.1564610004	3	0	3	0
1	"1"	"1"	1	FALSE	0	90	100	0	0	3.42901103761e-14	560	37.1899158955	3	0	3	0
1	"1"	"1"	1	FALSE	0	90	100	0	0	3.42901103761e-14	560	37.2232019901	3	0	3	0
1	"1"	"1"	1	FALSE	0	90	100	0	0	3.42901103761e-14	560	37.2564988136	3	0	3	0
1	"1"	"1"	1	FALSE	0	90	100	0	0	3.42901103761e-14	560	37.2899358273	3	0	3	0
1	"1"	"1"	1	FALSE	0	90	100	0	0	3.42901103761e-14	560	37.3232929707	3	1	3	1
1	"1"	"1"	1	FALSE	0	90	100	0	0	3.42901103761e-14	560	37.3566229343	3	1	3	1
1	"1"	"1"	1	FALSE	0	90	100	0	0	3.42901103761e-14	560	37.3900048733	3	1	3	1
1	"1"	"1"	1	FALSE	0	90	100	0	0	3.42901103761e-14	560	37.4233148098	3	1	3	1
1	"1"	"1"	1	FALSE	0	90	100	0	0	3.42901103761e-14	560	37.456799984	3	1	3	1
1	"1"	"1"	1	FALSE	0	90	100	0	0	3.42901103761e-14	560	37.4899368286	3	1	3	1
1	"1"	"1"	1	FALSE	0	90	100	0	0	3.42901103761e-14	560	37.5234098434	3	1	3	1
1	"1"	"1"	1	FALSE	0	90	100	0	0	3.42901103761e-14	560	37.5567820072	3	1	3	1
1	"1"	"1"	1	FALSE	0	90	100	0	0	3.42901103761e-14	560	37.5901639462	3	1	3	1
1	"1"	"1"	1	FALSE	0	90	100	0	0	3.42901103761e-14	560	37.62358284	3	1	3	1
1	"1"	"1"	1	FALSE	0	90	100	0	0	3.42901103761e-14	560	37.6567869186	3	1	3	1
1	"1"	"1"	1	FALSE	0	90	100	0	0	3.42901103761e-14	560	37.6902558804	3	1	3	1
1	"1"	"1"	1	FALSE	0	90	100	0	0	3.42901103761e-14	560	37.723402977	3	1	3	1
1	"1"	"1"	1	FALSE	0	90	100	0	0	3.42901103761e-14	560	37.7566819191	3	1	3	1
1	"1"	"1"	1	FALSE	0	90	100	0	0	3.42901103761e-14	560	37.7903568745	3	1	3	1
1	"1"	"1"	1	FALSE	0	90	100	0	0	3.42901103761e-14	560	37.8236968517	3	1	3	1
1	"1"	"1"	1	FALSE	0	90	100	0	0	3.42901103761e-14	560	37.8570477962	3	1	3	1
1	"1"	"1"	1	FALSE	0	90	100	0	0	3.42901103761e-14	560	37.8904359341	3	1	3	1
1	"1"	"1"	1	FALSE	0	90	100	0	0	3.42901103761e-14	560	37.9238328934	3	1	3	1
1	"1"	"1"	1	FALSE	0	90	100	0	0	3.42901103761e-14	560	37.9571390152	3	1	3	1
1	"1"	"1"	1	FALSE	0	90	100	0	0	3.42901103761e-14	560	37.9904170036	3	1	3	1
1	"1"	"1"	1	FALSE	0	90	100	0	0	3.42901103761e-14	560	38.0238919258	3	1	3	1
1	"1"	"1"	1	FALSE	0	90	100	0	0	3.42901103761e-14	560	38.0572328568	3	1	3	1
1	"1"	"1"	1	FALSE	0	90	100	0	0	3.42901103761e-14	560	38.0904779434	3	1	3	1
1	"1"	"1"	1	FALSE	0	90	100	0	0	3.42901103761e-14	560	38.1239109039	3	1	3	1
1	"1"	"1"	1	FALSE	0	90	100	0	0	3.42901103761e-14	560	38.1571288109	3	1	3	1
1	"1"	"1"	1	FALSE	0	90	100	0	0	3.42901103761e-14	560	38.1906979084	3	1	3	1
1	"1"	"1"	1	FALSE	0	90	100	0	0	3.42901103761e-14	560	38.2240428925	3	1	3	1
1	"1"	"1"	1	FALSE	0	90	100	0	0	3.42901103761e-14	560	38.2574307919	3	1	3	1
1	"1"	"1"	1	FALSE	0	90	100	0	0	3.42901103761e-14	560	38.2905199528	3	1	3	1
1	"1"	"1"	1	FALSE	0	90	100	0	0	3.42901103761e-14	560	38.3240718842	3	1	3	1
1	"1"	"1"	1	FALSE	0	90	100	0	0	3.42901103761e-14	560	38.3572800159	3	1	3	1
1	"1"	"1"	1	FALSE	0	90	100	0	0	3.42901103761e-14	560	38.3907740116	3	1	3	1
1	"1"	"1"	1	FALSE	0	90	100	0	0	3.42901103761e-14	560	38.4241259098	3	1	3	1
1	"1"	"1"	1	FALSE	0	90	100	0	0	3.42901103761e-14	560	38.4574139118	3	1	3	1
1	"1"	"1"	1	FALSE	0	90	100	0	0	3.42901103761e-14	560	38.4933719635	3	1	3	1
1	"1"	"1"	1	FALSE	0	90	100	0	0	3.42901103761e-14	560	38.5241808891	3	1	3	1
1	"1"	"1"	1	FALSE	0	90	100	0	0	3.42901103761e-14	560	38.5575828552	3	1	3	1
1	"1"	"1"	1	FALSE	0	90	100	0	0	3.42901103761e-14	560	38.590998888	3	1	3	1
1	"1"	"1"	1	FALSE	0	90	100	0	0	3.42901103761e-14	560	38.624327898	3	1	3	1
1	"1"	"1"	1	FALSE	0	90	100	0	0	3.42901103761e-14	560	38.6576159	3	1	3	1
1	"1"	"1"	1	FALSE	0	90	100	0	0	3.42901103761e-14	560	38.6910378933	3	1	3	1
1	"1"	"1"	1	FALSE	0	90	100	0	0	3.42901103761e-14	560	38.7242739201	3	1	3	1
1	"1"	"1"	1	FALSE	0	90	100	0	0	3.42901103761e-14	560	38.7577848434	3	1	3	1
1	"1"	"1"	1	FALSE	0	90	100	0	0	3.42901103761e-14	560	38.7910368443	3	1	3	1
1	"1"	"1"	1	FALSE	0	90	100	0	0	3.42901103761e-14	560	38.8244819641	3	1	3	1
1	"1"	"1"	1	FALSE	0	90	100	0	0	3.42901103761e-14	560	38.8578269482	3	1	3	1
1	"1"	"1"	1	FALSE	0	90	100	0	0	3.42901103761e-14	560	38.891201973	3	1	3	1
1	"1"	"1"	1	FALSE	0	90	100	0	0	3.42901103761e-14	560	38.9245939255	3	1	3	1
1	"1"	"1"	1	FALSE	0	90	100	0	0	3.42901103761e-14	560	38.9578080177	3	1	3	1
1	"1"	"1"	1	FALSE	0	90	100	0	0	3.42901103761e-14	560	38.9913029671	3	1	3	1
1	"1"	"1"	1	FALSE	0	90	100	0	0	3.42901103761e-14	560	39.0246348381	3	1	3	1
1	"1"	"1"	1	FALSE	0	90	100	0	0	3.42901103761e-14	560	39.0579500198	3	1	3	1
1	"1"	"1"	1	FALSE	0	90	100	0	0	3.42901103761e-14	560	39.0913419724	3	1	3	1
1	"1"	"1"	1	FALSE	0	90	100	0	0	3.42901103761e-14	560	39.1246008873	3	1	3	1
1	"1"	"1"	1	FALSE	0	90	100	0	0	3.42901103761e-14	560	39.1579740047	3	1	3	1
1	"1"	"1"	1	FALSE	0	90	100	0	0	3.42901103761e-14	560	39.1912999153	3	1	3	1
1	"1"	"1"	1	FALSE	0	90	100	0	0	3.42901103761e-14	560	39.2247560024	3	1	3	1
1	"1"	"1"	1	FALSE	0	90	100	0	0	3.42901103761e-14	560	39.2580878735	3	1	3	1
1	"1"	"1"	1	FALSE	0	90	100	0	0	3.42901103761e-14	560	39.2914140224	3	1	3	1
1	"1"	"1"	1	FALSE	0	90	100	0	0	3.42901103761e-14	560	39.3249328136	3	1	3	1
1	"1"	"1"	1	FALSE	0	90	100	0	0	3.42901103761e-14	560	39.3581500053	3	1	3	1
1	"1"	"1"	1	FALSE	0	90	100	0	0	3.42901103761e-14	560	39.3915998936	3	1	3	1
1	"1"	"1"	1	FALSE	0	90	100	0	0	3.42901103761e-14	560	39.4249010086	3	1	3	1
1	"1"	"1"	1	FALSE	0	90	100	0	0	3.42901103761e-14	560	39.4581198692	3	1	3	1
1	"1"	"1"	1	FALSE	0	90	100	0	0	3.42901103761e-14	560	39.4913477898	3	1	3	1
1	"1"	"1"	1	FALSE	0	90	100	0	0	3.42901103761e-14	560	39.5247628689	3	1	3	1
1	"1"	"1"	1	FALSE	0	90	100	0	0	3.42901103761e-14	560	39.5584309101	3	1	3	1
1	"1"	"1"	1	FALSE	0	90	100	0	0	3.42901103761e-14	560	39.5917949677	3	1	3	1
1	"1"	"1"	1	FALSE	0	90	100	0	0	3.42901103761e-14	560	39.6250460148	3	1	3	1
1	"1"	"1"	1	FALSE	0	90	100	0	0	3.42901103761e-14	560	39.6583578587	3	1	3	1
1	"1"	"1"	1	FALSE	0	90	100	0	0	3.42901103761e-14	560	39.6917598248	3	1	3	1
1	"1"	"1"	1	FALSE	0	90	100	0	0	3.42901103761e-14	560	39.7251608372	3	1	3	1
1	"1"	"1"	1	FALSE	0	90	100	0	0	3.42901103761e-14	560	39.7584848404	3	1	3	1
1	"1"	"1"	1	FALSE	0	90	100	0	0	3.42901103761e-14	560	39.7919149399	3	1	3	1
1	"1"	"1"	1	FALSE	0	90	100	0	0	3.42901103761e-14	560	39.8251738548	3	1	3	1
1	"1"	"1"	1	FALSE	0	90	100	0	0	3.42901103761e-14	560	39.8585658073	3	1	3	1
1	"1"	"1"	1	FALSE	0	90	100	0	0	3.42901103761e-14	560	39.8919858932	3	1	3	1
1	"1"	"1"	1	FALSE	0	90	100	0	0	3.42901103761e-14	560	39.9252989292	3	1	3	1
1	"1"	"1"	1	FALSE	0	90	100	0	0	3.42901103761e-14	560	39.9585859776	3	1	3	1
1	"1"	"1"	1	FALSE	0	90	100	0	0	3.42901103761e-14	560	39.9920179844	3	1	3	1
1	"1"	"1"	1	FALSE	0	90	100	0	0	3.42901103761e-14	560	40.0254290104	3	1	3	1
1	"1"	"1"	1	FALSE	0	90	100	0	0	3.42901103761e-14	560	40.0587220192	3	1	3	1
1	"1"	"1"	1	FALSE	0	90	100	0	0	3.42901103761e-14	560	40.0921168327	3	1	3	1
1	"1"	"1"	1	FALSE	0	90	100	0	0	3.42901103761e-14	560	40.1255059242	3	1	3	1
1	"1"	"1"	1	FALSE	0	90	100	0	0	3.42901103761e-14	560	40.1586937904	3	1	3	1
1	"1"	"1"	1	FALSE	0	90	100	0	0	3.42901103761e-14	560	40.1921758652	3	1	3	1
1	"1"	"1"	1	FALSE	0	90	100	0	0	3.42901103761e-14	560	40.2248978615	3	1	3	1
1	"1"	"1"	1	FALSE	0	90	100	0	0	3.42901103761e-14	560	40.258908987	3	1	3	1
1	"1"	"1"	1	FALSE	0	90	100	0	0	3.42901103761e-14	560	40.2922759056	3	1	3	1
1	"1"	"1"	1	FALSE	0	90	100	0	0	3.42901103761e-14	560	40.3251769543	3	1	3	1
1	"1"	"1"	1	FALSE	0	90	100	0	0	3.42901103761e-14	560	40.359030962	3	1	3	1
1	"1"	"1"	1	FALSE	0	90	100	0	0	3.42901103761e-14	560	40.3917279243	3	1	3	1
1	"1"	"1"	1	FALSE	0	90	100	0	0	3.42901103761e-14	560	40.4257118702	3	1	3	1
1	"1"	"1"	1	FALSE	0	90	100	0	0	3.42901103761e-14	560	40.458920002	3	1	3	1
1	"1"	"1"	1	FALSE	0	90	100	0	0	3.42901103761e-14	560	40.492390871	3	1	3	1
1	"1"	"1"	1	FALSE	0	90	100	0	0	3.42901103761e-14	560	40.5257029533	3	1	3	1
1	"1"	"1"	1	FALSE	0	90	100	0	0	3.42901103761e-14	560	40.5591738224	3	1	3	1
1	"1"	"1"	1	FALSE	0	90	100	0	0	3.42901103761e-14	560	40.5925137997	3	1	3	1
1	"1"	"1"	1	FALSE	0	90	100	0	0	3.42901103761e-14	560	40.6259248257	3	1	3	1
1	"1"	"1"	1	FALSE	0	90	100	0	0	3.42901103761e-14	560	40.6591808796	3	1	3	1
1	"1"	"1"	1	FALSE	0	90	100	0	0	3.42901103761e-14	560	40.6924769878	3	1	3	1
1	"1"	"1"	1	FALSE	0	90	100	0	0	3.42901103761e-14	560	40.7252578735	3	1	3	1
1	"1"	"1"	1	FALSE	0	90	100	0	0	3.42901103761e-14	560	40.7592978477	3	1	3	1
1	"1"	"1"	1	FALSE	0	90	100	0	0	3.42901103761e-14	560	40.7926309109	3	1	3	1
1	"1"	"1"	1	FALSE	0	90	100	0	0	3.42901103761e-14	560	40.8260419369	3	1	3	1
1	"1"	"1"	1	FALSE	0	90	100	0	0	3.42901103761e-14	560	40.8593239784	3	1	3	1
1	"1"	"1"	1	FALSE	0	90	100	0	0	3.42901103761e-14	560	40.892583847	3	1	3	1
1	"1"	"1"	1	FALSE	0	90	100	0	0	3.42901103761e-14	560	40.9256389141	3	1	3	1
1	"1"	"1"	1	FALSE	0	90	100	0	0	3.42901103761e-14	560	40.959458828	3	1	3	1
1	"1"	"1"	1	FALSE	0	90	100	0	0	3.42901103761e-14	560	40.9927799702	3	1	3	1
1	"1"	"1"	1	FALSE	0	90	100	0	0	3.42901103761e-14	560	41.026113987	3	1	3	1
1	"1"	"1"	1	FALSE	0	90	100	0	0	3.42901103761e-14	560	41.0595510006	3	1	3	1
1	"1"	"1"	1	FALSE	0	90	100	0	0	3.42901103761e-14	560	41.0922570229	3	1	3	1
1	"1"	"1"	1	FALSE	0	90	100	0	0	3.42901103761e-14	560	41.1262018681	3	1	3	1
1	"1"	"1"	1	FALSE	0	90	100	0	0	3.42901103761e-14	560	41.1595478058	3	1	3	1
1	"1"	"1"	1	FALSE	0	90	100	0	0	3.42901103761e-14	560	41.1928319931	3	1	3	1
1	"1"	"1"	1	FALSE	0	90	100	0	0	3.42901103761e-14	560	41.2261989117	3	1	3	1
1	"1"	"1"	1	FALSE	0	90	100	0	0	3.42901103761e-14	560	41.2589828968	3	1	3	1
1	"1"	"1"	1	FALSE	0	90	100	0	0	3.42901103761e-14	560	41.2930958271	3	1	3	1
1	"1"	"1"	1	FALSE	0	90	100	0	0	3.42901103761e-14	560	41.3262879848	3	1	3	1
1	"1"	"1"	1	FALSE	0	90	100	0	0	3.42901103761e-14	560	41.3591418266	3	1	3	1
1	"1"	"1"	1	FALSE	0	90	100	0	0	3.42901103761e-14	560	41.3930408955	3	1	3	1
1	"1"	"1"	1	FALSE	0	90	100	0	0	3.42901103761e-14	560	41.4265007973	3	1	3	1
1	"1"	"1"	1	FALSE	0	90	100	0	0	3.42901103761e-14	560	41.459446907	3	1	3	1
1	"1"	"1"	1	FALSE	0	90	100	0	0	3.42901103761e-14	560	41.4932568073	3	1	3	1
1	"1"	"1"	1	FALSE	0	90	100	0	0	3.42901103761e-14	560	41.526417017	3	1	3	1
1	"1"	"1"	1	FALSE	0	90	100	0	0	3.42901103761e-14	560	41.5594398975	3	1	3	1
1	"1"	"1"	1	FALSE	0	90	100	0	0	3.42901103761e-14	560	41.5932388306	3	1	3	1
1	"1"	"1"	1	FALSE	0	90	100	0	0	3.42901103761e-14	560	41.6265478134	3	1	3	1
1	"1"	"1"	1	FALSE	0	90	100	0	0	3.42901103761e-14	560	41.659681797	3	1	3	1
1	"1"	"1"	1	FALSE	0	90	100	0	0	3.42901103761e-14	560	41.6933410168	3	1	3	1
1	"1"	"1"	1	FALSE	0	90	100	0	0	3.42901103761e-14	560	41.7266769409	3	1	3	1
1	"1"	"1"	1	FALSE	0	90	100	0	0	3.42901103761e-14	560	41.7595620155	3	1	3	1
1	"1"	"1"	1	FALSE	0	90	100	0	0	3.42901103761e-14	560	41.7933700085	3	1	3	1
1	"1"	"1"	1	FALSE	0	90	100	0	0	3.42901103761e-14	560	41.8267858028	3	1	3	1
1	"1"	"1"	1	FALSE	0	90	100	0	0	3.42901103761e-14	560	41.8596098423	3	1	3	1
1	"1"	"1"	1	FALSE	0	90	100	0	0	3.42901103761e-14	560	41.8935639858	3	1	3	1
1	"1"	"1"	1	FALSE	0	90	100	0	0	3.42901103761e-14	560	41.9267408848	3	1	3	1
1	"1"	"1"	1	FALSE	0	90	100	0	0	3.42901103761e-14	560	41.9597458839	3	1	3	1
1	"1"	"1"	1	FALSE	0	90	100	0	0	3.42901103761e-14	560	41.9929788113	3	1	3	1
1	"1"	"1"	1	FALSE	0	90	100	0	0	3.42901103761e-14	560	42.0262248516	3	1	3	1
1	"1"	"1"	1	FALSE	0	90	100	0	0	3.42901103761e-14	560	42.0601899624	3	1	3	1
1	"1"	"1"	1	FALSE	0	90	100	0	0	3.42901103761e-14	560	42.0936989784	3	1	3	1
1	"1"	"1"	1	FALSE	0	90	100	0	0	3.42901103761e-14	560	42.1265428066	3	1	3	1
1	"1"	"1"	1	FALSE	0	90	100	0	0	3.42901103761e-14	560	42.1603050232	3	1	3	1
1	"1"	"1"	1	FALSE	0	90	100	0	0	3.42901103761e-14	560	42.1937639713	3	1	3	1
1	"1"	"1"	1	FALSE	0	90	100	0	0	3.42901103761e-14	560	42.2271428108	3	1	3	1
1	"1"	"1"	1	FALSE	0	90	100	0	0	3.42901103761e-14	560	42.2602148056	3	1	3	1
1	"1"	"1"	1	FALSE	0	90	100	0	0	3.42901103761e-14	560	42.2935888767	2	1	2	1
1	"1"	"1"	1	FALSE	0	90	100	0	0	3.42901103761e-14	560	42.3265500069	2	1	2	1
1	"1"	"1"	1	FALSE	0	90	100	0	0	3.42901103761e-14	560	42.3603789806	2	1	2	1
1	"1"	"1"	1	FALSE	0	90	100	0	0	3.42901103761e-14	560	42.3937540054	2	1	2	1
1	"1"	"1"	1	FALSE	0	90	100	0	0	3.42901103761e-14	560	42.4270758629	2	1	2	1
1	"1"	"1"	1	FALSE	0	90	100	0	0	3.42901103761e-14	560	42.4604887962	2	1	2	1
1	"1"	"1"	1	FALSE	0	90	100	0	0	3.42901103761e-14	560	42.4936668873	2	1	2	1
1	"1"	"1"	1	FALSE	0	90	100	0	0	3.42901103761e-14	560	42.5266799927	2	1	2	1
1	"1"	"1"	1	FALSE	0	90	100	0	0	3.42901103761e-14	560	42.5606658459	2	1	2	1
1	"1"	"1"	1	FALSE	0	90	100	0	0	3.42901103761e-14	560	42.594080925	2	1	2	1
1	"1"	"1"	1	FALSE	0	90	100	0	0	3.42901103761e-14	560	42.6274409294	2	1	2	1
1	"1"	"1"	1	FALSE	0	90	100	0	0	3.42901103761e-14	560	42.6607728004	2	1	2	1
1	"1"	"1"	1	FALSE	0	90	100	0	0	3.42901103761e-14	560	42.6941587925	2	1	2	1
1	"1"	"1"	1	FALSE	0	90	100	0	0	3.42901103761e-14	560	42.7275018692	2	1	2	1
1	"1"	"1"	1	FALSE	0	90	100	0	0	3.42901103761e-14	560	42.760365963	2	1	2	1
1	"1"	"1"	1	FALSE	0	90	100	0	0	3.42901103761e-14	560	42.7936358452	2	1	2	1
1	"1"	"1"	1	FALSE	0	90	100	0	0	3.42901103761e-14	560	42.8269178867	2	1	2	1
1	"1"	"1"	1	FALSE	0	90	100	0	0	3.42901103761e-14	560	42.8605179787	2	0	2	0
1	"1"	"1"	1	FALSE	0	90	100	0	0	3.42901103761e-14	560	42.8942987919	2	0	2	0
1	"1"	"1"	1	FALSE	0	90	100	0	0	3.42901103761e-14	560	42.9269948006	2	1	2	1
1	"1"	"1"	1	FALSE	0	90	100	0	0	3.42901103761e-14	560	42.9608709812	2	1	2	1
1	"1"	"1"	1	FALSE	0	90	100	0	0	3.42901103761e-14	560	42.9943299294	2	1	2	1
1	"1"	"1"	1	FALSE	0	90	100	0	0	3.42901103761e-14	560	43.0270588398	2	1	2	1
1	"1"	"1"	1	FALSE	0	90	100	0	0	3.42901103761e-14	560	43.0610768795	2	1	2	1
1	"1"	"1"	1	FALSE	0	90	100	0	0	3.42901103761e-14	560	43.0942900181	2	1	2	1
1	"1"	"1"	1	FALSE	0	90	100	0	0	3.42901103761e-14	560	43.1272389889	2	1	2	1
1	"1"	"1"	1	FALSE	0	90	100	0	0	3.42901103761e-14	560	43.1610369682	2	1	2	1
1	"1"	"1"	1	FALSE	0	90	100	0	0	3.42901103761e-14	560	43.1944618225	2	1	2	1
1	"1"	"1"	1	FALSE	0	90	100	0	0	3.42901103761e-14	560	43.2278950214	2	1	2	1
1	"1"	"1"	1	FALSE	0	90	100	0	0	3.42901103761e-14	560	43.2605729103	2	1	2	1
1	"1"	"1"	1	FALSE	0	90	100	0	0	3.42901103761e-14	560	43.2946050167	2	1	2	1
1	"1"	"1"	1	FALSE	0	90	100	0	0	3.42901103761e-14	560	43.3279240131	2	1	2	1
1	"1"	"1"	1	FALSE	0	90	100	0	0	3.42901103761e-14	560	43.3606657982	2	1	2	1
1	"1"	"1"	1	FALSE	0	90	100	0	0	3.42901103761e-14	560	43.3946788311	2	1	2	1
1	"1"	"1"	1	FALSE	0	90	100	0	0	3.42901103761e-14	560	43.4280438423	2	1	2	1
1	"1"	"1"	1	FALSE	0	90	100	0	0	3.42901103761e-14	560	43.4612219334	2	1	2	1
1	"1"	"1"	1	FALSE	0	90	100	0	0	3.42901103761e-14	560	43.4941678047	2	1	2	1
1	"1"	"1"	1	FALSE	0	90	100	0	0	3.42901103761e-14	560	43.5281689167	2	1	2	1
1	"1"	"1"	1	FALSE	0	90	100	0	0	3.42901103761e-14	560	43.561319828	2	1	2	1
1	"1"	"1"	1	FALSE	0	90	100	0	0	3.42901103761e-14	560	43.5942378044	2	1	2	1
1	"1"	"1"	1	FALSE	0	90	100	0	0	3.42901103761e-14	560	43.6281459332	2	1	2	1
1	"1"	"1"	1	FALSE	0	90	100	0	0	3.42901103761e-14	560	43.661441803	2	1	2	1
1	"1"	"1"	1	FALSE	0	90	100	0	0	3.42901103761e-14	560	43.6949129105	2	1	2	1
1	"1"	"1"	1	FALSE	0	90	100	0	0	3.42901103761e-14	560	43.7282500267	2	1	2	1
1	"1"	"1"	1	FALSE	0	90	100	0	0	3.42901103761e-14	560	43.7614679337	2	1	2	1
1	"1"	"1"	1	FALSE	0	90	100	0	0	3.42901103761e-14	560	43.7943058014	2	1	2	1
1	"1"	"1"	1	FALSE	0	90	100	0	0	3.42901103761e-14	560	43.8283720016	3	0	3	0
1	"1"	"1"	1	FALSE	0	90	100	0	0	3.42901103761e-14	560	43.8616628647	3	0	3	0
1	"1"	"1"	1	FALSE	0	90	100	0	0	3.42901103761e-14	560	43.8946800232	3	0	3	0
1	"1"	"1"	1	FALSE	0	90	100	0	0	3.42901103761e-14	560	43.9284880161	3	0	3	0
1	"1"	"1"	1	FALSE	0	90	100	0	0	3.42901103761e-14	560	43.961815834	3	0	3	0
1	"1"	"1"	1	FALSE	0	90	100	0	0	3.42901103761e-14	560	43.995071888	3	0	3	0
1	"1"	"1"	1	FALSE	0	90	100	0	0	3.42901103761e-14	560	44.0284478664	3	0	3	0
1	"1"	"1"	1	FALSE	0	90	100	0	0	3.42901103761e-14	560	44.0618228912	3	0	3	0
1	"1"	"1"	1	FALSE	0	90	100	0	0	3.42901103761e-14	560	44.0945699215	3	0	3	0
1	"1"	"1"	1	FALSE	0	90	100	0	0	3.42901103761e-14	560	44.1286399364	3	0	3	0
1	"1"	"1"	1	FALSE	0	90	100	0	0	3.42901103761e-14	560	44.1619029045	3	0	3	0
1	"1"	"1"	1	FALSE	0	90	100	0	0	3.42901103761e-14	560	44.195212841	3	0	3	0
1	"1"	"1"	1	FALSE	0	90	100	0	0	3.42901103761e-14	560	44.228427887	3	1	3	1
1	"1"	"1"	1	FALSE	0	90	100	0	0	3.42901103761e-14	560	44.2614808083	3	1	3	1
1	"1"	"1"	1	FALSE	0	90	100	0	0	3.42901103761e-14	560	44.2948169708	3	1	3	1
1	"1"	"1"	1	FALSE	0	90	100	0	0	3.42901103761e-14	560	44.3286969662	3	1	3	1
1	"1"	"1"	1	FALSE	0	90	100	0	0	3.42901103761e-14	560	44.362128973	3	1	3	1
1	"1"	"1"	1	FALSE	0	90	100	0	0	3.42901103761e-14	560	44.3949649334	3	1	3	1
1	"1"	"1"	1	FALSE	0	90	100	0	0	3.42901103761e-14	560	44.4287228584	3	1	3	1
1	"1"	"1"	1	FALSE	0	90	100	0	0	3.42901103761e-14	560	44.4621419907	3	1	3	1
1	"1"	"1"	1	FALSE	0	90	100	0	0	3.42901103761e-14	560	44.4951059818	3	1	3	1
1	"1"	"1"	1	FALSE	0	90	100	0	0	3.42901103761e-14	560	44.5289328098	3	1	3	1
1	"1"	"1"	1	FALSE	0	90	100	0	0	3.42901103761e-14	560	44.5622398853	3	1	3	1
1	"1"	"1"	1	FALSE	0	90	100	0	0	3.42901103761e-14	560	44.5951828957	3	1	3	1
1	"1"	"1"	1	FALSE	0	90	100	0	0	3.42901103761e-14	560	44.6287310123	3	1	3	1
1	"1"	"1"	1	FALSE	0	90	100	0	0	3.42901103761e-14	560	44.6616477966	3	1	3	1
1	"1"	"1"	1	FALSE	0	90	100	0	0	3.42901103761e-14	560	44.6955699921	3	1	3	1
1	"1"	"1"	1	FALSE	0	90	100	0	0	3.42901103761e-14	560	44.7289829254	3	1	3	1
1	"1"	"1"	1	FALSE	0	90	100	0	0	3.42901103761e-14	560	44.7618618011	3	1	3	1
1	"1"	"1"	1	FALSE	0	90	100	0	0	3.42901103761e-14	560	44.7951388359	3	1	3	1
1	"1"	"1"	1	FALSE	0	90	100	0	0	3.42901103761e-14	560	44.8282899857	3	1	3	1
1	"1"	"1"	1	FALSE	0	90	100	0	0	3.42901103761e-14	560	44.8616678715	3	1	3	1
1	"1"	"1"	1	FALSE	0	90	100	0	0	3.42901103761e-14	560	44.8950119019	3	1	3	1
1	"1"	"1"	1	FALSE	0	90	100	0	0	3.42901103761e-14	560	44.9284009933	3	1	3	1
1	"1"	"1"	1	FALSE	0	90	100	0	0	3.42901103761e-14	560	44.9617369175	3	1	3	1
1	"1"	"1"	1	FALSE	0	90	100	0	0	3.42901103761e-14	560	44.9951269627	3	1	3	1
1	"1"	"1"	1	FALSE	0	90	100	0	0	3.42901103761e-14	560	45.02845788	2	1	2	1
1	"1"	"1"	1	FALSE	0	90	100	0	0	3.42901103761e-14	560	45.0618019104	2	1	2	1
1	"1"	"1"	1	FALSE	0	90	100	0	0	3.42901103761e-14	560	45.0951588154	2	1	2	1
1	"1"	"1"	1	FALSE	0	90	100	0	0	3.42901103761e-14	560	45.1285579205	2	1	2	1
1	"1"	"1"	1	FALSE	0	90	100	0	0	3.42901103761e-14	560	45.1619868279	2	0	2	0
1	"1"	"1"	1	FALSE	0	90	100	0	0	3.42901103761e-14	560	45.1953020096	2	0	2	0
1	"1"	"1"	1	FALSE	0	90	100	0	0	3.42901103761e-14	560	45.2286849022	2	0	2	0
1	"1"	"1"	1	FALSE	0	90	100	0	0	3.42901103761e-14	560	45.2620069981	2	1	2	1
1	"1"	"1"	1	FALSE	0	90	100	0	0	3.42901103761e-14	560	45.2955038548	2	1	2	1
1	"1"	"1"	1	FALSE	0	90	100	0	0	3.42901103761e-14	560	45.3289208412	2	1	2	1
1	"1"	"1"	1	FALSE	0	90	100	0	0	3.42901103761e-14	560	45.3621668816	2	1	2	1
1	"1"	"1"	1	FALSE	0	90	100	0	0	3.42901103761e-14	560	45.395428896	2	1	2	1
1	"1"	"1"	1	FALSE	0	90	100	0	0	3.42901103761e-14	560	45.4287559986	2	1	2	1
1	"1"	"1"	1	FALSE	0	90	100	0	0	3.42901103761e-14	560	45.4627218246	2	1	2	1
1	"1"	"1"	1	FALSE	0	90	100	0	0	3.42901103761e-14	560	45.4961998463	2	1	2	1
1	"1"	"1"	1	FALSE	0	90	100	0	0	3.42901103761e-14	560	45.5296139717	2	1	2	1
1	"1"	"1"	1	FALSE	0	90	100	0	0	3.42901103761e-14	560	45.5624058247	2	1	2	1
1	"1"	"1"	1	FALSE	0	90	100	0	0	3.42901103761e-14	560	45.5963659286	2	1	2	1
1	"1"	"1"	1	FALSE	0	90	100	0	0	3.42901103761e-14	560	45.629598856	2	1	2	1
1	"1"	"1"	1	FALSE	0	90	100	0	0	3.42901103761e-14	560	45.6625039577	2	1	2	1
1	"1"	"1"	1	FALSE	0	90	100	0	0	3.42901103761e-14	560	45.6963398457	2	1	2	1
1	"1"	"1"	1	FALSE	0	90	100	0	0	3.42901103761e-14	560	45.7297668457	2	1	2	1
1	"1"	"1"	1	FALSE	0	90	100	0	0	3.42901103761e-14	560	45.7631788254	2	1	2	1
1	"1"	"1"	1	FALSE	0	90	100	0	0	3.42901103761e-14	560	45.7962479591	2	1	2	1
1	"1"	"1"	1	FALSE	0	90	100	0	0	3.42901103761e-14	560	45.829777956	3	1	3	1
1	"1"	"1"	1	FALSE	0	90	100	0	0	3.42901103761e-14	560	45.8625848293	3	1	3	1
1	"1"	"1"	1	FALSE	0	90	100	0	0	3.42901103761e-14	560	45.8967239857	3	1	3	1
1	"1"	"1"	1	FALSE	0	90	100	0	0	3.42901103761e-14	560	45.9299328327	3	1	3	1
1	"1"	"1"	1	FALSE	0	90	100	0	0	3.42901103761e-14	560	45.9633688927	3	1	3	1
1	"1"	"1"	1	FALSE	0	90	100	0	0	3.42901103761e-14	560	45.9960939884	3	1	3	1
1	"1"	"1"	1	FALSE	0	90	100	0	0	3.42901103761e-14	560	46.0300469398	3	1	3	1
1	"1"	"1"	1	FALSE	0	90	100	0	0	3.42901103761e-14	560	46.0632348061	3	1	3	1
1	"1"	"1"	1	FALSE	0	90	100	0	0	3.42901103761e-14	560	46.0961148739	3	1	3	1
1	"1"	"1"	1	FALSE	0	90	100	0	0	3.42901103761e-14	560	46.1301419735	3	1	3	1
1	"1"	"1"	1	FALSE	0	90	100	0	0	3.42901103761e-14	560	46.1634428501	3	1	3	1
1	"1"	"1"	1	FALSE	0	90	100	0	0	3.42901103761e-14	560	46.1962308884	3	1	3	1
1	"1"	"1"	1	FALSE	0	90	100	0	0	3.42901103761e-14	560	46.2302279472	3	1	3	1
1	"1"	"1"	1	FALSE	0	90	100	0	0	3.42901103761e-14	560	46.2634890079	3	1	3	1
1	"1"	"1"	1	FALSE	0	90	100	0	0	3.42901103761e-14	560	46.2963049412	3	1	3	1
1	"1"	"1"	1	FALSE	0	90	100	0	0	3.42901103761e-14	560	46.3303189278	3	1	3	1
1	"1"	"1"	1	FALSE	0	90	100	0	0	3.42901103761e-14	560	46.3636858463	3	1	3	1
1	"1"	"1"	1	FALSE	0	90	100	0	0	3.42901103761e-14	560	46.3966379166	3	1	3	1
1	"1"	"1"	1	FALSE	0	90	100	0	0	3.42901103761e-14	560	46.4299299717	3	1	3	1
1	"1"	"1"	1	FALSE	0	90	100	0	0	3.42901103761e-14	560	46.4631938934	3	1	3	1
1	"1"	"1"	1	FALSE	0	90	100	0	0	3.42901103761e-14	560	46.4971048832	3	1	3	1
1	"1"	"1"	1	FALSE	0	90	100	0	0	3.42901103761e-14	560	46.5303108692	3	1	3	1
1	"1"	"1"	1	FALSE	0	90	100	0	0	3.42901103761e-14	560	46.5638198853	3	1	3	1
1	"1"	"1"	1	FALSE	0	90	100	0	0	3.42901103761e-14	560	46.5970959663	3	1	3	1
1	"1"	"1"	1	FALSE	0	90	100	0	0	3.42901103761e-14	560	46.629901886	3	1	3	1
1	"1"	"1"	1	FALSE	0	90	100	0	0	3.42901103761e-14	560	46.6638429165	3	1	3	1
1	"1"	"1"	1	FALSE	0	90	100	0	0	3.42901103761e-14	560	46.6972939968	3	1	3	1
1	"1"	"1"	1	FALSE	0	90	100	0	0	3.42901103761e-14	560	46.7305388451	3	1	3	1
1	"1"	"1"	1	FALSE	0	90	100	0	0	3.42901103761e-14	560	46.7638788223	3	1	3	1
1	"1"	"1"	1	FALSE	0	90	100	0	0	3.42901103761e-14	560	46.7971208096	3	1	3	1
1	"1"	"1"	1	FALSE	0	90	100	0	0	3.42901103761e-14	560	46.8305459023	3	1	3	1
1	"1"	"1"	1	FALSE	0	90	100	0	0	3.42901103761e-14	560	46.8639628887	3	1	3	1
1	"1"	"1"	1	FALSE	0	90	100	0	0	3.42901103761e-14	560	46.8973748684	3	1	3	1
1	"1"	"1"	1	FALSE	0	90	100	0	0	3.42901103761e-14	560	46.9303729534	3	1	3	1
1	"1"	"1"	1	FALSE	0	90	100	0	0	3.42901103761e-14	560	46.9641568661	3	1	3	1
1	"1"	"1"	1	FALSE	0	90	100	0	0	3.42901103761e-14	560	46.9973409176	3	1	3	1
1	"1"	"1"	1	FALSE	0	90	100	0	0	3.42901103761e-14	560	47.0307569504	3	1	3	1
1	"1"	"1"	1	FALSE	0	90	100	0	0	3.42901103761e-14	560	47.0640218258	3	1	3	1
1	"1"	"1"	1	FALSE	0	90	100	0	0	3.42901103761e-14	560	47.0971529484	3	1	3	1
1	"1"	"1"	1	FALSE	0	90	100	0	0	3.42901103761e-14	560	47.1303977966	3	1	3	1
1	"1"	"1"	1	FALSE	0	90	100	0	0	3.42901103761e-14	560	47.1636400223	3	1	3	1
1	"1"	"1"	1	FALSE	0	90	100	0	0	3.42901103761e-14	560	47.1969258785	3	1	3	1
1	"1"	"1"	1	FALSE	0	90	100	0	0	3.42901103761e-14	560	47.2309119701	3	1	3	1
1	"1"	"1"	1	FALSE	0	90	100	0	0	3.42901103761e-14	560	47.2642228603	3	1	3	1
1	"1"	"1"	1	FALSE	0	90	100	0	0	3.42901103761e-14	560	47.2971029282	3	1	3	1
1	"1"	"1"	1	FALSE	0	90	100	0	0	3.42901103761e-14	560	47.3308868408	3	1	3	1
1	"1"	"1"	1	FALSE	0	90	100	0	0	3.42901103761e-14	560	47.3643770218	3	1	3	1
1	"1"	"1"	1	FALSE	0	90	100	0	0	3.42901103761e-14	560	47.3972818851	3	1	3	1
1	"1"	"1"	1	FALSE	0	90	100	0	0	3.42901103761e-14	560	47.4305589199	3	1	3	1
1	"1"	"1"	1	FALSE	0	90	100	0	0	3.42901103761e-14	560	47.4638140202	3	1	3	1
1	"1"	"1"	1	FALSE	0	90	100	0	0	3.42901103761e-14	560	47.4976058006	3	1	3	1
1	"1"	"1"	1	FALSE	0	90	100	0	0	3.42901103761e-14	560	47.5312728882	2	1	2	1
1	"1"	"1"	1	FALSE	0	90	100	0	0	3.42901103761e-14	560	47.564442873	2	1	2	1
1	"1"	"1"	1	FALSE	0	90	100	0	0	3.42901103761e-14	560	47.5975439548	2	1	2	1
1	"1"	"1"	1	FALSE	0	90	100	0	0	3.42901103761e-14	560	47.6307268143	2	1	2	1
1	"1"	"1"	1	FALSE	0	90	100	0	0	3.42901103761e-14	560	47.6644239426	2	1	2	1
1	"1"	"1"	1	FALSE	0	90	100	0	0	3.42901103761e-14	560	47.6974389553	2	1	2	1
1	"1"	"1"	1	FALSE	0	90	100	0	0	3.42901103761e-14	560	47.7308228016	2	1	2	1
1	"1"	"1"	1	FALSE	0	90	100	0	0	3.42901103761e-14	560	47.7644159794	2	1	2	1
1	"1"	"1"	1	FALSE	0	90	100	0	0	3.42901103761e-14	560	47.7978928089	2	1	2	1
1	"1"	"1"	1	FALSE	0	90	100	0	0	3.42901103761e-14	560	47.8309109211	2	1	2	1
1	"1"	"1"	1	FALSE	0	90	100	0	0	3.42901103761e-14	560	47.8649189472	2	1	2	1
1	"1"	"1"	1	FALSE	0	90	100	0	0	3.42901103761e-14	560	47.8981800079	2	1	2	1
1	"1"	"1"	1	FALSE	0	90	100	0	0	3.42901103761e-14	560	47.931388855	2	1	2	1
1	"1"	"1"	1	FALSE	0	90	100	0	0	3.42901103761e-14	560	47.9648458958	2	1	2	1
1	"1"	"1"	1	FALSE	0	90	100	0	0	3.42901103761e-14	560	47.9981529713	2	1	2	1
1	"1"	"1"	1	FALSE	0	90	100	0	0	3.42901103761e-14	560	48.0311038494	2	1	2	1
1	"1"	"1"	1	FALSE	0	90	100	0	0	3.42901103761e-14	560	48.0649368763	2	1	2	1
1	"1"	"1"	1	FALSE	0	90	100	0	0	3.42901103761e-14	560	48.0981588364	2	1	2	1
1	"1"	"1"	1	FALSE	0	90	100	0	0	3.42901103761e-14	560	48.1310629845	2	1	2	1
1	"1"	"1"	1	FALSE	0	90	100	0	0	3.42901103761e-14	560	48.1650319099	2	1	2	1
1	"1"	"1"	1	FALSE	0	90	100	0	0	3.42901103761e-14	560	48.1983458996	2	1	2	1
1	"1"	"1"	1	FALSE	0	90	100	0	0	3.42901103761e-14	560	48.2311170101	2	1	2	1
1	"1"	"1"	1	FALSE	0	90	100	0	0	3.42901103761e-14	560	48.2651188374	2	1	2	1
1	"1"	"1"	1	FALSE	0	90	100	0	0	3.42901103761e-14	560	48.2983539104	2	1	2	1
1	"1"	"1"	1	FALSE	0	90	100	0	0	3.42901103761e-14	560	48.3311309814	2	1	2	1
1	"1"	"1"	1	FALSE	0	90	100	0	0	3.42901103761e-14	560	48.3652398586	2	0	2	0
1	"1"	"1"	1	FALSE	0	90	100	0	0	3.42901103761e-14	560	48.3985738754	2	0	2	0
1	"1"	"1"	1	FALSE	0	90	100	0	0	3.42901103761e-14	560	48.4315519333	2	0	2	0
1	"1"	"1"	1	FALSE	0	90	100	0	0	3.42901103761e-14	560	48.4652819633	2	0	2	0
1	"1"	"1"	1	FALSE	0	90	100	0	0	3.42901103761e-14	560	48.4983618259	2	0	2	0
1	"1"	"1"	1	FALSE	0	90	100	0	0	3.42901103761e-14	560	48.5319349766	2	0	2	0
1	"1"	"1"	1	FALSE	0	90	100	0	0	3.42901103761e-14	560	48.5653398037	2	0	2	0
1	"1"	"1"	1	FALSE	0	90	100	0	0	3.42901103761e-14	560	48.5980978012	2	0	2	0
1	"1"	"1"	1	FALSE	0	90	100	0	0	3.42901103761e-14	560	48.6320259571	2	0	2	0
1	"1"	"1"	1	FALSE	0	90	100	0	0	3.42901103761e-14	560	48.6654620171	2	0	2	0
1	"1"	"1"	1	FALSE	0	90	100	0	0	3.42901103761e-14	560	48.6986868382	2	0	2	0
1	"1"	"1"	1	FALSE	0	90	100	0	0	3.42901103761e-14	560	48.7320849895	2	0	2	0
1	"1"	"1"	1	FALSE	0	90	100	0	0	3.42901103761e-14	560	48.7648389339	2	0	2	0
1	"1"	"1"	1	FALSE	0	90	100	0	0	3.42901103761e-14	560	48.7989149094	2	0	2	0
1	"1"	"1"	1	FALSE	0	90	100	0	0	3.42901103761e-14	560	48.8321998119	2	0	2	0
1	"1"	"1"	1	FALSE	0	90	100	0	0	3.42901103761e-14	560	48.8650360107	2	0	2	0
1	"1"	"1"	1	FALSE	0	90	100	0	0	3.42901103761e-14	560	48.898914814	2	0	2	0
1	"1"	"1"	1	FALSE	0	90	100	0	0	3.42901103761e-14	560	48.9321269989	2	0	2	0
1	"1"	"1"	1	FALSE	0	90	100	0	0	3.42901103761e-14	560	48.9650018215	2	0	2	0
1	"1"	"1"	1	FALSE	0	90	100	0	0	3.42901103761e-14	560	48.9989199638	2	0	2	0
1	"1"	"1"	1	FALSE	0	90	100	0	0	3.42901103761e-14	560	49.0322740078	2	0	2	0
1	"1"	"1"	1	FALSE	0	90	100	0	0	3.42901103761e-14	560	49.0653820038	2	0	2	0
1	"1"	"1"	1	FALSE	0	90	100	0	0	3.42901103761e-14	560	49.09897089	2	0	2	0
1	"1"	"1"	1	FALSE	0	90	100	0	0	3.42901103761e-14	560	49.1323678493	2	0	2	0
1	"1"	"1"	1	FALSE	0	90	100	0	0	3.42901103761e-14	560	49.1656899452	2	0	2	0
1	"1"	"1"	1	FALSE	0	90	100	0	0	3.42901103761e-14	560	49.1985259056	2	0	2	0
1	"1"	"1"	1	FALSE	0	90	100	0	0	3.42901103761e-14	560	49.2324647903	2	0	2	0
1	"1"	"1"	1	FALSE	0	90	100	0	0	3.42901103761e-14	560	49.2657258511	2	0	2	0
1	"1"	"1"	1	FALSE	0	90	100	0	0	3.42901103761e-14	560	49.2985188961	2	0	2	0
1	"1"	"1"	1	FALSE	0	90	100	0	0	3.42901103761e-14	560	49.3324959278	2	0	2	0
1	"1"	"1"	1	FALSE	0	90	100	0	0	3.42901103761e-14	560	49.3660128117	2	0	2	0
1	"1"	"1"	1	FALSE	0	90	100	0	0	3.42901103761e-14	560	49.3992078304	2	0	2	0
1	"1"	"1"	1	FALSE	0	90	100	0	0	3.42901103761e-14	560	49.4326448441	2	0	2	0
1	"1"	"1"	1	FALSE	0	90	100	0	0	3.42901103761e-14	560	49.4660959244	2	0	2	0
1	"1"	"1"	1	FALSE	0	90	100	0	0	3.42901103761e-14	560	49.4994719028	2	0	2	0
1	"1"	"1"	1	FALSE	0	90	100	0	0	3.42901103761e-14	560	49.5327749252	2	0	2	0
1	"1"	"1"	1	FALSE	0	90	100	0	0	3.42901103761e-14	560	49.5661330223	2	0	2	0
1	"1"	"1"	1	FALSE	0	90	100	0	0	3.42901103761e-14	560	49.5994617939	2	0	2	0
1	"1"	"1"	1	FALSE	0	90	100	0	0	3.42901103761e-14	560	49.6328878403	2	0	2	0
1	"1"	"1"	1	FALSE	0	90	100	0	0	3.42901103761e-14	560	49.6662249565	2	0	2	0
1	"1"	"1"	1	FALSE	0	90	100	0	0	3.42901103761e-14	560	49.6995909214	2	0	2	0
1	"1"	"1"	1	FALSE	0	90	100	0	0	3.42901103761e-14	560	49.7329599857	2	0	2	0
1	"1"	"1"	1	FALSE	0	90	100	0	0	3.42901103761e-14	560	49.7659788132	2	0	2	0
1	"1"	"1"	1	FALSE	0	90	100	0	0	3.42901103761e-14	560	49.7995219231	2	0	2	0
1	"1"	"1"	1	FALSE	0	90	100	0	0	3.42901103761e-14	560	49.8330719471	2	0	2	0
1	"1"	"1"	1	FALSE	0	90	100	0	0	3.42901103761e-14	560	49.8662438393	2	0	2	0
1	"1"	"1"	1	FALSE	0	90	100	0	0	3.42901103761e-14	560	49.8998010159	2	0	2	0
1	"1"	"1"	1	FALSE	0	90	100	0	0	3.42901103761e-14	560	49.9331269264	2	0	2	0
1	"1"	"1"	1	FALSE	0	90	100	0	0	3.42901103761e-14	560	49.9664008617	2	0	2	0
1	"1"	"1"	1	FALSE	0	90	100	0	0	3.42901103761e-14	560	49.9997918606	2	0	2	0
1	"1"	"1"	1	FALSE	0	90	100	0	0	3.42901103761e-14	560	50.0330758095	2	0	2	0
1	"1"	"1"	1	FALSE	0	90	100	0	0	3.42901103761e-14	560	50.0665040016	2	0	2	0
1	"1"	"1"	1	FALSE	0	90	100	0	0	3.42901103761e-14	560	50.0998048782	2	0	2	0
1	"1"	"1"	1	FALSE	0	90	100	0	0	3.42901103761e-14	560	50.1331329346	2	0	2	0
1	"1"	"1"	1	FALSE	0	90	100	0	0	3.42901103761e-14	560	50.1666009426	2	0	2	0
1	"1"	"1"	1	FALSE	0	90	100	0	0	3.42901103761e-14	560	50.199903965	2	0	2	0
1	"1"	"1"	1	FALSE	0	90	100	0	0	3.42901103761e-14	560	50.2332949638	2	0	2	0
1	"1"	"1"	1	FALSE	0	90	100	0	0	3.42901103761e-14	560	50.2666900158	2	0	2	0
1	"1"	"1"	1	FALSE	0	90	100	0	0	3.42901103761e-14	560	50.2999789715	2	0	2	0
1	"1"	"1"	1	FALSE	0	90	100	0	0	3.42901103761e-14	560	50.3333148956	2	0	2	0
1	"1"	"1"	1	FALSE	0	90	100	0	0	3.42901103761e-14	560	50.3667678833	2	0	2	0
1	"1"	"1"	1	FALSE	0	90	100	0	0	3.42901103761e-14	560	50.4000208378	2	0	2	0
1	"1"	"1"	1	FALSE	0	90	100	0	0	3.42901103761e-14	560	50.4328799248	2	0	2	0
1	"1"	"1"	1	FALSE	0	90	100	0	0	3.42901103761e-14	560	50.4668898582	2	0	2	0
1	"1"	"1"	1	FALSE	0	90	100	0	0	3.42901103761e-14	560	50.5002019405	2	0	2	0
1	"1"	"1"	1	FALSE	0	90	100	0	0	3.42901103761e-14	560	50.5334639549	2	0	2	0
1	"1"	"1"	1	FALSE	0	90	100	0	0	3.42901103761e-14	560	50.5662219524	2	0	2	0
1	"1"	"1"	1	FALSE	0	90	100	0	0	3.42901103761e-14	560	50.5996890068	2	0	2	0
1	"1"	"1"	1	FALSE	0	90	100	0	0	3.42901103761e-14	560	50.6328999996	2	0	2	0
1	"1"	"1"	1	FALSE	0	90	100	0	0	3.42901103761e-14	560	50.666246891	2	0	2	0
1	"1"	"1"	1	FALSE	0	90	100	0	0	3.42901103761e-14	560	50.7000977993	2	0	2	0
1	"1"	"1"	1	FALSE	0	90	100	0	0	3.42901103761e-14	560	50.7336578369	2	0	2	0
1	"1"	"1"	1	FALSE	0	90	100	0	0	3.42901103761e-14	560	50.7670328617	2	0	2	0
1	"1"	"1"	1	FALSE	0	90	100	0	0	3.42901103761e-14	560	50.8000848293	2	0	2	0
1	"1"	"1"	1	FALSE	0	90	100	0	0	3.42901103761e-14	560	50.8339219093	2	0	2	0
1	"1"	"1"	1	FALSE	0	90	100	0	0	3.42901103761e-14	560	50.8671889305	2	0	2	0
1	"1"	"1"	1	FALSE	0	90	100	0	0	3.42901103761e-14	560	50.9003288746	2	0	2	0
1	"1"	"1"	1	FALSE	0	90	100	0	0	3.42901103761e-14	560	50.9337198734	2	0	2	0
1	"1"	"1"	1	FALSE	0	90	100	0	0	3.42901103761e-14	560	50.9670338631	2	0	2	0
1	"1"	"1"	1	FALSE	0	90	100	0	0	3.42901103761e-14	560	51.0002188683	2	0	2	0
1	"1"	"1"	1	FALSE	0	90	100	0	0	3.42901103761e-14	560	51.033962965	2	0	2	0
1	"1"	"1"	1	FALSE	0	90	100	0	0	3.42901103761e-14	560	51.0672888756	2	0	2	0
1	"1"	"1"	1	FALSE	0	90	100	0	0	3.42901103761e-14	560	51.1002328396	2	0	2	0
1	"1"	"1"	1	FALSE	0	90	100	0	0	3.42901103761e-14	560	51.1338968277	2	0	2	0
1	"1"	"1"	1	FALSE	0	90	100	0	0	3.42901103761e-14	560	51.1672239304	2	0	2	0
1	"1"	"1"	1	FALSE	0	90	100	0	0	3.42901103761e-14	560	51.20023489	2	0	2	0
1	"1"	"1"	1	FALSE	0	90	100	0	0	3.42901103761e-14	560	51.2340888977	2	0	2	0
1	"1"	"1"	1	FALSE	0	90	100	0	0	3.42901103761e-14	560	51.2674489021	2	0	2	0
1	"1"	"1"	1	FALSE	0	90	100	0	0	3.42901103761e-14	560	51.3004589081	2	0	2	0
1	"1"	"1"	1	FALSE	0	90	100	0	0	3.42901103761e-14	560	51.334196806	2	0	2	0
1	"1"	"1"	1	FALSE	0	90	100	0	0	3.42901103761e-14	560	51.3671569824	2	0	2	0
1	"1"	"1"	1	FALSE	0	90	100	0	0	3.42901103761e-14	560	51.4007778168	2	0	2	0
1	"1"	"1"	1	FALSE	0	90	100	0	0	3.42901103761e-14	560	51.4342079163	2	0	2	0
1	"1"	"1"	1	FALSE	0	90	100	0	0	3.42901103761e-14	560	51.4674959183	2	0	2	0
1	"1"	"1"	1	FALSE	0	90	100	0	0	3.42901103761e-14	560	51.5007948875	2	0	2	0
1	"1"	"1"	1	FALSE	0	90	100	0	0	3.42901103761e-14	560	51.5342769623	2	0	2	0
1	"1"	"1"	1	FALSE	0	90	100	0	0	3.42901103761e-14	560	51.567677021	2	0	2	0
1	"1"	"1"	1	FALSE	0	90	100	0	0	3.42901103761e-14	560	51.6009719372	2	0	2	0
1	"1"	"1"	1	FALSE	0	90	100	0	0	3.42901103761e-14	560	51.6344339848	2	0	2	0
1	"1"	"1"	1	FALSE	0	90	100	0	0	3.42901103761e-14	560	51.6678318977	2	0	2	0
1	"1"	"1"	1	FALSE	0	90	100	0	0	3.42901103761e-14	560	51.7011477947	2	0	2	0
1	"1"	"1"	1	FALSE	0	90	100	0	0	3.42901103761e-14	560	51.7344717979	2	0	2	0
1	"1"	"1"	1	FALSE	0	90	100	0	0	3.42901103761e-14	560	51.7678859234	2	0	2	0
1	"1"	"1"	1	FALSE	0	90	100	0	0	3.42901103761e-14	560	51.8011989594	2	0	2	0
1	"1"	"1"	1	FALSE	0	90	100	0	0	3.42901103761e-14	560	51.8345849514	2	0	2	0
1	"1"	"1"	1	FALSE	0	90	100	0	0	3.42901103761e-14	560	51.8673899174	2	0	2	0
1	"1"	"1"	1	FALSE	0	90	100	0	0	3.42901103761e-14	560	51.9009559155	2	0	2	0
1	"1"	"1"	1	FALSE	0	90	100	0	0	3.42901103761e-14	560	51.9346699715	2	0	2	0
1	"1"	"1"	1	FALSE	0	90	100	0	0	3.42901103761e-14	560	51.9680268764	2	0	2	0
1	"1"	"1"	1	FALSE	0	90	100	0	0	3.42901103761e-14	560	52.0009469986	2	0	2	0
1	"1"	"1"	1	FALSE	0	90	100	0	0	3.42901103761e-14	560	52.0347709656	2	0	2	0
1	"1"	"1"	1	FALSE	0	90	100	0	0	3.42901103761e-14	560	52.067458868	2	0	2	0
1	"1"	"1"	1	FALSE	0	90	100	0	0	3.42901103761e-14	560	52.1013519764	2	0	2	0
1	"1"	"1"	1	FALSE	0	90	100	0	0	3.42901103761e-14	560	52.1348907948	2	0	2	0
1	"1"	"1"	1	FALSE	0	90	100	0	0	3.42901103761e-14	560	52.1676278114	2	0	2	0
1	"1"	"1"	1	FALSE	0	90	100	0	0	3.42901103761e-14	560	52.2015798092	2	0	2	0
1	"1"	"1"	1	FALSE	0	90	100	0	0	3.42901103761e-14	560	52.2348358631	2	0	2	0
1	"1"	"1"	1	FALSE	0	90	100	0	0	3.42901103761e-14	560	52.2675948143	2	0	2	0
1	"1"	"1"	1	FALSE	0	90	100	0	0	3.42901103761e-14	560	52.301669836	2	0	2	0
1	"1"	"1"	1	FALSE	0	90	100	0	0	3.42901103761e-14	560	52.3349809647	2	0	2	0
1	"1"	"1"	1	FALSE	0	90	100	0	0	3.42901103761e-14	560	52.367939949	2	0	2	0
1	"1"	"1"	1	FALSE	0	90	100	0	0	3.42901103761e-14	560	52.4015808105	2	0	2	0
1	"1"	"1"	1	FALSE	0	90	100	0	0	3.42901103761e-14	560	52.4349639416	2	0	2	0
1	"1"	"1"	1	FALSE	0	90	100	0	0	3.42901103761e-14	560	52.4683389664	2	0	2	0
1	"1"	"1"	1	FALSE	0	90	100	0	0	3.42901103761e-14	560	52.5012218952	2	0	2	0
1	"1"	"1"	1	FALSE	0	90	100	0	0	3.42901103761e-14	560	52.5351378918	2	0	2	0
1	"1"	"1"	1	FALSE	0	90	100	0	0	3.42901103761e-14	560	52.5685060024	2	0	2	0
1	"1"	"1"	1	FALSE	0	90	100	0	0	3.42901103761e-14	560	52.6016659737	2	0	2	0
1	"1"	"1"	1	FALSE	0	90	100	0	0	3.42901103761e-14	560	52.6347129345	2	0	2	0
1	"1"	"1"	1	FALSE	0	90	100	0	0	3.42901103761e-14	560	52.6685948372	2	0	2	0
1	"1"	"1"	1	FALSE	0	90	100	0	0	3.42901103761e-14	560	52.7019109726	2	0	2	0
1	"1"	"1"	1	FALSE	0	90	100	0	0	3.42901103761e-14	560	52.7349369526	2	0	2	0
1	"1"	"1"	1	FALSE	0	90	100	0	0	3.42901103761e-14	560	52.7685859203	2	0	2	0
1	"1"	"1"	1	FALSE	0	90	100	0	0	3.42901103761e-14	560	52.8018348217	2	0	2	0
1	"1"	"1"	1	FALSE	0	90	100	0	0	3.42901103761e-14	560	52.835021019	2	0	2	0
1	"1"	"1"	1	FALSE	0	90	100	0	0	3.42901103761e-14	560	52.8685388565	2	0	2	0
1	"1"	"1"	1	FALSE	0	90	100	0	0	3.42901103761e-14	560	52.9020628929	2	0	2	0
1	"1"	"1"	1	FALSE	0	90	100	0	0	3.42901103761e-14	560	52.9354770184	2	0	2	0
1	"1"	"1"	1	FALSE	0	90	100	0	0	3.42901103761e-14	560	52.9686288834	2	0	2	0
1	"1"	"1"	1	FALSE	0	90	100	0	0	3.42901103761e-14	560	53.0017118454	2	0	2	0
1	"1"	"1"	1	FALSE	0	90	100	0	0	3.42901103761e-14	560	53.0348010063	2	0	2	0
1	"1"	"1"	1	FALSE	0	90	100	0	0	3.42901103761e-14	560	53.0688319206	2	0	2	0
1	"1"	"1"	1	FALSE	0	90	100	0	0	3.42901103761e-14	560	53.1022598743	2	0	2	0
1	"1"	"1"	1	FALSE	0	90	100	0	0	3.42901103761e-14	560	53.1352548599	2	0	2	0
1	"1"	"1"	1	FALSE	0	90	100	0	0	3.42901103761e-14	560	53.1687979698	2	0	2	0
1	"1"	"1"	1	FALSE	0	90	100	0	0	3.42901103761e-14	560	53.2019469738	2	0	2	0
1	"1"	"1"	1	FALSE	0	90	100	0	0	3.42901103761e-14	560	53.2355918884	2	0	2	0
1	"1"	"1"	1	FALSE	0	90	100	0	0	3.42901103761e-14	560	53.2688989639	2	0	2	0
1	"1"	"1"	1	FALSE	0	90	100	0	0	3.42901103761e-14	560	53.301733017	2	0	2	0
1	"1"	"1"	1	FALSE	0	90	100	0	0	3.42901103761e-14	560	53.3357899189	2	0	2	0
1	"1"	"1"	1	FALSE	0	90	100	0	0	3.42901103761e-14	560	53.3691129684	2	0	2	0
1	"1"	"1"	1	FALSE	0	90	100	0	0	3.42901103761e-14	560	53.4019370079	2	0	2	0
1	"1"	"1"	1	FALSE	0	90	100	0	0	3.42901103761e-14	560	53.4358279705	2	0	2	0
1	"1"	"1"	1	FALSE	0	90	100	0	0	3.42901103761e-14	560	53.4689760208	2	0	2	0
1	"1"	"1"	1	FALSE	0	90	100	0	0	3.42901103761e-14	560	53.5024418831	2	0	2	0
1	"1"	"1"	1	FALSE	0	90	100	0	0	3.42901103761e-14	560	53.5359067917	2	0	2	0
1	"1"	"1"	1	FALSE	0	90	100	0	0	3.42901103761e-14	560	53.5689008236	2	0	2	0
1	"1"	"1"	1	FALSE	0	90	100	0	0	3.42901103761e-14	560	53.6025829315	2	0	2	0
1	"1"	"1"	1	FALSE	0	90	100	0	0	3.42901103761e-14	560	53.6358368397	2	0	2	0
1	"1"	"1"	1	FALSE	0	90	100	0	0	3.42901103761e-14	560	53.6687538624	2	0	2	0
1	"1"	"1"	1	FALSE	0	90	100	0	0	3.42901103761e-14	560	53.7026658058	2	0	2	0
1	"1"	"1"	1	FALSE	0	90	100	0	0	3.42901103761e-14	560	53.7360699177	2	0	2	0
1	"1"	"1"	1	FALSE	0	90	100	0	0	3.42901103761e-14	560	53.7689599991	2	0	2	0
1	"1"	"1"	1	FALSE	0	90	100	0	0	3.42901103761e-14	560	53.8026118279	2	0	2	0
1	"1"	"1"	1	FALSE	0	90	100	0	0	3.42901103761e-14	560	53.8360040188	2	0	2	0
1	"1"	"1"	1	FALSE	0	90	100	0	0	3.42901103761e-14	560	53.8692519665	2	0	2	0
1	"1"	"1"	1	FALSE	0	90	100	0	0	3.42901103761e-14	560	53.9027159214	2	0	2	0
1	"1"	"1"	1	FALSE	0	90	100	0	0	3.42901103761e-14	560	53.9355368614	2	0	2	0
1	"1"	"1"	1	FALSE	0	90	100	0	0	3.42901103761e-14	560	53.9694719315	2	0	2	0
1	"1"	"1"	1	FALSE	0	90	100	0	0	3.42901103761e-14	560	54.0029418468	2	0	2	0
1	"1"	"1"	1	FALSE	0	90	100	0	0	3.42901103761e-14	560	54.0357139111	2	0	2	0
1	"1"	"1"	1	FALSE	0	90	100	0	0	3.42901103761e-14	560	54.0696468353	2	0	2	0
1	"1"	"1"	1	FALSE	0	90	100	0	0	3.42901103761e-14	560	54.1030089855	2	0	2	0
1	"1"	"1"	1	FALSE	0	90	100	0	0	3.42901103761e-14	560	54.1359968185	2	0	2	0
1	"1"	"1"	1	FALSE	0	90	100	0	0	3.42901103761e-14	560	54.1697678566	2	0	2	0
1	"1"	"1"	1	FALSE	0	90	100	0	0	3.42901103761e-14	560	54.2029600143	2	0	2	0
1	"1"	"1"	1	FALSE	0	90	100	0	0	3.42901103761e-14	560	54.2363779545	2	1	2	1
1	"1"	"1"	1	FALSE	0	90	100	0	0	3.42901103761e-14	560	54.269644022	2	1	2	1
1	"1"	"1"	1	FALSE	0	90	100	0	0	3.42901103761e-14	560	54.3025197983	2	1	2	1
1	"1"	"1"	1	FALSE	0	90	100	0	0	3.42901103761e-14	560	54.3364548683	2	0	2	0
1	"1"	"1"	1	FALSE	0	90	100	0	0	3.42901103761e-14	560	54.3699138165	2	0	2	0
1	"1"	"1"	1	FALSE	0	90	100	0	0	3.42901103761e-14	560	54.403208971	2	0	2	0
1	"1"	"1"	1	FALSE	0	90	100	0	0	3.42901103761e-14	560	54.4364218712	2	0	2	0
1	"1"	"1"	1	FALSE	0	90	100	0	0	3.42901103761e-14	560	54.4693470001	2	0	2	0
1	"1"	"1"	1	FALSE	0	90	100	0	0	3.42901103761e-14	560	54.503207922	2	0	2	0
1	"1"	"1"	1	FALSE	0	90	100	0	0	3.42901103761e-14	560	54.5367379189	2	0	2	0
1	"1"	"1"	1	FALSE	0	90	100	0	0	3.42901103761e-14	560	54.5697228909	2	0	2	0
1	"1"	"1"	1	FALSE	0	90	100	0	0	3.42901103761e-14	560	54.6033728123	2	0	2	0
1	"1"	"1"	1	FALSE	0	90	100	0	0	3.42901103761e-14	560	54.636674881	2	0	2	0
1	"1"	"1"	1	FALSE	0	90	100	0	0	3.42901103761e-14	560	54.6699829102	2	0	2	0
1	"1"	"1"	1	FALSE	0	90	100	0	0	3.42901103761e-14	560	54.7033238411	2	0	2	0
1	"1"	"1"	1	FALSE	0	90	100	0	0	3.42901103761e-14	560	54.7362120152	2	0	2	0
1	"1"	"1"	1	FALSE	0	90	100	0	0	3.42901103761e-14	560	54.7701089382	2	0	2	0
1	"1"	"1"	1	FALSE	0	90	100	0	0	3.42901103761e-14	560	54.8035128117	2	0	2	0
1	"1"	"1"	1	FALSE	0	90	100	0	0	3.42901103761e-14	560	54.8363399506	2	0	2	0
1	"1"	"1"	1	FALSE	0	90	100	0	0	3.42901103761e-14	560	54.8702378273	2	0	2	0
1	"1"	"1"	1	FALSE	0	90	100	0	0	3.42901103761e-14	560	54.9035129547	2	0	2	0
1	"1"	"1"	1	FALSE	0	90	100	0	0	3.42901103761e-14	560	54.9366769791	2	0	2	0
1	"1"	"1"	1	FALSE	0	90	100	0	0	3.42901103761e-14	560	54.9704048634	2	0	2	0
1	"1"	"1"	1	FALSE	0	90	100	0	0	3.42901103761e-14	560	55.0036358833	2	0	2	0
1	"1"	"1"	1	FALSE	0	90	100	0	0	3.42901103761e-14	560	55.0366828442	2	0	2	0
1	"1"	"1"	1	FALSE	0	90	100	0	0	3.42901103761e-14	560	55.0703380108	2	0	2	0
1	"1"	"1"	1	FALSE	0	90	100	0	0	3.42901103761e-14	560	55.1031680107	2	0	2	0
1	"1"	"1"	1	FALSE	0	90	100	0	0	3.42901103761e-14	560	55.137005806	2	0	2	0
1	"1"	"1"	1	FALSE	0	90	100	0	0	3.42901103761e-14	560	55.1704878807	2	0	2	0
1	"1"	"1"	1	FALSE	0	90	100	0	0	3.42901103761e-14	560	55.2034878731	2	0	2	0
1	"1"	"1"	1	FALSE	0	90	100	0	0	3.42901103761e-14	560	55.2372188568	2	0	2	0
1	"1"	"1"	1	FALSE	0	90	100	0	0	3.42901103761e-14	560	55.2700328827	2	0	2	0
1	"1"	"1"	1	FALSE	0	90	100	0	0	3.42901103761e-14	560	55.3033378124	2	0	2	0
1	"1"	"1"	1	FALSE	0	90	100	0	0	3.42901103761e-14	560	55.3364348412	2	0	2	0
1	"1"	"1"	1	FALSE	0	90	100	0	0	3.42901103761e-14	560	55.3698267937	2	0	2	0
1	"1"	"1"	1	FALSE	0	90	100	0	0	3.42901103761e-14	560	55.4031758308	2	0	2	0
1	"1"	"1"	1	FALSE	0	90	100	0	0	3.42901103761e-14	560	55.4366769791	2	0	2	0
1	"1"	"1"	1	FALSE	0	90	100	0	0	3.42901103761e-14	560	55.470156908	2	0	2	0
1	"1"	"1"	1	FALSE	0	90	100	0	0	3.42901103761e-14	560	55.5035059452	2	0	2	0
1	"1"	"1"	1	FALSE	0	90	100	0	0	3.42901103761e-14	560	55.5367019176	2	0	2	0
1	"1"	"1"	1	FALSE	0	90	100	0	0	3.42901103761e-14	560	55.570098877	2	0	2	0
1	"1"	"1"	1	FALSE	0	90	100	0	0	3.42901103761e-14	560	55.603345871	2	0	2	0
1	"1"	"1"	1	FALSE	0	90	100	0	0	3.42901103761e-14	560	55.6369218826	2	0	2	0
1	"1"	"1"	1	FALSE	0	90	100	0	0	3.42901103761e-14	560	55.6702768803	2	0	2	0
1	"1"	"1"	1	FALSE	0	90	100	0	0	3.42901103761e-14	560	55.7033889294	2	0	2	0
1	"1"	"1"	1	FALSE	0	90	100	0	0	3.42901103761e-14	560	55.7370178699	2	0	2	0
1	"1"	"1"	1	FALSE	0	90	100	0	0	3.42901103761e-14	560	55.7703738213	2	0	2	0
1	"1"	"1"	1	FALSE	0	90	100	0	0	3.42901103761e-14	560	55.8034889698	2	0	2	0
1	"1"	"1"	1	FALSE	0	90	100	0	0	3.42901103761e-14	560	55.8370568752	2	0	2	0
1	"1"	"1"	1	FALSE	0	90	100	0	0	3.42901103761e-14	560	55.8703379631	2	0	2	0
1	"1"	"1"	1	FALSE	0	90	100	0	0	3.42901103761e-14	560	55.9036149979	2	0	2	0
1	"1"	"1"	1	FALSE	0	90	100	0	0	3.42901103761e-14	560	55.9370179176	2	2	2	2
1	"1"	"1"	1	FALSE	0	90	100	0	0	3.42901103761e-14	560	55.9703547955	3	5	3	5
1	"1"	"1"	1	FALSE	0	90	100	0	0	3.42901103761e-14	560	56.0037448406	6	13	6	13
1	"1"	"1"	1	FALSE	0	90	100	0	0	3.42901103761e-14	560	56.037072897	7	18	7	18
1	"1"	"1"	1	FALSE	0	90	100	0	0	3.42901103761e-14	560	56.0704510212	8	24	8	24
1	"1"	"1"	1	FALSE	0	90	100	0	0	3.42901103761e-14	560	56.1037700176	9	30	9	30
1	"1"	"1"	1	FALSE	0	90	100	0	0	3.42901103761e-14	560	56.1371769905	9	39	9	39
1	"1"	"1"	1	FALSE	0	90	100	0	0	3.42901103761e-14	560	56.1712958813	10	50	10	50
1	"1"	"1"	1	FALSE	0	90	100	0	0	3.42901103761e-14	560	56.2046999931	11	61	11	61
1	"1"	"1"	1	FALSE	0	90	100	0	0	3.42901103761e-14	560	56.237913847	12	77	12	77
1	"1"	"1"	1	FALSE	0	90	100	0	0	3.42901103761e-14	560	56.2712478638	12	90	12	90
1	"1"	"1"	1	FALSE	0	90	100	0	0	3.42901103761e-14	560	56.3048298359	10	106	10	106
1	"1"	"1"	1	FALSE	0	90	100	0	0	3.42901103761e-14	560	56.3380699158	8	123	8	123
1	"1"	"1"	1	FALSE	0	90	100	0	0	3.42901103761e-14	560	56.37150383	7	139	7	139
1	"1"	"1"	1	FALSE	0	90	100	0	0	3.42901103761e-14	560	56.4049189091	5	158	5	158
1	"1"	"1"	1	FALSE	0	90	100	0	0	3.42901103761e-14	560	56.4382228851	3	177	3	177
1	"1"	"1"	1	FALSE	0	90	100	0	0	3.42901103761e-14	560	56.4715249538	2	201	2	201
1	"1"	"1"	1	FALSE	0	90	100	0	0	3.42901103761e-14	560	56.504899025	1	223	1	223
1	"1"	"1"	1	FALSE	0	90	100	0	0	3.42901103761e-14	560	56.5383667946	2	247	2	247
1	"1"	"1"	1	FALSE	0	90	100	0	0	3.42901103761e-14	560	56.5716228485	1	269	1	269
1	"1"	"1"	1	FALSE	0	90	100	0	0	3.42901103761e-14	560	56.6049828529	0	287	0	287
1	"1"	"1"	1	FALSE	0	90	100	0	0	3.42901103761e-14	560	56.6383450031	0	309	0	309
1	"1"	"1"	1	FALSE	0	90	100	0	0	3.42901103761e-14	560	56.6717569828	2	333	2	333
1	"1"	"1"	1	FALSE	0	90	100	0	0	3.42901103761e-14	560	56.705083847	4	353	4	353
1	"1"	"1"	1	FALSE	0	90	100	0	0	3.42901103761e-14	560	56.7384150028	5	377	5	377
1	"1"	"1"	1	FALSE	0	90	100	0	0	3.42901103761e-14	560	56.7718110085	6	400	6	400
1	"1"	"1"	1	FALSE	0	90	100	0	0	3.42901103761e-14	560	56.805082798	7	422	7	422
1	"1"	"1"	1	FALSE	0	90	100	0	0	3.42901103761e-14	560	56.8385128975	8	440	8	440
1	"1"	"1"	1	FALSE	0	90	100	0	0	3.42901103761e-14	560	56.8719258308	8	455	8	455
1	"1"	"1"	1	FALSE	0	90	100	0	0	3.42901103761e-14	560	56.9052619934	8	473	8	473
1	"1"	"1"	1	FALSE	0	90	100	0	0	3.42901103761e-14	560	56.9385948181	6	486	6	486
1	"1"	"1"	1	FALSE	0	90	100	0	0	3.42901103761e-14	560	56.9719908237	3	499	3	499
1	"1"	"1"	1	FALSE	0	90	100	0	0	3.42901103761e-14	560	57.0051858425	0	512	0	512
1	"1"	"1"	1	FALSE	0	90	100	0	0	3.42901103761e-14	560	57.0386199951	-2	522	-2	522
1	"1"	"1"	1	FALSE	0	90	100	0	0	3.42901103761e-14	560	57.0720047951	-5	532	-5	532
1	"1"	"1"	1	FALSE	0	90	100	0	0	3.42901103761e-14	560	57.1052968502	-8	540	-8	540
1	"1"	"1"	1	FALSE	0	90	100	0	0	3.42901103761e-14	560	57.1387689114	-10	547	-10	547
1	"1"	"1"	1	FALSE	0	90	100	0	0	3.42901103761e-14	560	57.1721029282	-12	552	-12	552
1	"1"	"1"	1	FALSE	0	90	100	0	0	3.42901103761e-14	560	57.2054958344	-13	556	-13	556
1	"1"	"1"	1	FALSE	0	90	100	0	0	3.42901103761e-14	560	57.2387349606	-14	559	-14	559
1	"1"	"1"	1	FALSE	0	90	100	0	0	3.42901103761e-14	560	57.2721209526	-14	560	-14	560
1	"1"	"1"	1	FALSE	0	90	100	0	0	3.42901103761e-14	560	57.3055799007	-15	561	-15	561
1	"1"	"1"	1	FALSE	0	90	100	0	0	3.42901103761e-14	560	57.3389098644	-15	561	-15	561
1	"1"	"1"	1	FALSE	0	90	100	0	0	3.42901103761e-14	560	57.3722479343	-14	561	-14	561
1	"1"	"1"	1	FALSE	0	90	100	0	0	3.42901103761e-14	560	57.4056539536	-13	562	-13	562
1	"1"	"1"	1	FALSE	0	90	100	0	0	3.42901103761e-14	560	57.4389688969	-12	563	-12	563
1	"1"	"1"	1	FALSE	0	90	100	0	0	3.42901103761e-14	560	57.4723517895	-10	564	-10	564
1	"1"	"1"	2	FALSE	0	45	100	0	0	395.979797464	395.979797464	0.0022189617157	3	-9	3	-9
1	"1"	"1"	2	FALSE	0	45	100	0	0	395.979797464	395.979797464	0.0344750881195	2	-9	2	-9
1	"1"	"1"	2	FALSE	0	45	100	0	0	395.979797464	395.979797464	0.0676369667053	2	-9	2	-9
1	"1"	"1"	2	FALSE	0	45	100	0	0	395.979797464	395.979797464	0.101109027863	2	-9	2	-9
1	"1"	"1"	2	FALSE	0	45	100	0	0	395.979797464	395.979797464	0.134400129318	2	-8	2	-8
1	"1"	"1"	2	FALSE	0	45	100	0	0	395.979797464	395.979797464	0.167728185654	1	-7	1	-7
1	"1"	"1"	2	FALSE	0	45	100	0	0	395.979797464	395.979797464	0.201184034348	1	-6	1	-6
1	"1"	"1"	2	FALSE	0	45	100	0	0	395.979797464	395.979797464	0.234590053558	1	-4	1	-4
1	"1"	"1"	2	FALSE	0	45	100	0	0	395.979797464	395.979797464	0.267884016037	1	-4	1	-4
1	"1"	"1"	2	FALSE	0	45	100	0	0	395.979797464	395.979797464	0.301164150238	1	-4	1	-4
1	"1"	"1"	2	FALSE	0	45	100	0	0	395.979797464	395.979797464	0.334504127502	1	-4	1	-4
1	"1"	"1"	2	FALSE	0	45	100	0	0	395.979797464	395.979797464	0.367989063263	1	-4	1	-4
1	"1"	"1"	2	FALSE	0	45	100	0	0	395.979797464	395.979797464	0.401292085648	1	-4	1	-4
1	"1"	"1"	2	FALSE	0	45	100	0	0	395.979797464	395.979797464	0.434682130814	1	-4	1	-4
1	"1"	"1"	2	FALSE	0	45	100	0	0	395.979797464	395.979797464	0.467972993851	1	-4	1	-4
1	"1"	"1"	2	FALSE	0	45	100	0	0	395.979797464	395.979797464	0.501394987106	2	-4	2	-4
1	"1"	"1"	2	FALSE	0	45	100	0	0	395.979797464	395.979797464	0.534790992737	5	-4	5	-4
1	"1"	"1"	2	FALSE	0	45	100	0	0	395.979797464	395.979797464	0.568026065826	9	-4	9	-4
1	"1"	"1"	2	FALSE	0	45	100	0	0	395.979797464	395.979797464	0.601557016373	13	-2	13	-2
1	"1"	"1"	2	FALSE	0	45	100	0	0	395.979797464	395.979797464	0.634891033173	15	0	15	0
1	"1"	"1"	2	FALSE	0	45	100	0	0	395.979797464	395.979797464	0.668246984482	18	3	18	3
1	"1"	"1"	2	FALSE	0	45	100	0	0	395.979797464	395.979797464	0.701503038406	29	12	29	12
1	"1"	"1"	2	FALSE	0	45	100	0	0	395.979797464	395.979797464	0.734943151474	42	23	42	23
1	"1"	"1"	2	FALSE	0	45	100	0	0	395.979797464	395.979797464	0.768239974976	65	41	65	41
1	"1"	"1"	2	FALSE	0	45	100	0	0	395.979797464	395.979797464	0.801659107208	91	62	91	62
1	"1"	"1"	2	FALSE	0	45	100	0	0	395.979797464	395.979797464	0.834957122803	111	79	111	79
1	"1"	"1"	2	FALSE	0	45	100	0	0	395.979797464	395.979797464	0.868201971054	135	102	135	102
1	"1"	"1"	2	FALSE	0	45	100	0	0	395.979797464	395.979797464	0.901803016663	157	125	157	125
1	"1"	"1"	2	FALSE	0	45	100	0	0	395.979797464	395.979797464	0.934988021851	178	150	178	150
1	"1"	"1"	2	FALSE	0	45	100	0	0	395.979797464	395.979797464	0.968497037888	198	173	198	173
1	"1"	"1"	2	FALSE	0	45	100	0	0	395.979797464	395.979797464	1.00182318687	216	200	216	200
1	"1"	"1"	2	FALSE	0	45	100	0	0	395.979797464	395.979797464	1.03508496284	240	227	240	227
1	"1"	"1"	2	FALSE	0	45	100	0	0	395.979797464	395.979797464	1.06859397888	258	249	258	249
1	"1"	"1"	2	FALSE	0	45	100	0	0	395.979797464	395.979797464	1.10178804398	279	275	279	275
1	"1"	"1"	2	FALSE	0	45	100	0	0	395.979797464	395.979797464	1.13514018059	300	300	300	300
1	"1"	"1"	2	FALSE	0	45	100	0	0	395.979797464	395.979797464	1.16848707199	317	320	317	320
1	"1"	"1"	2	FALSE	0	45	100	0	0	395.979797464	395.979797464	1.20183205605	333	339	333	339
1	"1"	"1"	2	FALSE	0	45	100	0	0	395.979797464	395.979797464	1.2353579998	346	356	346	356
1	"1"	"1"	2	FALSE	0	45	100	0	0	395.979797464	395.979797464	1.26873707771	360	373	360	373
1	"1"	"1"	2	FALSE	0	45	100	0	0	395.979797464	395.979797464	1.30206608772	370	387	370	387
1	"1"	"1"	2	FALSE	0	45	100	0	0	395.979797464	395.979797464	1.33549499512	380	400	380	400
1	"1"	"1"	2	FALSE	0	45	100	0	0	395.979797464	395.979797464	1.36873412132	388	411	388	411
1	"1"	"1"	2	FALSE	0	45	100	0	0	395.979797464	395.979797464	1.40214204788	394	419	394	419
1	"1"	"1"	2	FALSE	0	45	100	0	0	395.979797464	395.979797464	1.4355301857	397	424	397	424
1	"1"	"1"	2	FALSE	0	45	100	0	0	395.979797464	395.979797464	1.46888613701	399	426	399	426
1	"1"	"1"	2	FALSE	0	45	100	0	0	395.979797464	395.979797464	1.50230503082	400	426	400	426
1	"1"	"1"	2	FALSE	0	45	100	0	0	395.979797464	395.979797464	1.53560709953	400	425	400	425
1	"1"	"1"	2	FALSE	0	45	100	0	0	395.979797464	395.979797464	1.56892514229	402	423	402	423
1	"1"	"1"	2	FALSE	0	45	100	0	0	395.979797464	395.979797464	1.60227417946	404	419	404	419
1	"1"	"1"	2	FALSE	0	45	100	0	0	395.979797464	395.979797464	1.63565802574	405	416	405	416
1	"1"	"1"	2	FALSE	0	45	100	0	0	395.979797464	395.979797464	1.6688079834	405	413	405	413
1	"1"	"1"	2	FALSE	0	45	100	0	0	395.979797464	395.979797464	1.7023229599	404	410	404	410
1	"1"	"1"	2	FALSE	0	45	100	0	0	395.979797464	395.979797464	1.73567819595	404	406	404	406
1	"1"	"1"	3	FALSE	0	135	100	0	0	-395.979797464	395.979797464	0.00196886062622	10	-3	10	-3
1	"1"	"1"	3	FALSE	0	135	100	0	0	-395.979797464	395.979797464	0.0216989517212	9	-3	9	-3
1	"1"	"1"	3	FALSE	0	135	100	0	0	-395.979797464	395.979797464	0.0554599761963	7	-2	7	-2
1	"1"	"1"	3	FALSE	0	135	100	0	0	-395.979797464	395.979797464	0.0888628959656	5	-2	5	-2
1	"1"	"1"	3	FALSE	0	135	100	0	0	-395.979797464	395.979797464	0.122164964676	4	-2	4	-2
1	"1"	"1"	3	FALSE	0	135	100	0	0	-395.979797464	395.979797464	0.155735969543	4	-2	4	-2
1	"1"	"1"	3	FALSE	0	135	100	0	0	-395.979797464	395.979797464	0.188991785049	4	-2	4	-2
1	"1"	"1"	3	FALSE	0	135	100	0	0	-395.979797464	395.979797464	0.222368955612	4	-2	4	-2
1	"1"	"1"	3	FALSE	0	135	100	0	0	-395.979797464	395.979797464	0.255792856216	4	-2	4	-2
1	"1"	"1"	3	FALSE	0	135	100	0	0	-395.979797464	395.979797464	0.289083957672	4	-2	4	-2
1	"1"	"1"	3	FALSE	0	135	100	0	0	-395.979797464	395.979797464	0.322497844696	4	-2	4	-2
1	"1"	"1"	3	FALSE	0	135	100	0	0	-395.979797464	395.979797464	0.35582280159	4	-2	4	-2
1	"1"	"1"	3	FALSE	0	135	100	0	0	-395.979797464	395.979797464	0.389226913452	4	-2	4	-2
1	"1"	"1"	3	FALSE	0	135	100	0	0	-395.979797464	395.979797464	0.422566890717	2	0	2	0
1	"1"	"1"	3	FALSE	0	135	100	0	0	-395.979797464	395.979797464	0.455899000168	-3	2	-3	2
1	"1"	"1"	3	FALSE	0	135	100	0	0	-395.979797464	395.979797464	0.489305973053	-15	3	-15	3
1	"1"	"1"	3	FALSE	0	135	100	0	0	-395.979797464	395.979797464	0.522624969482	-28	5	-28	5
1	"1"	"1"	3	FALSE	0	135	100	0	0	-395.979797464	395.979797464	0.55601978302	-44	10	-44	10
1	"1"	"1"	3	FALSE	0	135	100	0	0	-395.979797464	395.979797464	0.589177846909	-66	18	-66	18
1	"1"	"1"	3	FALSE	0	135	100	0	0	-395.979797464	395.979797464	0.622689962387	-83	25	-83	25
1	"1"	"1"	3	FALSE	0	135	100	0	0	-395.979797464	395.979797464	0.656012773514	-98	34	-98	34
1	"1"	"1"	3	FALSE	0	135	100	0	0	-395.979797464	395.979797464	0.68921995163	-114	45	-114	45
1	"1"	"1"	3	FALSE	0	135	100	0	0	-395.979797464	395.979797464	0.722760915756	-138	60	-138	60
1	"1"	"1"	3	FALSE	0	135	100	0	0	-395.979797464	395.979797464	0.75613284111	-157	74	-157	74
1	"1"	"1"	3	FALSE	0	135	100	0	0	-395.979797464	395.979797464	0.789543867111	-173	85	-173	85
1	"1"	"1"	3	FALSE	0	135	100	0	0	-395.979797464	395.979797464	0.82281088829	-194	102	-194	102
1	"1"	"1"	3	FALSE	0	135	100	0	0	-395.979797464	395.979797464	0.856262922287	-210	116	-210	116
1	"1"	"1"	3	FALSE	0	135	100	0	0	-395.979797464	395.979797464	0.889508962631	-226	130	-226	130
1	"1"	"1"	3	FALSE	0	135	100	0	0	-395.979797464	395.979797464	0.922900915146	-250	152	-250	152
1	"1"	"1"	3	FALSE	0	135	100	0	0	-395.979797464	395.979797464	0.956304788589	-263	165	-263	165
1	"1"	"1"	3	FALSE	0	135	100	0	0	-395.979797464	395.979797464	0.989492893219	-279	183	-279	183
1	"1"	"1"	3	FALSE	0	135	100	0	0	-395.979797464	395.979797464	1.02304196358	-293	201	-293	201
1	"1"	"1"	3	FALSE	0	135	100	0	0	-395.979797464	395.979797464	1.05631685257	-306	219	-306	219
1	"1"	"1"	3	FALSE	0	135	100	0	0	-395.979797464	395.979797464	1.08963680267	-314	233	-314	233
1	"1"	"1"	3	FALSE	0	135	100	0	0	-395.979797464	395.979797464	1.12297677994	-320	249	-320	249
1	"1"	"1"	3	FALSE	0	135	100	0	0	-395.979797464	395.979797464	1.15651297569	-324	263	-324	263
1	"1"	"1"	3	FALSE	0	135	100	0	0	-395.979797464	395.979797464	1.18982577324	-327	274	-327	274
1	"1"	"1"	3	FALSE	0	135	100	0	0	-395.979797464	395.979797464	1.2232029438	-329	284	-329	284
1	"1"	"1"	3	FALSE	0	135	100	0	0	-395.979797464	395.979797464	1.25657391548	-331	293	-331	293
1	"1"	"1"	3	FALSE	0	135	100	0	0	-395.979797464	395.979797464	1.28967881203	-334	300	-334	300
1	"1"	"1"	3	FALSE	0	135	100	0	0	-395.979797464	395.979797464	1.32317876816	-337	306	-337	306
1	"1"	"1"	3	FALSE	0	135	100	0	0	-395.979797464	395.979797464	1.35660982132	-340	312	-340	312
1	"1"	"1"	3	FALSE	0	135	100	0	0	-395.979797464	395.979797464	1.39005589485	-344	318	-344	318
1	"1"	"1"	3	FALSE	0	135	100	0	0	-395.979797464	395.979797464	1.42330598831	-347	323	-347	323
1	"1"	"1"	3	FALSE	0	135	100	0	0	-395.979797464	395.979797464	1.45666885376	-351	328	-351	328
1	"1"	"1"	3	FALSE	0	135	100	0	0	-395.979797464	395.979797464	1.49006581306	-355	334	-355	334
1	"1"	"1"	3	FALSE	0	135	100	0	0	-395.979797464	395.979797464	1.52317881584	-358	338	-358	338
1	"1"	"1"	3	FALSE	0	135	100	0	0	-395.979797464	395.979797464	1.55666780472	-361	343	-361	343
1	"1"	"1"	3	FALSE	0	135	100	0	0	-395.979797464	395.979797464	1.59015583992	-364	347	-364	347
1	"1"	"1"	3	FALSE	0	135	100	0	0	-395.979797464	395.979797464	1.62346577644	-368	352	-368	352
1	"1"	"1"	3	FALSE	0	135	100	0	0	-395.979797464	395.979797464	1.65685296059	-370	355	-370	355
1	"1"	"1"	3	FALSE	0	135	100	0	0	-395.979797464	395.979797464	1.6902089119	-373	359	-373	359
1	"1"	"1"	3	FALSE	0	135	100	0	0	-395.979797464	395.979797464	1.7235558033	-375	363	-375	363
1	"1"	"1"	3	FALSE	0	135	100	0	0	-395.979797464	395.979797464	1.75694298744	-378	366	-378	366
1	"1"	"1"	3	FALSE	0	135	100	0	0	-395.979797464	395.979797464	1.79026293755	-380	370	-380	370
1	"1"	"1"	3	FALSE	0	135	100	0	0	-395.979797464	395.979797464	1.82357883453	-383	374	-383	374
1	"1"	"1"	3	FALSE	0	135	100	0	0	-395.979797464	395.979797464	1.85707688332	-386	378	-386	378
1	"1"	"1"	3	FALSE	0	135	100	0	0	-395.979797464	395.979797464	1.89035797119	-389	383	-389	383
1	"1"	"1"	3	FALSE	0	135	100	0	0	-395.979797464	395.979797464	1.92374181747	-392	388	-392	388
1	"1"	"1"	3	FALSE	0	135	100	0	0	-395.979797464	395.979797464	1.95703577995	-395	391	-395	391
1	"1"	"1"	3	FALSE	0	135	100	0	0	-395.979797464	395.979797464	1.99042391777	-396	393	-396	393
1	"1"	"1"	3	FALSE	0	135	100	0	0	-395.979797464	395.979797464	2.02381587029	-397	394	-397	394
1	"1"	"1"	4	FALSE	0	45	100	0	0	395.979797464	395.979797464	0.00191903114319	4	2	4	2
1	"1"	"1"	4	FALSE	0	45	100	0	0	395.979797464	395.979797464	0.0226228237152	4	2	4	2
1	"1"	"1"	4	FALSE	0	45	100	0	0	395.979797464	395.979797464	0.0560028553009	4	2	4	2
1	"1"	"1"	4	FALSE	0	45	100	0	0	395.979797464	395.979797464	0.0895419120789	4	1	4	1
1	"1"	"1"	4	FALSE	0	45	100	0	0	395.979797464	395.979797464	0.122886896133	4	0	4	0
1	"1"	"1"	4	FALSE	0	45	100	0	0	395.979797464	395.979797464	0.156248807907	3	-1	3	-1
1	"1"	"1"	4	FALSE	0	45	100	0	0	395.979797464	395.979797464	0.189601898193	3	-1	3	-1
1	"1"	"1"	4	FALSE	0	45	100	0	0	395.979797464	395.979797464	0.223030805588	3	-1	3	-1
1	"1"	"1"	4	FALSE	0	45	100	0	0	395.979797464	395.979797464	0.256318807602	3	-1	3	-1
1	"1"	"1"	4	FALSE	0	45	100	0	0	395.979797464	395.979797464	0.289600849152	3	-1	3	-1
1	"1"	"1"	4	FALSE	0	45	100	0	0	395.979797464	395.979797464	0.323041915894	3	-1	3	-1
1	"1"	"1"	4	FALSE	0	45	100	0	0	395.979797464	395.979797464	0.356252908707	3	-1	3	-1
1	"1"	"1"	4	FALSE	0	45	100	0	0	395.979797464	395.979797464	0.38979101181	3	-1	3	-1
1	"1"	"1"	4	FALSE	0	45	100	0	0	395.979797464	395.979797464	0.423038959503	3	-1	3	-1
1	"1"	"1"	4	FALSE	0	45	100	0	0	395.979797464	395.979797464	0.456481933594	3	-1	3	-1
1	"1"	"1"	4	FALSE	0	45	100	0	0	395.979797464	395.979797464	0.489809989929	6	1	6	1
1	"1"	"1"	4	FALSE	0	45	100	0	0	395.979797464	395.979797464	0.523121833801	10	4	10	4
1	"1"	"1"	4	FALSE	0	45	100	0	0	395.979797464	395.979797464	0.556615829468	13	9	13	9
1	"1"	"1"	4	FALSE	0	45	100	0	0	395.979797464	395.979797464	0.589897871017	20	14	20	14
1	"1"	"1"	4	FALSE	0	45	100	0	0	395.979797464	395.979797464	0.623304843903	29	21	29	21
1	"1"	"1"	4	FALSE	0	45	100	0	0	395.979797464	395.979797464	0.656535863876	40	31	40	31
1	"1"	"1"	4	FALSE	0	45	100	0	0	395.979797464	395.979797464	0.689983844757	52	40	52	40
1	"1"	"1"	4	FALSE	0	45	100	0	0	395.979797464	395.979797464	0.723377943039	64	50	64	50
1	"1"	"1"	4	FALSE	0	45	100	0	0	395.979797464	395.979797464	0.756687879562	79	63	79	63
1	"1"	"1"	4	FALSE	0	45	100	0	0	395.979797464	395.979797464	0.790020942688	95	77	95	77
1	"1"	"1"	4	FALSE	0	45	100	0	0	395.979797464	395.979797464	0.823362827301	111	92	111	92
1	"1"	"1"	4	FALSE	0	45	100	0	0	395.979797464	395.979797464	0.856823921204	125	107	125	107
1	"1"	"1"	4	FALSE	0	45	100	0	0	395.979797464	395.979797464	0.890132904053	143	125	143	125
1	"1"	"1"	4	FALSE	0	45	100	0	0	395.979797464	395.979797464	0.923439025879	161	143	161	143
1	"1"	"1"	4	FALSE	0	45	100	0	0	395.979797464	395.979797464	0.956856012344	178	159	178	159
1	"1"	"1"	4	FALSE	0	45	100	0	0	395.979797464	395.979797464	0.990252971649	197	176	197	176
1	"1"	"1"	4	FALSE	0	45	100	0	0	395.979797464	395.979797464	1.02362585068	215	194	215	194
1	"1"	"1"	4	FALSE	0	45	100	0	0	395.979797464	395.979797464	1.05692791939	232	211	232	211
1	"1"	"1"	4	FALSE	0	45	100	0	0	395.979797464	395.979797464	1.09036493301	245	225	245	225
1	"1"	"1"	4	FALSE	0	45	100	0	0	395.979797464	395.979797464	1.12368297577	260	243	260	243
1	"1"	"1"	4	FALSE	0	45	100	0	0	395.979797464	395.979797464	1.15704798698	275	260	275	260
1	"1"	"1"	4	FALSE	0	45	100	0	0	395.979797464	395.979797464	1.19034099579	286	274	286	274
1	"1"	"1"	4	FALSE	0	45	100	0	0	395.979797464	395.979797464	1.22373580933	298	290	298	290
1	"1"	"1"	4	FALSE	0	45	100	0	0	395.979797464	395.979797464	1.25710988045	309	304	309	304
1	"1"	"1"	4	FALSE	0	45	100	0	0	395.979797464	395.979797464	1.29048895836	318	314	318	314
1	"1"	"1"	4	FALSE	0	45	100	0	0	395.979797464	395.979797464	1.3238158226	328	326	328	326
1	"1"	"1"	4	FALSE	0	45	100	0	0	395.979797464	395.979797464	1.35730195045	335	336	335	336
1	"1"	"1"	4	FALSE	0	45	100	0	0	395.979797464	395.979797464	1.39049887657	344	347	344	347
1	"1"	"1"	4	FALSE	0	45	100	0	0	395.979797464	395.979797464	1.42392301559	350	354	350	354
1	"1"	"1"	4	FALSE	0	45	100	0	0	395.979797464	395.979797464	1.45734596252	356	362	356	362
1	"1"	"1"	4	FALSE	0	45	100	0	0	395.979797464	395.979797464	1.490639925	361	369	361	369
1	"1"	"1"	4	FALSE	0	45	100	0	0	395.979797464	395.979797464	1.52400398254	365	374	365	374
1	"1"	"1"	4	FALSE	0	45	100	0	0	395.979797464	395.979797464	1.55723285675	369	380	369	380
1	"1"	"1"	4	FALSE	0	45	100	0	0	395.979797464	395.979797464	1.59073281288	373	384	373	384
1	"1"	"1"	4	FALSE	0	45	100	0	0	395.979797464	395.979797464	1.62408399582	377	388	377	388
1	"1"	"1"	4	FALSE	0	45	100	0	0	395.979797464	395.979797464	1.65744280815	380	391	380	391
1	"1"	"1"	4	FALSE	0	45	100	0	0	395.979797464	395.979797464	1.69080400467	382	394	382	394
1	"1"	"1"	4	FALSE	0	45	100	0	0	395.979797464	395.979797464	1.72411680222	384	396	384	396
1	"1"	"1"	4	FALSE	0	45	100	0	0	395.979797464	395.979797464	1.75749182701	386	397	386	397
1	"1"	"1"	4	FALSE	0	45	100	0	0	395.979797464	395.979797464	1.79067397118	388	398	388	398
1	"1"	"1"	4	FALSE	0	45	100	0	0	395.979797464	395.979797464	1.82425189018	390	399	390	399
1	"1"	"1"	5	FALSE	0	135	100	0	0	-395.979797464	395.979797464	0.00161099433899	-4	-10	-4	-10
1	"1"	"1"	5	FALSE	0	135	100	0	0	-395.979797464	395.979797464	0.0222420692444	-3	-9	-3	-9
1	"1"	"1"	5	FALSE	0	135	100	0	0	-395.979797464	395.979797464	0.0557050704956	-2	-9	-2	-9
1	"1"	"1"	5	FALSE	0	135	100	0	0	-395.979797464	395.979797464	0.0891261100769	-2	-8	-2	-8
1	"1"	"1"	5	FALSE	0	135	100	0	0	-395.979797464	395.979797464	0.122452020645	-1	-7	-1	-7
1	"1"	"1"	5	FALSE	0	135	100	0	0	-395.979797464	395.979797464	0.155838012695	-1	-7	-1	-7
1	"1"	"1"	5	FALSE	0	135	100	0	0	-395.979797464	395.979797464	0.189157962799	-1	-7	-1	-7
1	"1"	"1"	5	FALSE	0	135	100	0	0	-395.979797464	395.979797464	0.222520112991	-1	-7	-1	-7
1	"1"	"1"	5	FALSE	0	135	100	0	0	-395.979797464	395.979797464	0.255885124207	-1	-7	-1	-7
1	"1"	"1"	5	FALSE	0	135	100	0	0	-395.979797464	395.979797464	0.289154052734	-1	-7	-1	-7
1	"1"	"1"	5	FALSE	0	135	100	0	0	-395.979797464	395.979797464	0.322635173798	-1	-7	-1	-7
1	"1"	"1"	5	FALSE	0	135	100	0	0	-395.979797464	395.979797464	0.356047153473	-1	-7	-1	-7
1	"1"	"1"	5	FALSE	0	135	100	0	0	-395.979797464	395.979797464	0.3893699646	-1	-7	-1	-7
1	"1"	"1"	5	FALSE	0	135	100	0	0	-395.979797464	395.979797464	0.422652006149	-1	-7	-1	-7
1	"1"	"1"	5	FALSE	0	135	100	0	0	-395.979797464	395.979797464	0.455990076065	-1	-7	-1	-7
1	"1"	"1"	5	FALSE	0	135	100	0	0	-395.979797464	395.979797464	0.489398956299	-2	-6	-2	-6
1	"1"	"1"	5	FALSE	0	135	100	0	0	-395.979797464	395.979797464	0.52275800705	-4	-5	-4	-5
1	"1"	"1"	5	FALSE	0	135	100	0	0	-395.979797464	395.979797464	0.556032180786	-8	-4	-8	-4
1	"1"	"1"	5	FALSE	0	135	100	0	0	-395.979797464	395.979797464	0.589508056641	-16	-1	-16	-1
1	"1"	"1"	5	FALSE	0	135	100	0	0	-395.979797464	395.979797464	0.622797012329	-24	1	-24	1
1	"1"	"1"	5	FALSE	0	135	100	0	0	-395.979797464	395.979797464	0.656206130981	-35	5	-35	5
1	"1"	"1"	5	FALSE	0	135	100	0	0	-395.979797464	395.979797464	0.689635038376	-46	11	-46	11
1	"1"	"1"	5	FALSE	0	135	100	0	0	-395.979797464	395.979797464	0.722918987274	-56	16	-56	16
1	"1"	"1"	5	FALSE	0	135	100	0	0	-395.979797464	395.979797464	0.756359100342	-67	23	-67	23
1	"1"	"1"	5	FALSE	0	135	100	0	0	-395.979797464	395.979797464	0.789627075195	-77	30	-77	30
1	"1"	"1"	5	FALSE	0	135	100	0	0	-395.979797464	395.979797464	0.822978019714	-89	38	-89	38
1	"1"	"1"	5	FALSE	0	135	100	0	0	-395.979797464	395.979797464	0.856403112411	-97	45	-97	45
1	"1"	"1"	5	FALSE	0	135	100	0	0	-395.979797464	395.979797464	0.889810085297	-107	55	-107	55
1	"1"	"1"	5	FALSE	0	135	100	0	0	-395.979797464	395.979797464	0.92311000824	-118	64	-118	64
1	"1"	"1"	5	FALSE	0	135	100	0	0	-395.979797464	395.979797464	0.956460952759	-127	73	-127	73
1	"1"	"1"	5	FALSE	0	135	100	0	0	-395.979797464	395.979797464	0.989842176437	-138	84	-138	84
1	"1"	"1"	5	FALSE	0	135	100	0	0	-395.979797464	395.979797464	1.0231449604	-149	97	-149	97
1	"1"	"1"	5	FALSE	0	135	100	0	0	-395.979797464	395.979797464	1.05646896362	-159	107	-159	107
1	"1"	"1"	5	FALSE	0	135	100	0	0	-395.979797464	395.979797464	1.08988499641	-170	118	-170	118
1	"1"	"1"	5	FALSE	0	135	100	0	0	-395.979797464	395.979797464	1.12331795692	-181	130	-181	130
1	"1"	"1"	5	FALSE	0	135	100	0	0	-395.979797464	395.979797464	1.15661811829	-192	143	-192	143
1	"1"	"1"	5	FALSE	0	135	100	0	0	-395.979797464	395.979797464	1.18989300728	-200	154	-200	154
1	"1"	"1"	5	FALSE	0	135	100	0	0	-395.979797464	395.979797464	1.22339105606	-209	166	-209	166
1	"1"	"1"	5	FALSE	0	135	100	0	0	-395.979797464	395.979797464	1.25660395622	-217	180	-217	180
1	"1"	"1"	5	FALSE	0	135	100	0	0	-395.979797464	395.979797464	1.29000496864	-224	192	-224	192
1	"1"	"1"	5	FALSE	0	135	100	0	0	-395.979797464	395.979797464	1.32337808609	-233	206	-233	206
1	"1"	"1"	5	FALSE	0	135	100	0	0	-395.979797464	395.979797464	1.35676407814	-243	220	-243	220
1	"1"	"1"	5	FALSE	0	135	100	0	0	-395.979797464	395.979797464	1.39013910294	-254	235	-254	235
1	"1"	"1"	5	FALSE	0	135	100	0	0	-395.979797464	395.979797464	1.42348504066	-265	248	-265	248
1	"1"	"1"	5	FALSE	0	135	100	0	0	-395.979797464	395.979797464	1.45687317848	-277	264	-277	264
1	"1"	"1"	5	FALSE	0	135	100	0	0	-395.979797464	395.979797464	1.49017810822	-291	281	-291	281
1	"1"	"1"	5	FALSE	0	135	100	0	0	-395.979797464	395.979797464	1.52357196808	-302	296	-302	296
1	"1"	"1"	5	FALSE	0	135	100	0	0	-395.979797464	395.979797464	1.5566880703	-314	312	-314	312
1	"1"	"1"	5	FALSE	0	135	100	0	0	-395.979797464	395.979797464	1.59024715424	-324	328	-324	328
1	"1"	"1"	5	FALSE	0	135	100	0	0	-395.979797464	395.979797464	1.62363505363	-331	341	-331	341
1	"1"	"1"	5	FALSE	0	135	100	0	0	-395.979797464	395.979797464	1.65699315071	-339	350	-339	350
1	"1"	"1"	5	FALSE	0	135	100	0	0	-395.979797464	395.979797464	1.69038796425	-346	359	-346	359
1	"1"	"1"	5	FALSE	0	135	100	0	0	-395.979797464	395.979797464	1.72376203537	-352	367	-352	367
1	"1"	"1"	5	FALSE	0	135	100	0	0	-395.979797464	395.979797464	1.75702214241	-357	374	-357	374
1	"1"	"1"	5	FALSE	0	135	100	0	0	-395.979797464	395.979797464	1.79036211967	-362	381	-362	381
1	"1"	"1"	5	FALSE	0	135	100	0	0	-395.979797464	395.979797464	1.82376909256	-366	386	-366	386
1	"1"	"1"	5	FALSE	0	135	100	0	0	-395.979797464	395.979797464	1.85713005066	-370	390	-370	390
1	"1"	"1"	5	FALSE	0	135	100	0	0	-395.979797464	395.979797464	1.89047312737	-373	392	-373	392
1	"1"	"1"	5	FALSE	0	135	100	0	0	-395.979797464	395.979797464	1.92387294769	-377	395	-377	395
1	"1"	"1"	5	FALSE	0	135	100	0	0	-395.979797464	395.979797464	1.95727109909	-381	397	-381	397
1	"1"	"1"	5	FALSE	0	135	100	0	0	-395.979797464	395.979797464	1.99056816101	-383	399	-383	399
1	"1"	"1"	5	FALSE	0	135	100	0	0	-395.979797464	395.979797464	2.02387309074	-386	401	-386	401
1	"1"	"1"	5	FALSE	0	135	100	0	0	-395.979797464	395.979797464	2.05722498894	-388	401	-388	401
1	"1"	"1"	5	FALSE	0	135	100	0	0	-395.979797464	395.979797464	2.0906560421	-389	402	-389	402
1	"1"	"1"	6	FALSE	0	90	100	0	0	3.42901103761e-14	560	0.00212621688843	8	-9	8	-9
1	"1"	"1"	6	FALSE	0	90	100	0	0	3.42901103761e-14	560	0.0223731994629	8	-8	8	-8
1	"1"	"1"	6	FALSE	0	90	100	0	0	3.42901103761e-14	560	0.055860042572	7	-6	7	-6
1	"1"	"1"	6	FALSE	0	90	100	0	0	3.42901103761e-14	560	0.089063167572	7	-5	7	-5
1	"1"	"1"	6	FALSE	0	90	100	0	0	3.42901103761e-14	560	0.122380018234	6	-4	6	-4
1	"1"	"1"	6	FALSE	0	90	100	0	0	3.42901103761e-14	560	0.155779123306	6	-4	6	-4
1	"1"	"1"	6	FALSE	0	90	100	0	0	3.42901103761e-14	560	0.188793182373	6	-4	6	-4
1	"1"	"1"	6	FALSE	0	90	100	0	0	3.42901103761e-14	560	0.222659111023	6	-3	6	-3
1	"1"	"1"	6	FALSE	0	90	100	0	0	3.42901103761e-14	560	0.255917072296	6	-3	6	-3
1	"1"	"1"	6	FALSE	0	90	100	0	0	3.42901103761e-14	560	0.288832187653	6	-3	6	-3
1	"1"	"1"	6	FALSE	0	90	100	0	0	3.42901103761e-14	560	0.322718143463	6	-3	6	-3
1	"1"	"1"	6	FALSE	0	90	100	0	0	3.42901103761e-14	560	0.356070041656	6	-3	6	-3
1	"1"	"1"	6	FALSE	0	90	100	0	0	3.42901103761e-14	560	0.389084100723	6	-3	6	-3
1	"1"	"1"	6	FALSE	0	90	100	0	0	3.42901103761e-14	560	0.422429084778	6	-3	6	-3
1	"1"	"1"	6	FALSE	0	90	100	0	0	3.42901103761e-14	560	0.456081151962	7	2	7	2
1	"1"	"1"	6	FALSE	0	90	100	0	0	3.42901103761e-14	560	0.489342212677	9	12	9	12
1	"1"	"1"	6	FALSE	0	90	100	0	0	3.42901103761e-14	560	0.522378206253	11	26	11	26
1	"1"	"1"	6	FALSE	0	90	100	0	0	3.42901103761e-14	560	0.556223154068	11	41	11	41
1	"1"	"1"	6	FALSE	0	90	100	0	0	3.42901103761e-14	560	0.589639186859	8	60	8	60
1	"1"	"1"	6	FALSE	0	90	100	0	0	3.42901103761e-14	560	0.622870206833	6	77	6	77
1	"1"	"1"	6	FALSE	0	90	100	0	0	3.42901103761e-14	560	0.656236171722	3	104	3	104
1	"1"	"1"	6	FALSE	0	90	100	0	0	3.42901103761e-14	560	0.689607143402	0	124	0	124
1	"1"	"1"	6	FALSE	0	90	100	0	0	3.42901103761e-14	560	0.723074197769	-3	149	-3	149
1	"1"	"1"	6	FALSE	0	90	100	0	0	3.42901103761e-14	560	0.756329059601	-6	173	-6	173
1	"1"	"1"	6	FALSE	0	90	100	0	0	3.42901103761e-14	560	0.789766073227	-9	196	-9	196
1	"1"	"1"	6	FALSE	0	90	100	0	0	3.42901103761e-14	560	0.822588205338	-11	226	-11	226
1	"1"	"1"	6	FALSE	0	90	100	0	0	3.42901103761e-14	560	0.856514215469	-12	257	-12	257
1	"1"	"1"	6	FALSE	0	90	100	0	0	3.42901103761e-14	560	0.889925003052	-14	285	-14	285
1	"1"	"1"	6	FALSE	0	90	100	0	0	3.42901103761e-14	560	0.922813177109	-14	317	-14	317
1	"1"	"1"	6	FALSE	0	90	100	0	0	3.42901103761e-14	560	0.956616163254	-13	348	-13	348
1	"1"	"1"	6	FALSE	0	90	100	0	0	3.42901103761e-14	560	0.989854097366	-14	372	-14	372
1	"1"	"1"	6	FALSE	0	90	100	0	0	3.42901103761e-14	560	1.02326107025	-16	396	-16	396
1	"1"	"1"	6	FALSE	0	90	100	0	0	3.42901103761e-14	560	1.0566971302	-18	417	-18	417
1	"1"	"1"	6	FALSE	0	90	100	0	0	3.42901103761e-14	560	1.09007000923	-20	431	-20	431
1	"1"	"1"	6	FALSE	0	90	100	0	0	3.42901103761e-14	560	1.12327718735	-21	445	-21	445
1	"1"	"1"	6	FALSE	0	90	100	0	0	3.42901103761e-14	560	1.15607309341	-22	460	-22	460
1	"1"	"1"	6	FALSE	0	90	100	0	0	3.42901103761e-14	560	1.19015216827	-23	474	-23	474
1	"1"	"1"	6	FALSE	0	90	100	0	0	3.42901103761e-14	560	1.22344899178	-24	486	-24	486
1	"1"	"1"	6	FALSE	0	90	100	0	0	3.42901103761e-14	560	1.25670909882	-24	496	-24	496
1	"1"	"1"	6	FALSE	0	90	100	0	0	3.42901103761e-14	560	1.29005718231	-24	508	-24	508
1	"1"	"1"	6	FALSE	0	90	100	0	0	3.42901103761e-14	560	1.3233730793	-22	517	-22	517
1	"1"	"1"	6	FALSE	0	90	100	0	0	3.42901103761e-14	560	1.35654520988	-21	524	-21	524
1	"1"	"1"	6	FALSE	0	90	100	0	0	3.42901103761e-14	560	1.39004421234	-21	530	-21	530
1	"1"	"1"	6	FALSE	0	90	100	0	0	3.42901103761e-14	560	1.42364406586	-20	536	-20	536
1	"1"	"1"	6	FALSE	0	90	100	0	0	3.42901103761e-14	560	1.45698213577	-20	542	-20	542
1	"1"	"1"	6	FALSE	0	90	100	0	0	3.42901103761e-14	560	1.4903151989	-19	548	-19	548
1	"1"	"1"	6	FALSE	0	90	100	0	0	3.42901103761e-14	560	1.52371120453	-17	553	-17	553
1	"1"	"1"	6	FALSE	0	90	100	0	0	3.42901103761e-14	560	1.55683422089	-17	556	-17	556
1	"1"	"1"	6	FALSE	0	90	100	0	0	3.42901103761e-14	560	1.59019303322	-17	558	-17	558
1	"1"	"1"	6	FALSE	0	90	100	0	0	3.42901103761e-14	560	1.623691082	-17	559	-17	559
1	"1"	"1"	6	FALSE	0	90	100	0	0	3.42901103761e-14	560	1.6568300724	-16	560	-16	560
1	"1"	"1"	6	FALSE	0	90	100	0	0	3.42901103761e-14	560	1.69050717354	-15	561	-15	561
1	"1"	"1"	6	FALSE	0	90	100	0	0	3.42901103761e-14	560	1.72379398346	-13	563	-13	563
