"task_num"	"task_name"	"trial_type"	"trial_num"	"terminalfeedback_bool"	"rotation_angle"	"targetangle_deg"	"targetdistance_percmax"	"homex_px"	"homey_px"	"targetx_px"	"targety_px"	"time_s"	"mousex_px"	"mousey_px"	"cursorx_px"	"cursory_px"
"5121"	9	1	1	1	0	0	135	100	0	0	-395.979797464	395.979797464	1550248317.77	-1	-5	-1	-5
"5122"	9	1	1	1	0	0	135	100	0	0	-395.979797464	395.979797464	1550248317.8	-1	-5	-1	-5
"5123"	9	1	1	1	0	0	135	100	0	0	-395.979797464	395.979797464	1550248317.83	-1	-5	-1	-5
"5124"	9	1	1	1	0	0	135	100	0	0	-395.979797464	395.979797464	1550248317.87	-1	-5	-1	-5
"5125"	9	1	1	1	0	0	135	100	0	0	-395.979797464	395.979797464	1550248317.9	-1	-5	-1	-5
"5126"	9	1	1	1	0	0	135	100	0	0	-395.979797464	395.979797464	1550248317.93	-1	-5	-1	-5
"5127"	9	1	1	1	0	0	135	100	0	0	-395.979797464	395.979797464	1550248317.97	-1	-5	-1	-5
"5128"	9	1	1	1	0	0	135	100	0	0	-395.979797464	395.979797464	1550248318	-1	-5	-1	-5
"5129"	9	1	1	1	0	0	135	100	0	0	-395.979797464	395.979797464	1550248318.03	-1	-5	-1	-5
"5130"	9	1	1	1	0	0	135	100	0	0	-395.979797464	395.979797464	1550248318.07	-1	-5	-1	-5
"5131"	9	1	1	1	0	0	135	100	0	0	-395.979797464	395.979797464	1550248318.1	-1	-5	-1	-5
"5132"	9	1	1	1	0	0	135	100	0	0	-395.979797464	395.979797464	1550248318.13	-1	-5	-1	-5
"5133"	9	1	1	1	0	0	135	100	0	0	-395.979797464	395.979797464	1550248318.17	-1	-5	-1	-5
"5134"	9	1	1	1	0	0	135	100	0	0	-395.979797464	395.979797464	1550248318.2	-1	-5	-1	-5
"5135"	9	1	1	1	0	0	135	100	0	0	-395.979797464	395.979797464	1550248318.23	-1	-5	-1	-5
"5136"	9	1	1	1	0	0	135	100	0	0	-395.979797464	395.979797464	1550248318.27	-1	-5	-1	-5
"5137"	9	1	1	1	0	0	135	100	0	0	-395.979797464	395.979797464	1550248318.3	-1	-5	-1	-5
"5138"	9	1	1	1	0	0	135	100	0	0	-395.979797464	395.979797464	1550248318.33	-1	-5	-1	-5
"5139"	9	1	1	1	0	0	135	100	0	0	-395.979797464	395.979797464	1550248318.37	-1	-5	-1	-5
"5140"	9	1	1	1	0	0	135	100	0	0	-395.979797464	395.979797464	1550248318.4	-1	-5	-1	-5
"5141"	9	1	1	1	0	0	135	100	0	0	-395.979797464	395.979797464	1550248318.43	-1	-5	-1	-5
"5142"	9	1	1	1	0	0	135	100	0	0	-395.979797464	395.979797464	1550248318.47	-1	-5	-1	-5
"5143"	9	1	1	1	0	0	135	100	0	0	-395.979797464	395.979797464	1550248318.5	-1	-5	-1	-5
"5144"	9	1	1	1	0	0	135	100	0	0	-395.979797464	395.979797464	1550248318.53	-1	-5	-1	-5
"5145"	9	1	1	1	0	0	135	100	0	0	-395.979797464	395.979797464	1550248318.57	-1	-5	-1	-5
"5146"	9	1	1	1	0	0	135	100	0	0	-395.979797464	395.979797464	1550248318.6	-1	-5	-1	-5
"5147"	9	1	1	1	0	0	135	100	0	0	-395.979797464	395.979797464	1550248318.63	-1	-5	-1	-5
"5148"	9	1	1	1	0	0	135	100	0	0	-395.979797464	395.979797464	1550248318.67	-1	-5	-1	-5
"5149"	9	1	1	1	0	0	135	100	0	0	-395.979797464	395.979797464	1550248318.7	-1	-5	-1	-5
"5150"	9	1	1	1	0	0	135	100	0	0	-395.979797464	395.979797464	1550248318.73	-1	-5	-1	-5
"5151"	9	1	1	1	0	0	135	100	0	0	-395.979797464	395.979797464	1550248318.77	-1	-5	-1	-5
"5152"	9	1	1	1	0	0	135	100	0	0	-395.979797464	395.979797464	1550248318.8	-1	-5	-1	-5
"5153"	9	1	1	1	0	0	135	100	0	0	-395.979797464	395.979797464	1550248318.83	-1	-5	-1	-5
"5154"	9	1	1	1	0	0	135	100	0	0	-395.979797464	395.979797464	1550248318.87	-1	-5	-1	-5
"5155"	9	1	1	1	0	0	135	100	0	0	-395.979797464	395.979797464	1550248318.9	-1	-5	-1	-5
"5156"	9	1	1	1	0	0	135	100	0	0	-395.979797464	395.979797464	1550248318.93	-1	-5	-1	-5
"5157"	9	1	1	1	0	0	135	100	0	0	-395.979797464	395.979797464	1550248318.97	-1	-5	-1	-5
"5158"	9	1	1	1	0	0	135	100	0	0	-395.979797464	395.979797464	1550248319	-1	-5	-1	-5
"5159"	9	1	1	1	0	0	135	100	0	0	-395.979797464	395.979797464	1550248319.03	-1	-5	-1	-5
"5160"	9	1	1	1	0	0	135	100	0	0	-395.979797464	395.979797464	1550248319.07	-1	-5	-1	-5
"5161"	9	1	1	1	0	0	135	100	0	0	-395.979797464	395.979797464	1550248319.1	-1	-5	-1	-5
"5162"	9	1	1	1	0	0	135	100	0	0	-395.979797464	395.979797464	1550248319.13	-1	-5	-1	-5
"5163"	9	1	1	1	0	0	135	100	0	0	-395.979797464	395.979797464	1550248319.17	-5	-2	-5	-2
"5164"	9	1	1	1	0	0	135	100	0	0	-395.979797464	395.979797464	1550248319.2	-21	10	-21	10
"5165"	9	1	1	1	0	0	135	100	0	0	-395.979797464	395.979797464	1550248319.23	-46	28	-46	28
"5166"	9	1	1	1	0	0	135	100	0	0	-395.979797464	395.979797464	1550248319.27	-67	41	-67	41
"5167"	9	1	1	1	0	0	135	100	0	0	-395.979797464	395.979797464	1550248319.3	-85	52	-85	52
"5168"	9	1	1	1	0	0	135	100	0	0	-395.979797464	395.979797464	1550248319.33	-107	69	-107	69
"5169"	9	1	1	1	0	0	135	100	0	0	-395.979797464	395.979797464	1550248319.37	-133	88	-133	88
"5170"	9	1	1	1	0	0	135	100	0	0	-395.979797464	395.979797464	1550248319.4	-153	103	-153	103
"5171"	9	1	1	1	0	0	135	100	0	0	-395.979797464	395.979797464	1550248319.43	-171	119	-171	119
"5172"	9	1	1	1	0	0	135	100	0	0	-395.979797464	395.979797464	1550248319.47	-184	132	-184	132
"5173"	9	1	1	1	0	0	135	100	0	0	-395.979797464	395.979797464	1550248319.5	-200	157	-200	157
"5174"	9	1	1	1	0	0	135	100	0	0	-395.979797464	395.979797464	1550248319.53	-214	176	-214	176
"5175"	9	1	1	1	0	0	135	100	0	0	-395.979797464	395.979797464	1550248319.57	-232	198	-232	198
"5176"	9	1	1	1	0	0	135	100	0	0	-395.979797464	395.979797464	1550248319.6	-249	221	-249	221
"5177"	9	1	1	1	0	0	135	100	0	0	-395.979797464	395.979797464	1550248319.63	-260	237	-260	237
"5178"	9	1	1	1	0	0	135	100	0	0	-395.979797464	395.979797464	1550248319.67	-275	260	-275	260
"5179"	9	1	1	1	0	0	135	100	0	0	-395.979797464	395.979797464	1550248319.7	-289	281	-289	281
"5180"	9	1	1	1	0	0	135	100	0	0	-395.979797464	395.979797464	1550248319.73	-304	301	-304	301
"5181"	9	1	1	1	0	0	135	100	0	0	-395.979797464	395.979797464	1550248319.77	-312	312	-312	312
"5182"	9	1	1	1	0	0	135	100	0	0	-395.979797464	395.979797464	1550248319.8	-323	327	-323	327
"5183"	9	1	1	1	0	0	135	100	0	0	-395.979797464	395.979797464	1550248319.83	-334	341	-334	341
"5184"	9	1	1	1	0	0	135	100	0	0	-395.979797464	395.979797464	1550248319.87	-343	351	-343	351
"5185"	9	1	1	1	0	0	135	100	0	0	-395.979797464	395.979797464	1550248319.9	-354	362	-354	362
"5186"	9	1	1	1	0	0	135	100	0	0	-395.979797464	395.979797464	1550248319.93	-362	371	-362	371
"5187"	9	1	1	1	0	0	135	100	0	0	-395.979797464	395.979797464	1550248319.97	-369	379	-369	379
"5188"	9	1	1	1	0	0	135	100	0	0	-395.979797464	395.979797464	1550248320	-377	390	-377	390
"5189"	9	1	1	1	0	0	135	100	0	0	-395.979797464	395.979797464	1550248320.03	-387	401	-387	401
"5190"	9	1	1	1	0	0	135	100	0	0	-395.979797464	395.979797464	1550248320.07	-396	408	-396	408
"5191"	9	1	1	1	0	0	135	100	0	0	-395.979797464	395.979797464	1550248320.1	-402	412	-402	412
"5192"	9	1	1	1	0	0	135	100	0	0	-395.979797464	395.979797464	1550248320.13	-405	416	-405	416
"5193"	9	1	1	1	0	0	135	100	0	0	-395.979797464	395.979797464	1550248320.17	-407	416	-407	416
"5194"	9	1	1	1	0	0	135	100	0	0	-395.979797464	395.979797464	1550248320.2	-407	416	-407	416
"5195"	9	1	1	1	0	0	135	100	0	0	-395.979797464	395.979797464	1550248320.23	-407	416	-407	416
"5196"	9	1	1	1	0	0	135	100	0	0	-395.979797464	395.979797464	1550248320.27	-407	416	-407	416
"5197"	9	1	1	1	0	0	135	100	0	0	-395.979797464	395.979797464	1550248320.3	-407	417	-407	417
"5198"	9	1	1	1	0	0	135	100	0	0	-395.979797464	395.979797464	1550248320.33	-406	416	-406	416
"5199"	9	1	1	1	0	0	135	100	0	0	-395.979797464	395.979797464	1550248320.37	-404	412	-404	412
"5200"	9	1	1	1	0	0	135	100	0	0	-395.979797464	395.979797464	1550248320.4	-400	407	-400	407
"5201"	9	1	1	1	0	0	135	100	0	0	-395.979797464	395.979797464	1550248320.43	-397	402	-397	402
"5202"	9	1	1	1	0	0	135	100	0	0	-395.979797464	395.979797464	1550248320.47	-396	401	-396	401
"5203"	9	1	1	2	0	0	90	100	0	0	3.42901103761e-14	560	1550248322.01	10	-1	10	-1
"5204"	9	1	1	2	0	0	90	100	0	0	3.42901103761e-14	560	1550248322.04	11	-2	11	-2
"5205"	9	1	1	2	0	0	90	100	0	0	3.42901103761e-14	560	1550248322.07	11	-2	11	-2
"5206"	9	1	1	2	0	0	90	100	0	0	3.42901103761e-14	560	1550248322.1	11	-2	11	-2
"5207"	9	1	1	2	0	0	90	100	0	0	3.42901103761e-14	560	1550248322.14	11	-2	11	-2
"5208"	9	1	1	2	0	0	90	100	0	0	3.42901103761e-14	560	1550248322.17	11	-2	11	-2
"5209"	9	1	1	2	0	0	90	100	0	0	3.42901103761e-14	560	1550248322.2	11	-2	11	-2
"5210"	9	1	1	2	0	0	90	100	0	0	3.42901103761e-14	560	1550248322.24	11	-2	11	-2
"5211"	9	1	1	2	0	0	90	100	0	0	3.42901103761e-14	560	1550248322.27	11	-2	11	-2
"5212"	9	1	1	2	0	0	90	100	0	0	3.42901103761e-14	560	1550248322.3	11	-2	11	-2
"5213"	9	1	1	2	0	0	90	100	0	0	3.42901103761e-14	560	1550248322.34	11	-2	11	-2
"5214"	9	1	1	2	0	0	90	100	0	0	3.42901103761e-14	560	1550248322.37	11	-2	11	-2
"5215"	9	1	1	2	0	0	90	100	0	0	3.42901103761e-14	560	1550248322.4	11	-2	11	-2
"5216"	9	1	1	2	0	0	90	100	0	0	3.42901103761e-14	560	1550248322.44	11	-2	11	-2
"5217"	9	1	1	2	0	0	90	100	0	0	3.42901103761e-14	560	1550248322.47	11	-2	11	-2
"5218"	9	1	1	2	0	0	90	100	0	0	3.42901103761e-14	560	1550248322.5	11	-2	11	-2
"5219"	9	1	1	2	0	0	90	100	0	0	3.42901103761e-14	560	1550248322.54	11	-1	11	-1
"5220"	9	1	1	2	0	0	90	100	0	0	3.42901103761e-14	560	1550248322.57	11	2	11	2
"5221"	9	1	1	2	0	0	90	100	0	0	3.42901103761e-14	560	1550248322.6	10	13	10	13
"5222"	9	1	1	2	0	0	90	100	0	0	3.42901103761e-14	560	1550248322.64	9	33	9	33
"5223"	9	1	1	2	0	0	90	100	0	0	3.42901103761e-14	560	1550248322.67	7	62	7	62
"5224"	9	1	1	2	0	0	90	100	0	0	3.42901103761e-14	560	1550248322.7	5	82	5	82
"5225"	9	1	1	2	0	0	90	100	0	0	3.42901103761e-14	560	1550248322.74	3	102	3	102
"5226"	9	1	1	2	0	0	90	100	0	0	3.42901103761e-14	560	1550248322.77	1	132	1	132
"5227"	9	1	1	2	0	0	90	100	0	0	3.42901103761e-14	560	1550248322.8	0	163	0	163
"5228"	9	1	1	2	0	0	90	100	0	0	3.42901103761e-14	560	1550248322.84	1	193	1	193
"5229"	9	1	1	2	0	0	90	100	0	0	3.42901103761e-14	560	1550248322.87	3	223	3	223
"5230"	9	1	1	2	0	0	90	100	0	0	3.42901103761e-14	560	1550248322.9	4	257	4	257
"5231"	9	1	1	2	0	0	90	100	0	0	3.42901103761e-14	560	1550248322.94	4	285	4	285
"5232"	9	1	1	2	0	0	90	100	0	0	3.42901103761e-14	560	1550248322.97	4	307	4	307
"5233"	9	1	1	2	0	0	90	100	0	0	3.42901103761e-14	560	1550248323	5	333	5	333
"5234"	9	1	1	2	0	0	90	100	0	0	3.42901103761e-14	560	1550248323.04	5	355	5	355
"5235"	9	1	1	2	0	0	90	100	0	0	3.42901103761e-14	560	1550248323.07	5	378	5	378
"5236"	9	1	1	2	0	0	90	100	0	0	3.42901103761e-14	560	1550248323.1	4	396	4	396
"5237"	9	1	1	2	0	0	90	100	0	0	3.42901103761e-14	560	1550248323.14	2	411	2	411
"5238"	9	1	1	2	0	0	90	100	0	0	3.42901103761e-14	560	1550248323.17	0	427	0	427
"5239"	9	1	1	2	0	0	90	100	0	0	3.42901103761e-14	560	1550248323.2	0	437	0	437
"5240"	9	1	1	2	0	0	90	100	0	0	3.42901103761e-14	560	1550248323.24	-1	448	-1	448
"5241"	9	1	1	2	0	0	90	100	0	0	3.42901103761e-14	560	1550248323.27	-1	461	-1	461
"5242"	9	1	1	2	0	0	90	100	0	0	3.42901103761e-14	560	1550248323.3	-1	473	-1	473
"5243"	9	1	1	2	0	0	90	100	0	0	3.42901103761e-14	560	1550248323.34	-1	485	-1	485
"5244"	9	1	1	2	0	0	90	100	0	0	3.42901103761e-14	560	1550248323.37	-1	496	-1	496
"5245"	9	1	1	2	0	0	90	100	0	0	3.42901103761e-14	560	1550248323.4	-2	508	-2	508
"5246"	9	1	1	2	0	0	90	100	0	0	3.42901103761e-14	560	1550248323.44	-2	515	-2	515
"5247"	9	1	1	2	0	0	90	100	0	0	3.42901103761e-14	560	1550248323.47	-2	523	-2	523
"5248"	9	1	1	2	0	0	90	100	0	0	3.42901103761e-14	560	1550248323.5	-1	533	-1	533
"5249"	9	1	1	2	0	0	90	100	0	0	3.42901103761e-14	560	1550248323.54	0	539	0	539
"5250"	9	1	1	2	0	0	90	100	0	0	3.42901103761e-14	560	1550248323.57	1	545	1	545
"5251"	9	1	1	2	0	0	90	100	0	0	3.42901103761e-14	560	1550248323.6	1	548	1	548
"5252"	9	1	1	2	0	0	90	100	0	0	3.42901103761e-14	560	1550248323.64	1	554	1	554
"5253"	9	1	1	2	0	0	90	100	0	0	3.42901103761e-14	560	1550248323.67	1	556	1	556
"5254"	9	1	1	3	0	0	45	100	0	0	395.979797464	395.979797464	1550248325.35	4	-3	4	-3
"5255"	9	1	1	3	0	0	45	100	0	0	395.979797464	395.979797464	1550248325.37	4	-3	4	-3
"5256"	9	1	1	3	0	0	45	100	0	0	395.979797464	395.979797464	1550248325.4	4	-3	4	-3
"5257"	9	1	1	3	0	0	45	100	0	0	395.979797464	395.979797464	1550248325.44	4	-3	4	-3
"5258"	9	1	1	3	0	0	45	100	0	0	395.979797464	395.979797464	1550248325.47	4	-3	4	-3
"5259"	9	1	1	3	0	0	45	100	0	0	395.979797464	395.979797464	1550248325.5	4	-3	4	-3
"5260"	9	1	1	3	0	0	45	100	0	0	395.979797464	395.979797464	1550248325.54	4	-3	4	-3
"5261"	9	1	1	3	0	0	45	100	0	0	395.979797464	395.979797464	1550248325.57	4	-3	4	-3
"5262"	9	1	1	3	0	0	45	100	0	0	395.979797464	395.979797464	1550248325.6	4	-3	4	-3
"5263"	9	1	1	3	0	0	45	100	0	0	395.979797464	395.979797464	1550248325.64	4	-3	4	-3
"5264"	9	1	1	3	0	0	45	100	0	0	395.979797464	395.979797464	1550248325.67	4	-3	4	-3
"5265"	9	1	1	3	0	0	45	100	0	0	395.979797464	395.979797464	1550248325.7	5	-3	5	-3
"5266"	9	1	1	3	0	0	45	100	0	0	395.979797464	395.979797464	1550248325.74	6	1	6	1
"5267"	9	1	1	3	0	0	45	100	0	0	395.979797464	395.979797464	1550248325.77	11	8	11	8
"5268"	9	1	1	3	0	0	45	100	0	0	395.979797464	395.979797464	1550248325.8	18	17	18	17
"5269"	9	1	1	3	0	0	45	100	0	0	395.979797464	395.979797464	1550248325.84	31	32	31	32
"5270"	9	1	1	3	0	0	45	100	0	0	395.979797464	395.979797464	1550248325.87	46	50	46	50
"5271"	9	1	1	3	0	0	45	100	0	0	395.979797464	395.979797464	1550248325.9	66	70	66	70
"5272"	9	1	1	3	0	0	45	100	0	0	395.979797464	395.979797464	1550248325.94	86	89	86	89
"5273"	9	1	1	3	0	0	45	100	0	0	395.979797464	395.979797464	1550248325.97	109	110	109	110
"5274"	9	1	1	3	0	0	45	100	0	0	395.979797464	395.979797464	1550248326.01	134	136	134	136
"5275"	9	1	1	3	0	0	45	100	0	0	395.979797464	395.979797464	1550248326.04	157	158	157	158
"5276"	9	1	1	3	0	0	45	100	0	0	395.979797464	395.979797464	1550248326.07	185	182	185	182
"5277"	9	1	1	3	0	0	45	100	0	0	395.979797464	395.979797464	1550248326.11	211	204	211	204
"5278"	9	1	1	3	0	0	45	100	0	0	395.979797464	395.979797464	1550248326.14	236	222	236	222
"5279"	9	1	1	3	0	0	45	100	0	0	395.979797464	395.979797464	1550248326.17	259	237	259	237
"5280"	9	1	1	3	0	0	45	100	0	0	395.979797464	395.979797464	1550248326.21	277	250	277	250
"5281"	9	1	1	3	0	0	45	100	0	0	395.979797464	395.979797464	1550248326.24	291	262	291	262
"5282"	9	1	1	3	0	0	45	100	0	0	395.979797464	395.979797464	1550248326.27	303	273	303	273
"5283"	9	1	1	3	0	0	45	100	0	0	395.979797464	395.979797464	1550248326.31	317	285	317	285
"5284"	9	1	1	3	0	0	45	100	0	0	395.979797464	395.979797464	1550248326.34	329	298	329	298
"5285"	9	1	1	3	0	0	45	100	0	0	395.979797464	395.979797464	1550248326.37	335	308	335	308
"5286"	9	1	1	3	0	0	45	100	0	0	395.979797464	395.979797464	1550248326.41	344	322	344	322
"5287"	9	1	1	3	0	0	45	100	0	0	395.979797464	395.979797464	1550248326.44	348	333	348	333
"5288"	9	1	1	3	0	0	45	100	0	0	395.979797464	395.979797464	1550248326.47	353	342	353	342
"5289"	9	1	1	3	0	0	45	100	0	0	395.979797464	395.979797464	1550248326.51	358	352	358	352
"5290"	9	1	1	3	0	0	45	100	0	0	395.979797464	395.979797464	1550248326.54	363	360	363	360
"5291"	9	1	1	3	0	0	45	100	0	0	395.979797464	395.979797464	1550248326.57	368	368	368	368
"5292"	9	1	1	3	0	0	45	100	0	0	395.979797464	395.979797464	1550248326.61	371	372	371	372
"5293"	9	1	1	3	0	0	45	100	0	0	395.979797464	395.979797464	1550248326.64	375	378	375	378
"5294"	9	1	1	3	0	0	45	100	0	0	395.979797464	395.979797464	1550248326.67	380	383	380	383
"5295"	9	1	1	3	0	0	45	100	0	0	395.979797464	395.979797464	1550248326.71	382	386	382	386
"5296"	9	1	1	3	0	0	45	100	0	0	395.979797464	395.979797464	1550248326.74	385	389	385	389
"5297"	9	1	1	3	0	0	45	100	0	0	395.979797464	395.979797464	1550248326.77	388	391	388	391
"5298"	9	1	1	3	0	0	45	100	0	0	395.979797464	395.979797464	1550248326.81	389	392	389	392
"5299"	9	1	1	3	0	0	45	100	0	0	395.979797464	395.979797464	1550248326.84	390	393	390	393
"5300"	9	1	1	3	0	0	45	100	0	0	395.979797464	395.979797464	1550248326.87	392	394	392	394
"5301"	9	1	1	3	0	0	45	100	0	0	395.979797464	395.979797464	1550248326.91	395	397	395	397
"5302"	9	1	1	4	0	0	135	100	0	0	-395.979797464	395.979797464	1550248328.59	-11	-2	-11	-2
"5303"	9	1	1	4	0	0	135	100	0	0	-395.979797464	395.979797464	1550248328.61	-10	-3	-10	-3
"5304"	9	1	1	4	0	0	135	100	0	0	-395.979797464	395.979797464	1550248328.64	-8	-4	-8	-4
"5305"	9	1	1	4	0	0	135	100	0	0	-395.979797464	395.979797464	1550248328.67	-7	-5	-7	-5
"5306"	9	1	1	4	0	0	135	100	0	0	-395.979797464	395.979797464	1550248328.71	-6	-5	-6	-5
"5307"	9	1	1	4	0	0	135	100	0	0	-395.979797464	395.979797464	1550248328.74	-6	-5	-6	-5
"5308"	9	1	1	4	0	0	135	100	0	0	-395.979797464	395.979797464	1550248328.77	-5	-5	-5	-5
"5309"	9	1	1	4	0	0	135	100	0	0	-395.979797464	395.979797464	1550248328.81	-5	-5	-5	-5
"5310"	9	1	1	4	0	0	135	100	0	0	-395.979797464	395.979797464	1550248328.84	-5	-5	-5	-5
"5311"	9	1	1	4	0	0	135	100	0	0	-395.979797464	395.979797464	1550248328.87	-5	-5	-5	-5
"5312"	9	1	1	4	0	0	135	100	0	0	-395.979797464	395.979797464	1550248328.91	-5	-5	-5	-5
"5313"	9	1	1	4	0	0	135	100	0	0	-395.979797464	395.979797464	1550248328.94	-5	-5	-5	-5
"5314"	9	1	1	4	0	0	135	100	0	0	-395.979797464	395.979797464	1550248328.97	-5	-5	-5	-5
"5315"	9	1	1	4	0	0	135	100	0	0	-395.979797464	395.979797464	1550248329.01	-5	-5	-5	-5
"5316"	9	1	1	4	0	0	135	100	0	0	-395.979797464	395.979797464	1550248329.04	-6	-4	-6	-4
"5317"	9	1	1	4	0	0	135	100	0	0	-395.979797464	395.979797464	1550248329.07	-16	6	-16	6
"5318"	9	1	1	4	0	0	135	100	0	0	-395.979797464	395.979797464	1550248329.11	-38	34	-38	34
"5319"	9	1	1	4	0	0	135	100	0	0	-395.979797464	395.979797464	1550248329.14	-56	51	-56	51
"5320"	9	1	1	4	0	0	135	100	0	0	-395.979797464	395.979797464	1550248329.17	-79	72	-79	72
"5321"	9	1	1	4	0	0	135	100	0	0	-395.979797464	395.979797464	1550248329.21	-101	94	-101	94
"5322"	9	1	1	4	0	0	135	100	0	0	-395.979797464	395.979797464	1550248329.24	-123	115	-123	115
"5323"	9	1	1	4	0	0	135	100	0	0	-395.979797464	395.979797464	1550248329.27	-136	130	-136	130
"5324"	9	1	1	4	0	0	135	100	0	0	-395.979797464	395.979797464	1550248329.31	-151	146	-151	146
"5325"	9	1	1	4	0	0	135	100	0	0	-395.979797464	395.979797464	1550248329.34	-165	162	-165	162
"5326"	9	1	1	4	0	0	135	100	0	0	-395.979797464	395.979797464	1550248329.37	-178	175	-178	175
"5327"	9	1	1	4	0	0	135	100	0	0	-395.979797464	395.979797464	1550248329.41	-194	190	-194	190
"5328"	9	1	1	4	0	0	135	100	0	0	-395.979797464	395.979797464	1550248329.44	-211	205	-211	205
"5329"	9	1	1	4	0	0	135	100	0	0	-395.979797464	395.979797464	1550248329.47	-231	220	-231	220
"5330"	9	1	1	4	0	0	135	100	0	0	-395.979797464	395.979797464	1550248329.51	-245	230	-245	230
"5331"	9	1	1	4	0	0	135	100	0	0	-395.979797464	395.979797464	1550248329.54	-263	244	-263	244
"5332"	9	1	1	4	0	0	135	100	0	0	-395.979797464	395.979797464	1550248329.57	-279	257	-279	257
"5333"	9	1	1	4	0	0	135	100	0	0	-395.979797464	395.979797464	1550248329.61	-291	266	-291	266
"5334"	9	1	1	4	0	0	135	100	0	0	-395.979797464	395.979797464	1550248329.64	-303	276	-303	276
"5335"	9	1	1	4	0	0	135	100	0	0	-395.979797464	395.979797464	1550248329.67	-315	286	-315	286
"5336"	9	1	1	4	0	0	135	100	0	0	-395.979797464	395.979797464	1550248329.71	-324	298	-324	298
"5337"	9	1	1	4	0	0	135	100	0	0	-395.979797464	395.979797464	1550248329.74	-334	312	-334	312
"5338"	9	1	1	4	0	0	135	100	0	0	-395.979797464	395.979797464	1550248329.77	-342	324	-342	324
"5339"	9	1	1	4	0	0	135	100	0	0	-395.979797464	395.979797464	1550248329.81	-349	335	-349	335
"5340"	9	1	1	4	0	0	135	100	0	0	-395.979797464	395.979797464	1550248329.84	-354	344	-354	344
"5341"	9	1	1	4	0	0	135	100	0	0	-395.979797464	395.979797464	1550248329.87	-358	352	-358	352
"5342"	9	1	1	4	0	0	135	100	0	0	-395.979797464	395.979797464	1550248329.91	-362	358	-362	358
"5343"	9	1	1	4	0	0	135	100	0	0	-395.979797464	395.979797464	1550248329.94	-364	362	-364	362
"5344"	9	1	1	4	0	0	135	100	0	0	-395.979797464	395.979797464	1550248329.97	-366	366	-366	366
"5345"	9	1	1	4	0	0	135	100	0	0	-395.979797464	395.979797464	1550248330.01	-370	371	-370	371
"5346"	9	1	1	4	0	0	135	100	0	0	-395.979797464	395.979797464	1550248330.04	-373	376	-373	376
"5347"	9	1	1	4	0	0	135	100	0	0	-395.979797464	395.979797464	1550248330.07	-375	379	-375	379
"5348"	9	1	1	4	0	0	135	100	0	0	-395.979797464	395.979797464	1550248330.11	-378	381	-378	381
"5349"	9	1	1	4	0	0	135	100	0	0	-395.979797464	395.979797464	1550248330.14	-381	384	-381	384
"5350"	9	1	1	4	0	0	135	100	0	0	-395.979797464	395.979797464	1550248330.17	-383	387	-383	387
"5351"	9	1	1	4	0	0	135	100	0	0	-395.979797464	395.979797464	1550248330.21	-386	389	-386	389
"5352"	9	1	1	4	0	0	135	100	0	0	-395.979797464	395.979797464	1550248330.24	-388	391	-388	391
"5353"	9	1	1	5	0	0	45	100	0	0	395.979797464	395.979797464	1550248331.79	-2	-3	-2	-3
"5354"	9	1	1	5	0	0	45	100	0	0	395.979797464	395.979797464	1550248331.81	-1	-4	-1	-4
"5355"	9	1	1	5	0	0	45	100	0	0	395.979797464	395.979797464	1550248331.84	0	-4	0	-4
"5356"	9	1	1	5	0	0	45	100	0	0	395.979797464	395.979797464	1550248331.88	0	-4	0	-4
"5357"	9	1	1	5	0	0	45	100	0	0	395.979797464	395.979797464	1550248331.91	0	-4	0	-4
"5358"	9	1	1	5	0	0	45	100	0	0	395.979797464	395.979797464	1550248331.94	0	-4	0	-4
"5359"	9	1	1	5	0	0	45	100	0	0	395.979797464	395.979797464	1550248331.98	0	-4	0	-4
"5360"	9	1	1	5	0	0	45	100	0	0	395.979797464	395.979797464	1550248332.01	0	-4	0	-4
"5361"	9	1	1	5	0	0	45	100	0	0	395.979797464	395.979797464	1550248332.04	0	-4	0	-4
"5362"	9	1	1	5	0	0	45	100	0	0	395.979797464	395.979797464	1550248332.08	0	-4	0	-4
"5363"	9	1	1	5	0	0	45	100	0	0	395.979797464	395.979797464	1550248332.11	0	-4	0	-4
"5364"	9	1	1	5	0	0	45	100	0	0	395.979797464	395.979797464	1550248332.14	0	-4	0	-4
"5365"	9	1	1	5	0	0	45	100	0	0	395.979797464	395.979797464	1550248332.18	0	-4	0	-4
"5366"	9	1	1	5	0	0	45	100	0	0	395.979797464	395.979797464	1550248332.21	2	-3	2	-3
"5367"	9	1	1	5	0	0	45	100	0	0	395.979797464	395.979797464	1550248332.24	7	0	7	0
"5368"	9	1	1	5	0	0	45	100	0	0	395.979797464	395.979797464	1550248332.28	17	8	17	8
"5369"	9	1	1	5	0	0	45	100	0	0	395.979797464	395.979797464	1550248332.31	30	17	30	17
"5370"	9	1	1	5	0	0	45	100	0	0	395.979797464	395.979797464	1550248332.34	44	27	44	27
"5371"	9	1	1	5	0	0	45	100	0	0	395.979797464	395.979797464	1550248332.38	57	37	57	37
"5372"	9	1	1	5	0	0	45	100	0	0	395.979797464	395.979797464	1550248332.41	74	50	74	50
"5373"	9	1	1	5	0	0	45	100	0	0	395.979797464	395.979797464	1550248332.44	90	65	90	65
"5374"	9	1	1	5	0	0	45	100	0	0	395.979797464	395.979797464	1550248332.48	102	76	102	76
"5375"	9	1	1	5	0	0	45	100	0	0	395.979797464	395.979797464	1550248332.51	117	90	117	90
"5376"	9	1	1	5	0	0	45	100	0	0	395.979797464	395.979797464	1550248332.54	132	106	132	106
"5377"	9	1	1	5	0	0	45	100	0	0	395.979797464	395.979797464	1550248332.58	148	125	148	125
"5378"	9	1	1	5	0	0	45	100	0	0	395.979797464	395.979797464	1550248332.61	161	137	161	137
"5379"	9	1	1	5	0	0	45	100	0	0	395.979797464	395.979797464	1550248332.64	178	151	178	151
"5380"	9	1	1	5	0	0	45	100	0	0	395.979797464	395.979797464	1550248332.68	198	171	198	171
"5381"	9	1	1	5	0	0	45	100	0	0	395.979797464	395.979797464	1550248332.71	210	183	210	183
"5382"	9	1	1	5	0	0	45	100	0	0	395.979797464	395.979797464	1550248332.74	227	199	227	199
"5383"	9	1	1	5	0	0	45	100	0	0	395.979797464	395.979797464	1550248332.78	250	221	250	221
"5384"	9	1	1	5	0	0	45	100	0	0	395.979797464	395.979797464	1550248332.81	264	234	264	234
"5385"	9	1	1	5	0	0	45	100	0	0	395.979797464	395.979797464	1550248332.84	276	246	276	246
"5386"	9	1	1	5	0	0	45	100	0	0	395.979797464	395.979797464	1550248332.88	290	263	290	263
"5387"	9	1	1	5	0	0	45	100	0	0	395.979797464	395.979797464	1550248332.91	302	276	302	276
"5388"	9	1	1	5	0	0	45	100	0	0	395.979797464	395.979797464	1550248332.94	311	286	311	286
"5389"	9	1	1	5	0	0	45	100	0	0	395.979797464	395.979797464	1550248332.98	323	300	323	300
"5390"	9	1	1	5	0	0	45	100	0	0	395.979797464	395.979797464	1550248333.01	332	311	332	311
"5391"	9	1	1	5	0	0	45	100	0	0	395.979797464	395.979797464	1550248333.04	339	319	339	319
"5392"	9	1	1	5	0	0	45	100	0	0	395.979797464	395.979797464	1550248333.08	348	331	348	331
"5393"	9	1	1	5	0	0	45	100	0	0	395.979797464	395.979797464	1550248333.11	355	340	355	340
"5394"	9	1	1	5	0	0	45	100	0	0	395.979797464	395.979797464	1550248333.14	361	347	361	347
"5395"	9	1	1	5	0	0	45	100	0	0	395.979797464	395.979797464	1550248333.18	368	355	368	355
"5396"	9	1	1	5	0	0	45	100	0	0	395.979797464	395.979797464	1550248333.21	372	363	372	363
"5397"	9	1	1	5	0	0	45	100	0	0	395.979797464	395.979797464	1550248333.24	377	371	377	371
"5398"	9	1	1	5	0	0	45	100	0	0	395.979797464	395.979797464	1550248333.28	386	381	386	381
"5399"	9	1	1	5	0	0	45	100	0	0	395.979797464	395.979797464	1550248333.31	394	389	394	389
"5400"	9	1	1	5	0	0	45	100	0	0	395.979797464	395.979797464	1550248333.34	397	392	397	392
"5401"	9	1	1	5	0	0	45	100	0	0	395.979797464	395.979797464	1550248333.38	401	396	401	396
"5402"	9	1	1	5	0	0	45	100	0	0	395.979797464	395.979797464	1550248333.41	405	400	405	400
"5403"	9	1	1	6	0	0	90	100	0	0	3.42901103761e-14	560	1550248334.99	4	1	4	1
"5404"	9	1	1	6	0	0	90	100	0	0	3.42901103761e-14	560	1550248335.01	4	1	4	1
"5405"	9	1	1	6	0	0	90	100	0	0	3.42901103761e-14	560	1550248335.05	4	1	4	1
"5406"	9	1	1	6	0	0	90	100	0	0	3.42901103761e-14	560	1550248335.08	4	1	4	1
"5407"	9	1	1	6	0	0	90	100	0	0	3.42901103761e-14	560	1550248335.11	4	0	4	0
"5408"	9	1	1	6	0	0	90	100	0	0	3.42901103761e-14	560	1550248335.15	4	0	4	0
"5409"	9	1	1	6	0	0	90	100	0	0	3.42901103761e-14	560	1550248335.18	4	0	4	0
"5410"	9	1	1	6	0	0	90	100	0	0	3.42901103761e-14	560	1550248335.21	4	0	4	0
"5411"	9	1	1	6	0	0	90	100	0	0	3.42901103761e-14	560	1550248335.25	4	0	4	0
"5412"	9	1	1	6	0	0	90	100	0	0	3.42901103761e-14	560	1550248335.28	4	0	4	0
"5413"	9	1	1	6	0	0	90	100	0	0	3.42901103761e-14	560	1550248335.31	4	0	4	0
"5414"	9	1	1	6	0	0	90	100	0	0	3.42901103761e-14	560	1550248335.35	4	0	4	0
"5415"	9	1	1	6	0	0	90	100	0	0	3.42901103761e-14	560	1550248335.38	4	0	4	0
"5416"	9	1	1	6	0	0	90	100	0	0	3.42901103761e-14	560	1550248335.41	4	0	4	0
"5417"	9	1	1	6	0	0	90	100	0	0	3.42901103761e-14	560	1550248335.45	4	0	4	0
"5418"	9	1	1	6	0	0	90	100	0	0	3.42901103761e-14	560	1550248335.48	4	0	4	0
"5419"	9	1	1	6	0	0	90	100	0	0	3.42901103761e-14	560	1550248335.51	1	16	1	16
"5420"	9	1	1	6	0	0	90	100	0	0	3.42901103761e-14	560	1550248335.55	-2	40	-2	40
"5421"	9	1	1	6	0	0	90	100	0	0	3.42901103761e-14	560	1550248335.58	-6	68	-6	68
"5422"	9	1	1	6	0	0	90	100	0	0	3.42901103761e-14	560	1550248335.61	-7	94	-7	94
"5423"	9	1	1	6	0	0	90	100	0	0	3.42901103761e-14	560	1550248335.65	-5	124	-5	124
"5424"	9	1	1	6	0	0	90	100	0	0	3.42901103761e-14	560	1550248335.68	-3	155	-3	155
"5425"	9	1	1	6	0	0	90	100	0	0	3.42901103761e-14	560	1550248335.71	1	182	1	182
"5426"	9	1	1	6	0	0	90	100	0	0	3.42901103761e-14	560	1550248335.75	5	213	5	213
"5427"	9	1	1	6	0	0	90	100	0	0	3.42901103761e-14	560	1550248335.78	8	245	8	245
"5428"	9	1	1	6	0	0	90	100	0	0	3.42901103761e-14	560	1550248335.81	9	271	9	271
"5429"	9	1	1	6	0	0	90	100	0	0	3.42901103761e-14	560	1550248335.85	11	296	11	296
"5430"	9	1	1	6	0	0	90	100	0	0	3.42901103761e-14	560	1550248335.88	13	322	13	322
"5431"	9	1	1	6	0	0	90	100	0	0	3.42901103761e-14	560	1550248335.91	15	348	15	348
"5432"	9	1	1	6	0	0	90	100	0	0	3.42901103761e-14	560	1550248335.95	16	368	16	368
"5433"	9	1	1	6	0	0	90	100	0	0	3.42901103761e-14	560	1550248335.98	16	393	16	393
"5434"	9	1	1	6	0	0	90	100	0	0	3.42901103761e-14	560	1550248336.01	16	408	16	408
"5435"	9	1	1	6	0	0	90	100	0	0	3.42901103761e-14	560	1550248336.05	16	421	16	421
"5436"	9	1	1	6	0	0	90	100	0	0	3.42901103761e-14	560	1550248336.08	15	436	15	436
"5437"	9	1	1	6	0	0	90	100	0	0	3.42901103761e-14	560	1550248336.11	16	452	16	452
"5438"	9	1	1	6	0	0	90	100	0	0	3.42901103761e-14	560	1550248336.15	15	466	15	466
"5439"	9	1	1	6	0	0	90	100	0	0	3.42901103761e-14	560	1550248336.18	14	478	14	478
"5440"	9	1	1	6	0	0	90	100	0	0	3.42901103761e-14	560	1550248336.21	11	490	11	490
"5441"	9	1	1	6	0	0	90	100	0	0	3.42901103761e-14	560	1550248336.25	8	499	8	499
"5442"	9	1	1	6	0	0	90	100	0	0	3.42901103761e-14	560	1550248336.28	7	507	7	507
"5443"	9	1	1	6	0	0	90	100	0	0	3.42901103761e-14	560	1550248336.31	6	515	6	515
"5444"	9	1	1	6	0	0	90	100	0	0	3.42901103761e-14	560	1550248336.35	5	522	5	522
"5445"	9	1	1	6	0	0	90	100	0	0	3.42901103761e-14	560	1550248336.38	3	529	3	529
"5446"	9	1	1	6	0	0	90	100	0	0	3.42901103761e-14	560	1550248336.41	2	535	2	535
"5447"	9	1	1	6	0	0	90	100	0	0	3.42901103761e-14	560	1550248336.45	0	542	0	542
"5448"	9	1	1	6	0	0	90	100	0	0	3.42901103761e-14	560	1550248336.48	-1	546	-1	546
"5449"	9	1	1	6	0	0	90	100	0	0	3.42901103761e-14	560	1550248336.51	-1	549	-1	549
"5450"	9	1	1	6	0	0	90	100	0	0	3.42901103761e-14	560	1550248336.55	-2	551	-2	551
"5451"	9	1	1	6	0	0	90	100	0	0	3.42901103761e-14	560	1550248336.58	-2	553	-2	553
"5452"	9	1	1	7	0	0	45	100	0	0	395.979797464	395.979797464	1550248338.49	0	-8	0	-8
"5453"	9	1	1	7	0	0	45	100	0	0	395.979797464	395.979797464	1550248338.51	0	-8	0	-8
"5454"	9	1	1	7	0	0	45	100	0	0	395.979797464	395.979797464	1550248338.55	1	-8	1	-8
"5455"	9	1	1	7	0	0	45	100	0	0	395.979797464	395.979797464	1550248338.58	1	-8	1	-8
"5456"	9	1	1	7	0	0	45	100	0	0	395.979797464	395.979797464	1550248338.61	1	-8	1	-8
"5457"	9	1	1	7	0	0	45	100	0	0	395.979797464	395.979797464	1550248338.65	1	-8	1	-8
"5458"	9	1	1	7	0	0	45	100	0	0	395.979797464	395.979797464	1550248338.68	1	-8	1	-8
"5459"	9	1	1	7	0	0	45	100	0	0	395.979797464	395.979797464	1550248338.71	1	-8	1	-8
"5460"	9	1	1	7	0	0	45	100	0	0	395.979797464	395.979797464	1550248338.75	1	-8	1	-8
"5461"	9	1	1	7	0	0	45	100	0	0	395.979797464	395.979797464	1550248338.78	1	-8	1	-8
"5462"	9	1	1	7	0	0	45	100	0	0	395.979797464	395.979797464	1550248338.81	1	-8	1	-8
"5463"	9	1	1	7	0	0	45	100	0	0	395.979797464	395.979797464	1550248338.85	1	-8	1	-8
"5464"	9	1	1	7	0	0	45	100	0	0	395.979797464	395.979797464	1550248338.88	1	-8	1	-8
"5465"	9	1	1	7	0	0	45	100	0	0	395.979797464	395.979797464	1550248338.91	1	-8	1	-8
"5466"	9	1	1	7	0	0	45	100	0	0	395.979797464	395.979797464	1550248338.95	5	-5	5	-5
"5467"	9	1	1	7	0	0	45	100	0	0	395.979797464	395.979797464	1550248338.98	12	4	12	4
"5468"	9	1	1	7	0	0	45	100	0	0	395.979797464	395.979797464	1550248339.01	20	16	20	16
"5469"	9	1	1	7	0	0	45	100	0	0	395.979797464	395.979797464	1550248339.05	29	28	29	28
"5470"	9	1	1	7	0	0	45	100	0	0	395.979797464	395.979797464	1550248339.08	39	43	39	43
"5471"	9	1	1	7	0	0	45	100	0	0	395.979797464	395.979797464	1550248339.12	49	56	49	56
"5472"	9	1	1	7	0	0	45	100	0	0	395.979797464	395.979797464	1550248339.15	62	71	62	71
"5473"	9	1	1	7	0	0	45	100	0	0	395.979797464	395.979797464	1550248339.18	77	86	77	86
"5474"	9	1	1	7	0	0	45	100	0	0	395.979797464	395.979797464	1550248339.22	90	101	90	101
"5475"	9	1	1	7	0	0	45	100	0	0	395.979797464	395.979797464	1550248339.25	103	113	103	113
"5476"	9	1	1	7	0	0	45	100	0	0	395.979797464	395.979797464	1550248339.28	113	125	113	125
"5477"	9	1	1	7	0	0	45	100	0	0	395.979797464	395.979797464	1550248339.32	124	138	124	138
"5478"	9	1	1	7	0	0	45	100	0	0	395.979797464	395.979797464	1550248339.35	136	152	136	152
"5479"	9	1	1	7	0	0	45	100	0	0	395.979797464	395.979797464	1550248339.38	147	163	147	163
"5480"	9	1	1	7	0	0	45	100	0	0	395.979797464	395.979797464	1550248339.42	161	177	161	177
"5481"	9	1	1	7	0	0	45	100	0	0	395.979797464	395.979797464	1550248339.45	174	188	174	188
"5482"	9	1	1	7	0	0	45	100	0	0	395.979797464	395.979797464	1550248339.48	189	201	189	201
"5483"	9	1	1	7	0	0	45	100	0	0	395.979797464	395.979797464	1550248339.52	206	215	206	215
"5484"	9	1	1	7	0	0	45	100	0	0	395.979797464	395.979797464	1550248339.55	222	230	222	230
"5485"	9	1	1	7	0	0	45	100	0	0	395.979797464	395.979797464	1550248339.58	239	241	239	241
"5486"	9	1	1	7	0	0	45	100	0	0	395.979797464	395.979797464	1550248339.62	254	252	254	252
"5487"	9	1	1	7	0	0	45	100	0	0	395.979797464	395.979797464	1550248339.65	279	267	279	267
"5488"	9	1	1	7	0	0	45	100	0	0	395.979797464	395.979797464	1550248339.68	300	280	300	280
"5489"	9	1	1	7	0	0	45	100	0	0	395.979797464	395.979797464	1550248339.72	314	288	314	288
"5490"	9	1	1	7	0	0	45	100	0	0	395.979797464	395.979797464	1550248339.75	331	301	331	301
"5491"	9	1	1	7	0	0	45	100	0	0	395.979797464	395.979797464	1550248339.78	348	314	348	314
"5492"	9	1	1	7	0	0	45	100	0	0	395.979797464	395.979797464	1550248339.82	363	327	363	327
"5493"	9	1	1	7	0	0	45	100	0	0	395.979797464	395.979797464	1550248339.85	373	338	373	338
"5494"	9	1	1	7	0	0	45	100	0	0	395.979797464	395.979797464	1550248339.88	383	350	383	350
"5495"	9	1	1	7	0	0	45	100	0	0	395.979797464	395.979797464	1550248339.92	389	359	389	359
"5496"	9	1	1	7	0	0	45	100	0	0	395.979797464	395.979797464	1550248339.95	394	368	394	368
"5497"	9	1	1	7	0	0	45	100	0	0	395.979797464	395.979797464	1550248339.98	397	376	397	376
"5498"	9	1	1	7	0	0	45	100	0	0	395.979797464	395.979797464	1550248340.02	399	381	399	381
"5499"	9	1	1	7	0	0	45	100	0	0	395.979797464	395.979797464	1550248340.05	402	387	402	387
"5500"	9	1	1	7	0	0	45	100	0	0	395.979797464	395.979797464	1550248340.08	403	392	403	392
"5501"	9	1	1	7	0	0	45	100	0	0	395.979797464	395.979797464	1550248340.12	404	396	404	396
"5502"	9	1	1	8	0	0	90	100	0	0	3.42901103761e-14	560	1550248342	-6	-3	-6	-3
"5503"	9	1	1	8	0	0	90	100	0	0	3.42901103761e-14	560	1550248342.02	-6	-3	-6	-3
"5504"	9	1	1	8	0	0	90	100	0	0	3.42901103761e-14	560	1550248342.05	-6	-3	-6	-3
"5505"	9	1	1	8	0	0	90	100	0	0	3.42901103761e-14	560	1550248342.08	-6	-3	-6	-3
"5506"	9	1	1	8	0	0	90	100	0	0	3.42901103761e-14	560	1550248342.12	-6	-3	-6	-3
"5507"	9	1	1	8	0	0	90	100	0	0	3.42901103761e-14	560	1550248342.15	-6	-3	-6	-3
"5508"	9	1	1	8	0	0	90	100	0	0	3.42901103761e-14	560	1550248342.18	-4	-2	-4	-2
"5509"	9	1	1	8	0	0	90	100	0	0	3.42901103761e-14	560	1550248342.22	-2	-1	-2	-1
"5510"	9	1	1	8	0	0	90	100	0	0	3.42901103761e-14	560	1550248342.25	1	0	1	0
"5511"	9	1	1	8	0	0	90	100	0	0	3.42901103761e-14	560	1550248342.28	2	0	2	0
"5512"	9	1	1	8	0	0	90	100	0	0	3.42901103761e-14	560	1550248342.32	2	0	2	0
"5513"	9	1	1	8	0	0	90	100	0	0	3.42901103761e-14	560	1550248342.35	2	0	2	0
"5514"	9	1	1	8	0	0	90	100	0	0	3.42901103761e-14	560	1550248342.38	2	0	2	0
"5515"	9	1	1	8	0	0	90	100	0	0	3.42901103761e-14	560	1550248342.42	2	0	2	0
"5516"	9	1	1	8	0	0	90	100	0	0	3.42901103761e-14	560	1550248342.45	4	6	4	6
"5517"	9	1	1	8	0	0	90	100	0	0	3.42901103761e-14	560	1550248342.48	8	31	8	31
"5518"	9	1	1	8	0	0	90	100	0	0	3.42901103761e-14	560	1550248342.52	10	62	10	62
"5519"	9	1	1	8	0	0	90	100	0	0	3.42901103761e-14	560	1550248342.55	10	89	10	89
"5520"	9	1	1	8	0	0	90	100	0	0	3.42901103761e-14	560	1550248342.58	15	123	15	123
"5521"	9	1	1	8	0	0	90	100	0	0	3.42901103761e-14	560	1550248342.62	19	150	19	150
"5522"	9	1	1	8	0	0	90	100	0	0	3.42901103761e-14	560	1550248342.65	20	182	20	182
"5523"	9	1	1	8	0	0	90	100	0	0	3.42901103761e-14	560	1550248342.68	19	202	19	202
"5524"	9	1	1	8	0	0	90	100	0	0	3.42901103761e-14	560	1550248342.72	19	222	19	222
"5525"	9	1	1	8	0	0	90	100	0	0	3.42901103761e-14	560	1550248342.75	17	239	17	239
"5526"	9	1	1	8	0	0	90	100	0	0	3.42901103761e-14	560	1550248342.78	14	259	14	259
"5527"	9	1	1	8	0	0	90	100	0	0	3.42901103761e-14	560	1550248342.82	11	280	11	280
"5528"	9	1	1	8	0	0	90	100	0	0	3.42901103761e-14	560	1550248342.85	8	300	8	300
"5529"	9	1	1	8	0	0	90	100	0	0	3.42901103761e-14	560	1550248342.88	7	313	7	313
"5530"	9	1	1	8	0	0	90	100	0	0	3.42901103761e-14	560	1550248342.92	6	328	6	328
"5531"	9	1	1	8	0	0	90	100	0	0	3.42901103761e-14	560	1550248342.95	7	341	7	341
"5532"	9	1	1	8	0	0	90	100	0	0	3.42901103761e-14	560	1550248342.98	9	357	9	357
"5533"	9	1	1	8	0	0	90	100	0	0	3.42901103761e-14	560	1550248343.02	11	370	11	370
"5534"	9	1	1	8	0	0	90	100	0	0	3.42901103761e-14	560	1550248343.05	12	386	12	386
"5535"	9	1	1	8	0	0	90	100	0	0	3.42901103761e-14	560	1550248343.08	13	401	13	401
"5536"	9	1	1	8	0	0	90	100	0	0	3.42901103761e-14	560	1550248343.12	13	414	13	414
"5537"	9	1	1	8	0	0	90	100	0	0	3.42901103761e-14	560	1550248343.15	12	433	12	433
"5538"	9	1	1	8	0	0	90	100	0	0	3.42901103761e-14	560	1550248343.18	12	446	12	446
"5539"	9	1	1	8	0	0	90	100	0	0	3.42901103761e-14	560	1550248343.22	12	458	12	458
"5540"	9	1	1	8	0	0	90	100	0	0	3.42901103761e-14	560	1550248343.25	12	470	12	470
"5541"	9	1	1	8	0	0	90	100	0	0	3.42901103761e-14	560	1550248343.28	12	480	12	480
"5542"	9	1	1	8	0	0	90	100	0	0	3.42901103761e-14	560	1550248343.32	13	492	13	492
"5543"	9	1	1	8	0	0	90	100	0	0	3.42901103761e-14	560	1550248343.35	14	499	14	499
"5544"	9	1	1	8	0	0	90	100	0	0	3.42901103761e-14	560	1550248343.39	14	507	14	507
"5545"	9	1	1	8	0	0	90	100	0	0	3.42901103761e-14	560	1550248343.42	15	518	15	518
"5546"	9	1	1	8	0	0	90	100	0	0	3.42901103761e-14	560	1550248343.45	16	527	16	527
"5547"	9	1	1	8	0	0	90	100	0	0	3.42901103761e-14	560	1550248343.49	16	534	16	534
"5548"	9	1	1	8	0	0	90	100	0	0	3.42901103761e-14	560	1550248343.52	16	540	16	540
"5549"	9	1	1	8	0	0	90	100	0	0	3.42901103761e-14	560	1550248343.55	16	548	16	548
"5550"	9	1	1	8	0	0	90	100	0	0	3.42901103761e-14	560	1550248343.59	16	553	16	553
"5551"	9	1	1	8	0	0	90	100	0	0	3.42901103761e-14	560	1550248343.62	15	558	15	558
"5552"	9	1	1	8	0	0	90	100	0	0	3.42901103761e-14	560	1550248343.65	14	562	14	562
"5553"	9	1	1	8	0	0	90	100	0	0	3.42901103761e-14	560	1550248343.69	12	565	12	565
"5554"	9	1	1	9	0	0	135	100	0	0	-395.979797464	395.979797464	1550248345.43	1	-6	1	-6
"5555"	9	1	1	9	0	0	135	100	0	0	-395.979797464	395.979797464	1550248345.45	1	-6	1	-6
"5556"	9	1	1	9	0	0	135	100	0	0	-395.979797464	395.979797464	1550248345.49	1	-6	1	-6
"5557"	9	1	1	9	0	0	135	100	0	0	-395.979797464	395.979797464	1550248345.52	1	-6	1	-6
"5558"	9	1	1	9	0	0	135	100	0	0	-395.979797464	395.979797464	1550248345.55	2	-6	2	-6
"5559"	9	1	1	9	0	0	135	100	0	0	-395.979797464	395.979797464	1550248345.59	2	-6	2	-6
"5560"	9	1	1	9	0	0	135	100	0	0	-395.979797464	395.979797464	1550248345.62	2	-6	2	-6
"5561"	9	1	1	9	0	0	135	100	0	0	-395.979797464	395.979797464	1550248345.65	2	-6	2	-6
"5562"	9	1	1	9	0	0	135	100	0	0	-395.979797464	395.979797464	1550248345.69	2	-6	2	-6
"5563"	9	1	1	9	0	0	135	100	0	0	-395.979797464	395.979797464	1550248345.72	2	-6	2	-6
"5564"	9	1	1	9	0	0	135	100	0	0	-395.979797464	395.979797464	1550248345.75	2	-6	2	-6
"5565"	9	1	1	9	0	0	135	100	0	0	-395.979797464	395.979797464	1550248345.79	2	-6	2	-6
"5566"	9	1	1	9	0	0	135	100	0	0	-395.979797464	395.979797464	1550248345.82	2	-6	2	-6
"5567"	9	1	1	9	0	0	135	100	0	0	-395.979797464	395.979797464	1550248345.85	2	-5	2	-5
"5568"	9	1	1	9	0	0	135	100	0	0	-395.979797464	395.979797464	1550248345.89	-2	-1	-2	-1
"5569"	9	1	1	9	0	0	135	100	0	0	-395.979797464	395.979797464	1550248345.92	-20	23	-20	23
"5570"	9	1	1	9	0	0	135	100	0	0	-395.979797464	395.979797464	1550248345.95	-39	46	-39	46
"5571"	9	1	1	9	0	0	135	100	0	0	-395.979797464	395.979797464	1550248345.99	-59	67	-59	67
"5572"	9	1	1	9	0	0	135	100	0	0	-395.979797464	395.979797464	1550248346.02	-78	85	-78	85
"5573"	9	1	1	9	0	0	135	100	0	0	-395.979797464	395.979797464	1550248346.05	-97	108	-97	108
"5574"	9	1	1	9	0	0	135	100	0	0	-395.979797464	395.979797464	1550248346.09	-116	133	-116	133
"5575"	9	1	1	9	0	0	135	100	0	0	-395.979797464	395.979797464	1550248346.12	-133	148	-133	148
"5576"	9	1	1	9	0	0	135	100	0	0	-395.979797464	395.979797464	1550248346.15	-149	162	-149	162
"5577"	9	1	1	9	0	0	135	100	0	0	-395.979797464	395.979797464	1550248346.19	-167	175	-167	175
"5578"	9	1	1	9	0	0	135	100	0	0	-395.979797464	395.979797464	1550248346.22	-183	188	-183	188
"5579"	9	1	1	9	0	0	135	100	0	0	-395.979797464	395.979797464	1550248346.25	-195	199	-195	199
"5580"	9	1	1	9	0	0	135	100	0	0	-395.979797464	395.979797464	1550248346.29	-209	211	-209	211
"5581"	9	1	1	9	0	0	135	100	0	0	-395.979797464	395.979797464	1550248346.32	-223	221	-223	221
"5582"	9	1	1	9	0	0	135	100	0	0	-395.979797464	395.979797464	1550248346.35	-234	229	-234	229
"5583"	9	1	1	9	0	0	135	100	0	0	-395.979797464	395.979797464	1550248346.39	-247	240	-247	240
"5584"	9	1	1	9	0	0	135	100	0	0	-395.979797464	395.979797464	1550248346.42	-260	251	-260	251
"5585"	9	1	1	9	0	0	135	100	0	0	-395.979797464	395.979797464	1550248346.45	-270	262	-270	262
"5586"	9	1	1	9	0	0	135	100	0	0	-395.979797464	395.979797464	1550248346.49	-283	275	-283	275
"5587"	9	1	1	9	0	0	135	100	0	0	-395.979797464	395.979797464	1550248346.52	-292	284	-292	284
"5588"	9	1	1	9	0	0	135	100	0	0	-395.979797464	395.979797464	1550248346.55	-301	295	-301	295
"5589"	9	1	1	9	0	0	135	100	0	0	-395.979797464	395.979797464	1550248346.59	-309	304	-309	304
"5590"	9	1	1	9	0	0	135	100	0	0	-395.979797464	395.979797464	1550248346.62	-319	314	-319	314
"5591"	9	1	1	9	0	0	135	100	0	0	-395.979797464	395.979797464	1550248346.65	-330	324	-330	324
"5592"	9	1	1	9	0	0	135	100	0	0	-395.979797464	395.979797464	1550248346.69	-337	331	-337	331
"5593"	9	1	1	9	0	0	135	100	0	0	-395.979797464	395.979797464	1550248346.72	-342	336	-342	336
"5594"	9	1	1	9	0	0	135	100	0	0	-395.979797464	395.979797464	1550248346.75	-347	341	-347	341
"5595"	9	1	1	9	0	0	135	100	0	0	-395.979797464	395.979797464	1550248346.79	-353	351	-353	351
"5596"	9	1	1	9	0	0	135	100	0	0	-395.979797464	395.979797464	1550248346.82	-361	359	-361	359
"5597"	9	1	1	9	0	0	135	100	0	0	-395.979797464	395.979797464	1550248346.85	-373	366	-373	366
"5598"	9	1	1	9	0	0	135	100	0	0	-395.979797464	395.979797464	1550248346.89	-388	374	-388	374
"5599"	9	1	1	9	0	0	135	100	0	0	-395.979797464	395.979797464	1550248346.92	-395	378	-395	378
"5600"	9	1	1	9	0	0	135	100	0	0	-395.979797464	395.979797464	1550248346.95	-402	381	-402	381
"5601"	9	1	1	9	0	0	135	100	0	0	-395.979797464	395.979797464	1550248346.99	-405	383	-405	383
"5602"	9	1	1	9	0	0	135	100	0	0	-395.979797464	395.979797464	1550248347.02	-406	384	-406	384
"5603"	9	1	1	9	0	0	135	100	0	0	-395.979797464	395.979797464	1550248347.05	-407	384	-407	384
"5604"	9	1	1	9	0	0	135	100	0	0	-395.979797464	395.979797464	1550248347.09	-407	384	-407	384
"5605"	9	1	1	9	0	0	135	100	0	0	-395.979797464	395.979797464	1550248347.12	-407	385	-407	385
"5606"	9	1	1	9	0	0	135	100	0	0	-395.979797464	395.979797464	1550248347.15	-406	386	-406	386
"5607"	9	1	1	9	0	0	135	100	0	0	-395.979797464	395.979797464	1550248347.19	-405	388	-405	388
"5608"	9	1	1	10	0	0	45	100	0	0	395.979797464	395.979797464	1550248348.8	3	11	3	11
"5609"	9	1	1	10	0	0	45	100	0	0	395.979797464	395.979797464	1550248348.82	3	10	3	10
"5610"	9	1	1	10	0	0	45	100	0	0	395.979797464	395.979797464	1550248348.86	3	10	3	10
"5611"	9	1	1	10	0	0	45	100	0	0	395.979797464	395.979797464	1550248348.89	4	10	4	10
"5612"	9	1	1	10	0	0	45	100	0	0	395.979797464	395.979797464	1550248348.92	4	10	4	10
"5613"	9	1	1	10	0	0	45	100	0	0	395.979797464	395.979797464	1550248348.96	4	10	4	10
"5614"	9	1	1	10	0	0	45	100	0	0	395.979797464	395.979797464	1550248348.99	4	9	4	9
"5615"	9	1	1	10	0	0	45	100	0	0	395.979797464	395.979797464	1550248349.02	4	6	4	6
"5616"	9	1	1	10	0	0	45	100	0	0	395.979797464	395.979797464	1550248349.06	4	4	4	4
"5617"	9	1	1	10	0	0	45	100	0	0	395.979797464	395.979797464	1550248349.09	4	4	4	4
"5618"	9	1	1	10	0	0	45	100	0	0	395.979797464	395.979797464	1550248349.12	4	4	4	4
"5619"	9	1	1	10	0	0	45	100	0	0	395.979797464	395.979797464	1550248349.16	4	4	4	4
"5620"	9	1	1	10	0	0	45	100	0	0	395.979797464	395.979797464	1550248349.19	4	4	4	4
"5621"	9	1	1	10	0	0	45	100	0	0	395.979797464	395.979797464	1550248349.22	5	5	5	5
"5622"	9	1	1	10	0	0	45	100	0	0	395.979797464	395.979797464	1550248349.26	10	11	10	11
"5623"	9	1	1	10	0	0	45	100	0	0	395.979797464	395.979797464	1550248349.29	17	21	17	21
"5624"	9	1	1	10	0	0	45	100	0	0	395.979797464	395.979797464	1550248349.32	28	34	28	34
"5625"	9	1	1	10	0	0	45	100	0	0	395.979797464	395.979797464	1550248349.36	38	45	38	45
"5626"	9	1	1	10	0	0	45	100	0	0	395.979797464	395.979797464	1550248349.39	55	59	55	59
"5627"	9	1	1	10	0	0	45	100	0	0	395.979797464	395.979797464	1550248349.42	77	79	77	79
"5628"	9	1	1	10	0	0	45	100	0	0	395.979797464	395.979797464	1550248349.46	87	88	87	88
"5629"	9	1	1	10	0	0	45	100	0	0	395.979797464	395.979797464	1550248349.49	105	106	105	106
"5630"	9	1	1	10	0	0	45	100	0	0	395.979797464	395.979797464	1550248349.52	122	123	122	123
"5631"	9	1	1	10	0	0	45	100	0	0	395.979797464	395.979797464	1550248349.56	137	138	137	138
"5632"	9	1	1	10	0	0	45	100	0	0	395.979797464	395.979797464	1550248349.59	150	152	150	152
"5633"	9	1	1	10	0	0	45	100	0	0	395.979797464	395.979797464	1550248349.62	165	167	165	167
"5634"	9	1	1	10	0	0	45	100	0	0	395.979797464	395.979797464	1550248349.66	178	181	178	181
"5635"	9	1	1	10	0	0	45	100	0	0	395.979797464	395.979797464	1550248349.69	190	195	190	195
"5636"	9	1	1	10	0	0	45	100	0	0	395.979797464	395.979797464	1550248349.72	202	209	202	209
"5637"	9	1	1	10	0	0	45	100	0	0	395.979797464	395.979797464	1550248349.76	216	220	216	220
"5638"	9	1	1	10	0	0	45	100	0	0	395.979797464	395.979797464	1550248349.79	227	232	227	232
"5639"	9	1	1	10	0	0	45	100	0	0	395.979797464	395.979797464	1550248349.82	242	248	242	248
"5640"	9	1	1	10	0	0	45	100	0	0	395.979797464	395.979797464	1550248349.86	255	263	255	263
"5641"	9	1	1	10	0	0	45	100	0	0	395.979797464	395.979797464	1550248349.89	267	275	267	275
"5642"	9	1	1	10	0	0	45	100	0	0	395.979797464	395.979797464	1550248349.92	278	286	278	286
"5643"	9	1	1	10	0	0	45	100	0	0	395.979797464	395.979797464	1550248349.96	290	298	290	298
"5644"	9	1	1	10	0	0	45	100	0	0	395.979797464	395.979797464	1550248349.99	300	306	300	306
"5645"	9	1	1	10	0	0	45	100	0	0	395.979797464	395.979797464	1550248350.02	309	313	309	313
"5646"	9	1	1	10	0	0	45	100	0	0	395.979797464	395.979797464	1550248350.06	319	323	319	323
"5647"	9	1	1	10	0	0	45	100	0	0	395.979797464	395.979797464	1550248350.09	329	333	329	333
"5648"	9	1	1	10	0	0	45	100	0	0	395.979797464	395.979797464	1550248350.12	337	340	337	340
"5649"	9	1	1	10	0	0	45	100	0	0	395.979797464	395.979797464	1550248350.16	343	347	343	347
"5650"	9	1	1	10	0	0	45	100	0	0	395.979797464	395.979797464	1550248350.19	348	352	348	352
"5651"	9	1	1	10	0	0	45	100	0	0	395.979797464	395.979797464	1550248350.22	354	356	354	356
"5652"	9	1	1	10	0	0	45	100	0	0	395.979797464	395.979797464	1550248350.26	359	359	359	359
"5653"	9	1	1	10	0	0	45	100	0	0	395.979797464	395.979797464	1550248350.29	364	363	364	363
"5654"	9	1	1	10	0	0	45	100	0	0	395.979797464	395.979797464	1550248350.32	369	368	369	368
"5655"	9	1	1	10	0	0	45	100	0	0	395.979797464	395.979797464	1550248350.36	373	370	373	370
"5656"	9	1	1	10	0	0	45	100	0	0	395.979797464	395.979797464	1550248350.39	378	374	378	374
"5657"	9	1	1	10	0	0	45	100	0	0	395.979797464	395.979797464	1550248350.42	382	378	382	378
"5658"	9	1	1	10	0	0	45	100	0	0	395.979797464	395.979797464	1550248350.46	385	382	385	382
"5659"	9	1	1	10	0	0	45	100	0	0	395.979797464	395.979797464	1550248350.49	388	385	388	385
"5660"	9	1	1	10	0	0	45	100	0	0	395.979797464	395.979797464	1550248350.52	390	389	390	389
"5661"	9	1	1	10	0	0	45	100	0	0	395.979797464	395.979797464	1550248350.56	392	393	392	393
"5662"	9	1	1	10	0	0	45	100	0	0	395.979797464	395.979797464	1550248350.59	393	395	393	395
"5663"	9	1	1	10	0	0	45	100	0	0	395.979797464	395.979797464	1550248350.62	394	396	394	396
"5664"	9	1	1	11	0	0	135	100	0	0	-395.979797464	395.979797464	1550248352.47	-1	-3	-1	-3
"5665"	9	1	1	11	0	0	135	100	0	0	-395.979797464	395.979797464	1550248352.49	-1	-3	-1	-3
"5666"	9	1	1	11	0	0	135	100	0	0	-395.979797464	395.979797464	1550248352.53	-1	-3	-1	-3
"5667"	9	1	1	11	0	0	135	100	0	0	-395.979797464	395.979797464	1550248352.56	-1	-3	-1	-3
"5668"	9	1	1	11	0	0	135	100	0	0	-395.979797464	395.979797464	1550248352.59	-1	-3	-1	-3
"5669"	9	1	1	11	0	0	135	100	0	0	-395.979797464	395.979797464	1550248352.63	-1	-3	-1	-3
"5670"	9	1	1	11	0	0	135	100	0	0	-395.979797464	395.979797464	1550248352.66	-1	-3	-1	-3
"5671"	9	1	1	11	0	0	135	100	0	0	-395.979797464	395.979797464	1550248352.69	-1	-3	-1	-3
"5672"	9	1	1	11	0	0	135	100	0	0	-395.979797464	395.979797464	1550248352.73	-1	-3	-1	-3
"5673"	9	1	1	11	0	0	135	100	0	0	-395.979797464	395.979797464	1550248352.76	-1	-3	-1	-3
"5674"	9	1	1	11	0	0	135	100	0	0	-395.979797464	395.979797464	1550248352.79	-1	-3	-1	-3
"5675"	9	1	1	11	0	0	135	100	0	0	-395.979797464	395.979797464	1550248352.83	-1	-3	-1	-3
"5676"	9	1	1	11	0	0	135	100	0	0	-395.979797464	395.979797464	1550248352.86	-2	-2	-2	-2
"5677"	9	1	1	11	0	0	135	100	0	0	-395.979797464	395.979797464	1550248352.89	-8	10	-8	10
"5678"	9	1	1	11	0	0	135	100	0	0	-395.979797464	395.979797464	1550248352.93	-25	29	-25	29
"5679"	9	1	1	11	0	0	135	100	0	0	-395.979797464	395.979797464	1550248352.96	-49	59	-49	59
"5680"	9	1	1	11	0	0	135	100	0	0	-395.979797464	395.979797464	1550248352.99	-77	84	-77	84
"5681"	9	1	1	11	0	0	135	100	0	0	-395.979797464	395.979797464	1550248353.03	-102	103	-102	103
"5682"	9	1	1	11	0	0	135	100	0	0	-395.979797464	395.979797464	1550248353.06	-132	125	-132	125
"5683"	9	1	1	11	0	0	135	100	0	0	-395.979797464	395.979797464	1550248353.09	-158	145	-158	145
"5684"	9	1	1	11	0	0	135	100	0	0	-395.979797464	395.979797464	1550248353.13	-176	160	-176	160
"5685"	9	1	1	11	0	0	135	100	0	0	-395.979797464	395.979797464	1550248353.16	-190	173	-190	173
"5686"	9	1	1	11	0	0	135	100	0	0	-395.979797464	395.979797464	1550248353.19	-207	186	-207	186
"5687"	9	1	1	11	0	0	135	100	0	0	-395.979797464	395.979797464	1550248353.23	-222	203	-222	203
"5688"	9	1	1	11	0	0	135	100	0	0	-395.979797464	395.979797464	1550248353.26	-234	218	-234	218
"5689"	9	1	1	11	0	0	135	100	0	0	-395.979797464	395.979797464	1550248353.29	-254	237	-254	237
"5690"	9	1	1	11	0	0	135	100	0	0	-395.979797464	395.979797464	1550248353.33	-267	252	-267	252
"5691"	9	1	1	11	0	0	135	100	0	0	-395.979797464	395.979797464	1550248353.36	-278	265	-278	265
"5692"	9	1	1	11	0	0	135	100	0	0	-395.979797464	395.979797464	1550248353.39	-292	279	-292	279
"5693"	9	1	1	11	0	0	135	100	0	0	-395.979797464	395.979797464	1550248353.43	-304	295	-304	295
"5694"	9	1	1	11	0	0	135	100	0	0	-395.979797464	395.979797464	1550248353.46	-319	313	-319	313
"5695"	9	1	1	11	0	0	135	100	0	0	-395.979797464	395.979797464	1550248353.49	-333	325	-333	325
"5696"	9	1	1	11	0	0	135	100	0	0	-395.979797464	395.979797464	1550248353.53	-346	337	-346	337
"5697"	9	1	1	11	0	0	135	100	0	0	-395.979797464	395.979797464	1550248353.56	-359	348	-359	348
"5698"	9	1	1	11	0	0	135	100	0	0	-395.979797464	395.979797464	1550248353.59	-371	354	-371	354
"5699"	9	1	1	11	0	0	135	100	0	0	-395.979797464	395.979797464	1550248353.63	-381	360	-381	360
"5700"	9	1	1	11	0	0	135	100	0	0	-395.979797464	395.979797464	1550248353.66	-387	366	-387	366
"5701"	9	1	1	11	0	0	135	100	0	0	-395.979797464	395.979797464	1550248353.69	-391	370	-391	370
"5702"	9	1	1	11	0	0	135	100	0	0	-395.979797464	395.979797464	1550248353.73	-395	375	-395	375
"5703"	9	1	1	11	0	0	135	100	0	0	-395.979797464	395.979797464	1550248353.76	-398	382	-398	382
"5704"	9	1	1	11	0	0	135	100	0	0	-395.979797464	395.979797464	1550248353.79	-400	387	-400	387
"5705"	9	1	1	11	0	0	135	100	0	0	-395.979797464	395.979797464	1550248353.83	-403	391	-403	391
"5706"	9	1	1	11	0	0	135	100	0	0	-395.979797464	395.979797464	1550248353.86	-406	393	-406	393
"5707"	9	1	1	11	0	0	135	100	0	0	-395.979797464	395.979797464	1550248353.89	-407	394	-407	394
"5708"	9	1	1	12	0	0	90	100	0	0	3.42901103761e-14	560	1550248355.31	-7	-11	-7	-11
"5709"	9	1	1	12	0	0	90	100	0	0	3.42901103761e-14	560	1550248355.33	-6	-9	-6	-9
"5710"	9	1	1	12	0	0	90	100	0	0	3.42901103761e-14	560	1550248355.36	-4	-5	-4	-5
"5711"	9	1	1	12	0	0	90	100	0	0	3.42901103761e-14	560	1550248355.39	-4	-4	-4	-4
"5712"	9	1	1	12	0	0	90	100	0	0	3.42901103761e-14	560	1550248355.43	-4	-4	-4	-4
"5713"	9	1	1	12	0	0	90	100	0	0	3.42901103761e-14	560	1550248355.46	-4	-4	-4	-4
"5714"	9	1	1	12	0	0	90	100	0	0	3.42901103761e-14	560	1550248355.49	-3	-2	-3	-2
"5715"	9	1	1	12	0	0	90	100	0	0	3.42901103761e-14	560	1550248355.53	-3	-1	-3	-1
"5716"	9	1	1	12	0	0	90	100	0	0	3.42901103761e-14	560	1550248355.56	-3	-1	-3	-1
"5717"	9	1	1	12	0	0	90	100	0	0	3.42901103761e-14	560	1550248355.59	-3	-1	-3	-1
"5718"	9	1	1	12	0	0	90	100	0	0	3.42901103761e-14	560	1550248355.63	-3	-1	-3	-1
"5719"	9	1	1	12	0	0	90	100	0	0	3.42901103761e-14	560	1550248355.66	-3	-1	-3	-1
"5720"	9	1	1	12	0	0	90	100	0	0	3.42901103761e-14	560	1550248355.69	-3	-1	-3	-1
"5721"	9	1	1	12	0	0	90	100	0	0	3.42901103761e-14	560	1550248355.73	-3	-1	-3	-1
"5722"	9	1	1	12	0	0	90	100	0	0	3.42901103761e-14	560	1550248355.76	-3	2	-3	2
"5723"	9	1	1	12	0	0	90	100	0	0	3.42901103761e-14	560	1550248355.79	-2	24	-2	24
"5724"	9	1	1	12	0	0	90	100	0	0	3.42901103761e-14	560	1550248355.83	-3	56	-3	56
"5725"	9	1	1	12	0	0	90	100	0	0	3.42901103761e-14	560	1550248355.86	-4	83	-4	83
"5726"	9	1	1	12	0	0	90	100	0	0	3.42901103761e-14	560	1550248355.89	-4	118	-4	118
"5727"	9	1	1	12	0	0	90	100	0	0	3.42901103761e-14	560	1550248355.93	-1	152	-1	152
"5728"	9	1	1	12	0	0	90	100	0	0	3.42901103761e-14	560	1550248355.96	4	188	4	188
"5729"	9	1	1	12	0	0	90	100	0	0	3.42901103761e-14	560	1550248355.99	7	226	7	226
"5730"	9	1	1	12	0	0	90	100	0	0	3.42901103761e-14	560	1550248356.03	5	256	5	256
"5731"	9	1	1	12	0	0	90	100	0	0	3.42901103761e-14	560	1550248356.06	3	293	3	293
"5732"	9	1	1	12	0	0	90	100	0	0	3.42901103761e-14	560	1550248356.09	2	326	2	326
"5733"	9	1	1	12	0	0	90	100	0	0	3.42901103761e-14	560	1550248356.13	-2	351	-2	351
"5734"	9	1	1	12	0	0	90	100	0	0	3.42901103761e-14	560	1550248356.16	-4	375	-4	375
"5735"	9	1	1	12	0	0	90	100	0	0	3.42901103761e-14	560	1550248356.19	-5	391	-5	391
"5736"	9	1	1	12	0	0	90	100	0	0	3.42901103761e-14	560	1550248356.23	-5	409	-5	409
"5737"	9	1	1	12	0	0	90	100	0	0	3.42901103761e-14	560	1550248356.26	-5	422	-5	422
"5738"	9	1	1	12	0	0	90	100	0	0	3.42901103761e-14	560	1550248356.3	-5	437	-5	437
"5739"	9	1	1	12	0	0	90	100	0	0	3.42901103761e-14	560	1550248356.33	-4	453	-4	453
"5740"	9	1	1	12	0	0	90	100	0	0	3.42901103761e-14	560	1550248356.36	-2	465	-2	465
"5741"	9	1	1	12	0	0	90	100	0	0	3.42901103761e-14	560	1550248356.4	0	476	0	476
"5742"	9	1	1	12	0	0	90	100	0	0	3.42901103761e-14	560	1550248356.43	5	489	5	489
"5743"	9	1	1	12	0	0	90	100	0	0	3.42901103761e-14	560	1550248356.46	7	494	7	494
"5744"	9	1	1	12	0	0	90	100	0	0	3.42901103761e-14	560	1550248356.5	6	503	6	503
"5745"	9	1	1	12	0	0	90	100	0	0	3.42901103761e-14	560	1550248356.53	5	514	5	514
"5746"	9	1	1	12	0	0	90	100	0	0	3.42901103761e-14	560	1550248356.56	4	527	4	527
"5747"	9	1	1	12	0	0	90	100	0	0	3.42901103761e-14	560	1550248356.6	3	535	3	535
"5748"	9	1	1	12	0	0	90	100	0	0	3.42901103761e-14	560	1550248356.63	0	542	0	542
"5749"	9	1	1	12	0	0	90	100	0	0	3.42901103761e-14	560	1550248356.66	-2	548	-2	548
"5750"	9	1	1	12	0	0	90	100	0	0	3.42901103761e-14	560	1550248356.7	-2	551	-2	551
"5751"	9	1	1	12	0	0	90	100	0	0	3.42901103761e-14	560	1550248356.73	-2	553	-2	553
"5752"	9	1	1	12	0	0	90	100	0	0	3.42901103761e-14	560	1550248356.76	-2	556	-2	556
"5753"	9	1	1	12	0	0	90	100	0	0	3.42901103761e-14	560	1550248356.8	-2	560	-2	560
"5754"	9	1	1	13	0	0	45	100	0	0	395.979797464	395.979797464	1550248358.31	-6	-8	-6	-8
"5755"	9	1	1	13	0	0	45	100	0	0	395.979797464	395.979797464	1550248358.33	-6	-8	-6	-8
"5756"	9	1	1	13	0	0	45	100	0	0	395.979797464	395.979797464	1550248358.36	-6	-8	-6	-8
"5757"	9	1	1	13	0	0	45	100	0	0	395.979797464	395.979797464	1550248358.4	-6	-8	-6	-8
"5758"	9	1	1	13	0	0	45	100	0	0	395.979797464	395.979797464	1550248358.43	-6	-8	-6	-8
"5759"	9	1	1	13	0	0	45	100	0	0	395.979797464	395.979797464	1550248358.46	-6	-8	-6	-8
"5760"	9	1	1	13	0	0	45	100	0	0	395.979797464	395.979797464	1550248358.5	-6	-8	-6	-8
"5761"	9	1	1	13	0	0	45	100	0	0	395.979797464	395.979797464	1550248358.53	-6	-8	-6	-8
"5762"	9	1	1	13	0	0	45	100	0	0	395.979797464	395.979797464	1550248358.56	-6	-8	-6	-8
"5763"	9	1	1	13	0	0	45	100	0	0	395.979797464	395.979797464	1550248358.6	-6	-8	-6	-8
"5764"	9	1	1	13	0	0	45	100	0	0	395.979797464	395.979797464	1550248358.63	-6	-8	-6	-8
"5765"	9	1	1	13	0	0	45	100	0	0	395.979797464	395.979797464	1550248358.66	-6	-8	-6	-8
"5766"	9	1	1	13	0	0	45	100	0	0	395.979797464	395.979797464	1550248358.7	-1	-1	-1	-1
"5767"	9	1	1	13	0	0	45	100	0	0	395.979797464	395.979797464	1550248358.73	13	19	13	19
"5768"	9	1	1	13	0	0	45	100	0	0	395.979797464	395.979797464	1550248358.76	33	45	33	45
"5769"	9	1	1	13	0	0	45	100	0	0	395.979797464	395.979797464	1550248358.8	51	64	51	64
"5770"	9	1	1	13	0	0	45	100	0	0	395.979797464	395.979797464	1550248358.83	74	89	74	89
"5771"	9	1	1	13	0	0	45	100	0	0	395.979797464	395.979797464	1550248358.86	94	109	94	109
"5772"	9	1	1	13	0	0	45	100	0	0	395.979797464	395.979797464	1550248358.9	115	133	115	133
"5773"	9	1	1	13	0	0	45	100	0	0	395.979797464	395.979797464	1550248358.93	135	157	135	157
"5774"	9	1	1	13	0	0	45	100	0	0	395.979797464	395.979797464	1550248358.96	154	176	154	176
"5775"	9	1	1	13	0	0	45	100	0	0	395.979797464	395.979797464	1550248359	175	194	175	194
"5776"	9	1	1	13	0	0	45	100	0	0	395.979797464	395.979797464	1550248359.03	195	210	195	210
"5777"	9	1	1	13	0	0	45	100	0	0	395.979797464	395.979797464	1550248359.06	208	221	208	221
"5778"	9	1	1	13	0	0	45	100	0	0	395.979797464	395.979797464	1550248359.1	220	233	220	233
"5779"	9	1	1	13	0	0	45	100	0	0	395.979797464	395.979797464	1550248359.13	231	244	231	244
"5780"	9	1	1	13	0	0	45	100	0	0	395.979797464	395.979797464	1550248359.16	244	258	244	258
"5781"	9	1	1	13	0	0	45	100	0	0	395.979797464	395.979797464	1550248359.2	253	267	253	267
"5782"	9	1	1	13	0	0	45	100	0	0	395.979797464	395.979797464	1550248359.23	265	276	265	276
"5783"	9	1	1	13	0	0	45	100	0	0	395.979797464	395.979797464	1550248359.26	275	285	275	285
"5784"	9	1	1	13	0	0	45	100	0	0	395.979797464	395.979797464	1550248359.3	286	292	286	292
"5785"	9	1	1	13	0	0	45	100	0	0	395.979797464	395.979797464	1550248359.33	297	300	297	300
"5786"	9	1	1	13	0	0	45	100	0	0	395.979797464	395.979797464	1550248359.36	308	307	308	307
"5787"	9	1	1	13	0	0	45	100	0	0	395.979797464	395.979797464	1550248359.4	318	315	318	315
"5788"	9	1	1	13	0	0	45	100	0	0	395.979797464	395.979797464	1550248359.43	329	321	329	321
"5789"	9	1	1	13	0	0	45	100	0	0	395.979797464	395.979797464	1550248359.46	339	329	339	329
"5790"	9	1	1	13	0	0	45	100	0	0	395.979797464	395.979797464	1550248359.5	349	338	349	338
"5791"	9	1	1	13	0	0	45	100	0	0	395.979797464	395.979797464	1550248359.53	357	345	357	345
"5792"	9	1	1	13	0	0	45	100	0	0	395.979797464	395.979797464	1550248359.56	366	354	366	354
"5793"	9	1	1	13	0	0	45	100	0	0	395.979797464	395.979797464	1550248359.6	373	363	373	363
"5794"	9	1	1	13	0	0	45	100	0	0	395.979797464	395.979797464	1550248359.63	377	370	377	370
"5795"	9	1	1	13	0	0	45	100	0	0	395.979797464	395.979797464	1550248359.66	379	375	379	375
"5796"	9	1	1	13	0	0	45	100	0	0	395.979797464	395.979797464	1550248359.7	383	378	383	378
"5797"	9	1	1	13	0	0	45	100	0	0	395.979797464	395.979797464	1550248359.73	388	382	388	382
"5798"	9	1	1	13	0	0	45	100	0	0	395.979797464	395.979797464	1550248359.76	395	387	395	387
"5799"	9	1	1	13	0	0	45	100	0	0	395.979797464	395.979797464	1550248359.8	401	391	401	391
"5800"	9	1	1	13	0	0	45	100	0	0	395.979797464	395.979797464	1550248359.83	404	393	404	393
"5801"	9	1	1	13	0	0	45	100	0	0	395.979797464	395.979797464	1550248359.86	406	395	406	395
"5802"	9	1	1	14	0	0	135	100	0	0	-395.979797464	395.979797464	1550248361.38	1	1	1	1
"5803"	9	1	1	14	0	0	135	100	0	0	-395.979797464	395.979797464	1550248361.4	1	1	1	1
"5804"	9	1	1	14	0	0	135	100	0	0	-395.979797464	395.979797464	1550248361.43	1	1	1	1
"5805"	9	1	1	14	0	0	135	100	0	0	-395.979797464	395.979797464	1550248361.47	1	1	1	1
"5806"	9	1	1	14	0	0	135	100	0	0	-395.979797464	395.979797464	1550248361.5	1	1	1	1
"5807"	9	1	1	14	0	0	135	100	0	0	-395.979797464	395.979797464	1550248361.53	1	1	1	1
"5808"	9	1	1	14	0	0	135	100	0	0	-395.979797464	395.979797464	1550248361.57	1	1	1	1
"5809"	9	1	1	14	0	0	135	100	0	0	-395.979797464	395.979797464	1550248361.6	1	1	1	1
"5810"	9	1	1	14	0	0	135	100	0	0	-395.979797464	395.979797464	1550248361.63	1	1	1	1
"5811"	9	1	1	14	0	0	135	100	0	0	-395.979797464	395.979797464	1550248361.67	1	1	1	1
"5812"	9	1	1	14	0	0	135	100	0	0	-395.979797464	395.979797464	1550248361.7	2	1	2	1
"5813"	9	1	1	14	0	0	135	100	0	0	-395.979797464	395.979797464	1550248361.73	2	2	2	2
"5814"	9	1	1	14	0	0	135	100	0	0	-395.979797464	395.979797464	1550248361.77	2	9	2	9
"5815"	9	1	1	14	0	0	135	100	0	0	-395.979797464	395.979797464	1550248361.8	-3	22	-3	22
"5816"	9	1	1	14	0	0	135	100	0	0	-395.979797464	395.979797464	1550248361.83	-17	44	-17	44
"5817"	9	1	1	14	0	0	135	100	0	0	-395.979797464	395.979797464	1550248361.87	-32	67	-32	67
"5818"	9	1	1	14	0	0	135	100	0	0	-395.979797464	395.979797464	1550248361.9	-51	94	-51	94
"5819"	9	1	1	14	0	0	135	100	0	0	-395.979797464	395.979797464	1550248361.93	-75	122	-75	122
"5820"	9	1	1	14	0	0	135	100	0	0	-395.979797464	395.979797464	1550248361.97	-98	149	-98	149
"5821"	9	1	1	14	0	0	135	100	0	0	-395.979797464	395.979797464	1550248362	-127	176	-127	176
"5822"	9	1	1	14	0	0	135	100	0	0	-395.979797464	395.979797464	1550248362.03	-155	195	-155	195
"5823"	9	1	1	14	0	0	135	100	0	0	-395.979797464	395.979797464	1550248362.07	-178	212	-178	212
"5824"	9	1	1	14	0	0	135	100	0	0	-395.979797464	395.979797464	1550248362.1	-202	228	-202	228
"5825"	9	1	1	14	0	0	135	100	0	0	-395.979797464	395.979797464	1550248362.13	-224	244	-224	244
"5826"	9	1	1	14	0	0	135	100	0	0	-395.979797464	395.979797464	1550248362.17	-245	259	-245	259
"5827"	9	1	1	14	0	0	135	100	0	0	-395.979797464	395.979797464	1550248362.2	-260	266	-260	266
"5828"	9	1	1	14	0	0	135	100	0	0	-395.979797464	395.979797464	1550248362.23	-276	277	-276	277
"5829"	9	1	1	14	0	0	135	100	0	0	-395.979797464	395.979797464	1550248362.27	-292	293	-292	293
"5830"	9	1	1	14	0	0	135	100	0	0	-395.979797464	395.979797464	1550248362.3	-303	305	-303	305
"5831"	9	1	1	14	0	0	135	100	0	0	-395.979797464	395.979797464	1550248362.33	-313	313	-313	313
"5832"	9	1	1	14	0	0	135	100	0	0	-395.979797464	395.979797464	1550248362.37	-323	321	-323	321
"5833"	9	1	1	14	0	0	135	100	0	0	-395.979797464	395.979797464	1550248362.4	-329	327	-329	327
"5834"	9	1	1	14	0	0	135	100	0	0	-395.979797464	395.979797464	1550248362.43	-333	332	-333	332
"5835"	9	1	1	14	0	0	135	100	0	0	-395.979797464	395.979797464	1550248362.47	-340	341	-340	341
"5836"	9	1	1	14	0	0	135	100	0	0	-395.979797464	395.979797464	1550248362.5	-346	349	-346	349
"5837"	9	1	1	14	0	0	135	100	0	0	-395.979797464	395.979797464	1550248362.53	-352	356	-352	356
"5838"	9	1	1	14	0	0	135	100	0	0	-395.979797464	395.979797464	1550248362.57	-361	364	-361	364
"5839"	9	1	1	14	0	0	135	100	0	0	-395.979797464	395.979797464	1550248362.6	-369	371	-369	371
"5840"	9	1	1	14	0	0	135	100	0	0	-395.979797464	395.979797464	1550248362.63	-374	377	-374	377
"5841"	9	1	1	14	0	0	135	100	0	0	-395.979797464	395.979797464	1550248362.67	-377	381	-377	381
"5842"	9	1	1	14	0	0	135	100	0	0	-395.979797464	395.979797464	1550248362.7	-382	386	-382	386
"5843"	9	1	1	14	0	0	135	100	0	0	-395.979797464	395.979797464	1550248362.73	-387	392	-387	392
"5844"	9	1	1	14	0	0	135	100	0	0	-395.979797464	395.979797464	1550248362.77	-390	395	-390	395
"5845"	9	1	1	14	0	0	135	100	0	0	-395.979797464	395.979797464	1550248362.8	-392	397	-392	397
"5846"	9	1	1	14	0	0	135	100	0	0	-395.979797464	395.979797464	1550248362.83	-394	399	-394	399
"5847"	9	1	1	15	0	0	90	100	0	0	3.42901103761e-14	560	1550248364.41	4	1	4	1
"5848"	9	1	1	15	0	0	90	100	0	0	3.42901103761e-14	560	1550248364.43	4	1	4	1
"5849"	9	1	1	15	0	0	90	100	0	0	3.42901103761e-14	560	1550248364.47	4	1	4	1
"5850"	9	1	1	15	0	0	90	100	0	0	3.42901103761e-14	560	1550248364.5	4	1	4	1
"5851"	9	1	1	15	0	0	90	100	0	0	3.42901103761e-14	560	1550248364.53	4	1	4	1
"5852"	9	1	1	15	0	0	90	100	0	0	3.42901103761e-14	560	1550248364.57	4	1	4	1
"5853"	9	1	1	15	0	0	90	100	0	0	3.42901103761e-14	560	1550248364.6	4	1	4	1
"5854"	9	1	1	15	0	0	90	100	0	0	3.42901103761e-14	560	1550248364.63	4	1	4	1
"5855"	9	1	1	15	0	0	90	100	0	0	3.42901103761e-14	560	1550248364.67	4	1	4	1
"5856"	9	1	1	15	0	0	90	100	0	0	3.42901103761e-14	560	1550248364.7	4	1	4	1
"5857"	9	1	1	15	0	0	90	100	0	0	3.42901103761e-14	560	1550248364.73	4	1	4	1
"5858"	9	1	1	15	0	0	90	100	0	0	3.42901103761e-14	560	1550248364.77	4	1	4	1
"5859"	9	1	1	15	0	0	90	100	0	0	3.42901103761e-14	560	1550248364.8	4	1	4	1
"5860"	9	1	1	15	0	0	90	100	0	0	3.42901103761e-14	560	1550248364.83	4	2	4	2
"5861"	9	1	1	15	0	0	90	100	0	0	3.42901103761e-14	560	1550248364.87	5	3	5	3
"5862"	9	1	1	15	0	0	90	100	0	0	3.42901103761e-14	560	1550248364.9	6	11	6	11
"5863"	9	1	1	15	0	0	90	100	0	0	3.42901103761e-14	560	1550248364.93	7	33	7	33
"5864"	9	1	1	15	0	0	90	100	0	0	3.42901103761e-14	560	1550248364.97	6	51	6	51
"5865"	9	1	1	15	0	0	90	100	0	0	3.42901103761e-14	560	1550248365	7	71	7	71
"5866"	9	1	1	15	0	0	90	100	0	0	3.42901103761e-14	560	1550248365.04	12	98	12	98
"5867"	9	1	1	15	0	0	90	100	0	0	3.42901103761e-14	560	1550248365.07	16	126	16	126
"5868"	9	1	1	15	0	0	90	100	0	0	3.42901103761e-14	560	1550248365.1	19	157	19	157
"5869"	9	1	1	15	0	0	90	100	0	0	3.42901103761e-14	560	1550248365.14	22	193	22	193
"5870"	9	1	1	15	0	0	90	100	0	0	3.42901103761e-14	560	1550248365.17	26	235	26	235
"5871"	9	1	1	15	0	0	90	100	0	0	3.42901103761e-14	560	1550248365.2	26	267	26	267
"5872"	9	1	1	15	0	0	90	100	0	0	3.42901103761e-14	560	1550248365.24	25	304	25	304
"5873"	9	1	1	15	0	0	90	100	0	0	3.42901103761e-14	560	1550248365.27	22	345	22	345
"5874"	9	1	1	15	0	0	90	100	0	0	3.42901103761e-14	560	1550248365.3	16	380	16	380
"5875"	9	1	1	15	0	0	90	100	0	0	3.42901103761e-14	560	1550248365.34	9	413	9	413
"5876"	9	1	1	15	0	0	90	100	0	0	3.42901103761e-14	560	1550248365.37	5	439	5	439
"5877"	9	1	1	15	0	0	90	100	0	0	3.42901103761e-14	560	1550248365.4	3	449	3	449
"5878"	9	1	1	15	0	0	90	100	0	0	3.42901103761e-14	560	1550248365.44	3	461	3	461
"5879"	9	1	1	15	0	0	90	100	0	0	3.42901103761e-14	560	1550248365.47	3	476	3	476
"5880"	9	1	1	15	0	0	90	100	0	0	3.42901103761e-14	560	1550248365.5	4	491	4	491
"5881"	9	1	1	15	0	0	90	100	0	0	3.42901103761e-14	560	1550248365.54	4	501	4	501
"5882"	9	1	1	15	0	0	90	100	0	0	3.42901103761e-14	560	1550248365.57	4	514	4	514
"5883"	9	1	1	15	0	0	90	100	0	0	3.42901103761e-14	560	1550248365.6	6	529	6	529
"5884"	9	1	1	15	0	0	90	100	0	0	3.42901103761e-14	560	1550248365.64	8	541	8	541
"5885"	9	1	1	15	0	0	90	100	0	0	3.42901103761e-14	560	1550248365.67	9	545	9	545
"5886"	9	1	1	15	0	0	90	100	0	0	3.42901103761e-14	560	1550248365.7	9	551	9	551
"5887"	9	1	1	15	0	0	90	100	0	0	3.42901103761e-14	560	1550248365.74	9	554	9	554
"5888"	9	1	1	15	0	0	90	100	0	0	3.42901103761e-14	560	1550248365.77	9	556	9	556
"5889"	9	1	1	15	0	0	90	100	0	0	3.42901103761e-14	560	1550248365.8	9	559	9	559
"5890"	9	1	1	15	0	0	90	100	0	0	3.42901103761e-14	560	1550248365.84	8	561	8	561
"5891"	9	1	1	16	0	0	45	100	0	0	395.979797464	395.979797464	1550248367.32	2	-7	2	-7
"5892"	9	1	1	16	0	0	45	100	0	0	395.979797464	395.979797464	1550248367.34	2	-7	2	-7
"5893"	9	1	1	16	0	0	45	100	0	0	395.979797464	395.979797464	1550248367.37	2	-7	2	-7
"5894"	9	1	1	16	0	0	45	100	0	0	395.979797464	395.979797464	1550248367.4	2	-7	2	-7
"5895"	9	1	1	16	0	0	45	100	0	0	395.979797464	395.979797464	1550248367.44	2	-7	2	-7
"5896"	9	1	1	16	0	0	45	100	0	0	395.979797464	395.979797464	1550248367.47	2	-7	2	-7
"5897"	9	1	1	16	0	0	45	100	0	0	395.979797464	395.979797464	1550248367.5	2	-7	2	-7
"5898"	9	1	1	16	0	0	45	100	0	0	395.979797464	395.979797464	1550248367.54	2	-7	2	-7
"5899"	9	1	1	16	0	0	45	100	0	0	395.979797464	395.979797464	1550248367.57	2	-7	2	-7
"5900"	9	1	1	16	0	0	45	100	0	0	395.979797464	395.979797464	1550248367.6	2	-7	2	-7
"5901"	9	1	1	16	0	0	45	100	0	0	395.979797464	395.979797464	1550248367.64	2	-7	2	-7
"5902"	9	1	1	16	0	0	45	100	0	0	395.979797464	395.979797464	1550248367.67	3	-7	3	-7
"5903"	9	1	1	16	0	0	45	100	0	0	395.979797464	395.979797464	1550248367.7	3	-6	3	-6
"5904"	9	1	1	16	0	0	45	100	0	0	395.979797464	395.979797464	1550248367.74	8	2	8	2
"5905"	9	1	1	16	0	0	45	100	0	0	395.979797464	395.979797464	1550248367.77	18	18	18	18
"5906"	9	1	1	16	0	0	45	100	0	0	395.979797464	395.979797464	1550248367.8	27	32	27	32
"5907"	9	1	1	16	0	0	45	100	0	0	395.979797464	395.979797464	1550248367.84	44	58	44	58
"5908"	9	1	1	16	0	0	45	100	0	0	395.979797464	395.979797464	1550248367.87	61	83	61	83
"5909"	9	1	1	16	0	0	45	100	0	0	395.979797464	395.979797464	1550248367.9	77	102	77	102
"5910"	9	1	1	16	0	0	45	100	0	0	395.979797464	395.979797464	1550248367.94	99	134	99	134
"5911"	9	1	1	16	0	0	45	100	0	0	395.979797464	395.979797464	1550248367.97	115	155	115	155
"5912"	9	1	1	16	0	0	45	100	0	0	395.979797464	395.979797464	1550248368	134	176	134	176
"5913"	9	1	1	16	0	0	45	100	0	0	395.979797464	395.979797464	1550248368.04	151	195	151	195
"5914"	9	1	1	16	0	0	45	100	0	0	395.979797464	395.979797464	1550248368.07	170	217	170	217
"5915"	9	1	1	16	0	0	45	100	0	0	395.979797464	395.979797464	1550248368.1	183	230	183	230
"5916"	9	1	1	16	0	0	45	100	0	0	395.979797464	395.979797464	1550248368.14	198	244	198	244
"5917"	9	1	1	16	0	0	45	100	0	0	395.979797464	395.979797464	1550248368.17	215	259	215	259
"5918"	9	1	1	16	0	0	45	100	0	0	395.979797464	395.979797464	1550248368.2	231	272	231	272
"5919"	9	1	1	16	0	0	45	100	0	0	395.979797464	395.979797464	1550248368.24	247	285	247	285
"5920"	9	1	1	16	0	0	45	100	0	0	395.979797464	395.979797464	1550248368.27	260	296	260	296
"5921"	9	1	1	16	0	0	45	100	0	0	395.979797464	395.979797464	1550248368.3	271	305	271	305
"5922"	9	1	1	16	0	0	45	100	0	0	395.979797464	395.979797464	1550248368.34	284	316	284	316
"5923"	9	1	1	16	0	0	45	100	0	0	395.979797464	395.979797464	1550248368.37	295	325	295	325
"5924"	9	1	1	16	0	0	45	100	0	0	395.979797464	395.979797464	1550248368.4	308	335	308	335
"5925"	9	1	1	16	0	0	45	100	0	0	395.979797464	395.979797464	1550248368.44	321	347	321	347
"5926"	9	1	1	16	0	0	45	100	0	0	395.979797464	395.979797464	1550248368.47	330	354	330	354
"5927"	9	1	1	16	0	0	45	100	0	0	395.979797464	395.979797464	1550248368.5	341	361	341	361
"5928"	9	1	1	16	0	0	45	100	0	0	395.979797464	395.979797464	1550248368.54	349	366	349	366
"5929"	9	1	1	16	0	0	45	100	0	0	395.979797464	395.979797464	1550248368.57	358	370	358	370
"5930"	9	1	1	16	0	0	45	100	0	0	395.979797464	395.979797464	1550248368.6	365	375	365	375
"5931"	9	1	1	16	0	0	45	100	0	0	395.979797464	395.979797464	1550248368.64	371	377	371	377
"5932"	9	1	1	16	0	0	45	100	0	0	395.979797464	395.979797464	1550248368.67	377	381	377	381
"5933"	9	1	1	16	0	0	45	100	0	0	395.979797464	395.979797464	1550248368.7	383	385	383	385
"5934"	9	1	1	16	0	0	45	100	0	0	395.979797464	395.979797464	1550248368.74	387	388	387	388
"5935"	9	1	1	16	0	0	45	100	0	0	395.979797464	395.979797464	1550248368.77	392	391	392	391
"5936"	9	1	1	16	0	0	45	100	0	0	395.979797464	395.979797464	1550248368.8	396	394	396	394
"5937"	9	1	1	16	0	0	45	100	0	0	395.979797464	395.979797464	1550248368.84	399	397	399	397
"5938"	9	1	1	16	0	0	45	100	0	0	395.979797464	395.979797464	1550248368.87	401	397	401	397
"5939"	9	1	1	17	0	0	135	100	0	0	-395.979797464	395.979797464	1550248371.12	2	7	2	7
"5940"	9	1	1	17	0	0	135	100	0	0	-395.979797464	395.979797464	1550248371.14	2	7	2	7
"5941"	9	1	1	17	0	0	135	100	0	0	-395.979797464	395.979797464	1550248371.17	2	7	2	7
"5942"	9	1	1	17	0	0	135	100	0	0	-395.979797464	395.979797464	1550248371.21	2	7	2	7
"5943"	9	1	1	17	0	0	135	100	0	0	-395.979797464	395.979797464	1550248371.24	2	7	2	7
"5944"	9	1	1	17	0	0	135	100	0	0	-395.979797464	395.979797464	1550248371.27	2	7	2	7
"5945"	9	1	1	17	0	0	135	100	0	0	-395.979797464	395.979797464	1550248371.31	2	7	2	7
"5946"	9	1	1	17	0	0	135	100	0	0	-395.979797464	395.979797464	1550248371.34	2	7	2	7
"5947"	9	1	1	17	0	0	135	100	0	0	-395.979797464	395.979797464	1550248371.37	2	7	2	7
"5948"	9	1	1	17	0	0	135	100	0	0	-395.979797464	395.979797464	1550248371.41	2	5	2	5
"5949"	9	1	1	17	0	0	135	100	0	0	-395.979797464	395.979797464	1550248371.44	2	5	2	5
"5950"	9	1	1	17	0	0	135	100	0	0	-395.979797464	395.979797464	1550248371.47	2	5	2	5
"5951"	9	1	1	17	0	0	135	100	0	0	-395.979797464	395.979797464	1550248371.51	1	6	1	6
"5952"	9	1	1	17	0	0	135	100	0	0	-395.979797464	395.979797464	1550248371.54	-11	25	-11	25
"5953"	9	1	1	17	0	0	135	100	0	0	-395.979797464	395.979797464	1550248371.57	-40	60	-40	60
"5954"	9	1	1	17	0	0	135	100	0	0	-395.979797464	395.979797464	1550248371.61	-81	99	-81	99
"5955"	9	1	1	17	0	0	135	100	0	0	-395.979797464	395.979797464	1550248371.64	-119	135	-119	135
"5956"	9	1	1	17	0	0	135	100	0	0	-395.979797464	395.979797464	1550248371.67	-161	173	-161	173
"5957"	9	1	1	17	0	0	135	100	0	0	-395.979797464	395.979797464	1550248371.71	-192	203	-192	203
"5958"	9	1	1	17	0	0	135	100	0	0	-395.979797464	395.979797464	1550248371.74	-220	229	-220	229
"5959"	9	1	1	17	0	0	135	100	0	0	-395.979797464	395.979797464	1550248371.77	-240	243	-240	243
"5960"	9	1	1	17	0	0	135	100	0	0	-395.979797464	395.979797464	1550248371.81	-252	250	-252	250
"5961"	9	1	1	17	0	0	135	100	0	0	-395.979797464	395.979797464	1550248371.84	-264	259	-264	259
"5962"	9	1	1	17	0	0	135	100	0	0	-395.979797464	395.979797464	1550248371.87	-269	264	-269	264
"5963"	9	1	1	17	0	0	135	100	0	0	-395.979797464	395.979797464	1550248371.91	-277	274	-277	274
"5964"	9	1	1	17	0	0	135	100	0	0	-395.979797464	395.979797464	1550248371.94	-285	288	-285	288
"5965"	9	1	1	17	0	0	135	100	0	0	-395.979797464	395.979797464	1550248371.97	-295	305	-295	305
"5966"	9	1	1	17	0	0	135	100	0	0	-395.979797464	395.979797464	1550248372.01	-307	316	-307	316
"5967"	9	1	1	17	0	0	135	100	0	0	-395.979797464	395.979797464	1550248372.04	-322	327	-322	327
"5968"	9	1	1	17	0	0	135	100	0	0	-395.979797464	395.979797464	1550248372.07	-334	335	-334	335
"5969"	9	1	1	17	0	0	135	100	0	0	-395.979797464	395.979797464	1550248372.11	-341	341	-341	341
"5970"	9	1	1	17	0	0	135	100	0	0	-395.979797464	395.979797464	1550248372.14	-346	345	-346	345
"5971"	9	1	1	17	0	0	135	100	0	0	-395.979797464	395.979797464	1550248372.17	-350	347	-350	347
"5972"	9	1	1	17	0	0	135	100	0	0	-395.979797464	395.979797464	1550248372.21	-354	351	-354	351
"5973"	9	1	1	17	0	0	135	100	0	0	-395.979797464	395.979797464	1550248372.24	-360	356	-360	356
"5974"	9	1	1	17	0	0	135	100	0	0	-395.979797464	395.979797464	1550248372.27	-366	360	-366	360
"5975"	9	1	1	17	0	0	135	100	0	0	-395.979797464	395.979797464	1550248372.31	-372	364	-372	364
"5976"	9	1	1	17	0	0	135	100	0	0	-395.979797464	395.979797464	1550248372.34	-378	370	-378	370
"5977"	9	1	1	17	0	0	135	100	0	0	-395.979797464	395.979797464	1550248372.37	-384	375	-384	375
"5978"	9	1	1	17	0	0	135	100	0	0	-395.979797464	395.979797464	1550248372.41	-392	380	-392	380
"5979"	9	1	1	17	0	0	135	100	0	0	-395.979797464	395.979797464	1550248372.44	-396	384	-396	384
"5980"	9	1	1	17	0	0	135	100	0	0	-395.979797464	395.979797464	1550248372.47	-399	389	-399	389
"5981"	9	1	1	17	0	0	135	100	0	0	-395.979797464	395.979797464	1550248372.51	-402	391	-402	391
"5982"	9	1	1	17	0	0	135	100	0	0	-395.979797464	395.979797464	1550248372.54	-404	393	-404	393
"5983"	9	1	1	17	0	0	135	100	0	0	-395.979797464	395.979797464	1550248372.57	-405	394	-405	394
"5984"	9	1	1	18	0	0	90	100	0	0	3.42901103761e-14	560	1550248374.48	-3	-1	-3	-1
"5985"	9	1	1	18	0	0	90	100	0	0	3.42901103761e-14	560	1550248374.51	-4	0	-4	0
"5986"	9	1	1	18	0	0	90	100	0	0	3.42901103761e-14	560	1550248374.54	-4	0	-4	0
"5987"	9	1	1	18	0	0	90	100	0	0	3.42901103761e-14	560	1550248374.58	-4	0	-4	0
"5988"	9	1	1	18	0	0	90	100	0	0	3.42901103761e-14	560	1550248374.61	-4	0	-4	0
"5989"	9	1	1	18	0	0	90	100	0	0	3.42901103761e-14	560	1550248374.64	-4	0	-4	0
"5990"	9	1	1	18	0	0	90	100	0	0	3.42901103761e-14	560	1550248374.68	-4	0	-4	0
"5991"	9	1	1	18	0	0	90	100	0	0	3.42901103761e-14	560	1550248374.71	-4	0	-4	0
"5992"	9	1	1	18	0	0	90	100	0	0	3.42901103761e-14	560	1550248374.74	-4	0	-4	0
"5993"	9	1	1	18	0	0	90	100	0	0	3.42901103761e-14	560	1550248374.78	-4	0	-4	0
"5994"	9	1	1	18	0	0	90	100	0	0	3.42901103761e-14	560	1550248374.81	-4	0	-4	0
"5995"	9	1	1	18	0	0	90	100	0	0	3.42901103761e-14	560	1550248374.84	-4	0	-4	0
"5996"	9	1	1	18	0	0	90	100	0	0	3.42901103761e-14	560	1550248374.88	-4	0	-4	0
"5997"	9	1	1	18	0	0	90	100	0	0	3.42901103761e-14	560	1550248374.91	-3	6	-3	6
"5998"	9	1	1	18	0	0	90	100	0	0	3.42901103761e-14	560	1550248374.94	-2	27	-2	27
"5999"	9	1	1	18	0	0	90	100	0	0	3.42901103761e-14	560	1550248374.98	-4	62	-4	62
"6000"	9	1	1	18	0	0	90	100	0	0	3.42901103761e-14	560	1550248375.01	-6	103	-6	103
"6001"	9	1	1	18	0	0	90	100	0	0	3.42901103761e-14	560	1550248375.04	-8	144	-8	144
"6002"	9	1	1	18	0	0	90	100	0	0	3.42901103761e-14	560	1550248375.08	-10	197	-10	197
"6003"	9	1	1	18	0	0	90	100	0	0	3.42901103761e-14	560	1550248375.11	-15	256	-15	256
"6004"	9	1	1	18	0	0	90	100	0	0	3.42901103761e-14	560	1550248375.14	-21	304	-21	304
"6005"	9	1	1	18	0	0	90	100	0	0	3.42901103761e-14	560	1550248375.18	-27	354	-27	354
"6006"	9	1	1	18	0	0	90	100	0	0	3.42901103761e-14	560	1550248375.21	-26	379	-26	379
"6007"	9	1	1	18	0	0	90	100	0	0	3.42901103761e-14	560	1550248375.24	-22	404	-22	404
"6008"	9	1	1	18	0	0	90	100	0	0	3.42901103761e-14	560	1550248375.28	-18	421	-18	421
"6009"	9	1	1	18	0	0	90	100	0	0	3.42901103761e-14	560	1550248375.31	-14	436	-14	436
"6010"	9	1	1	18	0	0	90	100	0	0	3.42901103761e-14	560	1550248375.34	-10	453	-10	453
"6011"	9	1	1	18	0	0	90	100	0	0	3.42901103761e-14	560	1550248375.38	-6	465	-6	465
"6012"	9	1	1	18	0	0	90	100	0	0	3.42901103761e-14	560	1550248375.41	-2	480	-2	480
"6013"	9	1	1	18	0	0	90	100	0	0	3.42901103761e-14	560	1550248375.44	2	497	2	497
"6014"	9	1	1	18	0	0	90	100	0	0	3.42901103761e-14	560	1550248375.48	6	515	6	515
"6015"	9	1	1	18	0	0	90	100	0	0	3.42901103761e-14	560	1550248375.51	8	531	8	531
"6016"	9	1	1	18	0	0	90	100	0	0	3.42901103761e-14	560	1550248375.54	9	540	9	540
"6017"	9	1	1	18	0	0	90	100	0	0	3.42901103761e-14	560	1550248375.58	9	549	9	549
"6018"	9	1	1	18	0	0	90	100	0	0	3.42901103761e-14	560	1550248375.61	10	558	10	558
"6019"	9	1	1	18	0	0	90	100	0	0	3.42901103761e-14	560	1550248375.64	9	566	9	566
"6020"	9	1	1	18	0	0	90	100	0	0	3.42901103761e-14	560	1550248375.68	8	571	8	571
"6021"	9	1	1	18	0	0	90	100	0	0	3.42901103761e-14	560	1550248375.71	7	573	7	573
"6022"	9	1	1	18	0	0	90	100	0	0	3.42901103761e-14	560	1550248375.74	7	573	7	573
"6023"	9	1	1	18	0	0	90	100	0	0	3.42901103761e-14	560	1550248375.78	7	573	7	573
"6024"	9	1	1	18	0	0	90	100	0	0	3.42901103761e-14	560	1550248375.81	7	573	7	573
"6025"	9	1	1	18	0	0	90	100	0	0	3.42901103761e-14	560	1550248375.84	7	573	7	573
"6026"	9	1	1	19	0	0	45	100	0	0	395.979797464	395.979797464	1550248377.46	-3	-4	-3	-4
"6027"	9	1	1	19	0	0	45	100	0	0	395.979797464	395.979797464	1550248377.48	-3	-4	-3	-4
"6028"	9	1	1	19	0	0	45	100	0	0	395.979797464	395.979797464	1550248377.51	-3	-4	-3	-4
"6029"	9	1	1	19	0	0	45	100	0	0	395.979797464	395.979797464	1550248377.54	-3	-4	-3	-4
"6030"	9	1	1	19	0	0	45	100	0	0	395.979797464	395.979797464	1550248377.58	-3	-4	-3	-4
"6031"	9	1	1	19	0	0	45	100	0	0	395.979797464	395.979797464	1550248377.61	-3	-4	-3	-4
"6032"	9	1	1	19	0	0	45	100	0	0	395.979797464	395.979797464	1550248377.64	-3	-4	-3	-4
"6033"	9	1	1	19	0	0	45	100	0	0	395.979797464	395.979797464	1550248377.68	-3	-4	-3	-4
"6034"	9	1	1	19	0	0	45	100	0	0	395.979797464	395.979797464	1550248377.71	-3	-4	-3	-4
"6035"	9	1	1	19	0	0	45	100	0	0	395.979797464	395.979797464	1550248377.74	-3	-4	-3	-4
"6036"	9	1	1	19	0	0	45	100	0	0	395.979797464	395.979797464	1550248377.78	-3	-4	-3	-4
"6037"	9	1	1	19	0	0	45	100	0	0	395.979797464	395.979797464	1550248377.81	-3	-4	-3	-4
"6038"	9	1	1	19	0	0	45	100	0	0	395.979797464	395.979797464	1550248377.84	-3	-4	-3	-4
"6039"	9	1	1	19	0	0	45	100	0	0	395.979797464	395.979797464	1550248377.88	-3	-4	-3	-4
"6040"	9	1	1	19	0	0	45	100	0	0	395.979797464	395.979797464	1550248377.91	-2	-2	-2	-2
"6041"	9	1	1	19	0	0	45	100	0	0	395.979797464	395.979797464	1550248377.95	1	3	1	3
"6042"	9	1	1	19	0	0	45	100	0	0	395.979797464	395.979797464	1550248377.98	4	7	4	7
"6043"	9	1	1	19	0	0	45	100	0	0	395.979797464	395.979797464	1550248378.01	8	11	8	11
"6044"	9	1	1	19	0	0	45	100	0	0	395.979797464	395.979797464	1550248378.05	18	19	18	19
"6045"	9	1	1	19	0	0	45	100	0	0	395.979797464	395.979797464	1550248378.08	34	33	34	33
"6046"	9	1	1	19	0	0	45	100	0	0	395.979797464	395.979797464	1550248378.11	61	58	61	58
"6047"	9	1	1	19	0	0	45	100	0	0	395.979797464	395.979797464	1550248378.15	85	88	85	88
"6048"	9	1	1	19	0	0	45	100	0	0	395.979797464	395.979797464	1550248378.18	113	119	113	119
"6049"	9	1	1	19	0	0	45	100	0	0	395.979797464	395.979797464	1550248378.21	143	147	143	147
"6050"	9	1	1	19	0	0	45	100	0	0	395.979797464	395.979797464	1550248378.25	169	168	169	168
"6051"	9	1	1	19	0	0	45	100	0	0	395.979797464	395.979797464	1550248378.28	194	186	194	186
"6052"	9	1	1	19	0	0	45	100	0	0	395.979797464	395.979797464	1550248378.31	210	201	210	201
"6053"	9	1	1	19	0	0	45	100	0	0	395.979797464	395.979797464	1550248378.35	236	227	236	227
"6054"	9	1	1	19	0	0	45	100	0	0	395.979797464	395.979797464	1550248378.38	255	246	255	246
"6055"	9	1	1	19	0	0	45	100	0	0	395.979797464	395.979797464	1550248378.41	275	267	275	267
"6056"	9	1	1	19	0	0	45	100	0	0	395.979797464	395.979797464	1550248378.45	296	291	296	291
"6057"	9	1	1	19	0	0	45	100	0	0	395.979797464	395.979797464	1550248378.48	315	311	315	311
"6058"	9	1	1	19	0	0	45	100	0	0	395.979797464	395.979797464	1550248378.51	329	324	329	324
"6059"	9	1	1	19	0	0	45	100	0	0	395.979797464	395.979797464	1550248378.55	348	338	348	338
"6060"	9	1	1	19	0	0	45	100	0	0	395.979797464	395.979797464	1550248378.58	361	351	361	351
"6061"	9	1	1	19	0	0	45	100	0	0	395.979797464	395.979797464	1550248378.61	367	357	367	357
"6062"	9	1	1	19	0	0	45	100	0	0	395.979797464	395.979797464	1550248378.65	371	362	371	362
"6063"	9	1	1	19	0	0	45	100	0	0	395.979797464	395.979797464	1550248378.68	377	370	377	370
"6064"	9	1	1	19	0	0	45	100	0	0	395.979797464	395.979797464	1550248378.71	380	375	380	375
"6065"	9	1	1	19	0	0	45	100	0	0	395.979797464	395.979797464	1550248378.75	386	381	386	381
"6066"	9	1	1	19	0	0	45	100	0	0	395.979797464	395.979797464	1550248378.78	394	388	394	388
"6067"	9	1	1	19	0	0	45	100	0	0	395.979797464	395.979797464	1550248378.81	397	391	397	391
"6068"	9	1	1	19	0	0	45	100	0	0	395.979797464	395.979797464	1550248378.85	400	392	400	392
"6069"	9	1	1	19	0	0	45	100	0	0	395.979797464	395.979797464	1550248378.88	405	394	405	394
"6070"	9	1	1	19	0	0	45	100	0	0	395.979797464	395.979797464	1550248378.91	406	395	406	395
"6071"	9	1	1	20	0	0	135	100	0	0	-395.979797464	395.979797464	1550248380.26	8	3	8	3
"6072"	9	1	1	20	0	0	135	100	0	0	-395.979797464	395.979797464	1550248380.28	7	1	7	1
"6073"	9	1	1	20	0	0	135	100	0	0	-395.979797464	395.979797464	1550248380.31	5	-1	5	-1
"6074"	9	1	1	20	0	0	135	100	0	0	-395.979797464	395.979797464	1550248380.35	4	-2	4	-2
"6075"	9	1	1	20	0	0	135	100	0	0	-395.979797464	395.979797464	1550248380.38	4	-2	4	-2
"6076"	9	1	1	20	0	0	135	100	0	0	-395.979797464	395.979797464	1550248380.41	4	-2	4	-2
"6077"	9	1	1	20	0	0	135	100	0	0	-395.979797464	395.979797464	1550248380.45	4	-2	4	-2
"6078"	9	1	1	20	0	0	135	100	0	0	-395.979797464	395.979797464	1550248380.48	4	-2	4	-2
"6079"	9	1	1	20	0	0	135	100	0	0	-395.979797464	395.979797464	1550248380.51	4	-2	4	-2
"6080"	9	1	1	20	0	0	135	100	0	0	-395.979797464	395.979797464	1550248380.55	4	-2	4	-2
"6081"	9	1	1	20	0	0	135	100	0	0	-395.979797464	395.979797464	1550248380.58	4	-2	4	-2
"6082"	9	1	1	20	0	0	135	100	0	0	-395.979797464	395.979797464	1550248380.61	4	-2	4	-2
"6083"	9	1	1	20	0	0	135	100	0	0	-395.979797464	395.979797464	1550248380.65	4	-2	4	-2
"6084"	9	1	1	20	0	0	135	100	0	0	-395.979797464	395.979797464	1550248380.68	4	-2	4	-2
"6085"	9	1	1	20	0	0	135	100	0	0	-395.979797464	395.979797464	1550248380.71	4	-2	4	-2
"6086"	9	1	1	20	0	0	135	100	0	0	-395.979797464	395.979797464	1550248380.75	2	6	2	6
"6087"	9	1	1	20	0	0	135	100	0	0	-395.979797464	395.979797464	1550248380.78	-7	32	-7	32
"6088"	9	1	1	20	0	0	135	100	0	0	-395.979797464	395.979797464	1550248380.81	-22	60	-22	60
"6089"	9	1	1	20	0	0	135	100	0	0	-395.979797464	395.979797464	1550248380.85	-45	86	-45	86
"6090"	9	1	1	20	0	0	135	100	0	0	-395.979797464	395.979797464	1550248380.88	-70	112	-70	112
"6091"	9	1	1	20	0	0	135	100	0	0	-395.979797464	395.979797464	1550248380.91	-93	140	-93	140
"6092"	9	1	1	20	0	0	135	100	0	0	-395.979797464	395.979797464	1550248380.95	-117	172	-117	172
"6093"	9	1	1	20	0	0	135	100	0	0	-395.979797464	395.979797464	1550248380.98	-133	193	-133	193
"6094"	9	1	1	20	0	0	135	100	0	0	-395.979797464	395.979797464	1550248381.01	-151	214	-151	214
"6095"	9	1	1	20	0	0	135	100	0	0	-395.979797464	395.979797464	1550248381.05	-173	237	-173	237
"6096"	9	1	1	20	0	0	135	100	0	0	-395.979797464	395.979797464	1550248381.08	-193	257	-193	257
"6097"	9	1	1	20	0	0	135	100	0	0	-395.979797464	395.979797464	1550248381.11	-217	274	-217	274
"6098"	9	1	1	20	0	0	135	100	0	0	-395.979797464	395.979797464	1550248381.15	-229	282	-229	282
"6099"	9	1	1	20	0	0	135	100	0	0	-395.979797464	395.979797464	1550248381.18	-242	298	-242	298
"6100"	9	1	1	20	0	0	135	100	0	0	-395.979797464	395.979797464	1550248381.21	-251	310	-251	310
"6101"	9	1	1	20	0	0	135	100	0	0	-395.979797464	395.979797464	1550248381.25	-262	320	-262	320
"6102"	9	1	1	20	0	0	135	100	0	0	-395.979797464	395.979797464	1550248381.28	-273	329	-273	329
"6103"	9	1	1	20	0	0	135	100	0	0	-395.979797464	395.979797464	1550248381.31	-280	337	-280	337
"6104"	9	1	1	20	0	0	135	100	0	0	-395.979797464	395.979797464	1550248381.35	-287	343	-287	343
"6105"	9	1	1	20	0	0	135	100	0	0	-395.979797464	395.979797464	1550248381.38	-296	351	-296	351
"6106"	9	1	1	20	0	0	135	100	0	0	-395.979797464	395.979797464	1550248381.41	-306	359	-306	359
"6107"	9	1	1	20	0	0	135	100	0	0	-395.979797464	395.979797464	1550248381.45	-320	368	-320	368
"6108"	9	1	1	20	0	0	135	100	0	0	-395.979797464	395.979797464	1550248381.48	-331	373	-331	373
"6109"	9	1	1	20	0	0	135	100	0	0	-395.979797464	395.979797464	1550248381.51	-341	375	-341	375
"6110"	9	1	1	20	0	0	135	100	0	0	-395.979797464	395.979797464	1550248381.55	-347	376	-347	376
"6111"	9	1	1	20	0	0	135	100	0	0	-395.979797464	395.979797464	1550248381.58	-351	376	-351	376
"6112"	9	1	1	20	0	0	135	100	0	0	-395.979797464	395.979797464	1550248381.61	-356	379	-356	379
"6113"	9	1	1	20	0	0	135	100	0	0	-395.979797464	395.979797464	1550248381.65	-359	381	-359	381
"6114"	9	1	1	20	0	0	135	100	0	0	-395.979797464	395.979797464	1550248381.68	-364	384	-364	384
"6115"	9	1	1	20	0	0	135	100	0	0	-395.979797464	395.979797464	1550248381.71	-367	387	-367	387
"6116"	9	1	1	20	0	0	135	100	0	0	-395.979797464	395.979797464	1550248381.75	-371	389	-371	389
"6117"	9	1	1	20	0	0	135	100	0	0	-395.979797464	395.979797464	1550248381.78	-376	392	-376	392
"6118"	9	1	1	20	0	0	135	100	0	0	-395.979797464	395.979797464	1550248381.81	-382	394	-382	394
"6119"	9	1	1	20	0	0	135	100	0	0	-395.979797464	395.979797464	1550248381.85	-390	397	-390	397
"6120"	9	1	1	20	0	0	135	100	0	0	-395.979797464	395.979797464	1550248381.88	-395	398	-395	398
"6121"	9	1	1	20	0	0	135	100	0	0	-395.979797464	395.979797464	1550248381.91	-400	399	-400	399
"6122"	9	1	1	21	0	0	90	100	0	0	3.42901103761e-14	560	1550248383.4	-10	-7	-10	-7
"6123"	9	1	1	21	0	0	90	100	0	0	3.42901103761e-14	560	1550248383.42	-10	-7	-10	-7
"6124"	9	1	1	21	0	0	90	100	0	0	3.42901103761e-14	560	1550248383.45	-8	-7	-8	-7
"6125"	9	1	1	21	0	0	90	100	0	0	3.42901103761e-14	560	1550248383.48	-8	-7	-8	-7
"6126"	9	1	1	21	0	0	90	100	0	0	3.42901103761e-14	560	1550248383.52	-7	-6	-7	-6
"6127"	9	1	1	21	0	0	90	100	0	0	3.42901103761e-14	560	1550248383.55	-6	-5	-6	-5
"6128"	9	1	1	21	0	0	90	100	0	0	3.42901103761e-14	560	1550248383.58	-4	-1	-4	-1
"6129"	9	1	1	21	0	0	90	100	0	0	3.42901103761e-14	560	1550248383.62	-3	-1	-3	-1
"6130"	9	1	1	21	0	0	90	100	0	0	3.42901103761e-14	560	1550248383.65	-3	-1	-3	-1
"6131"	9	1	1	21	0	0	90	100	0	0	3.42901103761e-14	560	1550248383.68	-3	-1	-3	-1
"6132"	9	1	1	21	0	0	90	100	0	0	3.42901103761e-14	560	1550248383.72	-3	-1	-3	-1
"6133"	9	1	1	21	0	0	90	100	0	0	3.42901103761e-14	560	1550248383.75	-3	-1	-3	-1
"6134"	9	1	1	21	0	0	90	100	0	0	3.42901103761e-14	560	1550248383.78	-3	-1	-3	-1
"6135"	9	1	1	21	0	0	90	100	0	0	3.42901103761e-14	560	1550248383.82	-3	-1	-3	-1
"6136"	9	1	1	21	0	0	90	100	0	0	3.42901103761e-14	560	1550248383.85	-3	-1	-3	-1
"6137"	9	1	1	21	0	0	90	100	0	0	3.42901103761e-14	560	1550248383.88	-3	-1	-3	-1
"6138"	9	1	1	21	0	0	90	100	0	0	3.42901103761e-14	560	1550248383.92	-4	12	-4	12
"6139"	9	1	1	21	0	0	90	100	0	0	3.42901103761e-14	560	1550248383.95	-5	42	-5	42
"6140"	9	1	1	21	0	0	90	100	0	0	3.42901103761e-14	560	1550248383.98	-6	60	-6	60
"6141"	9	1	1	21	0	0	90	100	0	0	3.42901103761e-14	560	1550248384.02	-6	81	-6	81
"6142"	9	1	1	21	0	0	90	100	0	0	3.42901103761e-14	560	1550248384.05	-4	107	-4	107
"6143"	9	1	1	21	0	0	90	100	0	0	3.42901103761e-14	560	1550248384.08	-3	138	-3	138
"6144"	9	1	1	21	0	0	90	100	0	0	3.42901103761e-14	560	1550248384.12	-7	177	-7	177
"6145"	9	1	1	21	0	0	90	100	0	0	3.42901103761e-14	560	1550248384.15	-14	210	-14	210
"6146"	9	1	1	21	0	0	90	100	0	0	3.42901103761e-14	560	1550248384.18	-17	240	-17	240
"6147"	9	1	1	21	0	0	90	100	0	0	3.42901103761e-14	560	1550248384.22	-19	268	-19	268
"6148"	9	1	1	21	0	0	90	100	0	0	3.42901103761e-14	560	1550248384.25	-24	304	-24	304
"6149"	9	1	1	21	0	0	90	100	0	0	3.42901103761e-14	560	1550248384.28	-31	341	-31	341
"6150"	9	1	1	21	0	0	90	100	0	0	3.42901103761e-14	560	1550248384.32	-37	370	-37	370
"6151"	9	1	1	21	0	0	90	100	0	0	3.42901103761e-14	560	1550248384.35	-43	400	-43	400
"6152"	9	1	1	21	0	0	90	100	0	0	3.42901103761e-14	560	1550248384.38	-44	422	-44	422
"6153"	9	1	1	21	0	0	90	100	0	0	3.42901103761e-14	560	1550248384.42	-44	433	-44	433
"6154"	9	1	1	21	0	0	90	100	0	0	3.42901103761e-14	560	1550248384.45	-40	447	-40	447
"6155"	9	1	1	21	0	0	90	100	0	0	3.42901103761e-14	560	1550248384.48	-35	458	-35	458
"6156"	9	1	1	21	0	0	90	100	0	0	3.42901103761e-14	560	1550248384.52	-32	471	-32	471
"6157"	9	1	1	21	0	0	90	100	0	0	3.42901103761e-14	560	1550248384.55	-27	483	-27	483
"6158"	9	1	1	21	0	0	90	100	0	0	3.42901103761e-14	560	1550248384.58	-23	490	-23	490
"6159"	9	1	1	21	0	0	90	100	0	0	3.42901103761e-14	560	1550248384.62	-15	505	-15	505
"6160"	9	1	1	21	0	0	90	100	0	0	3.42901103761e-14	560	1550248384.65	-12	516	-12	516
"6161"	9	1	1	21	0	0	90	100	0	0	3.42901103761e-14	560	1550248384.68	-10	524	-10	524
"6162"	9	1	1	21	0	0	90	100	0	0	3.42901103761e-14	560	1550248384.72	-7	532	-7	532
"6163"	9	1	1	21	0	0	90	100	0	0	3.42901103761e-14	560	1550248384.75	-7	537	-7	537
"6164"	9	1	1	21	0	0	90	100	0	0	3.42901103761e-14	560	1550248384.78	-7	540	-7	540
"6165"	9	1	1	21	0	0	90	100	0	0	3.42901103761e-14	560	1550248384.82	-5	546	-5	546
"6166"	9	1	1	21	0	0	90	100	0	0	3.42901103761e-14	560	1550248384.85	-2	553	-2	553
"6167"	9	1	1	21	0	0	90	100	0	0	3.42901103761e-14	560	1550248384.88	-1	557	-1	557
"6168"	9	1	1	21	0	0	90	100	0	0	3.42901103761e-14	560	1550248384.92	-1	559	-1	559
