"task_num"	"task_name"	"trial_type"	"trial_num"	"terminalfeedback_bool"	"rotation_angle"	"targetangle_deg"	"targetdistance_percmax"	"homex_px"	"homey_px"	"targetx_px"	"targety_px"	"time_s"	"mousex_px"	"mousey_px"	"cursorx_px"	"cursory_px"
"4181"	9	1	1	1	0	0	135	100	0	0	-395.979797464	395.979797464	1550088377.87	0	5	0	5
"4182"	9	1	1	1	0	0	135	100	0	0	-395.979797464	395.979797464	1550088377.9	0	5	0	5
"4183"	9	1	1	1	0	0	135	100	0	0	-395.979797464	395.979797464	1550088377.94	0	4	0	4
"4184"	9	1	1	1	0	0	135	100	0	0	-395.979797464	395.979797464	1550088377.97	-1	1	-1	1
"4185"	9	1	1	1	0	0	135	100	0	0	-395.979797464	395.979797464	1550088378	-1	1	-1	1
"4186"	9	1	1	1	0	0	135	100	0	0	-395.979797464	395.979797464	1550088378.04	-1	0	-1	0
"4187"	9	1	1	1	0	0	135	100	0	0	-395.979797464	395.979797464	1550088378.07	0	0	0	0
"4188"	9	1	1	1	0	0	135	100	0	0	-395.979797464	395.979797464	1550088378.1	0	0	0	0
"4189"	9	1	1	1	0	0	135	100	0	0	-395.979797464	395.979797464	1550088378.14	0	-1	0	-1
"4190"	9	1	1	1	0	0	135	100	0	0	-395.979797464	395.979797464	1550088378.17	0	-2	0	-2
"4191"	9	1	1	1	0	0	135	100	0	0	-395.979797464	395.979797464	1550088378.2	0	-2	0	-2
"4192"	9	1	1	1	0	0	135	100	0	0	-395.979797464	395.979797464	1550088378.24	-1	-2	-1	-2
"4193"	9	1	1	1	0	0	135	100	0	0	-395.979797464	395.979797464	1550088378.27	-3	1	-3	1
"4194"	9	1	1	1	0	0	135	100	0	0	-395.979797464	395.979797464	1550088378.3	-12	11	-12	11
"4195"	9	1	1	1	0	0	135	100	0	0	-395.979797464	395.979797464	1550088378.34	-38	35	-38	35
"4196"	9	1	1	1	0	0	135	100	0	0	-395.979797464	395.979797464	1550088378.37	-63	59	-63	59
"4197"	9	1	1	1	0	0	135	100	0	0	-395.979797464	395.979797464	1550088378.4	-99	90	-99	90
"4198"	9	1	1	1	0	0	135	100	0	0	-395.979797464	395.979797464	1550088378.44	-142	122	-142	122
"4199"	9	1	1	1	0	0	135	100	0	0	-395.979797464	395.979797464	1550088378.47	-182	153	-182	153
"4200"	9	1	1	1	0	0	135	100	0	0	-395.979797464	395.979797464	1550088378.5	-224	200	-224	200
"4201"	9	1	1	1	0	0	135	100	0	0	-395.979797464	395.979797464	1550088378.54	-265	246	-265	246
"4202"	9	1	1	1	0	0	135	100	0	0	-395.979797464	395.979797464	1550088378.57	-303	284	-303	284
"4203"	9	1	1	1	0	0	135	100	0	0	-395.979797464	395.979797464	1550088378.6	-325	314	-325	314
"4204"	9	1	1	1	0	0	135	100	0	0	-395.979797464	395.979797464	1550088378.64	-345	342	-345	342
"4205"	9	1	1	1	0	0	135	100	0	0	-395.979797464	395.979797464	1550088378.67	-358	360	-358	360
"4206"	9	1	1	1	0	0	135	100	0	0	-395.979797464	395.979797464	1550088378.7	-366	371	-366	371
"4207"	9	1	1	1	0	0	135	100	0	0	-395.979797464	395.979797464	1550088378.74	-370	385	-370	385
"4208"	9	1	1	1	0	0	135	100	0	0	-395.979797464	395.979797464	1550088378.77	-371	395	-371	395
"4209"	9	1	1	1	0	0	135	100	0	0	-395.979797464	395.979797464	1550088378.8	-370	401	-370	401
"4210"	9	1	1	1	0	0	135	100	0	0	-395.979797464	395.979797464	1550088378.84	-371	404	-371	404
"4211"	9	1	1	1	0	0	135	100	0	0	-395.979797464	395.979797464	1550088378.87	-372	407	-372	407
"4212"	9	1	1	1	0	0	135	100	0	0	-395.979797464	395.979797464	1550088378.9	-374	409	-374	409
"4213"	9	1	1	1	0	0	135	100	0	0	-395.979797464	395.979797464	1550088378.94	-375	410	-375	410
"4214"	9	1	1	1	0	0	135	100	0	0	-395.979797464	395.979797464	1550088378.97	-375	411	-375	411
"4215"	9	1	1	1	0	0	135	100	0	0	-395.979797464	395.979797464	1550088379	-375	411	-375	411
"4216"	9	1	1	1	0	0	135	100	0	0	-395.979797464	395.979797464	1550088379.04	-377	409	-377	409
"4217"	9	1	1	1	0	0	135	100	0	0	-395.979797464	395.979797464	1550088379.07	-380	406	-380	406
"4218"	9	1	1	1	0	0	135	100	0	0	-395.979797464	395.979797464	1550088379.1	-382	405	-382	405
"4219"	9	1	1	1	0	0	135	100	0	0	-395.979797464	395.979797464	1550088379.14	-385	403	-385	403
"4220"	9	1	1	1	0	0	135	100	0	0	-395.979797464	395.979797464	1550088379.17	-387	402	-387	402
"4221"	9	1	1	1	0	0	135	100	0	0	-395.979797464	395.979797464	1550088379.2	-389	402	-389	402
"4222"	9	1	1	2	0	0	45	100	0	0	395.979797464	395.979797464	1550088381.05	6	1	6	1
"4223"	9	1	1	2	0	0	45	100	0	0	395.979797464	395.979797464	1550088381.07	5	1	5	1
"4224"	9	1	1	2	0	0	45	100	0	0	395.979797464	395.979797464	1550088381.1	5	1	5	1
"4225"	9	1	1	2	0	0	45	100	0	0	395.979797464	395.979797464	1550088381.14	5	1	5	1
"4226"	9	1	1	2	0	0	45	100	0	0	395.979797464	395.979797464	1550088381.17	5	1	5	1
"4227"	9	1	1	2	0	0	45	100	0	0	395.979797464	395.979797464	1550088381.2	5	1	5	1
"4228"	9	1	1	2	0	0	45	100	0	0	395.979797464	395.979797464	1550088381.24	4	1	4	1
"4229"	9	1	1	2	0	0	45	100	0	0	395.979797464	395.979797464	1550088381.27	3	1	3	1
"4230"	9	1	1	2	0	0	45	100	0	0	395.979797464	395.979797464	1550088381.3	2	2	2	2
"4231"	9	1	1	2	0	0	45	100	0	0	395.979797464	395.979797464	1550088381.34	1	2	1	2
"4232"	9	1	1	2	0	0	45	100	0	0	395.979797464	395.979797464	1550088381.37	1	2	1	2
"4233"	9	1	1	2	0	0	45	100	0	0	395.979797464	395.979797464	1550088381.4	3	5	3	5
"4234"	9	1	1	2	0	0	45	100	0	0	395.979797464	395.979797464	1550088381.44	9	13	9	13
"4235"	9	1	1	2	0	0	45	100	0	0	395.979797464	395.979797464	1550088381.47	20	25	20	25
"4236"	9	1	1	2	0	0	45	100	0	0	395.979797464	395.979797464	1550088381.5	45	52	45	52
"4237"	9	1	1	2	0	0	45	100	0	0	395.979797464	395.979797464	1550088381.54	72	82	72	82
"4238"	9	1	1	2	0	0	45	100	0	0	395.979797464	395.979797464	1550088381.57	103	114	103	114
"4239"	9	1	1	2	0	0	45	100	0	0	395.979797464	395.979797464	1550088381.6	130	140	130	140
"4240"	9	1	1	2	0	0	45	100	0	0	395.979797464	395.979797464	1550088381.64	164	170	164	170
"4241"	9	1	1	2	0	0	45	100	0	0	395.979797464	395.979797464	1550088381.67	198	199	198	199
"4242"	9	1	1	2	0	0	45	100	0	0	395.979797464	395.979797464	1550088381.7	224	222	224	222
"4243"	9	1	1	2	0	0	45	100	0	0	395.979797464	395.979797464	1550088381.74	252	248	252	248
"4244"	9	1	1	2	0	0	45	100	0	0	395.979797464	395.979797464	1550088381.77	278	273	278	273
"4245"	9	1	1	2	0	0	45	100	0	0	395.979797464	395.979797464	1550088381.8	298	290	298	290
"4246"	9	1	1	2	0	0	45	100	0	0	395.979797464	395.979797464	1550088381.84	312	305	312	305
"4247"	9	1	1	2	0	0	45	100	0	0	395.979797464	395.979797464	1550088381.87	328	321	328	321
"4248"	9	1	1	2	0	0	45	100	0	0	395.979797464	395.979797464	1550088381.9	340	336	340	336
"4249"	9	1	1	2	0	0	45	100	0	0	395.979797464	395.979797464	1550088381.94	346	347	346	347
"4250"	9	1	1	2	0	0	45	100	0	0	395.979797464	395.979797464	1550088381.97	352	359	352	359
"4251"	9	1	1	2	0	0	45	100	0	0	395.979797464	395.979797464	1550088382	355	368	355	368
"4252"	9	1	1	2	0	0	45	100	0	0	395.979797464	395.979797464	1550088382.04	358	373	358	373
"4253"	9	1	1	2	0	0	45	100	0	0	395.979797464	395.979797464	1550088382.07	361	378	361	378
"4254"	9	1	1	2	0	0	45	100	0	0	395.979797464	395.979797464	1550088382.11	365	382	365	382
"4255"	9	1	1	2	0	0	45	100	0	0	395.979797464	395.979797464	1550088382.14	370	387	370	387
"4256"	9	1	1	2	0	0	45	100	0	0	395.979797464	395.979797464	1550088382.17	373	391	373	391
"4257"	9	1	1	2	0	0	45	100	0	0	395.979797464	395.979797464	1550088382.21	377	396	377	396
"4258"	9	1	1	2	0	0	45	100	0	0	395.979797464	395.979797464	1550088382.24	382	399	382	399
"4259"	9	1	1	2	0	0	45	100	0	0	395.979797464	395.979797464	1550088382.27	384	400	384	400
"4260"	9	1	1	3	0	0	90	100	0	0	3.42901103761e-14	560	1550088383.55	-10	4	-10	4
"4261"	9	1	1	3	0	0	90	100	0	0	3.42901103761e-14	560	1550088383.57	-9	4	-9	4
"4262"	9	1	1	3	0	0	90	100	0	0	3.42901103761e-14	560	1550088383.61	-8	3	-8	3
"4263"	9	1	1	3	0	0	90	100	0	0	3.42901103761e-14	560	1550088383.64	-8	3	-8	3
"4264"	9	1	1	3	0	0	90	100	0	0	3.42901103761e-14	560	1550088383.67	-8	3	-8	3
"4265"	9	1	1	3	0	0	90	100	0	0	3.42901103761e-14	560	1550088383.71	-8	3	-8	3
"4266"	9	1	1	3	0	0	90	100	0	0	3.42901103761e-14	560	1550088383.74	-8	3	-8	3
"4267"	9	1	1	3	0	0	90	100	0	0	3.42901103761e-14	560	1550088383.77	-7	3	-7	3
"4268"	9	1	1	3	0	0	90	100	0	0	3.42901103761e-14	560	1550088383.81	-6	3	-6	3
"4269"	9	1	1	3	0	0	90	100	0	0	3.42901103761e-14	560	1550088383.84	-6	3	-6	3
"4270"	9	1	1	3	0	0	90	100	0	0	3.42901103761e-14	560	1550088383.87	-7	2	-7	2
"4271"	9	1	1	3	0	0	90	100	0	0	3.42901103761e-14	560	1550088383.91	-7	3	-7	3
"4272"	9	1	1	3	0	0	90	100	0	0	3.42901103761e-14	560	1550088383.94	-8	5	-8	5
"4273"	9	1	1	3	0	0	90	100	0	0	3.42901103761e-14	560	1550088383.97	-11	12	-11	12
"4274"	9	1	1	3	0	0	90	100	0	0	3.42901103761e-14	560	1550088384.01	-13	26	-13	26
"4275"	9	1	1	3	0	0	90	100	0	0	3.42901103761e-14	560	1550088384.04	-14	44	-14	44
"4276"	9	1	1	3	0	0	90	100	0	0	3.42901103761e-14	560	1550088384.07	-14	63	-14	63
"4277"	9	1	1	3	0	0	90	100	0	0	3.42901103761e-14	560	1550088384.11	-13	82	-13	82
"4278"	9	1	1	3	0	0	90	100	0	0	3.42901103761e-14	560	1550088384.14	-13	99	-13	99
"4279"	9	1	1	3	0	0	90	100	0	0	3.42901103761e-14	560	1550088384.17	-13	126	-13	126
"4280"	9	1	1	3	0	0	90	100	0	0	3.42901103761e-14	560	1550088384.21	-9	149	-9	149
"4281"	9	1	1	3	0	0	90	100	0	0	3.42901103761e-14	560	1550088384.24	-3	181	-3	181
"4282"	9	1	1	3	0	0	90	100	0	0	3.42901103761e-14	560	1550088384.27	4	214	4	214
"4283"	9	1	1	3	0	0	90	100	0	0	3.42901103761e-14	560	1550088384.31	10	243	10	243
"4284"	9	1	1	3	0	0	90	100	0	0	3.42901103761e-14	560	1550088384.34	16	286	16	286
"4285"	9	1	1	3	0	0	90	100	0	0	3.42901103761e-14	560	1550088384.37	19	317	19	317
"4286"	9	1	1	3	0	0	90	100	0	0	3.42901103761e-14	560	1550088384.41	19	351	19	351
"4287"	9	1	1	3	0	0	90	100	0	0	3.42901103761e-14	560	1550088384.44	18	383	18	383
"4288"	9	1	1	3	0	0	90	100	0	0	3.42901103761e-14	560	1550088384.47	15	409	15	409
"4289"	9	1	1	3	0	0	90	100	0	0	3.42901103761e-14	560	1550088384.51	10	439	10	439
"4290"	9	1	1	3	0	0	90	100	0	0	3.42901103761e-14	560	1550088384.54	5	464	5	464
"4291"	9	1	1	3	0	0	90	100	0	0	3.42901103761e-14	560	1550088384.57	1	491	1	491
"4292"	9	1	1	3	0	0	90	100	0	0	3.42901103761e-14	560	1550088384.61	-2	512	-2	512
"4293"	9	1	1	3	0	0	90	100	0	0	3.42901103761e-14	560	1550088384.64	-5	527	-5	527
"4294"	9	1	1	3	0	0	90	100	0	0	3.42901103761e-14	560	1550088384.67	-5	542	-5	542
"4295"	9	1	1	3	0	0	90	100	0	0	3.42901103761e-14	560	1550088384.71	-5	552	-5	552
"4296"	9	1	1	3	0	0	90	100	0	0	3.42901103761e-14	560	1550088384.74	-5	562	-5	562
"4297"	9	1	1	3	0	0	90	100	0	0	3.42901103761e-14	560	1550088384.77	-4	568	-4	568
"4298"	9	1	1	3	0	0	90	100	0	0	3.42901103761e-14	560	1550088384.81	-4	574	-4	574
"4299"	9	1	1	3	0	0	90	100	0	0	3.42901103761e-14	560	1550088384.84	-3	576	-3	576
"4300"	9	1	1	3	0	0	90	100	0	0	3.42901103761e-14	560	1550088384.87	-3	576	-3	576
"4301"	9	1	1	3	0	0	90	100	0	0	3.42901103761e-14	560	1550088384.91	-3	576	-3	576
"4302"	9	1	1	3	0	0	90	100	0	0	3.42901103761e-14	560	1550088384.94	-3	576	-3	576
"4303"	9	1	1	3	0	0	90	100	0	0	3.42901103761e-14	560	1550088384.97	-3	576	-3	576
"4304"	9	1	1	3	0	0	90	100	0	0	3.42901103761e-14	560	1550088385.01	-3	576	-3	576
"4305"	9	1	1	3	0	0	90	100	0	0	3.42901103761e-14	560	1550088385.04	-3	575	-3	575
"4306"	9	1	1	3	0	0	90	100	0	0	3.42901103761e-14	560	1550088385.07	-2	573	-2	573
"4307"	9	1	1	3	0	0	90	100	0	0	3.42901103761e-14	560	1550088385.11	-1	570	-1	570
"4308"	9	1	1	3	0	0	90	100	0	0	3.42901103761e-14	560	1550088385.14	-1	567	-1	567
"4309"	9	1	1	3	0	0	90	100	0	0	3.42901103761e-14	560	1550088385.17	-1	565	-1	565
"4310"	9	1	1	4	0	0	135	100	0	0	-395.979797464	395.979797464	1550088386.95	3	-10	3	-10
"4311"	9	1	1	4	0	0	135	100	0	0	-395.979797464	395.979797464	1550088386.98	2	-9	2	-9
"4312"	9	1	1	4	0	0	135	100	0	0	-395.979797464	395.979797464	1550088387.01	2	-7	2	-7
"4313"	9	1	1	4	0	0	135	100	0	0	-395.979797464	395.979797464	1550088387.04	2	-6	2	-6
"4314"	9	1	1	4	0	0	135	100	0	0	-395.979797464	395.979797464	1550088387.08	2	-5	2	-5
"4315"	9	1	1	4	0	0	135	100	0	0	-395.979797464	395.979797464	1550088387.11	2	-5	2	-5
"4316"	9	1	1	4	0	0	135	100	0	0	-395.979797464	395.979797464	1550088387.14	2	-5	2	-5
"4317"	9	1	1	4	0	0	135	100	0	0	-395.979797464	395.979797464	1550088387.18	2	-5	2	-5
"4318"	9	1	1	4	0	0	135	100	0	0	-395.979797464	395.979797464	1550088387.21	2	-5	2	-5
"4319"	9	1	1	4	0	0	135	100	0	0	-395.979797464	395.979797464	1550088387.24	2	-5	2	-5
"4320"	9	1	1	4	0	0	135	100	0	0	-395.979797464	395.979797464	1550088387.28	2	-5	2	-5
"4321"	9	1	1	4	0	0	135	100	0	0	-395.979797464	395.979797464	1550088387.31	2	-5	2	-5
"4322"	9	1	1	4	0	0	135	100	0	0	-395.979797464	395.979797464	1550088387.34	2	-5	2	-5
"4323"	9	1	1	4	0	0	135	100	0	0	-395.979797464	395.979797464	1550088387.38	2	-5	2	-5
"4324"	9	1	1	4	0	0	135	100	0	0	-395.979797464	395.979797464	1550088387.41	1	-4	1	-4
"4325"	9	1	1	4	0	0	135	100	0	0	-395.979797464	395.979797464	1550088387.44	-3	-1	-3	-1
"4326"	9	1	1	4	0	0	135	100	0	0	-395.979797464	395.979797464	1550088387.48	-11	10	-11	10
"4327"	9	1	1	4	0	0	135	100	0	0	-395.979797464	395.979797464	1550088387.51	-23	29	-23	29
"4328"	9	1	1	4	0	0	135	100	0	0	-395.979797464	395.979797464	1550088387.54	-38	48	-38	48
"4329"	9	1	1	4	0	0	135	100	0	0	-395.979797464	395.979797464	1550088387.58	-61	71	-61	71
"4330"	9	1	1	4	0	0	135	100	0	0	-395.979797464	395.979797464	1550088387.61	-79	95	-79	95
"4331"	9	1	1	4	0	0	135	100	0	0	-395.979797464	395.979797464	1550088387.64	-94	115	-94	115
"4332"	9	1	1	4	0	0	135	100	0	0	-395.979797464	395.979797464	1550088387.68	-114	142	-114	142
"4333"	9	1	1	4	0	0	135	100	0	0	-395.979797464	395.979797464	1550088387.71	-129	164	-129	164
"4334"	9	1	1	4	0	0	135	100	0	0	-395.979797464	395.979797464	1550088387.74	-148	191	-148	191
"4335"	9	1	1	4	0	0	135	100	0	0	-395.979797464	395.979797464	1550088387.78	-166	213	-166	213
"4336"	9	1	1	4	0	0	135	100	0	0	-395.979797464	395.979797464	1550088387.81	-189	236	-189	236
"4337"	9	1	1	4	0	0	135	100	0	0	-395.979797464	395.979797464	1550088387.84	-213	258	-213	258
"4338"	9	1	1	4	0	0	135	100	0	0	-395.979797464	395.979797464	1550088387.88	-232	274	-232	274
"4339"	9	1	1	4	0	0	135	100	0	0	-395.979797464	395.979797464	1550088387.91	-253	290	-253	290
"4340"	9	1	1	4	0	0	135	100	0	0	-395.979797464	395.979797464	1550088387.94	-271	303	-271	303
"4341"	9	1	1	4	0	0	135	100	0	0	-395.979797464	395.979797464	1550088387.98	-285	310	-285	310
"4342"	9	1	1	4	0	0	135	100	0	0	-395.979797464	395.979797464	1550088388.01	-298	317	-298	317
"4343"	9	1	1	4	0	0	135	100	0	0	-395.979797464	395.979797464	1550088388.04	-308	323	-308	323
"4344"	9	1	1	4	0	0	135	100	0	0	-395.979797464	395.979797464	1550088388.08	-318	330	-318	330
"4345"	9	1	1	4	0	0	135	100	0	0	-395.979797464	395.979797464	1550088388.11	-327	335	-327	335
"4346"	9	1	1	4	0	0	135	100	0	0	-395.979797464	395.979797464	1550088388.14	-338	342	-338	342
"4347"	9	1	1	4	0	0	135	100	0	0	-395.979797464	395.979797464	1550088388.18	-348	347	-348	347
"4348"	9	1	1	4	0	0	135	100	0	0	-395.979797464	395.979797464	1550088388.21	-355	350	-355	350
"4349"	9	1	1	4	0	0	135	100	0	0	-395.979797464	395.979797464	1550088388.24	-364	354	-364	354
"4350"	9	1	1	4	0	0	135	100	0	0	-395.979797464	395.979797464	1550088388.28	-369	357	-369	357
"4351"	9	1	1	4	0	0	135	100	0	0	-395.979797464	395.979797464	1550088388.31	-375	361	-375	361
"4352"	9	1	1	4	0	0	135	100	0	0	-395.979797464	395.979797464	1550088388.34	-381	366	-381	366
"4353"	9	1	1	4	0	0	135	100	0	0	-395.979797464	395.979797464	1550088388.38	-386	370	-386	370
"4354"	9	1	1	4	0	0	135	100	0	0	-395.979797464	395.979797464	1550088388.41	-392	374	-392	374
"4355"	9	1	1	4	0	0	135	100	0	0	-395.979797464	395.979797464	1550088388.44	-397	377	-397	377
"4356"	9	1	1	4	0	0	135	100	0	0	-395.979797464	395.979797464	1550088388.48	-401	381	-401	381
"4357"	9	1	1	4	0	0	135	100	0	0	-395.979797464	395.979797464	1550088388.51	-403	384	-403	384
"4358"	9	1	1	4	0	0	135	100	0	0	-395.979797464	395.979797464	1550088388.54	-405	387	-405	387
"4359"	9	1	1	4	0	0	135	100	0	0	-395.979797464	395.979797464	1550088388.58	-405	389	-405	389
"4360"	9	1	1	4	0	0	135	100	0	0	-395.979797464	395.979797464	1550088388.61	-406	390	-406	390
"4361"	9	1	1	5	0	0	45	100	0	0	395.979797464	395.979797464	1550088390.52	-1	-7	-1	-7
"4362"	9	1	1	5	0	0	45	100	0	0	395.979797464	395.979797464	1550088390.54	-1	-7	-1	-7
"4363"	9	1	1	5	0	0	45	100	0	0	395.979797464	395.979797464	1550088390.58	-1	-7	-1	-7
"4364"	9	1	1	5	0	0	45	100	0	0	395.979797464	395.979797464	1550088390.61	-1	-6	-1	-6
"4365"	9	1	1	5	0	0	45	100	0	0	395.979797464	395.979797464	1550088390.64	-1	-5	-1	-5
"4366"	9	1	1	5	0	0	45	100	0	0	395.979797464	395.979797464	1550088390.68	-1	-3	-1	-3
"4367"	9	1	1	5	0	0	45	100	0	0	395.979797464	395.979797464	1550088390.71	-1	-2	-1	-2
"4368"	9	1	1	5	0	0	45	100	0	0	395.979797464	395.979797464	1550088390.74	-1	-1	-1	-1
"4369"	9	1	1	5	0	0	45	100	0	0	395.979797464	395.979797464	1550088390.78	-1	-1	-1	-1
"4370"	9	1	1	5	0	0	45	100	0	0	395.979797464	395.979797464	1550088390.81	-1	-1	-1	-1
"4371"	9	1	1	5	0	0	45	100	0	0	395.979797464	395.979797464	1550088390.85	-1	-1	-1	-1
"4372"	9	1	1	5	0	0	45	100	0	0	395.979797464	395.979797464	1550088390.88	-1	-1	-1	-1
"4373"	9	1	1	5	0	0	45	100	0	0	395.979797464	395.979797464	1550088390.91	0	-1	0	-1
"4374"	9	1	1	5	0	0	45	100	0	0	395.979797464	395.979797464	1550088390.95	3	2	3	2
"4375"	9	1	1	5	0	0	45	100	0	0	395.979797464	395.979797464	1550088390.98	8	6	8	6
"4376"	9	1	1	5	0	0	45	100	0	0	395.979797464	395.979797464	1550088391.01	18	14	18	14
"4377"	9	1	1	5	0	0	45	100	0	0	395.979797464	395.979797464	1550088391.05	32	27	32	27
"4378"	9	1	1	5	0	0	45	100	0	0	395.979797464	395.979797464	1550088391.08	51	43	51	43
"4379"	9	1	1	5	0	0	45	100	0	0	395.979797464	395.979797464	1550088391.11	71	60	71	60
"4380"	9	1	1	5	0	0	45	100	0	0	395.979797464	395.979797464	1550088391.15	92	78	92	78
"4381"	9	1	1	5	0	0	45	100	0	0	395.979797464	395.979797464	1550088391.18	113	96	113	96
"4382"	9	1	1	5	0	0	45	100	0	0	395.979797464	395.979797464	1550088391.21	130	112	130	112
"4383"	9	1	1	5	0	0	45	100	0	0	395.979797464	395.979797464	1550088391.25	152	133	152	133
"4384"	9	1	1	5	0	0	45	100	0	0	395.979797464	395.979797464	1550088391.28	174	155	174	155
"4385"	9	1	1	5	0	0	45	100	0	0	395.979797464	395.979797464	1550088391.31	198	180	198	180
"4386"	9	1	1	5	0	0	45	100	0	0	395.979797464	395.979797464	1550088391.35	219	202	219	202
"4387"	9	1	1	5	0	0	45	100	0	0	395.979797464	395.979797464	1550088391.38	244	229	244	229
"4388"	9	1	1	5	0	0	45	100	0	0	395.979797464	395.979797464	1550088391.41	271	257	271	257
"4389"	9	1	1	5	0	0	45	100	0	0	395.979797464	395.979797464	1550088391.45	292	281	292	281
"4390"	9	1	1	5	0	0	45	100	0	0	395.979797464	395.979797464	1550088391.48	316	311	316	311
"4391"	9	1	1	5	0	0	45	100	0	0	395.979797464	395.979797464	1550088391.51	339	338	339	338
"4392"	9	1	1	5	0	0	45	100	0	0	395.979797464	395.979797464	1550088391.55	357	358	357	358
"4393"	9	1	1	5	0	0	45	100	0	0	395.979797464	395.979797464	1550088391.58	372	376	372	376
"4394"	9	1	1	5	0	0	45	100	0	0	395.979797464	395.979797464	1550088391.61	383	391	383	391
"4395"	9	1	1	5	0	0	45	100	0	0	395.979797464	395.979797464	1550088391.65	392	404	392	404
"4396"	9	1	1	5	0	0	45	100	0	0	395.979797464	395.979797464	1550088391.68	398	413	398	413
"4397"	9	1	1	5	0	0	45	100	0	0	395.979797464	395.979797464	1550088391.71	403	419	403	419
"4398"	9	1	1	5	0	0	45	100	0	0	395.979797464	395.979797464	1550088391.75	405	421	405	421
"4399"	9	1	1	5	0	0	45	100	0	0	395.979797464	395.979797464	1550088391.78	406	422	406	422
"4400"	9	1	1	5	0	0	45	100	0	0	395.979797464	395.979797464	1550088391.81	406	421	406	421
"4401"	9	1	1	5	0	0	45	100	0	0	395.979797464	395.979797464	1550088391.85	405	421	405	421
"4402"	9	1	1	5	0	0	45	100	0	0	395.979797464	395.979797464	1550088391.88	405	421	405	421
"4403"	9	1	1	5	0	0	45	100	0	0	395.979797464	395.979797464	1550088391.91	406	418	406	418
"4404"	9	1	1	5	0	0	45	100	0	0	395.979797464	395.979797464	1550088391.95	404	413	404	413
"4405"	9	1	1	5	0	0	45	100	0	0	395.979797464	395.979797464	1550088391.98	400	407	400	407
"4406"	9	1	1	5	0	0	45	100	0	0	395.979797464	395.979797464	1550088392.01	397	403	397	403
"4407"	9	1	1	5	0	0	45	100	0	0	395.979797464	395.979797464	1550088392.05	395	401	395	401
"4408"	9	1	1	6	0	0	90	100	0	0	3.42901103761e-14	560	1550088393.43	-6	8	-6	8
"4409"	9	1	1	6	0	0	90	100	0	0	3.42901103761e-14	560	1550088393.45	-5	7	-5	7
"4410"	9	1	1	6	0	0	90	100	0	0	3.42901103761e-14	560	1550088393.48	-5	5	-5	5
"4411"	9	1	1	6	0	0	90	100	0	0	3.42901103761e-14	560	1550088393.51	-4	4	-4	4
"4412"	9	1	1	6	0	0	90	100	0	0	3.42901103761e-14	560	1550088393.55	-4	4	-4	4
"4413"	9	1	1	6	0	0	90	100	0	0	3.42901103761e-14	560	1550088393.58	-4	4	-4	4
"4414"	9	1	1	6	0	0	90	100	0	0	3.42901103761e-14	560	1550088393.61	-3	4	-3	4
"4415"	9	1	1	6	0	0	90	100	0	0	3.42901103761e-14	560	1550088393.65	-3	4	-3	4
"4416"	9	1	1	6	0	0	90	100	0	0	3.42901103761e-14	560	1550088393.68	-3	4	-3	4
"4417"	9	1	1	6	0	0	90	100	0	0	3.42901103761e-14	560	1550088393.71	-3	4	-3	4
"4418"	9	1	1	6	0	0	90	100	0	0	3.42901103761e-14	560	1550088393.75	-3	4	-3	4
"4419"	9	1	1	6	0	0	90	100	0	0	3.42901103761e-14	560	1550088393.78	-3	4	-3	4
"4420"	9	1	1	6	0	0	90	100	0	0	3.42901103761e-14	560	1550088393.81	-4	5	-4	5
"4421"	9	1	1	6	0	0	90	100	0	0	3.42901103761e-14	560	1550088393.85	-7	10	-7	10
"4422"	9	1	1	6	0	0	90	100	0	0	3.42901103761e-14	560	1550088393.88	-11	21	-11	21
"4423"	9	1	1	6	0	0	90	100	0	0	3.42901103761e-14	560	1550088393.91	-15	42	-15	42
"4424"	9	1	1	6	0	0	90	100	0	0	3.42901103761e-14	560	1550088393.95	-17	69	-17	69
"4425"	9	1	1	6	0	0	90	100	0	0	3.42901103761e-14	560	1550088393.98	-18	92	-18	92
"4426"	9	1	1	6	0	0	90	100	0	0	3.42901103761e-14	560	1550088394.01	-17	118	-17	118
"4427"	9	1	1	6	0	0	90	100	0	0	3.42901103761e-14	560	1550088394.05	-15	141	-15	141
"4428"	9	1	1	6	0	0	90	100	0	0	3.42901103761e-14	560	1550088394.08	-13	173	-13	173
"4429"	9	1	1	6	0	0	90	100	0	0	3.42901103761e-14	560	1550088394.11	-12	198	-12	198
"4430"	9	1	1	6	0	0	90	100	0	0	3.42901103761e-14	560	1550088394.15	-10	232	-10	232
"4431"	9	1	1	6	0	0	90	100	0	0	3.42901103761e-14	560	1550088394.18	-8	269	-8	269
"4432"	9	1	1	6	0	0	90	100	0	0	3.42901103761e-14	560	1550088394.21	-5	301	-5	301
"4433"	9	1	1	6	0	0	90	100	0	0	3.42901103761e-14	560	1550088394.25	-2	339	-2	339
"4434"	9	1	1	6	0	0	90	100	0	0	3.42901103761e-14	560	1550088394.28	2	377	2	377
"4435"	9	1	1	6	0	0	90	100	0	0	3.42901103761e-14	560	1550088394.31	4	410	4	410
"4436"	9	1	1	6	0	0	90	100	0	0	3.42901103761e-14	560	1550088394.35	4	446	4	446
"4437"	9	1	1	6	0	0	90	100	0	0	3.42901103761e-14	560	1550088394.38	4	479	4	479
"4438"	9	1	1	6	0	0	90	100	0	0	3.42901103761e-14	560	1550088394.41	5	509	5	509
"4439"	9	1	1	6	0	0	90	100	0	0	3.42901103761e-14	560	1550088394.45	4	530	4	530
"4440"	9	1	1	6	0	0	90	100	0	0	3.42901103761e-14	560	1550088394.48	2	546	2	546
"4441"	9	1	1	6	0	0	90	100	0	0	3.42901103761e-14	560	1550088394.51	1	559	1	559
"4442"	9	1	1	6	0	0	90	100	0	0	3.42901103761e-14	560	1550088394.55	0	567	0	567
"4443"	9	1	1	6	0	0	90	100	0	0	3.42901103761e-14	560	1550088394.58	-1	573	-1	573
"4444"	9	1	1	6	0	0	90	100	0	0	3.42901103761e-14	560	1550088394.61	-2	576	-2	576
"4445"	9	1	1	6	0	0	90	100	0	0	3.42901103761e-14	560	1550088394.65	-3	577	-3	577
"4446"	9	1	1	6	0	0	90	100	0	0	3.42901103761e-14	560	1550088394.68	-3	577	-3	577
"4447"	9	1	1	6	0	0	90	100	0	0	3.42901103761e-14	560	1550088394.71	-3	576	-3	576
"4448"	9	1	1	6	0	0	90	100	0	0	3.42901103761e-14	560	1550088394.75	-3	576	-3	576
"4449"	9	1	1	6	0	0	90	100	0	0	3.42901103761e-14	560	1550088394.78	-3	576	-3	576
"4450"	9	1	1	6	0	0	90	100	0	0	3.42901103761e-14	560	1550088394.81	-2	576	-2	576
"4451"	9	1	1	6	0	0	90	100	0	0	3.42901103761e-14	560	1550088394.85	-2	576	-2	576
"4452"	9	1	1	6	0	0	90	100	0	0	3.42901103761e-14	560	1550088394.88	-2	576	-2	576
"4453"	9	1	1	6	0	0	90	100	0	0	3.42901103761e-14	560	1550088394.91	-2	576	-2	576
"4454"	9	1	1	6	0	0	90	100	0	0	3.42901103761e-14	560	1550088394.95	-2	575	-2	575
"4455"	9	1	1	6	0	0	90	100	0	0	3.42901103761e-14	560	1550088394.98	-2	573	-2	573
"4456"	9	1	1	6	0	0	90	100	0	0	3.42901103761e-14	560	1550088395.01	-2	571	-2	571
"4457"	9	1	1	6	0	0	90	100	0	0	3.42901103761e-14	560	1550088395.05	-2	568	-2	568
"4458"	9	1	1	7	0	0	135	100	0	0	-395.979797464	395.979797464	1550088396.63	0	5	0	5
"4459"	9	1	1	7	0	0	135	100	0	0	-395.979797464	395.979797464	1550088396.65	0	5	0	5
"4460"	9	1	1	7	0	0	135	100	0	0	-395.979797464	395.979797464	1550088396.68	1	4	1	4
"4461"	9	1	1	7	0	0	135	100	0	0	-395.979797464	395.979797464	1550088396.72	1	4	1	4
"4462"	9	1	1	7	0	0	135	100	0	0	-395.979797464	395.979797464	1550088396.75	1	4	1	4
"4463"	9	1	1	7	0	0	135	100	0	0	-395.979797464	395.979797464	1550088396.78	2	3	2	3
"4464"	9	1	1	7	0	0	135	100	0	0	-395.979797464	395.979797464	1550088396.82	2	2	2	2
"4465"	9	1	1	7	0	0	135	100	0	0	-395.979797464	395.979797464	1550088396.85	2	2	2	2
"4466"	9	1	1	7	0	0	135	100	0	0	-395.979797464	395.979797464	1550088396.88	2	2	2	2
"4467"	9	1	1	7	0	0	135	100	0	0	-395.979797464	395.979797464	1550088396.92	2	2	2	2
"4468"	9	1	1	7	0	0	135	100	0	0	-395.979797464	395.979797464	1550088396.95	1	3	1	3
"4469"	9	1	1	7	0	0	135	100	0	0	-395.979797464	395.979797464	1550088396.98	0	4	0	4
"4470"	9	1	1	7	0	0	135	100	0	0	-395.979797464	395.979797464	1550088397.02	-6	9	-6	9
"4471"	9	1	1	7	0	0	135	100	0	0	-395.979797464	395.979797464	1550088397.05	-14	15	-14	15
"4472"	9	1	1	7	0	0	135	100	0	0	-395.979797464	395.979797464	1550088397.08	-29	24	-29	24
"4473"	9	1	1	7	0	0	135	100	0	0	-395.979797464	395.979797464	1550088397.12	-45	35	-45	35
"4474"	9	1	1	7	0	0	135	100	0	0	-395.979797464	395.979797464	1550088397.15	-62	48	-62	48
"4475"	9	1	1	7	0	0	135	100	0	0	-395.979797464	395.979797464	1550088397.18	-81	67	-81	67
"4476"	9	1	1	7	0	0	135	100	0	0	-395.979797464	395.979797464	1550088397.22	-96	83	-96	83
"4477"	9	1	1	7	0	0	135	100	0	0	-395.979797464	395.979797464	1550088397.25	-119	107	-119	107
"4478"	9	1	1	7	0	0	135	100	0	0	-395.979797464	395.979797464	1550088397.28	-139	130	-139	130
"4479"	9	1	1	7	0	0	135	100	0	0	-395.979797464	395.979797464	1550088397.32	-160	148	-160	148
"4480"	9	1	1	7	0	0	135	100	0	0	-395.979797464	395.979797464	1550088397.35	-184	172	-184	172
"4481"	9	1	1	7	0	0	135	100	0	0	-395.979797464	395.979797464	1550088397.38	-204	195	-204	195
"4482"	9	1	1	7	0	0	135	100	0	0	-395.979797464	395.979797464	1550088397.42	-229	225	-229	225
"4483"	9	1	1	7	0	0	135	100	0	0	-395.979797464	395.979797464	1550088397.45	-246	245	-246	245
"4484"	9	1	1	7	0	0	135	100	0	0	-395.979797464	395.979797464	1550088397.48	-264	269	-264	269
"4485"	9	1	1	7	0	0	135	100	0	0	-395.979797464	395.979797464	1550088397.52	-279	290	-279	290
"4486"	9	1	1	7	0	0	135	100	0	0	-395.979797464	395.979797464	1550088397.55	-288	304	-288	304
"4487"	9	1	1	7	0	0	135	100	0	0	-395.979797464	395.979797464	1550088397.58	-298	320	-298	320
"4488"	9	1	1	7	0	0	135	100	0	0	-395.979797464	395.979797464	1550088397.62	-307	334	-307	334
"4489"	9	1	1	7	0	0	135	100	0	0	-395.979797464	395.979797464	1550088397.65	-314	343	-314	343
"4490"	9	1	1	7	0	0	135	100	0	0	-395.979797464	395.979797464	1550088397.68	-322	352	-322	352
"4491"	9	1	1	7	0	0	135	100	0	0	-395.979797464	395.979797464	1550088397.72	-331	360	-331	360
"4492"	9	1	1	7	0	0	135	100	0	0	-395.979797464	395.979797464	1550088397.75	-340	367	-340	367
"4493"	9	1	1	7	0	0	135	100	0	0	-395.979797464	395.979797464	1550088397.78	-346	372	-346	372
"4494"	9	1	1	7	0	0	135	100	0	0	-395.979797464	395.979797464	1550088397.82	-353	376	-353	376
"4495"	9	1	1	7	0	0	135	100	0	0	-395.979797464	395.979797464	1550088397.85	-358	381	-358	381
"4496"	9	1	1	7	0	0	135	100	0	0	-395.979797464	395.979797464	1550088397.88	-362	383	-362	383
"4497"	9	1	1	7	0	0	135	100	0	0	-395.979797464	395.979797464	1550088397.92	-367	385	-367	385
"4498"	9	1	1	7	0	0	135	100	0	0	-395.979797464	395.979797464	1550088397.95	-371	386	-371	386
"4499"	9	1	1	7	0	0	135	100	0	0	-395.979797464	395.979797464	1550088397.98	-375	386	-375	386
"4500"	9	1	1	7	0	0	135	100	0	0	-395.979797464	395.979797464	1550088398.02	-378	386	-378	386
"4501"	9	1	1	7	0	0	135	100	0	0	-395.979797464	395.979797464	1550088398.05	-381	387	-381	387
"4502"	9	1	1	7	0	0	135	100	0	0	-395.979797464	395.979797464	1550088398.08	-384	388	-384	388
"4503"	9	1	1	7	0	0	135	100	0	0	-395.979797464	395.979797464	1550088398.12	-386	389	-386	389
"4504"	9	1	1	7	0	0	135	100	0	0	-395.979797464	395.979797464	1550088398.15	-389	391	-389	391
"4505"	9	1	1	7	0	0	135	100	0	0	-395.979797464	395.979797464	1550088398.18	-391	392	-391	392
"4506"	9	1	1	7	0	0	135	100	0	0	-395.979797464	395.979797464	1550088398.22	-393	393	-393	393
"4507"	9	1	1	8	0	0	90	100	0	0	3.42901103761e-14	560	1550088399.76	-2	-2	-2	-2
"4508"	9	1	1	8	0	0	90	100	0	0	3.42901103761e-14	560	1550088399.79	-2	-2	-2	-2
"4509"	9	1	1	8	0	0	90	100	0	0	3.42901103761e-14	560	1550088399.82	-2	-2	-2	-2
"4510"	9	1	1	8	0	0	90	100	0	0	3.42901103761e-14	560	1550088399.85	-2	-2	-2	-2
"4511"	9	1	1	8	0	0	90	100	0	0	3.42901103761e-14	560	1550088399.89	-2	-2	-2	-2
"4512"	9	1	1	8	0	0	90	100	0	0	3.42901103761e-14	560	1550088399.92	-2	-2	-2	-2
"4513"	9	1	1	8	0	0	90	100	0	0	3.42901103761e-14	560	1550088399.95	-2	-2	-2	-2
"4514"	9	1	1	8	0	0	90	100	0	0	3.42901103761e-14	560	1550088399.99	-2	-2	-2	-2
"4515"	9	1	1	8	0	0	90	100	0	0	3.42901103761e-14	560	1550088400.02	-2	-2	-2	-2
"4516"	9	1	1	8	0	0	90	100	0	0	3.42901103761e-14	560	1550088400.05	-2	-2	-2	-2
"4517"	9	1	1	8	0	0	90	100	0	0	3.42901103761e-14	560	1550088400.09	-2	-1	-2	-1
"4518"	9	1	1	8	0	0	90	100	0	0	3.42901103761e-14	560	1550088400.12	-2	1	-2	1
"4519"	9	1	1	8	0	0	90	100	0	0	3.42901103761e-14	560	1550088400.15	-3	8	-3	8
"4520"	9	1	1	8	0	0	90	100	0	0	3.42901103761e-14	560	1550088400.19	-4	23	-4	23
"4521"	9	1	1	8	0	0	90	100	0	0	3.42901103761e-14	560	1550088400.22	-2	47	-2	47
"4522"	9	1	1	8	0	0	90	100	0	0	3.42901103761e-14	560	1550088400.25	-1	69	-1	69
"4523"	9	1	1	8	0	0	90	100	0	0	3.42901103761e-14	560	1550088400.29	-1	90	-1	90
"4524"	9	1	1	8	0	0	90	100	0	0	3.42901103761e-14	560	1550088400.32	-1	118	-1	118
"4525"	9	1	1	8	0	0	90	100	0	0	3.42901103761e-14	560	1550088400.35	-1	150	-1	150
"4526"	9	1	1	8	0	0	90	100	0	0	3.42901103761e-14	560	1550088400.39	-1	180	-1	180
"4527"	9	1	1	8	0	0	90	100	0	0	3.42901103761e-14	560	1550088400.42	-2	215	-2	215
"4528"	9	1	1	8	0	0	90	100	0	0	3.42901103761e-14	560	1550088400.45	-3	252	-3	252
"4529"	9	1	1	8	0	0	90	100	0	0	3.42901103761e-14	560	1550088400.49	-4	289	-4	289
"4530"	9	1	1	8	0	0	90	100	0	0	3.42901103761e-14	560	1550088400.52	-5	324	-5	324
"4531"	9	1	1	8	0	0	90	100	0	0	3.42901103761e-14	560	1550088400.55	-5	353	-5	353
"4532"	9	1	1	8	0	0	90	100	0	0	3.42901103761e-14	560	1550088400.59	-6	384	-6	384
"4533"	9	1	1	8	0	0	90	100	0	0	3.42901103761e-14	560	1550088400.62	-7	408	-7	408
"4534"	9	1	1	8	0	0	90	100	0	0	3.42901103761e-14	560	1550088400.65	-10	430	-10	430
"4535"	9	1	1	8	0	0	90	100	0	0	3.42901103761e-14	560	1550088400.69	-12	445	-12	445
"4536"	9	1	1	8	0	0	90	100	0	0	3.42901103761e-14	560	1550088400.72	-14	457	-14	457
"4537"	9	1	1	8	0	0	90	100	0	0	3.42901103761e-14	560	1550088400.75	-16	470	-16	470
"4538"	9	1	1	8	0	0	90	100	0	0	3.42901103761e-14	560	1550088400.79	-17	480	-17	480
"4539"	9	1	1	8	0	0	90	100	0	0	3.42901103761e-14	560	1550088400.82	-17	490	-17	490
"4540"	9	1	1	8	0	0	90	100	0	0	3.42901103761e-14	560	1550088400.85	-17	497	-17	497
"4541"	9	1	1	8	0	0	90	100	0	0	3.42901103761e-14	560	1550088400.89	-16	501	-16	501
"4542"	9	1	1	8	0	0	90	100	0	0	3.42901103761e-14	560	1550088400.92	-15	507	-15	507
"4543"	9	1	1	8	0	0	90	100	0	0	3.42901103761e-14	560	1550088400.95	-14	512	-14	512
"4544"	9	1	1	8	0	0	90	100	0	0	3.42901103761e-14	560	1550088400.99	-13	519	-13	519
"4545"	9	1	1	8	0	0	90	100	0	0	3.42901103761e-14	560	1550088401.02	-12	525	-12	525
"4546"	9	1	1	8	0	0	90	100	0	0	3.42901103761e-14	560	1550088401.05	-11	531	-11	531
"4547"	9	1	1	8	0	0	90	100	0	0	3.42901103761e-14	560	1550088401.09	-10	536	-10	536
"4548"	9	1	1	8	0	0	90	100	0	0	3.42901103761e-14	560	1550088401.12	-9	540	-9	540
"4549"	9	1	1	8	0	0	90	100	0	0	3.42901103761e-14	560	1550088401.15	-7	543	-7	543
"4550"	9	1	1	8	0	0	90	100	0	0	3.42901103761e-14	560	1550088401.19	-6	546	-6	546
"4551"	9	1	1	8	0	0	90	100	0	0	3.42901103761e-14	560	1550088401.22	-6	547	-6	547
"4552"	9	1	1	8	0	0	90	100	0	0	3.42901103761e-14	560	1550088401.25	-5	550	-5	550
"4553"	9	1	1	8	0	0	90	100	0	0	3.42901103761e-14	560	1550088401.29	-5	552	-5	552
"4554"	9	1	1	8	0	0	90	100	0	0	3.42901103761e-14	560	1550088401.32	-5	554	-5	554
"4555"	9	1	1	9	0	0	45	100	0	0	395.979797464	395.979797464	1550088402.97	4	-9	4	-9
"4556"	9	1	1	9	0	0	45	100	0	0	395.979797464	395.979797464	1550088402.99	4	-9	4	-9
"4557"	9	1	1	9	0	0	45	100	0	0	395.979797464	395.979797464	1550088403.02	4	-8	4	-8
"4558"	9	1	1	9	0	0	45	100	0	0	395.979797464	395.979797464	1550088403.05	4	-8	4	-8
"4559"	9	1	1	9	0	0	45	100	0	0	395.979797464	395.979797464	1550088403.09	4	-8	4	-8
"4560"	9	1	1	9	0	0	45	100	0	0	395.979797464	395.979797464	1550088403.12	3	-8	3	-8
"4561"	9	1	1	9	0	0	45	100	0	0	395.979797464	395.979797464	1550088403.15	3	-8	3	-8
"4562"	9	1	1	9	0	0	45	100	0	0	395.979797464	395.979797464	1550088403.19	3	-7	3	-7
"4563"	9	1	1	9	0	0	45	100	0	0	395.979797464	395.979797464	1550088403.22	3	-6	3	-6
"4564"	9	1	1	9	0	0	45	100	0	0	395.979797464	395.979797464	1550088403.25	3	-5	3	-5
"4565"	9	1	1	9	0	0	45	100	0	0	395.979797464	395.979797464	1550088403.29	3	-4	3	-4
"4566"	9	1	1	9	0	0	45	100	0	0	395.979797464	395.979797464	1550088403.32	6	-2	6	-2
"4567"	9	1	1	9	0	0	45	100	0	0	395.979797464	395.979797464	1550088403.35	15	5	15	5
"4568"	9	1	1	9	0	0	45	100	0	0	395.979797464	395.979797464	1550088403.39	26	16	26	16
"4569"	9	1	1	9	0	0	45	100	0	0	395.979797464	395.979797464	1550088403.42	42	31	42	31
"4570"	9	1	1	9	0	0	45	100	0	0	395.979797464	395.979797464	1550088403.45	63	53	63	53
"4571"	9	1	1	9	0	0	45	100	0	0	395.979797464	395.979797464	1550088403.49	82	74	82	74
"4572"	9	1	1	9	0	0	45	100	0	0	395.979797464	395.979797464	1550088403.52	102	95	102	95
"4573"	9	1	1	9	0	0	45	100	0	0	395.979797464	395.979797464	1550088403.55	122	115	122	115
"4574"	9	1	1	9	0	0	45	100	0	0	395.979797464	395.979797464	1550088403.59	142	136	142	136
"4575"	9	1	1	9	0	0	45	100	0	0	395.979797464	395.979797464	1550088403.62	159	153	159	153
"4576"	9	1	1	9	0	0	45	100	0	0	395.979797464	395.979797464	1550088403.65	179	174	179	174
"4577"	9	1	1	9	0	0	45	100	0	0	395.979797464	395.979797464	1550088403.69	201	194	201	194
"4578"	9	1	1	9	0	0	45	100	0	0	395.979797464	395.979797464	1550088403.72	220	211	220	211
"4579"	9	1	1	9	0	0	45	100	0	0	395.979797464	395.979797464	1550088403.76	242	229	242	229
"4580"	9	1	1	9	0	0	45	100	0	0	395.979797464	395.979797464	1550088403.79	264	249	264	249
"4581"	9	1	1	9	0	0	45	100	0	0	395.979797464	395.979797464	1550088403.82	285	269	285	269
"4582"	9	1	1	9	0	0	45	100	0	0	395.979797464	395.979797464	1550088403.85	297	281	297	281
"4583"	9	1	1	9	0	0	45	100	0	0	395.979797464	395.979797464	1550088403.89	313	298	313	298
"4584"	9	1	1	9	0	0	45	100	0	0	395.979797464	395.979797464	1550088403.92	328	314	328	314
"4585"	9	1	1	9	0	0	45	100	0	0	395.979797464	395.979797464	1550088403.96	339	324	339	324
"4586"	9	1	1	9	0	0	45	100	0	0	395.979797464	395.979797464	1550088403.99	349	334	349	334
"4587"	9	1	1	9	0	0	45	100	0	0	395.979797464	395.979797464	1550088404.02	355	343	355	343
"4588"	9	1	1	9	0	0	45	100	0	0	395.979797464	395.979797464	1550088404.06	360	351	360	351
"4589"	9	1	1	9	0	0	45	100	0	0	395.979797464	395.979797464	1550088404.09	365	357	365	357
"4590"	9	1	1	9	0	0	45	100	0	0	395.979797464	395.979797464	1550088404.12	370	363	370	363
"4591"	9	1	1	9	0	0	45	100	0	0	395.979797464	395.979797464	1550088404.16	375	369	375	369
"4592"	9	1	1	9	0	0	45	100	0	0	395.979797464	395.979797464	1550088404.19	379	373	379	373
"4593"	9	1	1	9	0	0	45	100	0	0	395.979797464	395.979797464	1550088404.22	384	377	384	377
"4594"	9	1	1	9	0	0	45	100	0	0	395.979797464	395.979797464	1550088404.26	388	381	388	381
"4595"	9	1	1	9	0	0	45	100	0	0	395.979797464	395.979797464	1550088404.29	391	386	391	386
"4596"	9	1	1	9	0	0	45	100	0	0	395.979797464	395.979797464	1550088404.32	394	391	394	391
"4597"	9	1	1	9	0	0	45	100	0	0	395.979797464	395.979797464	1550088404.36	397	395	397	395
"4598"	9	1	1	9	0	0	45	100	0	0	395.979797464	395.979797464	1550088404.39	399	397	399	397
"4599"	9	1	1	10	0	0	135	100	0	0	-395.979797464	395.979797464	1550088405.9	-4	-1	-4	-1
"4600"	9	1	1	10	0	0	135	100	0	0	-395.979797464	395.979797464	1550088405.92	-5	-2	-5	-2
"4601"	9	1	1	10	0	0	135	100	0	0	-395.979797464	395.979797464	1550088405.96	-6	-4	-6	-4
"4602"	9	1	1	10	0	0	135	100	0	0	-395.979797464	395.979797464	1550088405.99	-6	-3	-6	-3
"4603"	9	1	1	10	0	0	135	100	0	0	-395.979797464	395.979797464	1550088406.02	-6	-2	-6	-2
"4604"	9	1	1	10	0	0	135	100	0	0	-395.979797464	395.979797464	1550088406.06	-5	-1	-5	-1
"4605"	9	1	1	10	0	0	135	100	0	0	-395.979797464	395.979797464	1550088406.09	-4	0	-4	0
"4606"	9	1	1	10	0	0	135	100	0	0	-395.979797464	395.979797464	1550088406.12	-4	0	-4	0
"4607"	9	1	1	10	0	0	135	100	0	0	-395.979797464	395.979797464	1550088406.16	-4	0	-4	0
"4608"	9	1	1	10	0	0	135	100	0	0	-395.979797464	395.979797464	1550088406.19	-5	0	-5	0
"4609"	9	1	1	10	0	0	135	100	0	0	-395.979797464	395.979797464	1550088406.22	-5	0	-5	0
"4610"	9	1	1	10	0	0	135	100	0	0	-395.979797464	395.979797464	1550088406.26	-7	2	-7	2
"4611"	9	1	1	10	0	0	135	100	0	0	-395.979797464	395.979797464	1550088406.29	-14	7	-14	7
"4612"	9	1	1	10	0	0	135	100	0	0	-395.979797464	395.979797464	1550088406.32	-25	14	-25	14
"4613"	9	1	1	10	0	0	135	100	0	0	-395.979797464	395.979797464	1550088406.36	-45	27	-45	27
"4614"	9	1	1	10	0	0	135	100	0	0	-395.979797464	395.979797464	1550088406.39	-67	44	-67	44
"4615"	9	1	1	10	0	0	135	100	0	0	-395.979797464	395.979797464	1550088406.42	-91	61	-91	61
"4616"	9	1	1	10	0	0	135	100	0	0	-395.979797464	395.979797464	1550088406.46	-117	81	-117	81
"4617"	9	1	1	10	0	0	135	100	0	0	-395.979797464	395.979797464	1550088406.49	-141	99	-141	99
"4618"	9	1	1	10	0	0	135	100	0	0	-395.979797464	395.979797464	1550088406.52	-169	122	-169	122
"4619"	9	1	1	10	0	0	135	100	0	0	-395.979797464	395.979797464	1550088406.56	-196	145	-196	145
"4620"	9	1	1	10	0	0	135	100	0	0	-395.979797464	395.979797464	1550088406.59	-218	163	-218	163
"4621"	9	1	1	10	0	0	135	100	0	0	-395.979797464	395.979797464	1550088406.62	-241	184	-241	184
"4622"	9	1	1	10	0	0	135	100	0	0	-395.979797464	395.979797464	1550088406.66	-259	209	-259	209
"4623"	9	1	1	10	0	0	135	100	0	0	-395.979797464	395.979797464	1550088406.69	-275	234	-275	234
"4624"	9	1	1	10	0	0	135	100	0	0	-395.979797464	395.979797464	1550088406.72	-288	254	-288	254
"4625"	9	1	1	10	0	0	135	100	0	0	-395.979797464	395.979797464	1550088406.76	-302	278	-302	278
"4626"	9	1	1	10	0	0	135	100	0	0	-395.979797464	395.979797464	1550088406.79	-316	301	-316	301
"4627"	9	1	1	10	0	0	135	100	0	0	-395.979797464	395.979797464	1550088406.82	-326	314	-326	314
"4628"	9	1	1	10	0	0	135	100	0	0	-395.979797464	395.979797464	1550088406.86	-339	330	-339	330
"4629"	9	1	1	10	0	0	135	100	0	0	-395.979797464	395.979797464	1550088406.89	-350	344	-350	344
"4630"	9	1	1	10	0	0	135	100	0	0	-395.979797464	395.979797464	1550088406.92	-360	357	-360	357
"4631"	9	1	1	10	0	0	135	100	0	0	-395.979797464	395.979797464	1550088406.96	-367	366	-367	366
"4632"	9	1	1	10	0	0	135	100	0	0	-395.979797464	395.979797464	1550088406.99	-375	374	-375	374
"4633"	9	1	1	10	0	0	135	100	0	0	-395.979797464	395.979797464	1550088407.02	-383	379	-383	379
"4634"	9	1	1	10	0	0	135	100	0	0	-395.979797464	395.979797464	1550088407.06	-389	381	-389	381
"4635"	9	1	1	10	0	0	135	100	0	0	-395.979797464	395.979797464	1550088407.09	-395	382	-395	382
"4636"	9	1	1	10	0	0	135	100	0	0	-395.979797464	395.979797464	1550088407.12	-398	382	-398	382
"4637"	9	1	1	10	0	0	135	100	0	0	-395.979797464	395.979797464	1550088407.16	-399	383	-399	383
"4638"	9	1	1	11	0	0	45	100	0	0	395.979797464	395.979797464	1550088408.97	5	-6	5	-6
"4639"	9	1	1	11	0	0	45	100	0	0	395.979797464	395.979797464	1550088408.99	5	-5	5	-5
"4640"	9	1	1	11	0	0	45	100	0	0	395.979797464	395.979797464	1550088409.03	5	-5	5	-5
"4641"	9	1	1	11	0	0	45	100	0	0	395.979797464	395.979797464	1550088409.06	5	-5	5	-5
"4642"	9	1	1	11	0	0	45	100	0	0	395.979797464	395.979797464	1550088409.09	5	-5	5	-5
"4643"	9	1	1	11	0	0	45	100	0	0	395.979797464	395.979797464	1550088409.13	5	-5	5	-5
"4644"	9	1	1	11	0	0	45	100	0	0	395.979797464	395.979797464	1550088409.16	5	-5	5	-5
"4645"	9	1	1	11	0	0	45	100	0	0	395.979797464	395.979797464	1550088409.19	4	-4	4	-4
"4646"	9	1	1	11	0	0	45	100	0	0	395.979797464	395.979797464	1550088409.23	4	-3	4	-3
"4647"	9	1	1	11	0	0	45	100	0	0	395.979797464	395.979797464	1550088409.26	4	-3	4	-3
"4648"	9	1	1	11	0	0	45	100	0	0	395.979797464	395.979797464	1550088409.29	4	-2	4	-2
"4649"	9	1	1	11	0	0	45	100	0	0	395.979797464	395.979797464	1550088409.33	6	0	6	0
"4650"	9	1	1	11	0	0	45	100	0	0	395.979797464	395.979797464	1550088409.36	11	5	11	5
"4651"	9	1	1	11	0	0	45	100	0	0	395.979797464	395.979797464	1550088409.39	22	18	22	18
"4652"	9	1	1	11	0	0	45	100	0	0	395.979797464	395.979797464	1550088409.43	41	42	41	42
"4653"	9	1	1	11	0	0	45	100	0	0	395.979797464	395.979797464	1550088409.46	61	67	61	67
"4654"	9	1	1	11	0	0	45	100	0	0	395.979797464	395.979797464	1550088409.49	79	90	79	90
"4655"	9	1	1	11	0	0	45	100	0	0	395.979797464	395.979797464	1550088409.53	102	116	102	116
"4656"	9	1	1	11	0	0	45	100	0	0	395.979797464	395.979797464	1550088409.56	120	136	120	136
"4657"	9	1	1	11	0	0	45	100	0	0	395.979797464	395.979797464	1550088409.59	140	160	140	160
"4658"	9	1	1	11	0	0	45	100	0	0	395.979797464	395.979797464	1550088409.63	163	183	163	183
"4659"	9	1	1	11	0	0	45	100	0	0	395.979797464	395.979797464	1550088409.66	182	201	182	201
"4660"	9	1	1	11	0	0	45	100	0	0	395.979797464	395.979797464	1550088409.69	207	222	207	222
"4661"	9	1	1	11	0	0	45	100	0	0	395.979797464	395.979797464	1550088409.73	225	239	225	239
"4662"	9	1	1	11	0	0	45	100	0	0	395.979797464	395.979797464	1550088409.76	248	260	248	260
"4663"	9	1	1	11	0	0	45	100	0	0	395.979797464	395.979797464	1550088409.79	270	281	270	281
"4664"	9	1	1	11	0	0	45	100	0	0	395.979797464	395.979797464	1550088409.83	289	299	289	299
"4665"	9	1	1	11	0	0	45	100	0	0	395.979797464	395.979797464	1550088409.86	310	318	310	318
"4666"	9	1	1	11	0	0	45	100	0	0	395.979797464	395.979797464	1550088409.89	328	333	328	333
"4667"	9	1	1	11	0	0	45	100	0	0	395.979797464	395.979797464	1550088409.93	345	349	345	349
"4668"	9	1	1	11	0	0	45	100	0	0	395.979797464	395.979797464	1550088409.96	360	361	360	361
"4669"	9	1	1	11	0	0	45	100	0	0	395.979797464	395.979797464	1550088409.99	373	372	373	372
"4670"	9	1	1	11	0	0	45	100	0	0	395.979797464	395.979797464	1550088410.03	383	381	383	381
"4671"	9	1	1	11	0	0	45	100	0	0	395.979797464	395.979797464	1550088410.06	391	390	391	390
"4672"	9	1	1	11	0	0	45	100	0	0	395.979797464	395.979797464	1550088410.09	399	397	399	397
"4673"	9	1	1	11	0	0	45	100	0	0	395.979797464	395.979797464	1550088410.13	407	402	407	402
"4674"	9	1	1	11	0	0	45	100	0	0	395.979797464	395.979797464	1550088410.16	414	405	414	405
"4675"	9	1	1	11	0	0	45	100	0	0	395.979797464	395.979797464	1550088410.19	420	409	420	409
"4676"	9	1	1	11	0	0	45	100	0	0	395.979797464	395.979797464	1550088410.23	423	411	423	411
"4677"	9	1	1	11	0	0	45	100	0	0	395.979797464	395.979797464	1550088410.26	426	412	426	412
"4678"	9	1	1	11	0	0	45	100	0	0	395.979797464	395.979797464	1550088410.29	426	412	426	412
"4679"	9	1	1	11	0	0	45	100	0	0	395.979797464	395.979797464	1550088410.33	426	412	426	412
"4680"	9	1	1	11	0	0	45	100	0	0	395.979797464	395.979797464	1550088410.36	425	411	425	411
"4681"	9	1	1	11	0	0	45	100	0	0	395.979797464	395.979797464	1550088410.39	423	409	423	409
"4682"	9	1	1	11	0	0	45	100	0	0	395.979797464	395.979797464	1550088410.43	419	406	419	406
"4683"	9	1	1	11	0	0	45	100	0	0	395.979797464	395.979797464	1550088410.46	416	403	416	403
"4684"	9	1	1	11	0	0	45	100	0	0	395.979797464	395.979797464	1550088410.49	413	401	413	401
"4685"	9	1	1	11	0	0	45	100	0	0	395.979797464	395.979797464	1550088410.53	410	398	410	398
"4686"	9	1	1	11	0	0	45	100	0	0	395.979797464	395.979797464	1550088410.56	408	397	408	397
"4687"	9	1	1	11	0	0	45	100	0	0	395.979797464	395.979797464	1550088410.59	406	396	406	396
"4688"	9	1	1	11	0	0	45	100	0	0	395.979797464	395.979797464	1550088410.63	404	395	404	395
"4689"	9	1	1	11	0	0	45	100	0	0	395.979797464	395.979797464	1550088410.66	402	393	402	393
"4690"	9	1	1	11	0	0	45	100	0	0	395.979797464	395.979797464	1550088410.69	400	392	400	392
"4691"	9	1	1	12	0	0	90	100	0	0	3.42901103761e-14	560	1550088412.07	-11	-1	-11	-1
"4692"	9	1	1	12	0	0	90	100	0	0	3.42901103761e-14	560	1550088412.09	-11	-1	-11	-1
"4693"	9	1	1	12	0	0	90	100	0	0	3.42901103761e-14	560	1550088412.13	-11	-1	-11	-1
"4694"	9	1	1	12	0	0	90	100	0	0	3.42901103761e-14	560	1550088412.16	-11	-1	-11	-1
"4695"	9	1	1	12	0	0	90	100	0	0	3.42901103761e-14	560	1550088412.19	-11	-1	-11	-1
"4696"	9	1	1	12	0	0	90	100	0	0	3.42901103761e-14	560	1550088412.23	-10	-1	-10	-1
"4697"	9	1	1	12	0	0	90	100	0	0	3.42901103761e-14	560	1550088412.26	-8	1	-8	1
"4698"	9	1	1	12	0	0	90	100	0	0	3.42901103761e-14	560	1550088412.29	-7	2	-7	2
"4699"	9	1	1	12	0	0	90	100	0	0	3.42901103761e-14	560	1550088412.33	-6	2	-6	2
"4700"	9	1	1	12	0	0	90	100	0	0	3.42901103761e-14	560	1550088412.36	-6	1	-6	1
"4701"	9	1	1	12	0	0	90	100	0	0	3.42901103761e-14	560	1550088412.39	-6	1	-6	1
"4702"	9	1	1	12	0	0	90	100	0	0	3.42901103761e-14	560	1550088412.43	-7	1	-7	1
"4703"	9	1	1	12	0	0	90	100	0	0	3.42901103761e-14	560	1550088412.46	-7	1	-7	1
"4704"	9	1	1	12	0	0	90	100	0	0	3.42901103761e-14	560	1550088412.5	-8	3	-8	3
"4705"	9	1	1	12	0	0	90	100	0	0	3.42901103761e-14	560	1550088412.53	-12	8	-12	8
"4706"	9	1	1	12	0	0	90	100	0	0	3.42901103761e-14	560	1550088412.56	-16	16	-16	16
"4707"	9	1	1	12	0	0	90	100	0	0	3.42901103761e-14	560	1550088412.6	-19	30	-19	30
"4708"	9	1	1	12	0	0	90	100	0	0	3.42901103761e-14	560	1550088412.63	-23	49	-23	49
"4709"	9	1	1	12	0	0	90	100	0	0	3.42901103761e-14	560	1550088412.66	-27	68	-27	68
"4710"	9	1	1	12	0	0	90	100	0	0	3.42901103761e-14	560	1550088412.7	-29	91	-29	91
"4711"	9	1	1	12	0	0	90	100	0	0	3.42901103761e-14	560	1550088412.73	-29	114	-29	114
"4712"	9	1	1	12	0	0	90	100	0	0	3.42901103761e-14	560	1550088412.76	-28	139	-28	139
"4713"	9	1	1	12	0	0	90	100	0	0	3.42901103761e-14	560	1550088412.8	-26	164	-26	164
"4714"	9	1	1	12	0	0	90	100	0	0	3.42901103761e-14	560	1550088412.83	-23	186	-23	186
"4715"	9	1	1	12	0	0	90	100	0	0	3.42901103761e-14	560	1550088412.86	-20	214	-20	214
"4716"	9	1	1	12	0	0	90	100	0	0	3.42901103761e-14	560	1550088412.9	-18	237	-18	237
"4717"	9	1	1	12	0	0	90	100	0	0	3.42901103761e-14	560	1550088412.93	-16	264	-16	264
"4718"	9	1	1	12	0	0	90	100	0	0	3.42901103761e-14	560	1550088412.96	-16	289	-16	289
"4719"	9	1	1	12	0	0	90	100	0	0	3.42901103761e-14	560	1550088413	-17	312	-17	312
"4720"	9	1	1	12	0	0	90	100	0	0	3.42901103761e-14	560	1550088413.03	-19	343	-19	343
"4721"	9	1	1	12	0	0	90	100	0	0	3.42901103761e-14	560	1550088413.06	-20	366	-20	366
"4722"	9	1	1	12	0	0	90	100	0	0	3.42901103761e-14	560	1550088413.1	-19	394	-19	394
"4723"	9	1	1	12	0	0	90	100	0	0	3.42901103761e-14	560	1550088413.13	-19	418	-19	418
"4724"	9	1	1	12	0	0	90	100	0	0	3.42901103761e-14	560	1550088413.16	-18	445	-18	445
"4725"	9	1	1	12	0	0	90	100	0	0	3.42901103761e-14	560	1550088413.2	-16	471	-16	471
"4726"	9	1	1	12	0	0	90	100	0	0	3.42901103761e-14	560	1550088413.23	-15	491	-15	491
"4727"	9	1	1	12	0	0	90	100	0	0	3.42901103761e-14	560	1550088413.26	-16	512	-16	512
"4728"	9	1	1	12	0	0	90	100	0	0	3.42901103761e-14	560	1550088413.3	-16	526	-16	526
"4729"	9	1	1	12	0	0	90	100	0	0	3.42901103761e-14	560	1550088413.33	-16	539	-16	539
"4730"	9	1	1	12	0	0	90	100	0	0	3.42901103761e-14	560	1550088413.36	-16	547	-16	547
"4731"	9	1	1	12	0	0	90	100	0	0	3.42901103761e-14	560	1550088413.4	-15	555	-15	555
"4732"	9	1	1	12	0	0	90	100	0	0	3.42901103761e-14	560	1550088413.43	-15	561	-15	561
"4733"	9	1	1	12	0	0	90	100	0	0	3.42901103761e-14	560	1550088413.46	-15	565	-15	565
"4734"	9	1	1	12	0	0	90	100	0	0	3.42901103761e-14	560	1550088413.5	-15	568	-15	568
"4735"	9	1	1	12	0	0	90	100	0	0	3.42901103761e-14	560	1550088413.53	-15	570	-15	570
"4736"	9	1	1	12	0	0	90	100	0	0	3.42901103761e-14	560	1550088413.56	-14	571	-14	571
"4737"	9	1	1	12	0	0	90	100	0	0	3.42901103761e-14	560	1550088413.6	-14	571	-14	571
"4738"	9	1	1	12	0	0	90	100	0	0	3.42901103761e-14	560	1550088413.63	-14	570	-14	570
"4739"	9	1	1	12	0	0	90	100	0	0	3.42901103761e-14	560	1550088413.66	-14	570	-14	570
"4740"	9	1	1	12	0	0	90	100	0	0	3.42901103761e-14	560	1550088413.7	-13	568	-13	568
"4741"	9	1	1	12	0	0	90	100	0	0	3.42901103761e-14	560	1550088413.73	-12	566	-12	566
"4742"	9	1	1	12	0	0	90	100	0	0	3.42901103761e-14	560	1550088413.76	-11	563	-11	563
"4743"	9	1	1	12	0	0	90	100	0	0	3.42901103761e-14	560	1550088413.8	-10	561	-10	561
"4744"	9	1	1	13	0	0	90	100	0	0	3.42901103761e-14	560	1550088415.61	-6	-2	-6	-2
"4745"	9	1	1	13	0	0	90	100	0	0	3.42901103761e-14	560	1550088415.63	-5	-2	-5	-2
"4746"	9	1	1	13	0	0	90	100	0	0	3.42901103761e-14	560	1550088415.66	-5	-2	-5	-2
"4747"	9	1	1	13	0	0	90	100	0	0	3.42901103761e-14	560	1550088415.7	-5	-2	-5	-2
"4748"	9	1	1	13	0	0	90	100	0	0	3.42901103761e-14	560	1550088415.73	-5	-3	-5	-3
"4749"	9	1	1	13	0	0	90	100	0	0	3.42901103761e-14	560	1550088415.76	-5	-3	-5	-3
"4750"	9	1	1	13	0	0	90	100	0	0	3.42901103761e-14	560	1550088415.8	-5	-3	-5	-3
"4751"	9	1	1	13	0	0	90	100	0	0	3.42901103761e-14	560	1550088415.83	-5	-2	-5	-2
"4752"	9	1	1	13	0	0	90	100	0	0	3.42901103761e-14	560	1550088415.86	-4	-1	-4	-1
"4753"	9	1	1	13	0	0	90	100	0	0	3.42901103761e-14	560	1550088415.9	-3	-1	-3	-1
"4754"	9	1	1	13	0	0	90	100	0	0	3.42901103761e-14	560	1550088415.93	-3	0	-3	0
"4755"	9	1	1	13	0	0	90	100	0	0	3.42901103761e-14	560	1550088415.96	-2	2	-2	2
"4756"	9	1	1	13	0	0	90	100	0	0	3.42901103761e-14	560	1550088416	-1	5	-1	5
"4757"	9	1	1	13	0	0	90	100	0	0	3.42901103761e-14	560	1550088416.03	1	14	1	14
"4758"	9	1	1	13	0	0	90	100	0	0	3.42901103761e-14	560	1550088416.06	5	31	5	31
"4759"	9	1	1	13	0	0	90	100	0	0	3.42901103761e-14	560	1550088416.1	11	56	11	56
"4760"	9	1	1	13	0	0	90	100	0	0	3.42901103761e-14	560	1550088416.13	15	79	15	79
"4761"	9	1	1	13	0	0	90	100	0	0	3.42901103761e-14	560	1550088416.16	18	105	18	105
"4762"	9	1	1	13	0	0	90	100	0	0	3.42901103761e-14	560	1550088416.2	21	131	21	131
"4763"	9	1	1	13	0	0	90	100	0	0	3.42901103761e-14	560	1550088416.23	22	151	22	151
"4764"	9	1	1	13	0	0	90	100	0	0	3.42901103761e-14	560	1550088416.26	24	178	24	178
"4765"	9	1	1	13	0	0	90	100	0	0	3.42901103761e-14	560	1550088416.3	26	206	26	206
"4766"	9	1	1	13	0	0	90	100	0	0	3.42901103761e-14	560	1550088416.33	27	229	27	229
"4767"	9	1	1	13	0	0	90	100	0	0	3.42901103761e-14	560	1550088416.36	28	261	28	261
"4768"	9	1	1	13	0	0	90	100	0	0	3.42901103761e-14	560	1550088416.4	28	284	28	284
"4769"	9	1	1	13	0	0	90	100	0	0	3.42901103761e-14	560	1550088416.43	27	312	27	312
"4770"	9	1	1	13	0	0	90	100	0	0	3.42901103761e-14	560	1550088416.46	26	334	26	334
"4771"	9	1	1	13	0	0	90	100	0	0	3.42901103761e-14	560	1550088416.5	25	360	25	360
"4772"	9	1	1	13	0	0	90	100	0	0	3.42901103761e-14	560	1550088416.53	24	384	24	384
"4773"	9	1	1	13	0	0	90	100	0	0	3.42901103761e-14	560	1550088416.56	23	403	23	403
"4774"	9	1	1	13	0	0	90	100	0	0	3.42901103761e-14	560	1550088416.6	21	422	21	422
"4775"	9	1	1	13	0	0	90	100	0	0	3.42901103761e-14	560	1550088416.63	18	443	18	443
"4776"	9	1	1	13	0	0	90	100	0	0	3.42901103761e-14	560	1550088416.67	17	455	17	455
"4777"	9	1	1	13	0	0	90	100	0	0	3.42901103761e-14	560	1550088416.7	14	472	14	472
"4778"	9	1	1	13	0	0	90	100	0	0	3.42901103761e-14	560	1550088416.73	12	488	12	488
"4779"	9	1	1	13	0	0	90	100	0	0	3.42901103761e-14	560	1550088416.77	11	504	11	504
"4780"	9	1	1	13	0	0	90	100	0	0	3.42901103761e-14	560	1550088416.8	11	517	11	517
"4781"	9	1	1	13	0	0	90	100	0	0	3.42901103761e-14	560	1550088416.83	11	533	11	533
"4782"	9	1	1	13	0	0	90	100	0	0	3.42901103761e-14	560	1550088416.87	12	546	12	546
"4783"	9	1	1	13	0	0	90	100	0	0	3.42901103761e-14	560	1550088416.9	11	555	11	555
"4784"	9	1	1	13	0	0	90	100	0	0	3.42901103761e-14	560	1550088416.93	9	564	9	564
"4785"	9	1	1	13	0	0	90	100	0	0	3.42901103761e-14	560	1550088416.97	7	570	7	570
"4786"	9	1	1	13	0	0	90	100	0	0	3.42901103761e-14	560	1550088417	6	573	6	573
"4787"	9	1	1	13	0	0	90	100	0	0	3.42901103761e-14	560	1550088417.03	6	575	6	575
"4788"	9	1	1	13	0	0	90	100	0	0	3.42901103761e-14	560	1550088417.07	5	576	5	576
"4789"	9	1	1	13	0	0	90	100	0	0	3.42901103761e-14	560	1550088417.1	5	576	5	576
"4790"	9	1	1	13	0	0	90	100	0	0	3.42901103761e-14	560	1550088417.13	6	576	6	576
"4791"	9	1	1	13	0	0	90	100	0	0	3.42901103761e-14	560	1550088417.17	6	575	6	575
"4792"	9	1	1	13	0	0	90	100	0	0	3.42901103761e-14	560	1550088417.2	6	573	6	573
"4793"	9	1	1	14	0	0	135	100	0	0	-395.979797464	395.979797464	1550088418.81	-2	10	-2	10
"4794"	9	1	1	14	0	0	135	100	0	0	-395.979797464	395.979797464	1550088418.83	-2	10	-2	10
"4795"	9	1	1	14	0	0	135	100	0	0	-395.979797464	395.979797464	1550088418.87	-2	6	-2	6
"4796"	9	1	1	14	0	0	135	100	0	0	-395.979797464	395.979797464	1550088418.9	-2	3	-2	3
"4797"	9	1	1	14	0	0	135	100	0	0	-395.979797464	395.979797464	1550088418.93	-2	2	-2	2
"4798"	9	1	1	14	0	0	135	100	0	0	-395.979797464	395.979797464	1550088418.97	-3	2	-3	2
"4799"	9	1	1	14	0	0	135	100	0	0	-395.979797464	395.979797464	1550088419	-3	3	-3	3
"4800"	9	1	1	14	0	0	135	100	0	0	-395.979797464	395.979797464	1550088419.03	-3	3	-3	3
"4801"	9	1	1	14	0	0	135	100	0	0	-395.979797464	395.979797464	1550088419.07	-3	3	-3	3
"4802"	9	1	1	14	0	0	135	100	0	0	-395.979797464	395.979797464	1550088419.1	-3	3	-3	3
"4803"	9	1	1	14	0	0	135	100	0	0	-395.979797464	395.979797464	1550088419.13	-3	3	-3	3
"4804"	9	1	1	14	0	0	135	100	0	0	-395.979797464	395.979797464	1550088419.17	-3	3	-3	3
"4805"	9	1	1	14	0	0	135	100	0	0	-395.979797464	395.979797464	1550088419.2	-3	3	-3	3
"4806"	9	1	1	14	0	0	135	100	0	0	-395.979797464	395.979797464	1550088419.23	-4	5	-4	5
"4807"	9	1	1	14	0	0	135	100	0	0	-395.979797464	395.979797464	1550088419.27	-9	10	-9	10
"4808"	9	1	1	14	0	0	135	100	0	0	-395.979797464	395.979797464	1550088419.3	-17	18	-17	18
"4809"	9	1	1	14	0	0	135	100	0	0	-395.979797464	395.979797464	1550088419.33	-27	27	-27	27
"4810"	9	1	1	14	0	0	135	100	0	0	-395.979797464	395.979797464	1550088419.37	-39	37	-39	37
"4811"	9	1	1	14	0	0	135	100	0	0	-395.979797464	395.979797464	1550088419.4	-51	47	-51	47
"4812"	9	1	1	14	0	0	135	100	0	0	-395.979797464	395.979797464	1550088419.43	-61	59	-61	59
"4813"	9	1	1	14	0	0	135	100	0	0	-395.979797464	395.979797464	1550088419.47	-76	84	-76	84
"4814"	9	1	1	14	0	0	135	100	0	0	-395.979797464	395.979797464	1550088419.5	-89	102	-89	102
"4815"	9	1	1	14	0	0	135	100	0	0	-395.979797464	395.979797464	1550088419.53	-109	125	-109	125
"4816"	9	1	1	14	0	0	135	100	0	0	-395.979797464	395.979797464	1550088419.57	-127	143	-127	143
"4817"	9	1	1	14	0	0	135	100	0	0	-395.979797464	395.979797464	1550088419.6	-150	164	-150	164
"4818"	9	1	1	14	0	0	135	100	0	0	-395.979797464	395.979797464	1550088419.63	-174	185	-174	185
"4819"	9	1	1	14	0	0	135	100	0	0	-395.979797464	395.979797464	1550088419.67	-194	204	-194	204
"4820"	9	1	1	14	0	0	135	100	0	0	-395.979797464	395.979797464	1550088419.7	-217	227	-217	227
"4821"	9	1	1	14	0	0	135	100	0	0	-395.979797464	395.979797464	1550088419.73	-234	246	-234	246
"4822"	9	1	1	14	0	0	135	100	0	0	-395.979797464	395.979797464	1550088419.77	-250	264	-250	264
"4823"	9	1	1	14	0	0	135	100	0	0	-395.979797464	395.979797464	1550088419.8	-266	279	-266	279
"4824"	9	1	1	14	0	0	135	100	0	0	-395.979797464	395.979797464	1550088419.83	-282	295	-282	295
"4825"	9	1	1	14	0	0	135	100	0	0	-395.979797464	395.979797464	1550088419.87	-299	307	-299	307
"4826"	9	1	1	14	0	0	135	100	0	0	-395.979797464	395.979797464	1550088419.9	-312	316	-312	316
"4827"	9	1	1	14	0	0	135	100	0	0	-395.979797464	395.979797464	1550088419.93	-326	325	-326	325
"4828"	9	1	1	14	0	0	135	100	0	0	-395.979797464	395.979797464	1550088419.97	-339	333	-339	333
"4829"	9	1	1	14	0	0	135	100	0	0	-395.979797464	395.979797464	1550088420	-349	341	-349	341
"4830"	9	1	1	14	0	0	135	100	0	0	-395.979797464	395.979797464	1550088420.03	-357	349	-357	349
"4831"	9	1	1	14	0	0	135	100	0	0	-395.979797464	395.979797464	1550088420.07	-363	355	-363	355
"4832"	9	1	1	14	0	0	135	100	0	0	-395.979797464	395.979797464	1550088420.1	-369	361	-369	361
"4833"	9	1	1	14	0	0	135	100	0	0	-395.979797464	395.979797464	1550088420.13	-372	365	-372	365
"4834"	9	1	1	14	0	0	135	100	0	0	-395.979797464	395.979797464	1550088420.17	-375	369	-375	369
"4835"	9	1	1	14	0	0	135	100	0	0	-395.979797464	395.979797464	1550088420.2	-377	373	-377	373
"4836"	9	1	1	14	0	0	135	100	0	0	-395.979797464	395.979797464	1550088420.23	-379	376	-379	376
"4837"	9	1	1	14	0	0	135	100	0	0	-395.979797464	395.979797464	1550088420.27	-380	382	-380	382
"4838"	9	1	1	14	0	0	135	100	0	0	-395.979797464	395.979797464	1550088420.3	-383	386	-383	386
"4839"	9	1	1	14	0	0	135	100	0	0	-395.979797464	395.979797464	1550088420.33	-385	389	-385	389
"4840"	9	1	1	14	0	0	135	100	0	0	-395.979797464	395.979797464	1550088420.37	-388	392	-388	392
"4841"	9	1	1	14	0	0	135	100	0	0	-395.979797464	395.979797464	1550088420.4	-391	395	-391	395
"4842"	9	1	1	14	0	0	135	100	0	0	-395.979797464	395.979797464	1550088420.43	-393	396	-393	396
"4843"	9	1	1	14	0	0	135	100	0	0	-395.979797464	395.979797464	1550088420.47	-394	397	-394	397
"4844"	9	1	1	14	0	0	135	100	0	0	-395.979797464	395.979797464	1550088420.5	-395	398	-395	398
"4845"	9	1	1	15	0	0	45	100	0	0	395.979797464	395.979797464	1550088422.08	5	-9	5	-9
"4846"	9	1	1	15	0	0	45	100	0	0	395.979797464	395.979797464	1550088422.1	5	-8	5	-8
"4847"	9	1	1	15	0	0	45	100	0	0	395.979797464	395.979797464	1550088422.14	5	-8	5	-8
"4848"	9	1	1	15	0	0	45	100	0	0	395.979797464	395.979797464	1550088422.17	5	-8	5	-8
"4849"	9	1	1	15	0	0	45	100	0	0	395.979797464	395.979797464	1550088422.2	5	-8	5	-8
"4850"	9	1	1	15	0	0	45	100	0	0	395.979797464	395.979797464	1550088422.24	5	-8	5	-8
"4851"	9	1	1	15	0	0	45	100	0	0	395.979797464	395.979797464	1550088422.27	5	-8	5	-8
"4852"	9	1	1	15	0	0	45	100	0	0	395.979797464	395.979797464	1550088422.3	5	-7	5	-7
"4853"	9	1	1	15	0	0	45	100	0	0	395.979797464	395.979797464	1550088422.34	4	-6	4	-6
"4854"	9	1	1	15	0	0	45	100	0	0	395.979797464	395.979797464	1550088422.37	4	-4	4	-4
"4855"	9	1	1	15	0	0	45	100	0	0	395.979797464	395.979797464	1550088422.4	5	-2	5	-2
"4856"	9	1	1	15	0	0	45	100	0	0	395.979797464	395.979797464	1550088422.44	7	0	7	0
"4857"	9	1	1	15	0	0	45	100	0	0	395.979797464	395.979797464	1550088422.47	12	4	12	4
"4858"	9	1	1	15	0	0	45	100	0	0	395.979797464	395.979797464	1550088422.5	20	11	20	11
"4859"	9	1	1	15	0	0	45	100	0	0	395.979797464	395.979797464	1550088422.54	32	22	32	22
"4860"	9	1	1	15	0	0	45	100	0	0	395.979797464	395.979797464	1550088422.57	45	35	45	35
"4861"	9	1	1	15	0	0	45	100	0	0	395.979797464	395.979797464	1550088422.6	63	52	63	52
"4862"	9	1	1	15	0	0	45	100	0	0	395.979797464	395.979797464	1550088422.64	85	76	85	76
"4863"	9	1	1	15	0	0	45	100	0	0	395.979797464	395.979797464	1550088422.67	102	94	102	94
"4864"	9	1	1	15	0	0	45	100	0	0	395.979797464	395.979797464	1550088422.7	123	116	123	116
"4865"	9	1	1	15	0	0	45	100	0	0	395.979797464	395.979797464	1550088422.74	141	135	141	135
"4866"	9	1	1	15	0	0	45	100	0	0	395.979797464	395.979797464	1550088422.77	160	156	160	156
"4867"	9	1	1	15	0	0	45	100	0	0	395.979797464	395.979797464	1550088422.8	180	176	180	176
"4868"	9	1	1	15	0	0	45	100	0	0	395.979797464	395.979797464	1550088422.84	198	194	198	194
"4869"	9	1	1	15	0	0	45	100	0	0	395.979797464	395.979797464	1550088422.87	221	219	221	219
"4870"	9	1	1	15	0	0	45	100	0	0	395.979797464	395.979797464	1550088422.9	245	243	245	243
"4871"	9	1	1	15	0	0	45	100	0	0	395.979797464	395.979797464	1550088422.94	270	266	270	266
"4872"	9	1	1	15	0	0	45	100	0	0	395.979797464	395.979797464	1550088422.97	294	287	294	287
"4873"	9	1	1	15	0	0	45	100	0	0	395.979797464	395.979797464	1550088423	316	305	316	305
"4874"	9	1	1	15	0	0	45	100	0	0	395.979797464	395.979797464	1550088423.04	341	326	341	326
"4875"	9	1	1	15	0	0	45	100	0	0	395.979797464	395.979797464	1550088423.07	361	342	361	342
"4876"	9	1	1	15	0	0	45	100	0	0	395.979797464	395.979797464	1550088423.1	378	357	378	357
"4877"	9	1	1	15	0	0	45	100	0	0	395.979797464	395.979797464	1550088423.14	393	370	393	370
"4878"	9	1	1	15	0	0	45	100	0	0	395.979797464	395.979797464	1550088423.17	406	385	406	385
"4879"	9	1	1	15	0	0	45	100	0	0	395.979797464	395.979797464	1550088423.2	415	395	415	395
"4880"	9	1	1	15	0	0	45	100	0	0	395.979797464	395.979797464	1550088423.24	420	401	420	401
"4881"	9	1	1	15	0	0	45	100	0	0	395.979797464	395.979797464	1550088423.27	425	407	425	407
"4882"	9	1	1	15	0	0	45	100	0	0	395.979797464	395.979797464	1550088423.3	427	410	427	410
"4883"	9	1	1	15	0	0	45	100	0	0	395.979797464	395.979797464	1550088423.34	427	411	427	411
"4884"	9	1	1	15	0	0	45	100	0	0	395.979797464	395.979797464	1550088423.37	427	411	427	411
"4885"	9	1	1	15	0	0	45	100	0	0	395.979797464	395.979797464	1550088423.4	426	411	426	411
"4886"	9	1	1	15	0	0	45	100	0	0	395.979797464	395.979797464	1550088423.44	425	410	425	410
"4887"	9	1	1	15	0	0	45	100	0	0	395.979797464	395.979797464	1550088423.47	421	408	421	408
"4888"	9	1	1	15	0	0	45	100	0	0	395.979797464	395.979797464	1550088423.5	415	404	415	404
"4889"	9	1	1	15	0	0	45	100	0	0	395.979797464	395.979797464	1550088423.54	411	401	411	401
"4890"	9	1	1	15	0	0	45	100	0	0	395.979797464	395.979797464	1550088423.57	408	399	408	399
"4891"	9	1	1	15	0	0	45	100	0	0	395.979797464	395.979797464	1550088423.6	405	397	405	397
"4892"	9	1	1	15	0	0	45	100	0	0	395.979797464	395.979797464	1550088423.64	404	395	404	395
"4893"	9	1	1	16	0	0	45	100	0	0	395.979797464	395.979797464	1550088424.98	-5	7	-5	7
"4894"	9	1	1	16	0	0	45	100	0	0	395.979797464	395.979797464	1550088425	-5	7	-5	7
"4895"	9	1	1	16	0	0	45	100	0	0	395.979797464	395.979797464	1550088425.04	-5	8	-5	8
"4896"	9	1	1	16	0	0	45	100	0	0	395.979797464	395.979797464	1550088425.07	-5	8	-5	8
"4897"	9	1	1	16	0	0	45	100	0	0	395.979797464	395.979797464	1550088425.1	-4	8	-4	8
"4898"	9	1	1	16	0	0	45	100	0	0	395.979797464	395.979797464	1550088425.14	-3	8	-3	8
"4899"	9	1	1	16	0	0	45	100	0	0	395.979797464	395.979797464	1550088425.17	-3	8	-3	8
"4900"	9	1	1	16	0	0	45	100	0	0	395.979797464	395.979797464	1550088425.2	-2	9	-2	9
"4901"	9	1	1	16	0	0	45	100	0	0	395.979797464	395.979797464	1550088425.24	-2	9	-2	9
"4902"	9	1	1	16	0	0	45	100	0	0	395.979797464	395.979797464	1550088425.27	-2	9	-2	9
"4903"	9	1	1	16	0	0	45	100	0	0	395.979797464	395.979797464	1550088425.3	-2	9	-2	9
"4904"	9	1	1	16	0	0	45	100	0	0	395.979797464	395.979797464	1550088425.34	1	14	1	14
"4905"	9	1	1	16	0	0	45	100	0	0	395.979797464	395.979797464	1550088425.37	8	22	8	22
"4906"	9	1	1	16	0	0	45	100	0	0	395.979797464	395.979797464	1550088425.4	23	38	23	38
"4907"	9	1	1	16	0	0	45	100	0	0	395.979797464	395.979797464	1550088425.44	50	66	50	66
"4908"	9	1	1	16	0	0	45	100	0	0	395.979797464	395.979797464	1550088425.47	78	97	78	97
"4909"	9	1	1	16	0	0	45	100	0	0	395.979797464	395.979797464	1550088425.5	106	127	106	127
"4910"	9	1	1	16	0	0	45	100	0	0	395.979797464	395.979797464	1550088425.54	140	164	140	164
"4911"	9	1	1	16	0	0	45	100	0	0	395.979797464	395.979797464	1550088425.57	173	197	173	197
"4912"	9	1	1	16	0	0	45	100	0	0	395.979797464	395.979797464	1550088425.61	199	223	199	223
"4913"	9	1	1	16	0	0	45	100	0	0	395.979797464	395.979797464	1550088425.64	226	249	226	249
"4914"	9	1	1	16	0	0	45	100	0	0	395.979797464	395.979797464	1550088425.67	250	273	250	273
"4915"	9	1	1	16	0	0	45	100	0	0	395.979797464	395.979797464	1550088425.71	273	294	273	294
"4916"	9	1	1	16	0	0	45	100	0	0	395.979797464	395.979797464	1550088425.74	291	310	291	310
"4917"	9	1	1	16	0	0	45	100	0	0	395.979797464	395.979797464	1550088425.77	304	322	304	322
"4918"	9	1	1	16	0	0	45	100	0	0	395.979797464	395.979797464	1550088425.81	318	335	318	335
"4919"	9	1	1	16	0	0	45	100	0	0	395.979797464	395.979797464	1550088425.84	331	345	331	345
"4920"	9	1	1	16	0	0	45	100	0	0	395.979797464	395.979797464	1550088425.87	346	356	346	356
"4921"	9	1	1	16	0	0	45	100	0	0	395.979797464	395.979797464	1550088425.91	355	362	355	362
"4922"	9	1	1	16	0	0	45	100	0	0	395.979797464	395.979797464	1550088425.94	361	366	361	366
"4923"	9	1	1	16	0	0	45	100	0	0	395.979797464	395.979797464	1550088425.97	366	369	366	369
"4924"	9	1	1	16	0	0	45	100	0	0	395.979797464	395.979797464	1550088426.01	370	372	370	372
"4925"	9	1	1	16	0	0	45	100	0	0	395.979797464	395.979797464	1550088426.04	374	376	374	376
"4926"	9	1	1	16	0	0	45	100	0	0	395.979797464	395.979797464	1550088426.07	378	380	378	380
"4927"	9	1	1	16	0	0	45	100	0	0	395.979797464	395.979797464	1550088426.11	383	384	383	384
"4928"	9	1	1	16	0	0	45	100	0	0	395.979797464	395.979797464	1550088426.14	389	388	389	388
"4929"	9	1	1	16	0	0	45	100	0	0	395.979797464	395.979797464	1550088426.17	392	390	392	390
"4930"	9	1	1	16	0	0	45	100	0	0	395.979797464	395.979797464	1550088426.21	394	393	394	393
"4931"	9	1	1	16	0	0	45	100	0	0	395.979797464	395.979797464	1550088426.24	395	395	395	395
"4932"	9	1	1	17	0	0	135	100	0	0	-395.979797464	395.979797464	1550088427.72	-8	-4	-8	-4
"4933"	9	1	1	17	0	0	135	100	0	0	-395.979797464	395.979797464	1550088427.74	-7	-4	-7	-4
"4934"	9	1	1	17	0	0	135	100	0	0	-395.979797464	395.979797464	1550088427.77	-7	-3	-7	-3
"4935"	9	1	1	17	0	0	135	100	0	0	-395.979797464	395.979797464	1550088427.81	-7	-3	-7	-3
"4936"	9	1	1	17	0	0	135	100	0	0	-395.979797464	395.979797464	1550088427.84	-7	-4	-7	-4
"4937"	9	1	1	17	0	0	135	100	0	0	-395.979797464	395.979797464	1550088427.87	-7	-4	-7	-4
"4938"	9	1	1	17	0	0	135	100	0	0	-395.979797464	395.979797464	1550088427.91	-7	-4	-7	-4
"4939"	9	1	1	17	0	0	135	100	0	0	-395.979797464	395.979797464	1550088427.94	-7	-4	-7	-4
"4940"	9	1	1	17	0	0	135	100	0	0	-395.979797464	395.979797464	1550088427.97	-7	-4	-7	-4
"4941"	9	1	1	17	0	0	135	100	0	0	-395.979797464	395.979797464	1550088428.01	-7	-4	-7	-4
"4942"	9	1	1	17	0	0	135	100	0	0	-395.979797464	395.979797464	1550088428.04	-7	-4	-7	-4
"4943"	9	1	1	17	0	0	135	100	0	0	-395.979797464	395.979797464	1550088428.07	-9	-3	-9	-3
"4944"	9	1	1	17	0	0	135	100	0	0	-395.979797464	395.979797464	1550088428.11	-15	-1	-15	-1
"4945"	9	1	1	17	0	0	135	100	0	0	-395.979797464	395.979797464	1550088428.14	-28	3	-28	3
"4946"	9	1	1	17	0	0	135	100	0	0	-395.979797464	395.979797464	1550088428.17	-43	12	-43	12
"4947"	9	1	1	17	0	0	135	100	0	0	-395.979797464	395.979797464	1550088428.21	-58	27	-58	27
"4948"	9	1	1	17	0	0	135	100	0	0	-395.979797464	395.979797464	1550088428.24	-76	41	-76	41
"4949"	9	1	1	17	0	0	135	100	0	0	-395.979797464	395.979797464	1550088428.27	-91	53	-91	53
"4950"	9	1	1	17	0	0	135	100	0	0	-395.979797464	395.979797464	1550088428.31	-108	69	-108	69
"4951"	9	1	1	17	0	0	135	100	0	0	-395.979797464	395.979797464	1550088428.34	-125	88	-125	88
"4952"	9	1	1	17	0	0	135	100	0	0	-395.979797464	395.979797464	1550088428.37	-143	109	-143	109
"4953"	9	1	1	17	0	0	135	100	0	0	-395.979797464	395.979797464	1550088428.41	-162	135	-162	135
"4954"	9	1	1	17	0	0	135	100	0	0	-395.979797464	395.979797464	1550088428.44	-182	159	-182	159
"4955"	9	1	1	17	0	0	135	100	0	0	-395.979797464	395.979797464	1550088428.47	-203	183	-203	183
"4956"	9	1	1	17	0	0	135	100	0	0	-395.979797464	395.979797464	1550088428.51	-221	202	-221	202
"4957"	9	1	1	17	0	0	135	100	0	0	-395.979797464	395.979797464	1550088428.54	-242	222	-242	222
"4958"	9	1	1	17	0	0	135	100	0	0	-395.979797464	395.979797464	1550088428.57	-263	241	-263	241
"4959"	9	1	1	17	0	0	135	100	0	0	-395.979797464	395.979797464	1550088428.61	-276	254	-276	254
"4960"	9	1	1	17	0	0	135	100	0	0	-395.979797464	395.979797464	1550088428.64	-293	271	-293	271
"4961"	9	1	1	17	0	0	135	100	0	0	-395.979797464	395.979797464	1550088428.67	-311	287	-311	287
"4962"	9	1	1	17	0	0	135	100	0	0	-395.979797464	395.979797464	1550088428.71	-323	300	-323	300
"4963"	9	1	1	17	0	0	135	100	0	0	-395.979797464	395.979797464	1550088428.74	-338	314	-338	314
"4964"	9	1	1	17	0	0	135	100	0	0	-395.979797464	395.979797464	1550088428.77	-352	327	-352	327
"4965"	9	1	1	17	0	0	135	100	0	0	-395.979797464	395.979797464	1550088428.81	-366	340	-366	340
"4966"	9	1	1	17	0	0	135	100	0	0	-395.979797464	395.979797464	1550088428.84	-377	350	-377	350
"4967"	9	1	1	17	0	0	135	100	0	0	-395.979797464	395.979797464	1550088428.87	-388	358	-388	358
"4968"	9	1	1	17	0	0	135	100	0	0	-395.979797464	395.979797464	1550088428.91	-395	365	-395	365
"4969"	9	1	1	17	0	0	135	100	0	0	-395.979797464	395.979797464	1550088428.94	-399	369	-399	369
"4970"	9	1	1	17	0	0	135	100	0	0	-395.979797464	395.979797464	1550088428.97	-403	376	-403	376
"4971"	9	1	1	17	0	0	135	100	0	0	-395.979797464	395.979797464	1550088429.01	-405	382	-405	382
"4972"	9	1	1	17	0	0	135	100	0	0	-395.979797464	395.979797464	1550088429.04	-407	387	-407	387
"4973"	9	1	1	17	0	0	135	100	0	0	-395.979797464	395.979797464	1550088429.07	-407	391	-407	391
"4974"	9	1	1	17	0	0	135	100	0	0	-395.979797464	395.979797464	1550088429.11	-408	392	-408	392
"4975"	9	1	1	18	0	0	90	100	0	0	3.42901103761e-14	560	1550088430.69	-6	-11	-6	-11
"4976"	9	1	1	18	0	0	90	100	0	0	3.42901103761e-14	560	1550088430.71	-7	-11	-7	-11
"4977"	9	1	1	18	0	0	90	100	0	0	3.42901103761e-14	560	1550088430.74	-7	-11	-7	-11
"4978"	9	1	1	18	0	0	90	100	0	0	3.42901103761e-14	560	1550088430.78	-7	-11	-7	-11
"4979"	9	1	1	18	0	0	90	100	0	0	3.42901103761e-14	560	1550088430.81	-7	-10	-7	-10
"4980"	9	1	1	18	0	0	90	100	0	0	3.42901103761e-14	560	1550088430.84	-6	-7	-6	-7
"4981"	9	1	1	18	0	0	90	100	0	0	3.42901103761e-14	560	1550088430.88	-5	-5	-5	-5
"4982"	9	1	1	18	0	0	90	100	0	0	3.42901103761e-14	560	1550088430.91	-4	-4	-4	-4
"4983"	9	1	1	18	0	0	90	100	0	0	3.42901103761e-14	560	1550088430.94	-4	-4	-4	-4
"4984"	9	1	1	18	0	0	90	100	0	0	3.42901103761e-14	560	1550088430.98	-4	-4	-4	-4
"4985"	9	1	1	18	0	0	90	100	0	0	3.42901103761e-14	560	1550088431.01	-5	-4	-5	-4
"4986"	9	1	1	18	0	0	90	100	0	0	3.42901103761e-14	560	1550088431.04	-5	-4	-5	-4
"4987"	9	1	1	18	0	0	90	100	0	0	3.42901103761e-14	560	1550088431.08	-5	-2	-5	-2
"4988"	9	1	1	18	0	0	90	100	0	0	3.42901103761e-14	560	1550088431.11	-5	4	-5	4
"4989"	9	1	1	18	0	0	90	100	0	0	3.42901103761e-14	560	1550088431.14	-6	17	-6	17
"4990"	9	1	1	18	0	0	90	100	0	0	3.42901103761e-14	560	1550088431.18	-6	42	-6	42
"4991"	9	1	1	18	0	0	90	100	0	0	3.42901103761e-14	560	1550088431.21	-5	61	-5	61
"4992"	9	1	1	18	0	0	90	100	0	0	3.42901103761e-14	560	1550088431.24	-5	92	-5	92
"4993"	9	1	1	18	0	0	90	100	0	0	3.42901103761e-14	560	1550088431.28	-3	118	-3	118
"4994"	9	1	1	18	0	0	90	100	0	0	3.42901103761e-14	560	1550088431.31	-1	149	-1	149
"4995"	9	1	1	18	0	0	90	100	0	0	3.42901103761e-14	560	1550088431.34	0	181	0	181
"4996"	9	1	1	18	0	0	90	100	0	0	3.42901103761e-14	560	1550088431.38	0	210	0	210
"4997"	9	1	1	18	0	0	90	100	0	0	3.42901103761e-14	560	1550088431.41	-1	244	-1	244
"4998"	9	1	1	18	0	0	90	100	0	0	3.42901103761e-14	560	1550088431.44	-1	272	-1	272
"4999"	9	1	1	18	0	0	90	100	0	0	3.42901103761e-14	560	1550088431.48	-1	305	-1	305
"5000"	9	1	1	18	0	0	90	100	0	0	3.42901103761e-14	560	1550088431.51	-2	337	-2	337
"5001"	9	1	1	18	0	0	90	100	0	0	3.42901103761e-14	560	1550088431.54	-2	367	-2	367
"5002"	9	1	1	18	0	0	90	100	0	0	3.42901103761e-14	560	1550088431.58	-2	395	-2	395
"5003"	9	1	1	18	0	0	90	100	0	0	3.42901103761e-14	560	1550088431.61	-2	418	-2	418
"5004"	9	1	1	18	0	0	90	100	0	0	3.42901103761e-14	560	1550088431.64	0	442	0	442
"5005"	9	1	1	18	0	0	90	100	0	0	3.42901103761e-14	560	1550088431.68	2	461	2	461
"5006"	9	1	1	18	0	0	90	100	0	0	3.42901103761e-14	560	1550088431.71	2	476	2	476
"5007"	9	1	1	18	0	0	90	100	0	0	3.42901103761e-14	560	1550088431.74	3	491	3	491
"5008"	9	1	1	18	0	0	90	100	0	0	3.42901103761e-14	560	1550088431.78	4	502	4	502
"5009"	9	1	1	18	0	0	90	100	0	0	3.42901103761e-14	560	1550088431.81	5	511	5	511
"5010"	9	1	1	18	0	0	90	100	0	0	3.42901103761e-14	560	1550088431.84	5	517	5	517
"5011"	9	1	1	18	0	0	90	100	0	0	3.42901103761e-14	560	1550088431.88	6	523	6	523
"5012"	9	1	1	18	0	0	90	100	0	0	3.42901103761e-14	560	1550088431.91	7	530	7	530
"5013"	9	1	1	18	0	0	90	100	0	0	3.42901103761e-14	560	1550088431.94	7	535	7	535
"5014"	9	1	1	18	0	0	90	100	0	0	3.42901103761e-14	560	1550088431.98	7	539	7	539
"5015"	9	1	1	18	0	0	90	100	0	0	3.42901103761e-14	560	1550088432.01	7	542	7	542
"5016"	9	1	1	18	0	0	90	100	0	0	3.42901103761e-14	560	1550088432.04	7	542	7	542
"5017"	9	1	1	18	0	0	90	100	0	0	3.42901103761e-14	560	1550088432.08	7	543	7	543
"5018"	9	1	1	18	0	0	90	100	0	0	3.42901103761e-14	560	1550088432.11	7	544	7	544
"5019"	9	1	1	18	0	0	90	100	0	0	3.42901103761e-14	560	1550088432.14	6	545	6	545
"5020"	9	1	1	18	0	0	90	100	0	0	3.42901103761e-14	560	1550088432.18	6	546	6	546
"5021"	9	1	1	18	0	0	90	100	0	0	3.42901103761e-14	560	1550088432.21	6	547	6	547
"5022"	9	1	1	18	0	0	90	100	0	0	3.42901103761e-14	560	1550088432.24	6	547	6	547
"5023"	9	1	1	18	0	0	90	100	0	0	3.42901103761e-14	560	1550088432.28	6	547	6	547
"5024"	9	1	1	18	0	0	90	100	0	0	3.42901103761e-14	560	1550088432.31	6	547	6	547
"5025"	9	1	1	18	0	0	90	100	0	0	3.42901103761e-14	560	1550088432.34	5	549	5	549
"5026"	9	1	1	18	0	0	90	100	0	0	3.42901103761e-14	560	1550088432.38	4	551	4	551
"5027"	9	1	1	18	0	0	90	100	0	0	3.42901103761e-14	560	1550088432.41	4	553	4	553
"5028"	9	1	1	18	0	0	90	100	0	0	3.42901103761e-14	560	1550088432.44	3	554	3	554
"5029"	9	1	1	19	0	0	90	100	0	0	3.42901103761e-14	560	1550088433.96	-1	1	-1	1
"5030"	9	1	1	19	0	0	90	100	0	0	3.42901103761e-14	560	1550088433.98	-1	1	-1	1
"5031"	9	1	1	19	0	0	90	100	0	0	3.42901103761e-14	560	1550088434.01	-1	1	-1	1
"5032"	9	1	1	19	0	0	90	100	0	0	3.42901103761e-14	560	1550088434.04	-1	1	-1	1
"5033"	9	1	1	19	0	0	90	100	0	0	3.42901103761e-14	560	1550088434.08	-1	1	-1	1
"5034"	9	1	1	19	0	0	90	100	0	0	3.42901103761e-14	560	1550088434.11	-1	0	-1	0
"5035"	9	1	1	19	0	0	90	100	0	0	3.42901103761e-14	560	1550088434.15	-1	0	-1	0
"5036"	9	1	1	19	0	0	90	100	0	0	3.42901103761e-14	560	1550088434.18	-1	0	-1	0
"5037"	9	1	1	19	0	0	90	100	0	0	3.42901103761e-14	560	1550088434.21	-1	0	-1	0
"5038"	9	1	1	19	0	0	90	100	0	0	3.42901103761e-14	560	1550088434.25	-1	0	-1	0
"5039"	9	1	1	19	0	0	90	100	0	0	3.42901103761e-14	560	1550088434.28	-1	0	-1	0
"5040"	9	1	1	19	0	0	90	100	0	0	3.42901103761e-14	560	1550088434.31	-1	3	-1	3
"5041"	9	1	1	19	0	0	90	100	0	0	3.42901103761e-14	560	1550088434.35	-1	7	-1	7
"5042"	9	1	1	19	0	0	90	100	0	0	3.42901103761e-14	560	1550088434.38	0	19	0	19
"5043"	9	1	1	19	0	0	90	100	0	0	3.42901103761e-14	560	1550088434.41	2	45	2	45
"5044"	9	1	1	19	0	0	90	100	0	0	3.42901103761e-14	560	1550088434.45	5	67	5	67
"5045"	9	1	1	19	0	0	90	100	0	0	3.42901103761e-14	560	1550088434.48	7	93	7	93
"5046"	9	1	1	19	0	0	90	100	0	0	3.42901103761e-14	560	1550088434.51	8	121	8	121
"5047"	9	1	1	19	0	0	90	100	0	0	3.42901103761e-14	560	1550088434.55	10	148	10	148
"5048"	9	1	1	19	0	0	90	100	0	0	3.42901103761e-14	560	1550088434.58	10	186	10	186
"5049"	9	1	1	19	0	0	90	100	0	0	3.42901103761e-14	560	1550088434.61	9	217	9	217
"5050"	9	1	1	19	0	0	90	100	0	0	3.42901103761e-14	560	1550088434.65	7	251	7	251
"5051"	9	1	1	19	0	0	90	100	0	0	3.42901103761e-14	560	1550088434.68	4	281	4	281
"5052"	9	1	1	19	0	0	90	100	0	0	3.42901103761e-14	560	1550088434.71	-1	314	-1	314
"5053"	9	1	1	19	0	0	90	100	0	0	3.42901103761e-14	560	1550088434.75	-5	345	-5	345
"5054"	9	1	1	19	0	0	90	100	0	0	3.42901103761e-14	560	1550088434.78	-8	369	-8	369
"5055"	9	1	1	19	0	0	90	100	0	0	3.42901103761e-14	560	1550088434.81	-11	394	-11	394
"5056"	9	1	1	19	0	0	90	100	0	0	3.42901103761e-14	560	1550088434.85	-15	416	-15	416
"5057"	9	1	1	19	0	0	90	100	0	0	3.42901103761e-14	560	1550088434.88	-17	434	-17	434
"5058"	9	1	1	19	0	0	90	100	0	0	3.42901103761e-14	560	1550088434.91	-19	449	-19	449
"5059"	9	1	1	19	0	0	90	100	0	0	3.42901103761e-14	560	1550088434.95	-20	459	-20	459
"5060"	9	1	1	19	0	0	90	100	0	0	3.42901103761e-14	560	1550088434.98	-20	469	-20	469
"5061"	9	1	1	19	0	0	90	100	0	0	3.42901103761e-14	560	1550088435.01	-20	477	-20	477
"5062"	9	1	1	19	0	0	90	100	0	0	3.42901103761e-14	560	1550088435.05	-18	487	-18	487
"5063"	9	1	1	19	0	0	90	100	0	0	3.42901103761e-14	560	1550088435.08	-16	496	-16	496
"5064"	9	1	1	19	0	0	90	100	0	0	3.42901103761e-14	560	1550088435.11	-13	503	-13	503
"5065"	9	1	1	19	0	0	90	100	0	0	3.42901103761e-14	560	1550088435.15	-11	512	-11	512
"5066"	9	1	1	19	0	0	90	100	0	0	3.42901103761e-14	560	1550088435.18	-9	517	-9	517
"5067"	9	1	1	19	0	0	90	100	0	0	3.42901103761e-14	560	1550088435.21	-7	523	-7	523
"5068"	9	1	1	19	0	0	90	100	0	0	3.42901103761e-14	560	1550088435.25	-5	528	-5	528
"5069"	9	1	1	19	0	0	90	100	0	0	3.42901103761e-14	560	1550088435.28	-3	533	-3	533
"5070"	9	1	1	19	0	0	90	100	0	0	3.42901103761e-14	560	1550088435.31	-1	538	-1	538
"5071"	9	1	1	19	0	0	90	100	0	0	3.42901103761e-14	560	1550088435.35	-1	541	-1	541
"5072"	9	1	1	19	0	0	90	100	0	0	3.42901103761e-14	560	1550088435.38	0	544	0	544
"5073"	9	1	1	19	0	0	90	100	0	0	3.42901103761e-14	560	1550088435.41	0	547	0	547
"5074"	9	1	1	19	0	0	90	100	0	0	3.42901103761e-14	560	1550088435.45	0	549	0	549
"5075"	9	1	1	19	0	0	90	100	0	0	3.42901103761e-14	560	1550088435.48	0	552	0	552
"5076"	9	1	1	19	0	0	90	100	0	0	3.42901103761e-14	560	1550088435.51	0	554	0	554
"5077"	9	1	1	19	0	0	90	100	0	0	3.42901103761e-14	560	1550088435.55	1	555	1	555
"5078"	9	1	1	20	0	0	45	100	0	0	395.979797464	395.979797464	1550088437.09	1	0	1	0
"5079"	9	1	1	20	0	0	45	100	0	0	395.979797464	395.979797464	1550088437.11	1	-1	1	-1
"5080"	9	1	1	20	0	0	45	100	0	0	395.979797464	395.979797464	1550088437.15	1	-1	1	-1
"5081"	9	1	1	20	0	0	45	100	0	0	395.979797464	395.979797464	1550088437.18	1	0	1	0
"5082"	9	1	1	20	0	0	45	100	0	0	395.979797464	395.979797464	1550088437.21	1	0	1	0
"5083"	9	1	1	20	0	0	45	100	0	0	395.979797464	395.979797464	1550088437.25	1	0	1	0
"5084"	9	1	1	20	0	0	45	100	0	0	395.979797464	395.979797464	1550088437.28	1	0	1	0
"5085"	9	1	1	20	0	0	45	100	0	0	395.979797464	395.979797464	1550088437.31	1	0	1	0
"5086"	9	1	1	20	0	0	45	100	0	0	395.979797464	395.979797464	1550088437.35	1	0	1	0
"5087"	9	1	1	20	0	0	45	100	0	0	395.979797464	395.979797464	1550088437.38	1	0	1	0
"5088"	9	1	1	20	0	0	45	100	0	0	395.979797464	395.979797464	1550088437.41	1	1	1	1
"5089"	9	1	1	20	0	0	45	100	0	0	395.979797464	395.979797464	1550088437.45	3	3	3	3
"5090"	9	1	1	20	0	0	45	100	0	0	395.979797464	395.979797464	1550088437.48	9	8	9	8
"5091"	9	1	1	20	0	0	45	100	0	0	395.979797464	395.979797464	1550088437.51	19	18	19	18
"5092"	9	1	1	20	0	0	45	100	0	0	395.979797464	395.979797464	1550088437.55	30	29	30	29
"5093"	9	1	1	20	0	0	45	100	0	0	395.979797464	395.979797464	1550088437.58	48	47	48	47
"5094"	9	1	1	20	0	0	45	100	0	0	395.979797464	395.979797464	1550088437.61	73	72	73	72
"5095"	9	1	1	20	0	0	45	100	0	0	395.979797464	395.979797464	1550088437.65	96	96	96	96
"5096"	9	1	1	20	0	0	45	100	0	0	395.979797464	395.979797464	1550088437.68	118	117	118	117
"5097"	9	1	1	20	0	0	45	100	0	0	395.979797464	395.979797464	1550088437.71	144	142	144	142
"5098"	9	1	1	20	0	0	45	100	0	0	395.979797464	395.979797464	1550088437.75	170	168	170	168
"5099"	9	1	1	20	0	0	45	100	0	0	395.979797464	395.979797464	1550088437.78	193	190	193	190
"5100"	9	1	1	20	0	0	45	100	0	0	395.979797464	395.979797464	1550088437.81	220	220	220	220
"5101"	9	1	1	20	0	0	45	100	0	0	395.979797464	395.979797464	1550088437.85	246	247	246	247
"5102"	9	1	1	20	0	0	45	100	0	0	395.979797464	395.979797464	1550088437.88	267	271	267	271
"5103"	9	1	1	20	0	0	45	100	0	0	395.979797464	395.979797464	1550088437.91	291	295	291	295
"5104"	9	1	1	20	0	0	45	100	0	0	395.979797464	395.979797464	1550088437.95	312	315	312	315
"5105"	9	1	1	20	0	0	45	100	0	0	395.979797464	395.979797464	1550088437.98	328	330	328	330
"5106"	9	1	1	20	0	0	45	100	0	0	395.979797464	395.979797464	1550088438.01	342	341	342	341
"5107"	9	1	1	20	0	0	45	100	0	0	395.979797464	395.979797464	1550088438.05	356	354	356	354
"5108"	9	1	1	20	0	0	45	100	0	0	395.979797464	395.979797464	1550088438.08	366	363	366	363
"5109"	9	1	1	20	0	0	45	100	0	0	395.979797464	395.979797464	1550088438.11	372	369	372	369
"5110"	9	1	1	20	0	0	45	100	0	0	395.979797464	395.979797464	1550088438.15	376	376	376	376
"5111"	9	1	1	20	0	0	45	100	0	0	395.979797464	395.979797464	1550088438.18	381	382	381	382
"5112"	9	1	1	20	0	0	45	100	0	0	395.979797464	395.979797464	1550088438.22	385	387	385	387
"5113"	9	1	1	20	0	0	45	100	0	0	395.979797464	395.979797464	1550088438.25	387	390	387	390
"5114"	9	1	1	20	0	0	45	100	0	0	395.979797464	395.979797464	1550088438.28	390	394	390	394
"5115"	9	1	1	20	0	0	45	100	0	0	395.979797464	395.979797464	1550088438.32	394	397	394	397
"5116"	9	1	1	20	0	0	45	100	0	0	395.979797464	395.979797464	1550088438.35	396	399	396	399
"5117"	9	1	1	20	0	0	45	100	0	0	395.979797464	395.979797464	1550088438.38	397	400	397	400
"5118"	9	1	1	21	0	0	135	100	0	0	-395.979797464	395.979797464	1550088439.96	0	9	0	9
"5119"	9	1	1	21	0	0	135	100	0	0	-395.979797464	395.979797464	1550088439.98	0	8	0	8
"5120"	9	1	1	21	0	0	135	100	0	0	-395.979797464	395.979797464	1550088440.02	0	7	0	7
"5121"	9	1	1	21	0	0	135	100	0	0	-395.979797464	395.979797464	1550088440.05	0	8	0	8
"5122"	9	1	1	21	0	0	135	100	0	0	-395.979797464	395.979797464	1550088440.08	0	8	0	8
"5123"	9	1	1	21	0	0	135	100	0	0	-395.979797464	395.979797464	1550088440.12	0	7	0	7
"5124"	9	1	1	21	0	0	135	100	0	0	-395.979797464	395.979797464	1550088440.15	0	7	0	7
"5125"	9	1	1	21	0	0	135	100	0	0	-395.979797464	395.979797464	1550088440.18	0	6	0	6
"5126"	9	1	1	21	0	0	135	100	0	0	-395.979797464	395.979797464	1550088440.22	0	5	0	5
"5127"	9	1	1	21	0	0	135	100	0	0	-395.979797464	395.979797464	1550088440.25	-1	4	-1	4
"5128"	9	1	1	21	0	0	135	100	0	0	-395.979797464	395.979797464	1550088440.28	-3	5	-3	5
"5129"	9	1	1	21	0	0	135	100	0	0	-395.979797464	395.979797464	1550088440.32	-6	8	-6	8
"5130"	9	1	1	21	0	0	135	100	0	0	-395.979797464	395.979797464	1550088440.35	-14	15	-14	15
"5131"	9	1	1	21	0	0	135	100	0	0	-395.979797464	395.979797464	1550088440.38	-26	23	-26	23
"5132"	9	1	1	21	0	0	135	100	0	0	-395.979797464	395.979797464	1550088440.42	-49	35	-49	35
"5133"	9	1	1	21	0	0	135	100	0	0	-395.979797464	395.979797464	1550088440.45	-71	48	-71	48
"5134"	9	1	1	21	0	0	135	100	0	0	-395.979797464	395.979797464	1550088440.48	-91	65	-91	65
"5135"	9	1	1	21	0	0	135	100	0	0	-395.979797464	395.979797464	1550088440.52	-112	87	-112	87
"5136"	9	1	1	21	0	0	135	100	0	0	-395.979797464	395.979797464	1550088440.55	-133	108	-133	108
"5137"	9	1	1	21	0	0	135	100	0	0	-395.979797464	395.979797464	1550088440.58	-160	134	-160	134
"5138"	9	1	1	21	0	0	135	100	0	0	-395.979797464	395.979797464	1550088440.62	-188	161	-188	161
"5139"	9	1	1	21	0	0	135	100	0	0	-395.979797464	395.979797464	1550088440.65	-214	184	-214	184
"5140"	9	1	1	21	0	0	135	100	0	0	-395.979797464	395.979797464	1550088440.68	-241	212	-241	212
"5141"	9	1	1	21	0	0	135	100	0	0	-395.979797464	395.979797464	1550088440.72	-267	238	-267	238
"5142"	9	1	1	21	0	0	135	100	0	0	-395.979797464	395.979797464	1550088440.75	-288	262	-288	262
"5143"	9	1	1	21	0	0	135	100	0	0	-395.979797464	395.979797464	1550088440.78	-303	282	-303	282
"5144"	9	1	1	21	0	0	135	100	0	0	-395.979797464	395.979797464	1550088440.82	-317	303	-317	303
"5145"	9	1	1	21	0	0	135	100	0	0	-395.979797464	395.979797464	1550088440.85	-326	317	-326	317
"5146"	9	1	1	21	0	0	135	100	0	0	-395.979797464	395.979797464	1550088440.88	-334	331	-334	331
"5147"	9	1	1	21	0	0	135	100	0	0	-395.979797464	395.979797464	1550088440.92	-342	344	-342	344
"5148"	9	1	1	21	0	0	135	100	0	0	-395.979797464	395.979797464	1550088440.95	-348	353	-348	353
"5149"	9	1	1	21	0	0	135	100	0	0	-395.979797464	395.979797464	1550088440.98	-354	360	-354	360
"5150"	9	1	1	21	0	0	135	100	0	0	-395.979797464	395.979797464	1550088441.02	-358	364	-358	364
"5151"	9	1	1	21	0	0	135	100	0	0	-395.979797464	395.979797464	1550088441.05	-362	368	-362	368
"5152"	9	1	1	21	0	0	135	100	0	0	-395.979797464	395.979797464	1550088441.08	-366	371	-366	371
"5153"	9	1	1	21	0	0	135	100	0	0	-395.979797464	395.979797464	1550088441.12	-371	374	-371	374
"5154"	9	1	1	21	0	0	135	100	0	0	-395.979797464	395.979797464	1550088441.15	-375	378	-375	378
"5155"	9	1	1	21	0	0	135	100	0	0	-395.979797464	395.979797464	1550088441.18	-378	382	-378	382
"5156"	9	1	1	21	0	0	135	100	0	0	-395.979797464	395.979797464	1550088441.22	-381	384	-381	384
"5157"	9	1	1	21	0	0	135	100	0	0	-395.979797464	395.979797464	1550088441.25	-383	386	-383	386
"5158"	9	1	1	21	0	0	135	100	0	0	-395.979797464	395.979797464	1550088441.28	-385	388	-385	388
"5159"	9	1	1	21	0	0	135	100	0	0	-395.979797464	395.979797464	1550088441.32	-387	390	-387	390
