"task_num"	"task_name"	"trial_type"	"trial_num"	"terminalfeedback_bool"	"rotation_angle"	"targetangle_deg"	"targetdistance_percmax"	"homex_px"	"homey_px"	"targetx_px"	"targety_px"	"time_s"	"mousex_px"	"mousey_px"	"cursorx_px"	"cursory_px"
"1"	1	1	1	1	0	0	90	100	0	0	3.42901103761e-14	560	1550088048.76	-7	6	-7	6
"2"	1	1	1	1	0	0	90	100	0	0	3.42901103761e-14	560	1550088048.8	-7	5	-7	5
"3"	1	1	1	1	0	0	90	100	0	0	3.42901103761e-14	560	1550088048.83	-6	5	-6	5
"4"	1	1	1	1	0	0	90	100	0	0	3.42901103761e-14	560	1550088048.86	-5	4	-5	4
"5"	1	1	1	1	0	0	90	100	0	0	3.42901103761e-14	560	1550088048.9	-4	3	-4	3
"6"	1	1	1	1	0	0	90	100	0	0	3.42901103761e-14	560	1550088048.93	-3	4	-3	4
"7"	1	1	1	1	0	0	90	100	0	0	3.42901103761e-14	560	1550088048.96	-2	6	-2	6
"8"	1	1	1	1	0	0	90	100	0	0	3.42901103761e-14	560	1550088049	-1	5	-1	5
"9"	1	1	1	1	0	0	90	100	0	0	3.42901103761e-14	560	1550088049.03	0	3	0	3
"10"	1	1	1	1	0	0	90	100	0	0	3.42901103761e-14	560	1550088049.06	1	2	1	2
"11"	1	1	1	1	0	0	90	100	0	0	3.42901103761e-14	560	1550088049.1	2	3	2	3
"12"	1	1	1	1	0	0	90	100	0	0	3.42901103761e-14	560	1550088049.13	3	4	3	4
"13"	1	1	1	1	0	0	90	100	0	0	3.42901103761e-14	560	1550088049.16	3	5	3	5
"14"	1	1	1	1	0	0	90	100	0	0	3.42901103761e-14	560	1550088049.2	3	6	3	6
"15"	1	1	1	1	0	0	90	100	0	0	3.42901103761e-14	560	1550088049.23	2	6	2	6
"16"	1	1	1	1	0	0	90	100	0	0	3.42901103761e-14	560	1550088049.27	0	5	0	5
"17"	1	1	1	1	0	0	90	100	0	0	3.42901103761e-14	560	1550088049.3	0	4	0	4
"18"	1	1	1	1	0	0	90	100	0	0	3.42901103761e-14	560	1550088049.33	0	5	0	5
"19"	1	1	1	1	0	0	90	100	0	0	3.42901103761e-14	560	1550088049.36	1	5	1	5
"20"	1	1	1	1	0	0	90	100	0	0	3.42901103761e-14	560	1550088049.4	1	6	1	6
"21"	1	1	1	1	0	0	90	100	0	0	3.42901103761e-14	560	1550088049.43	1	6	1	6
"22"	1	1	1	1	0	0	90	100	0	0	3.42901103761e-14	560	1550088049.47	0	3	0	3
"23"	1	1	1	1	0	0	90	100	0	0	3.42901103761e-14	560	1550088049.5	-1	3	-1	3
"24"	1	1	1	1	0	0	90	100	0	0	3.42901103761e-14	560	1550088049.53	-1	2	-1	2
"25"	1	1	1	1	0	0	90	100	0	0	3.42901103761e-14	560	1550088049.57	-1	2	-1	2
"26"	1	1	1	1	0	0	90	100	0	0	3.42901103761e-14	560	1550088049.6	-1	2	-1	2
"27"	1	1	1	1	0	0	90	100	0	0	3.42901103761e-14	560	1550088049.63	-1	2	-1	2
"28"	1	1	1	1	0	0	90	100	0	0	3.42901103761e-14	560	1550088049.67	0	3	0	3
"29"	1	1	1	1	0	0	90	100	0	0	3.42901103761e-14	560	1550088049.7	0	8	0	8
"30"	1	1	1	1	0	0	90	100	0	0	3.42901103761e-14	560	1550088049.73	-1	49	-1	49
"31"	1	1	1	1	0	0	90	100	0	0	3.42901103761e-14	560	1550088049.77	-4	102	-4	102
"32"	1	1	1	1	0	0	90	100	0	0	3.42901103761e-14	560	1550088049.8	-3	143	-3	143
"33"	1	1	1	1	0	0	90	100	0	0	3.42901103761e-14	560	1550088049.83	6	196	6	196
"34"	1	1	1	1	0	0	90	100	0	0	3.42901103761e-14	560	1550088049.87	11	229	11	229
"35"	1	1	1	1	0	0	90	100	0	0	3.42901103761e-14	560	1550088049.9	16	273	16	273
"36"	1	1	1	1	0	0	90	100	0	0	3.42901103761e-14	560	1550088049.93	19	294	19	294
"37"	1	1	1	1	0	0	90	100	0	0	3.42901103761e-14	560	1550088049.97	19	294	19	294
"38"	1	1	1	1	0	0	90	100	0	0	3.42901103761e-14	560	1550088050	19	294	19	294
"39"	1	1	1	1	0	0	90	100	0	0	3.42901103761e-14	560	1550088050.03	19	294	19	294
"40"	1	1	1	1	0	0	90	100	0	0	3.42901103761e-14	560	1550088050.07	19	294	19	294
"41"	1	1	1	1	0	0	90	100	0	0	3.42901103761e-14	560	1550088050.1	19	294	19	294
"42"	1	1	1	1	0	0	90	100	0	0	3.42901103761e-14	560	1550088050.13	19	294	19	294
"43"	1	1	1	1	0	0	90	100	0	0	3.42901103761e-14	560	1550088050.17	19	294	19	294
"44"	1	1	1	1	0	0	90	100	0	0	3.42901103761e-14	560	1550088050.2	19	294	19	294
"45"	1	1	1	1	0	0	90	100	0	0	3.42901103761e-14	560	1550088050.23	19	294	19	294
"46"	1	1	1	1	0	0	90	100	0	0	3.42901103761e-14	560	1550088050.27	19	294	19	294
"47"	1	1	1	1	0	0	90	100	0	0	3.42901103761e-14	560	1550088050.3	19	294	19	294
"48"	1	1	1	1	0	0	90	100	0	0	3.42901103761e-14	560	1550088050.33	19	294	19	294
"49"	1	1	1	1	0	0	90	100	0	0	3.42901103761e-14	560	1550088050.37	19	294	19	294
"50"	1	1	1	1	0	0	90	100	0	0	3.42901103761e-14	560	1550088050.4	19	294	19	294
"51"	1	1	1	1	0	0	90	100	0	0	3.42901103761e-14	560	1550088050.43	19	294	19	294
"52"	1	1	1	1	0	0	90	100	0	0	3.42901103761e-14	560	1550088050.47	19	294	19	294
"53"	1	1	1	1	0	0	90	100	0	0	3.42901103761e-14	560	1550088050.5	19	294	19	294
"54"	1	1	1	1	0	0	90	100	0	0	3.42901103761e-14	560	1550088050.53	19	294	19	294
"55"	1	1	1	1	0	0	90	100	0	0	3.42901103761e-14	560	1550088050.57	-21	663	-21	663
"56"	1	1	1	1	0	0	90	100	0	0	3.42901103761e-14	560	1550088050.6	-21	661	-21	661
"57"	1	1	1	1	0	0	90	100	0	0	3.42901103761e-14	560	1550088050.63	-23	656	-23	656
"58"	1	1	1	1	0	0	90	100	0	0	3.42901103761e-14	560	1550088050.67	-27	650	-27	650
"59"	1	1	1	1	0	0	90	100	0	0	3.42901103761e-14	560	1550088050.7	-32	642	-32	642
"60"	1	1	1	1	0	0	90	100	0	0	3.42901103761e-14	560	1550088050.73	-37	631	-37	631
"61"	1	1	1	1	0	0	90	100	0	0	3.42901103761e-14	560	1550088050.77	-40	630	-40	630
"62"	1	1	1	1	0	0	90	100	0	0	3.42901103761e-14	560	1550088050.8	-40	631	-40	631
"63"	1	1	1	1	0	0	90	100	0	0	3.42901103761e-14	560	1550088050.83	-38	632	-38	632
"64"	1	1	1	1	0	0	90	100	0	0	3.42901103761e-14	560	1550088050.87	-34	631	-34	631
"65"	1	1	1	1	0	0	90	100	0	0	3.42901103761e-14	560	1550088050.9	-30	624	-30	624
"66"	1	1	1	1	0	0	90	100	0	0	3.42901103761e-14	560	1550088050.93	-26	617	-26	617
"67"	1	1	1	1	0	0	90	100	0	0	3.42901103761e-14	560	1550088050.97	-20	612	-20	612
"68"	1	1	1	1	0	0	90	100	0	0	3.42901103761e-14	560	1550088051	-14	610	-14	610
"69"	1	1	1	1	0	0	90	100	0	0	3.42901103761e-14	560	1550088051.03	-10	609	-10	609
"70"	1	1	1	1	0	0	90	100	0	0	3.42901103761e-14	560	1550088051.07	-4	604	-4	604
"71"	1	1	1	1	0	0	90	100	0	0	3.42901103761e-14	560	1550088051.1	1	596	1	596
"72"	1	1	1	1	0	0	90	100	0	0	3.42901103761e-14	560	1550088051.13	4	587	4	587
"73"	1	1	1	1	0	0	90	100	0	0	3.42901103761e-14	560	1550088051.17	4	582	4	582
"74"	1	1	1	1	0	0	90	100	0	0	3.42901103761e-14	560	1550088051.2	6	579	6	579
"75"	1	1	1	1	0	0	90	100	0	0	3.42901103761e-14	560	1550088051.23	9	575	9	575
"76"	1	1	1	1	0	0	90	100	0	0	3.42901103761e-14	560	1550088051.27	11	574	11	574
"77"	1	1	1	1	0	0	90	100	0	0	3.42901103761e-14	560	1550088051.3	11	572	11	572
"78"	1	1	1	1	0	0	90	100	0	0	3.42901103761e-14	560	1550088051.33	10	569	10	569
"79"	1	1	1	2	0	0	135	100	0	0	-395.979797464	395.979797464	1550088052.71	8	-1	8	-1
"80"	1	1	1	2	0	0	135	100	0	0	-395.979797464	395.979797464	1550088052.73	8	-1	8	-1
"81"	1	1	1	2	0	0	135	100	0	0	-395.979797464	395.979797464	1550088052.77	6	-1	6	-1
"82"	1	1	1	2	0	0	135	100	0	0	-395.979797464	395.979797464	1550088052.8	6	0	6	0
"83"	1	1	1	2	0	0	135	100	0	0	-395.979797464	395.979797464	1550088052.83	5	3	5	3
"84"	1	1	1	2	0	0	135	100	0	0	-395.979797464	395.979797464	1550088052.87	5	6	5	6
"85"	1	1	1	2	0	0	135	100	0	0	-395.979797464	395.979797464	1550088052.9	5	9	5	9
"86"	1	1	1	2	0	0	135	100	0	0	-395.979797464	395.979797464	1550088052.93	5	10	5	10
"87"	1	1	1	2	0	0	135	100	0	0	-395.979797464	395.979797464	1550088052.97	6	9	6	9
"88"	1	1	1	2	0	0	135	100	0	0	-395.979797464	395.979797464	1550088053	6	9	6	9
"89"	1	1	1	2	0	0	135	100	0	0	-395.979797464	395.979797464	1550088053.03	5	9	5	9
"90"	1	1	1	2	0	0	135	100	0	0	-395.979797464	395.979797464	1550088053.07	4	9	4	9
"91"	1	1	1	2	0	0	135	100	0	0	-395.979797464	395.979797464	1550088053.1	0	11	0	11
"92"	1	1	1	2	0	0	135	100	0	0	-395.979797464	395.979797464	1550088053.13	-6	15	-6	15
"93"	1	1	1	2	0	0	135	100	0	0	-395.979797464	395.979797464	1550088053.17	-20	26	-20	26
"94"	1	1	1	2	0	0	135	100	0	0	-395.979797464	395.979797464	1550088053.2	-42	47	-42	47
"95"	1	1	1	2	0	0	135	100	0	0	-395.979797464	395.979797464	1550088053.23	-67	71	-67	71
"96"	1	1	1	2	0	0	135	100	0	0	-395.979797464	395.979797464	1550088053.27	-95	97	-95	97
"97"	1	1	1	2	0	0	135	100	0	0	-395.979797464	395.979797464	1550088053.3	-122	120	-122	120
"98"	1	1	1	2	0	0	135	100	0	0	-395.979797464	395.979797464	1550088053.33	-159	146	-159	146
"99"	1	1	1	2	0	0	135	100	0	0	-395.979797464	395.979797464	1550088053.37	-187	168	-187	168
"100"	1	1	1	2	0	0	135	100	0	0	-395.979797464	395.979797464	1550088053.4	-218	194	-218	194
"101"	1	1	1	2	0	0	135	100	0	0	-395.979797464	395.979797464	1550088053.44	-246	220	-246	220
"102"	1	1	1	2	0	0	135	100	0	0	-395.979797464	395.979797464	1550088053.47	-270	237	-270	237
"103"	1	1	1	2	0	0	135	100	0	0	-395.979797464	395.979797464	1550088053.5	-294	257	-294	257
"104"	1	1	1	2	0	0	135	100	0	0	-395.979797464	395.979797464	1550088053.53	-313	277	-313	277
"105"	1	1	1	2	0	0	135	100	0	0	-395.979797464	395.979797464	1550088053.57	-333	300	-333	300
"106"	1	1	1	2	0	0	135	100	0	0	-395.979797464	395.979797464	1550088053.6	-352	320	-352	320
"107"	1	1	1	2	0	0	135	100	0	0	-395.979797464	395.979797464	1550088053.64	-364	336	-364	336
"108"	1	1	1	2	0	0	135	100	0	0	-395.979797464	395.979797464	1550088053.67	-375	351	-375	351
"109"	1	1	1	2	0	0	135	100	0	0	-395.979797464	395.979797464	1550088053.7	-381	359	-381	359
"110"	1	1	1	2	0	0	135	100	0	0	-395.979797464	395.979797464	1550088053.74	-384	368	-384	368
"111"	1	1	1	2	0	0	135	100	0	0	-395.979797464	395.979797464	1550088053.77	-385	380	-385	380
"112"	1	1	1	2	0	0	135	100	0	0	-395.979797464	395.979797464	1550088053.8	-386	388	-386	388
"113"	1	1	1	2	0	0	135	100	0	0	-395.979797464	395.979797464	1550088053.84	-388	395	-388	395
"114"	1	1	1	2	0	0	135	100	0	0	-395.979797464	395.979797464	1550088053.87	-391	400	-391	400
"115"	1	1	1	3	0	0	45	100	0	0	395.979797464	395.979797464	1550088055.45	4	7	4	7
"116"	1	1	1	3	0	0	45	100	0	0	395.979797464	395.979797464	1550088055.47	4	7	4	7
"117"	1	1	1	3	0	0	45	100	0	0	395.979797464	395.979797464	1550088055.5	3	7	3	7
"118"	1	1	1	3	0	0	45	100	0	0	395.979797464	395.979797464	1550088055.54	2	7	2	7
"119"	1	1	1	3	0	0	45	100	0	0	395.979797464	395.979797464	1550088055.57	3	6	3	6
"120"	1	1	1	3	0	0	45	100	0	0	395.979797464	395.979797464	1550088055.6	2	3	2	3
"121"	1	1	1	3	0	0	45	100	0	0	395.979797464	395.979797464	1550088055.64	2	2	2	2
"122"	1	1	1	3	0	0	45	100	0	0	395.979797464	395.979797464	1550088055.67	2	2	2	2
"123"	1	1	1	3	0	0	45	100	0	0	395.979797464	395.979797464	1550088055.7	2	2	2	2
"124"	1	1	1	3	0	0	45	100	0	0	395.979797464	395.979797464	1550088055.74	2	2	2	2
"125"	1	1	1	3	0	0	45	100	0	0	395.979797464	395.979797464	1550088055.77	3	3	3	3
"126"	1	1	1	3	0	0	45	100	0	0	395.979797464	395.979797464	1550088055.8	10	8	10	8
"127"	1	1	1	3	0	0	45	100	0	0	395.979797464	395.979797464	1550088055.84	29	22	29	22
"128"	1	1	1	3	0	0	45	100	0	0	395.979797464	395.979797464	1550088055.87	55	45	55	45
"129"	1	1	1	3	0	0	45	100	0	0	395.979797464	395.979797464	1550088055.9	90	77	90	77
"130"	1	1	1	3	0	0	45	100	0	0	395.979797464	395.979797464	1550088055.94	128	111	128	111
"131"	1	1	1	3	0	0	45	100	0	0	395.979797464	395.979797464	1550088055.97	158	137	158	137
"132"	1	1	1	3	0	0	45	100	0	0	395.979797464	395.979797464	1550088056	193	165	193	165
"133"	1	1	1	3	0	0	45	100	0	0	395.979797464	395.979797464	1550088056.04	227	192	227	192
"134"	1	1	1	3	0	0	45	100	0	0	395.979797464	395.979797464	1550088056.07	255	214	255	214
"135"	1	1	1	3	0	0	45	100	0	0	395.979797464	395.979797464	1550088056.1	291	239	291	239
"136"	1	1	1	3	0	0	45	100	0	0	395.979797464	395.979797464	1550088056.14	314	257	314	257
"137"	1	1	1	3	0	0	45	100	0	0	395.979797464	395.979797464	1550088056.17	335	275	335	275
"138"	1	1	1	3	0	0	45	100	0	0	395.979797464	395.979797464	1550088056.2	357	294	357	294
"139"	1	1	1	3	0	0	45	100	0	0	395.979797464	395.979797464	1550088056.24	372	306	372	306
"140"	1	1	1	3	0	0	45	100	0	0	395.979797464	395.979797464	1550088056.27	386	319	386	319
"141"	1	1	1	3	0	0	45	100	0	0	395.979797464	395.979797464	1550088056.3	395	330	395	330
"142"	1	1	1	3	0	0	45	100	0	0	395.979797464	395.979797464	1550088056.34	404	340	404	340
"143"	1	1	1	3	0	0	45	100	0	0	395.979797464	395.979797464	1550088056.37	409	349	409	349
"144"	1	1	1	3	0	0	45	100	0	0	395.979797464	395.979797464	1550088056.4	413	359	413	359
"145"	1	1	1	3	0	0	45	100	0	0	395.979797464	395.979797464	1550088056.44	416	368	416	368
"146"	1	1	1	3	0	0	45	100	0	0	395.979797464	395.979797464	1550088056.47	416	369	416	369
"147"	1	1	1	3	0	0	45	100	0	0	395.979797464	395.979797464	1550088056.5	415	372	415	372
"148"	1	1	1	3	0	0	45	100	0	0	395.979797464	395.979797464	1550088056.54	414	375	414	375
"149"	1	1	1	3	0	0	45	100	0	0	395.979797464	395.979797464	1550088056.57	413	377	413	377
"150"	1	1	1	3	0	0	45	100	0	0	395.979797464	395.979797464	1550088056.6	412	378	412	378
"151"	1	1	1	3	0	0	45	100	0	0	395.979797464	395.979797464	1550088056.64	410	380	410	380
"152"	1	1	1	3	0	0	45	100	0	0	395.979797464	395.979797464	1550088056.67	408	381	408	381
"153"	1	1	1	3	0	0	45	100	0	0	395.979797464	395.979797464	1550088056.7	405	382	405	382
"154"	1	1	1	3	0	0	45	100	0	0	395.979797464	395.979797464	1550088056.74	402	384	402	384
"155"	1	1	1	3	0	0	45	100	0	0	395.979797464	395.979797464	1550088056.77	401	385	401	385
"156"	1	1	1	3	0	0	45	100	0	0	395.979797464	395.979797464	1550088056.8	400	386	400	386
"157"	1	1	1	3	0	0	45	100	0	0	395.979797464	395.979797464	1550088056.84	399	389	399	389
"158"	1	1	1	3	0	0	45	100	0	0	395.979797464	395.979797464	1550088056.87	397	391	397	391
"159"	1	1	1	4	0	0	135	100	0	0	-395.979797464	395.979797464	1550088057.98	-5	7	-5	7
"160"	1	1	1	4	0	0	135	100	0	0	-395.979797464	395.979797464	1550088058	-5	7	-5	7
"161"	1	1	1	4	0	0	135	100	0	0	-395.979797464	395.979797464	1550088058.04	-5	6	-5	6
"162"	1	1	1	4	0	0	135	100	0	0	-395.979797464	395.979797464	1550088058.07	-5	6	-5	6
"163"	1	1	1	4	0	0	135	100	0	0	-395.979797464	395.979797464	1550088058.11	-5	6	-5	6
"164"	1	1	1	4	0	0	135	100	0	0	-395.979797464	395.979797464	1550088058.14	-4	6	-4	6
"165"	1	1	1	4	0	0	135	100	0	0	-395.979797464	395.979797464	1550088058.17	-2	6	-2	6
"166"	1	1	1	4	0	0	135	100	0	0	-395.979797464	395.979797464	1550088058.21	0	7	0	7
"167"	1	1	1	4	0	0	135	100	0	0	-395.979797464	395.979797464	1550088058.24	1	7	1	7
"168"	1	1	1	4	0	0	135	100	0	0	-395.979797464	395.979797464	1550088058.27	1	7	1	7
"169"	1	1	1	4	0	0	135	100	0	0	-395.979797464	395.979797464	1550088058.31	1	7	1	7
"170"	1	1	1	4	0	0	135	100	0	0	-395.979797464	395.979797464	1550088058.34	1	7	1	7
"171"	1	1	1	4	0	0	135	100	0	0	-395.979797464	395.979797464	1550088058.37	-1	8	-1	8
"172"	1	1	1	4	0	0	135	100	0	0	-395.979797464	395.979797464	1550088058.41	-7	13	-7	13
"173"	1	1	1	4	0	0	135	100	0	0	-395.979797464	395.979797464	1550088058.44	-16	18	-16	18
"174"	1	1	1	4	0	0	135	100	0	0	-395.979797464	395.979797464	1550088058.47	-27	23	-27	23
"175"	1	1	1	4	0	0	135	100	0	0	-395.979797464	395.979797464	1550088058.51	-35	27	-35	27
"176"	1	1	1	4	0	0	135	100	0	0	-395.979797464	395.979797464	1550088058.54	-41	29	-41	29
"177"	1	1	1	4	0	0	135	100	0	0	-395.979797464	395.979797464	1550088058.57	-46	30	-46	30
"178"	1	1	1	4	0	0	135	100	0	0	-395.979797464	395.979797464	1550088058.61	-50	32	-50	32
"179"	1	1	1	4	0	0	135	100	0	0	-395.979797464	395.979797464	1550088058.64	-56	35	-56	35
"180"	1	1	1	4	0	0	135	100	0	0	-395.979797464	395.979797464	1550088058.67	-62	41	-62	41
"181"	1	1	1	4	0	0	135	100	0	0	-395.979797464	395.979797464	1550088058.71	-75	53	-75	53
"182"	1	1	1	4	0	0	135	100	0	0	-395.979797464	395.979797464	1550088058.74	-87	65	-87	65
"183"	1	1	1	4	0	0	135	100	0	0	-395.979797464	395.979797464	1550088058.77	-103	79	-103	79
"184"	1	1	1	4	0	0	135	100	0	0	-395.979797464	395.979797464	1550088058.81	-120	94	-120	94
"185"	1	1	1	4	0	0	135	100	0	0	-395.979797464	395.979797464	1550088058.84	-133	108	-133	108
"186"	1	1	1	4	0	0	135	100	0	0	-395.979797464	395.979797464	1550088058.87	-148	126	-148	126
"187"	1	1	1	4	0	0	135	100	0	0	-395.979797464	395.979797464	1550088058.91	-162	143	-162	143
"188"	1	1	1	4	0	0	135	100	0	0	-395.979797464	395.979797464	1550088058.94	-176	159	-176	159
"189"	1	1	1	4	0	0	135	100	0	0	-395.979797464	395.979797464	1550088058.97	-192	176	-192	176
"190"	1	1	1	4	0	0	135	100	0	0	-395.979797464	395.979797464	1550088059.01	-209	189	-209	189
"191"	1	1	1	4	0	0	135	100	0	0	-395.979797464	395.979797464	1550088059.04	-224	205	-224	205
"192"	1	1	1	4	0	0	135	100	0	0	-395.979797464	395.979797464	1550088059.07	-237	223	-237	223
"193"	1	1	1	4	0	0	135	100	0	0	-395.979797464	395.979797464	1550088059.11	-249	236	-249	236
"194"	1	1	1	4	0	0	135	100	0	0	-395.979797464	395.979797464	1550088059.14	-264	250	-264	250
"195"	1	1	1	4	0	0	135	100	0	0	-395.979797464	395.979797464	1550088059.17	-276	260	-276	260
"196"	1	1	1	4	0	0	135	100	0	0	-395.979797464	395.979797464	1550088059.21	-290	270	-290	270
"197"	1	1	1	4	0	0	135	100	0	0	-395.979797464	395.979797464	1550088059.24	-300	277	-300	277
"198"	1	1	1	4	0	0	135	100	0	0	-395.979797464	395.979797464	1550088059.27	-312	287	-312	287
"199"	1	1	1	4	0	0	135	100	0	0	-395.979797464	395.979797464	1550088059.31	-320	294	-320	294
"200"	1	1	1	4	0	0	135	100	0	0	-395.979797464	395.979797464	1550088059.34	-329	301	-329	301
"201"	1	1	1	4	0	0	135	100	0	0	-395.979797464	395.979797464	1550088059.37	-337	307	-337	307
"202"	1	1	1	4	0	0	135	100	0	0	-395.979797464	395.979797464	1550088059.41	-343	314	-343	314
"203"	1	1	1	4	0	0	135	100	0	0	-395.979797464	395.979797464	1550088059.44	-350	322	-350	322
"204"	1	1	1	4	0	0	135	100	0	0	-395.979797464	395.979797464	1550088059.47	-357	330	-357	330
"205"	1	1	1	4	0	0	135	100	0	0	-395.979797464	395.979797464	1550088059.51	-365	338	-365	338
"206"	1	1	1	4	0	0	135	100	0	0	-395.979797464	395.979797464	1550088059.54	-373	349	-373	349
"207"	1	1	1	4	0	0	135	100	0	0	-395.979797464	395.979797464	1550088059.57	-382	360	-382	360
"208"	1	1	1	4	0	0	135	100	0	0	-395.979797464	395.979797464	1550088059.61	-390	369	-390	369
"209"	1	1	1	4	0	0	135	100	0	0	-395.979797464	395.979797464	1550088059.64	-395	377	-395	377
"210"	1	1	1	4	0	0	135	100	0	0	-395.979797464	395.979797464	1550088059.67	-399	387	-399	387
"211"	1	1	1	4	0	0	135	100	0	0	-395.979797464	395.979797464	1550088059.71	-402	397	-402	397
"212"	1	1	1	4	0	0	135	100	0	0	-395.979797464	395.979797464	1550088059.74	-405	403	-405	403
"213"	1	1	1	4	0	0	135	100	0	0	-395.979797464	395.979797464	1550088059.77	-407	408	-407	408
"214"	1	1	1	4	0	0	135	100	0	0	-395.979797464	395.979797464	1550088059.81	-408	410	-408	410
"215"	1	1	1	4	0	0	135	100	0	0	-395.979797464	395.979797464	1550088059.84	-408	410	-408	410
"216"	1	1	1	4	0	0	135	100	0	0	-395.979797464	395.979797464	1550088059.87	-408	410	-408	410
"217"	1	1	1	4	0	0	135	100	0	0	-395.979797464	395.979797464	1550088059.91	-408	410	-408	410
"218"	1	1	1	4	0	0	135	100	0	0	-395.979797464	395.979797464	1550088059.94	-408	410	-408	410
"219"	1	1	1	4	0	0	135	100	0	0	-395.979797464	395.979797464	1550088059.97	-407	410	-407	410
"220"	1	1	1	4	0	0	135	100	0	0	-395.979797464	395.979797464	1550088060.01	-404	409	-404	409
"221"	1	1	1	4	0	0	135	100	0	0	-395.979797464	395.979797464	1550088060.04	-400	405	-400	405
"222"	1	1	1	4	0	0	135	100	0	0	-395.979797464	395.979797464	1550088060.07	-398	402	-398	402
"223"	1	1	1	5	0	0	45	100	0	0	395.979797464	395.979797464	1550088061.79	8	4	8	4
"224"	1	1	1	5	0	0	45	100	0	0	395.979797464	395.979797464	1550088061.81	8	4	8	4
"225"	1	1	1	5	0	0	45	100	0	0	395.979797464	395.979797464	1550088061.84	8	4	8	4
"226"	1	1	1	5	0	0	45	100	0	0	395.979797464	395.979797464	1550088061.87	8	4	8	4
"227"	1	1	1	5	0	0	45	100	0	0	395.979797464	395.979797464	1550088061.91	8	4	8	4
"228"	1	1	1	5	0	0	45	100	0	0	395.979797464	395.979797464	1550088061.94	7	3	7	3
"229"	1	1	1	5	0	0	45	100	0	0	395.979797464	395.979797464	1550088061.97	7	3	7	3
"230"	1	1	1	5	0	0	45	100	0	0	395.979797464	395.979797464	1550088062.01	7	3	7	3
"231"	1	1	1	5	0	0	45	100	0	0	395.979797464	395.979797464	1550088062.04	7	3	7	3
"232"	1	1	1	5	0	0	45	100	0	0	395.979797464	395.979797464	1550088062.07	7	3	7	3
"233"	1	1	1	5	0	0	45	100	0	0	395.979797464	395.979797464	1550088062.11	7	3	7	3
"234"	1	1	1	5	0	0	45	100	0	0	395.979797464	395.979797464	1550088062.14	10	6	10	6
"235"	1	1	1	5	0	0	45	100	0	0	395.979797464	395.979797464	1550088062.17	16	11	16	11
"236"	1	1	1	5	0	0	45	100	0	0	395.979797464	395.979797464	1550088062.21	30	23	30	23
"237"	1	1	1	5	0	0	45	100	0	0	395.979797464	395.979797464	1550088062.24	46	37	46	37
"238"	1	1	1	5	0	0	45	100	0	0	395.979797464	395.979797464	1550088062.27	70	59	70	59
"239"	1	1	1	5	0	0	45	100	0	0	395.979797464	395.979797464	1550088062.31	92	79	92	79
"240"	1	1	1	5	0	0	45	100	0	0	395.979797464	395.979797464	1550088062.34	117	100	117	100
"241"	1	1	1	5	0	0	45	100	0	0	395.979797464	395.979797464	1550088062.38	143	121	143	121
"242"	1	1	1	5	0	0	45	100	0	0	395.979797464	395.979797464	1550088062.41	165	140	165	140
"243"	1	1	1	5	0	0	45	100	0	0	395.979797464	395.979797464	1550088062.44	193	163	193	163
"244"	1	1	1	5	0	0	45	100	0	0	395.979797464	395.979797464	1550088062.48	215	182	215	182
"245"	1	1	1	5	0	0	45	100	0	0	395.979797464	395.979797464	1550088062.51	239	203	239	203
"246"	1	1	1	5	0	0	45	100	0	0	395.979797464	395.979797464	1550088062.54	264	225	264	225
"247"	1	1	1	5	0	0	45	100	0	0	395.979797464	395.979797464	1550088062.58	284	241	284	241
"248"	1	1	1	5	0	0	45	100	0	0	395.979797464	395.979797464	1550088062.61	312	263	312	263
"249"	1	1	1	5	0	0	45	100	0	0	395.979797464	395.979797464	1550088062.64	333	280	333	280
"250"	1	1	1	5	0	0	45	100	0	0	395.979797464	395.979797464	1550088062.68	359	301	359	301
"251"	1	1	1	5	0	0	45	100	0	0	395.979797464	395.979797464	1550088062.71	383	322	383	322
"252"	1	1	1	5	0	0	45	100	0	0	395.979797464	395.979797464	1550088062.74	402	340	402	340
"253"	1	1	1	5	0	0	45	100	0	0	395.979797464	395.979797464	1550088062.78	420	360	420	360
"254"	1	1	1	5	0	0	45	100	0	0	395.979797464	395.979797464	1550088062.81	430	371	430	371
"255"	1	1	1	5	0	0	45	100	0	0	395.979797464	395.979797464	1550088062.84	441	384	441	384
"256"	1	1	1	5	0	0	45	100	0	0	395.979797464	395.979797464	1550088062.88	447	392	447	392
"257"	1	1	1	5	0	0	45	100	0	0	395.979797464	395.979797464	1550088062.91	448	399	448	399
"258"	1	1	1	5	0	0	45	100	0	0	395.979797464	395.979797464	1550088062.94	447	402	447	402
"259"	1	1	1	5	0	0	45	100	0	0	395.979797464	395.979797464	1550088062.98	445	403	445	403
"260"	1	1	1	5	0	0	45	100	0	0	395.979797464	395.979797464	1550088063.01	441	405	441	405
"261"	1	1	1	5	0	0	45	100	0	0	395.979797464	395.979797464	1550088063.04	437	406	437	406
"262"	1	1	1	5	0	0	45	100	0	0	395.979797464	395.979797464	1550088063.08	432	405	432	405
"263"	1	1	1	5	0	0	45	100	0	0	395.979797464	395.979797464	1550088063.11	425	402	425	402
"264"	1	1	1	5	0	0	45	100	0	0	395.979797464	395.979797464	1550088063.14	419	398	419	398
"265"	1	1	1	5	0	0	45	100	0	0	395.979797464	395.979797464	1550088063.18	413	393	413	393
"266"	1	1	1	5	0	0	45	100	0	0	395.979797464	395.979797464	1550088063.21	409	391	409	391
"267"	1	1	1	5	0	0	45	100	0	0	395.979797464	395.979797464	1550088063.24	405	388	405	388
"268"	1	1	1	5	0	0	45	100	0	0	395.979797464	395.979797464	1550088063.28	401	386	401	386
"269"	1	1	1	5	0	0	45	100	0	0	395.979797464	395.979797464	1550088063.31	397	383	397	383
"270"	1	1	1	5	0	0	45	100	0	0	395.979797464	395.979797464	1550088063.34	393	382	393	382
"271"	1	1	1	5	0	0	45	100	0	0	395.979797464	395.979797464	1550088063.38	392	382	392	382
"272"	1	1	1	5	0	0	45	100	0	0	395.979797464	395.979797464	1550088063.41	392	382	392	382
"273"	1	1	1	6	0	0	90	100	0	0	3.42901103761e-14	560	1550088064.76	3	11	3	11
"274"	1	1	1	6	0	0	90	100	0	0	3.42901103761e-14	560	1550088064.78	3	10	3	10
"275"	1	1	1	6	0	0	90	100	0	0	3.42901103761e-14	560	1550088064.81	2	8	2	8
"276"	1	1	1	6	0	0	90	100	0	0	3.42901103761e-14	560	1550088064.84	2	8	2	8
"277"	1	1	1	6	0	0	90	100	0	0	3.42901103761e-14	560	1550088064.88	2	7	2	7
"278"	1	1	1	6	0	0	90	100	0	0	3.42901103761e-14	560	1550088064.91	2	6	2	6
"279"	1	1	1	6	0	0	90	100	0	0	3.42901103761e-14	560	1550088064.94	2	6	2	6
"280"	1	1	1	6	0	0	90	100	0	0	3.42901103761e-14	560	1550088064.98	2	6	2	6
"281"	1	1	1	6	0	0	90	100	0	0	3.42901103761e-14	560	1550088065.01	2	6	2	6
"282"	1	1	1	6	0	0	90	100	0	0	3.42901103761e-14	560	1550088065.04	2	6	2	6
"283"	1	1	1	6	0	0	90	100	0	0	3.42901103761e-14	560	1550088065.08	2	6	2	6
"284"	1	1	1	6	0	0	90	100	0	0	3.42901103761e-14	560	1550088065.11	2	6	2	6
"285"	1	1	1	6	0	0	90	100	0	0	3.42901103761e-14	560	1550088065.14	2	7	2	7
"286"	1	1	1	6	0	0	90	100	0	0	3.42901103761e-14	560	1550088065.18	2	7	2	7
"287"	1	1	1	6	0	0	90	100	0	0	3.42901103761e-14	560	1550088065.21	2	7	2	7
"288"	1	1	1	6	0	0	90	100	0	0	3.42901103761e-14	560	1550088065.24	2	9	2	9
"289"	1	1	1	6	0	0	90	100	0	0	3.42901103761e-14	560	1550088065.28	2	11	2	11
"290"	1	1	1	6	0	0	90	100	0	0	3.42901103761e-14	560	1550088065.31	1	14	1	14
"291"	1	1	1	6	0	0	90	100	0	0	3.42901103761e-14	560	1550088065.34	1	18	1	18
"292"	1	1	1	6	0	0	90	100	0	0	3.42901103761e-14	560	1550088065.38	0	23	0	23
"293"	1	1	1	6	0	0	90	100	0	0	3.42901103761e-14	560	1550088065.41	-1	30	-1	30
"294"	1	1	1	6	0	0	90	100	0	0	3.42901103761e-14	560	1550088065.44	-2	44	-2	44
"295"	1	1	1	6	0	0	90	100	0	0	3.42901103761e-14	560	1550088065.48	-2	67	-2	67
"296"	1	1	1	6	0	0	90	100	0	0	3.42901103761e-14	560	1550088065.51	-3	96	-3	96
"297"	1	1	1	6	0	0	90	100	0	0	3.42901103761e-14	560	1550088065.54	-4	128	-4	128
"298"	1	1	1	6	0	0	90	100	0	0	3.42901103761e-14	560	1550088065.58	-4	159	-4	159
"299"	1	1	1	6	0	0	90	100	0	0	3.42901103761e-14	560	1550088065.61	-3	202	-3	202
"300"	1	1	1	6	0	0	90	100	0	0	3.42901103761e-14	560	1550088065.64	-2	248	-2	248
"301"	1	1	1	6	0	0	90	100	0	0	3.42901103761e-14	560	1550088065.68	-2	288	-2	288
"302"	1	1	1	6	0	0	90	100	0	0	3.42901103761e-14	560	1550088065.71	-2	321	-2	321
"303"	1	1	1	6	0	0	90	100	0	0	3.42901103761e-14	560	1550088065.74	-1	347	-1	347
"304"	1	1	1	6	0	0	90	100	0	0	3.42901103761e-14	560	1550088065.78	1	372	1	372
"305"	1	1	1	6	0	0	90	100	0	0	3.42901103761e-14	560	1550088065.81	2	392	2	392
"306"	1	1	1	6	0	0	90	100	0	0	3.42901103761e-14	560	1550088065.84	2	408	2	408
"307"	1	1	1	6	0	0	90	100	0	0	3.42901103761e-14	560	1550088065.88	1	421	1	421
"308"	1	1	1	6	0	0	90	100	0	0	3.42901103761e-14	560	1550088065.91	0	432	0	432
"309"	1	1	1	6	0	0	90	100	0	0	3.42901103761e-14	560	1550088065.94	2	445	2	445
"310"	1	1	1	6	0	0	90	100	0	0	3.42901103761e-14	560	1550088065.98	7	459	7	459
"311"	1	1	1	6	0	0	90	100	0	0	3.42901103761e-14	560	1550088066.01	10	473	10	473
"312"	1	1	1	6	0	0	90	100	0	0	3.42901103761e-14	560	1550088066.04	11	487	11	487
"313"	1	1	1	6	0	0	90	100	0	0	3.42901103761e-14	560	1550088066.08	13	503	13	503
"314"	1	1	1	6	0	0	90	100	0	0	3.42901103761e-14	560	1550088066.11	13	513	13	513
"315"	1	1	1	6	0	0	90	100	0	0	3.42901103761e-14	560	1550088066.14	13	519	13	519
"316"	1	1	1	6	0	0	90	100	0	0	3.42901103761e-14	560	1550088066.18	13	525	13	525
"317"	1	1	1	6	0	0	90	100	0	0	3.42901103761e-14	560	1550088066.21	13	532	13	532
"318"	1	1	1	6	0	0	90	100	0	0	3.42901103761e-14	560	1550088066.24	12	538	12	538
"319"	1	1	1	6	0	0	90	100	0	0	3.42901103761e-14	560	1550088066.28	10	543	10	543
"320"	1	1	1	6	0	0	90	100	0	0	3.42901103761e-14	560	1550088066.31	9	548	9	548
"321"	1	1	1	6	0	0	90	100	0	0	3.42901103761e-14	560	1550088066.35	9	551	9	551
"322"	1	1	1	7	0	0	135	100	0	0	-395.979797464	395.979797464	1550088067.89	0	10	0	10
"323"	1	1	1	7	0	0	135	100	0	0	-395.979797464	395.979797464	1550088067.91	1	9	1	9
"324"	1	1	1	7	0	0	135	100	0	0	-395.979797464	395.979797464	1550088067.95	1	7	1	7
"325"	1	1	1	7	0	0	135	100	0	0	-395.979797464	395.979797464	1550088067.98	1	6	1	6
"326"	1	1	1	7	0	0	135	100	0	0	-395.979797464	395.979797464	1550088068.01	1	6	1	6
"327"	1	1	1	7	0	0	135	100	0	0	-395.979797464	395.979797464	1550088068.05	1	6	1	6
"328"	1	1	1	7	0	0	135	100	0	0	-395.979797464	395.979797464	1550088068.08	1	4	1	4
"329"	1	1	1	7	0	0	135	100	0	0	-395.979797464	395.979797464	1550088068.11	0	3	0	3
"330"	1	1	1	7	0	0	135	100	0	0	-395.979797464	395.979797464	1550088068.15	0	2	0	2
"331"	1	1	1	7	0	0	135	100	0	0	-395.979797464	395.979797464	1550088068.18	0	2	0	2
"332"	1	1	1	7	0	0	135	100	0	0	-395.979797464	395.979797464	1550088068.21	-2	7	-2	7
"333"	1	1	1	7	0	0	135	100	0	0	-395.979797464	395.979797464	1550088068.25	-3	12	-3	12
"334"	1	1	1	7	0	0	135	100	0	0	-395.979797464	395.979797464	1550088068.28	-5	17	-5	17
"335"	1	1	1	7	0	0	135	100	0	0	-395.979797464	395.979797464	1550088068.31	-6	19	-6	19
"336"	1	1	1	7	0	0	135	100	0	0	-395.979797464	395.979797464	1550088068.35	-6	19	-6	19
"337"	1	1	1	7	0	0	135	100	0	0	-395.979797464	395.979797464	1550088068.38	-7	19	-7	19
"338"	1	1	1	7	0	0	135	100	0	0	-395.979797464	395.979797464	1550088068.41	-7	19	-7	19
"339"	1	1	1	7	0	0	135	100	0	0	-395.979797464	395.979797464	1550088068.45	-7	19	-7	19
"340"	1	1	1	7	0	0	135	100	0	0	-395.979797464	395.979797464	1550088068.48	-7	19	-7	19
"341"	1	1	1	7	0	0	135	100	0	0	-395.979797464	395.979797464	1550088068.51	-10	19	-10	19
"342"	1	1	1	7	0	0	135	100	0	0	-395.979797464	395.979797464	1550088068.55	-17	21	-17	21
"343"	1	1	1	7	0	0	135	100	0	0	-395.979797464	395.979797464	1550088068.58	-25	23	-25	23
"344"	1	1	1	7	0	0	135	100	0	0	-395.979797464	395.979797464	1550088068.61	-36	29	-36	29
"345"	1	1	1	7	0	0	135	100	0	0	-395.979797464	395.979797464	1550088068.65	-47	38	-47	38
"346"	1	1	1	7	0	0	135	100	0	0	-395.979797464	395.979797464	1550088068.68	-55	45	-55	45
"347"	1	1	1	7	0	0	135	100	0	0	-395.979797464	395.979797464	1550088068.71	-64	55	-64	55
"348"	1	1	1	7	0	0	135	100	0	0	-395.979797464	395.979797464	1550088068.75	-74	69	-74	69
"349"	1	1	1	7	0	0	135	100	0	0	-395.979797464	395.979797464	1550088068.78	-83	83	-83	83
"350"	1	1	1	7	0	0	135	100	0	0	-395.979797464	395.979797464	1550088068.81	-92	94	-92	94
"351"	1	1	1	7	0	0	135	100	0	0	-395.979797464	395.979797464	1550088068.85	-105	116	-105	116
"352"	1	1	1	7	0	0	135	100	0	0	-395.979797464	395.979797464	1550088068.88	-117	133	-117	133
"353"	1	1	1	7	0	0	135	100	0	0	-395.979797464	395.979797464	1550088068.91	-130	146	-130	146
"354"	1	1	1	7	0	0	135	100	0	0	-395.979797464	395.979797464	1550088068.95	-145	160	-145	160
"355"	1	1	1	7	0	0	135	100	0	0	-395.979797464	395.979797464	1550088068.98	-159	174	-159	174
"356"	1	1	1	7	0	0	135	100	0	0	-395.979797464	395.979797464	1550088069.01	-171	186	-171	186
"357"	1	1	1	7	0	0	135	100	0	0	-395.979797464	395.979797464	1550088069.05	-180	193	-180	193
"358"	1	1	1	7	0	0	135	100	0	0	-395.979797464	395.979797464	1550088069.08	-189	201	-189	201
"359"	1	1	1	7	0	0	135	100	0	0	-395.979797464	395.979797464	1550088069.11	-198	210	-198	210
"360"	1	1	1	7	0	0	135	100	0	0	-395.979797464	395.979797464	1550088069.15	-205	216	-205	216
"361"	1	1	1	7	0	0	135	100	0	0	-395.979797464	395.979797464	1550088069.18	-214	222	-214	222
"362"	1	1	1	7	0	0	135	100	0	0	-395.979797464	395.979797464	1550088069.21	-222	227	-222	227
"363"	1	1	1	7	0	0	135	100	0	0	-395.979797464	395.979797464	1550088069.25	-228	231	-228	231
"364"	1	1	1	7	0	0	135	100	0	0	-395.979797464	395.979797464	1550088069.28	-234	236	-234	236
"365"	1	1	1	7	0	0	135	100	0	0	-395.979797464	395.979797464	1550088069.31	-239	241	-239	241
"366"	1	1	1	7	0	0	135	100	0	0	-395.979797464	395.979797464	1550088069.35	-244	247	-244	247
"367"	1	1	1	7	0	0	135	100	0	0	-395.979797464	395.979797464	1550088069.38	-249	253	-249	253
"368"	1	1	1	7	0	0	135	100	0	0	-395.979797464	395.979797464	1550088069.41	-258	261	-258	261
"369"	1	1	1	7	0	0	135	100	0	0	-395.979797464	395.979797464	1550088069.45	-268	273	-268	273
"370"	1	1	1	7	0	0	135	100	0	0	-395.979797464	395.979797464	1550088069.48	-277	284	-277	284
"371"	1	1	1	7	0	0	135	100	0	0	-395.979797464	395.979797464	1550088069.51	-289	296	-289	296
"372"	1	1	1	7	0	0	135	100	0	0	-395.979797464	395.979797464	1550088069.55	-302	309	-302	309
"373"	1	1	1	7	0	0	135	100	0	0	-395.979797464	395.979797464	1550088069.58	-315	319	-315	319
"374"	1	1	1	7	0	0	135	100	0	0	-395.979797464	395.979797464	1550088069.61	-326	328	-326	328
"375"	1	1	1	7	0	0	135	100	0	0	-395.979797464	395.979797464	1550088069.65	-339	338	-339	338
"376"	1	1	1	7	0	0	135	100	0	0	-395.979797464	395.979797464	1550088069.68	-351	349	-351	349
"377"	1	1	1	7	0	0	135	100	0	0	-395.979797464	395.979797464	1550088069.71	-360	359	-360	359
"378"	1	1	1	7	0	0	135	100	0	0	-395.979797464	395.979797464	1550088069.75	-370	368	-370	368
"379"	1	1	1	7	0	0	135	100	0	0	-395.979797464	395.979797464	1550088069.78	-379	377	-379	377
"380"	1	1	1	7	0	0	135	100	0	0	-395.979797464	395.979797464	1550088069.81	-385	384	-385	384
"381"	1	1	1	7	0	0	135	100	0	0	-395.979797464	395.979797464	1550088069.85	-391	392	-391	392
"382"	1	1	1	7	0	0	135	100	0	0	-395.979797464	395.979797464	1550088069.88	-395	397	-395	397
"383"	1	1	1	7	0	0	135	100	0	0	-395.979797464	395.979797464	1550088069.91	-398	403	-398	403
"384"	1	1	1	7	0	0	135	100	0	0	-395.979797464	395.979797464	1550088069.95	-401	407	-401	407
"385"	1	1	1	7	0	0	135	100	0	0	-395.979797464	395.979797464	1550088069.98	-402	409	-402	409
"386"	1	1	1	7	0	0	135	100	0	0	-395.979797464	395.979797464	1550088070.01	-403	410	-403	410
"387"	1	1	1	7	0	0	135	100	0	0	-395.979797464	395.979797464	1550088070.05	-403	411	-403	411
"388"	1	1	1	7	0	0	135	100	0	0	-395.979797464	395.979797464	1550088070.08	-403	411	-403	411
"389"	1	1	1	7	0	0	135	100	0	0	-395.979797464	395.979797464	1550088070.11	-403	411	-403	411
"390"	1	1	1	7	0	0	135	100	0	0	-395.979797464	395.979797464	1550088070.15	-403	411	-403	411
"391"	1	1	1	7	0	0	135	100	0	0	-395.979797464	395.979797464	1550088070.18	-403	411	-403	411
"392"	1	1	1	7	0	0	135	100	0	0	-395.979797464	395.979797464	1550088070.21	-401	410	-401	410
"393"	1	1	1	7	0	0	135	100	0	0	-395.979797464	395.979797464	1550088070.25	-399	408	-399	408
"394"	1	1	1	7	0	0	135	100	0	0	-395.979797464	395.979797464	1550088070.28	-397	405	-397	405
"395"	1	1	1	7	0	0	135	100	0	0	-395.979797464	395.979797464	1550088070.31	-396	402	-396	402
"396"	1	1	1	7	0	0	135	100	0	0	-395.979797464	395.979797464	1550088070.35	-395	401	-395	401
"397"	1	1	1	8	0	0	45	100	0	0	395.979797464	395.979797464	1550088071.96	6	-8	6	-8
"398"	1	1	1	8	0	0	45	100	0	0	395.979797464	395.979797464	1550088071.98	7	-6	7	-6
"399"	1	1	1	8	0	0	45	100	0	0	395.979797464	395.979797464	1550088072.02	6	-2	6	-2
"400"	1	1	1	8	0	0	45	100	0	0	395.979797464	395.979797464	1550088072.05	4	4	4	4
"401"	1	1	1	8	0	0	45	100	0	0	395.979797464	395.979797464	1550088072.08	3	5	3	5
"402"	1	1	1	8	0	0	45	100	0	0	395.979797464	395.979797464	1550088072.12	3	6	3	6
"403"	1	1	1	8	0	0	45	100	0	0	395.979797464	395.979797464	1550088072.15	3	7	3	7
"404"	1	1	1	8	0	0	45	100	0	0	395.979797464	395.979797464	1550088072.18	3	8	3	8
"405"	1	1	1	8	0	0	45	100	0	0	395.979797464	395.979797464	1550088072.22	3	8	3	8
"406"	1	1	1	8	0	0	45	100	0	0	395.979797464	395.979797464	1550088072.25	3	8	3	8
"407"	1	1	1	8	0	0	45	100	0	0	395.979797464	395.979797464	1550088072.28	3	8	3	8
"408"	1	1	1	8	0	0	45	100	0	0	395.979797464	395.979797464	1550088072.32	3	8	3	8
"409"	1	1	1	8	0	0	45	100	0	0	395.979797464	395.979797464	1550088072.35	5	7	5	7
"410"	1	1	1	8	0	0	45	100	0	0	395.979797464	395.979797464	1550088072.38	6	7	6	7
"411"	1	1	1	8	0	0	45	100	0	0	395.979797464	395.979797464	1550088072.42	6	8	6	8
"412"	1	1	1	8	0	0	45	100	0	0	395.979797464	395.979797464	1550088072.45	7	9	7	9
"413"	1	1	1	8	0	0	45	100	0	0	395.979797464	395.979797464	1550088072.48	8	10	8	10
"414"	1	1	1	8	0	0	45	100	0	0	395.979797464	395.979797464	1550088072.52	10	11	10	11
"415"	1	1	1	8	0	0	45	100	0	0	395.979797464	395.979797464	1550088072.55	16	14	16	14
"416"	1	1	1	8	0	0	45	100	0	0	395.979797464	395.979797464	1550088072.58	30	22	30	22
"417"	1	1	1	8	0	0	45	100	0	0	395.979797464	395.979797464	1550088072.62	63	46	63	46
"418"	1	1	1	8	0	0	45	100	0	0	395.979797464	395.979797464	1550088072.65	103	76	103	76
"419"	1	1	1	8	0	0	45	100	0	0	395.979797464	395.979797464	1550088072.68	148	113	148	113
"420"	1	1	1	8	0	0	45	100	0	0	395.979797464	395.979797464	1550088072.72	187	145	187	145
"421"	1	1	1	8	0	0	45	100	0	0	395.979797464	395.979797464	1550088072.75	228	180	228	180
"422"	1	1	1	8	0	0	45	100	0	0	395.979797464	395.979797464	1550088072.78	263	208	263	208
"423"	1	1	1	8	0	0	45	100	0	0	395.979797464	395.979797464	1550088072.82	291	229	291	229
"424"	1	1	1	8	0	0	45	100	0	0	395.979797464	395.979797464	1550088072.85	323	249	323	249
"425"	1	1	1	8	0	0	45	100	0	0	395.979797464	395.979797464	1550088072.88	350	268	350	268
"426"	1	1	1	8	0	0	45	100	0	0	395.979797464	395.979797464	1550088072.92	374	285	374	285
"427"	1	1	1	8	0	0	45	100	0	0	395.979797464	395.979797464	1550088072.95	392	302	392	302
"428"	1	1	1	8	0	0	45	100	0	0	395.979797464	395.979797464	1550088072.98	413	322	413	322
"429"	1	1	1	8	0	0	45	100	0	0	395.979797464	395.979797464	1550088073.02	427	335	427	335
"430"	1	1	1	8	0	0	45	100	0	0	395.979797464	395.979797464	1550088073.05	437	347	437	347
"431"	1	1	1	8	0	0	45	100	0	0	395.979797464	395.979797464	1550088073.08	443	360	443	360
"432"	1	1	1	8	0	0	45	100	0	0	395.979797464	395.979797464	1550088073.12	446	367	446	367
"433"	1	1	1	8	0	0	45	100	0	0	395.979797464	395.979797464	1550088073.15	446	372	446	372
"434"	1	1	1	8	0	0	45	100	0	0	395.979797464	395.979797464	1550088073.18	444	378	444	378
"435"	1	1	1	8	0	0	45	100	0	0	395.979797464	395.979797464	1550088073.22	441	382	441	382
"436"	1	1	1	8	0	0	45	100	0	0	395.979797464	395.979797464	1550088073.25	438	384	438	384
"437"	1	1	1	8	0	0	45	100	0	0	395.979797464	395.979797464	1550088073.28	435	386	435	386
"438"	1	1	1	8	0	0	45	100	0	0	395.979797464	395.979797464	1550088073.32	429	388	429	388
"439"	1	1	1	8	0	0	45	100	0	0	395.979797464	395.979797464	1550088073.35	421	388	421	388
"440"	1	1	1	8	0	0	45	100	0	0	395.979797464	395.979797464	1550088073.38	415	388	415	388
"441"	1	1	1	8	0	0	45	100	0	0	395.979797464	395.979797464	1550088073.42	409	388	409	388
"442"	1	1	1	8	0	0	45	100	0	0	395.979797464	395.979797464	1550088073.45	408	388	408	388
"443"	1	1	1	8	0	0	45	100	0	0	395.979797464	395.979797464	1550088073.48	406	388	406	388
"444"	1	1	1	9	0	0	90	100	0	0	3.42901103761e-14	560	1550088075.06	-10	8	-10	8
"445"	1	1	1	9	0	0	90	100	0	0	3.42901103761e-14	560	1550088075.08	-10	8	-10	8
"446"	1	1	1	9	0	0	90	100	0	0	3.42901103761e-14	560	1550088075.12	-10	8	-10	8
"447"	1	1	1	9	0	0	90	100	0	0	3.42901103761e-14	560	1550088075.15	-9	4	-9	4
"448"	1	1	1	9	0	0	90	100	0	0	3.42901103761e-14	560	1550088075.19	-8	1	-8	1
"449"	1	1	1	9	0	0	90	100	0	0	3.42901103761e-14	560	1550088075.22	-8	1	-8	1
"450"	1	1	1	9	0	0	90	100	0	0	3.42901103761e-14	560	1550088075.25	-8	1	-8	1
"451"	1	1	1	9	0	0	90	100	0	0	3.42901103761e-14	560	1550088075.29	-7	0	-7	0
"452"	1	1	1	9	0	0	90	100	0	0	3.42901103761e-14	560	1550088075.32	-6	-1	-6	-1
"453"	1	1	1	9	0	0	90	100	0	0	3.42901103761e-14	560	1550088075.35	-6	-1	-6	-1
"454"	1	1	1	9	0	0	90	100	0	0	3.42901103761e-14	560	1550088075.39	-6	-1	-6	-1
"455"	1	1	1	9	0	0	90	100	0	0	3.42901103761e-14	560	1550088075.42	-6	-1	-6	-1
"456"	1	1	1	9	0	0	90	100	0	0	3.42901103761e-14	560	1550088075.45	-6	-1	-6	-1
"457"	1	1	1	9	0	0	90	100	0	0	3.42901103761e-14	560	1550088075.49	-6	-1	-6	-1
"458"	1	1	1	9	0	0	90	100	0	0	3.42901103761e-14	560	1550088075.52	-7	3	-7	3
"459"	1	1	1	9	0	0	90	100	0	0	3.42901103761e-14	560	1550088075.55	-7	11	-7	11
"460"	1	1	1	9	0	0	90	100	0	0	3.42901103761e-14	560	1550088075.59	-7	20	-7	20
"461"	1	1	1	9	0	0	90	100	0	0	3.42901103761e-14	560	1550088075.62	-6	34	-6	34
"462"	1	1	1	9	0	0	90	100	0	0	3.42901103761e-14	560	1550088075.65	-4	47	-4	47
"463"	1	1	1	9	0	0	90	100	0	0	3.42901103761e-14	560	1550088075.69	-2	66	-2	66
"464"	1	1	1	9	0	0	90	100	0	0	3.42901103761e-14	560	1550088075.72	1	92	1	92
"465"	1	1	1	9	0	0	90	100	0	0	3.42901103761e-14	560	1550088075.75	5	115	5	115
"466"	1	1	1	9	0	0	90	100	0	0	3.42901103761e-14	560	1550088075.79	8	136	8	136
"467"	1	1	1	9	0	0	90	100	0	0	3.42901103761e-14	560	1550088075.82	10	158	10	158
"468"	1	1	1	9	0	0	90	100	0	0	3.42901103761e-14	560	1550088075.85	11	186	11	186
"469"	1	1	1	9	0	0	90	100	0	0	3.42901103761e-14	560	1550088075.89	12	214	12	214
"470"	1	1	1	9	0	0	90	100	0	0	3.42901103761e-14	560	1550088075.92	14	241	14	241
"471"	1	1	1	9	0	0	90	100	0	0	3.42901103761e-14	560	1550088075.95	18	273	18	273
"472"	1	1	1	9	0	0	90	100	0	0	3.42901103761e-14	560	1550088075.99	19	305	19	305
"473"	1	1	1	9	0	0	90	100	0	0	3.42901103761e-14	560	1550088076.02	19	338	19	338
"474"	1	1	1	9	0	0	90	100	0	0	3.42901103761e-14	560	1550088076.05	18	364	18	364
"475"	1	1	1	9	0	0	90	100	0	0	3.42901103761e-14	560	1550088076.09	14	391	14	391
"476"	1	1	1	9	0	0	90	100	0	0	3.42901103761e-14	560	1550088076.12	10	414	10	414
"477"	1	1	1	9	0	0	90	100	0	0	3.42901103761e-14	560	1550088076.15	8	432	8	432
"478"	1	1	1	9	0	0	90	100	0	0	3.42901103761e-14	560	1550088076.19	5	447	5	447
"479"	1	1	1	9	0	0	90	100	0	0	3.42901103761e-14	560	1550088076.22	3	459	3	459
"480"	1	1	1	9	0	0	90	100	0	0	3.42901103761e-14	560	1550088076.25	2	471	2	471
"481"	1	1	1	9	0	0	90	100	0	0	3.42901103761e-14	560	1550088076.29	0	481	0	481
"482"	1	1	1	9	0	0	90	100	0	0	3.42901103761e-14	560	1550088076.32	0	489	0	489
"483"	1	1	1	9	0	0	90	100	0	0	3.42901103761e-14	560	1550088076.35	1	496	1	496
"484"	1	1	1	9	0	0	90	100	0	0	3.42901103761e-14	560	1550088076.39	2	503	2	503
"485"	1	1	1	9	0	0	90	100	0	0	3.42901103761e-14	560	1550088076.42	3	512	3	512
"486"	1	1	1	9	0	0	90	100	0	0	3.42901103761e-14	560	1550088076.45	4	517	4	517
"487"	1	1	1	9	0	0	90	100	0	0	3.42901103761e-14	560	1550088076.49	4	520	4	520
"488"	1	1	1	9	0	0	90	100	0	0	3.42901103761e-14	560	1550088076.52	4	525	4	525
"489"	1	1	1	9	0	0	90	100	0	0	3.42901103761e-14	560	1550088076.55	4	531	4	531
"490"	1	1	1	9	0	0	90	100	0	0	3.42901103761e-14	560	1550088076.59	5	535	5	535
"491"	1	1	1	9	0	0	90	100	0	0	3.42901103761e-14	560	1550088076.62	6	539	6	539
"492"	1	1	1	9	0	0	90	100	0	0	3.42901103761e-14	560	1550088076.65	6	544	6	544
"493"	1	1	1	9	0	0	90	100	0	0	3.42901103761e-14	560	1550088076.69	6	547	6	547
