"task_num"	"task_name"	"trial_type"	"trial_num"	"terminalfeedback_bool"	"rotation_angle"	"targetangle_deg"	"targetdistance_percmax"	"homex_px"	"homey_px"	"targetx_px"	"targety_px"	"time_s"	"mousex_px"	"mousey_px"	"cursorx_px"	"cursory_px"
1	"1"	"1"	1	FALSE	0	135	100	0	0	-395.979797464	395.979797464	29.7835869789	-13	3	-13	3
1	"1"	"1"	1	FALSE	0	135	100	0	0	-395.979797464	395.979797464	29.8166048527	-12	3	-12	3
1	"1"	"1"	1	FALSE	0	135	100	0	0	-395.979797464	395.979797464	29.8502399921	-12	3	-12	3
1	"1"	"1"	1	FALSE	0	135	100	0	0	-395.979797464	395.979797464	29.8833298683	-12	3	-12	3
1	"1"	"1"	1	FALSE	0	135	100	0	0	-395.979797464	395.979797464	29.9170050621	-12	3	-12	3
1	"1"	"1"	1	FALSE	0	135	100	0	0	-395.979797464	395.979797464	29.9504330158	-10	3	-10	3
1	"1"	"1"	1	FALSE	0	135	100	0	0	-395.979797464	395.979797464	29.9833798409	-9	2	-9	2
1	"1"	"1"	1	FALSE	0	135	100	0	0	-395.979797464	395.979797464	30.0171170235	-7	2	-7	2
1	"1"	"1"	1	FALSE	0	135	100	0	0	-395.979797464	395.979797464	30.050495863	-4	2	-4	2
1	"1"	"1"	1	FALSE	0	135	100	0	0	-395.979797464	395.979797464	30.0838088989	-1	3	-1	3
1	"1"	"1"	1	FALSE	0	135	100	0	0	-395.979797464	395.979797464	30.1165349483	-1	3	-1	3
1	"1"	"1"	1	FALSE	0	135	100	0	0	-395.979797464	395.979797464	30.1505699158	1	3	1	3
1	"1"	"1"	1	FALSE	0	135	100	0	0	-395.979797464	395.979797464	30.1840548515	1	2	1	2
1	"1"	"1"	1	FALSE	0	135	100	0	0	-395.979797464	395.979797464	30.2172319889	1	2	1	2
1	"1"	"1"	1	FALSE	0	135	100	0	0	-395.979797464	395.979797464	30.2504198551	1	2	1	2
1	"1"	"1"	1	FALSE	0	135	100	0	0	-395.979797464	395.979797464	30.2836229801	1	2	1	2
1	"1"	"1"	1	FALSE	0	135	100	0	0	-395.979797464	395.979797464	30.3172888756	1	2	1	2
1	"1"	"1"	1	FALSE	0	135	100	0	0	-395.979797464	395.979797464	30.3501608372	1	2	1	2
1	"1"	"1"	1	FALSE	0	135	100	0	0	-395.979797464	395.979797464	30.3840708733	1	2	1	2
1	"1"	"1"	1	FALSE	0	135	100	0	0	-395.979797464	395.979797464	30.4174630642	1	2	1	2
1	"1"	"1"	1	FALSE	0	135	100	0	0	-395.979797464	395.979797464	30.4501209259	1	2	1	2
1	"1"	"1"	1	FALSE	0	135	100	0	0	-395.979797464	395.979797464	30.4841918945	1	2	1	2
1	"1"	"1"	1	FALSE	0	135	100	0	0	-395.979797464	395.979797464	30.5173418522	1	2	1	2
1	"1"	"1"	1	FALSE	0	135	100	0	0	-395.979797464	395.979797464	30.5509278774	1	2	1	2
1	"1"	"1"	1	FALSE	0	135	100	0	0	-395.979797464	395.979797464	30.5842130184	1	2	1	2
1	"1"	"1"	1	FALSE	0	135	100	0	0	-395.979797464	395.979797464	30.6172230244	1	2	1	2
1	"1"	"1"	1	FALSE	0	135	100	0	0	-395.979797464	395.979797464	30.6508688927	0	3	0	3
1	"1"	"1"	1	FALSE	0	135	100	0	0	-395.979797464	395.979797464	30.6836969852	-2	5	-2	5
1	"1"	"1"	1	FALSE	0	135	100	0	0	-395.979797464	395.979797464	30.7176220417	-6	8	-6	8
1	"1"	"1"	1	FALSE	0	135	100	0	0	-395.979797464	395.979797464	30.7510950565	-10	14	-10	14
1	"1"	"1"	1	FALSE	0	135	100	0	0	-395.979797464	395.979797464	30.7844378948	-19	21	-19	21
1	"1"	"1"	1	FALSE	0	135	100	0	0	-395.979797464	395.979797464	30.8176980019	-27	28	-27	28
1	"1"	"1"	1	FALSE	0	135	100	0	0	-395.979797464	395.979797464	30.850564003	-35	33	-35	33
1	"1"	"1"	1	FALSE	0	135	100	0	0	-395.979797464	395.979797464	30.8845229149	-47	41	-47	41
1	"1"	"1"	1	FALSE	0	135	100	0	0	-395.979797464	395.979797464	30.9177479744	-57	46	-57	46
1	"1"	"1"	1	FALSE	0	135	100	0	0	-395.979797464	395.979797464	30.9508068562	-68	53	-68	53
1	"1"	"1"	1	FALSE	0	135	100	0	0	-395.979797464	395.979797464	30.9841258526	-80	61	-80	61
1	"1"	"1"	1	FALSE	0	135	100	0	0	-395.979797464	395.979797464	31.0179209709	-92	69	-92	69
1	"1"	"1"	1	FALSE	0	135	100	0	0	-395.979797464	395.979797464	31.0510678291	-107	76	-107	76
1	"1"	"1"	1	FALSE	0	135	100	0	0	-395.979797464	395.979797464	31.0847489834	-120	83	-120	83
1	"1"	"1"	1	FALSE	0	135	100	0	0	-395.979797464	395.979797464	31.1180958748	-137	91	-137	91
1	"1"	"1"	1	FALSE	0	135	100	0	0	-395.979797464	395.979797464	31.1513450146	-155	97	-155	97
1	"1"	"1"	1	FALSE	0	135	100	0	0	-395.979797464	395.979797464	31.1844170094	-172	104	-172	104
1	"1"	"1"	1	FALSE	0	135	100	0	0	-395.979797464	395.979797464	31.2180929184	-187	109	-187	109
1	"1"	"1"	1	FALSE	0	135	100	0	0	-395.979797464	395.979797464	31.2514140606	-200	114	-200	114
1	"1"	"1"	1	FALSE	0	135	100	0	0	-395.979797464	395.979797464	31.2845449448	-215	119	-215	119
1	"1"	"1"	1	FALSE	0	135	100	0	0	-395.979797464	395.979797464	31.3181569576	-228	124	-228	124
1	"1"	"1"	1	FALSE	0	135	100	0	0	-395.979797464	395.979797464	31.351544857	-239	130	-239	130
1	"1"	"1"	1	FALSE	0	135	100	0	0	-395.979797464	395.979797464	31.3842079639	-252	137	-252	137
1	"1"	"1"	1	FALSE	0	135	100	0	0	-395.979797464	395.979797464	31.4182858467	-265	146	-265	146
1	"1"	"1"	1	FALSE	0	135	100	0	0	-395.979797464	395.979797464	31.4515888691	-277	155	-277	155
1	"1"	"1"	1	FALSE	0	135	100	0	0	-395.979797464	395.979797464	31.4843919277	-288	162	-288	162
1	"1"	"1"	1	FALSE	0	135	100	0	0	-395.979797464	395.979797464	31.5182180405	-301	171	-301	171
1	"1"	"1"	1	FALSE	0	135	100	0	0	-395.979797464	395.979797464	31.5515918732	-313	181	-313	181
1	"1"	"1"	1	FALSE	0	135	100	0	0	-395.979797464	395.979797464	31.5849559307	-323	190	-323	190
1	"1"	"1"	1	FALSE	0	135	100	0	0	-395.979797464	395.979797464	31.6182179451	-333	201	-333	201
1	"1"	"1"	1	FALSE	0	135	100	0	0	-395.979797464	395.979797464	31.6513738632	-343	213	-343	213
1	"1"	"1"	1	FALSE	0	135	100	0	0	-395.979797464	395.979797464	31.684969902	-350	225	-350	225
1	"1"	"1"	1	FALSE	0	135	100	0	0	-395.979797464	395.979797464	31.7178230286	-358	236	-358	236
1	"1"	"1"	1	FALSE	0	135	100	0	0	-395.979797464	395.979797464	31.7518408298	-367	249	-367	249
1	"1"	"1"	1	FALSE	0	135	100	0	0	-395.979797464	395.979797464	31.7863788605	-376	262	-376	262
1	"1"	"1"	1	FALSE	0	135	100	0	0	-395.979797464	395.979797464	31.818174839	-382	271	-382	271
1	"1"	"1"	1	FALSE	0	135	100	0	0	-395.979797464	395.979797464	31.8513660431	-388	282	-388	282
1	"1"	"1"	1	FALSE	0	135	100	0	0	-395.979797464	395.979797464	31.8852570057	-394	291	-394	291
1	"1"	"1"	1	FALSE	0	135	100	0	0	-395.979797464	395.979797464	31.9185459614	-399	299	-399	299
1	"1"	"1"	1	FALSE	0	135	100	0	0	-395.979797464	395.979797464	31.951884985	-403	308	-403	308
1	"1"	"1"	1	FALSE	0	135	100	0	0	-395.979797464	395.979797464	31.9848029613	-406	319	-406	319
1	"1"	"1"	1	FALSE	0	135	100	0	0	-395.979797464	395.979797464	32.0186748505	-408	330	-408	330
1	"1"	"1"	1	FALSE	0	135	100	0	0	-395.979797464	395.979797464	32.0519719124	-409	339	-409	339
1	"1"	"1"	1	FALSE	0	135	100	0	0	-395.979797464	395.979797464	32.084774971	-410	349	-410	349
1	"1"	"1"	1	FALSE	0	135	100	0	0	-395.979797464	395.979797464	32.1186728477	-409	359	-409	359
1	"1"	"1"	1	FALSE	0	135	100	0	0	-395.979797464	395.979797464	32.1521379948	-407	367	-407	367
1	"1"	"1"	1	FALSE	0	135	100	0	0	-395.979797464	395.979797464	32.1850500107	-406	375	-406	375
1	"1"	"1"	1	FALSE	0	135	100	0	0	-395.979797464	395.979797464	32.2188298702	-405	381	-405	381
1	"1"	"1"	1	FALSE	0	135	100	0	0	-395.979797464	395.979797464	32.2520730495	-404	386	-404	386
1	"1"	"1"	1	FALSE	0	135	100	0	0	-395.979797464	395.979797464	32.2855238914	-403	390	-403	390
1	"1"	"1"	1	FALSE	0	135	100	0	0	-395.979797464	395.979797464	32.3187880516	-401	393	-401	393
1	"1"	"1"	1	FALSE	0	135	100	0	0	-395.979797464	395.979797464	32.3524048328	-401	395	-401	395
1	"1"	"1"	2	FALSE	0	45	100	0	0	395.979797464	395.979797464	0.00213289260864	2	3	2	3
1	"1"	"1"	2	FALSE	0	45	100	0	0	395.979797464	395.979797464	0.0261340141296	2	3	2	3
1	"1"	"1"	2	FALSE	0	45	100	0	0	395.979797464	395.979797464	0.0594620704651	1	3	1	3
1	"1"	"1"	2	FALSE	0	45	100	0	0	395.979797464	395.979797464	0.0927889347076	1	3	1	3
1	"1"	"1"	2	FALSE	0	45	100	0	0	395.979797464	395.979797464	0.126280069351	1	3	1	3
1	"1"	"1"	2	FALSE	0	45	100	0	0	395.979797464	395.979797464	0.159053087234	1	3	1	3
1	"1"	"1"	2	FALSE	0	45	100	0	0	395.979797464	395.979797464	0.19295501709	1	3	1	3
1	"1"	"1"	2	FALSE	0	45	100	0	0	395.979797464	395.979797464	0.226290941238	1	3	1	3
1	"1"	"1"	2	FALSE	0	45	100	0	0	395.979797464	395.979797464	0.259241104126	1	3	1	3
1	"1"	"1"	2	FALSE	0	45	100	0	0	395.979797464	395.979797464	0.293025016785	1	3	1	3
1	"1"	"1"	2	FALSE	0	45	100	0	0	395.979797464	395.979797464	0.326258897781	1	3	1	3
1	"1"	"1"	2	FALSE	0	45	100	0	0	395.979797464	395.979797464	0.359251022339	1	3	1	3
1	"1"	"1"	2	FALSE	0	45	100	0	0	395.979797464	395.979797464	0.393127918243	1	3	1	3
1	"1"	"1"	2	FALSE	0	45	100	0	0	395.979797464	395.979797464	0.426342010498	1	3	1	3
1	"1"	"1"	2	FALSE	0	45	100	0	0	395.979797464	395.979797464	0.459755897522	2	3	2	3
1	"1"	"1"	2	FALSE	0	45	100	0	0	395.979797464	395.979797464	0.492563962936	3	2	3	2
1	"1"	"1"	2	FALSE	0	45	100	0	0	395.979797464	395.979797464	0.526612043381	3	2	3	2
1	"1"	"1"	2	FALSE	0	45	100	0	0	395.979797464	395.979797464	0.559969902039	5	3	5	3
1	"1"	"1"	2	FALSE	0	45	100	0	0	395.979797464	395.979797464	0.592655897141	14	9	14	9
1	"1"	"1"	2	FALSE	0	45	100	0	0	395.979797464	395.979797464	0.626678943634	26	19	26	19
1	"1"	"1"	2	FALSE	0	45	100	0	0	395.979797464	395.979797464	0.66003203392	51	39	51	39
1	"1"	"1"	2	FALSE	0	45	100	0	0	395.979797464	395.979797464	0.692884922028	80	64	80	64
1	"1"	"1"	2	FALSE	0	45	100	0	0	395.979797464	395.979797464	0.726732969284	113	93	113	93
1	"1"	"1"	2	FALSE	0	45	100	0	0	395.979797464	395.979797464	0.760119915009	142	118	142	118
1	"1"	"1"	2	FALSE	0	45	100	0	0	395.979797464	395.979797464	0.79306602478	176	149	176	149
1	"1"	"1"	2	FALSE	0	45	100	0	0	395.979797464	395.979797464	0.826793909073	210	178	210	178
1	"1"	"1"	2	FALSE	0	45	100	0	0	395.979797464	395.979797464	0.860214948654	238	202	238	202
1	"1"	"1"	2	FALSE	0	45	100	0	0	395.979797464	395.979797464	0.893243074417	266	228	266	228
1	"1"	"1"	2	FALSE	0	45	100	0	0	395.979797464	395.979797464	0.926866054535	287	249	287	249
1	"1"	"1"	2	FALSE	0	45	100	0	0	395.979797464	395.979797464	0.960282087326	316	274	316	274
1	"1"	"1"	2	FALSE	0	45	100	0	0	395.979797464	395.979797464	0.993011951447	333	291	333	291
1	"1"	"1"	2	FALSE	0	45	100	0	0	395.979797464	395.979797464	1.02701711655	346	306	346	306
1	"1"	"1"	2	FALSE	0	45	100	0	0	395.979797464	395.979797464	1.06035089493	362	325	362	325
1	"1"	"1"	2	FALSE	0	45	100	0	0	395.979797464	395.979797464	1.09372496605	372	339	372	339
1	"1"	"1"	2	FALSE	0	45	100	0	0	395.979797464	395.979797464	1.12711405754	382	355	382	355
1	"1"	"1"	2	FALSE	0	45	100	0	0	395.979797464	395.979797464	1.16027808189	389	369	389	369
1	"1"	"1"	2	FALSE	0	45	100	0	0	395.979797464	395.979797464	1.19342398643	392	379	392	379
1	"1"	"1"	2	FALSE	0	45	100	0	0	395.979797464	395.979797464	1.22665596008	394	388	394	388
1	"1"	"1"	2	FALSE	0	45	100	0	0	395.979797464	395.979797464	1.26006889343	396	395	396	395
1	"1"	"1"	2	FALSE	0	45	100	0	0	395.979797464	395.979797464	1.29381394386	398	401	398	401
1	"1"	"1"	2	FALSE	0	45	100	0	0	395.979797464	395.979797464	1.32703304291	399	406	399	406
1	"1"	"1"	2	FALSE	0	45	100	0	0	395.979797464	395.979797464	1.35987210274	397	411	397	411
1	"1"	"1"	2	FALSE	0	45	100	0	0	395.979797464	395.979797464	1.3938639164	396	412	396	412
1	"1"	"1"	2	FALSE	0	45	100	0	0	395.979797464	395.979797464	1.42727208138	396	412	396	412
1	"1"	"1"	2	FALSE	0	45	100	0	0	395.979797464	395.979797464	1.46000003815	395	409	395	409
1	"1"	"1"	2	FALSE	0	45	100	0	0	395.979797464	395.979797464	1.49402403831	392	405	392	405
1	"1"	"1"	2	FALSE	0	45	100	0	0	395.979797464	395.979797464	1.52742099762	390	403	390	403
1	"1"	"1"	3	FALSE	0	90	100	0	0	3.42901103761e-14	560	0.00221800804138	2	-7	2	-7
1	"1"	"1"	3	FALSE	0	90	100	0	0	3.42901103761e-14	560	0.0223679542542	2	-7	2	-7
1	"1"	"1"	3	FALSE	0	90	100	0	0	3.42901103761e-14	560	0.0558469295502	2	-7	2	-7
1	"1"	"1"	3	FALSE	0	90	100	0	0	3.42901103761e-14	560	0.0890390872955	2	-7	2	-7
1	"1"	"1"	3	FALSE	0	90	100	0	0	3.42901103761e-14	560	0.122591972351	2	-7	2	-7
1	"1"	"1"	3	FALSE	0	90	100	0	0	3.42901103761e-14	560	0.155321121216	2	-7	2	-7
1	"1"	"1"	3	FALSE	0	90	100	0	0	3.42901103761e-14	560	0.189288139343	2	-6	2	-6
1	"1"	"1"	3	FALSE	0	90	100	0	0	3.42901103761e-14	560	0.222644090652	2	-4	2	-4
1	"1"	"1"	3	FALSE	0	90	100	0	0	3.42901103761e-14	560	0.25547504425	1	-4	1	-4
1	"1"	"1"	3	FALSE	0	90	100	0	0	3.42901103761e-14	560	0.289390087128	1	-4	1	-4
1	"1"	"1"	3	FALSE	0	90	100	0	0	3.42901103761e-14	560	0.322739124298	1	-4	1	-4
1	"1"	"1"	3	FALSE	0	90	100	0	0	3.42901103761e-14	560	0.356027126312	1	-4	1	-4
1	"1"	"1"	3	FALSE	0	90	100	0	0	3.42901103761e-14	560	0.389153003693	1	-4	1	-4
1	"1"	"1"	3	FALSE	0	90	100	0	0	3.42901103761e-14	560	0.4228079319	1	-4	1	-4
1	"1"	"1"	3	FALSE	0	90	100	0	0	3.42901103761e-14	560	0.456187963486	1	-3	1	-3
1	"1"	"1"	3	FALSE	0	90	100	0	0	3.42901103761e-14	560	0.488915920258	1	3	1	3
1	"1"	"1"	3	FALSE	0	90	100	0	0	3.42901103761e-14	560	0.522933959961	0	12	0	12
1	"1"	"1"	3	FALSE	0	90	100	0	0	3.42901103761e-14	560	0.556277036667	2	32	2	32
1	"1"	"1"	3	FALSE	0	90	100	0	0	3.42901103761e-14	560	0.588954925537	3	60	3	60
1	"1"	"1"	3	FALSE	0	90	100	0	0	3.42901103761e-14	560	0.623079061508	3	84	3	84
1	"1"	"1"	3	FALSE	0	90	100	0	0	3.42901103761e-14	560	0.656368017197	1	119	1	119
1	"1"	"1"	3	FALSE	0	90	100	0	0	3.42901103761e-14	560	0.689764022827	-1	146	-1	146
1	"1"	"1"	3	FALSE	0	90	100	0	0	3.42901103761e-14	560	0.723091125488	-3	178	-3	178
1	"1"	"1"	3	FALSE	0	90	100	0	0	3.42901103761e-14	560	0.756431102753	-3	211	-3	211
1	"1"	"1"	3	FALSE	0	90	100	0	0	3.42901103761e-14	560	0.789139032364	-2	238	-2	238
1	"1"	"1"	3	FALSE	0	90	100	0	0	3.42901103761e-14	560	0.823183059692	-2	266	-2	266
1	"1"	"1"	3	FALSE	0	90	100	0	0	3.42901103761e-14	560	0.858422040939	-2	292	-2	292
1	"1"	"1"	3	FALSE	0	90	100	0	0	3.42901103761e-14	560	0.889838933945	-1	313	-1	313
1	"1"	"1"	3	FALSE	0	90	100	0	0	3.42901103761e-14	560	0.923010110855	2	337	2	337
1	"1"	"1"	3	FALSE	0	90	100	0	0	3.42901103761e-14	560	0.956455945969	6	360	6	360
1	"1"	"1"	3	FALSE	0	90	100	0	0	3.42901103761e-14	560	0.989862918854	7	381	7	381
1	"1"	"1"	3	FALSE	0	90	100	0	0	3.42901103761e-14	560	1.02334213257	8	393	8	393
1	"1"	"1"	3	FALSE	0	90	100	0	0	3.42901103761e-14	560	1.05617213249	10	409	10	409
1	"1"	"1"	3	FALSE	0	90	100	0	0	3.42901103761e-14	560	1.08995890617	11	424	11	424
1	"1"	"1"	3	FALSE	0	90	100	0	0	3.42901103761e-14	560	1.12334609032	11	435	11	435
1	"1"	"1"	3	FALSE	0	90	100	0	0	3.42901103761e-14	560	1.1560459137	10	448	10	448
1	"1"	"1"	3	FALSE	0	90	100	0	0	3.42901103761e-14	560	1.19013094902	9	458	9	458
1	"1"	"1"	3	FALSE	0	90	100	0	0	3.42901103761e-14	560	1.22350692749	7	470	7	470
1	"1"	"1"	3	FALSE	0	90	100	0	0	3.42901103761e-14	560	1.25653910637	6	479	6	479
1	"1"	"1"	3	FALSE	0	90	100	0	0	3.42901103761e-14	560	1.29009795189	4	490	4	490
1	"1"	"1"	3	FALSE	0	90	100	0	0	3.42901103761e-14	560	1.32322502136	2	499	2	499
1	"1"	"1"	3	FALSE	0	90	100	0	0	3.42901103761e-14	560	1.35680198669	0	507	0	507
1	"1"	"1"	3	FALSE	0	90	100	0	0	3.42901103761e-14	560	1.39027094841	-1	515	-1	515
1	"1"	"1"	3	FALSE	0	90	100	0	0	3.42901103761e-14	560	1.42296695709	-3	521	-3	521
1	"1"	"1"	3	FALSE	0	90	100	0	0	3.42901103761e-14	560	1.4569671154	-5	528	-5	528
1	"1"	"1"	3	FALSE	0	90	100	0	0	3.42901103761e-14	560	1.49026298523	-6	535	-6	535
1	"1"	"1"	3	FALSE	0	90	100	0	0	3.42901103761e-14	560	1.52318406105	-6	541	-6	541
1	"1"	"1"	3	FALSE	0	90	100	0	0	3.42901103761e-14	560	1.55703806877	-7	546	-7	546
1	"1"	"1"	3	FALSE	0	90	100	0	0	3.42901103761e-14	560	1.59039711952	-7	550	-7	550
1	"1"	"1"	3	FALSE	0	90	100	0	0	3.42901103761e-14	560	1.62319898605	-6	553	-6	553
1	"1"	"1"	3	FALSE	0	90	100	0	0	3.42901103761e-14	560	1.65722107887	-6	557	-6	557
1	"1"	"1"	3	FALSE	0	90	100	0	0	3.42901103761e-14	560	1.690513134	-6	562	-6	562
1	"1"	"1"	3	FALSE	0	90	100	0	0	3.42901103761e-14	560	1.72377896309	-6	564	-6	564
1	"1"	"1"	4	FALSE	0	90	100	0	0	3.42901103761e-14	560	0.00156593322754	2	2	2	2
1	"1"	"1"	4	FALSE	0	90	100	0	0	3.42901103761e-14	560	0.0225191116333	1	1	1	1
1	"1"	"1"	4	FALSE	0	90	100	0	0	3.42901103761e-14	560	0.0559270381927	1	0	1	0
1	"1"	"1"	4	FALSE	0	90	100	0	0	3.42901103761e-14	560	0.0887911319733	1	0	1	0
1	"1"	"1"	4	FALSE	0	90	100	0	0	3.42901103761e-14	560	0.122874975204	2	-1	2	-1
1	"1"	"1"	4	FALSE	0	90	100	0	0	3.42901103761e-14	560	0.156131982803	2	-1	2	-1
1	"1"	"1"	4	FALSE	0	90	100	0	0	3.42901103761e-14	560	0.189373970032	2	-1	2	-1
1	"1"	"1"	4	FALSE	0	90	100	0	0	3.42901103761e-14	560	0.222301959991	2	-1	2	-1
1	"1"	"1"	4	FALSE	0	90	100	0	0	3.42901103761e-14	560	0.255995988846	2	-1	2	-1
1	"1"	"1"	4	FALSE	0	90	100	0	0	3.42901103761e-14	560	0.289577007294	2	-1	2	-1
1	"1"	"1"	4	FALSE	0	90	100	0	0	3.42901103761e-14	560	0.322351932526	2	-1	2	-1
1	"1"	"1"	4	FALSE	0	90	100	0	0	3.42901103761e-14	560	0.356351137161	2	0	2	0
1	"1"	"1"	4	FALSE	0	90	100	0	0	3.42901103761e-14	560	0.389641046524	2	3	2	3
1	"1"	"1"	4	FALSE	0	90	100	0	0	3.42901103761e-14	560	0.42271399498	2	11	2	11
1	"1"	"1"	4	FALSE	0	90	100	0	0	3.42901103761e-14	560	0.456262111664	3	23	3	23
1	"1"	"1"	4	FALSE	0	90	100	0	0	3.42901103761e-14	560	0.489784002304	5	48	5	48
1	"1"	"1"	4	FALSE	0	90	100	0	0	3.42901103761e-14	560	0.522490024567	6	75	6	75
1	"1"	"1"	4	FALSE	0	90	100	0	0	3.42901103761e-14	560	0.556496143341	5	101	5	101
1	"1"	"1"	4	FALSE	0	90	100	0	0	3.42901103761e-14	560	0.589803934097	3	134	3	134
1	"1"	"1"	4	FALSE	0	90	100	0	0	3.42901103761e-14	560	0.623093128204	2	168	2	168
1	"1"	"1"	4	FALSE	0	90	100	0	0	3.42901103761e-14	560	0.656448125839	1	203	1	203
1	"1"	"1"	4	FALSE	0	90	100	0	0	3.42901103761e-14	560	0.689940929413	0	234	0	234
1	"1"	"1"	4	FALSE	0	90	100	0	0	3.42901103761e-14	560	0.723025083542	-2	270	-2	270
1	"1"	"1"	4	FALSE	0	90	100	0	0	3.42901103761e-14	560	0.756546020508	-2	303	-2	303
1	"1"	"1"	4	FALSE	0	90	100	0	0	3.42901103761e-14	560	0.789920091629	1	330	1	330
1	"1"	"1"	4	FALSE	0	90	100	0	0	3.42901103761e-14	560	0.822687149048	2	357	2	357
1	"1"	"1"	4	FALSE	0	90	100	0	0	3.42901103761e-14	560	0.856678962708	4	383	4	383
1	"1"	"1"	4	FALSE	0	90	100	0	0	3.42901103761e-14	560	0.890067100525	5	406	5	406
1	"1"	"1"	4	FALSE	0	90	100	0	0	3.42901103761e-14	560	0.922829151154	5	422	5	422
1	"1"	"1"	4	FALSE	0	90	100	0	0	3.42901103761e-14	560	0.956866979599	7	437	7	437
1	"1"	"1"	4	FALSE	0	90	100	0	0	3.42901103761e-14	560	0.990143060684	10	454	10	454
1	"1"	"1"	4	FALSE	0	90	100	0	0	3.42901103761e-14	560	1.0228600502	9	467	9	467
1	"1"	"1"	4	FALSE	0	90	100	0	0	3.42901103761e-14	560	1.05689692497	6	482	6	482
1	"1"	"1"	4	FALSE	0	90	100	0	0	3.42901103761e-14	560	1.0901761055	4	496	4	496
1	"1"	"1"	4	FALSE	0	90	100	0	0	3.42901103761e-14	560	1.12367391586	3	506	3	506
1	"1"	"1"	4	FALSE	0	90	100	0	0	3.42901103761e-14	560	1.15652799606	2	516	2	516
1	"1"	"1"	4	FALSE	0	90	100	0	0	3.42901103761e-14	560	1.19038200378	0	526	0	526
1	"1"	"1"	4	FALSE	0	90	100	0	0	3.42901103761e-14	560	1.2235660553	-3	535	-3	535
1	"1"	"1"	4	FALSE	0	90	100	0	0	3.42901103761e-14	560	1.25659012794	-5	543	-5	543
1	"1"	"1"	4	FALSE	0	90	100	0	0	3.42901103761e-14	560	1.28971409798	-5	549	-5	549
1	"1"	"1"	4	FALSE	0	90	100	0	0	3.42901103761e-14	560	1.32396602631	-5	554	-5	554
1	"1"	"1"	4	FALSE	0	90	100	0	0	3.42901103761e-14	560	1.35707211494	-5	558	-5	558
1	"1"	"1"	4	FALSE	0	90	100	0	0	3.42901103761e-14	560	1.39052009583	-6	562	-6	562
1	"1"	"1"	4	FALSE	0	90	100	0	0	3.42901103761e-14	560	1.42378401756	-7	564	-7	564
1	"1"	"1"	5	FALSE	0	45	100	0	0	395.979797464	395.979797464	0.0016770362854	5	-4	5	-4
1	"1"	"1"	5	FALSE	0	45	100	0	0	395.979797464	395.979797464	0.022527217865	5	-4	5	-4
1	"1"	"1"	5	FALSE	0	45	100	0	0	395.979797464	395.979797464	0.0561389923096	5	-4	5	-4
1	"1"	"1"	5	FALSE	0	45	100	0	0	395.979797464	395.979797464	0.0894570350647	5	-3	5	-3
1	"1"	"1"	5	FALSE	0	45	100	0	0	395.979797464	395.979797464	0.122860193253	6	-1	6	-1
1	"1"	"1"	5	FALSE	0	45	100	0	0	395.979797464	395.979797464	0.156201124191	6	0	6	0
1	"1"	"1"	5	FALSE	0	45	100	0	0	395.979797464	395.979797464	0.189424037933	6	0	6	0
1	"1"	"1"	5	FALSE	0	45	100	0	0	395.979797464	395.979797464	0.222877025604	6	0	6	0
1	"1"	"1"	5	FALSE	0	45	100	0	0	395.979797464	395.979797464	0.256282091141	6	0	6	0
1	"1"	"1"	5	FALSE	0	45	100	0	0	395.979797464	395.979797464	0.289655208588	6	0	6	0
1	"1"	"1"	5	FALSE	0	45	100	0	0	395.979797464	395.979797464	0.322849988937	6	0	6	0
1	"1"	"1"	5	FALSE	0	45	100	0	0	395.979797464	395.979797464	0.356273174286	6	0	6	0
1	"1"	"1"	5	FALSE	0	45	100	0	0	395.979797464	395.979797464	0.389726161957	8	3	8	3
1	"1"	"1"	5	FALSE	0	45	100	0	0	395.979797464	395.979797464	0.423062086105	16	12	16	12
1	"1"	"1"	5	FALSE	0	45	100	0	0	395.979797464	395.979797464	0.456403017044	35	32	35	32
1	"1"	"1"	5	FALSE	0	45	100	0	0	395.979797464	395.979797464	0.489805221558	61	63	61	63
1	"1"	"1"	5	FALSE	0	45	100	0	0	395.979797464	395.979797464	0.523079156876	86	92	86	92
1	"1"	"1"	5	FALSE	0	45	100	0	0	395.979797464	395.979797464	0.55655002594	117	129	117	129
1	"1"	"1"	5	FALSE	0	45	100	0	0	395.979797464	395.979797464	0.589888095856	148	168	148	168
1	"1"	"1"	5	FALSE	0	45	100	0	0	395.979797464	395.979797464	0.623194217682	173	199	173	199
1	"1"	"1"	5	FALSE	0	45	100	0	0	395.979797464	395.979797464	0.656357049942	198	230	198	230
1	"1"	"1"	5	FALSE	0	45	100	0	0	395.979797464	395.979797464	0.68983912468	223	257	223	257
1	"1"	"1"	5	FALSE	0	45	100	0	0	395.979797464	395.979797464	0.72319316864	244	281	244	281
1	"1"	"1"	5	FALSE	0	45	100	0	0	395.979797464	395.979797464	0.756649017334	263	300	263	300
1	"1"	"1"	5	FALSE	0	45	100	0	0	395.979797464	395.979797464	0.790072202682	285	322	285	322
1	"1"	"1"	5	FALSE	0	45	100	0	0	395.979797464	395.979797464	0.823431015015	299	337	299	337
1	"1"	"1"	5	FALSE	0	45	100	0	0	395.979797464	395.979797464	0.856626033783	314	351	314	351
1	"1"	"1"	5	FALSE	0	45	100	0	0	395.979797464	395.979797464	0.890080213547	330	362	330	362
1	"1"	"1"	5	FALSE	0	45	100	0	0	395.979797464	395.979797464	0.9234790802	340	371	340	371
1	"1"	"1"	5	FALSE	0	45	100	0	0	395.979797464	395.979797464	0.956775188446	349	380	349	380
1	"1"	"1"	5	FALSE	0	45	100	0	0	395.979797464	395.979797464	0.990178108215	359	386	359	386
1	"1"	"1"	5	FALSE	0	45	100	0	0	395.979797464	395.979797464	1.02353310585	366	391	366	391
1	"1"	"1"	5	FALSE	0	45	100	0	0	395.979797464	395.979797464	1.05686616898	375	395	375	395
1	"1"	"1"	5	FALSE	0	45	100	0	0	395.979797464	395.979797464	1.09021115303	382	397	382	397
1	"1"	"1"	5	FALSE	0	45	100	0	0	395.979797464	395.979797464	1.12367105484	386	398	386	398
1	"1"	"1"	5	FALSE	0	45	100	0	0	395.979797464	395.979797464	1.15640521049	387	399	387	399
1	"1"	"1"	5	FALSE	0	45	100	0	0	395.979797464	395.979797464	1.1901910305	391	400	391	400
1	"1"	"1"	5	FALSE	0	45	100	0	0	395.979797464	395.979797464	1.22368407249	393	401	393	401
1	"1"	"1"	6	FALSE	0	135	100	0	0	-395.979797464	395.979797464	0.00212001800537	4	0	4	0
1	"1"	"1"	6	FALSE	0	135	100	0	0	-395.979797464	395.979797464	0.0225610733032	4	0	4	0
1	"1"	"1"	6	FALSE	0	135	100	0	0	-395.979797464	395.979797464	0.0559020042419	4	0	4	0
1	"1"	"1"	6	FALSE	0	135	100	0	0	-395.979797464	395.979797464	0.0889601707458	1	-2	1	-2
1	"1"	"1"	6	FALSE	0	135	100	0	0	-395.979797464	395.979797464	0.122131109238	-5	-6	-5	-6
1	"1"	"1"	6	FALSE	0	135	100	0	0	-395.979797464	395.979797464	0.155474185944	-7	-7	-7	-7
1	"1"	"1"	6	FALSE	0	135	100	0	0	-395.979797464	395.979797464	0.189382076263	-7	-7	-7	-7
1	"1"	"1"	6	FALSE	0	135	100	0	0	-395.979797464	395.979797464	0.222826004028	-7	-7	-7	-7
1	"1"	"1"	6	FALSE	0	135	100	0	0	-395.979797464	395.979797464	0.255663156509	-7	-7	-7	-7
1	"1"	"1"	6	FALSE	0	135	100	0	0	-395.979797464	395.979797464	0.2895860672	-7	-7	-7	-7
1	"1"	"1"	6	FALSE	0	135	100	0	0	-395.979797464	395.979797464	0.322862148285	-7	-7	-7	-7
1	"1"	"1"	6	FALSE	0	135	100	0	0	-395.979797464	395.979797464	0.356369018555	-8	-6	-8	-6
1	"1"	"1"	6	FALSE	0	135	100	0	0	-395.979797464	395.979797464	0.389101028442	-11	-1	-11	-1
1	"1"	"1"	6	FALSE	0	135	100	0	0	-395.979797464	395.979797464	0.423107147217	-19	8	-19	8
1	"1"	"1"	6	FALSE	0	135	100	0	0	-395.979797464	395.979797464	0.456384181976	-31	22	-31	22
1	"1"	"1"	6	FALSE	0	135	100	0	0	-395.979797464	395.979797464	0.489375114441	-48	41	-48	41
1	"1"	"1"	6	FALSE	0	135	100	0	0	-395.979797464	395.979797464	0.52293419838	-72	65	-72	65
1	"1"	"1"	6	FALSE	0	135	100	0	0	-395.979797464	395.979797464	0.555787086487	-99	91	-99	91
1	"1"	"1"	6	FALSE	0	135	100	0	0	-395.979797464	395.979797464	0.58979511261	-124	112	-124	112
1	"1"	"1"	6	FALSE	0	135	100	0	0	-395.979797464	395.979797464	0.623196125031	-153	135	-153	135
1	"1"	"1"	6	FALSE	0	135	100	0	0	-395.979797464	395.979797464	0.655960083008	-177	156	-177	156
1	"1"	"1"	6	FALSE	0	135	100	0	0	-395.979797464	395.979797464	0.689834117889	-209	183	-209	183
1	"1"	"1"	6	FALSE	0	135	100	0	0	-395.979797464	395.979797464	0.72323012352	-230	202	-230	202
1	"1"	"1"	6	FALSE	0	135	100	0	0	-395.979797464	395.979797464	0.756438970566	-250	223	-250	223
1	"1"	"1"	6	FALSE	0	135	100	0	0	-395.979797464	395.979797464	0.790006160736	-265	240	-265	240
1	"1"	"1"	6	FALSE	0	135	100	0	0	-395.979797464	395.979797464	0.823208093643	-279	255	-279	255
1	"1"	"1"	6	FALSE	0	135	100	0	0	-395.979797464	395.979797464	0.85605597496	-296	273	-296	273
1	"1"	"1"	6	FALSE	0	135	100	0	0	-395.979797464	395.979797464	0.890016078949	-311	290	-311	290
1	"1"	"1"	6	FALSE	0	135	100	0	0	-395.979797464	395.979797464	0.923418998718	-323	304	-323	304
1	"1"	"1"	6	FALSE	0	135	100	0	0	-395.979797464	395.979797464	0.956413984299	-334	318	-334	318
1	"1"	"1"	6	FALSE	0	135	100	0	0	-395.979797464	395.979797464	0.990041971207	-346	330	-346	330
1	"1"	"1"	6	FALSE	0	135	100	0	0	-395.979797464	395.979797464	1.02325701714	-357	342	-357	342
1	"1"	"1"	6	FALSE	0	135	100	0	0	-395.979797464	395.979797464	1.05619812012	-366	351	-366	351
1	"1"	"1"	6	FALSE	0	135	100	0	0	-395.979797464	395.979797464	1.0901529789	-374	362	-374	362
1	"1"	"1"	6	FALSE	0	135	100	0	0	-395.979797464	395.979797464	1.12346506119	-381	372	-381	372
1	"1"	"1"	6	FALSE	0	135	100	0	0	-395.979797464	395.979797464	1.15622901917	-386	380	-386	380
1	"1"	"1"	6	FALSE	0	135	100	0	0	-395.979797464	395.979797464	1.19028997421	-391	389	-391	389
1	"1"	"1"	6	FALSE	0	135	100	0	0	-395.979797464	395.979797464	1.22368907928	-396	396	-396	396
1	"1"	"1"	6	FALSE	0	135	100	0	0	-395.979797464	395.979797464	1.25645399094	-399	401	-399	401
1	"1"	"1"	6	FALSE	0	135	100	0	0	-395.979797464	395.979797464	1.29038500786	-401	404	-401	404
1	"1"	"1"	6	FALSE	0	135	100	0	0	-395.979797464	395.979797464	1.3235411644	-402	405	-402	405
1	"1"	"1"	6	FALSE	0	135	100	0	0	-395.979797464	395.979797464	1.35706114769	-403	407	-403	407
