"task_num"	"task_name"	"trial_type"	"trial_num"	"terminalfeedback_bool"	"rotation_angle"	"targetangle_deg"	"targetdistance_percmax"	"homex_px"	"homey_px"	"targetx_px"	"targety_px"	"time_s"	"mousex_px"	"mousey_px"	"cursorx_px"	"cursory_px"
1	"1"	"1"	1	FALSE	0	90	100	0	0	3.42901103761e-14	560	22.8218870163	0	4	0	4
1	"1"	"1"	1	FALSE	0	90	100	0	0	3.42901103761e-14	560	22.8551709652	1	3	1	3
1	"1"	"1"	1	FALSE	0	90	100	0	0	3.42901103761e-14	560	22.8884050846	3	2	3	2
1	"1"	"1"	1	FALSE	0	90	100	0	0	3.42901103761e-14	560	22.9219510555	4	1	4	1
1	"1"	"1"	1	FALSE	0	90	100	0	0	3.42901103761e-14	560	22.9552440643	4	0	4	0
1	"1"	"1"	1	FALSE	0	90	100	0	0	3.42901103761e-14	560	22.9880681038	4	0	4	0
1	"1"	"1"	1	FALSE	0	90	100	0	0	3.42901103761e-14	560	23.0219969749	4	-2	4	-2
1	"1"	"1"	1	FALSE	0	90	100	0	0	3.42901103761e-14	560	23.0553691387	4	-3	4	-3
1	"1"	"1"	1	FALSE	0	90	100	0	0	3.42901103761e-14	560	23.0881240368	4	-3	4	-3
1	"1"	"1"	1	FALSE	0	90	100	0	0	3.42901103761e-14	560	23.122107029	4	-4	4	-4
1	"1"	"1"	1	FALSE	0	90	100	0	0	3.42901103761e-14	560	23.1554040909	4	-3	4	-3
1	"1"	"1"	1	FALSE	0	90	100	0	0	3.42901103761e-14	560	23.1887891293	4	-3	4	-3
1	"1"	"1"	1	FALSE	0	90	100	0	0	3.42901103761e-14	560	23.2221601009	4	-3	4	-3
1	"1"	"1"	1	FALSE	0	90	100	0	0	3.42901103761e-14	560	23.2555990219	4	-3	4	-3
1	"1"	"1"	1	FALSE	0	90	100	0	0	3.42901103761e-14	560	23.2888801098	3	-1	3	-1
1	"1"	"1"	1	FALSE	0	90	100	0	0	3.42901103761e-14	560	23.3222081661	1	0	1	0
1	"1"	"1"	1	FALSE	0	90	100	0	0	3.42901103761e-14	560	23.3556921482	-1	0	-1	0
1	"1"	"1"	1	FALSE	0	90	100	0	0	3.42901103761e-14	560	23.3890199661	-1	-1	-1	-1
1	"1"	"1"	1	FALSE	0	90	100	0	0	3.42901103761e-14	560	23.4223661423	-1	-1	-1	-1
1	"1"	"1"	1	FALSE	0	90	100	0	0	3.42901103761e-14	560	23.4556760788	-1	-2	-1	-2
1	"1"	"1"	1	FALSE	0	90	100	0	0	3.42901103761e-14	560	23.4889969826	-1	-3	-1	-3
1	"1"	"1"	1	FALSE	0	90	100	0	0	3.42901103761e-14	560	23.5224001408	-2	-4	-2	-4
1	"1"	"1"	1	FALSE	0	90	100	0	0	3.42901103761e-14	560	23.5558490753	-3	-5	-3	-5
1	"1"	"1"	1	FALSE	0	90	100	0	0	3.42901103761e-14	560	23.5891900063	-3	-6	-3	-6
1	"1"	"1"	1	FALSE	0	90	100	0	0	3.42901103761e-14	560	23.6225090027	-3	-6	-3	-6
1	"1"	"1"	1	FALSE	0	90	100	0	0	3.42901103761e-14	560	23.6558611393	-3	-6	-3	-6
1	"1"	"1"	1	FALSE	0	90	100	0	0	3.42901103761e-14	560	23.6892411709	-3	-6	-3	-6
1	"1"	"1"	1	FALSE	0	90	100	0	0	3.42901103761e-14	560	23.7226150036	-3	-6	-3	-6
1	"1"	"1"	1	FALSE	0	90	100	0	0	3.42901103761e-14	560	23.7559030056	-3	-6	-3	-6
1	"1"	"1"	1	FALSE	0	90	100	0	0	3.42901103761e-14	560	23.7892789841	-4	-7	-4	-7
1	"1"	"1"	1	FALSE	0	90	100	0	0	3.42901103761e-14	560	23.822685957	-4	-7	-4	-7
1	"1"	"1"	1	FALSE	0	90	100	0	0	3.42901103761e-14	560	23.8560500145	-5	-8	-5	-8
1	"1"	"1"	1	FALSE	0	90	100	0	0	3.42901103761e-14	560	23.8894741535	-6	-8	-6	-8
1	"1"	"1"	1	FALSE	0	90	100	0	0	3.42901103761e-14	560	23.9228570461	-7	-8	-7	-8
1	"1"	"1"	1	FALSE	0	90	100	0	0	3.42901103761e-14	560	23.9561550617	-8	-7	-8	-7
1	"1"	"1"	1	FALSE	0	90	100	0	0	3.42901103761e-14	560	23.9894571304	-8	-7	-8	-7
1	"1"	"1"	1	FALSE	0	90	100	0	0	3.42901103761e-14	560	24.022810936	-8	-7	-8	-7
1	"1"	"1"	1	FALSE	0	90	100	0	0	3.42901103761e-14	560	24.056071043	-9	-7	-9	-7
1	"1"	"1"	1	FALSE	0	90	100	0	0	3.42901103761e-14	560	24.0894241333	-9	-7	-9	-7
1	"1"	"1"	1	FALSE	0	90	100	0	0	3.42901103761e-14	560	24.1227519512	-9	-7	-9	-7
1	"1"	"1"	1	FALSE	0	90	100	0	0	3.42901103761e-14	560	24.156193018	-10	-8	-10	-8
1	"1"	"1"	1	FALSE	0	90	100	0	0	3.42901103761e-14	560	24.1895871162	-10	-8	-10	-8
1	"1"	"1"	1	FALSE	0	90	100	0	0	3.42901103761e-14	560	24.2229189873	-10	-8	-10	-8
1	"1"	"1"	1	FALSE	0	90	100	0	0	3.42901103761e-14	560	24.2562799454	-10	-8	-10	-8
1	"1"	"1"	1	FALSE	0	90	100	0	0	3.42901103761e-14	560	24.2896959782	-10	-9	-10	-9
1	"1"	"1"	1	FALSE	0	90	100	0	0	3.42901103761e-14	560	24.3229131699	-11	-9	-11	-9
1	"1"	"1"	1	FALSE	0	90	100	0	0	3.42901103761e-14	560	24.356413126	-11	-8	-11	-8
1	"1"	"1"	1	FALSE	0	90	100	0	0	3.42901103761e-14	560	24.3897540569	-11	-8	-11	-8
1	"1"	"1"	1	FALSE	0	90	100	0	0	3.42901103761e-14	560	24.4231319427	-11	-7	-11	-7
1	"1"	"1"	1	FALSE	0	90	100	0	0	3.42901103761e-14	560	24.4565589428	-12	-5	-12	-5
1	"1"	"1"	1	FALSE	0	90	100	0	0	3.42901103761e-14	560	24.4897141457	-13	-2	-13	-2
1	"1"	"1"	1	FALSE	0	90	100	0	0	3.42901103761e-14	560	24.5231471062	-13	1	-13	1
1	"1"	"1"	1	FALSE	0	90	100	0	0	3.42901103761e-14	560	24.5565650463	-13	2	-13	2
1	"1"	"1"	1	FALSE	0	90	100	0	0	3.42901103761e-14	560	24.5894210339	-14	3	-14	3
1	"1"	"1"	1	FALSE	0	90	100	0	0	3.42901103761e-14	560	24.6233029366	-19	7	-19	7
1	"1"	"1"	1	FALSE	0	90	100	0	0	3.42901103761e-14	560	24.6567139626	-23	15	-23	15
1	"1"	"1"	1	FALSE	0	90	100	0	0	3.42901103761e-14	560	24.6899600029	-25	25	-25	25
1	"1"	"1"	1	FALSE	0	90	100	0	0	3.42901103761e-14	560	24.7234280109	-26	40	-26	40
1	"1"	"1"	1	FALSE	0	90	100	0	0	3.42901103761e-14	560	24.7560369968	-24	41	-24	41
1	"1"	"1"	1	FALSE	0	90	100	0	0	3.42901103761e-14	560	24.7901411057	-22	36	-22	36
1	"1"	"1"	1	FALSE	0	90	100	0	0	3.42901103761e-14	560	24.8234469891	-20	33	-20	33
1	"1"	"1"	1	FALSE	0	90	100	0	0	3.42901103761e-14	560	24.856757164	-18	33	-18	33
1	"1"	"1"	1	FALSE	0	90	100	0	0	3.42901103761e-14	560	24.8901360035	-16	37	-16	37
1	"1"	"1"	1	FALSE	0	90	100	0	0	3.42901103761e-14	560	24.9236390591	-14	44	-14	44
1	"1"	"1"	1	FALSE	0	90	100	0	0	3.42901103761e-14	560	24.9568960667	-16	53	-16	53
1	"1"	"1"	1	FALSE	0	90	100	0	0	3.42901103761e-14	560	24.9901340008	-28	84	-28	84
1	"1"	"1"	1	FALSE	0	90	100	0	0	3.42901103761e-14	560	25.0235500336	-38	111	-38	111
1	"1"	"1"	1	FALSE	0	90	100	0	0	3.42901103761e-14	560	25.056237936	-45	125	-45	125
1	"1"	"1"	1	FALSE	0	90	100	0	0	3.42901103761e-14	560	25.0896339417	-52	145	-52	145
1	"1"	"1"	1	FALSE	0	90	100	0	0	3.42901103761e-14	560	25.1234900951	-54	156	-54	156
1	"1"	"1"	1	FALSE	0	90	100	0	0	3.42901103761e-14	560	25.1561710835	-54	156	-54	156
1	"1"	"1"	1	FALSE	0	90	100	0	0	3.42901103761e-14	560	25.1897661686	-54	156	-54	156
1	"1"	"1"	1	FALSE	0	90	100	0	0	3.42901103761e-14	560	25.2235240936	-54	156	-54	156
1	"1"	"1"	1	FALSE	0	90	100	0	0	3.42901103761e-14	560	25.2569651604	-54	156	-54	156
1	"1"	"1"	1	FALSE	0	90	100	0	0	3.42901103761e-14	560	25.2903120518	-54	156	-54	156
1	"1"	"1"	1	FALSE	0	90	100	0	0	3.42901103761e-14	560	25.3237359524	-54	156	-54	156
1	"1"	"1"	1	FALSE	0	90	100	0	0	3.42901103761e-14	560	25.3571300507	-54	156	-54	156
1	"1"	"1"	1	FALSE	0	90	100	0	0	3.42901103761e-14	560	25.3904359341	-54	156	-54	156
1	"1"	"1"	1	FALSE	0	90	100	0	0	3.42901103761e-14	560	25.4238359928	-54	156	-54	156
1	"1"	"1"	1	FALSE	0	90	100	0	0	3.42901103761e-14	560	25.4566011429	-54	156	-54	156
1	"1"	"1"	1	FALSE	0	90	100	0	0	3.42901103761e-14	560	25.4905719757	-54	156	-54	156
1	"1"	"1"	1	FALSE	0	90	100	0	0	3.42901103761e-14	560	25.5239400864	-54	156	-54	156
1	"1"	"1"	1	FALSE	0	90	100	0	0	3.42901103761e-14	560	25.5572800636	-54	156	-54	156
1	"1"	"1"	1	FALSE	0	90	100	0	0	3.42901103761e-14	560	25.5906879902	-54	156	-54	156
1	"1"	"1"	1	FALSE	0	90	100	0	0	3.42901103761e-14	560	25.6237440109	-54	156	-54	156
1	"1"	"1"	1	FALSE	0	90	100	0	0	3.42901103761e-14	560	25.6572020054	-54	156	-54	156
1	"1"	"1"	1	FALSE	0	90	100	0	0	3.42901103761e-14	560	25.6904330254	-54	156	-54	156
1	"1"	"1"	1	FALSE	0	90	100	0	0	3.42901103761e-14	560	25.7234539986	-54	156	-54	156
1	"1"	"1"	1	FALSE	0	90	100	0	0	3.42901103761e-14	560	25.7574059963	-54	156	-54	156
1	"1"	"1"	1	FALSE	0	90	100	0	0	3.42901103761e-14	560	25.7907540798	-54	156	-54	156
1	"1"	"1"	1	FALSE	0	90	100	0	0	3.42901103761e-14	560	25.8241050243	-54	156	-54	156
1	"1"	"1"	1	FALSE	0	90	100	0	0	3.42901103761e-14	560	25.8574521542	-54	156	-54	156
1	"1"	"1"	1	FALSE	0	90	100	0	0	3.42901103761e-14	560	25.8904900551	-54	156	-54	156
1	"1"	"1"	1	FALSE	0	90	100	0	0	3.42901103761e-14	560	25.9241969585	-54	156	-54	156
1	"1"	"1"	1	FALSE	0	90	100	0	0	3.42901103761e-14	560	25.957463026	-54	156	-54	156
1	"1"	"1"	1	FALSE	0	90	100	0	0	3.42901103761e-14	560	25.9904489517	-54	156	-54	156
1	"1"	"1"	1	FALSE	0	90	100	0	0	3.42901103761e-14	560	26.0242800713	-9	270	-9	270
1	"1"	"1"	1	FALSE	0	90	100	0	0	3.42901103761e-14	560	26.057641983	-10	278	-10	278
1	"1"	"1"	1	FALSE	0	90	100	0	0	3.42901103761e-14	560	26.0910360813	-11	298	-11	298
1	"1"	"1"	1	FALSE	0	90	100	0	0	3.42901103761e-14	560	26.1243109703	-11	327	-11	327
1	"1"	"1"	1	FALSE	0	90	100	0	0	3.42901103761e-14	560	26.157225132	-12	354	-12	354
1	"1"	"1"	1	FALSE	0	90	100	0	0	3.42901103761e-14	560	26.1911261082	-11	385	-11	385
1	"1"	"1"	1	FALSE	0	90	100	0	0	3.42901103761e-14	560	26.2244989872	-11	397	-11	397
1	"1"	"1"	1	FALSE	0	90	100	0	0	3.42901103761e-14	560	26.2577900887	-11	413	-11	413
1	"1"	"1"	1	FALSE	0	90	100	0	0	3.42901103761e-14	560	26.2911980152	-9	423	-9	423
1	"1"	"1"	1	FALSE	0	90	100	0	0	3.42901103761e-14	560	26.3247060776	-6	439	-6	439
1	"1"	"1"	1	FALSE	0	90	100	0	0	3.42901103761e-14	560	26.3575201035	-3	451	-3	451
1	"1"	"1"	1	FALSE	0	90	100	0	0	3.42901103761e-14	560	26.3911981583	-2	459	-2	459
1	"1"	"1"	1	FALSE	0	90	100	0	0	3.42901103761e-14	560	26.4245820045	0	464	0	464
1	"1"	"1"	1	FALSE	0	90	100	0	0	3.42901103761e-14	560	26.4578869343	1	469	1	469
1	"1"	"1"	1	FALSE	0	90	100	0	0	3.42901103761e-14	560	26.4911079407	1	473	1	473
1	"1"	"1"	1	FALSE	0	90	100	0	0	3.42901103761e-14	560	26.5241510868	1	476	1	476
1	"1"	"1"	1	FALSE	0	90	100	0	0	3.42901103761e-14	560	26.5579941273	3	482	3	482
1	"1"	"1"	1	FALSE	0	90	100	0	0	3.42901103761e-14	560	26.5912530422	3	484	3	484
1	"1"	"1"	1	FALSE	0	90	100	0	0	3.42901103761e-14	560	26.6241869926	3	486	3	486
1	"1"	"1"	1	FALSE	0	90	100	0	0	3.42901103761e-14	560	26.6581709385	3	487	3	487
1	"1"	"1"	1	FALSE	0	90	100	0	0	3.42901103761e-14	560	26.6914861202	3	490	3	490
1	"1"	"1"	1	FALSE	0	90	100	0	0	3.42901103761e-14	560	26.7244861126	3	492	3	492
1	"1"	"1"	1	FALSE	0	90	100	0	0	3.42901103761e-14	560	26.7581329346	2	495	2	495
1	"1"	"1"	1	FALSE	0	90	100	0	0	3.42901103761e-14	560	26.7912099361	2	497	2	497
1	"1"	"1"	1	FALSE	0	90	100	0	0	3.42901103761e-14	560	26.8250200748	0	504	0	504
1	"1"	"1"	1	FALSE	0	90	100	0	0	3.42901103761e-14	560	26.8583481312	-1	504	-1	504
1	"1"	"1"	1	FALSE	0	90	100	0	0	3.42901103761e-14	560	26.8912420273	-1	505	-1	505
1	"1"	"1"	1	FALSE	0	90	100	0	0	3.42901103761e-14	560	26.9250400066	-1	507	-1	507
1	"1"	"1"	1	FALSE	0	90	100	0	0	3.42901103761e-14	560	26.9583060741	-2	507	-2	507
1	"1"	"1"	1	FALSE	0	90	100	0	0	3.42901103761e-14	560	26.9911799431	-3	506	-3	506
1	"1"	"1"	1	FALSE	0	90	100	0	0	3.42901103761e-14	560	27.0251040459	-4	506	-4	506
1	"1"	"1"	1	FALSE	0	90	100	0	0	3.42901103761e-14	560	27.0585391521	-3	506	-3	506
1	"1"	"1"	1	FALSE	0	90	100	0	0	3.42901103761e-14	560	27.0911941528	-2	508	-2	508
1	"1"	"1"	1	FALSE	0	90	100	0	0	3.42901103761e-14	560	27.1263151169	0	510	0	510
1	"1"	"1"	1	FALSE	0	90	100	0	0	3.42901103761e-14	560	27.1585021019	1	517	1	517
1	"1"	"1"	1	FALSE	0	90	100	0	0	3.42901103761e-14	560	27.1913220882	2	520	2	520
1	"1"	"1"	1	FALSE	0	90	100	0	0	3.42901103761e-14	560	27.2253041267	2	527	2	527
1	"1"	"1"	1	FALSE	0	90	100	0	0	3.42901103761e-14	560	27.2586770058	1	529	1	529
1	"1"	"1"	1	FALSE	0	90	100	0	0	3.42901103761e-14	560	27.2916331291	0	533	0	533
1	"1"	"1"	1	FALSE	0	90	100	0	0	3.42901103761e-14	560	27.3247830868	-1	536	-1	536
1	"1"	"1"	1	FALSE	0	90	100	0	0	3.42901103761e-14	560	27.3587069511	-2	539	-2	539
1	"1"	"1"	1	FALSE	0	90	100	0	0	3.42901103761e-14	560	27.3920850754	-5	543	-5	543
1	"1"	"1"	1	FALSE	0	90	100	0	0	3.42901103761e-14	560	27.4254360199	-9	546	-9	546
1	"1"	"1"	1	FALSE	0	90	100	0	0	3.42901103761e-14	560	27.4588229656	-11	548	-11	548
1	"1"	"1"	1	FALSE	0	90	100	0	0	3.42901103761e-14	560	27.4920680523	-12	548	-12	548
1	"1"	"1"	1	FALSE	0	90	100	0	0	3.42901103761e-14	560	27.5250160694	-13	551	-13	551
1	"1"	"1"	1	FALSE	0	90	100	0	0	3.42901103761e-14	560	27.55885005	-13	557	-13	557
1	"1"	"1"	1	FALSE	0	90	100	0	0	3.42901103761e-14	560	27.5920109749	-12	562	-12	562
1	"1"	"1"	1	FALSE	0	90	100	0	0	3.42901103761e-14	560	27.6251320839	-10	565	-10	565
1	"1"	"1"	1	FALSE	0	90	100	0	0	3.42901103761e-14	560	27.6583960056	-9	567	-9	567
1	"1"	"1"	1	FALSE	0	90	100	0	0	3.42901103761e-14	560	27.6919960976	-8	568	-8	568
1	"1"	"1"	1	FALSE	0	90	100	0	0	3.42901103761e-14	560	27.7254180908	-2	573	-2	573
1	"1"	"1"	1	FALSE	0	90	100	0	0	3.42901103761e-14	560	27.7590360641	0	577	0	577
1	"1"	"1"	1	FALSE	0	90	100	0	0	3.42901103761e-14	560	27.7923591137	1	576	1	576
1	"1"	"1"	1	FALSE	0	90	100	0	0	3.42901103761e-14	560	27.8256130219	2	575	2	575
1	"1"	"1"	1	FALSE	0	90	100	0	0	3.42901103761e-14	560	27.8584461212	2	573	2	573
1	"1"	"1"	2	FALSE	0	45	100	0	0	395.979797464	395.979797464	0.00243210792542	-4	10	-4	10
1	"1"	"1"	2	FALSE	0	45	100	0	0	395.979797464	395.979797464	0.0312910079956	-4	10	-4	10
1	"1"	"1"	2	FALSE	0	45	100	0	0	395.979797464	395.979797464	0.0646059513092	-3	10	-3	10
1	"1"	"1"	2	FALSE	0	45	100	0	0	395.979797464	395.979797464	0.0980160236359	-3	10	-3	10
1	"1"	"1"	2	FALSE	0	45	100	0	0	395.979797464	395.979797464	0.130985975266	-2	9	-2	9
1	"1"	"1"	2	FALSE	0	45	100	0	0	395.979797464	395.979797464	0.164525985718	-1	8	-1	8
1	"1"	"1"	2	FALSE	0	45	100	0	0	395.979797464	395.979797464	0.197417020798	0	7	0	7
1	"1"	"1"	2	FALSE	0	45	100	0	0	395.979797464	395.979797464	0.231348991394	2	5	2	5
1	"1"	"1"	2	FALSE	0	45	100	0	0	395.979797464	395.979797464	0.264776945114	3	5	3	5
1	"1"	"1"	2	FALSE	0	45	100	0	0	395.979797464	395.979797464	0.298159122467	3	4	3	4
1	"1"	"1"	2	FALSE	0	45	100	0	0	395.979797464	395.979797464	0.331462144852	3	3	3	3
1	"1"	"1"	2	FALSE	0	45	100	0	0	395.979797464	395.979797464	0.364306926727	3	3	3	3
1	"1"	"1"	2	FALSE	0	45	100	0	0	395.979797464	395.979797464	0.397495031357	3	3	3	3
1	"1"	"1"	2	FALSE	0	45	100	0	0	395.979797464	395.979797464	0.431427001953	3	4	3	4
1	"1"	"1"	2	FALSE	0	45	100	0	0	395.979797464	395.979797464	0.464971065521	3	4	3	4
1	"1"	"1"	2	FALSE	0	45	100	0	0	395.979797464	395.979797464	0.498258113861	3	5	3	5
1	"1"	"1"	2	FALSE	0	45	100	0	0	395.979797464	395.979797464	0.531647920609	3	6	3	6
1	"1"	"1"	2	FALSE	0	45	100	0	0	395.979797464	395.979797464	0.564769029617	3	9	3	9
1	"1"	"1"	2	FALSE	0	45	100	0	0	395.979797464	395.979797464	0.597744941711	4	15	4	15
1	"1"	"1"	2	FALSE	0	45	100	0	0	395.979797464	395.979797464	0.63167309761	5	20	5	20
1	"1"	"1"	2	FALSE	0	45	100	0	0	395.979797464	395.979797464	0.665096998215	6	22	6	22
1	"1"	"1"	2	FALSE	0	45	100	0	0	395.979797464	395.979797464	0.697777032852	6	26	6	26
1	"1"	"1"	2	FALSE	0	45	100	0	0	395.979797464	395.979797464	0.731806993484	7	29	7	29
1	"1"	"1"	2	FALSE	0	45	100	0	0	395.979797464	395.979797464	0.76516699791	8	32	8	32
1	"1"	"1"	2	FALSE	0	45	100	0	0	395.979797464	395.979797464	0.797853946686	10	35	10	35
1	"1"	"1"	2	FALSE	0	45	100	0	0	395.979797464	395.979797464	0.831907987595	12	40	12	40
1	"1"	"1"	2	FALSE	0	45	100	0	0	395.979797464	395.979797464	0.865277051926	13	46	13	46
1	"1"	"1"	2	FALSE	0	45	100	0	0	395.979797464	395.979797464	0.898638010025	16	53	16	53
1	"1"	"1"	2	FALSE	0	45	100	0	0	395.979797464	395.979797464	0.931865930557	20	63	20	63
1	"1"	"1"	2	FALSE	0	45	100	0	0	395.979797464	395.979797464	0.964606046677	24	71	24	71
1	"1"	"1"	2	FALSE	0	45	100	0	0	395.979797464	395.979797464	0.998657941818	27	78	27	78
1	"1"	"1"	2	FALSE	0	45	100	0	0	395.979797464	395.979797464	1.03317093849	31	88	31	88
1	"1"	"1"	2	FALSE	0	45	100	0	0	395.979797464	395.979797464	1.065294981	33	95	33	95
1	"1"	"1"	2	FALSE	0	45	100	0	0	395.979797464	395.979797464	1.09872412682	36	104	36	104
1	"1"	"1"	2	FALSE	0	45	100	0	0	395.979797464	395.979797464	1.13158512115	37	111	37	111
1	"1"	"1"	2	FALSE	0	45	100	0	0	395.979797464	395.979797464	1.16539597511	39	119	39	119
1	"1"	"1"	2	FALSE	0	45	100	0	0	395.979797464	395.979797464	1.19874310493	43	130	43	130
1	"1"	"1"	2	FALSE	0	45	100	0	0	395.979797464	395.979797464	1.23182106018	47	141	47	141
1	"1"	"1"	2	FALSE	0	45	100	0	0	395.979797464	395.979797464	1.26548409462	53	152	53	152
1	"1"	"1"	2	FALSE	0	45	100	0	0	395.979797464	395.979797464	1.29888701439	57	163	57	163
1	"1"	"1"	2	FALSE	0	45	100	0	0	395.979797464	395.979797464	1.3316450119	60	173	60	173
1	"1"	"1"	2	FALSE	0	45	100	0	0	395.979797464	395.979797464	1.36561894417	66	184	66	184
1	"1"	"1"	2	FALSE	0	45	100	0	0	395.979797464	395.979797464	1.39886498451	69	191	69	191
1	"1"	"1"	2	FALSE	0	45	100	0	0	395.979797464	395.979797464	1.43233203888	74	198	74	198
1	"1"	"1"	2	FALSE	0	45	100	0	0	395.979797464	395.979797464	1.46530103683	78	203	78	203
1	"1"	"1"	2	FALSE	0	45	100	0	0	395.979797464	395.979797464	1.49901294708	82	207	82	207
1	"1"	"1"	2	FALSE	0	45	100	0	0	395.979797464	395.979797464	1.53238201141	85	211	85	211
1	"1"	"1"	2	FALSE	0	45	100	0	0	395.979797464	395.979797464	1.56542801857	88	213	88	213
1	"1"	"1"	2	FALSE	0	45	100	0	0	395.979797464	395.979797464	1.59904098511	91	213	91	213
1	"1"	"1"	2	FALSE	0	45	100	0	0	395.979797464	395.979797464	1.63232803345	91	209	91	209
1	"1"	"1"	2	FALSE	0	45	100	0	0	395.979797464	395.979797464	1.66534900665	89	199	89	199
1	"1"	"1"	2	FALSE	0	45	100	0	0	395.979797464	395.979797464	1.69853305817	89	186	89	186
1	"1"	"1"	2	FALSE	0	45	100	0	0	395.979797464	395.979797464	1.7319021225	90	184	90	184
1	"1"	"1"	2	FALSE	0	45	100	0	0	395.979797464	395.979797464	1.76587891579	93	189	93	189
1	"1"	"1"	2	FALSE	0	45	100	0	0	395.979797464	395.979797464	1.79918694496	93	189	93	189
1	"1"	"1"	2	FALSE	0	45	100	0	0	395.979797464	395.979797464	1.83226895332	93	189	93	189
1	"1"	"1"	2	FALSE	0	45	100	0	0	395.979797464	395.979797464	1.86584591866	93	190	93	190
1	"1"	"1"	2	FALSE	0	45	100	0	0	395.979797464	395.979797464	1.8987569809	92	191	92	191
1	"1"	"1"	2	FALSE	0	45	100	0	0	395.979797464	395.979797464	1.93268609047	91	192	91	192
1	"1"	"1"	2	FALSE	0	45	100	0	0	395.979797464	395.979797464	1.9659011364	91	193	91	193
1	"1"	"1"	2	FALSE	0	45	100	0	0	395.979797464	395.979797464	1.99908709526	91	194	91	194
1	"1"	"1"	2	FALSE	0	45	100	0	0	395.979797464	395.979797464	2.03271102905	92	194	92	194
1	"1"	"1"	2	FALSE	0	45	100	0	0	395.979797464	395.979797464	2.06603908539	92	194	92	194
1	"1"	"1"	2	FALSE	0	45	100	0	0	395.979797464	395.979797464	2.09938192368	93	196	93	196
1	"1"	"1"	2	FALSE	0	45	100	0	0	395.979797464	395.979797464	2.13220095634	94	197	94	197
1	"1"	"1"	2	FALSE	0	45	100	0	0	395.979797464	395.979797464	2.16612291336	94	197	94	197
1	"1"	"1"	2	FALSE	0	45	100	0	0	395.979797464	395.979797464	2.19953298569	94	197	94	197
1	"1"	"1"	2	FALSE	0	45	100	0	0	395.979797464	395.979797464	2.23273992538	94	197	94	197
1	"1"	"1"	2	FALSE	0	45	100	0	0	395.979797464	395.979797464	2.26560592651	94	197	94	197
1	"1"	"1"	2	FALSE	0	45	100	0	0	395.979797464	395.979797464	2.29956197739	94	197	94	197
1	"1"	"1"	2	FALSE	0	45	100	0	0	395.979797464	395.979797464	2.33290100098	93	197	93	197
1	"1"	"1"	2	FALSE	0	45	100	0	0	395.979797464	395.979797464	2.36565613747	93	197	93	197
1	"1"	"1"	2	FALSE	0	45	100	0	0	395.979797464	395.979797464	2.39976191521	94	196	94	196
1	"1"	"1"	2	FALSE	0	45	100	0	0	395.979797464	395.979797464	2.4330599308	93	195	93	195
1	"1"	"1"	2	FALSE	0	45	100	0	0	395.979797464	395.979797464	2.4658870697	90	194	90	194
1	"1"	"1"	2	FALSE	0	45	100	0	0	395.979797464	395.979797464	2.49979114532	86	188	86	188
1	"1"	"1"	2	FALSE	0	45	100	0	0	395.979797464	395.979797464	2.53313803673	77	163	77	163
1	"1"	"1"	2	FALSE	0	45	100	0	0	395.979797464	395.979797464	2.56651806831	64	81	64	81
1	"1"	"1"	2	FALSE	0	45	100	0	0	395.979797464	395.979797464	2.59928798676	52	-11	52	-11
1	"1"	"1"	2	FALSE	0	45	100	0	0	395.979797464	395.979797464	2.63262796402	34	-113	34	-113
1	"1"	"1"	2	FALSE	0	45	100	0	0	395.979797464	395.979797464	2.66578602791	34	-113	34	-113
1	"1"	"1"	2	FALSE	0	45	100	0	0	395.979797464	395.979797464	2.69987797737	34	-113	34	-113
1	"1"	"1"	2	FALSE	0	45	100	0	0	395.979797464	395.979797464	2.73323202133	34	-113	34	-113
1	"1"	"1"	2	FALSE	0	45	100	0	0	395.979797464	395.979797464	2.7661781311	34	-113	34	-113
1	"1"	"1"	2	FALSE	0	45	100	0	0	395.979797464	395.979797464	2.79986906052	34	-113	34	-113
1	"1"	"1"	2	FALSE	0	45	100	0	0	395.979797464	395.979797464	2.83331799507	34	-113	34	-113
1	"1"	"1"	2	FALSE	0	45	100	0	0	395.979797464	395.979797464	2.86600804329	34	-113	34	-113
1	"1"	"1"	2	FALSE	0	45	100	0	0	395.979797464	395.979797464	2.90002298355	34	-113	34	-113
1	"1"	"1"	2	FALSE	0	45	100	0	0	395.979797464	395.979797464	2.93344306946	34	-113	34	-113
1	"1"	"1"	2	FALSE	0	45	100	0	0	395.979797464	395.979797464	2.96619009972	34	-113	34	-113
1	"1"	"1"	2	FALSE	0	45	100	0	0	395.979797464	395.979797464	3.00014996529	34	-113	34	-113
1	"1"	"1"	2	FALSE	0	45	100	0	0	395.979797464	395.979797464	3.0332710743	34	-113	34	-113
1	"1"	"1"	2	FALSE	0	45	100	0	0	395.979797464	395.979797464	3.06671404839	34	-113	34	-113
1	"1"	"1"	2	FALSE	0	45	100	0	0	395.979797464	395.979797464	3.10019803047	34	-113	34	-113
1	"1"	"1"	2	FALSE	0	45	100	0	0	395.979797464	395.979797464	3.1330499649	-251	-149	-251	-149
1	"1"	"1"	2	FALSE	0	45	100	0	0	395.979797464	395.979797464	3.16622209549	-258	-149	-258	-149
1	"1"	"1"	2	FALSE	0	45	100	0	0	395.979797464	395.979797464	3.19973707199	-259	-149	-259	-149
1	"1"	"1"	2	FALSE	0	45	100	0	0	395.979797464	395.979797464	3.2335691452	-259	-149	-259	-149
1	"1"	"1"	2	FALSE	0	45	100	0	0	395.979797464	395.979797464	3.26659107208	-259	-149	-259	-149
1	"1"	"1"	2	FALSE	0	45	100	0	0	395.979797464	395.979797464	3.30026698112	-259	-149	-259	-149
1	"1"	"1"	2	FALSE	0	45	100	0	0	395.979797464	395.979797464	3.3334209919	-259	-149	-259	-149
1	"1"	"1"	2	FALSE	0	45	100	0	0	395.979797464	395.979797464	3.36702895164	-259	-149	-259	-149
1	"1"	"1"	2	FALSE	0	45	100	0	0	395.979797464	395.979797464	3.40034794807	-259	-149	-259	-149
1	"1"	"1"	2	FALSE	0	45	100	0	0	395.979797464	395.979797464	3.43309807777	-259	-149	-259	-149
1	"1"	"1"	2	FALSE	0	45	100	0	0	395.979797464	395.979797464	3.4671061039	-259	-149	-259	-149
1	"1"	"1"	2	FALSE	0	45	100	0	0	395.979797464	395.979797464	3.50048708916	-259	-149	-259	-149
1	"1"	"1"	2	FALSE	0	45	100	0	0	395.979797464	395.979797464	3.53323292732	-259	-149	-259	-149
1	"1"	"1"	2	FALSE	0	45	100	0	0	395.979797464	395.979797464	3.56725406647	-259	-149	-259	-149
1	"1"	"1"	2	FALSE	0	45	100	0	0	395.979797464	395.979797464	3.6005730629	-259	-149	-259	-149
1	"1"	"1"	2	FALSE	0	45	100	0	0	395.979797464	395.979797464	3.63330507278	-259	-149	-259	-149
1	"1"	"1"	2	FALSE	0	45	100	0	0	395.979797464	395.979797464	3.66732501984	163	227	163	227
1	"1"	"1"	2	FALSE	0	45	100	0	0	395.979797464	395.979797464	3.70070314407	171	231	171	231
1	"1"	"1"	2	FALSE	0	45	100	0	0	395.979797464	395.979797464	3.73361206055	179	236	179	236
1	"1"	"1"	2	FALSE	0	45	100	0	0	395.979797464	395.979797464	3.76741313934	196	241	196	241
1	"1"	"1"	2	FALSE	0	45	100	0	0	395.979797464	395.979797464	3.80075311661	217	256	217	256
1	"1"	"1"	2	FALSE	0	45	100	0	0	395.979797464	395.979797464	3.83358097076	230	270	230	270
1	"1"	"1"	2	FALSE	0	45	100	0	0	395.979797464	395.979797464	3.86758303642	251	291	251	291
1	"1"	"1"	2	FALSE	0	45	100	0	0	395.979797464	395.979797464	3.90086007118	272	307	272	307
1	"1"	"1"	2	FALSE	0	45	100	0	0	395.979797464	395.979797464	3.93414902687	287	318	287	318
1	"1"	"1"	2	FALSE	0	45	100	0	0	395.979797464	395.979797464	3.96745204926	312	337	312	337
1	"1"	"1"	2	FALSE	0	45	100	0	0	395.979797464	395.979797464	4.00041007996	333	350	333	350
1	"1"	"1"	2	FALSE	0	45	100	0	0	395.979797464	395.979797464	4.03411698341	347	359	347	359
1	"1"	"1"	2	FALSE	0	45	100	0	0	395.979797464	395.979797464	4.0676009655	360	367	360	367
1	"1"	"1"	2	FALSE	0	45	100	0	0	395.979797464	395.979797464	4.10070896149	368	372	368	372
1	"1"	"1"	2	FALSE	0	45	100	0	0	395.979797464	395.979797464	4.13428997993	375	378	375	378
1	"1"	"1"	2	FALSE	0	45	100	0	0	395.979797464	395.979797464	4.16778206825	377	380	377	380
1	"1"	"1"	2	FALSE	0	45	100	0	0	395.979797464	395.979797464	4.20081210136	379	382	379	382
1	"1"	"1"	2	FALSE	0	45	100	0	0	395.979797464	395.979797464	4.2344660759	383	386	383	386
1	"1"	"1"	2	FALSE	0	45	100	0	0	395.979797464	395.979797464	4.26786208153	384	388	384	388
1	"1"	"1"	2	FALSE	0	45	100	0	0	395.979797464	395.979797464	4.30057191849	384	388	384	388
1	"1"	"1"	3	FALSE	0	135	100	0	0	-395.979797464	395.979797464	0.001953125	-3	12	-3	12
1	"1"	"1"	3	FALSE	0	135	100	0	0	-395.979797464	395.979797464	0.0218291282654	-3	12	-3	12
1	"1"	"1"	3	FALSE	0	135	100	0	0	-395.979797464	395.979797464	0.0555031299591	-3	10	-3	10
1	"1"	"1"	3	FALSE	0	135	100	0	0	-395.979797464	395.979797464	0.0883920192719	-3	10	-3	10
1	"1"	"1"	3	FALSE	0	135	100	0	0	-395.979797464	395.979797464	0.122055053711	-3	9	-3	9
1	"1"	"1"	3	FALSE	0	135	100	0	0	-395.979797464	395.979797464	0.154904127121	-3	7	-3	7
1	"1"	"1"	3	FALSE	0	135	100	0	0	-395.979797464	395.979797464	0.188899040222	-2	7	-2	7
1	"1"	"1"	3	FALSE	0	135	100	0	0	-395.979797464	395.979797464	0.222182035446	-2	6	-2	6
1	"1"	"1"	3	FALSE	0	135	100	0	0	-395.979797464	395.979797464	0.255490064621	-2	6	-2	6
1	"1"	"1"	3	FALSE	0	135	100	0	0	-395.979797464	395.979797464	0.288815975189	-2	6	-2	6
1	"1"	"1"	3	FALSE	0	135	100	0	0	-395.979797464	395.979797464	0.324161052704	-2	6	-2	6
1	"1"	"1"	3	FALSE	0	135	100	0	0	-395.979797464	395.979797464	0.355440139771	-2	6	-2	6
1	"1"	"1"	3	FALSE	0	135	100	0	0	-395.979797464	395.979797464	0.388837099075	-2	6	-2	6
1	"1"	"1"	3	FALSE	0	135	100	0	0	-395.979797464	395.979797464	0.421694993973	-2	6	-2	6
1	"1"	"1"	3	FALSE	0	135	100	0	0	-395.979797464	395.979797464	0.455574035645	-2	6	-2	6
1	"1"	"1"	3	FALSE	0	135	100	0	0	-395.979797464	395.979797464	0.488924980164	-2	6	-2	6
1	"1"	"1"	3	FALSE	0	135	100	0	0	-395.979797464	395.979797464	0.5218501091	-2	6	-2	6
1	"1"	"1"	3	FALSE	0	135	100	0	0	-395.979797464	395.979797464	0.555715084076	-2	6	-2	6
1	"1"	"1"	3	FALSE	0	135	100	0	0	-395.979797464	395.979797464	0.589208126068	-2	6	-2	6
1	"1"	"1"	3	FALSE	0	135	100	0	0	-395.979797464	395.979797464	0.622066020966	-2	6	-2	6
1	"1"	"1"	3	FALSE	0	135	100	0	0	-395.979797464	395.979797464	0.65571808815	-2	6	-2	6
1	"1"	"1"	3	FALSE	0	135	100	0	0	-395.979797464	395.979797464	0.689199924469	-2	6	-2	6
1	"1"	"1"	3	FALSE	0	135	100	0	0	-395.979797464	395.979797464	0.722582101822	-2	6	-2	6
1	"1"	"1"	3	FALSE	0	135	100	0	0	-395.979797464	395.979797464	0.755383968353	-2	6	-2	6
1	"1"	"1"	3	FALSE	0	135	100	0	0	-395.979797464	395.979797464	0.789186000824	-2	6	-2	6
1	"1"	"1"	3	FALSE	0	135	100	0	0	-395.979797464	395.979797464	0.822560071945	-2	5	-2	5
1	"1"	"1"	3	FALSE	0	135	100	0	0	-395.979797464	395.979797464	0.855450153351	-2	5	-2	5
1	"1"	"1"	3	FALSE	0	135	100	0	0	-395.979797464	395.979797464	0.889354944229	-2	5	-2	5
1	"1"	"1"	3	FALSE	0	135	100	0	0	-395.979797464	395.979797464	0.92263007164	-2	5	-2	5
1	"1"	"1"	3	FALSE	0	135	100	0	0	-395.979797464	395.979797464	0.955527067184	-2	5	-2	5
1	"1"	"1"	3	FALSE	0	135	100	0	0	-395.979797464	395.979797464	0.989333152771	-2	5	-2	5
1	"1"	"1"	3	FALSE	0	135	100	0	0	-395.979797464	395.979797464	1.02263998985	-2	5	-2	5
1	"1"	"1"	3	FALSE	0	135	100	0	0	-395.979797464	395.979797464	1.05564212799	-2	5	-2	5
1	"1"	"1"	3	FALSE	0	135	100	0	0	-395.979797464	395.979797464	1.08949804306	-2	5	-2	5
1	"1"	"1"	3	FALSE	0	135	100	0	0	-395.979797464	395.979797464	1.12290906906	-1	5	-1	5
1	"1"	"1"	3	FALSE	0	135	100	0	0	-395.979797464	395.979797464	1.15608310699	-1	5	-1	5
1	"1"	"1"	3	FALSE	0	135	100	0	0	-395.979797464	395.979797464	1.18946909904	-1	5	-1	5
1	"1"	"1"	3	FALSE	0	135	100	0	0	-395.979797464	395.979797464	1.22264814377	-1	5	-1	5
1	"1"	"1"	3	FALSE	0	135	100	0	0	-395.979797464	395.979797464	1.25619196892	-1	5	-1	5
1	"1"	"1"	3	FALSE	0	135	100	0	0	-395.979797464	395.979797464	1.28951096535	-1	5	-1	5
1	"1"	"1"	3	FALSE	0	135	100	0	0	-395.979797464	395.979797464	1.3223991394	-1	5	-1	5
1	"1"	"1"	3	FALSE	0	135	100	0	0	-395.979797464	395.979797464	1.35636711121	-1	5	-1	5
1	"1"	"1"	3	FALSE	0	135	100	0	0	-395.979797464	395.979797464	1.38968706131	-1	5	-1	5
1	"1"	"1"	3	FALSE	0	135	100	0	0	-395.979797464	395.979797464	1.42246603966	-1	5	-1	5
1	"1"	"1"	3	FALSE	0	135	100	0	0	-395.979797464	395.979797464	1.45646715164	-1	5	-1	5
1	"1"	"1"	3	FALSE	0	135	100	0	0	-395.979797464	395.979797464	1.48977708817	-1	5	-1	5
1	"1"	"1"	3	FALSE	0	135	100	0	0	-395.979797464	395.979797464	1.52266812325	-1	5	-1	5
1	"1"	"1"	3	FALSE	0	135	100	0	0	-395.979797464	395.979797464	1.55655694008	-1	5	-1	5
1	"1"	"1"	3	FALSE	0	135	100	0	0	-395.979797464	395.979797464	1.58980512619	-1	5	-1	5
1	"1"	"1"	3	FALSE	0	135	100	0	0	-395.979797464	395.979797464	1.62311410904	-1	5	-1	5
1	"1"	"1"	3	FALSE	0	135	100	0	0	-395.979797464	395.979797464	1.65620398521	-1	5	-1	5
1	"1"	"1"	3	FALSE	0	135	100	0	0	-395.979797464	395.979797464	1.68993902206	-1	5	-1	5
1	"1"	"1"	3	FALSE	0	135	100	0	0	-395.979797464	395.979797464	1.72269010544	-1	5	-1	5
1	"1"	"1"	3	FALSE	0	135	100	0	0	-395.979797464	395.979797464	1.75669693947	-1	5	-1	5
1	"1"	"1"	3	FALSE	0	135	100	0	0	-395.979797464	395.979797464	1.79000592232	-1	5	-1	5
1	"1"	"1"	3	FALSE	0	135	100	0	0	-395.979797464	395.979797464	1.82324099541	-1	5	-1	5
1	"1"	"1"	3	FALSE	0	135	100	0	0	-395.979797464	395.979797464	1.85661196709	-1	5	-1	5
1	"1"	"1"	3	FALSE	0	135	100	0	0	-395.979797464	395.979797464	1.88960003853	-1	5	-1	5
1	"1"	"1"	3	FALSE	0	135	100	0	0	-395.979797464	395.979797464	1.92349910736	-1	5	-1	5
1	"1"	"1"	3	FALSE	0	135	100	0	0	-395.979797464	395.979797464	1.9568901062	-1	5	-1	5
1	"1"	"1"	3	FALSE	0	135	100	0	0	-395.979797464	395.979797464	1.989798069	-1	5	-1	5
1	"1"	"1"	3	FALSE	0	135	100	0	0	-395.979797464	395.979797464	2.02356815338	-1	5	-1	5
1	"1"	"1"	3	FALSE	0	135	100	0	0	-395.979797464	395.979797464	2.05656909943	-1	5	-1	5
1	"1"	"1"	3	FALSE	0	135	100	0	0	-395.979797464	395.979797464	2.09030508995	-1	5	-1	5
1	"1"	"1"	3	FALSE	0	135	100	0	0	-395.979797464	395.979797464	2.12363195419	-1	5	-1	5
1	"1"	"1"	3	FALSE	0	135	100	0	0	-395.979797464	395.979797464	2.15642309189	-1	5	-1	5
1	"1"	"1"	3	FALSE	0	135	100	0	0	-395.979797464	395.979797464	2.19025397301	-1	5	-1	5
1	"1"	"1"	3	FALSE	0	135	100	0	0	-395.979797464	395.979797464	2.22357392311	-1	5	-1	5
1	"1"	"1"	3	FALSE	0	135	100	0	0	-395.979797464	395.979797464	2.25644302368	-1	5	-1	5
1	"1"	"1"	3	FALSE	0	135	100	0	0	-395.979797464	395.979797464	2.29051113129	-2	5	-2	5
1	"1"	"1"	3	FALSE	0	135	100	0	0	-395.979797464	395.979797464	2.32388401031	-4	5	-4	5
1	"1"	"1"	3	FALSE	0	135	100	0	0	-395.979797464	395.979797464	2.35706210136	-5	5	-5	5
1	"1"	"1"	3	FALSE	0	135	100	0	0	-395.979797464	395.979797464	2.38986492157	-5	5	-5	5
1	"1"	"1"	3	FALSE	0	135	100	0	0	-395.979797464	395.979797464	2.42350006104	-6	5	-6	5
1	"1"	"1"	3	FALSE	0	135	100	0	0	-395.979797464	395.979797464	2.45668411255	-6	6	-6	6
1	"1"	"1"	3	FALSE	0	135	100	0	0	-395.979797464	395.979797464	2.49061894417	-6	6	-6	6
1	"1"	"1"	3	FALSE	0	135	100	0	0	-395.979797464	395.979797464	2.52392911911	-7	7	-7	7
1	"1"	"1"	3	FALSE	0	135	100	0	0	-395.979797464	395.979797464	2.55743193626	-8	8	-8	8
1	"1"	"1"	3	FALSE	0	135	100	0	0	-395.979797464	395.979797464	2.59076809883	-8	8	-8	8
1	"1"	"1"	3	FALSE	0	135	100	0	0	-395.979797464	395.979797464	2.62397003174	-8	8	-8	8
1	"1"	"1"	3	FALSE	0	135	100	0	0	-395.979797464	395.979797464	2.65673112869	-8	8	-8	8
1	"1"	"1"	3	FALSE	0	135	100	0	0	-395.979797464	395.979797464	2.69072413445	-8	8	-8	8
1	"1"	"1"	3	FALSE	0	135	100	0	0	-395.979797464	395.979797464	2.7241089344	-8	8	-8	8
1	"1"	"1"	3	FALSE	0	135	100	0	0	-395.979797464	395.979797464	2.75680494308	-8	8	-8	8
1	"1"	"1"	3	FALSE	0	135	100	0	0	-395.979797464	395.979797464	2.79075098038	-8	8	-8	8
1	"1"	"1"	3	FALSE	0	135	100	0	0	-395.979797464	395.979797464	2.82392096519	-8	8	-8	8
1	"1"	"1"	3	FALSE	0	135	100	0	0	-395.979797464	395.979797464	2.85749292374	-8	8	-8	8
1	"1"	"1"	3	FALSE	0	135	100	0	0	-395.979797464	395.979797464	2.8903260231	-8	8	-8	8
1	"1"	"1"	3	FALSE	0	135	100	0	0	-395.979797464	395.979797464	2.92419600487	-8	8	-8	8
1	"1"	"1"	3	FALSE	0	135	100	0	0	-395.979797464	395.979797464	2.95757699013	-8	8	-8	8
1	"1"	"1"	3	FALSE	0	135	100	0	0	-395.979797464	395.979797464	2.99035096169	-8	8	-8	8
1	"1"	"1"	3	FALSE	0	135	100	0	0	-395.979797464	395.979797464	3.02434301376	-9	10	-9	10
1	"1"	"1"	3	FALSE	0	135	100	0	0	-395.979797464	395.979797464	3.0577480793	-9	13	-9	13
1	"1"	"1"	3	FALSE	0	135	100	0	0	-395.979797464	395.979797464	3.09075212479	-9	14	-9	14
1	"1"	"1"	3	FALSE	0	135	100	0	0	-395.979797464	395.979797464	3.12448692322	-10	15	-10	15
1	"1"	"1"	3	FALSE	0	135	100	0	0	-395.979797464	395.979797464	3.15757703781	-11	19	-11	19
1	"1"	"1"	3	FALSE	0	135	100	0	0	-395.979797464	395.979797464	3.19121193886	-12	24	-12	24
1	"1"	"1"	3	FALSE	0	135	100	0	0	-395.979797464	395.979797464	3.22462701797	-13	26	-13	26
1	"1"	"1"	3	FALSE	0	135	100	0	0	-395.979797464	395.979797464	3.25796103477	-13	29	-13	29
1	"1"	"1"	3	FALSE	0	135	100	0	0	-395.979797464	395.979797464	3.29114103317	-13	34	-13	34
1	"1"	"1"	3	FALSE	0	135	100	0	0	-395.979797464	395.979797464	3.32464814186	-13	38	-13	38
1	"1"	"1"	3	FALSE	0	135	100	0	0	-395.979797464	395.979797464	3.35812592506	-13	42	-13	42
1	"1"	"1"	3	FALSE	0	135	100	0	0	-395.979797464	395.979797464	3.39128899574	-13	46	-13	46
1	"1"	"1"	3	FALSE	0	135	100	0	0	-395.979797464	395.979797464	3.42473101616	-12	50	-12	50
1	"1"	"1"	3	FALSE	0	135	100	0	0	-395.979797464	395.979797464	3.4582221508	-12	54	-12	54
1	"1"	"1"	3	FALSE	0	135	100	0	0	-395.979797464	395.979797464	3.49140501022	-12	56	-12	56
1	"1"	"1"	3	FALSE	0	135	100	0	0	-395.979797464	395.979797464	3.52474403381	-12	60	-12	60
1	"1"	"1"	3	FALSE	0	135	100	0	0	-395.979797464	395.979797464	3.55821895599	-12	62	-12	62
1	"1"	"1"	3	FALSE	0	135	100	0	0	-395.979797464	395.979797464	3.59149098396	-13	65	-13	65
1	"1"	"1"	3	FALSE	0	135	100	0	0	-395.979797464	395.979797464	3.62476301193	-16	68	-16	68
1	"1"	"1"	3	FALSE	0	135	100	0	0	-395.979797464	395.979797464	3.65814495087	-19	70	-19	70
1	"1"	"1"	3	FALSE	0	135	100	0	0	-395.979797464	395.979797464	3.69158291817	-21	71	-21	71
1	"1"	"1"	3	FALSE	0	135	100	0	0	-395.979797464	395.979797464	3.72490000725	-21	71	-21	71
1	"1"	"1"	3	FALSE	0	135	100	0	0	-395.979797464	395.979797464	3.75760698318	-21	72	-21	72
1	"1"	"1"	3	FALSE	0	135	100	0	0	-395.979797464	395.979797464	3.79163098335	-20	73	-20	73
1	"1"	"1"	3	FALSE	0	135	100	0	0	-395.979797464	395.979797464	3.82497310638	-20	74	-20	74
1	"1"	"1"	3	FALSE	0	135	100	0	0	-395.979797464	395.979797464	3.85813307762	-20	75	-20	75
1	"1"	"1"	3	FALSE	0	135	100	0	0	-395.979797464	395.979797464	3.89179992676	-19	75	-19	75
1	"1"	"1"	3	FALSE	0	135	100	0	0	-395.979797464	395.979797464	3.92498207092	-19	76	-19	76
1	"1"	"1"	3	FALSE	0	135	100	0	0	-395.979797464	395.979797464	3.95830392838	-19	76	-19	76
1	"1"	"1"	3	FALSE	0	135	100	0	0	-395.979797464	395.979797464	3.99159502983	-19	76	-19	76
1	"1"	"1"	3	FALSE	0	135	100	0	0	-395.979797464	395.979797464	4.02456212044	-18	77	-18	77
1	"1"	"1"	3	FALSE	0	135	100	0	0	-395.979797464	395.979797464	4.05845999718	-17	77	-17	77
1	"1"	"1"	3	FALSE	0	135	100	0	0	-395.979797464	395.979797464	4.09177398682	-16	77	-16	77
1	"1"	"1"	3	FALSE	0	135	100	0	0	-395.979797464	395.979797464	4.12453699112	-16	77	-16	77
1	"1"	"1"	3	FALSE	0	135	100	0	0	-395.979797464	395.979797464	4.15849709511	-16	77	-16	77
1	"1"	"1"	3	FALSE	0	135	100	0	0	-395.979797464	395.979797464	4.19185709953	-16	77	-16	77
1	"1"	"1"	3	FALSE	0	135	100	0	0	-395.979797464	395.979797464	4.22513604164	-16	77	-16	77
1	"1"	"1"	3	FALSE	0	135	100	0	0	-395.979797464	395.979797464	4.2586119175	-16	77	-16	77
1	"1"	"1"	3	FALSE	0	135	100	0	0	-395.979797464	395.979797464	4.29188394547	-17	77	-17	77
1	"1"	"1"	3	FALSE	0	135	100	0	0	-395.979797464	395.979797464	4.32505893707	-15	77	-15	77
1	"1"	"1"	3	FALSE	0	135	100	0	0	-395.979797464	395.979797464	4.35857701302	-14	76	-14	76
1	"1"	"1"	3	FALSE	0	135	100	0	0	-395.979797464	395.979797464	4.39147400856	-13	76	-13	76
1	"1"	"1"	3	FALSE	0	135	100	0	0	-395.979797464	395.979797464	4.4254860878	-12	76	-12	76
1	"1"	"1"	3	FALSE	0	135	100	0	0	-395.979797464	395.979797464	4.45879602432	-11	76	-11	76
1	"1"	"1"	3	FALSE	0	135	100	0	0	-395.979797464	395.979797464	4.49179792404	-11	76	-11	76
1	"1"	"1"	3	FALSE	0	135	100	0	0	-395.979797464	395.979797464	4.52486014366	-11	76	-11	76
1	"1"	"1"	3	FALSE	0	135	100	0	0	-395.979797464	395.979797464	4.55879211426	-11	76	-11	76
1	"1"	"1"	3	FALSE	0	135	100	0	0	-395.979797464	395.979797464	4.59213614464	-11	76	-11	76
1	"1"	"1"	3	FALSE	0	135	100	0	0	-395.979797464	395.979797464	4.624958992	-11	76	-11	76
1	"1"	"1"	3	FALSE	0	135	100	0	0	-395.979797464	395.979797464	4.65900707245	-9	78	-9	78
1	"1"	"1"	3	FALSE	0	135	100	0	0	-395.979797464	395.979797464	4.69233298302	-8	79	-8	79
1	"1"	"1"	3	FALSE	0	135	100	0	0	-395.979797464	395.979797464	4.725440979	-8	79	-8	79
1	"1"	"1"	3	FALSE	0	135	100	0	0	-395.979797464	395.979797464	4.75841498375	-8	79	-8	79
1	"1"	"1"	3	FALSE	0	135	100	0	0	-395.979797464	395.979797464	4.79236793518	-8	79	-8	79
1	"1"	"1"	3	FALSE	0	135	100	0	0	-395.979797464	395.979797464	4.82587814331	-9	79	-9	79
1	"1"	"1"	3	FALSE	0	135	100	0	0	-395.979797464	395.979797464	4.85850596428	-11	79	-11	79
1	"1"	"1"	3	FALSE	0	135	100	0	0	-395.979797464	395.979797464	4.89251303673	-12	81	-12	81
1	"1"	"1"	3	FALSE	0	135	100	0	0	-395.979797464	395.979797464	4.9258351326	-12	83	-12	83
1	"1"	"1"	3	FALSE	0	135	100	0	0	-395.979797464	395.979797464	4.95862793922	-13	85	-13	85
1	"1"	"1"	3	FALSE	0	135	100	0	0	-395.979797464	395.979797464	4.99255895615	-13	86	-13	86
1	"1"	"1"	3	FALSE	0	135	100	0	0	-395.979797464	395.979797464	5.02596902847	-13	87	-13	87
1	"1"	"1"	3	FALSE	0	135	100	0	0	-395.979797464	395.979797464	5.05926513672	-13	88	-13	88
1	"1"	"1"	3	FALSE	0	135	100	0	0	-395.979797464	395.979797464	5.09266614914	-13	89	-13	89
1	"1"	"1"	3	FALSE	0	135	100	0	0	-395.979797464	395.979797464	5.12568807602	-13	90	-13	90
1	"1"	"1"	3	FALSE	0	135	100	0	0	-395.979797464	395.979797464	5.15926504135	-14	91	-14	91
1	"1"	"1"	3	FALSE	0	135	100	0	0	-395.979797464	395.979797464	5.19277501106	-14	93	-14	93
1	"1"	"1"	3	FALSE	0	135	100	0	0	-395.979797464	395.979797464	5.22611093521	-15	94	-15	94
1	"1"	"1"	3	FALSE	0	135	100	0	0	-395.979797464	395.979797464	5.25906610489	-15	96	-15	96
1	"1"	"1"	3	FALSE	0	135	100	0	0	-395.979797464	395.979797464	5.2928071022	-17	97	-17	97
1	"1"	"1"	3	FALSE	0	135	100	0	0	-395.979797464	395.979797464	5.32598400116	-18	98	-18	98
1	"1"	"1"	3	FALSE	0	135	100	0	0	-395.979797464	395.979797464	5.35897302628	-19	99	-19	99
1	"1"	"1"	3	FALSE	0	135	100	0	0	-395.979797464	395.979797464	5.39285898209	-21	101	-21	101
1	"1"	"1"	3	FALSE	0	135	100	0	0	-395.979797464	395.979797464	5.42623400688	-23	103	-23	103
1	"1"	"1"	3	FALSE	0	135	100	0	0	-395.979797464	395.979797464	5.45925807953	-26	105	-26	105
1	"1"	"1"	3	FALSE	0	135	100	0	0	-395.979797464	395.979797464	5.49294805527	-31	108	-31	108
1	"1"	"1"	3	FALSE	0	135	100	0	0	-395.979797464	395.979797464	5.52574205399	-38	112	-38	112
1	"1"	"1"	3	FALSE	0	135	100	0	0	-395.979797464	395.979797464	5.55963110924	-49	121	-49	121
1	"1"	"1"	3	FALSE	0	135	100	0	0	-395.979797464	395.979797464	5.59298706055	-60	130	-60	130
1	"1"	"1"	3	FALSE	0	135	100	0	0	-395.979797464	395.979797464	5.62627196312	-70	139	-70	139
1	"1"	"1"	3	FALSE	0	135	100	0	0	-395.979797464	395.979797464	5.65940499306	-84	149	-84	149
1	"1"	"1"	3	FALSE	0	135	100	0	0	-395.979797464	395.979797464	5.69298601151	-109	163	-109	163
1	"1"	"1"	3	FALSE	0	135	100	0	0	-395.979797464	395.979797464	5.72625207901	-133	178	-133	178
1	"1"	"1"	3	FALSE	0	135	100	0	0	-395.979797464	395.979797464	5.7591509819	-156	192	-156	192
1	"1"	"1"	3	FALSE	0	135	100	0	0	-395.979797464	395.979797464	5.79320907593	-184	207	-184	207
1	"1"	"1"	3	FALSE	0	135	100	0	0	-395.979797464	395.979797464	5.82651805878	-210	220	-210	220
1	"1"	"1"	3	FALSE	0	135	100	0	0	-395.979797464	395.979797464	5.85920715332	-229	233	-229	233
1	"1"	"1"	3	FALSE	0	135	100	0	0	-395.979797464	395.979797464	5.89324212074	-250	249	-250	249
1	"1"	"1"	3	FALSE	0	135	100	0	0	-395.979797464	395.979797464	5.92656612396	-269	261	-269	261
1	"1"	"1"	3	FALSE	0	135	100	0	0	-395.979797464	395.979797464	5.96004009247	-286	275	-286	275
1	"1"	"1"	3	FALSE	0	135	100	0	0	-395.979797464	395.979797464	5.99341011047	-301	288	-301	288
1	"1"	"1"	3	FALSE	0	135	100	0	0	-395.979797464	395.979797464	6.02640509605	-318	304	-318	304
1	"1"	"1"	3	FALSE	0	135	100	0	0	-395.979797464	395.979797464	6.06008696556	-336	320	-336	320
1	"1"	"1"	3	FALSE	0	135	100	0	0	-395.979797464	395.979797464	6.09338498116	-349	331	-349	331
1	"1"	"1"	3	FALSE	0	135	100	0	0	-395.979797464	395.979797464	6.12609314919	-360	343	-360	343
1	"1"	"1"	3	FALSE	0	135	100	0	0	-395.979797464	395.979797464	6.16008806229	-366	352	-366	352
1	"1"	"1"	3	FALSE	0	135	100	0	0	-395.979797464	395.979797464	6.19350600243	-370	357	-370	357
1	"1"	"1"	3	FALSE	0	135	100	0	0	-395.979797464	395.979797464	6.22632002831	-374	363	-374	363
1	"1"	"1"	3	FALSE	0	135	100	0	0	-395.979797464	395.979797464	6.26016592979	-377	367	-377	367
1	"1"	"1"	3	FALSE	0	135	100	0	0	-395.979797464	395.979797464	6.29356098175	-377	368	-377	368
1	"1"	"1"	3	FALSE	0	135	100	0	0	-395.979797464	395.979797464	6.32622814178	-377	368	-377	368
1	"1"	"1"	3	FALSE	0	135	100	0	0	-395.979797464	395.979797464	6.36029005051	-376	373	-376	373
1	"1"	"1"	3	FALSE	0	135	100	0	0	-395.979797464	395.979797464	6.39368200302	-376	377	-376	377
1	"1"	"1"	3	FALSE	0	135	100	0	0	-395.979797464	395.979797464	6.42705798149	-376	379	-376	379
1	"1"	"1"	3	FALSE	0	135	100	0	0	-395.979797464	395.979797464	6.46030592918	-376	382	-376	382
1	"1"	"1"	3	FALSE	0	135	100	0	0	-395.979797464	395.979797464	6.49331092834	-377	384	-377	384
1	"1"	"1"	3	FALSE	0	135	100	0	0	-395.979797464	395.979797464	6.52708292007	-378	387	-378	387
1	"1"	"1"	3	FALSE	0	135	100	0	0	-395.979797464	395.979797464	6.56045508385	-379	389	-379	389
1	"1"	"1"	3	FALSE	0	135	100	0	0	-395.979797464	395.979797464	6.59386205673	-379	391	-379	391
1	"1"	"1"	3	FALSE	0	135	100	0	0	-395.979797464	395.979797464	6.62653899193	-380	393	-380	393
1	"1"	"1"	3	FALSE	0	135	100	0	0	-395.979797464	395.979797464	6.66045093536	-380	394	-380	394
1	"1"	"1"	3	FALSE	0	135	100	0	0	-395.979797464	395.979797464	6.69392800331	-381	395	-381	395
1	"1"	"1"	3	FALSE	0	135	100	0	0	-395.979797464	395.979797464	6.72722792625	-382	397	-382	397
1	"1"	"1"	3	FALSE	0	135	100	0	0	-395.979797464	395.979797464	6.76005792618	-383	398	-383	398
1	"1"	"1"	3	FALSE	0	135	100	0	0	-395.979797464	395.979797464	6.79395794868	-384	399	-384	399
1	"1"	"1"	3	FALSE	0	135	100	0	0	-395.979797464	395.979797464	6.82729101181	-386	400	-386	400
1	"1"	"1"	3	FALSE	0	135	100	0	0	-395.979797464	395.979797464	6.86054897308	-387	401	-387	401
1	"1"	"1"	4	FALSE	0	45	100	0	0	395.979797464	395.979797464	0.00200009346008	10	-9	10	-9
1	"1"	"1"	4	FALSE	0	45	100	0	0	395.979797464	395.979797464	0.021537065506	10	-9	10	-9
1	"1"	"1"	4	FALSE	0	45	100	0	0	395.979797464	395.979797464	0.0551512241364	10	-9	10	-9
1	"1"	"1"	4	FALSE	0	45	100	0	0	395.979797464	395.979797464	0.0885381698608	10	-9	10	-9
1	"1"	"1"	4	FALSE	0	45	100	0	0	395.979797464	395.979797464	0.121787071228	10	-9	10	-9
1	"1"	"1"	4	FALSE	0	45	100	0	0	395.979797464	395.979797464	0.15490603447	8	-7	8	-7
1	"1"	"1"	4	FALSE	0	45	100	0	0	395.979797464	395.979797464	0.188333034515	6	-5	6	-5
1	"1"	"1"	4	FALSE	0	45	100	0	0	395.979797464	395.979797464	0.221897125244	4	-3	4	-3
1	"1"	"1"	4	FALSE	0	45	100	0	0	395.979797464	395.979797464	0.25526714325	3	-2	3	-2
1	"1"	"1"	4	FALSE	0	45	100	0	0	395.979797464	395.979797464	0.288157224655	3	0	3	0
1	"1"	"1"	4	FALSE	0	45	100	0	0	395.979797464	395.979797464	0.322113037109	4	8	4	8
1	"1"	"1"	4	FALSE	0	45	100	0	0	395.979797464	395.979797464	0.355465173721	13	36	13	36
1	"1"	"1"	4	FALSE	0	45	100	0	0	395.979797464	395.979797464	0.388158082962	30	66	30	66
1	"1"	"1"	4	FALSE	0	45	100	0	0	395.979797464	395.979797464	0.422251224518	51	93	51	93
1	"1"	"1"	4	FALSE	0	45	100	0	0	395.979797464	395.979797464	0.455519199371	88	142	88	142
1	"1"	"1"	4	FALSE	0	45	100	0	0	395.979797464	395.979797464	0.488789081573	117	174	117	174
1	"1"	"1"	4	FALSE	0	45	100	0	0	395.979797464	395.979797464	0.522235155106	147	204	147	204
1	"1"	"1"	4	FALSE	0	45	100	0	0	395.979797464	395.979797464	0.555677175522	177	235	177	235
1	"1"	"1"	4	FALSE	0	45	100	0	0	395.979797464	395.979797464	0.588382005692	200	261	200	261
1	"1"	"1"	4	FALSE	0	45	100	0	0	395.979797464	395.979797464	0.622350215912	224	284	224	284
1	"1"	"1"	4	FALSE	0	45	100	0	0	395.979797464	395.979797464	0.6556391716	249	309	249	309
1	"1"	"1"	4	FALSE	0	45	100	0	0	395.979797464	395.979797464	0.689163208008	269	328	269	328
1	"1"	"1"	4	FALSE	0	45	100	0	0	395.979797464	395.979797464	0.722404003143	286	340	286	340
1	"1"	"1"	4	FALSE	0	45	100	0	0	395.979797464	395.979797464	0.755793094635	310	358	310	358
1	"1"	"1"	4	FALSE	0	45	100	0	0	395.979797464	395.979797464	0.788494110107	328	372	328	372
1	"1"	"1"	4	FALSE	0	45	100	0	0	395.979797464	395.979797464	0.822540998459	346	383	346	383
1	"1"	"1"	4	FALSE	0	45	100	0	0	395.979797464	395.979797464	0.855897188187	359	391	359	391
1	"1"	"1"	4	FALSE	0	45	100	0	0	395.979797464	395.979797464	0.888861179352	371	398	371	398
1	"1"	"1"	4	FALSE	0	45	100	0	0	395.979797464	395.979797464	0.922528028488	379	402	379	402
1	"1"	"1"	4	FALSE	0	45	100	0	0	395.979797464	395.979797464	0.955947160721	391	407	391	407
1	"1"	"1"	4	FALSE	0	45	100	0	0	395.979797464	395.979797464	0.988634109497	402	410	402	410
1	"1"	"1"	4	FALSE	0	45	100	0	0	395.979797464	395.979797464	1.02247405052	407	410	407	410
1	"1"	"1"	4	FALSE	0	45	100	0	0	395.979797464	395.979797464	1.05606222153	409	410	409	410
1	"1"	"1"	4	FALSE	0	45	100	0	0	395.979797464	395.979797464	1.0891392231	410	409	410	409
1	"1"	"1"	4	FALSE	0	45	100	0	0	395.979797464	395.979797464	1.12232398987	411	409	411	409
1	"1"	"1"	4	FALSE	0	45	100	0	0	395.979797464	395.979797464	1.15548419952	411	409	411	409
1	"1"	"1"	4	FALSE	0	45	100	0	0	395.979797464	395.979797464	1.1894659996	411	408	411	408
1	"1"	"1"	4	FALSE	0	45	100	0	0	395.979797464	395.979797464	1.22266507149	411	407	411	407
1	"1"	"1"	4	FALSE	0	45	100	0	0	395.979797464	395.979797464	1.25578403473	408	404	408	404
1	"1"	"1"	4	FALSE	0	45	100	0	0	395.979797464	395.979797464	1.28956198692	405	402	405	402
1	"1"	"1"	4	FALSE	0	45	100	0	0	395.979797464	395.979797464	1.32277107239	404	401	404	401
1	"1"	"1"	4	FALSE	0	45	100	0	0	395.979797464	395.979797464	1.35588717461	401	399	401	399
1	"1"	"1"	4	FALSE	0	45	100	0	0	395.979797464	395.979797464	1.38942122459	398	397	398	397
1	"1"	"1"	4	FALSE	0	45	100	0	0	395.979797464	395.979797464	1.42297506332	397	396	397	396
1	"1"	"1"	5	FALSE	0	135	100	0	0	-395.979797464	395.979797464	0.00155186653137	-11	-7	-11	-7
1	"1"	"1"	5	FALSE	0	135	100	0	0	-395.979797464	395.979797464	0.0223350524902	-11	-7	-11	-7
1	"1"	"1"	5	FALSE	0	135	100	0	0	-395.979797464	395.979797464	0.0559849739075	-10	-7	-10	-7
1	"1"	"1"	5	FALSE	0	135	100	0	0	-395.979797464	395.979797464	0.0891778469086	-8	-6	-8	-6
1	"1"	"1"	5	FALSE	0	135	100	0	0	-395.979797464	395.979797464	0.122308015823	-4	-4	-4	-4
1	"1"	"1"	5	FALSE	0	135	100	0	0	-395.979797464	395.979797464	0.156015872955	-2	-2	-2	-2
1	"1"	"1"	5	FALSE	0	135	100	0	0	-395.979797464	395.979797464	0.18924498558	-2	-1	-2	-1
1	"1"	"1"	5	FALSE	0	135	100	0	0	-395.979797464	395.979797464	0.222733974457	-1	-1	-1	-1
1	"1"	"1"	5	FALSE	0	135	100	0	0	-395.979797464	395.979797464	0.256036996841	-1	-1	-1	-1
1	"1"	"1"	5	FALSE	0	135	100	0	0	-395.979797464	395.979797464	0.289402961731	-1	-1	-1	-1
1	"1"	"1"	5	FALSE	0	135	100	0	0	-395.979797464	395.979797464	0.322239875793	-1	-1	-1	-1
1	"1"	"1"	5	FALSE	0	135	100	0	0	-395.979797464	395.979797464	0.355985879898	-1	-1	-1	-1
1	"1"	"1"	5	FALSE	0	135	100	0	0	-395.979797464	395.979797464	0.389436006546	-1	-1	-1	-1
1	"1"	"1"	5	FALSE	0	135	100	0	0	-395.979797464	395.979797464	0.422767877579	-1	-1	-1	-1
1	"1"	"1"	5	FALSE	0	135	100	0	0	-395.979797464	395.979797464	0.456147909164	-1	-1	-1	-1
1	"1"	"1"	5	FALSE	0	135	100	0	0	-395.979797464	395.979797464	0.489502906799	-1	-1	-1	-1
1	"1"	"1"	5	FALSE	0	135	100	0	0	-395.979797464	395.979797464	0.522264957428	-1	-1	-1	-1
1	"1"	"1"	5	FALSE	0	135	100	0	0	-395.979797464	395.979797464	0.556305885315	-1	-1	-1	-1
1	"1"	"1"	5	FALSE	0	135	100	0	0	-395.979797464	395.979797464	0.589653015137	-1	-1	-1	-1
1	"1"	"1"	5	FALSE	0	135	100	0	0	-395.979797464	395.979797464	0.622578859329	-1	-1	-1	-1
1	"1"	"1"	5	FALSE	0	135	100	0	0	-395.979797464	395.979797464	0.656429052353	-1	-1	-1	-1
1	"1"	"1"	5	FALSE	0	135	100	0	0	-395.979797464	395.979797464	0.689736843109	-1	-1	-1	-1
1	"1"	"1"	5	FALSE	0	135	100	0	0	-395.979797464	395.979797464	0.722905874252	-1	-1	-1	-1
1	"1"	"1"	5	FALSE	0	135	100	0	0	-395.979797464	395.979797464	0.756078958511	-1	-1	-1	-1
1	"1"	"1"	5	FALSE	0	135	100	0	0	-395.979797464	395.979797464	0.78980588913	-1	-1	-1	-1
1	"1"	"1"	5	FALSE	0	135	100	0	0	-395.979797464	395.979797464	0.823019981384	-1	-1	-1	-1
1	"1"	"1"	5	FALSE	0	135	100	0	0	-395.979797464	395.979797464	0.856126070023	-1	-1	-1	-1
1	"1"	"1"	5	FALSE	0	135	100	0	0	-395.979797464	395.979797464	0.889880895615	0	-1	0	-1
1	"1"	"1"	5	FALSE	0	135	100	0	0	-395.979797464	395.979797464	0.923270940781	-1	1	-1	1
1	"1"	"1"	5	FALSE	0	135	100	0	0	-395.979797464	395.979797464	0.956560850143	-2	2	-2	2
1	"1"	"1"	5	FALSE	0	135	100	0	0	-395.979797464	395.979797464	0.989907026291	-1	4	-1	4
1	"1"	"1"	5	FALSE	0	135	100	0	0	-395.979797464	395.979797464	1.02298903465	-1	5	-1	5
1	"1"	"1"	5	FALSE	0	135	100	0	0	-395.979797464	395.979797464	1.05666399002	-2	7	-2	7
1	"1"	"1"	5	FALSE	0	135	100	0	0	-395.979797464	395.979797464	1.08957600594	-2	8	-2	8
1	"1"	"1"	5	FALSE	0	135	100	0	0	-395.979797464	395.979797464	1.12343502045	-2	9	-2	9
1	"1"	"1"	5	FALSE	0	135	100	0	0	-395.979797464	395.979797464	1.15669584274	-1	10	-1	10
1	"1"	"1"	5	FALSE	0	135	100	0	0	-395.979797464	395.979797464	1.18953704834	-2	11	-2	11
1	"1"	"1"	5	FALSE	0	135	100	0	0	-395.979797464	395.979797464	1.22339892387	-1	10	-1	10
1	"1"	"1"	5	FALSE	0	135	100	0	0	-395.979797464	395.979797464	1.25684189796	-1	10	-1	10
1	"1"	"1"	5	FALSE	0	135	100	0	0	-395.979797464	395.979797464	1.2901160717	-1	10	-1	10
1	"1"	"1"	5	FALSE	0	135	100	0	0	-395.979797464	395.979797464	1.32295584679	0	11	0	11
1	"1"	"1"	5	FALSE	0	135	100	0	0	-395.979797464	395.979797464	1.35688900948	1	12	1	12
1	"1"	"1"	5	FALSE	0	135	100	0	0	-395.979797464	395.979797464	1.39017105103	1	12	1	12
1	"1"	"1"	5	FALSE	0	135	100	0	0	-395.979797464	395.979797464	1.42351293564	2	12	2	12
1	"1"	"1"	5	FALSE	0	135	100	0	0	-395.979797464	395.979797464	1.45715498924	3	11	3	11
1	"1"	"1"	5	FALSE	0	135	100	0	0	-395.979797464	395.979797464	1.49040603638	3	11	3	11
1	"1"	"1"	5	FALSE	0	135	100	0	0	-395.979797464	395.979797464	1.52337002754	3	11	3	11
1	"1"	"1"	5	FALSE	0	135	100	0	0	-395.979797464	395.979797464	1.55703496933	3	11	3	11
1	"1"	"1"	5	FALSE	0	135	100	0	0	-395.979797464	395.979797464	1.59030604362	3	11	3	11
1	"1"	"1"	5	FALSE	0	135	100	0	0	-395.979797464	395.979797464	1.62323403358	3	12	3	12
1	"1"	"1"	5	FALSE	0	135	100	0	0	-395.979797464	395.979797464	1.65714097023	3	12	3	12
1	"1"	"1"	5	FALSE	0	135	100	0	0	-395.979797464	395.979797464	1.69045996666	3	12	3	12
1	"1"	"1"	5	FALSE	0	135	100	0	0	-395.979797464	395.979797464	1.72335886955	4	12	4	12
1	"1"	"1"	5	FALSE	0	135	100	0	0	-395.979797464	395.979797464	1.75695204735	4	12	4	12
1	"1"	"1"	5	FALSE	0	135	100	0	0	-395.979797464	395.979797464	1.78999400139	3	12	3	12
1	"1"	"1"	5	FALSE	0	135	100	0	0	-395.979797464	395.979797464	1.82395291328	4	12	4	12
1	"1"	"1"	5	FALSE	0	135	100	0	0	-395.979797464	395.979797464	1.85720086098	4	12	4	12
1	"1"	"1"	5	FALSE	0	135	100	0	0	-395.979797464	395.979797464	1.89037489891	4	12	4	12
1	"1"	"1"	5	FALSE	0	135	100	0	0	-395.979797464	395.979797464	1.92383098602	4	12	4	12
1	"1"	"1"	5	FALSE	0	135	100	0	0	-395.979797464	395.979797464	1.95724987984	5	12	5	12
1	"1"	"1"	5	FALSE	0	135	100	0	0	-395.979797464	395.979797464	1.99065685272	4	13	4	13
1	"1"	"1"	5	FALSE	0	135	100	0	0	-395.979797464	395.979797464	2.0237839222	4	13	4	13
1	"1"	"1"	5	FALSE	0	135	100	0	0	-395.979797464	395.979797464	2.0575158596	4	13	4	13
1	"1"	"1"	5	FALSE	0	135	100	0	0	-395.979797464	395.979797464	2.09074997902	4	13	4	13
1	"1"	"1"	5	FALSE	0	135	100	0	0	-395.979797464	395.979797464	2.12369704247	4	13	4	13
1	"1"	"1"	5	FALSE	0	135	100	0	0	-395.979797464	395.979797464	2.15753388405	5	13	5	13
1	"1"	"1"	5	FALSE	0	135	100	0	0	-395.979797464	395.979797464	2.19054794312	4	14	4	14
1	"1"	"1"	5	FALSE	0	135	100	0	0	-395.979797464	395.979797464	2.22375702858	-7	22	-7	22
1	"1"	"1"	5	FALSE	0	135	100	0	0	-395.979797464	395.979797464	2.25766205788	-20	32	-20	32
1	"1"	"1"	5	FALSE	0	135	100	0	0	-395.979797464	395.979797464	2.29100298882	-24	37	-24	37
1	"1"	"1"	5	FALSE	0	135	100	0	0	-395.979797464	395.979797464	2.32416892052	-24	37	-24	37
1	"1"	"1"	5	FALSE	0	135	100	0	0	-395.979797464	395.979797464	2.35728907585	-24	36	-24	36
1	"1"	"1"	5	FALSE	0	135	100	0	0	-395.979797464	395.979797464	2.39094591141	-24	35	-24	35
1	"1"	"1"	5	FALSE	0	135	100	0	0	-395.979797464	395.979797464	2.42405796051	-24	35	-24	35
1	"1"	"1"	5	FALSE	0	135	100	0	0	-395.979797464	395.979797464	2.45776486397	-24	35	-24	35
1	"1"	"1"	5	FALSE	0	135	100	0	0	-395.979797464	395.979797464	2.49105501175	-24	35	-24	35
1	"1"	"1"	5	FALSE	0	135	100	0	0	-395.979797464	395.979797464	2.52447485924	-24	35	-24	35
1	"1"	"1"	5	FALSE	0	135	100	0	0	-395.979797464	395.979797464	2.55777692795	-24	36	-24	36
1	"1"	"1"	5	FALSE	0	135	100	0	0	-395.979797464	395.979797464	2.59059095383	-28	40	-28	40
1	"1"	"1"	5	FALSE	0	135	100	0	0	-395.979797464	395.979797464	2.62464904785	-52	43	-52	43
1	"1"	"1"	5	FALSE	0	135	100	0	0	-395.979797464	395.979797464	2.65800189972	-80	51	-80	51
1	"1"	"1"	5	FALSE	0	135	100	0	0	-395.979797464	395.979797464	2.69070506096	-108	74	-108	74
1	"1"	"1"	5	FALSE	0	135	100	0	0	-395.979797464	395.979797464	2.72381997108	-118	91	-118	91
1	"1"	"1"	5	FALSE	0	135	100	0	0	-395.979797464	395.979797464	2.75785899162	-118	91	-118	91
1	"1"	"1"	5	FALSE	0	135	100	0	0	-395.979797464	395.979797464	2.7913608551	-118	91	-118	91
1	"1"	"1"	5	FALSE	0	135	100	0	0	-395.979797464	395.979797464	2.82434892654	-118	91	-118	91
1	"1"	"1"	5	FALSE	0	135	100	0	0	-395.979797464	395.979797464	2.85790705681	-118	91	-118	91
1	"1"	"1"	5	FALSE	0	135	100	0	0	-395.979797464	395.979797464	2.89108705521	-118	91	-118	91
1	"1"	"1"	5	FALSE	0	135	100	0	0	-395.979797464	395.979797464	2.9247610569	-118	91	-118	91
1	"1"	"1"	5	FALSE	0	135	100	0	0	-395.979797464	395.979797464	2.95817399025	-118	91	-118	91
1	"1"	"1"	5	FALSE	0	135	100	0	0	-395.979797464	395.979797464	2.99145007133	-118	91	-118	91
1	"1"	"1"	5	FALSE	0	135	100	0	0	-395.979797464	395.979797464	3.02470684052	-118	91	-118	91
1	"1"	"1"	5	FALSE	0	135	100	0	0	-395.979797464	395.979797464	3.05751800537	-118	91	-118	91
1	"1"	"1"	5	FALSE	0	135	100	0	0	-395.979797464	395.979797464	3.09154200554	-118	91	-118	91
1	"1"	"1"	5	FALSE	0	135	100	0	0	-395.979797464	395.979797464	3.1249229908	-118	91	-118	91
1	"1"	"1"	5	FALSE	0	135	100	0	0	-395.979797464	395.979797464	3.15763401985	-118	91	-118	91
1	"1"	"1"	5	FALSE	0	135	100	0	0	-395.979797464	395.979797464	3.19166302681	-118	91	-118	91
1	"1"	"1"	5	FALSE	0	135	100	0	0	-395.979797464	395.979797464	3.22497606277	-118	91	-118	91
1	"1"	"1"	5	FALSE	0	135	100	0	0	-395.979797464	395.979797464	3.25798106194	-118	91	-118	91
1	"1"	"1"	5	FALSE	0	135	100	0	0	-395.979797464	395.979797464	3.29164099693	-118	91	-118	91
1	"1"	"1"	5	FALSE	0	135	100	0	0	-395.979797464	395.979797464	3.32438087463	-118	91	-118	91
1	"1"	"1"	5	FALSE	0	135	100	0	0	-395.979797464	395.979797464	3.35825395584	-118	91	-118	91
1	"1"	"1"	5	FALSE	0	135	100	0	0	-395.979797464	395.979797464	3.39176106453	-118	91	-118	91
1	"1"	"1"	5	FALSE	0	135	100	0	0	-395.979797464	395.979797464	3.42447900772	-118	91	-118	91
1	"1"	"1"	5	FALSE	0	135	100	0	0	-395.979797464	395.979797464	3.458507061	-118	91	-118	91
1	"1"	"1"	5	FALSE	0	135	100	0	0	-395.979797464	395.979797464	3.4917910099	-118	91	-118	91
1	"1"	"1"	5	FALSE	0	135	100	0	0	-395.979797464	395.979797464	3.52504301071	-118	91	-118	91
1	"1"	"1"	5	FALSE	0	135	100	0	0	-395.979797464	395.979797464	3.55838489532	-118	91	-118	91
1	"1"	"1"	5	FALSE	0	135	100	0	0	-395.979797464	395.979797464	3.5919380188	-118	91	-118	91
1	"1"	"1"	5	FALSE	0	135	100	0	0	-395.979797464	395.979797464	3.62533688545	-118	91	-118	91
1	"1"	"1"	5	FALSE	0	135	100	0	0	-395.979797464	395.979797464	3.65811491013	-118	91	-118	91
1	"1"	"1"	5	FALSE	0	135	100	0	0	-395.979797464	395.979797464	3.69198083878	-118	91	-118	91
1	"1"	"1"	5	FALSE	0	135	100	0	0	-395.979797464	395.979797464	3.72502183914	-118	91	-118	91
1	"1"	"1"	5	FALSE	0	135	100	0	0	-395.979797464	395.979797464	3.75841784477	-118	91	-118	91
1	"1"	"1"	5	FALSE	0	135	100	0	0	-395.979797464	395.979797464	3.7921090126	-118	91	-118	91
1	"1"	"1"	5	FALSE	0	135	100	0	0	-395.979797464	395.979797464	3.82510399818	-118	91	-118	91
1	"1"	"1"	5	FALSE	0	135	100	0	0	-395.979797464	395.979797464	3.85881400108	-118	91	-118	91
1	"1"	"1"	5	FALSE	0	135	100	0	0	-395.979797464	395.979797464	3.89204096794	-118	91	-118	91
1	"1"	"1"	5	FALSE	0	135	100	0	0	-395.979797464	395.979797464	3.92482495308	-118	91	-118	91
1	"1"	"1"	5	FALSE	0	135	100	0	0	-395.979797464	395.979797464	3.95883703232	-118	91	-118	91
1	"1"	"1"	5	FALSE	0	135	100	0	0	-395.979797464	395.979797464	3.99226498604	-118	91	-118	91
1	"1"	"1"	5	FALSE	0	135	100	0	0	-395.979797464	395.979797464	4.0256550312	-12	-13	-12	-13
1	"1"	"1"	5	FALSE	0	135	100	0	0	-395.979797464	395.979797464	4.05875992775	-12	-14	-12	-14
1	"1"	"1"	5	FALSE	0	135	100	0	0	-395.979797464	395.979797464	4.0922999382	-12	-11	-12	-11
1	"1"	"1"	5	FALSE	0	135	100	0	0	-395.979797464	395.979797464	4.12509703636	-12	-7	-12	-7
1	"1"	"1"	5	FALSE	0	135	100	0	0	-395.979797464	395.979797464	4.15916395187	-13	-7	-13	-7
1	"1"	"1"	5	FALSE	0	135	100	0	0	-395.979797464	395.979797464	4.19248604774	-14	-7	-14	-7
1	"1"	"1"	5	FALSE	0	135	100	0	0	-395.979797464	395.979797464	4.22519397736	-15	-5	-15	-5
1	"1"	"1"	5	FALSE	0	135	100	0	0	-395.979797464	395.979797464	4.25911688805	-18	-2	-18	-2
1	"1"	"1"	5	FALSE	0	135	100	0	0	-395.979797464	395.979797464	4.29255390167	-23	3	-23	3
1	"1"	"1"	5	FALSE	0	135	100	0	0	-395.979797464	395.979797464	4.32597994804	-30	7	-30	7
1	"1"	"1"	5	FALSE	0	135	100	0	0	-395.979797464	395.979797464	4.35897803307	-42	13	-42	13
1	"1"	"1"	5	FALSE	0	135	100	0	0	-395.979797464	395.979797464	4.39248991013	-58	21	-58	21
1	"1"	"1"	5	FALSE	0	135	100	0	0	-395.979797464	395.979797464	4.42594885826	-71	31	-71	31
1	"1"	"1"	5	FALSE	0	135	100	0	0	-395.979797464	395.979797464	4.45915603638	-93	48	-93	48
1	"1"	"1"	5	FALSE	0	135	100	0	0	-395.979797464	395.979797464	4.49261498451	-124	74	-124	74
1	"1"	"1"	5	FALSE	0	135	100	0	0	-395.979797464	395.979797464	4.52594089508	-148	93	-148	93
1	"1"	"1"	5	FALSE	0	135	100	0	0	-395.979797464	395.979797464	4.55878901482	-177	115	-177	115
1	"1"	"1"	5	FALSE	0	135	100	0	0	-395.979797464	395.979797464	4.59274792671	-209	139	-209	139
1	"1"	"1"	5	FALSE	0	135	100	0	0	-395.979797464	395.979797464	4.6261909008	-234	158	-234	158
1	"1"	"1"	5	FALSE	0	135	100	0	0	-395.979797464	395.979797464	4.65912890434	-269	187	-269	187
1	"1"	"1"	5	FALSE	0	135	100	0	0	-395.979797464	395.979797464	4.69270300865	-293	208	-293	208
1	"1"	"1"	5	FALSE	0	135	100	0	0	-395.979797464	395.979797464	4.72570300102	-319	232	-319	232
1	"1"	"1"	5	FALSE	0	135	100	0	0	-395.979797464	395.979797464	4.75959396362	-338	251	-338	251
1	"1"	"1"	5	FALSE	0	135	100	0	0	-395.979797464	395.979797464	4.79286289215	-350	264	-350	264
1	"1"	"1"	5	FALSE	0	135	100	0	0	-395.979797464	395.979797464	4.82576489449	-362	279	-362	279
1	"1"	"1"	5	FALSE	0	135	100	0	0	-395.979797464	395.979797464	4.85966300964	-373	296	-373	296
1	"1"	"1"	5	FALSE	0	135	100	0	0	-395.979797464	395.979797464	4.8928258419	-377	310	-377	310
1	"1"	"1"	5	FALSE	0	135	100	0	0	-395.979797464	395.979797464	4.92617106438	-378	319	-378	319
1	"1"	"1"	5	FALSE	0	135	100	0	0	-395.979797464	395.979797464	4.95962190628	-376	327	-376	327
1	"1"	"1"	5	FALSE	0	135	100	0	0	-395.979797464	395.979797464	4.99302887917	-375	333	-375	333
1	"1"	"1"	5	FALSE	0	135	100	0	0	-395.979797464	395.979797464	5.02579307556	-374	336	-374	336
1	"1"	"1"	5	FALSE	0	135	100	0	0	-395.979797464	395.979797464	5.05914998055	-375	341	-375	341
1	"1"	"1"	5	FALSE	0	135	100	0	0	-395.979797464	395.979797464	5.09256601334	-376	346	-376	346
1	"1"	"1"	5	FALSE	0	135	100	0	0	-395.979797464	395.979797464	5.12596487999	-377	352	-377	352
1	"1"	"1"	5	FALSE	0	135	100	0	0	-395.979797464	395.979797464	5.15989494324	-379	360	-379	360
1	"1"	"1"	5	FALSE	0	135	100	0	0	-395.979797464	395.979797464	5.19324588776	-381	368	-381	368
1	"1"	"1"	5	FALSE	0	135	100	0	0	-395.979797464	395.979797464	5.22614407539	-384	372	-384	372
1	"1"	"1"	5	FALSE	0	135	100	0	0	-395.979797464	395.979797464	5.25929784775	-387	376	-387	376
1	"1"	"1"	5	FALSE	0	135	100	0	0	-395.979797464	395.979797464	5.29330396652	-391	382	-391	382
1	"1"	"1"	5	FALSE	0	135	100	0	0	-395.979797464	395.979797464	5.32669401169	-392	387	-392	387
1	"1"	"1"	5	FALSE	0	135	100	0	0	-395.979797464	395.979797464	5.36008191109	-394	390	-394	390
1	"1"	"1"	5	FALSE	0	135	100	0	0	-395.979797464	395.979797464	5.39339590073	-395	393	-395	393
1	"1"	"1"	5	FALSE	0	135	100	0	0	-395.979797464	395.979797464	5.42663288116	-396	397	-396	397
1	"1"	"1"	5	FALSE	0	135	100	0	0	-395.979797464	395.979797464	5.45959806442	-398	401	-398	401
1	"1"	"1"	5	FALSE	0	135	100	0	0	-395.979797464	395.979797464	5.49346399307	-399	403	-399	403
1	"1"	"1"	5	FALSE	0	135	100	0	0	-395.979797464	395.979797464	5.52675294876	-400	404	-400	404
1	"1"	"1"	5	FALSE	0	135	100	0	0	-395.979797464	395.979797464	5.55986785889	-399	406	-399	406
1	"1"	"1"	5	FALSE	0	135	100	0	0	-395.979797464	395.979797464	5.59352207184	-398	409	-398	409
1	"1"	"1"	6	FALSE	0	90	100	0	0	3.42901103761e-14	560	0.00218892097473	-2	1	-2	1
1	"1"	"1"	6	FALSE	0	90	100	0	0	3.42901103761e-14	560	0.0211119651794	-2	1	-2	1
1	"1"	"1"	6	FALSE	0	90	100	0	0	3.42901103761e-14	560	0.0551450252533	-2	1	-2	1
1	"1"	"1"	6	FALSE	0	90	100	0	0	3.42901103761e-14	560	0.0885260105133	-2	1	-2	1
1	"1"	"1"	6	FALSE	0	90	100	0	0	3.42901103761e-14	560	0.121830940247	-2	1	-2	1
1	"1"	"1"	6	FALSE	0	90	100	0	0	3.42901103761e-14	560	0.155196905136	-1	-1	-1	-1
1	"1"	"1"	6	FALSE	0	90	100	0	0	3.42901103761e-14	560	0.188118934631	0	-2	0	-2
1	"1"	"1"	6	FALSE	0	90	100	0	0	3.42901103761e-14	560	0.222009897232	1	-3	1	-3
1	"1"	"1"	6	FALSE	0	90	100	0	0	3.42901103761e-14	560	0.255239009857	1	-3	1	-3
1	"1"	"1"	6	FALSE	0	90	100	0	0	3.42901103761e-14	560	0.288032054901	1	-3	1	-3
1	"1"	"1"	6	FALSE	0	90	100	0	0	3.42901103761e-14	560	0.321986913681	1	-3	1	-3
1	"1"	"1"	6	FALSE	0	90	100	0	0	3.42901103761e-14	560	0.355326890945	1	-3	1	-3
1	"1"	"1"	6	FALSE	0	90	100	0	0	3.42901103761e-14	560	0.388642072678	1	-3	1	-3
1	"1"	"1"	6	FALSE	0	90	100	0	0	3.42901103761e-14	560	0.422101020813	1	-1	1	-1
1	"1"	"1"	6	FALSE	0	90	100	0	0	3.42901103761e-14	560	0.455431938171	0	5	0	5
1	"1"	"1"	6	FALSE	0	90	100	0	0	3.42901103761e-14	560	0.488739013672	-1	11	-1	11
1	"1"	"1"	6	FALSE	0	90	100	0	0	3.42901103761e-14	560	0.521636962891	-2	22	-2	22
1	"1"	"1"	6	FALSE	0	90	100	0	0	3.42901103761e-14	560	0.555591106415	-2	53	-2	53
1	"1"	"1"	6	FALSE	0	90	100	0	0	3.42901103761e-14	560	0.588712930679	-4	89	-4	89
1	"1"	"1"	6	FALSE	0	90	100	0	0	3.42901103761e-14	560	0.622303009033	-9	118	-9	118
1	"1"	"1"	6	FALSE	0	90	100	0	0	3.42901103761e-14	560	0.655685901642	-18	173	-18	173
1	"1"	"1"	6	FALSE	0	90	100	0	0	3.42901103761e-14	560	0.688920974731	-23	204	-23	204
1	"1"	"1"	6	FALSE	0	90	100	0	0	3.42901103761e-14	560	0.722326040268	-25	234	-25	234
1	"1"	"1"	6	FALSE	0	90	100	0	0	3.42901103761e-14	560	0.755722999573	-26	266	-26	266
1	"1"	"1"	6	FALSE	0	90	100	0	0	3.42901103761e-14	560	0.788600921631	-26	303	-26	303
1	"1"	"1"	6	FALSE	0	90	100	0	0	3.42901103761e-14	560	0.822385072708	-32	331	-32	331
1	"1"	"1"	6	FALSE	0	90	100	0	0	3.42901103761e-14	560	0.855192899704	-33	350	-33	350
1	"1"	"1"	6	FALSE	0	90	100	0	0	3.42901103761e-14	560	0.889142036438	-29	374	-29	374
1	"1"	"1"	6	FALSE	0	90	100	0	0	3.42901103761e-14	560	0.922516107559	-28	391	-28	391
1	"1"	"1"	6	FALSE	0	90	100	0	0	3.42901103761e-14	560	0.95527100563	-28	403	-28	403
1	"1"	"1"	6	FALSE	0	90	100	0	0	3.42901103761e-14	560	0.989344120026	-26	417	-26	417
1	"1"	"1"	6	FALSE	0	90	100	0	0	3.42901103761e-14	560	1.02256393433	-23	430	-23	430
1	"1"	"1"	6	FALSE	0	90	100	0	0	3.42901103761e-14	560	1.05564308167	-20	440	-20	440
1	"1"	"1"	6	FALSE	0	90	100	0	0	3.42901103761e-14	560	1.08869600296	-19	447	-19	447
1	"1"	"1"	6	FALSE	0	90	100	0	0	3.42901103761e-14	560	1.12263703346	-16	455	-16	455
1	"1"	"1"	6	FALSE	0	90	100	0	0	3.42901103761e-14	560	1.15605711937	-14	463	-14	463
1	"1"	"1"	6	FALSE	0	90	100	0	0	3.42901103761e-14	560	1.18928790092	-13	469	-13	469
1	"1"	"1"	6	FALSE	0	90	100	0	0	3.42901103761e-14	560	1.22271609306	-13	476	-13	476
1	"1"	"1"	6	FALSE	0	90	100	0	0	3.42901103761e-14	560	1.25602602959	-12	484	-12	484
1	"1"	"1"	6	FALSE	0	90	100	0	0	3.42901103761e-14	560	1.28941297531	-12	492	-12	492
1	"1"	"1"	6	FALSE	0	90	100	0	0	3.42901103761e-14	560	1.3222990036	-12	498	-12	498
1	"1"	"1"	6	FALSE	0	90	100	0	0	3.42901103761e-14	560	1.35612201691	-11	505	-11	505
1	"1"	"1"	6	FALSE	0	90	100	0	0	3.42901103761e-14	560	1.38945603371	-11	511	-11	511
1	"1"	"1"	6	FALSE	0	90	100	0	0	3.42901103761e-14	560	1.42224788666	-11	516	-11	516
1	"1"	"1"	6	FALSE	0	90	100	0	0	3.42901103761e-14	560	1.45632600784	-11	520	-11	520
1	"1"	"1"	6	FALSE	0	90	100	0	0	3.42901103761e-14	560	1.48960995674	-11	524	-11	524
1	"1"	"1"	6	FALSE	0	90	100	0	0	3.42901103761e-14	560	1.52258110046	-10	528	-10	528
1	"1"	"1"	6	FALSE	0	90	100	0	0	3.42901103761e-14	560	1.55620098114	-9	532	-9	532
1	"1"	"1"	6	FALSE	0	90	100	0	0	3.42901103761e-14	560	1.58905506134	-8	534	-8	534
1	"1"	"1"	6	FALSE	0	90	100	0	0	3.42901103761e-14	560	1.62306308746	-6	537	-6	537
1	"1"	"1"	6	FALSE	0	90	100	0	0	3.42901103761e-14	560	1.65644001961	-5	539	-5	539
1	"1"	"1"	6	FALSE	0	90	100	0	0	3.42901103761e-14	560	1.68974494934	-5	540	-5	540
1	"1"	"1"	6	FALSE	0	90	100	0	0	3.42901103761e-14	560	1.72307896614	-4	542	-4	542
1	"1"	"1"	6	FALSE	0	90	100	0	0	3.42901103761e-14	560	1.75649809837	-3	543	-3	543
1	"1"	"1"	6	FALSE	0	90	100	0	0	3.42901103761e-14	560	1.78986811638	-2	544	-2	544
1	"1"	"1"	6	FALSE	0	90	100	0	0	3.42901103761e-14	560	1.82320809364	-1	545	-1	545
1	"1"	"1"	6	FALSE	0	90	100	0	0	3.42901103761e-14	560	1.85638904572	2	546	2	546
1	"1"	"1"	6	FALSE	0	90	100	0	0	3.42901103761e-14	560	1.88928699493	5	549	5	549
1	"1"	"1"	6	FALSE	0	90	100	0	0	3.42901103761e-14	560	1.9233019352	8	551	8	551
1	"1"	"1"	6	FALSE	0	90	100	0	0	3.42901103761e-14	560	1.95666694641	12	553	12	553
1	"1"	"1"	6	FALSE	0	90	100	0	0	3.42901103761e-14	560	1.98944497108	14	554	14	554
1	"1"	"1"	6	FALSE	0	90	100	0	0	3.42901103761e-14	560	2.02339506149	16	556	16	556
1	"1"	"1"	6	FALSE	0	90	100	0	0	3.42901103761e-14	560	2.05664896965	18	558	18	558
1	"1"	"1"	6	FALSE	0	90	100	0	0	3.42901103761e-14	560	2.0897500515	18	559	18	559
1	"1"	"1"	6	FALSE	0	90	100	0	0	3.42901103761e-14	560	2.12287092209	16	560	16	560
1	"1"	"1"	6	FALSE	0	90	100	0	0	3.42901103761e-14	560	2.15675806999	14	561	14	561
1	"1"	"1"	6	FALSE	0	90	100	0	0	3.42901103761e-14	560	2.1900370121	11	561	11	561
1	"1"	"1"	6	FALSE	0	90	100	0	0	3.42901103761e-14	560	2.2235019207	9	561	9	561
