"task_num"	"task_name"	"trial_type"	"trial_num"	"terminalfeedback_bool"	"rotation_angle"	"targetangle_deg"	"targetdistance_percmax"	"homex_px"	"homey_px"	"targetx_px"	"targety_px"	"time_s"	"mousex_px"	"mousey_px"	"cursorx_px"	"cursory_px"
"4220"	9	1	1	1	0	0	90	100	0	0	3.42901103761e-14	560	1553612254.2	7	2	7	2
"4221"	9	1	1	1	0	0	90	100	0	0	3.42901103761e-14	560	1553612254.23	5	-2	5	-2
"4222"	9	1	1	1	0	0	90	100	0	0	3.42901103761e-14	560	1553612254.27	3	-5	3	-5
"4223"	9	1	1	1	0	0	90	100	0	0	3.42901103761e-14	560	1553612254.3	2	-5	2	-5
"4224"	9	1	1	1	0	0	90	100	0	0	3.42901103761e-14	560	1553612254.33	2	-5	2	-5
"4225"	9	1	1	1	0	0	90	100	0	0	3.42901103761e-14	560	1553612254.37	2	-5	2	-5
"4226"	9	1	1	1	0	0	90	100	0	0	3.42901103761e-14	560	1553612254.4	2	-5	2	-5
"4227"	9	1	1	1	0	0	90	100	0	0	3.42901103761e-14	560	1553612254.43	2	-5	2	-5
"4228"	9	1	1	1	0	0	90	100	0	0	3.42901103761e-14	560	1553612254.47	2	-5	2	-5
"4229"	9	1	1	1	0	0	90	100	0	0	3.42901103761e-14	560	1553612254.5	2	-5	2	-5
"4230"	9	1	1	1	0	0	90	100	0	0	3.42901103761e-14	560	1553612254.53	2	-5	2	-5
"4231"	9	1	1	1	0	0	90	100	0	0	3.42901103761e-14	560	1553612254.57	2	-5	2	-5
"4232"	9	1	1	1	0	0	90	100	0	0	3.42901103761e-14	560	1553612254.6	2	-5	2	-5
"4233"	9	1	1	1	0	0	90	100	0	0	3.42901103761e-14	560	1553612254.63	2	-5	2	-5
"4234"	9	1	1	1	0	0	90	100	0	0	3.42901103761e-14	560	1553612254.67	2	-4	2	-4
"4235"	9	1	1	1	0	0	90	100	0	0	3.42901103761e-14	560	1553612254.7	1	3	1	3
"4236"	9	1	1	1	0	0	90	100	0	0	3.42901103761e-14	560	1553612254.73	1	21	1	21
"4237"	9	1	1	1	0	0	90	100	0	0	3.42901103761e-14	560	1553612254.77	1	49	1	49
"4238"	9	1	1	1	0	0	90	100	0	0	3.42901103761e-14	560	1553612254.8	2	79	2	79
"4239"	9	1	1	1	0	0	90	100	0	0	3.42901103761e-14	560	1553612254.83	3	115	3	115
"4240"	9	1	1	1	0	0	90	100	0	0	3.42901103761e-14	560	1553612254.87	3	156	3	156
"4241"	9	1	1	1	0	0	90	100	0	0	3.42901103761e-14	560	1553612254.9	2	192	2	192
"4242"	9	1	1	1	0	0	90	100	0	0	3.42901103761e-14	560	1553612254.93	-1	236	-1	236
"4243"	9	1	1	1	0	0	90	100	0	0	3.42901103761e-14	560	1553612254.97	-4	281	-4	281
"4244"	9	1	1	1	0	0	90	100	0	0	3.42901103761e-14	560	1553612255	-6	316	-6	316
"4245"	9	1	1	1	0	0	90	100	0	0	3.42901103761e-14	560	1553612255.03	-11	352	-11	352
"4246"	9	1	1	1	0	0	90	100	0	0	3.42901103761e-14	560	1553612255.07	-15	379	-15	379
"4247"	9	1	1	1	0	0	90	100	0	0	3.42901103761e-14	560	1553612255.1	-17	410	-17	410
"4248"	9	1	1	1	0	0	90	100	0	0	3.42901103761e-14	560	1553612255.13	-18	432	-18	432
"4249"	9	1	1	1	0	0	90	100	0	0	3.42901103761e-14	560	1553612255.17	-18	452	-18	452
"4250"	9	1	1	1	0	0	90	100	0	0	3.42901103761e-14	560	1553612255.2	-14	467	-14	467
"4251"	9	1	1	1	0	0	90	100	0	0	3.42901103761e-14	560	1553612255.23	-11	481	-11	481
"4252"	9	1	1	1	0	0	90	100	0	0	3.42901103761e-14	560	1553612255.27	-6	495	-6	495
"4253"	9	1	1	1	0	0	90	100	0	0	3.42901103761e-14	560	1553612255.3	-1	510	-1	510
"4254"	9	1	1	1	0	0	90	100	0	0	3.42901103761e-14	560	1553612255.33	1	519	1	519
"4255"	9	1	1	1	0	0	90	100	0	0	3.42901103761e-14	560	1553612255.37	3	526	3	526
"4256"	9	1	1	1	0	0	90	100	0	0	3.42901103761e-14	560	1553612255.4	7	536	7	536
"4257"	9	1	1	1	0	0	90	100	0	0	3.42901103761e-14	560	1553612255.43	9	542	9	542
"4258"	9	1	1	1	0	0	90	100	0	0	3.42901103761e-14	560	1553612255.47	9	542	9	542
"4259"	9	1	1	1	0	0	90	100	0	0	3.42901103761e-14	560	1553612255.5	9	544	9	544
"4260"	9	1	1	1	0	0	90	100	0	0	3.42901103761e-14	560	1553612255.53	7	546	7	546
"4261"	9	1	1	1	0	0	90	100	0	0	3.42901103761e-14	560	1553612255.57	6	548	6	548
"4262"	9	1	1	1	0	0	90	100	0	0	3.42901103761e-14	560	1553612255.6	5	551	5	551
"4263"	9	1	1	1	0	0	90	100	0	0	3.42901103761e-14	560	1553612255.63	4	553	4	553
"4264"	9	1	1	2	0	0	135	100	0	0	-395.979797464	395.979797464	1553612257.05	4	7	4	7
"4265"	9	1	1	2	0	0	135	100	0	0	-395.979797464	395.979797464	1553612257.07	4	7	4	7
"4266"	9	1	1	2	0	0	135	100	0	0	-395.979797464	395.979797464	1553612257.1	4	5	4	5
"4267"	9	1	1	2	0	0	135	100	0	0	-395.979797464	395.979797464	1553612257.13	4	5	4	5
"4268"	9	1	1	2	0	0	135	100	0	0	-395.979797464	395.979797464	1553612257.17	4	5	4	5
"4269"	9	1	1	2	0	0	135	100	0	0	-395.979797464	395.979797464	1553612257.2	4	5	4	5
"4270"	9	1	1	2	0	0	135	100	0	0	-395.979797464	395.979797464	1553612257.23	4	5	4	5
"4271"	9	1	1	2	0	0	135	100	0	0	-395.979797464	395.979797464	1553612257.27	4	5	4	5
"4272"	9	1	1	2	0	0	135	100	0	0	-395.979797464	395.979797464	1553612257.3	4	5	4	5
"4273"	9	1	1	2	0	0	135	100	0	0	-395.979797464	395.979797464	1553612257.33	4	5	4	5
"4274"	9	1	1	2	0	0	135	100	0	0	-395.979797464	395.979797464	1553612257.37	4	5	4	5
"4275"	9	1	1	2	0	0	135	100	0	0	-395.979797464	395.979797464	1553612257.4	4	6	4	6
"4276"	9	1	1	2	0	0	135	100	0	0	-395.979797464	395.979797464	1553612257.43	0	9	0	9
"4277"	9	1	1	2	0	0	135	100	0	0	-395.979797464	395.979797464	1553612257.47	-8	15	-8	15
"4278"	9	1	1	2	0	0	135	100	0	0	-395.979797464	395.979797464	1553612257.5	-19	25	-19	25
"4279"	9	1	1	2	0	0	135	100	0	0	-395.979797464	395.979797464	1553612257.53	-32	39	-32	39
"4280"	9	1	1	2	0	0	135	100	0	0	-395.979797464	395.979797464	1553612257.57	-48	53	-48	53
"4281"	9	1	1	2	0	0	135	100	0	0	-395.979797464	395.979797464	1553612257.6	-64	67	-64	67
"4282"	9	1	1	2	0	0	135	100	0	0	-395.979797464	395.979797464	1553612257.63	-93	94	-93	94
"4283"	9	1	1	2	0	0	135	100	0	0	-395.979797464	395.979797464	1553612257.67	-115	113	-115	113
"4284"	9	1	1	2	0	0	135	100	0	0	-395.979797464	395.979797464	1553612257.7	-145	137	-145	137
"4285"	9	1	1	2	0	0	135	100	0	0	-395.979797464	395.979797464	1553612257.73	-173	162	-173	162
"4286"	9	1	1	2	0	0	135	100	0	0	-395.979797464	395.979797464	1553612257.77	-207	189	-207	189
"4287"	9	1	1	2	0	0	135	100	0	0	-395.979797464	395.979797464	1553612257.8	-239	216	-239	216
"4288"	9	1	1	2	0	0	135	100	0	0	-395.979797464	395.979797464	1553612257.83	-266	241	-266	241
"4289"	9	1	1	2	0	0	135	100	0	0	-395.979797464	395.979797464	1553612257.87	-293	268	-293	268
"4290"	9	1	1	2	0	0	135	100	0	0	-395.979797464	395.979797464	1553612257.9	-315	291	-315	291
"4291"	9	1	1	2	0	0	135	100	0	0	-395.979797464	395.979797464	1553612257.93	-333	313	-333	313
"4292"	9	1	1	2	0	0	135	100	0	0	-395.979797464	395.979797464	1553612257.97	-344	329	-344	329
"4293"	9	1	1	2	0	0	135	100	0	0	-395.979797464	395.979797464	1553612258	-353	343	-353	343
"4294"	9	1	1	2	0	0	135	100	0	0	-395.979797464	395.979797464	1553612258.03	-362	359	-362	359
"4295"	9	1	1	2	0	0	135	100	0	0	-395.979797464	395.979797464	1553612258.07	-369	371	-369	371
"4296"	9	1	1	2	0	0	135	100	0	0	-395.979797464	395.979797464	1553612258.1	-377	381	-377	381
"4297"	9	1	1	2	0	0	135	100	0	0	-395.979797464	395.979797464	1553612258.13	-382	388	-382	388
"4298"	9	1	1	2	0	0	135	100	0	0	-395.979797464	395.979797464	1553612258.17	-385	391	-385	391
"4299"	9	1	1	2	0	0	135	100	0	0	-395.979797464	395.979797464	1553612258.2	-387	393	-387	393
"4300"	9	1	1	2	0	0	135	100	0	0	-395.979797464	395.979797464	1553612258.24	-388	394	-388	394
"4301"	9	1	1	2	0	0	135	100	0	0	-395.979797464	395.979797464	1553612258.27	-389	395	-389	395
"4302"	9	1	1	3	0	0	45	100	0	0	395.979797464	395.979797464	1553612259.85	1	-13	1	-13
"4303"	9	1	1	3	0	0	45	100	0	0	395.979797464	395.979797464	1553612259.87	1	-13	1	-13
"4304"	9	1	1	3	0	0	45	100	0	0	395.979797464	395.979797464	1553612259.9	1	-13	1	-13
"4305"	9	1	1	3	0	0	45	100	0	0	395.979797464	395.979797464	1553612259.94	1	-13	1	-13
"4306"	9	1	1	3	0	0	45	100	0	0	395.979797464	395.979797464	1553612259.97	1	-13	1	-13
"4307"	9	1	1	3	0	0	45	100	0	0	395.979797464	395.979797464	1553612260	0	-12	0	-12
"4308"	9	1	1	3	0	0	45	100	0	0	395.979797464	395.979797464	1553612260.04	0	-11	0	-11
"4309"	9	1	1	3	0	0	45	100	0	0	395.979797464	395.979797464	1553612260.07	0	-7	0	-7
"4310"	9	1	1	3	0	0	45	100	0	0	395.979797464	395.979797464	1553612260.1	0	-5	0	-5
"4311"	9	1	1	3	0	0	45	100	0	0	395.979797464	395.979797464	1553612260.14	-1	-3	-1	-3
"4312"	9	1	1	3	0	0	45	100	0	0	395.979797464	395.979797464	1553612260.17	0	-1	0	-1
"4313"	9	1	1	3	0	0	45	100	0	0	395.979797464	395.979797464	1553612260.2	2	4	2	4
"4314"	9	1	1	3	0	0	45	100	0	0	395.979797464	395.979797464	1553612260.24	9	15	9	15
"4315"	9	1	1	3	0	0	45	100	0	0	395.979797464	395.979797464	1553612260.27	21	35	21	35
"4316"	9	1	1	3	0	0	45	100	0	0	395.979797464	395.979797464	1553612260.3	39	59	39	59
"4317"	9	1	1	3	0	0	45	100	0	0	395.979797464	395.979797464	1553612260.34	59	85	59	85
"4318"	9	1	1	3	0	0	45	100	0	0	395.979797464	395.979797464	1553612260.37	78	108	78	108
"4319"	9	1	1	3	0	0	45	100	0	0	395.979797464	395.979797464	1553612260.4	102	136	102	136
"4320"	9	1	1	3	0	0	45	100	0	0	395.979797464	395.979797464	1553612260.44	129	164	129	164
"4321"	9	1	1	3	0	0	45	100	0	0	395.979797464	395.979797464	1553612260.47	157	190	157	190
"4322"	9	1	1	3	0	0	45	100	0	0	395.979797464	395.979797464	1553612260.5	181	212	181	212
"4323"	9	1	1	3	0	0	45	100	0	0	395.979797464	395.979797464	1553612260.54	210	236	210	236
"4324"	9	1	1	3	0	0	45	100	0	0	395.979797464	395.979797464	1553612260.57	238	259	238	259
"4325"	9	1	1	3	0	0	45	100	0	0	395.979797464	395.979797464	1553612260.6	261	277	261	277
"4326"	9	1	1	3	0	0	45	100	0	0	395.979797464	395.979797464	1553612260.64	287	297	287	297
"4327"	9	1	1	3	0	0	45	100	0	0	395.979797464	395.979797464	1553612260.67	309	314	309	314
"4328"	9	1	1	3	0	0	45	100	0	0	395.979797464	395.979797464	1553612260.7	323	325	323	325
"4329"	9	1	1	3	0	0	45	100	0	0	395.979797464	395.979797464	1553612260.74	337	337	337	337
"4330"	9	1	1	3	0	0	45	100	0	0	395.979797464	395.979797464	1553612260.77	350	349	350	349
"4331"	9	1	1	3	0	0	45	100	0	0	395.979797464	395.979797464	1553612260.8	362	361	362	361
"4332"	9	1	1	3	0	0	45	100	0	0	395.979797464	395.979797464	1553612260.84	371	371	371	371
"4333"	9	1	1	3	0	0	45	100	0	0	395.979797464	395.979797464	1553612260.87	380	380	380	380
"4334"	9	1	1	3	0	0	45	100	0	0	395.979797464	395.979797464	1553612260.9	388	388	388	388
"4335"	9	1	1	3	0	0	45	100	0	0	395.979797464	395.979797464	1553612260.94	396	397	396	397
"4336"	9	1	1	3	0	0	45	100	0	0	395.979797464	395.979797464	1553612260.97	401	402	401	402
"4337"	9	1	1	3	0	0	45	100	0	0	395.979797464	395.979797464	1553612261	403	404	403	404
"4338"	9	1	1	3	0	0	45	100	0	0	395.979797464	395.979797464	1553612261.04	406	408	406	408
"4339"	9	1	1	3	0	0	45	100	0	0	395.979797464	395.979797464	1553612261.07	409	411	409	411
"4340"	9	1	1	3	0	0	45	100	0	0	395.979797464	395.979797464	1553612261.1	409	411	409	411
"4341"	9	1	1	3	0	0	45	100	0	0	395.979797464	395.979797464	1553612261.14	409	411	409	411
"4342"	9	1	1	3	0	0	45	100	0	0	395.979797464	395.979797464	1553612261.17	409	411	409	411
"4343"	9	1	1	3	0	0	45	100	0	0	395.979797464	395.979797464	1553612261.2	409	411	409	411
"4344"	9	1	1	3	0	0	45	100	0	0	395.979797464	395.979797464	1553612261.24	409	411	409	411
"4345"	9	1	1	3	0	0	45	100	0	0	395.979797464	395.979797464	1553612261.27	409	410	409	410
"4346"	9	1	1	3	0	0	45	100	0	0	395.979797464	395.979797464	1553612261.3	407	409	407	409
"4347"	9	1	1	3	0	0	45	100	0	0	395.979797464	395.979797464	1553612261.34	405	406	405	406
"4348"	9	1	1	3	0	0	45	100	0	0	395.979797464	395.979797464	1553612261.37	401	403	401	403
"4349"	9	1	1	3	0	0	45	100	0	0	395.979797464	395.979797464	1553612261.4	400	402	400	402
"4350"	9	1	1	4	0	0	90	100	0	0	3.42901103761e-14	560	1553612262.95	8	3	8	3
"4351"	9	1	1	4	0	0	90	100	0	0	3.42901103761e-14	560	1553612262.97	8	3	8	3
"4352"	9	1	1	4	0	0	90	100	0	0	3.42901103761e-14	560	1553612263.01	8	3	8	3
"4353"	9	1	1	4	0	0	90	100	0	0	3.42901103761e-14	560	1553612263.04	8	3	8	3
"4354"	9	1	1	4	0	0	90	100	0	0	3.42901103761e-14	560	1553612263.07	8	2	8	2
"4355"	9	1	1	4	0	0	90	100	0	0	3.42901103761e-14	560	1553612263.11	7	2	7	2
"4356"	9	1	1	4	0	0	90	100	0	0	3.42901103761e-14	560	1553612263.14	7	2	7	2
"4357"	9	1	1	4	0	0	90	100	0	0	3.42901103761e-14	560	1553612263.17	7	3	7	3
"4358"	9	1	1	4	0	0	90	100	0	0	3.42901103761e-14	560	1553612263.21	7	3	7	3
"4359"	9	1	1	4	0	0	90	100	0	0	3.42901103761e-14	560	1553612263.24	7	3	7	3
"4360"	9	1	1	4	0	0	90	100	0	0	3.42901103761e-14	560	1553612263.27	7	5	7	5
"4361"	9	1	1	4	0	0	90	100	0	0	3.42901103761e-14	560	1553612263.31	6	14	6	14
"4362"	9	1	1	4	0	0	90	100	0	0	3.42901103761e-14	560	1553612263.34	5	32	5	32
"4363"	9	1	1	4	0	0	90	100	0	0	3.42901103761e-14	560	1553612263.37	4	57	4	57
"4364"	9	1	1	4	0	0	90	100	0	0	3.42901103761e-14	560	1553612263.41	5	91	5	91
"4365"	9	1	1	4	0	0	90	100	0	0	3.42901103761e-14	560	1553612263.44	7	124	7	124
"4366"	9	1	1	4	0	0	90	100	0	0	3.42901103761e-14	560	1553612263.47	8	165	8	165
"4367"	9	1	1	4	0	0	90	100	0	0	3.42901103761e-14	560	1553612263.51	8	207	8	207
"4368"	9	1	1	4	0	0	90	100	0	0	3.42901103761e-14	560	1553612263.54	5	242	5	242
"4369"	9	1	1	4	0	0	90	100	0	0	3.42901103761e-14	560	1553612263.57	2	285	2	285
"4370"	9	1	1	4	0	0	90	100	0	0	3.42901103761e-14	560	1553612263.61	2	317	2	317
"4371"	9	1	1	4	0	0	90	100	0	0	3.42901103761e-14	560	1553612263.64	1	352	1	352
"4372"	9	1	1	4	0	0	90	100	0	0	3.42901103761e-14	560	1553612263.67	1	385	1	385
"4373"	9	1	1	4	0	0	90	100	0	0	3.42901103761e-14	560	1553612263.71	3	412	3	412
"4374"	9	1	1	4	0	0	90	100	0	0	3.42901103761e-14	560	1553612263.74	4	440	4	440
"4375"	9	1	1	4	0	0	90	100	0	0	3.42901103761e-14	560	1553612263.77	5	461	5	461
"4376"	9	1	1	4	0	0	90	100	0	0	3.42901103761e-14	560	1553612263.81	7	480	7	480
"4377"	9	1	1	4	0	0	90	100	0	0	3.42901103761e-14	560	1553612263.84	8	493	8	493
"4378"	9	1	1	4	0	0	90	100	0	0	3.42901103761e-14	560	1553612263.87	9	504	9	504
"4379"	9	1	1	4	0	0	90	100	0	0	3.42901103761e-14	560	1553612263.91	9	512	9	512
"4380"	9	1	1	4	0	0	90	100	0	0	3.42901103761e-14	560	1553612263.94	9	517	9	517
"4381"	9	1	1	4	0	0	90	100	0	0	3.42901103761e-14	560	1553612263.97	9	523	9	523
"4382"	9	1	1	4	0	0	90	100	0	0	3.42901103761e-14	560	1553612264.01	9	525	9	525
"4383"	9	1	1	4	0	0	90	100	0	0	3.42901103761e-14	560	1553612264.04	9	529	9	529
"4384"	9	1	1	4	0	0	90	100	0	0	3.42901103761e-14	560	1553612264.07	9	537	9	537
"4385"	9	1	1	4	0	0	90	100	0	0	3.42901103761e-14	560	1553612264.11	8	543	8	543
"4386"	9	1	1	4	0	0	90	100	0	0	3.42901103761e-14	560	1553612264.14	8	549	8	549
"4387"	9	1	1	4	0	0	90	100	0	0	3.42901103761e-14	560	1553612264.17	7	553	7	553
"4388"	9	1	1	4	0	0	90	100	0	0	3.42901103761e-14	560	1553612264.21	7	559	7	559
"4389"	9	1	1	4	0	0	90	100	0	0	3.42901103761e-14	560	1553612264.24	7	561	7	561
"4390"	9	1	1	5	0	0	45	100	0	0	395.979797464	395.979797464	1553612265.62	-1	-5	-1	-5
"4391"	9	1	1	5	0	0	45	100	0	0	395.979797464	395.979797464	1553612265.64	-1	-5	-1	-5
"4392"	9	1	1	5	0	0	45	100	0	0	395.979797464	395.979797464	1553612265.67	-1	-5	-1	-5
"4393"	9	1	1	5	0	0	45	100	0	0	395.979797464	395.979797464	1553612265.71	-1	-5	-1	-5
"4394"	9	1	1	5	0	0	45	100	0	0	395.979797464	395.979797464	1553612265.74	-1	-5	-1	-5
"4395"	9	1	1	5	0	0	45	100	0	0	395.979797464	395.979797464	1553612265.77	-1	-5	-1	-5
"4396"	9	1	1	5	0	0	45	100	0	0	395.979797464	395.979797464	1553612265.81	-1	-4	-1	-4
"4397"	9	1	1	5	0	0	45	100	0	0	395.979797464	395.979797464	1553612265.84	-2	-2	-2	-2
"4398"	9	1	1	5	0	0	45	100	0	0	395.979797464	395.979797464	1553612265.87	-2	-1	-2	-1
"4399"	9	1	1	5	0	0	45	100	0	0	395.979797464	395.979797464	1553612265.91	-2	0	-2	0
"4400"	9	1	1	5	0	0	45	100	0	0	395.979797464	395.979797464	1553612265.94	-3	1	-3	1
"4401"	9	1	1	5	0	0	45	100	0	0	395.979797464	395.979797464	1553612265.97	-4	7	-4	7
"4402"	9	1	1	5	0	0	45	100	0	0	395.979797464	395.979797464	1553612266.01	-3	18	-3	18
"4403"	9	1	1	5	0	0	45	100	0	0	395.979797464	395.979797464	1553612266.04	1	31	1	31
"4404"	9	1	1	5	0	0	45	100	0	0	395.979797464	395.979797464	1553612266.07	9	44	9	44
"4405"	9	1	1	5	0	0	45	100	0	0	395.979797464	395.979797464	1553612266.11	33	69	33	69
"4406"	9	1	1	5	0	0	45	100	0	0	395.979797464	395.979797464	1553612266.14	59	90	59	90
"4407"	9	1	1	5	0	0	45	100	0	0	395.979797464	395.979797464	1553612266.17	89	116	89	116
"4408"	9	1	1	5	0	0	45	100	0	0	395.979797464	395.979797464	1553612266.21	118	142	118	142
"4409"	9	1	1	5	0	0	45	100	0	0	395.979797464	395.979797464	1553612266.24	153	171	153	171
"4410"	9	1	1	5	0	0	45	100	0	0	395.979797464	395.979797464	1553612266.27	188	199	188	199
"4411"	9	1	1	5	0	0	45	100	0	0	395.979797464	395.979797464	1553612266.31	219	225	219	225
"4412"	9	1	1	5	0	0	45	100	0	0	395.979797464	395.979797464	1553612266.34	253	248	253	248
"4413"	9	1	1	5	0	0	45	100	0	0	395.979797464	395.979797464	1553612266.37	285	268	285	268
"4414"	9	1	1	5	0	0	45	100	0	0	395.979797464	395.979797464	1553612266.41	311	285	311	285
"4415"	9	1	1	5	0	0	45	100	0	0	395.979797464	395.979797464	1553612266.44	329	297	329	297
"4416"	9	1	1	5	0	0	45	100	0	0	395.979797464	395.979797464	1553612266.47	345	308	345	308
"4417"	9	1	1	5	0	0	45	100	0	0	395.979797464	395.979797464	1553612266.51	359	318	359	318
"4418"	9	1	1	5	0	0	45	100	0	0	395.979797464	395.979797464	1553612266.54	367	325	367	325
"4419"	9	1	1	5	0	0	45	100	0	0	395.979797464	395.979797464	1553612266.57	376	337	376	337
"4420"	9	1	1	5	0	0	45	100	0	0	395.979797464	395.979797464	1553612266.61	386	348	386	348
"4421"	9	1	1	5	0	0	45	100	0	0	395.979797464	395.979797464	1553612266.64	392	357	392	357
"4422"	9	1	1	5	0	0	45	100	0	0	395.979797464	395.979797464	1553612266.67	395	363	395	363
"4423"	9	1	1	5	0	0	45	100	0	0	395.979797464	395.979797464	1553612266.71	398	371	398	371
"4424"	9	1	1	5	0	0	45	100	0	0	395.979797464	395.979797464	1553612266.74	401	379	401	379
"4425"	9	1	1	5	0	0	45	100	0	0	395.979797464	395.979797464	1553612266.77	402	380	402	380
"4426"	9	1	1	5	0	0	45	100	0	0	395.979797464	395.979797464	1553612266.81	403	385	403	385
"4427"	9	1	1	5	0	0	45	100	0	0	395.979797464	395.979797464	1553612266.84	406	392	406	392
"4428"	9	1	1	5	0	0	45	100	0	0	395.979797464	395.979797464	1553612266.87	407	394	407	394
"4429"	9	1	1	5	0	0	45	100	0	0	395.979797464	395.979797464	1553612266.91	408	395	408	395
"4430"	9	1	1	6	0	0	135	100	0	0	-395.979797464	395.979797464	1553612268.26	2	-1	2	-1
"4431"	9	1	1	6	0	0	135	100	0	0	-395.979797464	395.979797464	1553612268.28	3	-1	3	-1
"4432"	9	1	1	6	0	0	135	100	0	0	-395.979797464	395.979797464	1553612268.31	3	-1	3	-1
"4433"	9	1	1	6	0	0	135	100	0	0	-395.979797464	395.979797464	1553612268.34	3	-1	3	-1
"4434"	9	1	1	6	0	0	135	100	0	0	-395.979797464	395.979797464	1553612268.38	3	-1	3	-1
"4435"	9	1	1	6	0	0	135	100	0	0	-395.979797464	395.979797464	1553612268.41	2	1	2	1
"4436"	9	1	1	6	0	0	135	100	0	0	-395.979797464	395.979797464	1553612268.44	0	7	0	7
"4437"	9	1	1	6	0	0	135	100	0	0	-395.979797464	395.979797464	1553612268.48	-1	14	-1	14
"4438"	9	1	1	6	0	0	135	100	0	0	-395.979797464	395.979797464	1553612268.51	-3	26	-3	26
"4439"	9	1	1	6	0	0	135	100	0	0	-395.979797464	395.979797464	1553612268.54	-8	40	-8	40
"4440"	9	1	1	6	0	0	135	100	0	0	-395.979797464	395.979797464	1553612268.58	-15	54	-15	54
"4441"	9	1	1	6	0	0	135	100	0	0	-395.979797464	395.979797464	1553612268.61	-35	81	-35	81
"4442"	9	1	1	6	0	0	135	100	0	0	-395.979797464	395.979797464	1553612268.64	-52	101	-52	101
"4443"	9	1	1	6	0	0	135	100	0	0	-395.979797464	395.979797464	1553612268.68	-77	128	-77	128
"4444"	9	1	1	6	0	0	135	100	0	0	-395.979797464	395.979797464	1553612268.71	-107	155	-107	155
"4445"	9	1	1	6	0	0	135	100	0	0	-395.979797464	395.979797464	1553612268.74	-135	180	-135	180
"4446"	9	1	1	6	0	0	135	100	0	0	-395.979797464	395.979797464	1553612268.78	-168	209	-168	209
"4447"	9	1	1	6	0	0	135	100	0	0	-395.979797464	395.979797464	1553612268.81	-196	229	-196	229
"4448"	9	1	1	6	0	0	135	100	0	0	-395.979797464	395.979797464	1553612268.84	-227	250	-227	250
"4449"	9	1	1	6	0	0	135	100	0	0	-395.979797464	395.979797464	1553612268.88	-253	270	-253	270
"4450"	9	1	1	6	0	0	135	100	0	0	-395.979797464	395.979797464	1553612268.91	-275	285	-275	285
"4451"	9	1	1	6	0	0	135	100	0	0	-395.979797464	395.979797464	1553612268.94	-288	294	-288	294
"4452"	9	1	1	6	0	0	135	100	0	0	-395.979797464	395.979797464	1553612268.98	-300	303	-300	303
"4453"	9	1	1	6	0	0	135	100	0	0	-395.979797464	395.979797464	1553612269.01	-312	312	-312	312
"4454"	9	1	1	6	0	0	135	100	0	0	-395.979797464	395.979797464	1553612269.04	-323	320	-323	320
"4455"	9	1	1	6	0	0	135	100	0	0	-395.979797464	395.979797464	1553612269.08	-332	326	-332	326
"4456"	9	1	1	6	0	0	135	100	0	0	-395.979797464	395.979797464	1553612269.11	-340	333	-340	333
"4457"	9	1	1	6	0	0	135	100	0	0	-395.979797464	395.979797464	1553612269.14	-347	341	-347	341
"4458"	9	1	1	6	0	0	135	100	0	0	-395.979797464	395.979797464	1553612269.18	-354	350	-354	350
"4459"	9	1	1	6	0	0	135	100	0	0	-395.979797464	395.979797464	1553612269.21	-359	356	-359	356
"4460"	9	1	1	6	0	0	135	100	0	0	-395.979797464	395.979797464	1553612269.24	-365	365	-365	365
"4461"	9	1	1	6	0	0	135	100	0	0	-395.979797464	395.979797464	1553612269.28	-371	375	-371	375
"4462"	9	1	1	6	0	0	135	100	0	0	-395.979797464	395.979797464	1553612269.31	-375	382	-375	382
"4463"	9	1	1	6	0	0	135	100	0	0	-395.979797464	395.979797464	1553612269.34	-381	390	-381	390
"4464"	9	1	1	6	0	0	135	100	0	0	-395.979797464	395.979797464	1553612269.38	-385	395	-385	395
"4465"	9	1	1	6	0	0	135	100	0	0	-395.979797464	395.979797464	1553612269.41	-388	397	-388	397
"4466"	9	1	1	6	0	0	135	100	0	0	-395.979797464	395.979797464	1553612269.44	-391	399	-391	399
"4467"	9	1	1	7	0	0	90	100	0	0	3.42901103761e-14	560	1553612270.99	0	-1	0	-1
"4468"	9	1	1	7	0	0	90	100	0	0	3.42901103761e-14	560	1553612271.01	0	-1	0	-1
"4469"	9	1	1	7	0	0	90	100	0	0	3.42901103761e-14	560	1553612271.04	0	-1	0	-1
"4470"	9	1	1	7	0	0	90	100	0	0	3.42901103761e-14	560	1553612271.08	-1	2	-1	2
"4471"	9	1	1	7	0	0	90	100	0	0	3.42901103761e-14	560	1553612271.11	-1	7	-1	7
"4472"	9	1	1	7	0	0	90	100	0	0	3.42901103761e-14	560	1553612271.14	0	8	0	8
"4473"	9	1	1	7	0	0	90	100	0	0	3.42901103761e-14	560	1553612271.18	1	9	1	9
"4474"	9	1	1	7	0	0	90	100	0	0	3.42901103761e-14	560	1553612271.21	1	9	1	9
"4475"	9	1	1	7	0	0	90	100	0	0	3.42901103761e-14	560	1553612271.25	2	10	2	10
"4476"	9	1	1	7	0	0	90	100	0	0	3.42901103761e-14	560	1553612271.28	2	10	2	10
"4477"	9	1	1	7	0	0	90	100	0	0	3.42901103761e-14	560	1553612271.31	2	11	2	11
"4478"	9	1	1	7	0	0	90	100	0	0	3.42901103761e-14	560	1553612271.35	-1	18	-1	18
"4479"	9	1	1	7	0	0	90	100	0	0	3.42901103761e-14	560	1553612271.38	-9	49	-9	49
"4480"	9	1	1	7	0	0	90	100	0	0	3.42901103761e-14	560	1553612271.41	-11	75	-11	75
"4481"	9	1	1	7	0	0	90	100	0	0	3.42901103761e-14	560	1553612271.45	-13	116	-13	116
"4482"	9	1	1	7	0	0	90	100	0	0	3.42901103761e-14	560	1553612271.48	-12	158	-12	158
"4483"	9	1	1	7	0	0	90	100	0	0	3.42901103761e-14	560	1553612271.51	-8	205	-8	205
"4484"	9	1	1	7	0	0	90	100	0	0	3.42901103761e-14	560	1553612271.55	-4	252	-4	252
"4485"	9	1	1	7	0	0	90	100	0	0	3.42901103761e-14	560	1553612271.58	1	294	1	294
"4486"	9	1	1	7	0	0	90	100	0	0	3.42901103761e-14	560	1553612271.61	8	339	8	339
"4487"	9	1	1	7	0	0	90	100	0	0	3.42901103761e-14	560	1553612271.65	13	376	13	376
"4488"	9	1	1	7	0	0	90	100	0	0	3.42901103761e-14	560	1553612271.68	15	410	15	410
"4489"	9	1	1	7	0	0	90	100	0	0	3.42901103761e-14	560	1553612271.71	15	439	15	439
"4490"	9	1	1	7	0	0	90	100	0	0	3.42901103761e-14	560	1553612271.75	15	455	15	455
"4491"	9	1	1	7	0	0	90	100	0	0	3.42901103761e-14	560	1553612271.78	13	472	13	472
"4492"	9	1	1	7	0	0	90	100	0	0	3.42901103761e-14	560	1553612271.81	12	486	12	486
"4493"	9	1	1	7	0	0	90	100	0	0	3.42901103761e-14	560	1553612271.85	11	499	11	499
"4494"	9	1	1	7	0	0	90	100	0	0	3.42901103761e-14	560	1553612271.88	9	512	9	512
"4495"	9	1	1	7	0	0	90	100	0	0	3.42901103761e-14	560	1553612271.91	9	522	9	522
"4496"	9	1	1	7	0	0	90	100	0	0	3.42901103761e-14	560	1553612271.95	9	532	9	532
"4497"	9	1	1	7	0	0	90	100	0	0	3.42901103761e-14	560	1553612271.98	8	541	8	541
"4498"	9	1	1	7	0	0	90	100	0	0	3.42901103761e-14	560	1553612272.01	8	550	8	550
"4499"	9	1	1	7	0	0	90	100	0	0	3.42901103761e-14	560	1553612272.05	8	557	8	557
"4500"	9	1	1	7	0	0	90	100	0	0	3.42901103761e-14	560	1553612272.08	8	560	8	560
"4501"	9	1	1	7	0	0	90	100	0	0	3.42901103761e-14	560	1553612272.11	8	564	8	564
"4502"	9	1	1	7	0	0	90	100	0	0	3.42901103761e-14	560	1553612272.15	8	566	8	566
"4503"	9	1	1	8	0	0	45	100	0	0	395.979797464	395.979797464	1553612273.46	5	-5	5	-5
"4504"	9	1	1	8	0	0	45	100	0	0	395.979797464	395.979797464	1553612273.48	5	-5	5	-5
"4505"	9	1	1	8	0	0	45	100	0	0	395.979797464	395.979797464	1553612273.51	5	-4	5	-4
"4506"	9	1	1	8	0	0	45	100	0	0	395.979797464	395.979797464	1553612273.55	5	-4	5	-4
"4507"	9	1	1	8	0	0	45	100	0	0	395.979797464	395.979797464	1553612273.58	5	-4	5	-4
"4508"	9	1	1	8	0	0	45	100	0	0	395.979797464	395.979797464	1553612273.61	5	-4	5	-4
"4509"	9	1	1	8	0	0	45	100	0	0	395.979797464	395.979797464	1553612273.65	5	-4	5	-4
"4510"	9	1	1	8	0	0	45	100	0	0	395.979797464	395.979797464	1553612273.68	5	-4	5	-4
"4511"	9	1	1	8	0	0	45	100	0	0	395.979797464	395.979797464	1553612273.71	5	-4	5	-4
"4512"	9	1	1	8	0	0	45	100	0	0	395.979797464	395.979797464	1553612273.75	5	0	5	0
"4513"	9	1	1	8	0	0	45	100	0	0	395.979797464	395.979797464	1553612273.78	9	9	9	9
"4514"	9	1	1	8	0	0	45	100	0	0	395.979797464	395.979797464	1553612273.81	21	31	21	31
"4515"	9	1	1	8	0	0	45	100	0	0	395.979797464	395.979797464	1553612273.85	41	59	41	59
"4516"	9	1	1	8	0	0	45	100	0	0	395.979797464	395.979797464	1553612273.88	66	90	66	90
"4517"	9	1	1	8	0	0	45	100	0	0	395.979797464	395.979797464	1553612273.91	92	117	92	117
"4518"	9	1	1	8	0	0	45	100	0	0	395.979797464	395.979797464	1553612273.95	121	148	121	148
"4519"	9	1	1	8	0	0	45	100	0	0	395.979797464	395.979797464	1553612273.98	149	177	149	177
"4520"	9	1	1	8	0	0	45	100	0	0	395.979797464	395.979797464	1553612274.01	175	200	175	200
"4521"	9	1	1	8	0	0	45	100	0	0	395.979797464	395.979797464	1553612274.05	204	228	204	228
"4522"	9	1	1	8	0	0	45	100	0	0	395.979797464	395.979797464	1553612274.08	232	254	232	254
"4523"	9	1	1	8	0	0	45	100	0	0	395.979797464	395.979797464	1553612274.11	254	269	254	269
"4524"	9	1	1	8	0	0	45	100	0	0	395.979797464	395.979797464	1553612274.15	276	286	276	286
"4525"	9	1	1	8	0	0	45	100	0	0	395.979797464	395.979797464	1553612274.18	296	303	296	303
"4526"	9	1	1	8	0	0	45	100	0	0	395.979797464	395.979797464	1553612274.21	311	316	311	316
"4527"	9	1	1	8	0	0	45	100	0	0	395.979797464	395.979797464	1553612274.25	324	328	324	328
"4528"	9	1	1	8	0	0	45	100	0	0	395.979797464	395.979797464	1553612274.28	337	341	337	341
"4529"	9	1	1	8	0	0	45	100	0	0	395.979797464	395.979797464	1553612274.31	352	356	352	356
"4530"	9	1	1	8	0	0	45	100	0	0	395.979797464	395.979797464	1553612274.35	361	366	361	366
"4531"	9	1	1	8	0	0	45	100	0	0	395.979797464	395.979797464	1553612274.38	365	369	365	369
"4532"	9	1	1	8	0	0	45	100	0	0	395.979797464	395.979797464	1553612274.41	366	372	366	372
"4533"	9	1	1	8	0	0	45	100	0	0	395.979797464	395.979797464	1553612274.45	369	378	369	378
"4534"	9	1	1	8	0	0	45	100	0	0	395.979797464	395.979797464	1553612274.48	370	379	370	379
"4535"	9	1	1	8	0	0	45	100	0	0	395.979797464	395.979797464	1553612274.51	372	382	372	382
"4536"	9	1	1	8	0	0	45	100	0	0	395.979797464	395.979797464	1553612274.55	381	389	381	389
"4537"	9	1	1	8	0	0	45	100	0	0	395.979797464	395.979797464	1553612274.58	388	393	388	393
"4538"	9	1	1	8	0	0	45	100	0	0	395.979797464	395.979797464	1553612274.61	390	394	390	394
"4539"	9	1	1	8	0	0	45	100	0	0	395.979797464	395.979797464	1553612274.65	391	395	391	395
"4540"	9	1	1	9	0	0	135	100	0	0	-395.979797464	395.979797464	1553612275.8	-7	1	-7	1
"4541"	9	1	1	9	0	0	135	100	0	0	-395.979797464	395.979797464	1553612275.83	-6	1	-6	1
"4542"	9	1	1	9	0	0	135	100	0	0	-395.979797464	395.979797464	1553612275.87	-6	1	-6	1
"4543"	9	1	1	9	0	0	135	100	0	0	-395.979797464	395.979797464	1553612275.9	-5	0	-5	0
"4544"	9	1	1	9	0	0	135	100	0	0	-395.979797464	395.979797464	1553612275.93	-5	0	-5	0
"4545"	9	1	1	9	0	0	135	100	0	0	-395.979797464	395.979797464	1553612275.97	-5	1	-5	1
"4546"	9	1	1	9	0	0	135	100	0	0	-395.979797464	395.979797464	1553612276	-5	1	-5	1
"4547"	9	1	1	9	0	0	135	100	0	0	-395.979797464	395.979797464	1553612276.03	-5	1	-5	1
"4548"	9	1	1	9	0	0	135	100	0	0	-395.979797464	395.979797464	1553612276.07	-5	1	-5	1
"4549"	9	1	1	9	0	0	135	100	0	0	-395.979797464	395.979797464	1553612276.1	-7	6	-7	6
"4550"	9	1	1	9	0	0	135	100	0	0	-395.979797464	395.979797464	1553612276.13	-14	20	-14	20
"4551"	9	1	1	9	0	0	135	100	0	0	-395.979797464	395.979797464	1553612276.17	-32	47	-32	47
"4552"	9	1	1	9	0	0	135	100	0	0	-395.979797464	395.979797464	1553612276.2	-53	71	-53	71
"4553"	9	1	1	9	0	0	135	100	0	0	-395.979797464	395.979797464	1553612276.23	-75	90	-75	90
"4554"	9	1	1	9	0	0	135	100	0	0	-395.979797464	395.979797464	1553612276.27	-104	109	-104	109
"4555"	9	1	1	9	0	0	135	100	0	0	-395.979797464	395.979797464	1553612276.3	-135	129	-135	129
"4556"	9	1	1	9	0	0	135	100	0	0	-395.979797464	395.979797464	1553612276.33	-170	151	-170	151
"4557"	9	1	1	9	0	0	135	100	0	0	-395.979797464	395.979797464	1553612276.37	-199	173	-199	173
"4558"	9	1	1	9	0	0	135	100	0	0	-395.979797464	395.979797464	1553612276.4	-233	198	-233	198
"4559"	9	1	1	9	0	0	135	100	0	0	-395.979797464	395.979797464	1553612276.43	-265	223	-265	223
"4560"	9	1	1	9	0	0	135	100	0	0	-395.979797464	395.979797464	1553612276.47	-291	243	-291	243
"4561"	9	1	1	9	0	0	135	100	0	0	-395.979797464	395.979797464	1553612276.5	-317	269	-317	269
"4562"	9	1	1	9	0	0	135	100	0	0	-395.979797464	395.979797464	1553612276.53	-338	292	-338	292
"4563"	9	1	1	9	0	0	135	100	0	0	-395.979797464	395.979797464	1553612276.57	-355	314	-355	314
"4564"	9	1	1	9	0	0	135	100	0	0	-395.979797464	395.979797464	1553612276.6	-364	325	-364	325
"4565"	9	1	1	9	0	0	135	100	0	0	-395.979797464	395.979797464	1553612276.63	-375	343	-375	343
"4566"	9	1	1	9	0	0	135	100	0	0	-395.979797464	395.979797464	1553612276.67	-381	360	-381	360
"4567"	9	1	1	9	0	0	135	100	0	0	-395.979797464	395.979797464	1553612276.7	-386	370	-386	370
"4568"	9	1	1	9	0	0	135	100	0	0	-395.979797464	395.979797464	1553612276.73	-390	378	-390	378
"4569"	9	1	1	9	0	0	135	100	0	0	-395.979797464	395.979797464	1553612276.77	-394	386	-394	386
"4570"	9	1	1	9	0	0	135	100	0	0	-395.979797464	395.979797464	1553612276.8	-395	388	-395	388
"4571"	9	1	1	10	0	0	90	100	0	0	3.42901103761e-14	560	1553612278.11	2	-11	2	-11
"4572"	9	1	1	10	0	0	90	100	0	0	3.42901103761e-14	560	1553612278.15	1	-11	1	-11
"4573"	9	1	1	10	0	0	90	100	0	0	3.42901103761e-14	560	1553612278.18	1	-11	1	-11
"4574"	9	1	1	10	0	0	90	100	0	0	3.42901103761e-14	560	1553612278.22	1	-11	1	-11
"4575"	9	1	1	10	0	0	90	100	0	0	3.42901103761e-14	560	1553612278.25	1	-11	1	-11
"4576"	9	1	1	10	0	0	90	100	0	0	3.42901103761e-14	560	1553612278.28	1	-11	1	-11
"4577"	9	1	1	10	0	0	90	100	0	0	3.42901103761e-14	560	1553612278.32	1	-10	1	-10
"4578"	9	1	1	10	0	0	90	100	0	0	3.42901103761e-14	560	1553612278.35	0	-10	0	-10
"4579"	9	1	1	10	0	0	90	100	0	0	3.42901103761e-14	560	1553612278.38	0	-9	0	-9
"4580"	9	1	1	10	0	0	90	100	0	0	3.42901103761e-14	560	1553612278.42	-1	-4	-1	-4
"4581"	9	1	1	10	0	0	90	100	0	0	3.42901103761e-14	560	1553612278.45	-4	19	-4	19
"4582"	9	1	1	10	0	0	90	100	0	0	3.42901103761e-14	560	1553612278.48	-10	55	-10	55
"4583"	9	1	1	10	0	0	90	100	0	0	3.42901103761e-14	560	1553612278.52	-14	107	-14	107
"4584"	9	1	1	10	0	0	90	100	0	0	3.42901103761e-14	560	1553612278.55	-16	164	-16	164
"4585"	9	1	1	10	0	0	90	100	0	0	3.42901103761e-14	560	1553612278.58	-16	207	-16	207
"4586"	9	1	1	10	0	0	90	100	0	0	3.42901103761e-14	560	1553612278.62	-11	249	-11	249
"4587"	9	1	1	10	0	0	90	100	0	0	3.42901103761e-14	560	1553612278.65	-6	287	-6	287
"4588"	9	1	1	10	0	0	90	100	0	0	3.42901103761e-14	560	1553612278.68	-5	324	-5	324
"4589"	9	1	1	10	0	0	90	100	0	0	3.42901103761e-14	560	1553612278.72	-2	352	-2	352
"4590"	9	1	1	10	0	0	90	100	0	0	3.42901103761e-14	560	1553612278.75	2	381	2	381
"4591"	9	1	1	10	0	0	90	100	0	0	3.42901103761e-14	560	1553612278.78	7	411	7	411
"4592"	9	1	1	10	0	0	90	100	0	0	3.42901103761e-14	560	1553612278.82	11	434	11	434
"4593"	9	1	1	10	0	0	90	100	0	0	3.42901103761e-14	560	1553612278.85	13	452	13	452
"4594"	9	1	1	10	0	0	90	100	0	0	3.42901103761e-14	560	1553612278.88	10	467	10	467
"4595"	9	1	1	10	0	0	90	100	0	0	3.42901103761e-14	560	1553612278.92	9	486	9	486
"4596"	9	1	1	10	0	0	90	100	0	0	3.42901103761e-14	560	1553612278.95	9	498	9	498
"4597"	9	1	1	10	0	0	90	100	0	0	3.42901103761e-14	560	1553612278.98	8	509	8	509
"4598"	9	1	1	10	0	0	90	100	0	0	3.42901103761e-14	560	1553612279.02	6	523	6	523
"4599"	9	1	1	10	0	0	90	100	0	0	3.42901103761e-14	560	1553612279.05	2	534	2	534
"4600"	9	1	1	10	0	0	90	100	0	0	3.42901103761e-14	560	1553612279.08	1	544	1	544
"4601"	9	1	1	10	0	0	90	100	0	0	3.42901103761e-14	560	1553612279.12	4	552	4	552
"4602"	9	1	1	10	0	0	90	100	0	0	3.42901103761e-14	560	1553612279.15	6	557	6	557
"4603"	9	1	1	10	0	0	90	100	0	0	3.42901103761e-14	560	1553612279.18	7	560	7	560
"4604"	9	1	1	11	0	0	45	100	0	0	395.979797464	395.979797464	1553612280.4	4	0	4	0
"4605"	9	1	1	11	0	0	45	100	0	0	395.979797464	395.979797464	1553612280.42	4	0	4	0
"4606"	9	1	1	11	0	0	45	100	0	0	395.979797464	395.979797464	1553612280.45	4	0	4	0
"4607"	9	1	1	11	0	0	45	100	0	0	395.979797464	395.979797464	1553612280.49	4	0	4	0
"4608"	9	1	1	11	0	0	45	100	0	0	395.979797464	395.979797464	1553612280.52	5	0	5	0
"4609"	9	1	1	11	0	0	45	100	0	0	395.979797464	395.979797464	1553612280.55	5	1	5	1
"4610"	9	1	1	11	0	0	45	100	0	0	395.979797464	395.979797464	1553612280.59	6	2	6	2
"4611"	9	1	1	11	0	0	45	100	0	0	395.979797464	395.979797464	1553612280.62	10	10	10	10
"4612"	9	1	1	11	0	0	45	100	0	0	395.979797464	395.979797464	1553612280.65	18	23	18	23
"4613"	9	1	1	11	0	0	45	100	0	0	395.979797464	395.979797464	1553612280.69	30	36	30	36
"4614"	9	1	1	11	0	0	45	100	0	0	395.979797464	395.979797464	1553612280.72	55	58	55	58
"4615"	9	1	1	11	0	0	45	100	0	0	395.979797464	395.979797464	1553612280.75	79	77	79	77
"4616"	9	1	1	11	0	0	45	100	0	0	395.979797464	395.979797464	1553612280.79	109	99	109	99
"4617"	9	1	1	11	0	0	45	100	0	0	395.979797464	395.979797464	1553612280.82	140	126	140	126
"4618"	9	1	1	11	0	0	45	100	0	0	395.979797464	395.979797464	1553612280.85	172	151	172	151
"4619"	9	1	1	11	0	0	45	100	0	0	395.979797464	395.979797464	1553612280.89	202	178	202	178
"4620"	9	1	1	11	0	0	45	100	0	0	395.979797464	395.979797464	1553612280.92	227	204	227	204
"4621"	9	1	1	11	0	0	45	100	0	0	395.979797464	395.979797464	1553612280.95	257	230	257	230
"4622"	9	1	1	11	0	0	45	100	0	0	395.979797464	395.979797464	1553612280.99	286	253	286	253
"4623"	9	1	1	11	0	0	45	100	0	0	395.979797464	395.979797464	1553612281.02	308	274	308	274
"4624"	9	1	1	11	0	0	45	100	0	0	395.979797464	395.979797464	1553612281.05	330	298	330	298
"4625"	9	1	1	11	0	0	45	100	0	0	395.979797464	395.979797464	1553612281.09	348	312	348	312
"4626"	9	1	1	11	0	0	45	100	0	0	395.979797464	395.979797464	1553612281.12	364	323	364	323
"4627"	9	1	1	11	0	0	45	100	0	0	395.979797464	395.979797464	1553612281.15	377	333	377	333
"4628"	9	1	1	11	0	0	45	100	0	0	395.979797464	395.979797464	1553612281.19	388	347	388	347
"4629"	9	1	1	11	0	0	45	100	0	0	395.979797464	395.979797464	1553612281.22	403	359	403	359
"4630"	9	1	1	11	0	0	45	100	0	0	395.979797464	395.979797464	1553612281.25	408	363	408	363
"4631"	9	1	1	11	0	0	45	100	0	0	395.979797464	395.979797464	1553612281.29	409	367	409	367
"4632"	9	1	1	11	0	0	45	100	0	0	395.979797464	395.979797464	1553612281.32	409	371	409	371
"4633"	9	1	1	11	0	0	45	100	0	0	395.979797464	395.979797464	1553612281.35	408	377	408	377
"4634"	9	1	1	11	0	0	45	100	0	0	395.979797464	395.979797464	1553612281.39	407	381	407	381
"4635"	9	1	1	11	0	0	45	100	0	0	395.979797464	395.979797464	1553612281.42	407	387	407	387
"4636"	9	1	1	11	0	0	45	100	0	0	395.979797464	395.979797464	1553612281.45	407	393	407	393
"4637"	9	1	1	11	0	0	45	100	0	0	395.979797464	395.979797464	1553612281.49	407	395	407	395
"4638"	9	1	1	12	0	0	135	100	0	0	-395.979797464	395.979797464	1553612282.73	11	-1	11	-1
"4639"	9	1	1	12	0	0	135	100	0	0	-395.979797464	395.979797464	1553612282.75	11	-1	11	-1
"4640"	9	1	1	12	0	0	135	100	0	0	-395.979797464	395.979797464	1553612282.79	11	-1	11	-1
"4641"	9	1	1	12	0	0	135	100	0	0	-395.979797464	395.979797464	1553612282.82	12	-1	12	-1
"4642"	9	1	1	12	0	0	135	100	0	0	-395.979797464	395.979797464	1553612282.85	12	-1	12	-1
"4643"	9	1	1	12	0	0	135	100	0	0	-395.979797464	395.979797464	1553612282.89	12	-1	12	-1
"4644"	9	1	1	12	0	0	135	100	0	0	-395.979797464	395.979797464	1553612282.92	12	0	12	0
"4645"	9	1	1	12	0	0	135	100	0	0	-395.979797464	395.979797464	1553612282.95	12	0	12	0
"4646"	9	1	1	12	0	0	135	100	0	0	-395.979797464	395.979797464	1553612282.99	13	-1	13	-1
"4647"	9	1	1	12	0	0	135	100	0	0	-395.979797464	395.979797464	1553612283.02	12	0	12	0
"4648"	9	1	1	12	0	0	135	100	0	0	-395.979797464	395.979797464	1553612283.05	10	2	10	2
"4649"	9	1	1	12	0	0	135	100	0	0	-395.979797464	395.979797464	1553612283.09	3	12	3	12
"4650"	9	1	1	12	0	0	135	100	0	0	-395.979797464	395.979797464	1553612283.12	-18	31	-18	31
"4651"	9	1	1	12	0	0	135	100	0	0	-395.979797464	395.979797464	1553612283.15	-48	54	-48	54
"4652"	9	1	1	12	0	0	135	100	0	0	-395.979797464	395.979797464	1553612283.19	-77	76	-77	76
"4653"	9	1	1	12	0	0	135	100	0	0	-395.979797464	395.979797464	1553612283.22	-116	101	-116	101
"4654"	9	1	1	12	0	0	135	100	0	0	-395.979797464	395.979797464	1553612283.25	-156	131	-156	131
"4655"	9	1	1	12	0	0	135	100	0	0	-395.979797464	395.979797464	1553612283.29	-189	160	-189	160
"4656"	9	1	1	12	0	0	135	100	0	0	-395.979797464	395.979797464	1553612283.32	-220	193	-220	193
"4657"	9	1	1	12	0	0	135	100	0	0	-395.979797464	395.979797464	1553612283.35	-245	224	-245	224
"4658"	9	1	1	12	0	0	135	100	0	0	-395.979797464	395.979797464	1553612283.39	-267	252	-267	252
"4659"	9	1	1	12	0	0	135	100	0	0	-395.979797464	395.979797464	1553612283.42	-283	273	-283	273
"4660"	9	1	1	12	0	0	135	100	0	0	-395.979797464	395.979797464	1553612283.45	-300	294	-300	294
"4661"	9	1	1	12	0	0	135	100	0	0	-395.979797464	395.979797464	1553612283.49	-312	309	-312	309
"4662"	9	1	1	12	0	0	135	100	0	0	-395.979797464	395.979797464	1553612283.52	-324	321	-324	321
"4663"	9	1	1	12	0	0	135	100	0	0	-395.979797464	395.979797464	1553612283.55	-335	335	-335	335
"4664"	9	1	1	12	0	0	135	100	0	0	-395.979797464	395.979797464	1553612283.59	-344	349	-344	349
"4665"	9	1	1	12	0	0	135	100	0	0	-395.979797464	395.979797464	1553612283.62	-351	359	-351	359
"4666"	9	1	1	12	0	0	135	100	0	0	-395.979797464	395.979797464	1553612283.65	-360	369	-360	369
"4667"	9	1	1	12	0	0	135	100	0	0	-395.979797464	395.979797464	1553612283.69	-367	375	-367	375
"4668"	9	1	1	12	0	0	135	100	0	0	-395.979797464	395.979797464	1553612283.72	-375	383	-375	383
"4669"	9	1	1	12	0	0	135	100	0	0	-395.979797464	395.979797464	1553612283.75	-380	389	-380	389
"4670"	9	1	1	12	0	0	135	100	0	0	-395.979797464	395.979797464	1553612283.79	-385	397	-385	397
"4671"	9	1	1	12	0	0	135	100	0	0	-395.979797464	395.979797464	1553612283.82	-389	401	-389	401
"4672"	9	1	1	12	0	0	135	100	0	0	-395.979797464	395.979797464	1553612283.85	-392	404	-392	404
"4673"	9	1	1	12	0	0	135	100	0	0	-395.979797464	395.979797464	1553612283.89	-395	405	-395	405
"4674"	9	1	1	13	0	0	90	100	0	0	3.42901103761e-14	560	1553612285.03	-4	-5	-4	-5
"4675"	9	1	1	13	0	0	90	100	0	0	3.42901103761e-14	560	1553612285.06	-3	-6	-3	-6
"4676"	9	1	1	13	0	0	90	100	0	0	3.42901103761e-14	560	1553612285.09	-3	-5	-3	-5
"4677"	9	1	1	13	0	0	90	100	0	0	3.42901103761e-14	560	1553612285.12	-3	-5	-3	-5
"4678"	9	1	1	13	0	0	90	100	0	0	3.42901103761e-14	560	1553612285.16	-3	-5	-3	-5
"4679"	9	1	1	13	0	0	90	100	0	0	3.42901103761e-14	560	1553612285.19	-3	-5	-3	-5
"4680"	9	1	1	13	0	0	90	100	0	0	3.42901103761e-14	560	1553612285.22	-3	-5	-3	-5
"4681"	9	1	1	13	0	0	90	100	0	0	3.42901103761e-14	560	1553612285.26	-3	-5	-3	-5
"4682"	9	1	1	13	0	0	90	100	0	0	3.42901103761e-14	560	1553612285.29	-3	-5	-3	-5
"4683"	9	1	1	13	0	0	90	100	0	0	3.42901103761e-14	560	1553612285.32	-4	-3	-4	-3
"4684"	9	1	1	13	0	0	90	100	0	0	3.42901103761e-14	560	1553612285.36	-5	8	-5	8
"4685"	9	1	1	13	0	0	90	100	0	0	3.42901103761e-14	560	1553612285.39	-7	29	-7	29
"4686"	9	1	1	13	0	0	90	100	0	0	3.42901103761e-14	560	1553612285.42	-8	57	-8	57
"4687"	9	1	1	13	0	0	90	100	0	0	3.42901103761e-14	560	1553612285.46	-8	88	-8	88
"4688"	9	1	1	13	0	0	90	100	0	0	3.42901103761e-14	560	1553612285.49	-9	121	-9	121
"4689"	9	1	1	13	0	0	90	100	0	0	3.42901103761e-14	560	1553612285.52	-9	161	-9	161
"4690"	9	1	1	13	0	0	90	100	0	0	3.42901103761e-14	560	1553612285.56	-7	195	-7	195
"4691"	9	1	1	13	0	0	90	100	0	0	3.42901103761e-14	560	1553612285.59	-6	237	-6	237
"4692"	9	1	1	13	0	0	90	100	0	0	3.42901103761e-14	560	1553612285.62	-5	279	-5	279
"4693"	9	1	1	13	0	0	90	100	0	0	3.42901103761e-14	560	1553612285.66	-4	320	-4	320
"4694"	9	1	1	13	0	0	90	100	0	0	3.42901103761e-14	560	1553612285.69	-4	360	-4	360
"4695"	9	1	1	13	0	0	90	100	0	0	3.42901103761e-14	560	1553612285.72	-4	390	-4	390
"4696"	9	1	1	13	0	0	90	100	0	0	3.42901103761e-14	560	1553612285.76	-4	422	-4	422
"4697"	9	1	1	13	0	0	90	100	0	0	3.42901103761e-14	560	1553612285.79	-5	452	-5	452
"4698"	9	1	1	13	0	0	90	100	0	0	3.42901103761e-14	560	1553612285.82	-6	472	-6	472
"4699"	9	1	1	13	0	0	90	100	0	0	3.42901103761e-14	560	1553612285.86	-8	488	-8	488
"4700"	9	1	1	13	0	0	90	100	0	0	3.42901103761e-14	560	1553612285.89	-10	503	-10	503
"4701"	9	1	1	13	0	0	90	100	0	0	3.42901103761e-14	560	1553612285.92	-11	513	-11	513
"4702"	9	1	1	13	0	0	90	100	0	0	3.42901103761e-14	560	1553612285.96	-12	520	-12	520
"4703"	9	1	1	13	0	0	90	100	0	0	3.42901103761e-14	560	1553612285.99	-12	529	-12	529
"4704"	9	1	1	13	0	0	90	100	0	0	3.42901103761e-14	560	1553612286.02	-12	537	-12	537
"4705"	9	1	1	13	0	0	90	100	0	0	3.42901103761e-14	560	1553612286.06	-11	540	-11	540
"4706"	9	1	1	13	0	0	90	100	0	0	3.42901103761e-14	560	1553612286.09	-11	547	-11	547
"4707"	9	1	1	13	0	0	90	100	0	0	3.42901103761e-14	560	1553612286.12	-5	557	-5	557
"4708"	9	1	1	13	0	0	90	100	0	0	3.42901103761e-14	560	1553612286.16	0	566	0	566
"4709"	9	1	1	14	0	0	135	100	0	0	-395.979797464	395.979797464	1553612287.57	5	3	5	3
"4710"	9	1	1	14	0	0	135	100	0	0	-395.979797464	395.979797464	1553612287.59	5	3	5	3
"4711"	9	1	1	14	0	0	135	100	0	0	-395.979797464	395.979797464	1553612287.62	5	3	5	3
"4712"	9	1	1	14	0	0	135	100	0	0	-395.979797464	395.979797464	1553612287.66	5	3	5	3
"4713"	9	1	1	14	0	0	135	100	0	0	-395.979797464	395.979797464	1553612287.69	5	3	5	3
"4714"	9	1	1	14	0	0	135	100	0	0	-395.979797464	395.979797464	1553612287.72	6	4	6	4
"4715"	9	1	1	14	0	0	135	100	0	0	-395.979797464	395.979797464	1553612287.76	8	5	8	5
"4716"	9	1	1	14	0	0	135	100	0	0	-395.979797464	395.979797464	1553612287.79	11	9	11	9
"4717"	9	1	1	14	0	0	135	100	0	0	-395.979797464	395.979797464	1553612287.82	17	15	17	15
"4718"	9	1	1	14	0	0	135	100	0	0	-395.979797464	395.979797464	1553612287.86	27	25	27	25
"4719"	9	1	1	14	0	0	135	100	0	0	-395.979797464	395.979797464	1553612287.89	40	38	40	38
"4720"	9	1	1	14	0	0	135	100	0	0	-395.979797464	395.979797464	1553612287.92	57	54	57	54
"4721"	9	1	1	14	0	0	135	100	0	0	-395.979797464	395.979797464	1553612287.96	82	77	82	77
"4722"	9	1	1	14	0	0	135	100	0	0	-395.979797464	395.979797464	1553612287.99	103	97	103	97
"4723"	9	1	1	14	0	0	135	100	0	0	-395.979797464	395.979797464	1553612288.02	129	122	129	122
"4724"	9	1	1	14	0	0	135	100	0	0	-395.979797464	395.979797464	1553612288.06	156	148	156	148
"4725"	9	1	1	14	0	0	135	100	0	0	-395.979797464	395.979797464	1553612288.09	179	172	179	172
"4726"	9	1	1	14	0	0	135	100	0	0	-395.979797464	395.979797464	1553612288.12	189	184	189	184
"4727"	9	1	1	14	0	0	135	100	0	0	-395.979797464	395.979797464	1553612288.16	189	189	189	189
"4728"	9	1	1	14	0	0	135	100	0	0	-395.979797464	395.979797464	1553612288.19	178	190	178	190
"4729"	9	1	1	14	0	0	135	100	0	0	-395.979797464	395.979797464	1553612288.22	152	187	152	187
"4730"	9	1	1	14	0	0	135	100	0	0	-395.979797464	395.979797464	1553612288.26	119	182	119	182
"4731"	9	1	1	14	0	0	135	100	0	0	-395.979797464	395.979797464	1553612288.29	79	179	79	179
"4732"	9	1	1	14	0	0	135	100	0	0	-395.979797464	395.979797464	1553612288.32	41	179	41	179
"4733"	9	1	1	14	0	0	135	100	0	0	-395.979797464	395.979797464	1553612288.36	-6	184	-6	184
"4734"	9	1	1	14	0	0	135	100	0	0	-395.979797464	395.979797464	1553612288.39	-54	192	-54	192
"4735"	9	1	1	14	0	0	135	100	0	0	-395.979797464	395.979797464	1553612288.42	-99	205	-99	205
"4736"	9	1	1	14	0	0	135	100	0	0	-395.979797464	395.979797464	1553612288.46	-135	219	-135	219
"4737"	9	1	1	14	0	0	135	100	0	0	-395.979797464	395.979797464	1553612288.49	-173	237	-173	237
"4738"	9	1	1	14	0	0	135	100	0	0	-395.979797464	395.979797464	1553612288.52	-206	258	-206	258
"4739"	9	1	1	14	0	0	135	100	0	0	-395.979797464	395.979797464	1553612288.56	-231	275	-231	275
"4740"	9	1	1	14	0	0	135	100	0	0	-395.979797464	395.979797464	1553612288.59	-256	294	-256	294
"4741"	9	1	1	14	0	0	135	100	0	0	-395.979797464	395.979797464	1553612288.63	-277	313	-277	313
"4742"	9	1	1	14	0	0	135	100	0	0	-395.979797464	395.979797464	1553612288.66	-297	329	-297	329
"4743"	9	1	1	14	0	0	135	100	0	0	-395.979797464	395.979797464	1553612288.69	-311	341	-311	341
"4744"	9	1	1	14	0	0	135	100	0	0	-395.979797464	395.979797464	1553612288.72	-324	354	-324	354
"4745"	9	1	1	14	0	0	135	100	0	0	-395.979797464	395.979797464	1553612288.76	-337	365	-337	365
"4746"	9	1	1	14	0	0	135	100	0	0	-395.979797464	395.979797464	1553612288.79	-348	374	-348	374
"4747"	9	1	1	14	0	0	135	100	0	0	-395.979797464	395.979797464	1553612288.83	-360	383	-360	383
"4748"	9	1	1	14	0	0	135	100	0	0	-395.979797464	395.979797464	1553612288.86	-370	390	-370	390
"4749"	9	1	1	14	0	0	135	100	0	0	-395.979797464	395.979797464	1553612288.89	-377	395	-377	395
"4750"	9	1	1	14	0	0	135	100	0	0	-395.979797464	395.979797464	1553612288.93	-385	400	-385	400
"4751"	9	1	1	14	0	0	135	100	0	0	-395.979797464	395.979797464	1553612288.96	-392	403	-392	403
"4752"	9	1	1	14	0	0	135	100	0	0	-395.979797464	395.979797464	1553612288.99	-397	406	-397	406
"4753"	9	1	1	14	0	0	135	100	0	0	-395.979797464	395.979797464	1553612289.03	-401	408	-401	408
"4754"	9	1	1	14	0	0	135	100	0	0	-395.979797464	395.979797464	1553612289.06	-403	409	-403	409
"4755"	9	1	1	14	0	0	135	100	0	0	-395.979797464	395.979797464	1553612289.09	-404	410	-404	410
"4756"	9	1	1	14	0	0	135	100	0	0	-395.979797464	395.979797464	1553612289.13	-404	410	-404	410
"4757"	9	1	1	14	0	0	135	100	0	0	-395.979797464	395.979797464	1553612289.16	-404	410	-404	410
"4758"	9	1	1	14	0	0	135	100	0	0	-395.979797464	395.979797464	1553612289.19	-404	410	-404	410
"4759"	9	1	1	14	0	0	135	100	0	0	-395.979797464	395.979797464	1553612289.23	-403	409	-403	409
"4760"	9	1	1	14	0	0	135	100	0	0	-395.979797464	395.979797464	1553612289.26	-403	409	-403	409
"4761"	9	1	1	14	0	0	135	100	0	0	-395.979797464	395.979797464	1553612289.29	-403	409	-403	409
"4762"	9	1	1	14	0	0	135	100	0	0	-395.979797464	395.979797464	1553612289.33	-402	408	-402	408
"4763"	9	1	1	14	0	0	135	100	0	0	-395.979797464	395.979797464	1553612289.36	-399	403	-399	403
"4764"	9	1	1	14	0	0	135	100	0	0	-395.979797464	395.979797464	1553612289.39	-396	399	-396	399
"4765"	9	1	1	14	0	0	135	100	0	0	-395.979797464	395.979797464	1553612289.43	-395	397	-395	397
"4766"	9	1	1	15	0	0	45	100	0	0	395.979797464	395.979797464	1553612290.57	-6	-4	-6	-4
"4767"	9	1	1	15	0	0	45	100	0	0	395.979797464	395.979797464	1553612290.59	-4	-4	-4	-4
"4768"	9	1	1	15	0	0	45	100	0	0	395.979797464	395.979797464	1553612290.63	-4	-4	-4	-4
"4769"	9	1	1	15	0	0	45	100	0	0	395.979797464	395.979797464	1553612290.66	-4	-4	-4	-4
"4770"	9	1	1	15	0	0	45	100	0	0	395.979797464	395.979797464	1553612290.69	-3	-5	-3	-5
"4771"	9	1	1	15	0	0	45	100	0	0	395.979797464	395.979797464	1553612290.73	-3	-5	-3	-5
"4772"	9	1	1	15	0	0	45	100	0	0	395.979797464	395.979797464	1553612290.76	-3	-5	-3	-5
"4773"	9	1	1	15	0	0	45	100	0	0	395.979797464	395.979797464	1553612290.79	-3	-5	-3	-5
"4774"	9	1	1	15	0	0	45	100	0	0	395.979797464	395.979797464	1553612290.83	-3	-5	-3	-5
"4775"	9	1	1	15	0	0	45	100	0	0	395.979797464	395.979797464	1553612290.86	-3	-5	-3	-5
"4776"	9	1	1	15	0	0	45	100	0	0	395.979797464	395.979797464	1553612290.89	-3	-3	-3	-3
"4777"	9	1	1	15	0	0	45	100	0	0	395.979797464	395.979797464	1553612290.93	3	6	3	6
"4778"	9	1	1	15	0	0	45	100	0	0	395.979797464	395.979797464	1553612290.96	18	28	18	28
"4779"	9	1	1	15	0	0	45	100	0	0	395.979797464	395.979797464	1553612290.99	39	55	39	55
"4780"	9	1	1	15	0	0	45	100	0	0	395.979797464	395.979797464	1553612291.03	68	83	68	83
"4781"	9	1	1	15	0	0	45	100	0	0	395.979797464	395.979797464	1553612291.06	102	115	102	115
"4782"	9	1	1	15	0	0	45	100	0	0	395.979797464	395.979797464	1553612291.09	131	142	131	142
"4783"	9	1	1	15	0	0	45	100	0	0	395.979797464	395.979797464	1553612291.13	164	172	164	172
"4784"	9	1	1	15	0	0	45	100	0	0	395.979797464	395.979797464	1553612291.16	196	201	196	201
"4785"	9	1	1	15	0	0	45	100	0	0	395.979797464	395.979797464	1553612291.19	226	229	226	229
"4786"	9	1	1	15	0	0	45	100	0	0	395.979797464	395.979797464	1553612291.23	251	250	251	250
"4787"	9	1	1	15	0	0	45	100	0	0	395.979797464	395.979797464	1553612291.26	276	277	276	277
"4788"	9	1	1	15	0	0	45	100	0	0	395.979797464	395.979797464	1553612291.29	305	307	305	307
"4789"	9	1	1	15	0	0	45	100	0	0	395.979797464	395.979797464	1553612291.33	328	328	328	328
"4790"	9	1	1	15	0	0	45	100	0	0	395.979797464	395.979797464	1553612291.36	352	349	352	349
"4791"	9	1	1	15	0	0	45	100	0	0	395.979797464	395.979797464	1553612291.39	368	361	368	361
"4792"	9	1	1	15	0	0	45	100	0	0	395.979797464	395.979797464	1553612291.43	378	368	378	368
"4793"	9	1	1	15	0	0	45	100	0	0	395.979797464	395.979797464	1553612291.46	386	372	386	372
"4794"	9	1	1	15	0	0	45	100	0	0	395.979797464	395.979797464	1553612291.49	394	380	394	380
"4795"	9	1	1	15	0	0	45	100	0	0	395.979797464	395.979797464	1553612291.53	397	387	397	387
"4796"	9	1	1	15	0	0	45	100	0	0	395.979797464	395.979797464	1553612291.56	398	390	398	390
"4797"	9	1	1	15	0	0	45	100	0	0	395.979797464	395.979797464	1553612291.59	401	398	401	398
"4798"	9	1	1	15	0	0	45	100	0	0	395.979797464	395.979797464	1553612291.63	403	403	403	403
"4799"	9	1	1	16	0	0	45	100	0	0	395.979797464	395.979797464	1553612292.94	-2	-6	-2	-6
"4800"	9	1	1	16	0	0	45	100	0	0	395.979797464	395.979797464	1553612292.96	-2	-6	-2	-6
"4801"	9	1	1	16	0	0	45	100	0	0	395.979797464	395.979797464	1553612292.99	-2	-5	-2	-5
"4802"	9	1	1	16	0	0	45	100	0	0	395.979797464	395.979797464	1553612293.03	-2	-5	-2	-5
"4803"	9	1	1	16	0	0	45	100	0	0	395.979797464	395.979797464	1553612293.06	-2	-4	-2	-4
"4804"	9	1	1	16	0	0	45	100	0	0	395.979797464	395.979797464	1553612293.1	-1	3	-1	3
"4805"	9	1	1	16	0	0	45	100	0	0	395.979797464	395.979797464	1553612293.13	2	13	2	13
"4806"	9	1	1	16	0	0	45	100	0	0	395.979797464	395.979797464	1553612293.16	5	23	5	23
"4807"	9	1	1	16	0	0	45	100	0	0	395.979797464	395.979797464	1553612293.2	6	37	6	37
"4808"	9	1	1	16	0	0	45	100	0	0	395.979797464	395.979797464	1553612293.23	10	60	10	60
"4809"	9	1	1	16	0	0	45	100	0	0	395.979797464	395.979797464	1553612293.26	14	80	14	80
"4810"	9	1	1	16	0	0	45	100	0	0	395.979797464	395.979797464	1553612293.3	25	102	25	102
"4811"	9	1	1	16	0	0	45	100	0	0	395.979797464	395.979797464	1553612293.33	42	129	42	129
"4812"	9	1	1	16	0	0	45	100	0	0	395.979797464	395.979797464	1553612293.36	61	154	61	154
"4813"	9	1	1	16	0	0	45	100	0	0	395.979797464	395.979797464	1553612293.4	91	181	91	181
"4814"	9	1	1	16	0	0	45	100	0	0	395.979797464	395.979797464	1553612293.43	116	198	116	198
"4815"	9	1	1	16	0	0	45	100	0	0	395.979797464	395.979797464	1553612293.46	145	217	145	217
"4816"	9	1	1	16	0	0	45	100	0	0	395.979797464	395.979797464	1553612293.5	185	239	185	239
"4817"	9	1	1	16	0	0	45	100	0	0	395.979797464	395.979797464	1553612293.53	214	253	214	253
"4818"	9	1	1	16	0	0	45	100	0	0	395.979797464	395.979797464	1553612293.56	248	273	248	273
"4819"	9	1	1	16	0	0	45	100	0	0	395.979797464	395.979797464	1553612293.6	277	291	277	291
"4820"	9	1	1	16	0	0	45	100	0	0	395.979797464	395.979797464	1553612293.63	308	309	308	309
"4821"	9	1	1	16	0	0	45	100	0	0	395.979797464	395.979797464	1553612293.66	334	324	334	324
"4822"	9	1	1	16	0	0	45	100	0	0	395.979797464	395.979797464	1553612293.7	358	338	358	338
"4823"	9	1	1	16	0	0	45	100	0	0	395.979797464	395.979797464	1553612293.73	378	350	378	350
"4824"	9	1	1	16	0	0	45	100	0	0	395.979797464	395.979797464	1553612293.76	387	355	387	355
"4825"	9	1	1	16	0	0	45	100	0	0	395.979797464	395.979797464	1553612293.8	396	361	396	361
"4826"	9	1	1	16	0	0	45	100	0	0	395.979797464	395.979797464	1553612293.83	402	366	402	366
"4827"	9	1	1	16	0	0	45	100	0	0	395.979797464	395.979797464	1553612293.86	403	368	403	368
"4828"	9	1	1	16	0	0	45	100	0	0	395.979797464	395.979797464	1553612293.9	403	372	403	372
"4829"	9	1	1	16	0	0	45	100	0	0	395.979797464	395.979797464	1553612293.93	403	378	403	378
"4830"	9	1	1	16	0	0	45	100	0	0	395.979797464	395.979797464	1553612293.96	403	384	403	384
"4831"	9	1	1	16	0	0	45	100	0	0	395.979797464	395.979797464	1553612294	405	388	405	388
"4832"	9	1	1	16	0	0	45	100	0	0	395.979797464	395.979797464	1553612294.03	407	392	407	392
"4833"	9	1	1	16	0	0	45	100	0	0	395.979797464	395.979797464	1553612294.06	408	393	408	393
"4834"	9	1	1	17	0	0	135	100	0	0	-395.979797464	395.979797464	1553612295.34	-1	-3	-1	-3
"4835"	9	1	1	17	0	0	135	100	0	0	-395.979797464	395.979797464	1553612295.36	-1	-3	-1	-3
"4836"	9	1	1	17	0	0	135	100	0	0	-395.979797464	395.979797464	1553612295.4	-1	-3	-1	-3
"4837"	9	1	1	17	0	0	135	100	0	0	-395.979797464	395.979797464	1553612295.43	-1	-3	-1	-3
"4838"	9	1	1	17	0	0	135	100	0	0	-395.979797464	395.979797464	1553612295.46	-1	-3	-1	-3
"4839"	9	1	1	17	0	0	135	100	0	0	-395.979797464	395.979797464	1553612295.5	-1	-3	-1	-3
"4840"	9	1	1	17	0	0	135	100	0	0	-395.979797464	395.979797464	1553612295.53	-1	-3	-1	-3
"4841"	9	1	1	17	0	0	135	100	0	0	-395.979797464	395.979797464	1553612295.56	0	-3	0	-3
"4842"	9	1	1	17	0	0	135	100	0	0	-395.979797464	395.979797464	1553612295.6	-1	-1	-1	-1
"4843"	9	1	1	17	0	0	135	100	0	0	-395.979797464	395.979797464	1553612295.63	-6	8	-6	8
"4844"	9	1	1	17	0	0	135	100	0	0	-395.979797464	395.979797464	1553612295.66	-17	24	-17	24
"4845"	9	1	1	17	0	0	135	100	0	0	-395.979797464	395.979797464	1553612295.7	-36	47	-36	47
"4846"	9	1	1	17	0	0	135	100	0	0	-395.979797464	395.979797464	1553612295.73	-59	72	-59	72
"4847"	9	1	1	17	0	0	135	100	0	0	-395.979797464	395.979797464	1553612295.76	-88	99	-88	99
"4848"	9	1	1	17	0	0	135	100	0	0	-395.979797464	395.979797464	1553612295.8	-115	123	-115	123
"4849"	9	1	1	17	0	0	135	100	0	0	-395.979797464	395.979797464	1553612295.83	-146	151	-146	151
"4850"	9	1	1	17	0	0	135	100	0	0	-395.979797464	395.979797464	1553612295.86	-177	180	-177	180
"4851"	9	1	1	17	0	0	135	100	0	0	-395.979797464	395.979797464	1553612295.9	-207	208	-207	208
"4852"	9	1	1	17	0	0	135	100	0	0	-395.979797464	395.979797464	1553612295.93	-231	230	-231	230
"4853"	9	1	1	17	0	0	135	100	0	0	-395.979797464	395.979797464	1553612295.96	-257	254	-257	254
"4854"	9	1	1	17	0	0	135	100	0	0	-395.979797464	395.979797464	1553612296	-281	273	-281	273
"4855"	9	1	1	17	0	0	135	100	0	0	-395.979797464	395.979797464	1553612296.03	-300	289	-300	289
"4856"	9	1	1	17	0	0	135	100	0	0	-395.979797464	395.979797464	1553612296.06	-314	303	-314	303
"4857"	9	1	1	17	0	0	135	100	0	0	-395.979797464	395.979797464	1553612296.1	-330	319	-330	319
"4858"	9	1	1	17	0	0	135	100	0	0	-395.979797464	395.979797464	1553612296.13	-342	330	-342	330
"4859"	9	1	1	17	0	0	135	100	0	0	-395.979797464	395.979797464	1553612296.16	-354	343	-354	343
"4860"	9	1	1	17	0	0	135	100	0	0	-395.979797464	395.979797464	1553612296.2	-363	353	-363	353
"4861"	9	1	1	17	0	0	135	100	0	0	-395.979797464	395.979797464	1553612296.23	-371	361	-371	361
"4862"	9	1	1	17	0	0	135	100	0	0	-395.979797464	395.979797464	1553612296.26	-376	367	-376	367
"4863"	9	1	1	17	0	0	135	100	0	0	-395.979797464	395.979797464	1553612296.3	-381	372	-381	372
"4864"	9	1	1	17	0	0	135	100	0	0	-395.979797464	395.979797464	1553612296.33	-384	377	-384	377
"4865"	9	1	1	17	0	0	135	100	0	0	-395.979797464	395.979797464	1553612296.36	-387	380	-387	380
"4866"	9	1	1	17	0	0	135	100	0	0	-395.979797464	395.979797464	1553612296.4	-390	385	-390	385
"4867"	9	1	1	17	0	0	135	100	0	0	-395.979797464	395.979797464	1553612296.43	-393	389	-393	389
"4868"	9	1	1	17	0	0	135	100	0	0	-395.979797464	395.979797464	1553612296.46	-396	392	-396	392
"4869"	9	1	1	17	0	0	135	100	0	0	-395.979797464	395.979797464	1553612296.5	-399	394	-399	394
"4870"	9	1	1	18	0	0	90	100	0	0	3.42901103761e-14	560	1553612297.61	-7	-11	-7	-11
"4871"	9	1	1	18	0	0	90	100	0	0	3.42901103761e-14	560	1553612297.63	-7	-11	-7	-11
"4872"	9	1	1	18	0	0	90	100	0	0	3.42901103761e-14	560	1553612297.67	-7	-11	-7	-11
"4873"	9	1	1	18	0	0	90	100	0	0	3.42901103761e-14	560	1553612297.7	-7	-11	-7	-11
"4874"	9	1	1	18	0	0	90	100	0	0	3.42901103761e-14	560	1553612297.73	-7	-11	-7	-11
"4875"	9	1	1	18	0	0	90	100	0	0	3.42901103761e-14	560	1553612297.77	-7	-11	-7	-11
"4876"	9	1	1	18	0	0	90	100	0	0	3.42901103761e-14	560	1553612297.8	-7	-11	-7	-11
"4877"	9	1	1	18	0	0	90	100	0	0	3.42901103761e-14	560	1553612297.83	-7	-11	-7	-11
"4878"	9	1	1	18	0	0	90	100	0	0	3.42901103761e-14	560	1553612297.87	-7	-11	-7	-11
"4879"	9	1	1	18	0	0	90	100	0	0	3.42901103761e-14	560	1553612297.9	-7	-11	-7	-11
"4880"	9	1	1	18	0	0	90	100	0	0	3.42901103761e-14	560	1553612297.93	-7	-9	-7	-9
"4881"	9	1	1	18	0	0	90	100	0	0	3.42901103761e-14	560	1553612297.97	-8	1	-8	1
"4882"	9	1	1	18	0	0	90	100	0	0	3.42901103761e-14	560	1553612298	-11	22	-11	22
"4883"	9	1	1	18	0	0	90	100	0	0	3.42901103761e-14	560	1553612298.03	-14	53	-14	53
"4884"	9	1	1	18	0	0	90	100	0	0	3.42901103761e-14	560	1553612298.07	-16	87	-16	87
"4885"	9	1	1	18	0	0	90	100	0	0	3.42901103761e-14	560	1553612298.1	-19	132	-19	132
"4886"	9	1	1	18	0	0	90	100	0	0	3.42901103761e-14	560	1553612298.13	-22	180	-22	180
"4887"	9	1	1	18	0	0	90	100	0	0	3.42901103761e-14	560	1553612298.17	-23	229	-23	229
"4888"	9	1	1	18	0	0	90	100	0	0	3.42901103761e-14	560	1553612298.2	-26	271	-26	271
"4889"	9	1	1	18	0	0	90	100	0	0	3.42901103761e-14	560	1553612298.23	-29	315	-29	315
"4890"	9	1	1	18	0	0	90	100	0	0	3.42901103761e-14	560	1553612298.27	-31	355	-31	355
"4891"	9	1	1	18	0	0	90	100	0	0	3.42901103761e-14	560	1553612298.3	-34	390	-34	390
"4892"	9	1	1	18	0	0	90	100	0	0	3.42901103761e-14	560	1553612298.33	-36	414	-36	414
"4893"	9	1	1	18	0	0	90	100	0	0	3.42901103761e-14	560	1553612298.37	-38	438	-38	438
"4894"	9	1	1	18	0	0	90	100	0	0	3.42901103761e-14	560	1553612298.4	-39	454	-39	454
"4895"	9	1	1	18	0	0	90	100	0	0	3.42901103761e-14	560	1553612298.43	-38	469	-38	469
"4896"	9	1	1	18	0	0	90	100	0	0	3.42901103761e-14	560	1553612298.47	-38	480	-38	480
"4897"	9	1	1	18	0	0	90	100	0	0	3.42901103761e-14	560	1553612298.5	-37	490	-37	490
"4898"	9	1	1	18	0	0	90	100	0	0	3.42901103761e-14	560	1553612298.53	-36	496	-36	496
"4899"	9	1	1	18	0	0	90	100	0	0	3.42901103761e-14	560	1553612298.57	-34	500	-34	500
"4900"	9	1	1	18	0	0	90	100	0	0	3.42901103761e-14	560	1553612298.6	-32	506	-32	506
"4901"	9	1	1	18	0	0	90	100	0	0	3.42901103761e-14	560	1553612298.63	-29	513	-29	513
"4902"	9	1	1	18	0	0	90	100	0	0	3.42901103761e-14	560	1553612298.67	-27	520	-27	520
"4903"	9	1	1	18	0	0	90	100	0	0	3.42901103761e-14	560	1553612298.7	-24	528	-24	528
"4904"	9	1	1	18	0	0	90	100	0	0	3.42901103761e-14	560	1553612298.73	-21	536	-21	536
"4905"	9	1	1	18	0	0	90	100	0	0	3.42901103761e-14	560	1553612298.77	-19	541	-19	541
"4906"	9	1	1	18	0	0	90	100	0	0	3.42901103761e-14	560	1553612298.8	-15	548	-15	548
"4907"	9	1	1	18	0	0	90	100	0	0	3.42901103761e-14	560	1553612298.83	-10	558	-10	558
"4908"	9	1	1	18	0	0	90	100	0	0	3.42901103761e-14	560	1553612298.87	-8	562	-8	562
"4909"	9	1	1	18	0	0	90	100	0	0	3.42901103761e-14	560	1553612298.9	-7	563	-7	563
"4910"	9	1	1	19	0	0	135	100	0	0	-395.979797464	395.979797464	1553612300.15	4	1	4	1
"4911"	9	1	1	19	0	0	135	100	0	0	-395.979797464	395.979797464	1553612300.17	5	1	5	1
"4912"	9	1	1	19	0	0	135	100	0	0	-395.979797464	395.979797464	1553612300.2	5	1	5	1
"4913"	9	1	1	19	0	0	135	100	0	0	-395.979797464	395.979797464	1553612300.23	5	1	5	1
"4914"	9	1	1	19	0	0	135	100	0	0	-395.979797464	395.979797464	1553612300.27	5	1	5	1
"4915"	9	1	1	19	0	0	135	100	0	0	-395.979797464	395.979797464	1553612300.3	5	1	5	1
"4916"	9	1	1	19	0	0	135	100	0	0	-395.979797464	395.979797464	1553612300.33	5	1	5	1
"4917"	9	1	1	19	0	0	135	100	0	0	-395.979797464	395.979797464	1553612300.37	5	1	5	1
"4918"	9	1	1	19	0	0	135	100	0	0	-395.979797464	395.979797464	1553612300.4	5	1	5	1
"4919"	9	1	1	19	0	0	135	100	0	0	-395.979797464	395.979797464	1553612300.43	4	2	4	2
"4920"	9	1	1	19	0	0	135	100	0	0	-395.979797464	395.979797464	1553612300.47	0	4	0	4
"4921"	9	1	1	19	0	0	135	100	0	0	-395.979797464	395.979797464	1553612300.5	-7	12	-7	12
"4922"	9	1	1	19	0	0	135	100	0	0	-395.979797464	395.979797464	1553612300.53	-19	26	-19	26
"4923"	9	1	1	19	0	0	135	100	0	0	-395.979797464	395.979797464	1553612300.57	-40	51	-40	51
"4924"	9	1	1	19	0	0	135	100	0	0	-395.979797464	395.979797464	1553612300.6	-59	72	-59	72
"4925"	9	1	1	19	0	0	135	100	0	0	-395.979797464	395.979797464	1553612300.63	-86	106	-86	106
"4926"	9	1	1	19	0	0	135	100	0	0	-395.979797464	395.979797464	1553612300.67	-108	134	-108	134
"4927"	9	1	1	19	0	0	135	100	0	0	-395.979797464	395.979797464	1553612300.7	-131	161	-131	161
"4928"	9	1	1	19	0	0	135	100	0	0	-395.979797464	395.979797464	1553612300.73	-158	191	-158	191
"4929"	9	1	1	19	0	0	135	100	0	0	-395.979797464	395.979797464	1553612300.77	-187	218	-187	218
"4930"	9	1	1	19	0	0	135	100	0	0	-395.979797464	395.979797464	1553612300.8	-215	244	-215	244
"4931"	9	1	1	19	0	0	135	100	0	0	-395.979797464	395.979797464	1553612300.83	-237	267	-237	267
"4932"	9	1	1	19	0	0	135	100	0	0	-395.979797464	395.979797464	1553612300.87	-262	292	-262	292
"4933"	9	1	1	19	0	0	135	100	0	0	-395.979797464	395.979797464	1553612300.9	-284	315	-284	315
"4934"	9	1	1	19	0	0	135	100	0	0	-395.979797464	395.979797464	1553612300.93	-305	336	-305	336
"4935"	9	1	1	19	0	0	135	100	0	0	-395.979797464	395.979797464	1553612300.97	-320	352	-320	352
"4936"	9	1	1	19	0	0	135	100	0	0	-395.979797464	395.979797464	1553612301	-334	363	-334	363
"4937"	9	1	1	19	0	0	135	100	0	0	-395.979797464	395.979797464	1553612301.03	-350	374	-350	374
"4938"	9	1	1	19	0	0	135	100	0	0	-395.979797464	395.979797464	1553612301.07	-362	381	-362	381
"4939"	9	1	1	19	0	0	135	100	0	0	-395.979797464	395.979797464	1553612301.1	-374	388	-374	388
"4940"	9	1	1	19	0	0	135	100	0	0	-395.979797464	395.979797464	1553612301.13	-383	393	-383	393
"4941"	9	1	1	19	0	0	135	100	0	0	-395.979797464	395.979797464	1553612301.17	-389	396	-389	396
"4942"	9	1	1	19	0	0	135	100	0	0	-395.979797464	395.979797464	1553612301.2	-395	399	-395	399
"4943"	9	1	1	19	0	0	135	100	0	0	-395.979797464	395.979797464	1553612301.23	-398	400	-398	400
"4944"	9	1	1	19	0	0	135	100	0	0	-395.979797464	395.979797464	1553612301.27	-401	402	-401	402
"4945"	9	1	1	19	0	0	135	100	0	0	-395.979797464	395.979797464	1553612301.3	-403	402	-403	402
"4946"	9	1	1	20	0	0	45	100	0	0	395.979797464	395.979797464	1553612302.51	3	-7	3	-7
"4947"	9	1	1	20	0	0	45	100	0	0	395.979797464	395.979797464	1553612302.54	3	-7	3	-7
"4948"	9	1	1	20	0	0	45	100	0	0	395.979797464	395.979797464	1553612302.57	3	-7	3	-7
"4949"	9	1	1	20	0	0	45	100	0	0	395.979797464	395.979797464	1553612302.6	3	-7	3	-7
"4950"	9	1	1	20	0	0	45	100	0	0	395.979797464	395.979797464	1553612302.64	3	-7	3	-7
"4951"	9	1	1	20	0	0	45	100	0	0	395.979797464	395.979797464	1553612302.67	3	-7	3	-7
"4952"	9	1	1	20	0	0	45	100	0	0	395.979797464	395.979797464	1553612302.7	3	-6	3	-6
"4953"	9	1	1	20	0	0	45	100	0	0	395.979797464	395.979797464	1553612302.74	3	-6	3	-6
"4954"	9	1	1	20	0	0	45	100	0	0	395.979797464	395.979797464	1553612302.77	3	-6	3	-6
"4955"	9	1	1	20	0	0	45	100	0	0	395.979797464	395.979797464	1553612302.8	3	-5	3	-5
"4956"	9	1	1	20	0	0	45	100	0	0	395.979797464	395.979797464	1553612302.84	5	-2	5	-2
"4957"	9	1	1	20	0	0	45	100	0	0	395.979797464	395.979797464	1553612302.87	12	8	12	8
"4958"	9	1	1	20	0	0	45	100	0	0	395.979797464	395.979797464	1553612302.9	29	31	29	31
"4959"	9	1	1	20	0	0	45	100	0	0	395.979797464	395.979797464	1553612302.94	48	53	48	53
"4960"	9	1	1	20	0	0	45	100	0	0	395.979797464	395.979797464	1553612302.97	73	81	73	81
"4961"	9	1	1	20	0	0	45	100	0	0	395.979797464	395.979797464	1553612303	102	110	102	110
"4962"	9	1	1	20	0	0	45	100	0	0	395.979797464	395.979797464	1553612303.04	129	136	129	136
"4963"	9	1	1	20	0	0	45	100	0	0	395.979797464	395.979797464	1553612303.07	162	166	162	166
"4964"	9	1	1	20	0	0	45	100	0	0	395.979797464	395.979797464	1553612303.1	194	196	194	196
"4965"	9	1	1	20	0	0	45	100	0	0	395.979797464	395.979797464	1553612303.14	223	225	223	225
"4966"	9	1	1	20	0	0	45	100	0	0	395.979797464	395.979797464	1553612303.17	257	255	257	255
"4967"	9	1	1	20	0	0	45	100	0	0	395.979797464	395.979797464	1553612303.2	287	284	287	284
"4968"	9	1	1	20	0	0	45	100	0	0	395.979797464	395.979797464	1553612303.24	316	312	316	312
"4969"	9	1	1	20	0	0	45	100	0	0	395.979797464	395.979797464	1553612303.27	338	333	338	333
"4970"	9	1	1	20	0	0	45	100	0	0	395.979797464	395.979797464	1553612303.3	356	352	356	352
"4971"	9	1	1	20	0	0	45	100	0	0	395.979797464	395.979797464	1553612303.34	371	366	371	366
"4972"	9	1	1	20	0	0	45	100	0	0	395.979797464	395.979797464	1553612303.37	383	377	383	377
"4973"	9	1	1	20	0	0	45	100	0	0	395.979797464	395.979797464	1553612303.4	393	389	393	389
"4974"	9	1	1	20	0	0	45	100	0	0	395.979797464	395.979797464	1553612303.44	400	398	400	398
"4975"	9	1	1	20	0	0	45	100	0	0	395.979797464	395.979797464	1553612303.47	405	403	405	403
"4976"	9	1	1	20	0	0	45	100	0	0	395.979797464	395.979797464	1553612303.5	407	406	407	406
"4977"	9	1	1	20	0	0	45	100	0	0	395.979797464	395.979797464	1553612303.54	409	408	409	408
"4978"	9	1	1	20	0	0	45	100	0	0	395.979797464	395.979797464	1553612303.57	409	408	409	408
"4979"	9	1	1	20	0	0	45	100	0	0	395.979797464	395.979797464	1553612303.6	410	409	410	409
"4980"	9	1	1	20	0	0	45	100	0	0	395.979797464	395.979797464	1553612303.64	413	411	413	411
"4981"	9	1	1	20	0	0	45	100	0	0	395.979797464	395.979797464	1553612303.67	414	412	414	412
"4982"	9	1	1	20	0	0	45	100	0	0	395.979797464	395.979797464	1553612303.7	414	411	414	411
"4983"	9	1	1	20	0	0	45	100	0	0	395.979797464	395.979797464	1553612303.74	414	411	414	411
"4984"	9	1	1	20	0	0	45	100	0	0	395.979797464	395.979797464	1553612303.77	411	408	411	408
"4985"	9	1	1	20	0	0	45	100	0	0	395.979797464	395.979797464	1553612303.8	406	403	406	403
"4986"	9	1	1	20	0	0	45	100	0	0	395.979797464	395.979797464	1553612303.84	402	400	402	400
"4987"	9	1	1	20	0	0	45	100	0	0	395.979797464	395.979797464	1553612303.87	398	397	398	397
"4988"	9	1	1	20	0	0	45	100	0	0	395.979797464	395.979797464	1553612303.9	396	396	396	396
"4989"	9	1	1	21	0	0	90	100	0	0	3.42901103761e-14	560	1553612305.25	1	0	1	0
"4990"	9	1	1	21	0	0	90	100	0	0	3.42901103761e-14	560	1553612305.27	1	0	1	0
"4991"	9	1	1	21	0	0	90	100	0	0	3.42901103761e-14	560	1553612305.3	1	0	1	0
"4992"	9	1	1	21	0	0	90	100	0	0	3.42901103761e-14	560	1553612305.34	1	0	1	0
"4993"	9	1	1	21	0	0	90	100	0	0	3.42901103761e-14	560	1553612305.37	1	0	1	0
"4994"	9	1	1	21	0	0	90	100	0	0	3.42901103761e-14	560	1553612305.4	1	1	1	1
"4995"	9	1	1	21	0	0	90	100	0	0	3.42901103761e-14	560	1553612305.44	2	2	2	2
"4996"	9	1	1	21	0	0	90	100	0	0	3.42901103761e-14	560	1553612305.47	2	4	2	4
"4997"	9	1	1	21	0	0	90	100	0	0	3.42901103761e-14	560	1553612305.5	1	12	1	12
"4998"	9	1	1	21	0	0	90	100	0	0	3.42901103761e-14	560	1553612305.54	1	21	1	21
"4999"	9	1	1	21	0	0	90	100	0	0	3.42901103761e-14	560	1553612305.57	0	36	0	36
"5000"	9	1	1	21	0	0	90	100	0	0	3.42901103761e-14	560	1553612305.6	0	64	0	64
"5001"	9	1	1	21	0	0	90	100	0	0	3.42901103761e-14	560	1553612305.64	0	90	0	90
"5002"	9	1	1	21	0	0	90	100	0	0	3.42901103761e-14	560	1553612305.67	0	132	0	132
"5003"	9	1	1	21	0	0	90	100	0	0	3.42901103761e-14	560	1553612305.7	0	168	0	168
"5004"	9	1	1	21	0	0	90	100	0	0	3.42901103761e-14	560	1553612305.74	-1	203	-1	203
"5005"	9	1	1	21	0	0	90	100	0	0	3.42901103761e-14	560	1553612305.77	-2	250	-2	250
"5006"	9	1	1	21	0	0	90	100	0	0	3.42901103761e-14	560	1553612305.8	-2	287	-2	287
"5007"	9	1	1	21	0	0	90	100	0	0	3.42901103761e-14	560	1553612305.84	-4	326	-4	326
"5008"	9	1	1	21	0	0	90	100	0	0	3.42901103761e-14	560	1553612305.87	-5	356	-5	356
"5009"	9	1	1	21	0	0	90	100	0	0	3.42901103761e-14	560	1553612305.9	-5	388	-5	388
"5010"	9	1	1	21	0	0	90	100	0	0	3.42901103761e-14	560	1553612305.94	-5	417	-5	417
"5011"	9	1	1	21	0	0	90	100	0	0	3.42901103761e-14	560	1553612305.97	-6	441	-6	441
"5012"	9	1	1	21	0	0	90	100	0	0	3.42901103761e-14	560	1553612306	-6	461	-6	461
"5013"	9	1	1	21	0	0	90	100	0	0	3.42901103761e-14	560	1553612306.04	-5	473	-5	473
"5014"	9	1	1	21	0	0	90	100	0	0	3.42901103761e-14	560	1553612306.07	-5	488	-5	488
"5015"	9	1	1	21	0	0	90	100	0	0	3.42901103761e-14	560	1553612306.1	-5	497	-5	497
"5016"	9	1	1	21	0	0	90	100	0	0	3.42901103761e-14	560	1553612306.14	-4	508	-4	508
"5017"	9	1	1	21	0	0	90	100	0	0	3.42901103761e-14	560	1553612306.17	-4	518	-4	518
"5018"	9	1	1	21	0	0	90	100	0	0	3.42901103761e-14	560	1553612306.21	-4	527	-4	527
"5019"	9	1	1	21	0	0	90	100	0	0	3.42901103761e-14	560	1553612306.24	-3	534	-3	534
"5020"	9	1	1	21	0	0	90	100	0	0	3.42901103761e-14	560	1553612306.27	-3	538	-3	538
"5021"	9	1	1	21	0	0	90	100	0	0	3.42901103761e-14	560	1553612306.31	-2	543	-2	543
"5022"	9	1	1	21	0	0	90	100	0	0	3.42901103761e-14	560	1553612306.34	-1	548	-1	548
"5023"	9	1	1	21	0	0	90	100	0	0	3.42901103761e-14	560	1553612306.37	0	552	0	552
"5024"	9	1	1	21	0	0	90	100	0	0	3.42901103761e-14	560	1553612306.41	1	556	1	556
"5025"	9	1	1	21	0	0	90	100	0	0	3.42901103761e-14	560	1553612306.44	1	559	1	559
"5026"	9	1	1	21	0	0	90	100	0	0	3.42901103761e-14	560	1553612306.47	2	560	2	560
