"task_num"	"task_name"	"trial_type"	"trial_num"	"terminalfeedback_bool"	"rotation_angle"	"targetangle_deg"	"targetdistance_percmax"	"homex_px"	"homey_px"	"targetx_px"	"targety_px"	"time_s"	"mousex_px"	"mousey_px"	"cursorx_px"	"cursory_px"
9	"1"	"1"	1	FALSE	0	135	100	0	0	-395.979797464	395.979797464	1551387203.3	2	-1	2	-1
9	"1"	"1"	1	FALSE	0	135	100	0	0	-395.979797464	395.979797464	1551387203.33	2	-1	2	-1
9	"1"	"1"	1	FALSE	0	135	100	0	0	-395.979797464	395.979797464	1551387203.36	2	-1	2	-1
9	"1"	"1"	1	FALSE	0	135	100	0	0	-395.979797464	395.979797464	1551387203.39	2	-1	2	-1
9	"1"	"1"	1	FALSE	0	135	100	0	0	-395.979797464	395.979797464	1551387203.43	2	-1	2	-1
9	"1"	"1"	1	FALSE	0	135	100	0	0	-395.979797464	395.979797464	1551387203.46	2	-1	2	-1
9	"1"	"1"	1	FALSE	0	135	100	0	0	-395.979797464	395.979797464	1551387203.49	2	-1	2	-1
9	"1"	"1"	1	FALSE	0	135	100	0	0	-395.979797464	395.979797464	1551387203.53	2	-1	2	-1
9	"1"	"1"	1	FALSE	0	135	100	0	0	-395.979797464	395.979797464	1551387203.56	2	-1	2	-1
9	"1"	"1"	1	FALSE	0	135	100	0	0	-395.979797464	395.979797464	1551387203.59	2	-1	2	-1
9	"1"	"1"	1	FALSE	0	135	100	0	0	-395.979797464	395.979797464	1551387203.63	2	-1	2	-1
9	"1"	"1"	1	FALSE	0	135	100	0	0	-395.979797464	395.979797464	1551387203.66	2	-1	2	-1
9	"1"	"1"	1	FALSE	0	135	100	0	0	-395.979797464	395.979797464	1551387203.69	2	-1	2	-1
9	"1"	"1"	1	FALSE	0	135	100	0	0	-395.979797464	395.979797464	1551387203.73	2	-1	2	-1
9	"1"	"1"	1	FALSE	0	135	100	0	0	-395.979797464	395.979797464	1551387203.76	2	-1	2	-1
9	"1"	"1"	1	FALSE	0	135	100	0	0	-395.979797464	395.979797464	1551387203.8	-1	1	-1	1
9	"1"	"1"	1	FALSE	0	135	100	0	0	-395.979797464	395.979797464	1551387203.83	-17	10	-17	10
9	"1"	"1"	1	FALSE	0	135	100	0	0	-395.979797464	395.979797464	1551387203.86	-41	29	-41	29
9	"1"	"1"	1	FALSE	0	135	100	0	0	-395.979797464	395.979797464	1551387203.9	-65	49	-65	49
9	"1"	"1"	1	FALSE	0	135	100	0	0	-395.979797464	395.979797464	1551387203.93	-89	65	-89	65
9	"1"	"1"	1	FALSE	0	135	100	0	0	-395.979797464	395.979797464	1551387203.96	-116	82	-116	82
9	"1"	"1"	1	FALSE	0	135	100	0	0	-395.979797464	395.979797464	1551387204	-140	98	-140	98
9	"1"	"1"	1	FALSE	0	135	100	0	0	-395.979797464	395.979797464	1551387204.03	-171	116	-171	116
9	"1"	"1"	1	FALSE	0	135	100	0	0	-395.979797464	395.979797464	1551387204.06	-200	135	-200	135
9	"1"	"1"	1	FALSE	0	135	100	0	0	-395.979797464	395.979797464	1551387204.1	-224	153	-224	153
9	"1"	"1"	1	FALSE	0	135	100	0	0	-395.979797464	395.979797464	1551387204.13	-254	178	-254	178
9	"1"	"1"	1	FALSE	0	135	100	0	0	-395.979797464	395.979797464	1551387204.16	-275	196	-275	196
9	"1"	"1"	1	FALSE	0	135	100	0	0	-395.979797464	395.979797464	1551387204.2	-300	216	-300	216
9	"1"	"1"	1	FALSE	0	135	100	0	0	-395.979797464	395.979797464	1551387204.23	-324	235	-324	235
9	"1"	"1"	1	FALSE	0	135	100	0	0	-395.979797464	395.979797464	1551387204.26	-342	252	-342	252
9	"1"	"1"	1	FALSE	0	135	100	0	0	-395.979797464	395.979797464	1551387204.3	-356	267	-356	267
9	"1"	"1"	1	FALSE	0	135	100	0	0	-395.979797464	395.979797464	1551387204.33	-369	286	-369	286
9	"1"	"1"	1	FALSE	0	135	100	0	0	-395.979797464	395.979797464	1551387204.36	-380	310	-380	310
9	"1"	"1"	1	FALSE	0	135	100	0	0	-395.979797464	395.979797464	1551387204.4	-384	323	-384	323
9	"1"	"1"	1	FALSE	0	135	100	0	0	-395.979797464	395.979797464	1551387204.43	-388	339	-388	339
9	"1"	"1"	1	FALSE	0	135	100	0	0	-395.979797464	395.979797464	1551387204.46	-390	351	-390	351
9	"1"	"1"	1	FALSE	0	135	100	0	0	-395.979797464	395.979797464	1551387204.5	-391	357	-391	357
9	"1"	"1"	1	FALSE	0	135	100	0	0	-395.979797464	395.979797464	1551387204.53	-392	364	-392	364
9	"1"	"1"	1	FALSE	0	135	100	0	0	-395.979797464	395.979797464	1551387204.56	-394	373	-394	373
9	"1"	"1"	1	FALSE	0	135	100	0	0	-395.979797464	395.979797464	1551387204.6	-396	381	-396	381
9	"1"	"1"	1	FALSE	0	135	100	0	0	-395.979797464	395.979797464	1551387204.63	-397	388	-397	388
9	"1"	"1"	1	FALSE	0	135	100	0	0	-395.979797464	395.979797464	1551387204.66	-399	393	-399	393
9	"1"	"1"	1	FALSE	0	135	100	0	0	-395.979797464	395.979797464	1551387204.7	-400	396	-400	396
9	"1"	"1"	2	FALSE	0	45	100	0	0	395.979797464	395.979797464	1551387206.11	-6	-4	-6	-4
9	"1"	"1"	2	FALSE	0	45	100	0	0	395.979797464	395.979797464	1551387206.13	-6	-4	-6	-4
9	"1"	"1"	2	FALSE	0	45	100	0	0	395.979797464	395.979797464	1551387206.16	-6	-4	-6	-4
9	"1"	"1"	2	FALSE	0	45	100	0	0	395.979797464	395.979797464	1551387206.2	-6	-4	-6	-4
9	"1"	"1"	2	FALSE	0	45	100	0	0	395.979797464	395.979797464	1551387206.23	-6	-4	-6	-4
9	"1"	"1"	2	FALSE	0	45	100	0	0	395.979797464	395.979797464	1551387206.26	-6	-4	-6	-4
9	"1"	"1"	2	FALSE	0	45	100	0	0	395.979797464	395.979797464	1551387206.3	-6	-4	-6	-4
9	"1"	"1"	2	FALSE	0	45	100	0	0	395.979797464	395.979797464	1551387206.33	-6	-4	-6	-4
9	"1"	"1"	2	FALSE	0	45	100	0	0	395.979797464	395.979797464	1551387206.36	-6	-4	-6	-4
9	"1"	"1"	2	FALSE	0	45	100	0	0	395.979797464	395.979797464	1551387206.4	-6	-4	-6	-4
9	"1"	"1"	2	FALSE	0	45	100	0	0	395.979797464	395.979797464	1551387206.43	-6	-4	-6	-4
9	"1"	"1"	2	FALSE	0	45	100	0	0	395.979797464	395.979797464	1551387206.46	-6	-4	-6	-4
9	"1"	"1"	2	FALSE	0	45	100	0	0	395.979797464	395.979797464	1551387206.5	-6	-4	-6	-4
9	"1"	"1"	2	FALSE	0	45	100	0	0	395.979797464	395.979797464	1551387206.53	-6	-4	-6	-4
9	"1"	"1"	2	FALSE	0	45	100	0	0	395.979797464	395.979797464	1551387206.56	-6	-4	-6	-4
9	"1"	"1"	2	FALSE	0	45	100	0	0	395.979797464	395.979797464	1551387206.6	-5	-4	-5	-4
9	"1"	"1"	2	FALSE	0	45	100	0	0	395.979797464	395.979797464	1551387206.63	-3	-4	-3	-4
9	"1"	"1"	2	FALSE	0	45	100	0	0	395.979797464	395.979797464	1551387206.66	0	-4	0	-4
9	"1"	"1"	2	FALSE	0	45	100	0	0	395.979797464	395.979797464	1551387206.7	3	-3	3	-3
9	"1"	"1"	2	FALSE	0	45	100	0	0	395.979797464	395.979797464	1551387206.73	6	0	6	0
9	"1"	"1"	2	FALSE	0	45	100	0	0	395.979797464	395.979797464	1551387206.76	10	6	10	6
9	"1"	"1"	2	FALSE	0	45	100	0	0	395.979797464	395.979797464	1551387206.8	16	16	16	16
9	"1"	"1"	2	FALSE	0	45	100	0	0	395.979797464	395.979797464	1551387206.83	33	34	33	34
9	"1"	"1"	2	FALSE	0	45	100	0	0	395.979797464	395.979797464	1551387206.86	64	59	64	59
9	"1"	"1"	2	FALSE	0	45	100	0	0	395.979797464	395.979797464	1551387206.9	98	84	98	84
9	"1"	"1"	2	FALSE	0	45	100	0	0	395.979797464	395.979797464	1551387206.93	129	106	129	106
9	"1"	"1"	2	FALSE	0	45	100	0	0	395.979797464	395.979797464	1551387206.96	164	130	164	130
9	"1"	"1"	2	FALSE	0	45	100	0	0	395.979797464	395.979797464	1551387207	188	149	188	149
9	"1"	"1"	2	FALSE	0	45	100	0	0	395.979797464	395.979797464	1551387207.03	210	171	210	171
9	"1"	"1"	2	FALSE	0	45	100	0	0	395.979797464	395.979797464	1551387207.06	226	190	226	190
9	"1"	"1"	2	FALSE	0	45	100	0	0	395.979797464	395.979797464	1551387207.1	237	204	237	204
9	"1"	"1"	2	FALSE	0	45	100	0	0	395.979797464	395.979797464	1551387207.13	252	224	252	224
9	"1"	"1"	2	FALSE	0	45	100	0	0	395.979797464	395.979797464	1551387207.16	262	238	262	238
9	"1"	"1"	2	FALSE	0	45	100	0	0	395.979797464	395.979797464	1551387207.2	275	253	275	253
9	"1"	"1"	2	FALSE	0	45	100	0	0	395.979797464	395.979797464	1551387207.23	289	267	289	267
9	"1"	"1"	2	FALSE	0	45	100	0	0	395.979797464	395.979797464	1551387207.26	312	286	312	286
9	"1"	"1"	2	FALSE	0	45	100	0	0	395.979797464	395.979797464	1551387207.3	327	298	327	298
9	"1"	"1"	2	FALSE	0	45	100	0	0	395.979797464	395.979797464	1551387207.33	342	309	342	309
9	"1"	"1"	2	FALSE	0	45	100	0	0	395.979797464	395.979797464	1551387207.36	359	322	359	322
9	"1"	"1"	2	FALSE	0	45	100	0	0	395.979797464	395.979797464	1551387207.4	371	333	371	333
9	"1"	"1"	2	FALSE	0	45	100	0	0	395.979797464	395.979797464	1551387207.43	380	344	380	344
9	"1"	"1"	2	FALSE	0	45	100	0	0	395.979797464	395.979797464	1551387207.46	389	353	389	353
9	"1"	"1"	2	FALSE	0	45	100	0	0	395.979797464	395.979797464	1551387207.5	395	359	395	359
9	"1"	"1"	2	FALSE	0	45	100	0	0	395.979797464	395.979797464	1551387207.53	398	365	398	365
9	"1"	"1"	2	FALSE	0	45	100	0	0	395.979797464	395.979797464	1551387207.56	402	371	402	371
9	"1"	"1"	2	FALSE	0	45	100	0	0	395.979797464	395.979797464	1551387207.6	407	378	407	378
9	"1"	"1"	2	FALSE	0	45	100	0	0	395.979797464	395.979797464	1551387207.63	409	380	409	380
9	"1"	"1"	2	FALSE	0	45	100	0	0	395.979797464	395.979797464	1551387207.66	409	380	409	380
9	"1"	"1"	2	FALSE	0	45	100	0	0	395.979797464	395.979797464	1551387207.7	409	380	409	380
9	"1"	"1"	2	FALSE	0	45	100	0	0	395.979797464	395.979797464	1551387207.73	409	380	409	380
9	"1"	"1"	2	FALSE	0	45	100	0	0	395.979797464	395.979797464	1551387207.76	408	382	408	382
9	"1"	"1"	2	FALSE	0	45	100	0	0	395.979797464	395.979797464	1551387207.8	407	385	407	385
9	"1"	"1"	2	FALSE	0	45	100	0	0	395.979797464	395.979797464	1551387207.83	407	387	407	387
9	"1"	"1"	2	FALSE	0	45	100	0	0	395.979797464	395.979797464	1551387207.87	407	389	407	389
9	"1"	"1"	3	FALSE	0	90	100	0	0	3.42901103761e-14	560	1551387209.11	1	6	1	6
9	"1"	"1"	3	FALSE	0	90	100	0	0	3.42901103761e-14	560	1551387209.13	1	6	1	6
9	"1"	"1"	3	FALSE	0	90	100	0	0	3.42901103761e-14	560	1551387209.17	-1	3	-1	3
9	"1"	"1"	3	FALSE	0	90	100	0	0	3.42901103761e-14	560	1551387209.2	-1	1	-1	1
9	"1"	"1"	3	FALSE	0	90	100	0	0	3.42901103761e-14	560	1551387209.23	-1	1	-1	1
9	"1"	"1"	3	FALSE	0	90	100	0	0	3.42901103761e-14	560	1551387209.27	-1	1	-1	1
9	"1"	"1"	3	FALSE	0	90	100	0	0	3.42901103761e-14	560	1551387209.3	-1	1	-1	1
9	"1"	"1"	3	FALSE	0	90	100	0	0	3.42901103761e-14	560	1551387209.33	-1	1	-1	1
9	"1"	"1"	3	FALSE	0	90	100	0	0	3.42901103761e-14	560	1551387209.37	-1	2	-1	2
9	"1"	"1"	3	FALSE	0	90	100	0	0	3.42901103761e-14	560	1551387209.4	-1	2	-1	2
9	"1"	"1"	3	FALSE	0	90	100	0	0	3.42901103761e-14	560	1551387209.43	-1	2	-1	2
9	"1"	"1"	3	FALSE	0	90	100	0	0	3.42901103761e-14	560	1551387209.47	-1	2	-1	2
9	"1"	"1"	3	FALSE	0	90	100	0	0	3.42901103761e-14	560	1551387209.5	1	7	1	7
9	"1"	"1"	3	FALSE	0	90	100	0	0	3.42901103761e-14	560	1551387209.53	4	17	4	17
9	"1"	"1"	3	FALSE	0	90	100	0	0	3.42901103761e-14	560	1551387209.57	4	39	4	39
9	"1"	"1"	3	FALSE	0	90	100	0	0	3.42901103761e-14	560	1551387209.6	1	70	1	70
9	"1"	"1"	3	FALSE	0	90	100	0	0	3.42901103761e-14	560	1551387209.63	-4	108	-4	108
9	"1"	"1"	3	FALSE	0	90	100	0	0	3.42901103761e-14	560	1551387209.67	-7	142	-7	142
9	"1"	"1"	3	FALSE	0	90	100	0	0	3.42901103761e-14	560	1551387209.7	-10	182	-10	182
9	"1"	"1"	3	FALSE	0	90	100	0	0	3.42901103761e-14	560	1551387209.73	-10	214	-10	214
9	"1"	"1"	3	FALSE	0	90	100	0	0	3.42901103761e-14	560	1551387209.77	-10	248	-10	248
9	"1"	"1"	3	FALSE	0	90	100	0	0	3.42901103761e-14	560	1551387209.8	-11	280	-11	280
9	"1"	"1"	3	FALSE	0	90	100	0	0	3.42901103761e-14	560	1551387209.83	-9	312	-9	312
9	"1"	"1"	3	FALSE	0	90	100	0	0	3.42901103761e-14	560	1551387209.87	-7	337	-7	337
9	"1"	"1"	3	FALSE	0	90	100	0	0	3.42901103761e-14	560	1551387209.9	-3	366	-3	366
9	"1"	"1"	3	FALSE	0	90	100	0	0	3.42901103761e-14	560	1551387209.93	2	394	2	394
9	"1"	"1"	3	FALSE	0	90	100	0	0	3.42901103761e-14	560	1551387209.97	5	416	5	416
9	"1"	"1"	3	FALSE	0	90	100	0	0	3.42901103761e-14	560	1551387210	8	434	8	434
9	"1"	"1"	3	FALSE	0	90	100	0	0	3.42901103761e-14	560	1551387210.03	11	453	11	453
9	"1"	"1"	3	FALSE	0	90	100	0	0	3.42901103761e-14	560	1551387210.07	15	469	15	469
9	"1"	"1"	3	FALSE	0	90	100	0	0	3.42901103761e-14	560	1551387210.1	18	484	18	484
9	"1"	"1"	3	FALSE	0	90	100	0	0	3.42901103761e-14	560	1551387210.13	21	501	21	501
9	"1"	"1"	3	FALSE	0	90	100	0	0	3.42901103761e-14	560	1551387210.17	22	515	22	515
9	"1"	"1"	3	FALSE	0	90	100	0	0	3.42901103761e-14	560	1551387210.2	22	527	22	527
9	"1"	"1"	3	FALSE	0	90	100	0	0	3.42901103761e-14	560	1551387210.23	23	540	23	540
9	"1"	"1"	3	FALSE	0	90	100	0	0	3.42901103761e-14	560	1551387210.27	24	551	24	551
9	"1"	"1"	3	FALSE	0	90	100	0	0	3.42901103761e-14	560	1551387210.3	25	559	25	559
9	"1"	"1"	3	FALSE	0	90	100	0	0	3.42901103761e-14	560	1551387210.33	24	566	24	566
9	"1"	"1"	3	FALSE	0	90	100	0	0	3.42901103761e-14	560	1551387210.37	23	572	23	572
9	"1"	"1"	3	FALSE	0	90	100	0	0	3.42901103761e-14	560	1551387210.4	23	575	23	575
9	"1"	"1"	3	FALSE	0	90	100	0	0	3.42901103761e-14	560	1551387210.43	23	575	23	575
9	"1"	"1"	3	FALSE	0	90	100	0	0	3.42901103761e-14	560	1551387210.47	23	575	23	575
9	"1"	"1"	3	FALSE	0	90	100	0	0	3.42901103761e-14	560	1551387210.5	23	575	23	575
9	"1"	"1"	3	FALSE	0	90	100	0	0	3.42901103761e-14	560	1551387210.53	23	574	23	574
9	"1"	"1"	3	FALSE	0	90	100	0	0	3.42901103761e-14	560	1551387210.57	23	574	23	574
9	"1"	"1"	3	FALSE	0	90	100	0	0	3.42901103761e-14	560	1551387210.6	19	573	19	573
9	"1"	"1"	3	FALSE	0	90	100	0	0	3.42901103761e-14	560	1551387210.63	14	571	14	571
9	"1"	"1"	3	FALSE	0	90	100	0	0	3.42901103761e-14	560	1551387210.67	12	570	12	570
9	"1"	"1"	3	FALSE	0	90	100	0	0	3.42901103761e-14	560	1551387210.7	12	570	12	570
9	"1"	"1"	3	FALSE	0	90	100	0	0	3.42901103761e-14	560	1551387210.73	12	569	12	569
9	"1"	"1"	3	FALSE	0	90	100	0	0	3.42901103761e-14	560	1551387210.77	11	567	11	567
9	"1"	"1"	3	FALSE	0	90	100	0	0	3.42901103761e-14	560	1551387210.8	10	563	10	563
9	"1"	"1"	3	FALSE	0	90	100	0	0	3.42901103761e-14	560	1551387210.83	10	561	10	561
9	"1"	"1"	3	FALSE	0	90	100	0	0	3.42901103761e-14	560	1551387210.87	9	560	9	560
9	"1"	"1"	4	FALSE	0	45	100	0	0	395.979797464	395.979797464	1551387212.25	0	-9	0	-9
9	"1"	"1"	4	FALSE	0	45	100	0	0	395.979797464	395.979797464	1551387212.27	0	-9	0	-9
9	"1"	"1"	4	FALSE	0	45	100	0	0	395.979797464	395.979797464	1551387212.3	0	-9	0	-9
9	"1"	"1"	4	FALSE	0	45	100	0	0	395.979797464	395.979797464	1551387212.33	0	-9	0	-9
9	"1"	"1"	4	FALSE	0	45	100	0	0	395.979797464	395.979797464	1551387212.37	0	-9	0	-9
9	"1"	"1"	4	FALSE	0	45	100	0	0	395.979797464	395.979797464	1551387212.4	0	-9	0	-9
9	"1"	"1"	4	FALSE	0	45	100	0	0	395.979797464	395.979797464	1551387212.43	0	-9	0	-9
9	"1"	"1"	4	FALSE	0	45	100	0	0	395.979797464	395.979797464	1551387212.47	0	-9	0	-9
9	"1"	"1"	4	FALSE	0	45	100	0	0	395.979797464	395.979797464	1551387212.5	0	-9	0	-9
9	"1"	"1"	4	FALSE	0	45	100	0	0	395.979797464	395.979797464	1551387212.54	0	-9	0	-9
9	"1"	"1"	4	FALSE	0	45	100	0	0	395.979797464	395.979797464	1551387212.57	1	-9	1	-9
9	"1"	"1"	4	FALSE	0	45	100	0	0	395.979797464	395.979797464	1551387212.6	3	-2	3	-2
9	"1"	"1"	4	FALSE	0	45	100	0	0	395.979797464	395.979797464	1551387212.64	9	14	9	14
9	"1"	"1"	4	FALSE	0	45	100	0	0	395.979797464	395.979797464	1551387212.67	23	41	23	41
9	"1"	"1"	4	FALSE	0	45	100	0	0	395.979797464	395.979797464	1551387212.7	41	65	41	65
9	"1"	"1"	4	FALSE	0	45	100	0	0	395.979797464	395.979797464	1551387212.74	63	91	63	91
9	"1"	"1"	4	FALSE	0	45	100	0	0	395.979797464	395.979797464	1551387212.77	90	118	90	118
9	"1"	"1"	4	FALSE	0	45	100	0	0	395.979797464	395.979797464	1551387212.8	117	143	117	143
9	"1"	"1"	4	FALSE	0	45	100	0	0	395.979797464	395.979797464	1551387212.84	142	164	142	164
9	"1"	"1"	4	FALSE	0	45	100	0	0	395.979797464	395.979797464	1551387212.87	159	179	159	179
9	"1"	"1"	4	FALSE	0	45	100	0	0	395.979797464	395.979797464	1551387212.9	178	196	178	196
9	"1"	"1"	4	FALSE	0	45	100	0	0	395.979797464	395.979797464	1551387212.94	196	212	196	212
9	"1"	"1"	4	FALSE	0	45	100	0	0	395.979797464	395.979797464	1551387212.97	217	232	217	232
9	"1"	"1"	4	FALSE	0	45	100	0	0	395.979797464	395.979797464	1551387213	242	256	242	256
9	"1"	"1"	4	FALSE	0	45	100	0	0	395.979797464	395.979797464	1551387213.04	265	280	265	280
9	"1"	"1"	4	FALSE	0	45	100	0	0	395.979797464	395.979797464	1551387213.07	289	306	289	306
9	"1"	"1"	4	FALSE	0	45	100	0	0	395.979797464	395.979797464	1551387213.1	307	325	307	325
9	"1"	"1"	4	FALSE	0	45	100	0	0	395.979797464	395.979797464	1551387213.14	321	338	321	338
9	"1"	"1"	4	FALSE	0	45	100	0	0	395.979797464	395.979797464	1551387213.17	329	345	329	345
9	"1"	"1"	4	FALSE	0	45	100	0	0	395.979797464	395.979797464	1551387213.2	330	346	330	346
9	"1"	"1"	4	FALSE	0	45	100	0	0	395.979797464	395.979797464	1551387213.24	332	347	332	347
9	"1"	"1"	4	FALSE	0	45	100	0	0	395.979797464	395.979797464	1551387213.27	338	351	338	351
9	"1"	"1"	4	FALSE	0	45	100	0	0	395.979797464	395.979797464	1551387213.3	346	358	346	358
9	"1"	"1"	4	FALSE	0	45	100	0	0	395.979797464	395.979797464	1551387213.34	349	363	349	363
9	"1"	"1"	4	FALSE	0	45	100	0	0	395.979797464	395.979797464	1551387213.37	353	370	353	370
9	"1"	"1"	4	FALSE	0	45	100	0	0	395.979797464	395.979797464	1551387213.4	357	378	357	378
9	"1"	"1"	4	FALSE	0	45	100	0	0	395.979797464	395.979797464	1551387213.44	359	382	359	382
9	"1"	"1"	4	FALSE	0	45	100	0	0	395.979797464	395.979797464	1551387213.47	366	387	366	387
9	"1"	"1"	4	FALSE	0	45	100	0	0	395.979797464	395.979797464	1551387213.5	374	390	374	390
9	"1"	"1"	4	FALSE	0	45	100	0	0	395.979797464	395.979797464	1551387213.54	375	391	375	391
9	"1"	"1"	4	FALSE	0	45	100	0	0	395.979797464	395.979797464	1551387213.57	375	391	375	391
9	"1"	"1"	4	FALSE	0	45	100	0	0	395.979797464	395.979797464	1551387213.6	376	392	376	392
9	"1"	"1"	4	FALSE	0	45	100	0	0	395.979797464	395.979797464	1551387213.64	381	394	381	394
9	"1"	"1"	4	FALSE	0	45	100	0	0	395.979797464	395.979797464	1551387213.67	382	394	382	394
9	"1"	"1"	4	FALSE	0	45	100	0	0	395.979797464	395.979797464	1551387213.7	383	395	383	395
9	"1"	"1"	4	FALSE	0	45	100	0	0	395.979797464	395.979797464	1551387213.74	386	395	386	395
9	"1"	"1"	5	FALSE	0	135	100	0	0	-395.979797464	395.979797464	1551387215.08	0	3	0	3
9	"1"	"1"	5	FALSE	0	135	100	0	0	-395.979797464	395.979797464	1551387215.1	-1	2	-1	2
9	"1"	"1"	5	FALSE	0	135	100	0	0	-395.979797464	395.979797464	1551387215.14	-1	1	-1	1
9	"1"	"1"	5	FALSE	0	135	100	0	0	-395.979797464	395.979797464	1551387215.17	-1	1	-1	1
9	"1"	"1"	5	FALSE	0	135	100	0	0	-395.979797464	395.979797464	1551387215.2	-1	1	-1	1
9	"1"	"1"	5	FALSE	0	135	100	0	0	-395.979797464	395.979797464	1551387215.24	-1	1	-1	1
9	"1"	"1"	5	FALSE	0	135	100	0	0	-395.979797464	395.979797464	1551387215.27	-1	1	-1	1
9	"1"	"1"	5	FALSE	0	135	100	0	0	-395.979797464	395.979797464	1551387215.3	-1	1	-1	1
9	"1"	"1"	5	FALSE	0	135	100	0	0	-395.979797464	395.979797464	1551387215.34	-1	1	-1	1
9	"1"	"1"	5	FALSE	0	135	100	0	0	-395.979797464	395.979797464	1551387215.37	-1	1	-1	1
9	"1"	"1"	5	FALSE	0	135	100	0	0	-395.979797464	395.979797464	1551387215.4	-1	1	-1	1
9	"1"	"1"	5	FALSE	0	135	100	0	0	-395.979797464	395.979797464	1551387215.44	-1	2	-1	2
9	"1"	"1"	5	FALSE	0	135	100	0	0	-395.979797464	395.979797464	1551387215.47	-8	7	-8	7
9	"1"	"1"	5	FALSE	0	135	100	0	0	-395.979797464	395.979797464	1551387215.5	-32	29	-32	29
9	"1"	"1"	5	FALSE	0	135	100	0	0	-395.979797464	395.979797464	1551387215.54	-54	49	-54	49
9	"1"	"1"	5	FALSE	0	135	100	0	0	-395.979797464	395.979797464	1551387215.57	-80	72	-80	72
9	"1"	"1"	5	FALSE	0	135	100	0	0	-395.979797464	395.979797464	1551387215.6	-101	90	-101	90
9	"1"	"1"	5	FALSE	0	135	100	0	0	-395.979797464	395.979797464	1551387215.64	-123	108	-123	108
9	"1"	"1"	5	FALSE	0	135	100	0	0	-395.979797464	395.979797464	1551387215.67	-144	126	-144	126
9	"1"	"1"	5	FALSE	0	135	100	0	0	-395.979797464	395.979797464	1551387215.7	-164	144	-164	144
9	"1"	"1"	5	FALSE	0	135	100	0	0	-395.979797464	395.979797464	1551387215.74	-189	165	-189	165
9	"1"	"1"	5	FALSE	0	135	100	0	0	-395.979797464	395.979797464	1551387215.77	-216	186	-216	186
9	"1"	"1"	5	FALSE	0	135	100	0	0	-395.979797464	395.979797464	1551387215.8	-244	207	-244	207
9	"1"	"1"	5	FALSE	0	135	100	0	0	-395.979797464	395.979797464	1551387215.84	-268	224	-268	224
9	"1"	"1"	5	FALSE	0	135	100	0	0	-395.979797464	395.979797464	1551387215.87	-295	245	-295	245
9	"1"	"1"	5	FALSE	0	135	100	0	0	-395.979797464	395.979797464	1551387215.9	-320	265	-320	265
9	"1"	"1"	5	FALSE	0	135	100	0	0	-395.979797464	395.979797464	1551387215.94	-339	282	-339	282
9	"1"	"1"	5	FALSE	0	135	100	0	0	-395.979797464	395.979797464	1551387215.97	-358	303	-358	303
9	"1"	"1"	5	FALSE	0	135	100	0	0	-395.979797464	395.979797464	1551387216	-369	318	-369	318
9	"1"	"1"	5	FALSE	0	135	100	0	0	-395.979797464	395.979797464	1551387216.04	-379	331	-379	331
9	"1"	"1"	5	FALSE	0	135	100	0	0	-395.979797464	395.979797464	1551387216.07	-389	346	-389	346
9	"1"	"1"	5	FALSE	0	135	100	0	0	-395.979797464	395.979797464	1551387216.1	-396	358	-396	358
9	"1"	"1"	5	FALSE	0	135	100	0	0	-395.979797464	395.979797464	1551387216.14	-400	369	-400	369
9	"1"	"1"	5	FALSE	0	135	100	0	0	-395.979797464	395.979797464	1551387216.17	-402	379	-402	379
9	"1"	"1"	5	FALSE	0	135	100	0	0	-395.979797464	395.979797464	1551387216.2	-404	387	-404	387
9	"1"	"1"	5	FALSE	0	135	100	0	0	-395.979797464	395.979797464	1551387216.24	-405	394	-405	394
9	"1"	"1"	5	FALSE	0	135	100	0	0	-395.979797464	395.979797464	1551387216.27	-406	397	-406	397
9	"1"	"1"	5	FALSE	0	135	100	0	0	-395.979797464	395.979797464	1551387216.3	-407	398	-407	398
9	"1"	"1"	5	FALSE	0	135	100	0	0	-395.979797464	395.979797464	1551387216.34	-407	400	-407	400
9	"1"	"1"	5	FALSE	0	135	100	0	0	-395.979797464	395.979797464	1551387216.37	-406	402	-406	402
9	"1"	"1"	6	FALSE	0	90	100	0	0	3.42901103761e-14	560	1551387217.85	1	-10	1	-10
9	"1"	"1"	6	FALSE	0	90	100	0	0	3.42901103761e-14	560	1551387217.87	1	-10	1	-10
9	"1"	"1"	6	FALSE	0	90	100	0	0	3.42901103761e-14	560	1551387217.91	1	-10	1	-10
9	"1"	"1"	6	FALSE	0	90	100	0	0	3.42901103761e-14	560	1551387217.94	1	-10	1	-10
9	"1"	"1"	6	FALSE	0	90	100	0	0	3.42901103761e-14	560	1551387217.97	1	-10	1	-10
9	"1"	"1"	6	FALSE	0	90	100	0	0	3.42901103761e-14	560	1551387218.01	1	-10	1	-10
9	"1"	"1"	6	FALSE	0	90	100	0	0	3.42901103761e-14	560	1551387218.04	1	-10	1	-10
9	"1"	"1"	6	FALSE	0	90	100	0	0	3.42901103761e-14	560	1551387218.07	1	-10	1	-10
9	"1"	"1"	6	FALSE	0	90	100	0	0	3.42901103761e-14	560	1551387218.11	1	-10	1	-10
9	"1"	"1"	6	FALSE	0	90	100	0	0	3.42901103761e-14	560	1551387218.14	1	-10	1	-10
9	"1"	"1"	6	FALSE	0	90	100	0	0	3.42901103761e-14	560	1551387218.17	1	-10	1	-10
9	"1"	"1"	6	FALSE	0	90	100	0	0	3.42901103761e-14	560	1551387218.21	1	-8	1	-8
9	"1"	"1"	6	FALSE	0	90	100	0	0	3.42901103761e-14	560	1551387218.24	1	0	1	0
9	"1"	"1"	6	FALSE	0	90	100	0	0	3.42901103761e-14	560	1551387218.27	-2	16	-2	16
9	"1"	"1"	6	FALSE	0	90	100	0	0	3.42901103761e-14	560	1551387218.31	-7	47	-7	47
9	"1"	"1"	6	FALSE	0	90	100	0	0	3.42901103761e-14	560	1551387218.34	-9	79	-9	79
9	"1"	"1"	6	FALSE	0	90	100	0	0	3.42901103761e-14	560	1551387218.37	-9	105	-9	105
9	"1"	"1"	6	FALSE	0	90	100	0	0	3.42901103761e-14	560	1551387218.41	-8	138	-8	138
9	"1"	"1"	6	FALSE	0	90	100	0	0	3.42901103761e-14	560	1551387218.44	-7	173	-7	173
9	"1"	"1"	6	FALSE	0	90	100	0	0	3.42901103761e-14	560	1551387218.47	-6	202	-6	202
9	"1"	"1"	6	FALSE	0	90	100	0	0	3.42901103761e-14	560	1551387218.51	-7	237	-7	237
9	"1"	"1"	6	FALSE	0	90	100	0	0	3.42901103761e-14	560	1551387218.54	-8	272	-8	272
9	"1"	"1"	6	FALSE	0	90	100	0	0	3.42901103761e-14	560	1551387218.57	-8	301	-8	301
9	"1"	"1"	6	FALSE	0	90	100	0	0	3.42901103761e-14	560	1551387218.61	-7	336	-7	336
9	"1"	"1"	6	FALSE	0	90	100	0	0	3.42901103761e-14	560	1551387218.64	-4	370	-4	370
9	"1"	"1"	6	FALSE	0	90	100	0	0	3.42901103761e-14	560	1551387218.67	-2	402	-2	402
9	"1"	"1"	6	FALSE	0	90	100	0	0	3.42901103761e-14	560	1551387218.71	-1	424	-1	424
9	"1"	"1"	6	FALSE	0	90	100	0	0	3.42901103761e-14	560	1551387218.74	-1	450	-1	450
9	"1"	"1"	6	FALSE	0	90	100	0	0	3.42901103761e-14	560	1551387218.77	-1	473	-1	473
9	"1"	"1"	6	FALSE	0	90	100	0	0	3.42901103761e-14	560	1551387218.81	0	490	0	490
9	"1"	"1"	6	FALSE	0	90	100	0	0	3.42901103761e-14	560	1551387218.84	-1	506	-1	506
9	"1"	"1"	6	FALSE	0	90	100	0	0	3.42901103761e-14	560	1551387218.87	-3	521	-3	521
9	"1"	"1"	6	FALSE	0	90	100	0	0	3.42901103761e-14	560	1551387218.91	-3	530	-3	530
9	"1"	"1"	6	FALSE	0	90	100	0	0	3.42901103761e-14	560	1551387218.94	-2	535	-2	535
9	"1"	"1"	6	FALSE	0	90	100	0	0	3.42901103761e-14	560	1551387218.97	-1	541	-1	541
9	"1"	"1"	6	FALSE	0	90	100	0	0	3.42901103761e-14	560	1551387219.01	0	545	0	545
9	"1"	"1"	6	FALSE	0	90	100	0	0	3.42901103761e-14	560	1551387219.04	1	549	1	549
9	"1"	"1"	6	FALSE	0	90	100	0	0	3.42901103761e-14	560	1551387219.07	1	555	1	555
9	"1"	"1"	6	FALSE	0	90	100	0	0	3.42901103761e-14	560	1551387219.11	1	558	1	558
9	"1"	"1"	6	FALSE	0	90	100	0	0	3.42901103761e-14	560	1551387219.14	1	560	1	560
9	"1"	"1"	7	FALSE	0	45	100	0	0	395.979797464	395.979797464	1551387220.62	-1	7	-1	7
9	"1"	"1"	7	FALSE	0	45	100	0	0	395.979797464	395.979797464	1551387220.64	-1	7	-1	7
9	"1"	"1"	7	FALSE	0	45	100	0	0	395.979797464	395.979797464	1551387220.67	-1	6	-1	6
9	"1"	"1"	7	FALSE	0	45	100	0	0	395.979797464	395.979797464	1551387220.71	-1	6	-1	6
9	"1"	"1"	7	FALSE	0	45	100	0	0	395.979797464	395.979797464	1551387220.74	-1	6	-1	6
9	"1"	"1"	7	FALSE	0	45	100	0	0	395.979797464	395.979797464	1551387220.77	0	7	0	7
9	"1"	"1"	7	FALSE	0	45	100	0	0	395.979797464	395.979797464	1551387220.81	0	7	0	7
9	"1"	"1"	7	FALSE	0	45	100	0	0	395.979797464	395.979797464	1551387220.84	0	7	0	7
9	"1"	"1"	7	FALSE	0	45	100	0	0	395.979797464	395.979797464	1551387220.87	0	7	0	7
9	"1"	"1"	7	FALSE	0	45	100	0	0	395.979797464	395.979797464	1551387220.91	0	7	0	7
9	"1"	"1"	7	FALSE	0	45	100	0	0	395.979797464	395.979797464	1551387220.94	0	7	0	7
9	"1"	"1"	7	FALSE	0	45	100	0	0	395.979797464	395.979797464	1551387220.98	0	7	0	7
9	"1"	"1"	7	FALSE	0	45	100	0	0	395.979797464	395.979797464	1551387221.01	3	13	3	13
9	"1"	"1"	7	FALSE	0	45	100	0	0	395.979797464	395.979797464	1551387221.04	18	42	18	42
9	"1"	"1"	7	FALSE	0	45	100	0	0	395.979797464	395.979797464	1551387221.08	40	74	40	74
9	"1"	"1"	7	FALSE	0	45	100	0	0	395.979797464	395.979797464	1551387221.11	74	112	74	112
9	"1"	"1"	7	FALSE	0	45	100	0	0	395.979797464	395.979797464	1551387221.14	108	148	108	148
9	"1"	"1"	7	FALSE	0	45	100	0	0	395.979797464	395.979797464	1551387221.18	145	185	145	185
9	"1"	"1"	7	FALSE	0	45	100	0	0	395.979797464	395.979797464	1551387221.21	181	216	181	216
9	"1"	"1"	7	FALSE	0	45	100	0	0	395.979797464	395.979797464	1551387221.24	208	240	208	240
9	"1"	"1"	7	FALSE	0	45	100	0	0	395.979797464	395.979797464	1551387221.28	235	262	235	262
9	"1"	"1"	7	FALSE	0	45	100	0	0	395.979797464	395.979797464	1551387221.31	253	275	253	275
9	"1"	"1"	7	FALSE	0	45	100	0	0	395.979797464	395.979797464	1551387221.34	266	285	266	285
9	"1"	"1"	7	FALSE	0	45	100	0	0	395.979797464	395.979797464	1551387221.38	271	289	271	289
9	"1"	"1"	7	FALSE	0	45	100	0	0	395.979797464	395.979797464	1551387221.41	271	289	271	289
9	"1"	"1"	7	FALSE	0	45	100	0	0	395.979797464	395.979797464	1551387221.44	272	289	272	289
9	"1"	"1"	7	FALSE	0	45	100	0	0	395.979797464	395.979797464	1551387221.48	273	291	273	291
9	"1"	"1"	7	FALSE	0	45	100	0	0	395.979797464	395.979797464	1551387221.51	279	297	279	297
9	"1"	"1"	7	FALSE	0	45	100	0	0	395.979797464	395.979797464	1551387221.54	286	303	286	303
9	"1"	"1"	7	FALSE	0	45	100	0	0	395.979797464	395.979797464	1551387221.58	291	307	291	307
9	"1"	"1"	7	FALSE	0	45	100	0	0	395.979797464	395.979797464	1551387221.61	296	310	296	310
9	"1"	"1"	7	FALSE	0	45	100	0	0	395.979797464	395.979797464	1551387221.64	297	311	297	311
9	"1"	"1"	7	FALSE	0	45	100	0	0	395.979797464	395.979797464	1551387221.68	299	313	299	313
9	"1"	"1"	7	FALSE	0	45	100	0	0	395.979797464	395.979797464	1551387221.71	301	316	301	316
9	"1"	"1"	7	FALSE	0	45	100	0	0	395.979797464	395.979797464	1551387221.74	303	318	303	318
9	"1"	"1"	7	FALSE	0	45	100	0	0	395.979797464	395.979797464	1551387221.78	305	319	305	319
9	"1"	"1"	7	FALSE	0	45	100	0	0	395.979797464	395.979797464	1551387221.81	305	319	305	319
9	"1"	"1"	7	FALSE	0	45	100	0	0	395.979797464	395.979797464	1551387221.84	305	319	305	319
9	"1"	"1"	7	FALSE	0	45	100	0	0	395.979797464	395.979797464	1551387221.88	305	319	305	319
9	"1"	"1"	7	FALSE	0	45	100	0	0	395.979797464	395.979797464	1551387221.91	308	320	308	320
9	"1"	"1"	7	FALSE	0	45	100	0	0	395.979797464	395.979797464	1551387221.94	312	323	312	323
9	"1"	"1"	7	FALSE	0	45	100	0	0	395.979797464	395.979797464	1551387221.98	318	326	318	326
9	"1"	"1"	7	FALSE	0	45	100	0	0	395.979797464	395.979797464	1551387222.01	322	329	322	329
9	"1"	"1"	7	FALSE	0	45	100	0	0	395.979797464	395.979797464	1551387222.04	326	336	326	336
9	"1"	"1"	7	FALSE	0	45	100	0	0	395.979797464	395.979797464	1551387222.08	331	347	331	347
9	"1"	"1"	7	FALSE	0	45	100	0	0	395.979797464	395.979797464	1551387222.11	342	362	342	362
9	"1"	"1"	7	FALSE	0	45	100	0	0	395.979797464	395.979797464	1551387222.14	355	377	355	377
9	"1"	"1"	7	FALSE	0	45	100	0	0	395.979797464	395.979797464	1551387222.18	364	386	364	386
9	"1"	"1"	7	FALSE	0	45	100	0	0	395.979797464	395.979797464	1551387222.21	367	392	367	392
9	"1"	"1"	7	FALSE	0	45	100	0	0	395.979797464	395.979797464	1551387222.24	372	397	372	397
9	"1"	"1"	7	FALSE	0	45	100	0	0	395.979797464	395.979797464	1551387222.28	378	401	378	401
9	"1"	"1"	7	FALSE	0	45	100	0	0	395.979797464	395.979797464	1551387222.31	387	407	387	407
9	"1"	"1"	7	FALSE	0	45	100	0	0	395.979797464	395.979797464	1551387222.34	398	415	398	415
9	"1"	"1"	7	FALSE	0	45	100	0	0	395.979797464	395.979797464	1551387222.38	404	420	404	420
9	"1"	"1"	7	FALSE	0	45	100	0	0	395.979797464	395.979797464	1551387222.41	410	426	410	426
9	"1"	"1"	7	FALSE	0	45	100	0	0	395.979797464	395.979797464	1551387222.44	413	428	413	428
9	"1"	"1"	7	FALSE	0	45	100	0	0	395.979797464	395.979797464	1551387222.48	414	427	414	427
9	"1"	"1"	7	FALSE	0	45	100	0	0	395.979797464	395.979797464	1551387222.51	417	425	417	425
9	"1"	"1"	7	FALSE	0	45	100	0	0	395.979797464	395.979797464	1551387222.54	419	424	419	424
9	"1"	"1"	7	FALSE	0	45	100	0	0	395.979797464	395.979797464	1551387222.58	419	422	419	422
9	"1"	"1"	7	FALSE	0	45	100	0	0	395.979797464	395.979797464	1551387222.61	418	419	418	419
9	"1"	"1"	7	FALSE	0	45	100	0	0	395.979797464	395.979797464	1551387222.64	416	417	416	417
9	"1"	"1"	7	FALSE	0	45	100	0	0	395.979797464	395.979797464	1551387222.68	414	415	414	415
9	"1"	"1"	7	FALSE	0	45	100	0	0	395.979797464	395.979797464	1551387222.71	412	413	412	413
9	"1"	"1"	7	FALSE	0	45	100	0	0	395.979797464	395.979797464	1551387222.74	412	413	412	413
9	"1"	"1"	7	FALSE	0	45	100	0	0	395.979797464	395.979797464	1551387222.78	410	412	410	412
9	"1"	"1"	7	FALSE	0	45	100	0	0	395.979797464	395.979797464	1551387222.81	407	410	407	410
9	"1"	"1"	7	FALSE	0	45	100	0	0	395.979797464	395.979797464	1551387222.84	405	409	405	409
9	"1"	"1"	7	FALSE	0	45	100	0	0	395.979797464	395.979797464	1551387222.88	405	409	405	409
9	"1"	"1"	7	FALSE	0	45	100	0	0	395.979797464	395.979797464	1551387222.91	405	409	405	409
9	"1"	"1"	7	FALSE	0	45	100	0	0	395.979797464	395.979797464	1551387222.94	405	409	405	409
9	"1"	"1"	7	FALSE	0	45	100	0	0	395.979797464	395.979797464	1551387222.98	405	409	405	409
9	"1"	"1"	7	FALSE	0	45	100	0	0	395.979797464	395.979797464	1551387223.01	405	409	405	409
9	"1"	"1"	7	FALSE	0	45	100	0	0	395.979797464	395.979797464	1551387223.04	404	409	404	409
9	"1"	"1"	7	FALSE	0	45	100	0	0	395.979797464	395.979797464	1551387223.08	403	405	403	405
9	"1"	"1"	7	FALSE	0	45	100	0	0	395.979797464	395.979797464	1551387223.11	402	402	402	402
9	"1"	"1"	7	FALSE	0	45	100	0	0	395.979797464	395.979797464	1551387223.14	402	400	402	400
9	"1"	"1"	7	FALSE	0	45	100	0	0	395.979797464	395.979797464	1551387223.18	401	399	401	399
9	"1"	"1"	7	FALSE	0	45	100	0	0	395.979797464	395.979797464	1551387223.21	400	396	400	396
9	"1"	"1"	7	FALSE	0	45	100	0	0	395.979797464	395.979797464	1551387223.24	399	394	399	394
9	"1"	"1"	8	FALSE	0	135	100	0	0	-395.979797464	395.979797464	1551387225.26	-3	-13	-3	-13
9	"1"	"1"	8	FALSE	0	135	100	0	0	-395.979797464	395.979797464	1551387225.28	-3	-13	-3	-13
9	"1"	"1"	8	FALSE	0	135	100	0	0	-395.979797464	395.979797464	1551387225.31	-3	-13	-3	-13
9	"1"	"1"	8	FALSE	0	135	100	0	0	-395.979797464	395.979797464	1551387225.34	-3	-13	-3	-13
9	"1"	"1"	8	FALSE	0	135	100	0	0	-395.979797464	395.979797464	1551387225.38	-3	-13	-3	-13
9	"1"	"1"	8	FALSE	0	135	100	0	0	-395.979797464	395.979797464	1551387225.41	-3	-12	-3	-12
9	"1"	"1"	8	FALSE	0	135	100	0	0	-395.979797464	395.979797464	1551387225.45	-3	-9	-3	-9
9	"1"	"1"	8	FALSE	0	135	100	0	0	-395.979797464	395.979797464	1551387225.48	-3	-7	-3	-7
9	"1"	"1"	8	FALSE	0	135	100	0	0	-395.979797464	395.979797464	1551387225.51	-3	-5	-3	-5
9	"1"	"1"	8	FALSE	0	135	100	0	0	-395.979797464	395.979797464	1551387225.55	-3	-5	-3	-5
9	"1"	"1"	8	FALSE	0	135	100	0	0	-395.979797464	395.979797464	1551387225.58	-3	-5	-3	-5
9	"1"	"1"	8	FALSE	0	135	100	0	0	-395.979797464	395.979797464	1551387225.61	-6	-2	-6	-2
9	"1"	"1"	8	FALSE	0	135	100	0	0	-395.979797464	395.979797464	1551387225.65	-22	9	-22	9
9	"1"	"1"	8	FALSE	0	135	100	0	0	-395.979797464	395.979797464	1551387225.68	-52	30	-52	30
9	"1"	"1"	8	FALSE	0	135	100	0	0	-395.979797464	395.979797464	1551387225.71	-80	52	-80	52
9	"1"	"1"	8	FALSE	0	135	100	0	0	-395.979797464	395.979797464	1551387225.75	-114	83	-114	83
9	"1"	"1"	8	FALSE	0	135	100	0	0	-395.979797464	395.979797464	1551387225.78	-140	114	-140	114
9	"1"	"1"	8	FALSE	0	135	100	0	0	-395.979797464	395.979797464	1551387225.81	-169	150	-169	150
9	"1"	"1"	8	FALSE	0	135	100	0	0	-395.979797464	395.979797464	1551387225.85	-194	183	-194	183
9	"1"	"1"	8	FALSE	0	135	100	0	0	-395.979797464	395.979797464	1551387225.88	-212	209	-212	209
9	"1"	"1"	8	FALSE	0	135	100	0	0	-395.979797464	395.979797464	1551387225.91	-232	240	-232	240
9	"1"	"1"	8	FALSE	0	135	100	0	0	-395.979797464	395.979797464	1551387225.95	-246	258	-246	258
9	"1"	"1"	8	FALSE	0	135	100	0	0	-395.979797464	395.979797464	1551387225.98	-258	273	-258	273
9	"1"	"1"	8	FALSE	0	135	100	0	0	-395.979797464	395.979797464	1551387226.01	-274	290	-274	290
9	"1"	"1"	8	FALSE	0	135	100	0	0	-395.979797464	395.979797464	1551387226.05	-288	305	-288	305
9	"1"	"1"	8	FALSE	0	135	100	0	0	-395.979797464	395.979797464	1551387226.08	-303	321	-303	321
9	"1"	"1"	8	FALSE	0	135	100	0	0	-395.979797464	395.979797464	1551387226.11	-315	333	-315	333
9	"1"	"1"	8	FALSE	0	135	100	0	0	-395.979797464	395.979797464	1551387226.15	-329	349	-329	349
9	"1"	"1"	8	FALSE	0	135	100	0	0	-395.979797464	395.979797464	1551387226.18	-339	358	-339	358
9	"1"	"1"	8	FALSE	0	135	100	0	0	-395.979797464	395.979797464	1551387226.21	-347	364	-347	364
9	"1"	"1"	8	FALSE	0	135	100	0	0	-395.979797464	395.979797464	1551387226.25	-352	368	-352	368
9	"1"	"1"	8	FALSE	0	135	100	0	0	-395.979797464	395.979797464	1551387226.28	-354	370	-354	370
9	"1"	"1"	8	FALSE	0	135	100	0	0	-395.979797464	395.979797464	1551387226.31	-358	373	-358	373
9	"1"	"1"	8	FALSE	0	135	100	0	0	-395.979797464	395.979797464	1551387226.35	-363	376	-363	376
9	"1"	"1"	8	FALSE	0	135	100	0	0	-395.979797464	395.979797464	1551387226.38	-369	381	-369	381
9	"1"	"1"	8	FALSE	0	135	100	0	0	-395.979797464	395.979797464	1551387226.41	-376	385	-376	385
9	"1"	"1"	8	FALSE	0	135	100	0	0	-395.979797464	395.979797464	1551387226.45	-384	388	-384	388
9	"1"	"1"	8	FALSE	0	135	100	0	0	-395.979797464	395.979797464	1551387226.48	-389	390	-389	390
9	"1"	"1"	8	FALSE	0	135	100	0	0	-395.979797464	395.979797464	1551387226.51	-392	392	-392	392
9	"1"	"1"	9	FALSE	0	90	100	0	0	3.42901103761e-14	560	1551387227.69	-9	2	-9	2
9	"1"	"1"	9	FALSE	0	90	100	0	0	3.42901103761e-14	560	1551387227.71	-8	1	-8	1
9	"1"	"1"	9	FALSE	0	90	100	0	0	3.42901103761e-14	560	1551387227.75	-6	-1	-6	-1
9	"1"	"1"	9	FALSE	0	90	100	0	0	3.42901103761e-14	560	1551387227.78	0	-4	0	-4
9	"1"	"1"	9	FALSE	0	90	100	0	0	3.42901103761e-14	560	1551387227.81	1	-5	1	-5
9	"1"	"1"	9	FALSE	0	90	100	0	0	3.42901103761e-14	560	1551387227.85	1	-6	1	-6
9	"1"	"1"	9	FALSE	0	90	100	0	0	3.42901103761e-14	560	1551387227.88	1	-6	1	-6
9	"1"	"1"	9	FALSE	0	90	100	0	0	3.42901103761e-14	560	1551387227.91	1	-6	1	-6
9	"1"	"1"	9	FALSE	0	90	100	0	0	3.42901103761e-14	560	1551387227.95	1	-6	1	-6
9	"1"	"1"	9	FALSE	0	90	100	0	0	3.42901103761e-14	560	1551387227.98	1	-6	1	-6
9	"1"	"1"	9	FALSE	0	90	100	0	0	3.42901103761e-14	560	1551387228.01	1	-6	1	-6
9	"1"	"1"	9	FALSE	0	90	100	0	0	3.42901103761e-14	560	1551387228.05	1	-6	1	-6
9	"1"	"1"	9	FALSE	0	90	100	0	0	3.42901103761e-14	560	1551387228.08	1	-3	1	-3
9	"1"	"1"	9	FALSE	0	90	100	0	0	3.42901103761e-14	560	1551387228.11	-4	18	-4	18
9	"1"	"1"	9	FALSE	0	90	100	0	0	3.42901103761e-14	560	1551387228.15	-9	45	-9	45
9	"1"	"1"	9	FALSE	0	90	100	0	0	3.42901103761e-14	560	1551387228.18	-13	86	-13	86
9	"1"	"1"	9	FALSE	0	90	100	0	0	3.42901103761e-14	560	1551387228.21	-15	127	-15	127
9	"1"	"1"	9	FALSE	0	90	100	0	0	3.42901103761e-14	560	1551387228.25	-16	179	-16	179
9	"1"	"1"	9	FALSE	0	90	100	0	0	3.42901103761e-14	560	1551387228.28	-16	230	-16	230
9	"1"	"1"	9	FALSE	0	90	100	0	0	3.42901103761e-14	560	1551387228.31	-18	277	-18	277
9	"1"	"1"	9	FALSE	0	90	100	0	0	3.42901103761e-14	560	1551387228.35	-18	320	-18	320
9	"1"	"1"	9	FALSE	0	90	100	0	0	3.42901103761e-14	560	1551387228.38	-17	352	-17	352
9	"1"	"1"	9	FALSE	0	90	100	0	0	3.42901103761e-14	560	1551387228.41	-15	385	-15	385
9	"1"	"1"	9	FALSE	0	90	100	0	0	3.42901103761e-14	560	1551387228.45	-12	411	-12	411
9	"1"	"1"	9	FALSE	0	90	100	0	0	3.42901103761e-14	560	1551387228.48	-10	437	-10	437
9	"1"	"1"	9	FALSE	0	90	100	0	0	3.42901103761e-14	560	1551387228.51	-8	457	-8	457
9	"1"	"1"	9	FALSE	0	90	100	0	0	3.42901103761e-14	560	1551387228.55	-6	471	-6	471
9	"1"	"1"	9	FALSE	0	90	100	0	0	3.42901103761e-14	560	1551387228.58	-3	496	-3	496
9	"1"	"1"	9	FALSE	0	90	100	0	0	3.42901103761e-14	560	1551387228.61	-1	514	-1	514
9	"1"	"1"	9	FALSE	0	90	100	0	0	3.42901103761e-14	560	1551387228.65	1	527	1	527
9	"1"	"1"	9	FALSE	0	90	100	0	0	3.42901103761e-14	560	1551387228.68	2	539	2	539
9	"1"	"1"	9	FALSE	0	90	100	0	0	3.42901103761e-14	560	1551387228.71	3	549	3	549
9	"1"	"1"	9	FALSE	0	90	100	0	0	3.42901103761e-14	560	1551387228.75	4	554	4	554
9	"1"	"1"	10	FALSE	0	90	100	0	0	3.42901103761e-14	560	1551387230.39	8	-7	8	-7
9	"1"	"1"	10	FALSE	0	90	100	0	0	3.42901103761e-14	560	1551387230.42	8	-7	8	-7
9	"1"	"1"	10	FALSE	0	90	100	0	0	3.42901103761e-14	560	1551387230.45	8	-8	8	-8
9	"1"	"1"	10	FALSE	0	90	100	0	0	3.42901103761e-14	560	1551387230.48	8	-8	8	-8
9	"1"	"1"	10	FALSE	0	90	100	0	0	3.42901103761e-14	560	1551387230.52	8	-8	8	-8
9	"1"	"1"	10	FALSE	0	90	100	0	0	3.42901103761e-14	560	1551387230.55	8	-8	8	-8
9	"1"	"1"	10	FALSE	0	90	100	0	0	3.42901103761e-14	560	1551387230.58	8	-8	8	-8
9	"1"	"1"	10	FALSE	0	90	100	0	0	3.42901103761e-14	560	1551387230.62	8	-8	8	-8
9	"1"	"1"	10	FALSE	0	90	100	0	0	3.42901103761e-14	560	1551387230.65	8	-8	8	-8
9	"1"	"1"	10	FALSE	0	90	100	0	0	3.42901103761e-14	560	1551387230.68	8	-8	8	-8
9	"1"	"1"	10	FALSE	0	90	100	0	0	3.42901103761e-14	560	1551387230.72	8	-8	8	-8
9	"1"	"1"	10	FALSE	0	90	100	0	0	3.42901103761e-14	560	1551387230.75	8	-8	8	-8
9	"1"	"1"	10	FALSE	0	90	100	0	0	3.42901103761e-14	560	1551387230.78	8	-5	8	-5
9	"1"	"1"	10	FALSE	0	90	100	0	0	3.42901103761e-14	560	1551387230.82	6	9	6	9
9	"1"	"1"	10	FALSE	0	90	100	0	0	3.42901103761e-14	560	1551387230.85	3	38	3	38
9	"1"	"1"	10	FALSE	0	90	100	0	0	3.42901103761e-14	560	1551387230.88	3	74	3	74
9	"1"	"1"	10	FALSE	0	90	100	0	0	3.42901103761e-14	560	1551387230.92	4	118	4	118
9	"1"	"1"	10	FALSE	0	90	100	0	0	3.42901103761e-14	560	1551387230.95	4	160	4	160
9	"1"	"1"	10	FALSE	0	90	100	0	0	3.42901103761e-14	560	1551387230.98	7	209	7	209
9	"1"	"1"	10	FALSE	0	90	100	0	0	3.42901103761e-14	560	1551387231.02	10	254	10	254
9	"1"	"1"	10	FALSE	0	90	100	0	0	3.42901103761e-14	560	1551387231.05	14	296	14	296
9	"1"	"1"	10	FALSE	0	90	100	0	0	3.42901103761e-14	560	1551387231.08	17	327	17	327
9	"1"	"1"	10	FALSE	0	90	100	0	0	3.42901103761e-14	560	1551387231.12	18	357	18	357
9	"1"	"1"	10	FALSE	0	90	100	0	0	3.42901103761e-14	560	1551387231.15	18	383	18	383
9	"1"	"1"	10	FALSE	0	90	100	0	0	3.42901103761e-14	560	1551387231.18	17	404	17	404
9	"1"	"1"	10	FALSE	0	90	100	0	0	3.42901103761e-14	560	1551387231.22	16	429	16	429
9	"1"	"1"	10	FALSE	0	90	100	0	0	3.42901103761e-14	560	1551387231.25	15	450	15	450
9	"1"	"1"	10	FALSE	0	90	100	0	0	3.42901103761e-14	560	1551387231.28	12	477	12	477
9	"1"	"1"	10	FALSE	0	90	100	0	0	3.42901103761e-14	560	1551387231.32	11	495	11	495
9	"1"	"1"	10	FALSE	0	90	100	0	0	3.42901103761e-14	560	1551387231.35	9	509	9	509
9	"1"	"1"	10	FALSE	0	90	100	0	0	3.42901103761e-14	560	1551387231.38	6	523	6	523
9	"1"	"1"	10	FALSE	0	90	100	0	0	3.42901103761e-14	560	1551387231.42	4	534	4	534
9	"1"	"1"	10	FALSE	0	90	100	0	0	3.42901103761e-14	560	1551387231.45	1	546	1	546
9	"1"	"1"	10	FALSE	0	90	100	0	0	3.42901103761e-14	560	1551387231.48	1	555	1	555
9	"1"	"1"	10	FALSE	0	90	100	0	0	3.42901103761e-14	560	1551387231.52	0	563	0	563
9	"1"	"1"	10	FALSE	0	90	100	0	0	3.42901103761e-14	560	1551387231.55	0	568	0	568
9	"1"	"1"	11	FALSE	0	45	100	0	0	395.979797464	395.979797464	1551387232.9	-4	-6	-4	-6
9	"1"	"1"	11	FALSE	0	45	100	0	0	395.979797464	395.979797464	1551387232.92	-4	-6	-4	-6
9	"1"	"1"	11	FALSE	0	45	100	0	0	395.979797464	395.979797464	1551387232.95	-4	-6	-4	-6
9	"1"	"1"	11	FALSE	0	45	100	0	0	395.979797464	395.979797464	1551387232.98	-4	-6	-4	-6
9	"1"	"1"	11	FALSE	0	45	100	0	0	395.979797464	395.979797464	1551387233.02	-4	-6	-4	-6
9	"1"	"1"	11	FALSE	0	45	100	0	0	395.979797464	395.979797464	1551387233.05	-4	-6	-4	-6
9	"1"	"1"	11	FALSE	0	45	100	0	0	395.979797464	395.979797464	1551387233.08	-4	-6	-4	-6
9	"1"	"1"	11	FALSE	0	45	100	0	0	395.979797464	395.979797464	1551387233.12	-3	-5	-3	-5
9	"1"	"1"	11	FALSE	0	45	100	0	0	395.979797464	395.979797464	1551387233.15	-3	-5	-3	-5
9	"1"	"1"	11	FALSE	0	45	100	0	0	395.979797464	395.979797464	1551387233.18	-3	-5	-3	-5
9	"1"	"1"	11	FALSE	0	45	100	0	0	395.979797464	395.979797464	1551387233.22	-3	-5	-3	-5
9	"1"	"1"	11	FALSE	0	45	100	0	0	395.979797464	395.979797464	1551387233.25	0	-1	0	-1
9	"1"	"1"	11	FALSE	0	45	100	0	0	395.979797464	395.979797464	1551387233.28	7	12	7	12
9	"1"	"1"	11	FALSE	0	45	100	0	0	395.979797464	395.979797464	1551387233.32	17	31	17	31
9	"1"	"1"	11	FALSE	0	45	100	0	0	395.979797464	395.979797464	1551387233.35	36	54	36	54
9	"1"	"1"	11	FALSE	0	45	100	0	0	395.979797464	395.979797464	1551387233.38	63	85	63	85
9	"1"	"1"	11	FALSE	0	45	100	0	0	395.979797464	395.979797464	1551387233.42	95	115	95	115
9	"1"	"1"	11	FALSE	0	45	100	0	0	395.979797464	395.979797464	1551387233.45	128	148	128	148
9	"1"	"1"	11	FALSE	0	45	100	0	0	395.979797464	395.979797464	1551387233.48	160	179	160	179
9	"1"	"1"	11	FALSE	0	45	100	0	0	395.979797464	395.979797464	1551387233.52	184	202	184	202
9	"1"	"1"	11	FALSE	0	45	100	0	0	395.979797464	395.979797464	1551387233.55	209	228	209	228
9	"1"	"1"	11	FALSE	0	45	100	0	0	395.979797464	395.979797464	1551387233.58	226	247	226	247
9	"1"	"1"	11	FALSE	0	45	100	0	0	395.979797464	395.979797464	1551387233.62	244	266	244	266
9	"1"	"1"	11	FALSE	0	45	100	0	0	395.979797464	395.979797464	1551387233.65	258	281	258	281
9	"1"	"1"	11	FALSE	0	45	100	0	0	395.979797464	395.979797464	1551387233.68	271	296	271	296
9	"1"	"1"	11	FALSE	0	45	100	0	0	395.979797464	395.979797464	1551387233.72	289	316	289	316
9	"1"	"1"	11	FALSE	0	45	100	0	0	395.979797464	395.979797464	1551387233.75	304	331	304	331
9	"1"	"1"	11	FALSE	0	45	100	0	0	395.979797464	395.979797464	1551387233.78	322	348	322	348
9	"1"	"1"	11	FALSE	0	45	100	0	0	395.979797464	395.979797464	1551387233.82	339	362	339	362
9	"1"	"1"	11	FALSE	0	45	100	0	0	395.979797464	395.979797464	1551387233.85	349	370	349	370
9	"1"	"1"	11	FALSE	0	45	100	0	0	395.979797464	395.979797464	1551387233.88	357	376	357	376
9	"1"	"1"	11	FALSE	0	45	100	0	0	395.979797464	395.979797464	1551387233.92	360	378	360	378
9	"1"	"1"	11	FALSE	0	45	100	0	0	395.979797464	395.979797464	1551387233.95	364	380	364	380
9	"1"	"1"	11	FALSE	0	45	100	0	0	395.979797464	395.979797464	1551387233.99	369	384	369	384
9	"1"	"1"	11	FALSE	0	45	100	0	0	395.979797464	395.979797464	1551387234.02	375	388	375	388
9	"1"	"1"	11	FALSE	0	45	100	0	0	395.979797464	395.979797464	1551387234.05	385	394	385	394
9	"1"	"1"	11	FALSE	0	45	100	0	0	395.979797464	395.979797464	1551387234.09	393	398	393	398
9	"1"	"1"	11	FALSE	0	45	100	0	0	395.979797464	395.979797464	1551387234.12	395	399	395	399
9	"1"	"1"	12	FALSE	0	135	100	0	0	-395.979797464	395.979797464	1551387235.33	5	-6	5	-6
9	"1"	"1"	12	FALSE	0	135	100	0	0	-395.979797464	395.979797464	1551387235.35	5	-6	5	-6
9	"1"	"1"	12	FALSE	0	135	100	0	0	-395.979797464	395.979797464	1551387235.39	5	-6	5	-6
9	"1"	"1"	12	FALSE	0	135	100	0	0	-395.979797464	395.979797464	1551387235.42	5	-6	5	-6
9	"1"	"1"	12	FALSE	0	135	100	0	0	-395.979797464	395.979797464	1551387235.45	5	-6	5	-6
9	"1"	"1"	12	FALSE	0	135	100	0	0	-395.979797464	395.979797464	1551387235.49	5	-6	5	-6
9	"1"	"1"	12	FALSE	0	135	100	0	0	-395.979797464	395.979797464	1551387235.52	5	-6	5	-6
9	"1"	"1"	12	FALSE	0	135	100	0	0	-395.979797464	395.979797464	1551387235.55	5	-6	5	-6
9	"1"	"1"	12	FALSE	0	135	100	0	0	-395.979797464	395.979797464	1551387235.59	5	-6	5	-6
9	"1"	"1"	12	FALSE	0	135	100	0	0	-395.979797464	395.979797464	1551387235.62	4	-5	4	-5
9	"1"	"1"	12	FALSE	0	135	100	0	0	-395.979797464	395.979797464	1551387235.65	-1	4	-1	4
9	"1"	"1"	12	FALSE	0	135	100	0	0	-395.979797464	395.979797464	1551387235.69	-10	16	-10	16
9	"1"	"1"	12	FALSE	0	135	100	0	0	-395.979797464	395.979797464	1551387235.72	-32	37	-32	37
9	"1"	"1"	12	FALSE	0	135	100	0	0	-395.979797464	395.979797464	1551387235.75	-59	59	-59	59
9	"1"	"1"	12	FALSE	0	135	100	0	0	-395.979797464	395.979797464	1551387235.79	-83	76	-83	76
9	"1"	"1"	12	FALSE	0	135	100	0	0	-395.979797464	395.979797464	1551387235.82	-112	95	-112	95
9	"1"	"1"	12	FALSE	0	135	100	0	0	-395.979797464	395.979797464	1551387235.85	-141	118	-141	118
9	"1"	"1"	12	FALSE	0	135	100	0	0	-395.979797464	395.979797464	1551387235.89	-166	140	-166	140
9	"1"	"1"	12	FALSE	0	135	100	0	0	-395.979797464	395.979797464	1551387235.92	-192	167	-192	167
9	"1"	"1"	12	FALSE	0	135	100	0	0	-395.979797464	395.979797464	1551387235.95	-219	192	-219	192
9	"1"	"1"	12	FALSE	0	135	100	0	0	-395.979797464	395.979797464	1551387235.99	-239	216	-239	216
9	"1"	"1"	12	FALSE	0	135	100	0	0	-395.979797464	395.979797464	1551387236.02	-263	240	-263	240
9	"1"	"1"	12	FALSE	0	135	100	0	0	-395.979797464	395.979797464	1551387236.05	-285	262	-285	262
9	"1"	"1"	12	FALSE	0	135	100	0	0	-395.979797464	395.979797464	1551387236.09	-306	283	-306	283
9	"1"	"1"	12	FALSE	0	135	100	0	0	-395.979797464	395.979797464	1551387236.12	-321	301	-321	301
9	"1"	"1"	12	FALSE	0	135	100	0	0	-395.979797464	395.979797464	1551387236.15	-333	314	-333	314
9	"1"	"1"	12	FALSE	0	135	100	0	0	-395.979797464	395.979797464	1551387236.19	-347	330	-347	330
9	"1"	"1"	12	FALSE	0	135	100	0	0	-395.979797464	395.979797464	1551387236.22	-358	344	-358	344
9	"1"	"1"	12	FALSE	0	135	100	0	0	-395.979797464	395.979797464	1551387236.25	-366	353	-366	353
9	"1"	"1"	12	FALSE	0	135	100	0	0	-395.979797464	395.979797464	1551387236.29	-371	359	-371	359
9	"1"	"1"	12	FALSE	0	135	100	0	0	-395.979797464	395.979797464	1551387236.32	-377	369	-377	369
9	"1"	"1"	12	FALSE	0	135	100	0	0	-395.979797464	395.979797464	1551387236.35	-381	374	-381	374
9	"1"	"1"	12	FALSE	0	135	100	0	0	-395.979797464	395.979797464	1551387236.39	-384	379	-384	379
9	"1"	"1"	12	FALSE	0	135	100	0	0	-395.979797464	395.979797464	1551387236.42	-387	384	-387	384
9	"1"	"1"	12	FALSE	0	135	100	0	0	-395.979797464	395.979797464	1551387236.45	-389	388	-389	388
9	"1"	"1"	12	FALSE	0	135	100	0	0	-395.979797464	395.979797464	1551387236.49	-391	392	-391	392
9	"1"	"1"	12	FALSE	0	135	100	0	0	-395.979797464	395.979797464	1551387236.52	-392	394	-392	394
9	"1"	"1"	12	FALSE	0	135	100	0	0	-395.979797464	395.979797464	1551387236.55	-394	396	-394	396
9	"1"	"1"	13	FALSE	0	135	100	0	0	-395.979797464	395.979797464	1551387238.07	4	8	4	8
9	"1"	"1"	13	FALSE	0	135	100	0	0	-395.979797464	395.979797464	1551387238.09	4	8	4	8
9	"1"	"1"	13	FALSE	0	135	100	0	0	-395.979797464	395.979797464	1551387238.12	4	8	4	8
9	"1"	"1"	13	FALSE	0	135	100	0	0	-395.979797464	395.979797464	1551387238.15	4	8	4	8
9	"1"	"1"	13	FALSE	0	135	100	0	0	-395.979797464	395.979797464	1551387238.19	4	8	4	8
9	"1"	"1"	13	FALSE	0	135	100	0	0	-395.979797464	395.979797464	1551387238.22	4	8	4	8
9	"1"	"1"	13	FALSE	0	135	100	0	0	-395.979797464	395.979797464	1551387238.25	4	8	4	8
9	"1"	"1"	13	FALSE	0	135	100	0	0	-395.979797464	395.979797464	1551387238.29	4	7	4	7
9	"1"	"1"	13	FALSE	0	135	100	0	0	-395.979797464	395.979797464	1551387238.32	4	5	4	5
9	"1"	"1"	13	FALSE	0	135	100	0	0	-395.979797464	395.979797464	1551387238.36	3	4	3	4
9	"1"	"1"	13	FALSE	0	135	100	0	0	-395.979797464	395.979797464	1551387238.39	3	4	3	4
9	"1"	"1"	13	FALSE	0	135	100	0	0	-395.979797464	395.979797464	1551387238.42	3	4	3	4
9	"1"	"1"	13	FALSE	0	135	100	0	0	-395.979797464	395.979797464	1551387238.46	3	4	3	4
9	"1"	"1"	13	FALSE	0	135	100	0	0	-395.979797464	395.979797464	1551387238.49	0	9	0	9
9	"1"	"1"	13	FALSE	0	135	100	0	0	-395.979797464	395.979797464	1551387238.52	-11	28	-11	28
9	"1"	"1"	13	FALSE	0	135	100	0	0	-395.979797464	395.979797464	1551387238.56	-27	55	-27	55
9	"1"	"1"	13	FALSE	0	135	100	0	0	-395.979797464	395.979797464	1551387238.59	-49	85	-49	85
9	"1"	"1"	13	FALSE	0	135	100	0	0	-395.979797464	395.979797464	1551387238.62	-75	112	-75	112
9	"1"	"1"	13	FALSE	0	135	100	0	0	-395.979797464	395.979797464	1551387238.66	-111	143	-111	143
9	"1"	"1"	13	FALSE	0	135	100	0	0	-395.979797464	395.979797464	1551387238.69	-149	171	-149	171
9	"1"	"1"	13	FALSE	0	135	100	0	0	-395.979797464	395.979797464	1551387238.72	-188	197	-188	197
9	"1"	"1"	13	FALSE	0	135	100	0	0	-395.979797464	395.979797464	1551387238.76	-223	223	-223	223
9	"1"	"1"	13	FALSE	0	135	100	0	0	-395.979797464	395.979797464	1551387238.79	-250	243	-250	243
9	"1"	"1"	13	FALSE	0	135	100	0	0	-395.979797464	395.979797464	1551387238.82	-278	266	-278	266
9	"1"	"1"	13	FALSE	0	135	100	0	0	-395.979797464	395.979797464	1551387238.86	-303	285	-303	285
9	"1"	"1"	13	FALSE	0	135	100	0	0	-395.979797464	395.979797464	1551387238.89	-321	302	-321	302
9	"1"	"1"	13	FALSE	0	135	100	0	0	-395.979797464	395.979797464	1551387238.92	-335	315	-335	315
9	"1"	"1"	13	FALSE	0	135	100	0	0	-395.979797464	395.979797464	1551387238.96	-348	327	-348	327
9	"1"	"1"	13	FALSE	0	135	100	0	0	-395.979797464	395.979797464	1551387238.99	-361	340	-361	340
9	"1"	"1"	13	FALSE	0	135	100	0	0	-395.979797464	395.979797464	1551387239.02	-371	353	-371	353
9	"1"	"1"	13	FALSE	0	135	100	0	0	-395.979797464	395.979797464	1551387239.06	-378	363	-378	363
9	"1"	"1"	13	FALSE	0	135	100	0	0	-395.979797464	395.979797464	1551387239.09	-384	372	-384	372
9	"1"	"1"	13	FALSE	0	135	100	0	0	-395.979797464	395.979797464	1551387239.12	-387	378	-387	378
9	"1"	"1"	13	FALSE	0	135	100	0	0	-395.979797464	395.979797464	1551387239.16	-389	383	-389	383
9	"1"	"1"	13	FALSE	0	135	100	0	0	-395.979797464	395.979797464	1551387239.19	-392	389	-392	389
9	"1"	"1"	13	FALSE	0	135	100	0	0	-395.979797464	395.979797464	1551387239.22	-394	393	-394	393
9	"1"	"1"	13	FALSE	0	135	100	0	0	-395.979797464	395.979797464	1551387239.26	-396	396	-396	396
9	"1"	"1"	13	FALSE	0	135	100	0	0	-395.979797464	395.979797464	1551387239.29	-397	399	-397	399
9	"1"	"1"	13	FALSE	0	135	100	0	0	-395.979797464	395.979797464	1551387239.32	-399	402	-399	402
9	"1"	"1"	14	FALSE	0	45	100	0	0	395.979797464	395.979797464	1551387240.47	-1	-3	-1	-3
9	"1"	"1"	14	FALSE	0	45	100	0	0	395.979797464	395.979797464	1551387240.49	-1	-3	-1	-3
9	"1"	"1"	14	FALSE	0	45	100	0	0	395.979797464	395.979797464	1551387240.52	-1	-3	-1	-3
9	"1"	"1"	14	FALSE	0	45	100	0	0	395.979797464	395.979797464	1551387240.56	-1	-3	-1	-3
9	"1"	"1"	14	FALSE	0	45	100	0	0	395.979797464	395.979797464	1551387240.59	-1	-3	-1	-3
9	"1"	"1"	14	FALSE	0	45	100	0	0	395.979797464	395.979797464	1551387240.62	-1	-3	-1	-3
9	"1"	"1"	14	FALSE	0	45	100	0	0	395.979797464	395.979797464	1551387240.66	-1	-3	-1	-3
9	"1"	"1"	14	FALSE	0	45	100	0	0	395.979797464	395.979797464	1551387240.69	0	-3	0	-3
9	"1"	"1"	14	FALSE	0	45	100	0	0	395.979797464	395.979797464	1551387240.72	0	-3	0	-3
9	"1"	"1"	14	FALSE	0	45	100	0	0	395.979797464	395.979797464	1551387240.76	0	-3	0	-3
9	"1"	"1"	14	FALSE	0	45	100	0	0	395.979797464	395.979797464	1551387240.79	0	-3	0	-3
9	"1"	"1"	14	FALSE	0	45	100	0	0	395.979797464	395.979797464	1551387240.82	0	-3	0	-3
9	"1"	"1"	14	FALSE	0	45	100	0	0	395.979797464	395.979797464	1551387240.86	4	2	4	2
9	"1"	"1"	14	FALSE	0	45	100	0	0	395.979797464	395.979797464	1551387240.89	18	16	18	16
9	"1"	"1"	14	FALSE	0	45	100	0	0	395.979797464	395.979797464	1551387240.92	40	41	40	41
9	"1"	"1"	14	FALSE	0	45	100	0	0	395.979797464	395.979797464	1551387240.96	70	74	70	74
9	"1"	"1"	14	FALSE	0	45	100	0	0	395.979797464	395.979797464	1551387240.99	94	100	94	100
9	"1"	"1"	14	FALSE	0	45	100	0	0	395.979797464	395.979797464	1551387241.02	122	133	122	133
9	"1"	"1"	14	FALSE	0	45	100	0	0	395.979797464	395.979797464	1551387241.06	147	160	147	160
9	"1"	"1"	14	FALSE	0	45	100	0	0	395.979797464	395.979797464	1551387241.09	175	189	175	189
9	"1"	"1"	14	FALSE	0	45	100	0	0	395.979797464	395.979797464	1551387241.12	202	216	202	216
9	"1"	"1"	14	FALSE	0	45	100	0	0	395.979797464	395.979797464	1551387241.16	223	235	223	235
9	"1"	"1"	14	FALSE	0	45	100	0	0	395.979797464	395.979797464	1551387241.19	246	256	246	256
9	"1"	"1"	14	FALSE	0	45	100	0	0	395.979797464	395.979797464	1551387241.22	265	273	265	273
9	"1"	"1"	14	FALSE	0	45	100	0	0	395.979797464	395.979797464	1551387241.26	281	287	281	287
9	"1"	"1"	14	FALSE	0	45	100	0	0	395.979797464	395.979797464	1551387241.29	295	300	295	300
9	"1"	"1"	14	FALSE	0	45	100	0	0	395.979797464	395.979797464	1551387241.32	310	316	310	316
9	"1"	"1"	14	FALSE	0	45	100	0	0	395.979797464	395.979797464	1551387241.36	322	333	322	333
9	"1"	"1"	14	FALSE	0	45	100	0	0	395.979797464	395.979797464	1551387241.39	333	348	333	348
9	"1"	"1"	14	FALSE	0	45	100	0	0	395.979797464	395.979797464	1551387241.42	348	366	348	366
9	"1"	"1"	14	FALSE	0	45	100	0	0	395.979797464	395.979797464	1551387241.46	365	383	365	383
9	"1"	"1"	14	FALSE	0	45	100	0	0	395.979797464	395.979797464	1551387241.49	380	396	380	396
9	"1"	"1"	14	FALSE	0	45	100	0	0	395.979797464	395.979797464	1551387241.52	398	411	398	411
9	"1"	"1"	14	FALSE	0	45	100	0	0	395.979797464	395.979797464	1551387241.56	409	419	409	419
9	"1"	"1"	14	FALSE	0	45	100	0	0	395.979797464	395.979797464	1551387241.59	417	424	417	424
9	"1"	"1"	14	FALSE	0	45	100	0	0	395.979797464	395.979797464	1551387241.62	418	425	418	425
9	"1"	"1"	14	FALSE	0	45	100	0	0	395.979797464	395.979797464	1551387241.66	418	425	418	425
9	"1"	"1"	14	FALSE	0	45	100	0	0	395.979797464	395.979797464	1551387241.69	418	425	418	425
9	"1"	"1"	14	FALSE	0	45	100	0	0	395.979797464	395.979797464	1551387241.72	418	425	418	425
9	"1"	"1"	14	FALSE	0	45	100	0	0	395.979797464	395.979797464	1551387241.76	418	425	418	425
9	"1"	"1"	14	FALSE	0	45	100	0	0	395.979797464	395.979797464	1551387241.79	418	425	418	425
9	"1"	"1"	14	FALSE	0	45	100	0	0	395.979797464	395.979797464	1551387241.82	416	423	416	423
9	"1"	"1"	14	FALSE	0	45	100	0	0	395.979797464	395.979797464	1551387241.86	412	417	412	417
9	"1"	"1"	14	FALSE	0	45	100	0	0	395.979797464	395.979797464	1551387241.89	408	413	408	413
9	"1"	"1"	14	FALSE	0	45	100	0	0	395.979797464	395.979797464	1551387241.92	407	411	407	411
9	"1"	"1"	14	FALSE	0	45	100	0	0	395.979797464	395.979797464	1551387241.96	407	411	407	411
9	"1"	"1"	14	FALSE	0	45	100	0	0	395.979797464	395.979797464	1551387241.99	407	410	407	410
9	"1"	"1"	14	FALSE	0	45	100	0	0	395.979797464	395.979797464	1551387242.02	407	410	407	410
9	"1"	"1"	14	FALSE	0	45	100	0	0	395.979797464	395.979797464	1551387242.06	407	410	407	410
9	"1"	"1"	14	FALSE	0	45	100	0	0	395.979797464	395.979797464	1551387242.09	406	408	406	408
9	"1"	"1"	14	FALSE	0	45	100	0	0	395.979797464	395.979797464	1551387242.12	405	406	405	406
9	"1"	"1"	14	FALSE	0	45	100	0	0	395.979797464	395.979797464	1551387242.16	404	405	404	405
9	"1"	"1"	15	FALSE	0	90	100	0	0	3.42901103761e-14	560	1551387243.87	9	6	9	6
9	"1"	"1"	15	FALSE	0	90	100	0	0	3.42901103761e-14	560	1551387243.89	9	6	9	6
9	"1"	"1"	15	FALSE	0	90	100	0	0	3.42901103761e-14	560	1551387243.93	8	4	8	4
9	"1"	"1"	15	FALSE	0	90	100	0	0	3.42901103761e-14	560	1551387243.96	5	1	5	1
9	"1"	"1"	15	FALSE	0	90	100	0	0	3.42901103761e-14	560	1551387243.99	3	-1	3	-1
9	"1"	"1"	15	FALSE	0	90	100	0	0	3.42901103761e-14	560	1551387244.03	3	-1	3	-1
9	"1"	"1"	15	FALSE	0	90	100	0	0	3.42901103761e-14	560	1551387244.06	3	-1	3	-1
9	"1"	"1"	15	FALSE	0	90	100	0	0	3.42901103761e-14	560	1551387244.09	3	-1	3	-1
9	"1"	"1"	15	FALSE	0	90	100	0	0	3.42901103761e-14	560	1551387244.13	3	-1	3	-1
9	"1"	"1"	15	FALSE	0	90	100	0	0	3.42901103761e-14	560	1551387244.16	3	-1	3	-1
9	"1"	"1"	15	FALSE	0	90	100	0	0	3.42901103761e-14	560	1551387244.19	3	-1	3	-1
9	"1"	"1"	15	FALSE	0	90	100	0	0	3.42901103761e-14	560	1551387244.23	3	-1	3	-1
9	"1"	"1"	15	FALSE	0	90	100	0	0	3.42901103761e-14	560	1551387244.26	3	5	3	5
9	"1"	"1"	15	FALSE	0	90	100	0	0	3.42901103761e-14	560	1551387244.29	3	30	3	30
9	"1"	"1"	15	FALSE	0	90	100	0	0	3.42901103761e-14	560	1551387244.33	4	69	4	69
9	"1"	"1"	15	FALSE	0	90	100	0	0	3.42901103761e-14	560	1551387244.36	4	117	4	117
9	"1"	"1"	15	FALSE	0	90	100	0	0	3.42901103761e-14	560	1551387244.39	3	161	3	161
9	"1"	"1"	15	FALSE	0	90	100	0	0	3.42901103761e-14	560	1551387244.43	3	212	3	212
9	"1"	"1"	15	FALSE	0	90	100	0	0	3.42901103761e-14	560	1551387244.46	3	257	3	257
9	"1"	"1"	15	FALSE	0	90	100	0	0	3.42901103761e-14	560	1551387244.49	2	296	2	296
9	"1"	"1"	15	FALSE	0	90	100	0	0	3.42901103761e-14	560	1551387244.53	2	340	2	340
9	"1"	"1"	15	FALSE	0	90	100	0	0	3.42901103761e-14	560	1551387244.56	3	381	3	381
9	"1"	"1"	15	FALSE	0	90	100	0	0	3.42901103761e-14	560	1551387244.59	5	420	5	420
9	"1"	"1"	15	FALSE	0	90	100	0	0	3.42901103761e-14	560	1551387244.63	6	449	6	449
9	"1"	"1"	15	FALSE	0	90	100	0	0	3.42901103761e-14	560	1551387244.66	9	479	9	479
9	"1"	"1"	15	FALSE	0	90	100	0	0	3.42901103761e-14	560	1551387244.69	11	501	11	501
9	"1"	"1"	15	FALSE	0	90	100	0	0	3.42901103761e-14	560	1551387244.73	12	512	12	512
9	"1"	"1"	15	FALSE	0	90	100	0	0	3.42901103761e-14	560	1551387244.76	13	522	13	522
9	"1"	"1"	15	FALSE	0	90	100	0	0	3.42901103761e-14	560	1551387244.79	13	528	13	528
9	"1"	"1"	15	FALSE	0	90	100	0	0	3.42901103761e-14	560	1551387244.83	12	531	12	531
9	"1"	"1"	15	FALSE	0	90	100	0	0	3.42901103761e-14	560	1551387244.86	10	538	10	538
9	"1"	"1"	15	FALSE	0	90	100	0	0	3.42901103761e-14	560	1551387244.89	10	544	10	544
9	"1"	"1"	15	FALSE	0	90	100	0	0	3.42901103761e-14	560	1551387244.93	9	550	9	550
9	"1"	"1"	15	FALSE	0	90	100	0	0	3.42901103761e-14	560	1551387244.96	8	558	8	558
9	"1"	"1"	15	FALSE	0	90	100	0	0	3.42901103761e-14	560	1551387244.99	7	564	7	564
9	"1"	"1"	16	FALSE	0	90	100	0	0	3.42901103761e-14	560	1551387246.24	-2	0	-2	0
9	"1"	"1"	16	FALSE	0	90	100	0	0	3.42901103761e-14	560	1551387246.26	-2	0	-2	0
9	"1"	"1"	16	FALSE	0	90	100	0	0	3.42901103761e-14	560	1551387246.29	-2	0	-2	0
9	"1"	"1"	16	FALSE	0	90	100	0	0	3.42901103761e-14	560	1551387246.33	-2	0	-2	0
9	"1"	"1"	16	FALSE	0	90	100	0	0	3.42901103761e-14	560	1551387246.36	-2	0	-2	0
9	"1"	"1"	16	FALSE	0	90	100	0	0	3.42901103761e-14	560	1551387246.39	-2	0	-2	0
9	"1"	"1"	16	FALSE	0	90	100	0	0	3.42901103761e-14	560	1551387246.43	-2	0	-2	0
9	"1"	"1"	16	FALSE	0	90	100	0	0	3.42901103761e-14	560	1551387246.46	-2	0	-2	0
9	"1"	"1"	16	FALSE	0	90	100	0	0	3.42901103761e-14	560	1551387246.49	-2	0	-2	0
9	"1"	"1"	16	FALSE	0	90	100	0	0	3.42901103761e-14	560	1551387246.53	-2	0	-2	0
9	"1"	"1"	16	FALSE	0	90	100	0	0	3.42901103761e-14	560	1551387246.56	-2	0	-2	0
9	"1"	"1"	16	FALSE	0	90	100	0	0	3.42901103761e-14	560	1551387246.59	-2	0	-2	0
9	"1"	"1"	16	FALSE	0	90	100	0	0	3.42901103761e-14	560	1551387246.63	-2	2	-2	2
9	"1"	"1"	16	FALSE	0	90	100	0	0	3.42901103761e-14	560	1551387246.66	-4	12	-4	12
9	"1"	"1"	16	FALSE	0	90	100	0	0	3.42901103761e-14	560	1551387246.69	-4	35	-4	35
9	"1"	"1"	16	FALSE	0	90	100	0	0	3.42901103761e-14	560	1551387246.73	-5	62	-5	62
9	"1"	"1"	16	FALSE	0	90	100	0	0	3.42901103761e-14	560	1551387246.76	-6	91	-6	91
9	"1"	"1"	16	FALSE	0	90	100	0	0	3.42901103761e-14	560	1551387246.79	-6	137	-6	137
9	"1"	"1"	16	FALSE	0	90	100	0	0	3.42901103761e-14	560	1551387246.83	-5	172	-5	172
9	"1"	"1"	16	FALSE	0	90	100	0	0	3.42901103761e-14	560	1551387246.86	-5	209	-5	209
9	"1"	"1"	16	FALSE	0	90	100	0	0	3.42901103761e-14	560	1551387246.9	-6	260	-6	260
9	"1"	"1"	16	FALSE	0	90	100	0	0	3.42901103761e-14	560	1551387246.93	-6	296	-6	296
9	"1"	"1"	16	FALSE	0	90	100	0	0	3.42901103761e-14	560	1551387246.96	-5	338	-5	338
9	"1"	"1"	16	FALSE	0	90	100	0	0	3.42901103761e-14	560	1551387247	-4	373	-4	373
9	"1"	"1"	16	FALSE	0	90	100	0	0	3.42901103761e-14	560	1551387247.03	-3	411	-3	411
9	"1"	"1"	16	FALSE	0	90	100	0	0	3.42901103761e-14	560	1551387247.06	-2	446	-2	446
9	"1"	"1"	16	FALSE	0	90	100	0	0	3.42901103761e-14	560	1551387247.1	1	479	1	479
9	"1"	"1"	16	FALSE	0	90	100	0	0	3.42901103761e-14	560	1551387247.13	2	507	2	507
9	"1"	"1"	16	FALSE	0	90	100	0	0	3.42901103761e-14	560	1551387247.16	3	528	3	528
9	"1"	"1"	16	FALSE	0	90	100	0	0	3.42901103761e-14	560	1551387247.2	4	546	4	546
9	"1"	"1"	16	FALSE	0	90	100	0	0	3.42901103761e-14	560	1551387247.23	4	559	4	559
9	"1"	"1"	16	FALSE	0	90	100	0	0	3.42901103761e-14	560	1551387247.26	3	568	3	568
9	"1"	"1"	16	FALSE	0	90	100	0	0	3.42901103761e-14	560	1551387247.3	3	575	3	575
9	"1"	"1"	16	FALSE	0	90	100	0	0	3.42901103761e-14	560	1551387247.33	3	577	3	577
9	"1"	"1"	16	FALSE	0	90	100	0	0	3.42901103761e-14	560	1551387247.36	3	578	3	578
9	"1"	"1"	16	FALSE	0	90	100	0	0	3.42901103761e-14	560	1551387247.4	3	578	3	578
9	"1"	"1"	16	FALSE	0	90	100	0	0	3.42901103761e-14	560	1551387247.43	3	577	3	577
9	"1"	"1"	16	FALSE	0	90	100	0	0	3.42901103761e-14	560	1551387247.46	3	577	3	577
9	"1"	"1"	16	FALSE	0	90	100	0	0	3.42901103761e-14	560	1551387247.5	3	577	3	577
9	"1"	"1"	16	FALSE	0	90	100	0	0	3.42901103761e-14	560	1551387247.53	3	577	3	577
9	"1"	"1"	16	FALSE	0	90	100	0	0	3.42901103761e-14	560	1551387247.56	3	577	3	577
9	"1"	"1"	16	FALSE	0	90	100	0	0	3.42901103761e-14	560	1551387247.6	3	577	3	577
9	"1"	"1"	16	FALSE	0	90	100	0	0	3.42901103761e-14	560	1551387247.63	3	577	3	577
9	"1"	"1"	16	FALSE	0	90	100	0	0	3.42901103761e-14	560	1551387247.66	3	577	3	577
9	"1"	"1"	16	FALSE	0	90	100	0	0	3.42901103761e-14	560	1551387247.7	3	577	3	577
9	"1"	"1"	16	FALSE	0	90	100	0	0	3.42901103761e-14	560	1551387247.73	3	577	3	577
9	"1"	"1"	16	FALSE	0	90	100	0	0	3.42901103761e-14	560	1551387247.76	3	577	3	577
9	"1"	"1"	16	FALSE	0	90	100	0	0	3.42901103761e-14	560	1551387247.8	4	576	4	576
9	"1"	"1"	16	FALSE	0	90	100	0	0	3.42901103761e-14	560	1551387247.83	4	574	4	574
9	"1"	"1"	16	FALSE	0	90	100	0	0	3.42901103761e-14	560	1551387247.86	4	574	4	574
9	"1"	"1"	16	FALSE	0	90	100	0	0	3.42901103761e-14	560	1551387247.9	4	572	4	572
9	"1"	"1"	16	FALSE	0	90	100	0	0	3.42901103761e-14	560	1551387247.93	4	568	4	568
9	"1"	"1"	17	FALSE	0	135	100	0	0	-395.979797464	395.979797464	1551387249.14	5	4	5	4
9	"1"	"1"	17	FALSE	0	135	100	0	0	-395.979797464	395.979797464	1551387249.18	5	3	5	3
9	"1"	"1"	17	FALSE	0	135	100	0	0	-395.979797464	395.979797464	1551387249.21	5	2	5	2
9	"1"	"1"	17	FALSE	0	135	100	0	0	-395.979797464	395.979797464	1551387249.25	5	2	5	2
9	"1"	"1"	17	FALSE	0	135	100	0	0	-395.979797464	395.979797464	1551387249.28	5	2	5	2
9	"1"	"1"	17	FALSE	0	135	100	0	0	-395.979797464	395.979797464	1551387249.31	5	2	5	2
9	"1"	"1"	17	FALSE	0	135	100	0	0	-395.979797464	395.979797464	1551387249.35	5	2	5	2
9	"1"	"1"	17	FALSE	0	135	100	0	0	-395.979797464	395.979797464	1551387249.38	5	2	5	2
9	"1"	"1"	17	FALSE	0	135	100	0	0	-395.979797464	395.979797464	1551387249.41	5	2	5	2
9	"1"	"1"	17	FALSE	0	135	100	0	0	-395.979797464	395.979797464	1551387249.45	5	2	5	2
9	"1"	"1"	17	FALSE	0	135	100	0	0	-395.979797464	395.979797464	1551387249.48	5	2	5	2
9	"1"	"1"	17	FALSE	0	135	100	0	0	-395.979797464	395.979797464	1551387249.51	5	2	5	2
9	"1"	"1"	17	FALSE	0	135	100	0	0	-395.979797464	395.979797464	1551387249.55	4	2	4	2
9	"1"	"1"	17	FALSE	0	135	100	0	0	-395.979797464	395.979797464	1551387249.58	0	2	0	2
9	"1"	"1"	17	FALSE	0	135	100	0	0	-395.979797464	395.979797464	1551387249.61	-10	9	-10	9
9	"1"	"1"	17	FALSE	0	135	100	0	0	-395.979797464	395.979797464	1551387249.65	-30	25	-30	25
9	"1"	"1"	17	FALSE	0	135	100	0	0	-395.979797464	395.979797464	1551387249.68	-49	45	-49	45
9	"1"	"1"	17	FALSE	0	135	100	0	0	-395.979797464	395.979797464	1551387249.71	-72	71	-72	71
9	"1"	"1"	17	FALSE	0	135	100	0	0	-395.979797464	395.979797464	1551387249.75	-96	96	-96	96
9	"1"	"1"	17	FALSE	0	135	100	0	0	-395.979797464	395.979797464	1551387249.78	-121	125	-121	125
9	"1"	"1"	17	FALSE	0	135	100	0	0	-395.979797464	395.979797464	1551387249.81	-144	150	-144	150
9	"1"	"1"	17	FALSE	0	135	100	0	0	-395.979797464	395.979797464	1551387249.85	-173	180	-173	180
9	"1"	"1"	17	FALSE	0	135	100	0	0	-395.979797464	395.979797464	1551387249.88	-202	208	-202	208
9	"1"	"1"	17	FALSE	0	135	100	0	0	-395.979797464	395.979797464	1551387249.91	-231	234	-231	234
9	"1"	"1"	17	FALSE	0	135	100	0	0	-395.979797464	395.979797464	1551387249.95	-255	253	-255	253
9	"1"	"1"	17	FALSE	0	135	100	0	0	-395.979797464	395.979797464	1551387249.98	-282	271	-282	271
9	"1"	"1"	17	FALSE	0	135	100	0	0	-395.979797464	395.979797464	1551387250.01	-304	286	-304	286
9	"1"	"1"	17	FALSE	0	135	100	0	0	-395.979797464	395.979797464	1551387250.05	-326	304	-326	304
9	"1"	"1"	17	FALSE	0	135	100	0	0	-395.979797464	395.979797464	1551387250.08	-338	315	-338	315
9	"1"	"1"	17	FALSE	0	135	100	0	0	-395.979797464	395.979797464	1551387250.11	-352	328	-352	328
9	"1"	"1"	17	FALSE	0	135	100	0	0	-395.979797464	395.979797464	1551387250.15	-363	341	-363	341
9	"1"	"1"	17	FALSE	0	135	100	0	0	-395.979797464	395.979797464	1551387250.18	-370	352	-370	352
9	"1"	"1"	17	FALSE	0	135	100	0	0	-395.979797464	395.979797464	1551387250.21	-378	362	-378	362
9	"1"	"1"	17	FALSE	0	135	100	0	0	-395.979797464	395.979797464	1551387250.25	-386	372	-386	372
9	"1"	"1"	17	FALSE	0	135	100	0	0	-395.979797464	395.979797464	1551387250.28	-392	380	-392	380
9	"1"	"1"	17	FALSE	0	135	100	0	0	-395.979797464	395.979797464	1551387250.31	-396	385	-396	385
9	"1"	"1"	17	FALSE	0	135	100	0	0	-395.979797464	395.979797464	1551387250.35	-399	390	-399	390
9	"1"	"1"	17	FALSE	0	135	100	0	0	-395.979797464	395.979797464	1551387250.38	-400	392	-400	392
9	"1"	"1"	18	FALSE	0	45	100	0	0	395.979797464	395.979797464	1551387251.76	-11	2	-11	2
9	"1"	"1"	18	FALSE	0	45	100	0	0	395.979797464	395.979797464	1551387251.78	-11	2	-11	2
9	"1"	"1"	18	FALSE	0	45	100	0	0	395.979797464	395.979797464	1551387251.82	-11	2	-11	2
9	"1"	"1"	18	FALSE	0	45	100	0	0	395.979797464	395.979797464	1551387251.85	-11	2	-11	2
9	"1"	"1"	18	FALSE	0	45	100	0	0	395.979797464	395.979797464	1551387251.88	-11	2	-11	2
9	"1"	"1"	18	FALSE	0	45	100	0	0	395.979797464	395.979797464	1551387251.92	-11	2	-11	2
9	"1"	"1"	18	FALSE	0	45	100	0	0	395.979797464	395.979797464	1551387251.95	-11	2	-11	2
9	"1"	"1"	18	FALSE	0	45	100	0	0	395.979797464	395.979797464	1551387251.98	-11	2	-11	2
9	"1"	"1"	18	FALSE	0	45	100	0	0	395.979797464	395.979797464	1551387252.02	-11	2	-11	2
9	"1"	"1"	18	FALSE	0	45	100	0	0	395.979797464	395.979797464	1551387252.05	-11	2	-11	2
9	"1"	"1"	18	FALSE	0	45	100	0	0	395.979797464	395.979797464	1551387252.08	-11	2	-11	2
9	"1"	"1"	18	FALSE	0	45	100	0	0	395.979797464	395.979797464	1551387252.12	-11	2	-11	2
9	"1"	"1"	18	FALSE	0	45	100	0	0	395.979797464	395.979797464	1551387252.15	-11	2	-11	2
9	"1"	"1"	18	FALSE	0	45	100	0	0	395.979797464	395.979797464	1551387252.18	-6	4	-6	4
9	"1"	"1"	18	FALSE	0	45	100	0	0	395.979797464	395.979797464	1551387252.22	2	12	2	12
9	"1"	"1"	18	FALSE	0	45	100	0	0	395.979797464	395.979797464	1551387252.25	24	35	24	35
9	"1"	"1"	18	FALSE	0	45	100	0	0	395.979797464	395.979797464	1551387252.28	44	57	44	57
9	"1"	"1"	18	FALSE	0	45	100	0	0	395.979797464	395.979797464	1551387252.32	66	84	66	84
9	"1"	"1"	18	FALSE	0	45	100	0	0	395.979797464	395.979797464	1551387252.35	84	106	84	106
9	"1"	"1"	18	FALSE	0	45	100	0	0	395.979797464	395.979797464	1551387252.38	103	128	103	128
9	"1"	"1"	18	FALSE	0	45	100	0	0	395.979797464	395.979797464	1551387252.42	120	149	120	149
9	"1"	"1"	18	FALSE	0	45	100	0	0	395.979797464	395.979797464	1551387252.45	136	170	136	170
9	"1"	"1"	18	FALSE	0	45	100	0	0	395.979797464	395.979797464	1551387252.48	160	196	160	196
9	"1"	"1"	18	FALSE	0	45	100	0	0	395.979797464	395.979797464	1551387252.52	185	224	185	224
9	"1"	"1"	18	FALSE	0	45	100	0	0	395.979797464	395.979797464	1551387252.55	213	253	213	253
9	"1"	"1"	18	FALSE	0	45	100	0	0	395.979797464	395.979797464	1551387252.58	240	280	240	280
9	"1"	"1"	18	FALSE	0	45	100	0	0	395.979797464	395.979797464	1551387252.62	260	301	260	301
9	"1"	"1"	18	FALSE	0	45	100	0	0	395.979797464	395.979797464	1551387252.65	281	324	281	324
9	"1"	"1"	18	FALSE	0	45	100	0	0	395.979797464	395.979797464	1551387252.68	298	342	298	342
9	"1"	"1"	18	FALSE	0	45	100	0	0	395.979797464	395.979797464	1551387252.72	313	356	313	356
9	"1"	"1"	18	FALSE	0	45	100	0	0	395.979797464	395.979797464	1551387252.75	330	371	330	371
9	"1"	"1"	18	FALSE	0	45	100	0	0	395.979797464	395.979797464	1551387252.78	345	381	345	381
9	"1"	"1"	18	FALSE	0	45	100	0	0	395.979797464	395.979797464	1551387252.82	362	387	362	387
9	"1"	"1"	18	FALSE	0	45	100	0	0	395.979797464	395.979797464	1551387252.85	375	389	375	389
9	"1"	"1"	18	FALSE	0	45	100	0	0	395.979797464	395.979797464	1551387252.88	386	389	386	389
9	"1"	"1"	18	FALSE	0	45	100	0	0	395.979797464	395.979797464	1551387252.92	392	389	392	389
9	"1"	"1"	18	FALSE	0	45	100	0	0	395.979797464	395.979797464	1551387252.95	394	390	394	390
9	"1"	"1"	18	FALSE	0	45	100	0	0	395.979797464	395.979797464	1551387252.98	397	394	397	394
9	"1"	"1"	18	FALSE	0	45	100	0	0	395.979797464	395.979797464	1551387253.02	399	399	399	399
9	"1"	"1"	18	FALSE	0	45	100	0	0	395.979797464	395.979797464	1551387253.05	400	403	400	403
9	"1"	"1"	18	FALSE	0	45	100	0	0	395.979797464	395.979797464	1551387253.08	401	405	401	405
9	"1"	"1"	19	FALSE	0	45	100	0	0	395.979797464	395.979797464	1551387254.4	3	-13	3	-13
9	"1"	"1"	19	FALSE	0	45	100	0	0	395.979797464	395.979797464	1551387254.42	3	-13	3	-13
9	"1"	"1"	19	FALSE	0	45	100	0	0	395.979797464	395.979797464	1551387254.45	3	-13	3	-13
9	"1"	"1"	19	FALSE	0	45	100	0	0	395.979797464	395.979797464	1551387254.48	3	-13	3	-13
9	"1"	"1"	19	FALSE	0	45	100	0	0	395.979797464	395.979797464	1551387254.52	3	-13	3	-13
9	"1"	"1"	19	FALSE	0	45	100	0	0	395.979797464	395.979797464	1551387254.55	3	-13	3	-13
9	"1"	"1"	19	FALSE	0	45	100	0	0	395.979797464	395.979797464	1551387254.58	3	-13	3	-13
9	"1"	"1"	19	FALSE	0	45	100	0	0	395.979797464	395.979797464	1551387254.62	3	-13	3	-13
9	"1"	"1"	19	FALSE	0	45	100	0	0	395.979797464	395.979797464	1551387254.65	3	-13	3	-13
9	"1"	"1"	19	FALSE	0	45	100	0	0	395.979797464	395.979797464	1551387254.68	3	-13	3	-13
9	"1"	"1"	19	FALSE	0	45	100	0	0	395.979797464	395.979797464	1551387254.72	3	-13	3	-13
9	"1"	"1"	19	FALSE	0	45	100	0	0	395.979797464	395.979797464	1551387254.75	3	-13	3	-13
9	"1"	"1"	19	FALSE	0	45	100	0	0	395.979797464	395.979797464	1551387254.78	3	-12	3	-12
9	"1"	"1"	19	FALSE	0	45	100	0	0	395.979797464	395.979797464	1551387254.82	8	-6	8	-6
9	"1"	"1"	19	FALSE	0	45	100	0	0	395.979797464	395.979797464	1551387254.85	22	11	22	11
9	"1"	"1"	19	FALSE	0	45	100	0	0	395.979797464	395.979797464	1551387254.88	41	33	41	33
9	"1"	"1"	19	FALSE	0	45	100	0	0	395.979797464	395.979797464	1551387254.92	68	58	68	58
9	"1"	"1"	19	FALSE	0	45	100	0	0	395.979797464	395.979797464	1551387254.95	101	89	101	89
9	"1"	"1"	19	FALSE	0	45	100	0	0	395.979797464	395.979797464	1551387254.98	131	117	131	117
9	"1"	"1"	19	FALSE	0	45	100	0	0	395.979797464	395.979797464	1551387255.02	164	148	164	148
9	"1"	"1"	19	FALSE	0	45	100	0	0	395.979797464	395.979797464	1551387255.05	194	176	194	176
9	"1"	"1"	19	FALSE	0	45	100	0	0	395.979797464	395.979797464	1551387255.08	220	200	220	200
9	"1"	"1"	19	FALSE	0	45	100	0	0	395.979797464	395.979797464	1551387255.12	240	222	240	222
9	"1"	"1"	19	FALSE	0	45	100	0	0	395.979797464	395.979797464	1551387255.15	259	244	259	244
9	"1"	"1"	19	FALSE	0	45	100	0	0	395.979797464	395.979797464	1551387255.18	279	266	279	266
9	"1"	"1"	19	FALSE	0	45	100	0	0	395.979797464	395.979797464	1551387255.22	296	283	296	283
9	"1"	"1"	19	FALSE	0	45	100	0	0	395.979797464	395.979797464	1551387255.25	313	304	313	304
9	"1"	"1"	19	FALSE	0	45	100	0	0	395.979797464	395.979797464	1551387255.28	324	317	324	317
9	"1"	"1"	19	FALSE	0	45	100	0	0	395.979797464	395.979797464	1551387255.32	333	329	333	329
9	"1"	"1"	19	FALSE	0	45	100	0	0	395.979797464	395.979797464	1551387255.35	336	335	336	335
9	"1"	"1"	19	FALSE	0	45	100	0	0	395.979797464	395.979797464	1551387255.38	338	341	338	341
9	"1"	"1"	19	FALSE	0	45	100	0	0	395.979797464	395.979797464	1551387255.42	341	349	341	349
9	"1"	"1"	19	FALSE	0	45	100	0	0	395.979797464	395.979797464	1551387255.45	346	359	346	359
9	"1"	"1"	19	FALSE	0	45	100	0	0	395.979797464	395.979797464	1551387255.48	353	368	353	368
9	"1"	"1"	19	FALSE	0	45	100	0	0	395.979797464	395.979797464	1551387255.52	358	374	358	374
9	"1"	"1"	19	FALSE	0	45	100	0	0	395.979797464	395.979797464	1551387255.55	361	377	361	377
9	"1"	"1"	19	FALSE	0	45	100	0	0	395.979797464	395.979797464	1551387255.59	363	379	363	379
9	"1"	"1"	19	FALSE	0	45	100	0	0	395.979797464	395.979797464	1551387255.62	363	379	363	379
9	"1"	"1"	19	FALSE	0	45	100	0	0	395.979797464	395.979797464	1551387255.65	364	380	364	380
9	"1"	"1"	19	FALSE	0	45	100	0	0	395.979797464	395.979797464	1551387255.69	366	381	366	381
9	"1"	"1"	19	FALSE	0	45	100	0	0	395.979797464	395.979797464	1551387255.72	369	384	369	384
9	"1"	"1"	19	FALSE	0	45	100	0	0	395.979797464	395.979797464	1551387255.75	373	389	373	389
9	"1"	"1"	19	FALSE	0	45	100	0	0	395.979797464	395.979797464	1551387255.79	377	392	377	392
9	"1"	"1"	19	FALSE	0	45	100	0	0	395.979797464	395.979797464	1551387255.82	378	393	378	393
9	"1"	"1"	19	FALSE	0	45	100	0	0	395.979797464	395.979797464	1551387255.85	384	397	384	397
9	"1"	"1"	19	FALSE	0	45	100	0	0	395.979797464	395.979797464	1551387255.89	390	401	390	401
9	"1"	"1"	20	FALSE	0	90	100	0	0	3.42901103761e-14	560	1551387257.07	10	-7	10	-7
9	"1"	"1"	20	FALSE	0	90	100	0	0	3.42901103761e-14	560	1551387257.09	10	-7	10	-7
9	"1"	"1"	20	FALSE	0	90	100	0	0	3.42901103761e-14	560	1551387257.12	8	-9	8	-9
9	"1"	"1"	20	FALSE	0	90	100	0	0	3.42901103761e-14	560	1551387257.15	7	-9	7	-9
9	"1"	"1"	20	FALSE	0	90	100	0	0	3.42901103761e-14	560	1551387257.19	7	-9	7	-9
9	"1"	"1"	20	FALSE	0	90	100	0	0	3.42901103761e-14	560	1551387257.22	7	-9	7	-9
9	"1"	"1"	20	FALSE	0	90	100	0	0	3.42901103761e-14	560	1551387257.25	7	-9	7	-9
9	"1"	"1"	20	FALSE	0	90	100	0	0	3.42901103761e-14	560	1551387257.29	7	-9	7	-9
9	"1"	"1"	20	FALSE	0	90	100	0	0	3.42901103761e-14	560	1551387257.32	7	-9	7	-9
9	"1"	"1"	20	FALSE	0	90	100	0	0	3.42901103761e-14	560	1551387257.35	7	-9	7	-9
9	"1"	"1"	20	FALSE	0	90	100	0	0	3.42901103761e-14	560	1551387257.39	7	-7	7	-7
9	"1"	"1"	20	FALSE	0	90	100	0	0	3.42901103761e-14	560	1551387257.42	9	2	9	2
9	"1"	"1"	20	FALSE	0	90	100	0	0	3.42901103761e-14	560	1551387257.45	10	25	10	25
9	"1"	"1"	20	FALSE	0	90	100	0	0	3.42901103761e-14	560	1551387257.49	7	53	7	53
9	"1"	"1"	20	FALSE	0	90	100	0	0	3.42901103761e-14	560	1551387257.52	2	94	2	94
9	"1"	"1"	20	FALSE	0	90	100	0	0	3.42901103761e-14	560	1551387257.55	-3	145	-3	145
9	"1"	"1"	20	FALSE	0	90	100	0	0	3.42901103761e-14	560	1551387257.59	-5	197	-5	197
9	"1"	"1"	20	FALSE	0	90	100	0	0	3.42901103761e-14	560	1551387257.62	-5	244	-5	244
9	"1"	"1"	20	FALSE	0	90	100	0	0	3.42901103761e-14	560	1551387257.65	-4	282	-4	282
9	"1"	"1"	20	FALSE	0	90	100	0	0	3.42901103761e-14	560	1551387257.69	-3	323	-3	323
9	"1"	"1"	20	FALSE	0	90	100	0	0	3.42901103761e-14	560	1551387257.72	-4	359	-4	359
9	"1"	"1"	20	FALSE	0	90	100	0	0	3.42901103761e-14	560	1551387257.75	-3	385	-3	385
9	"1"	"1"	20	FALSE	0	90	100	0	0	3.42901103761e-14	560	1551387257.79	-5	410	-5	410
9	"1"	"1"	20	FALSE	0	90	100	0	0	3.42901103761e-14	560	1551387257.82	-6	435	-6	435
9	"1"	"1"	20	FALSE	0	90	100	0	0	3.42901103761e-14	560	1551387257.85	-5	457	-5	457
9	"1"	"1"	20	FALSE	0	90	100	0	0	3.42901103761e-14	560	1551387257.89	-3	472	-3	472
9	"1"	"1"	20	FALSE	0	90	100	0	0	3.42901103761e-14	560	1551387257.92	1	490	1	490
9	"1"	"1"	20	FALSE	0	90	100	0	0	3.42901103761e-14	560	1551387257.95	4	504	4	504
9	"1"	"1"	20	FALSE	0	90	100	0	0	3.42901103761e-14	560	1551387257.99	6	514	6	514
9	"1"	"1"	20	FALSE	0	90	100	0	0	3.42901103761e-14	560	1551387258.02	8	525	8	525
9	"1"	"1"	20	FALSE	0	90	100	0	0	3.42901103761e-14	560	1551387258.05	11	536	11	536
9	"1"	"1"	20	FALSE	0	90	100	0	0	3.42901103761e-14	560	1551387258.09	14	549	14	549
9	"1"	"1"	20	FALSE	0	90	100	0	0	3.42901103761e-14	560	1551387258.12	16	555	16	555
9	"1"	"1"	20	FALSE	0	90	100	0	0	3.42901103761e-14	560	1551387258.15	17	559	17	559
9	"1"	"1"	20	FALSE	0	90	100	0	0	3.42901103761e-14	560	1551387258.19	17	559	17	559
9	"1"	"1"	20	FALSE	0	90	100	0	0	3.42901103761e-14	560	1551387258.22	17	559	17	559
9	"1"	"1"	20	FALSE	0	90	100	0	0	3.42901103761e-14	560	1551387258.25	17	559	17	559
9	"1"	"1"	20	FALSE	0	90	100	0	0	3.42901103761e-14	560	1551387258.29	17	559	17	559
9	"1"	"1"	20	FALSE	0	90	100	0	0	3.42901103761e-14	560	1551387258.32	17	559	17	559
9	"1"	"1"	20	FALSE	0	90	100	0	0	3.42901103761e-14	560	1551387258.35	17	559	17	559
9	"1"	"1"	20	FALSE	0	90	100	0	0	3.42901103761e-14	560	1551387258.39	17	559	17	559
9	"1"	"1"	20	FALSE	0	90	100	0	0	3.42901103761e-14	560	1551387258.42	17	559	17	559
9	"1"	"1"	20	FALSE	0	90	100	0	0	3.42901103761e-14	560	1551387258.45	17	559	17	559
9	"1"	"1"	20	FALSE	0	90	100	0	0	3.42901103761e-14	560	1551387258.49	17	559	17	559
9	"1"	"1"	20	FALSE	0	90	100	0	0	3.42901103761e-14	560	1551387258.52	17	559	17	559
9	"1"	"1"	20	FALSE	0	90	100	0	0	3.42901103761e-14	560	1551387258.55	14	560	14	560
9	"1"	"1"	20	FALSE	0	90	100	0	0	3.42901103761e-14	560	1551387258.59	11	560	11	560
9	"1"	"1"	20	FALSE	0	90	100	0	0	3.42901103761e-14	560	1551387258.62	10	561	10	561
9	"1"	"1"	21	FALSE	0	135	100	0	0	-395.979797464	395.979797464	1551387259.63	-1	-13	-1	-13
9	"1"	"1"	21	FALSE	0	135	100	0	0	-395.979797464	395.979797464	1551387259.65	-1	-13	-1	-13
9	"1"	"1"	21	FALSE	0	135	100	0	0	-395.979797464	395.979797464	1551387259.69	-1	-13	-1	-13
9	"1"	"1"	21	FALSE	0	135	100	0	0	-395.979797464	395.979797464	1551387259.72	-1	-13	-1	-13
9	"1"	"1"	21	FALSE	0	135	100	0	0	-395.979797464	395.979797464	1551387259.75	-1	-13	-1	-13
9	"1"	"1"	21	FALSE	0	135	100	0	0	-395.979797464	395.979797464	1551387259.79	-1	-13	-1	-13
9	"1"	"1"	21	FALSE	0	135	100	0	0	-395.979797464	395.979797464	1551387259.82	-1	-13	-1	-13
9	"1"	"1"	21	FALSE	0	135	100	0	0	-395.979797464	395.979797464	1551387259.86	-1	-13	-1	-13
9	"1"	"1"	21	FALSE	0	135	100	0	0	-395.979797464	395.979797464	1551387259.89	-1	-13	-1	-13
9	"1"	"1"	21	FALSE	0	135	100	0	0	-395.979797464	395.979797464	1551387259.92	-1	-13	-1	-13
9	"1"	"1"	21	FALSE	0	135	100	0	0	-395.979797464	395.979797464	1551387259.95	-1	-12	-1	-12
9	"1"	"1"	21	FALSE	0	135	100	0	0	-395.979797464	395.979797464	1551387259.99	-1	-6	-1	-6
9	"1"	"1"	21	FALSE	0	135	100	0	0	-395.979797464	395.979797464	1551387260.02	-7	11	-7	11
9	"1"	"1"	21	FALSE	0	135	100	0	0	-395.979797464	395.979797464	1551387260.06	-22	38	-22	38
9	"1"	"1"	21	FALSE	0	135	100	0	0	-395.979797464	395.979797464	1551387260.09	-42	65	-42	65
9	"1"	"1"	21	FALSE	0	135	100	0	0	-395.979797464	395.979797464	1551387260.12	-68	92	-68	92
9	"1"	"1"	21	FALSE	0	135	100	0	0	-395.979797464	395.979797464	1551387260.16	-95	114	-95	114
9	"1"	"1"	21	FALSE	0	135	100	0	0	-395.979797464	395.979797464	1551387260.19	-129	140	-129	140
9	"1"	"1"	21	FALSE	0	135	100	0	0	-395.979797464	395.979797464	1551387260.22	-167	167	-167	167
9	"1"	"1"	21	FALSE	0	135	100	0	0	-395.979797464	395.979797464	1551387260.26	-200	190	-200	190
9	"1"	"1"	21	FALSE	0	135	100	0	0	-395.979797464	395.979797464	1551387260.29	-237	216	-237	216
9	"1"	"1"	21	FALSE	0	135	100	0	0	-395.979797464	395.979797464	1551387260.32	-270	239	-270	239
9	"1"	"1"	21	FALSE	0	135	100	0	0	-395.979797464	395.979797464	1551387260.36	-294	258	-294	258
9	"1"	"1"	21	FALSE	0	135	100	0	0	-395.979797464	395.979797464	1551387260.39	-320	282	-320	282
9	"1"	"1"	21	FALSE	0	135	100	0	0	-395.979797464	395.979797464	1551387260.42	-335	300	-335	300
9	"1"	"1"	21	FALSE	0	135	100	0	0	-395.979797464	395.979797464	1551387260.46	-345	315	-345	315
9	"1"	"1"	21	FALSE	0	135	100	0	0	-395.979797464	395.979797464	1551387260.49	-354	329	-354	329
9	"1"	"1"	21	FALSE	0	135	100	0	0	-395.979797464	395.979797464	1551387260.52	-362	346	-362	346
9	"1"	"1"	21	FALSE	0	135	100	0	0	-395.979797464	395.979797464	1551387260.56	-371	362	-371	362
9	"1"	"1"	21	FALSE	0	135	100	0	0	-395.979797464	395.979797464	1551387260.59	-377	375	-377	375
9	"1"	"1"	21	FALSE	0	135	100	0	0	-395.979797464	395.979797464	1551387260.62	-387	393	-387	393
9	"1"	"1"	21	FALSE	0	135	100	0	0	-395.979797464	395.979797464	1551387260.66	-394	404	-394	404
9	"1"	"1"	21	FALSE	0	135	100	0	0	-395.979797464	395.979797464	1551387260.69	-400	413	-400	413
9	"1"	"1"	21	FALSE	0	135	100	0	0	-395.979797464	395.979797464	1551387260.72	-404	418	-404	418
9	"1"	"1"	21	FALSE	0	135	100	0	0	-395.979797464	395.979797464	1551387260.76	-406	420	-406	420
9	"1"	"1"	21	FALSE	0	135	100	0	0	-395.979797464	395.979797464	1551387260.79	-406	420	-406	420
9	"1"	"1"	21	FALSE	0	135	100	0	0	-395.979797464	395.979797464	1551387260.82	-406	420	-406	420
9	"1"	"1"	21	FALSE	0	135	100	0	0	-395.979797464	395.979797464	1551387260.86	-406	420	-406	420
9	"1"	"1"	21	FALSE	0	135	100	0	0	-395.979797464	395.979797464	1551387260.89	-406	420	-406	420
9	"1"	"1"	21	FALSE	0	135	100	0	0	-395.979797464	395.979797464	1551387260.92	-406	419	-406	419
9	"1"	"1"	21	FALSE	0	135	100	0	0	-395.979797464	395.979797464	1551387260.96	-405	418	-405	418
9	"1"	"1"	21	FALSE	0	135	100	0	0	-395.979797464	395.979797464	1551387260.99	-405	415	-405	415
9	"1"	"1"	21	FALSE	0	135	100	0	0	-395.979797464	395.979797464	1551387261.02	-404	410	-404	410
9	"1"	"1"	21	FALSE	0	135	100	0	0	-395.979797464	395.979797464	1551387261.06	-403	408	-403	408
