"task_num"	"task_name"	"trial_type"	"trial_num"	"terminalfeedback_bool"	"rotation_angle"	"targetangle_deg"	"targetdistance_percmax"	"homex_px"	"homey_px"	"targetx_px"	"targety_px"	"time_s"	"mousex_px"	"mousey_px"	"cursorx_px"	"cursory_px"
1	"1"	"1"	1	FALSE	0	90	100	0	0	3.42901103761e-14	560	1551386897.49	4	-9	4	-9
1	"1"	"1"	1	FALSE	0	90	100	0	0	3.42901103761e-14	560	1551386897.53	4	-9	4	-9
1	"1"	"1"	1	FALSE	0	90	100	0	0	3.42901103761e-14	560	1551386897.56	4	-9	4	-9
1	"1"	"1"	1	FALSE	0	90	100	0	0	3.42901103761e-14	560	1551386897.59	4	-9	4	-9
1	"1"	"1"	1	FALSE	0	90	100	0	0	3.42901103761e-14	560	1551386897.63	4	-9	4	-9
1	"1"	"1"	1	FALSE	0	90	100	0	0	3.42901103761e-14	560	1551386897.66	4	-9	4	-9
1	"1"	"1"	1	FALSE	0	90	100	0	0	3.42901103761e-14	560	1551386897.69	4	-7	4	-7
1	"1"	"1"	1	FALSE	0	90	100	0	0	3.42901103761e-14	560	1551386897.73	3	-4	3	-4
1	"1"	"1"	1	FALSE	0	90	100	0	0	3.42901103761e-14	560	1551386897.76	2	-1	2	-1
1	"1"	"1"	1	FALSE	0	90	100	0	0	3.42901103761e-14	560	1551386897.79	1	0	1	0
1	"1"	"1"	1	FALSE	0	90	100	0	0	3.42901103761e-14	560	1551386897.83	1	0	1	0
1	"1"	"1"	1	FALSE	0	90	100	0	0	3.42901103761e-14	560	1551386897.86	1	0	1	0
1	"1"	"1"	1	FALSE	0	90	100	0	0	3.42901103761e-14	560	1551386897.89	1	0	1	0
1	"1"	"1"	1	FALSE	0	90	100	0	0	3.42901103761e-14	560	1551386897.93	1	0	1	0
1	"1"	"1"	1	FALSE	0	90	100	0	0	3.42901103761e-14	560	1551386897.96	1	0	1	0
1	"1"	"1"	1	FALSE	0	90	100	0	0	3.42901103761e-14	560	1551386897.99	1	0	1	0
1	"1"	"1"	1	FALSE	0	90	100	0	0	3.42901103761e-14	560	1551386898.03	1	0	1	0
1	"1"	"1"	1	FALSE	0	90	100	0	0	3.42901103761e-14	560	1551386898.06	1	0	1	0
1	"1"	"1"	1	FALSE	0	90	100	0	0	3.42901103761e-14	560	1551386898.09	1	0	1	0
1	"1"	"1"	1	FALSE	0	90	100	0	0	3.42901103761e-14	560	1551386898.13	1	0	1	0
1	"1"	"1"	1	FALSE	0	90	100	0	0	3.42901103761e-14	560	1551386898.16	1	0	1	0
1	"1"	"1"	1	FALSE	0	90	100	0	0	3.42901103761e-14	560	1551386898.19	1	0	1	0
1	"1"	"1"	1	FALSE	0	90	100	0	0	3.42901103761e-14	560	1551386898.23	1	0	1	0
1	"1"	"1"	1	FALSE	0	90	100	0	0	3.42901103761e-14	560	1551386898.26	1	0	1	0
1	"1"	"1"	1	FALSE	0	90	100	0	0	3.42901103761e-14	560	1551386898.29	1	0	1	0
1	"1"	"1"	1	FALSE	0	90	100	0	0	3.42901103761e-14	560	1551386898.33	1	0	1	0
1	"1"	"1"	1	FALSE	0	90	100	0	0	3.42901103761e-14	560	1551386898.36	1	0	1	0
1	"1"	"1"	1	FALSE	0	90	100	0	0	3.42901103761e-14	560	1551386898.39	1	0	1	0
1	"1"	"1"	1	FALSE	0	90	100	0	0	3.42901103761e-14	560	1551386898.43	1	0	1	0
1	"1"	"1"	1	FALSE	0	90	100	0	0	3.42901103761e-14	560	1551386898.46	1	0	1	0
1	"1"	"1"	1	FALSE	0	90	100	0	0	3.42901103761e-14	560	1551386898.49	1	0	1	0
1	"1"	"1"	1	FALSE	0	90	100	0	0	3.42901103761e-14	560	1551386898.53	1	0	1	0
1	"1"	"1"	1	FALSE	0	90	100	0	0	3.42901103761e-14	560	1551386898.56	1	0	1	0
1	"1"	"1"	1	FALSE	0	90	100	0	0	3.42901103761e-14	560	1551386898.59	1	0	1	0
1	"1"	"1"	1	FALSE	0	90	100	0	0	3.42901103761e-14	560	1551386898.63	1	0	1	0
1	"1"	"1"	1	FALSE	0	90	100	0	0	3.42901103761e-14	560	1551386898.66	1	0	1	0
1	"1"	"1"	1	FALSE	0	90	100	0	0	3.42901103761e-14	560	1551386898.69	2	1	2	1
1	"1"	"1"	1	FALSE	0	90	100	0	0	3.42901103761e-14	560	1551386898.73	5	-1	5	-1
1	"1"	"1"	1	FALSE	0	90	100	0	0	3.42901103761e-14	560	1551386898.76	5	-6	5	-6
1	"1"	"1"	1	FALSE	0	90	100	0	0	3.42901103761e-14	560	1551386898.79	5	-8	5	-8
1	"1"	"1"	1	FALSE	0	90	100	0	0	3.42901103761e-14	560	1551386898.83	5	-8	5	-8
1	"1"	"1"	1	FALSE	0	90	100	0	0	3.42901103761e-14	560	1551386898.86	4	-7	4	-7
1	"1"	"1"	1	FALSE	0	90	100	0	0	3.42901103761e-14	560	1551386898.89	4	-7	4	-7
1	"1"	"1"	1	FALSE	0	90	100	0	0	3.42901103761e-14	560	1551386898.93	5	-7	5	-7
1	"1"	"1"	1	FALSE	0	90	100	0	0	3.42901103761e-14	560	1551386898.96	5	-5	5	-5
1	"1"	"1"	1	FALSE	0	90	100	0	0	3.42901103761e-14	560	1551386898.99	4	-4	4	-4
1	"1"	"1"	1	FALSE	0	90	100	0	0	3.42901103761e-14	560	1551386899.03	4	-5	4	-5
1	"1"	"1"	1	FALSE	0	90	100	0	0	3.42901103761e-14	560	1551386899.06	4	-5	4	-5
1	"1"	"1"	1	FALSE	0	90	100	0	0	3.42901103761e-14	560	1551386899.09	4	-3	4	-3
1	"1"	"1"	1	FALSE	0	90	100	0	0	3.42901103761e-14	560	1551386899.13	4	-2	4	-2
1	"1"	"1"	1	FALSE	0	90	100	0	0	3.42901103761e-14	560	1551386899.16	3	-3	3	-3
1	"1"	"1"	1	FALSE	0	90	100	0	0	3.42901103761e-14	560	1551386899.19	3	-4	3	-4
1	"1"	"1"	1	FALSE	0	90	100	0	0	3.42901103761e-14	560	1551386899.23	3	-2	3	-2
1	"1"	"1"	1	FALSE	0	90	100	0	0	3.42901103761e-14	560	1551386899.26	3	0	3	0
1	"1"	"1"	1	FALSE	0	90	100	0	0	3.42901103761e-14	560	1551386899.29	3	0	3	0
1	"1"	"1"	1	FALSE	0	90	100	0	0	3.42901103761e-14	560	1551386899.33	3	1	3	1
1	"1"	"1"	1	FALSE	0	90	100	0	0	3.42901103761e-14	560	1551386899.36	4	1	4	1
1	"1"	"1"	1	FALSE	0	90	100	0	0	3.42901103761e-14	560	1551386899.39	4	2	4	2
1	"1"	"1"	1	FALSE	0	90	100	0	0	3.42901103761e-14	560	1551386899.43	4	2	4	2
1	"1"	"1"	1	FALSE	0	90	100	0	0	3.42901103761e-14	560	1551386899.46	4	2	4	2
1	"1"	"1"	1	FALSE	0	90	100	0	0	3.42901103761e-14	560	1551386899.49	3	3	3	3
1	"1"	"1"	1	FALSE	0	90	100	0	0	3.42901103761e-14	560	1551386899.53	3	2	3	2
1	"1"	"1"	1	FALSE	0	90	100	0	0	3.42901103761e-14	560	1551386899.56	3	2	3	2
1	"1"	"1"	1	FALSE	0	90	100	0	0	3.42901103761e-14	560	1551386899.59	3	3	3	3
1	"1"	"1"	1	FALSE	0	90	100	0	0	3.42901103761e-14	560	1551386899.63	2	4	2	4
1	"1"	"1"	1	FALSE	0	90	100	0	0	3.42901103761e-14	560	1551386899.66	2	5	2	5
1	"1"	"1"	1	FALSE	0	90	100	0	0	3.42901103761e-14	560	1551386899.69	1	5	1	5
1	"1"	"1"	1	FALSE	0	90	100	0	0	3.42901103761e-14	560	1551386899.73	1	6	1	6
1	"1"	"1"	1	FALSE	0	90	100	0	0	3.42901103761e-14	560	1551386899.76	1	6	1	6
1	"1"	"1"	1	FALSE	0	90	100	0	0	3.42901103761e-14	560	1551386899.79	1	6	1	6
1	"1"	"1"	1	FALSE	0	90	100	0	0	3.42901103761e-14	560	1551386899.83	1	6	1	6
1	"1"	"1"	1	FALSE	0	90	100	0	0	3.42901103761e-14	560	1551386899.86	0	5	0	5
1	"1"	"1"	1	FALSE	0	90	100	0	0	3.42901103761e-14	560	1551386899.89	0	4	0	4
1	"1"	"1"	1	FALSE	0	90	100	0	0	3.42901103761e-14	560	1551386899.93	0	4	0	4
1	"1"	"1"	1	FALSE	0	90	100	0	0	3.42901103761e-14	560	1551386899.96	0	4	0	4
1	"1"	"1"	1	FALSE	0	90	100	0	0	3.42901103761e-14	560	1551386899.99	0	4	0	4
1	"1"	"1"	1	FALSE	0	90	100	0	0	3.42901103761e-14	560	1551386900.03	0	4	0	4
1	"1"	"1"	1	FALSE	0	90	100	0	0	3.42901103761e-14	560	1551386900.06	0	5	0	5
1	"1"	"1"	1	FALSE	0	90	100	0	0	3.42901103761e-14	560	1551386900.09	1	6	1	6
1	"1"	"1"	1	FALSE	0	90	100	0	0	3.42901103761e-14	560	1551386900.13	1	7	1	7
1	"1"	"1"	1	FALSE	0	90	100	0	0	3.42901103761e-14	560	1551386900.16	1	9	1	9
1	"1"	"1"	1	FALSE	0	90	100	0	0	3.42901103761e-14	560	1551386900.19	1	10	1	10
1	"1"	"1"	1	FALSE	0	90	100	0	0	3.42901103761e-14	560	1551386900.23	0	10	0	10
1	"1"	"1"	1	FALSE	0	90	100	0	0	3.42901103761e-14	560	1551386900.26	-1	10	-1	10
1	"1"	"1"	1	FALSE	0	90	100	0	0	3.42901103761e-14	560	1551386900.29	-2	10	-2	10
1	"1"	"1"	1	FALSE	0	90	100	0	0	3.42901103761e-14	560	1551386900.33	-3	9	-3	9
1	"1"	"1"	1	FALSE	0	90	100	0	0	3.42901103761e-14	560	1551386900.36	-3	9	-3	9
1	"1"	"1"	1	FALSE	0	90	100	0	0	3.42901103761e-14	560	1551386900.39	-4	9	-4	9
1	"1"	"1"	1	FALSE	0	90	100	0	0	3.42901103761e-14	560	1551386900.43	-3	10	-3	10
1	"1"	"1"	1	FALSE	0	90	100	0	0	3.42901103761e-14	560	1551386900.46	-2	12	-2	12
1	"1"	"1"	1	FALSE	0	90	100	0	0	3.42901103761e-14	560	1551386900.49	-1	14	-1	14
1	"1"	"1"	1	FALSE	0	90	100	0	0	3.42901103761e-14	560	1551386900.53	-1	14	-1	14
1	"1"	"1"	1	FALSE	0	90	100	0	0	3.42901103761e-14	560	1551386900.56	-1	12	-1	12
1	"1"	"1"	1	FALSE	0	90	100	0	0	3.42901103761e-14	560	1551386900.59	-2	11	-2	11
1	"1"	"1"	1	FALSE	0	90	100	0	0	3.42901103761e-14	560	1551386900.63	-2	11	-2	11
1	"1"	"1"	1	FALSE	0	90	100	0	0	3.42901103761e-14	560	1551386900.66	-2	12	-2	12
1	"1"	"1"	1	FALSE	0	90	100	0	0	3.42901103761e-14	560	1551386900.69	-3	13	-3	13
1	"1"	"1"	1	FALSE	0	90	100	0	0	3.42901103761e-14	560	1551386900.73	-3	13	-3	13
1	"1"	"1"	1	FALSE	0	90	100	0	0	3.42901103761e-14	560	1551386900.76	-3	14	-3	14
1	"1"	"1"	1	FALSE	0	90	100	0	0	3.42901103761e-14	560	1551386900.79	-2	14	-2	14
1	"1"	"1"	1	FALSE	0	90	100	0	0	3.42901103761e-14	560	1551386900.83	-1	15	-1	15
1	"1"	"1"	1	FALSE	0	90	100	0	0	3.42901103761e-14	560	1551386900.86	0	16	0	16
1	"1"	"1"	1	FALSE	0	90	100	0	0	3.42901103761e-14	560	1551386900.89	1	16	1	16
1	"1"	"1"	1	FALSE	0	90	100	0	0	3.42901103761e-14	560	1551386900.93	1	17	1	17
1	"1"	"1"	1	FALSE	0	90	100	0	0	3.42901103761e-14	560	1551386900.96	2	18	2	18
1	"1"	"1"	1	FALSE	0	90	100	0	0	3.42901103761e-14	560	1551386900.99	2	19	2	19
1	"1"	"1"	1	FALSE	0	90	100	0	0	3.42901103761e-14	560	1551386901.03	3	20	3	20
1	"1"	"1"	1	FALSE	0	90	100	0	0	3.42901103761e-14	560	1551386901.06	3	20	3	20
1	"1"	"1"	1	FALSE	0	90	100	0	0	3.42901103761e-14	560	1551386901.09	3	22	3	22
1	"1"	"1"	1	FALSE	0	90	100	0	0	3.42901103761e-14	560	1551386901.13	3	23	3	23
1	"1"	"1"	1	FALSE	0	90	100	0	0	3.42901103761e-14	560	1551386901.16	3	24	3	24
1	"1"	"1"	1	FALSE	0	90	100	0	0	3.42901103761e-14	560	1551386901.19	3	24	3	24
1	"1"	"1"	1	FALSE	0	90	100	0	0	3.42901103761e-14	560	1551386901.23	4	24	4	24
1	"1"	"1"	1	FALSE	0	90	100	0	0	3.42901103761e-14	560	1551386901.26	5	23	5	23
1	"1"	"1"	1	FALSE	0	90	100	0	0	3.42901103761e-14	560	1551386901.3	6	22	6	22
1	"1"	"1"	1	FALSE	0	90	100	0	0	3.42901103761e-14	560	1551386901.33	6	22	6	22
1	"1"	"1"	1	FALSE	0	90	100	0	0	3.42901103761e-14	560	1551386901.36	7	21	7	21
1	"1"	"1"	1	FALSE	0	90	100	0	0	3.42901103761e-14	560	1551386901.39	7	21	7	21
1	"1"	"1"	1	FALSE	0	90	100	0	0	3.42901103761e-14	560	1551386901.43	7	21	7	21
1	"1"	"1"	1	FALSE	0	90	100	0	0	3.42901103761e-14	560	1551386901.46	7	22	7	22
1	"1"	"1"	1	FALSE	0	90	100	0	0	3.42901103761e-14	560	1551386901.5	7	22	7	22
1	"1"	"1"	1	FALSE	0	90	100	0	0	3.42901103761e-14	560	1551386901.53	7	22	7	22
1	"1"	"1"	1	FALSE	0	90	100	0	0	3.42901103761e-14	560	1551386901.56	7	23	7	23
1	"1"	"1"	1	FALSE	0	90	100	0	0	3.42901103761e-14	560	1551386901.6	7	23	7	23
1	"1"	"1"	1	FALSE	0	90	100	0	0	3.42901103761e-14	560	1551386901.63	7	23	7	23
1	"1"	"1"	1	FALSE	0	90	100	0	0	3.42901103761e-14	560	1551386901.66	7	23	7	23
1	"1"	"1"	1	FALSE	0	90	100	0	0	3.42901103761e-14	560	1551386901.7	7	23	7	23
1	"1"	"1"	1	FALSE	0	90	100	0	0	3.42901103761e-14	560	1551386901.73	7	23	7	23
1	"1"	"1"	1	FALSE	0	90	100	0	0	3.42901103761e-14	560	1551386901.76	7	22	7	22
1	"1"	"1"	1	FALSE	0	90	100	0	0	3.42901103761e-14	560	1551386901.8	7	22	7	22
1	"1"	"1"	1	FALSE	0	90	100	0	0	3.42901103761e-14	560	1551386901.83	7	22	7	22
1	"1"	"1"	1	FALSE	0	90	100	0	0	3.42901103761e-14	560	1551386901.86	7	21	7	21
1	"1"	"1"	1	FALSE	0	90	100	0	0	3.42901103761e-14	560	1551386901.9	7	21	7	21
1	"1"	"1"	1	FALSE	0	90	100	0	0	3.42901103761e-14	560	1551386901.93	7	20	7	20
1	"1"	"1"	1	FALSE	0	90	100	0	0	3.42901103761e-14	560	1551386901.96	7	19	7	19
1	"1"	"1"	1	FALSE	0	90	100	0	0	3.42901103761e-14	560	1551386902	6	18	6	18
1	"1"	"1"	1	FALSE	0	90	100	0	0	3.42901103761e-14	560	1551386902.03	6	17	6	17
1	"1"	"1"	1	FALSE	0	90	100	0	0	3.42901103761e-14	560	1551386902.06	6	16	6	16
1	"1"	"1"	1	FALSE	0	90	100	0	0	3.42901103761e-14	560	1551386902.1	6	16	6	16
1	"1"	"1"	1	FALSE	0	90	100	0	0	3.42901103761e-14	560	1551386902.13	6	16	6	16
1	"1"	"1"	1	FALSE	0	90	100	0	0	3.42901103761e-14	560	1551386902.16	5	17	5	17
1	"1"	"1"	1	FALSE	0	90	100	0	0	3.42901103761e-14	560	1551386902.2	5	19	5	19
1	"1"	"1"	1	FALSE	0	90	100	0	0	3.42901103761e-14	560	1551386902.23	5	19	5	19
1	"1"	"1"	1	FALSE	0	90	100	0	0	3.42901103761e-14	560	1551386902.26	4	19	4	19
1	"1"	"1"	1	FALSE	0	90	100	0	0	3.42901103761e-14	560	1551386902.3	4	20	4	20
1	"1"	"1"	1	FALSE	0	90	100	0	0	3.42901103761e-14	560	1551386902.33	3	20	3	20
1	"1"	"1"	1	FALSE	0	90	100	0	0	3.42901103761e-14	560	1551386902.36	2	20	2	20
1	"1"	"1"	1	FALSE	0	90	100	0	0	3.42901103761e-14	560	1551386902.4	0	21	0	21
1	"1"	"1"	1	FALSE	0	90	100	0	0	3.42901103761e-14	560	1551386902.43	-2	23	-2	23
1	"1"	"1"	1	FALSE	0	90	100	0	0	3.42901103761e-14	560	1551386902.46	-4	28	-4	28
1	"1"	"1"	1	FALSE	0	90	100	0	0	3.42901103761e-14	560	1551386902.5	-5	32	-5	32
1	"1"	"1"	1	FALSE	0	90	100	0	0	3.42901103761e-14	560	1551386902.53	-5	36	-5	36
1	"1"	"1"	1	FALSE	0	90	100	0	0	3.42901103761e-14	560	1551386902.56	-6	39	-6	39
1	"1"	"1"	1	FALSE	0	90	100	0	0	3.42901103761e-14	560	1551386902.6	-6	40	-6	40
1	"1"	"1"	1	FALSE	0	90	100	0	0	3.42901103761e-14	560	1551386902.63	-6	40	-6	40
1	"1"	"1"	1	FALSE	0	90	100	0	0	3.42901103761e-14	560	1551386902.66	-6	40	-6	40
1	"1"	"1"	1	FALSE	0	90	100	0	0	3.42901103761e-14	560	1551386902.7	-6	40	-6	40
1	"1"	"1"	1	FALSE	0	90	100	0	0	3.42901103761e-14	560	1551386902.73	-6	41	-6	41
1	"1"	"1"	1	FALSE	0	90	100	0	0	3.42901103761e-14	560	1551386902.76	-6	42	-6	42
1	"1"	"1"	1	FALSE	0	90	100	0	0	3.42901103761e-14	560	1551386902.8	-6	43	-6	43
1	"1"	"1"	1	FALSE	0	90	100	0	0	3.42901103761e-14	560	1551386902.83	-6	44	-6	44
1	"1"	"1"	1	FALSE	0	90	100	0	0	3.42901103761e-14	560	1551386902.86	-6	46	-6	46
1	"1"	"1"	1	FALSE	0	90	100	0	0	3.42901103761e-14	560	1551386902.9	-5	46	-5	46
1	"1"	"1"	1	FALSE	0	90	100	0	0	3.42901103761e-14	560	1551386902.93	-5	47	-5	47
1	"1"	"1"	1	FALSE	0	90	100	0	0	3.42901103761e-14	560	1551386902.96	-5	47	-5	47
1	"1"	"1"	1	FALSE	0	90	100	0	0	3.42901103761e-14	560	1551386903	-5	47	-5	47
1	"1"	"1"	1	FALSE	0	90	100	0	0	3.42901103761e-14	560	1551386903.03	-4	47	-4	47
1	"1"	"1"	1	FALSE	0	90	100	0	0	3.42901103761e-14	560	1551386903.06	-4	47	-4	47
1	"1"	"1"	1	FALSE	0	90	100	0	0	3.42901103761e-14	560	1551386903.1	-3	47	-3	47
1	"1"	"1"	1	FALSE	0	90	100	0	0	3.42901103761e-14	560	1551386903.13	-3	47	-3	47
1	"1"	"1"	1	FALSE	0	90	100	0	0	3.42901103761e-14	560	1551386903.16	-1	47	-1	47
1	"1"	"1"	1	FALSE	0	90	100	0	0	3.42901103761e-14	560	1551386903.2	5	38	5	38
1	"1"	"1"	1	FALSE	0	90	100	0	0	3.42901103761e-14	560	1551386903.23	12	23	12	23
1	"1"	"1"	1	FALSE	0	90	100	0	0	3.42901103761e-14	560	1551386903.26	16	18	16	18
1	"1"	"1"	1	FALSE	0	90	100	0	0	3.42901103761e-14	560	1551386903.3	18	22	18	22
1	"1"	"1"	1	FALSE	0	90	100	0	0	3.42901103761e-14	560	1551386903.33	19	28	19	28
1	"1"	"1"	1	FALSE	0	90	100	0	0	3.42901103761e-14	560	1551386903.36	21	36	21	36
1	"1"	"1"	1	FALSE	0	90	100	0	0	3.42901103761e-14	560	1551386903.4	20	43	20	43
1	"1"	"1"	1	FALSE	0	90	100	0	0	3.42901103761e-14	560	1551386903.43	17	46	17	46
1	"1"	"1"	1	FALSE	0	90	100	0	0	3.42901103761e-14	560	1551386903.46	14	50	14	50
1	"1"	"1"	1	FALSE	0	90	100	0	0	3.42901103761e-14	560	1551386903.5	8	53	8	53
1	"1"	"1"	1	FALSE	0	90	100	0	0	3.42901103761e-14	560	1551386903.53	3	59	3	59
1	"1"	"1"	1	FALSE	0	90	100	0	0	3.42901103761e-14	560	1551386903.56	-4	67	-4	67
1	"1"	"1"	1	FALSE	0	90	100	0	0	3.42901103761e-14	560	1551386903.6	-10	81	-10	81
1	"1"	"1"	1	FALSE	0	90	100	0	0	3.42901103761e-14	560	1551386903.63	-21	120	-21	120
1	"1"	"1"	1	FALSE	0	90	100	0	0	3.42901103761e-14	560	1551386903.66	-21	135	-21	135
1	"1"	"1"	1	FALSE	0	90	100	0	0	3.42901103761e-14	560	1551386903.7	-20	152	-20	152
1	"1"	"1"	1	FALSE	0	90	100	0	0	3.42901103761e-14	560	1551386903.73	-20	158	-20	158
1	"1"	"1"	1	FALSE	0	90	100	0	0	3.42901103761e-14	560	1551386903.76	-20	157	-20	157
1	"1"	"1"	1	FALSE	0	90	100	0	0	3.42901103761e-14	560	1551386903.8	-22	154	-22	154
1	"1"	"1"	1	FALSE	0	90	100	0	0	3.42901103761e-14	560	1551386903.83	-24	149	-24	149
1	"1"	"1"	1	FALSE	0	90	100	0	0	3.42901103761e-14	560	1551386903.86	-26	141	-26	141
1	"1"	"1"	1	FALSE	0	90	100	0	0	3.42901103761e-14	560	1551386903.9	-25	134	-25	134
1	"1"	"1"	1	FALSE	0	90	100	0	0	3.42901103761e-14	560	1551386903.93	-24	133	-24	133
1	"1"	"1"	1	FALSE	0	90	100	0	0	3.42901103761e-14	560	1551386903.96	-23	131	-23	131
1	"1"	"1"	1	FALSE	0	90	100	0	0	3.42901103761e-14	560	1551386904	-22	130	-22	130
1	"1"	"1"	1	FALSE	0	90	100	0	0	3.42901103761e-14	560	1551386904.03	-22	131	-22	131
1	"1"	"1"	1	FALSE	0	90	100	0	0	3.42901103761e-14	560	1551386904.06	-22	128	-22	128
1	"1"	"1"	1	FALSE	0	90	100	0	0	3.42901103761e-14	560	1551386904.1	-22	127	-22	127
1	"1"	"1"	1	FALSE	0	90	100	0	0	3.42901103761e-14	560	1551386904.13	-22	127	-22	127
1	"1"	"1"	1	FALSE	0	90	100	0	0	3.42901103761e-14	560	1551386904.16	-22	127	-22	127
1	"1"	"1"	1	FALSE	0	90	100	0	0	3.42901103761e-14	560	1551386904.2	-22	127	-22	127
1	"1"	"1"	1	FALSE	0	90	100	0	0	3.42901103761e-14	560	1551386904.23	-22	128	-22	128
1	"1"	"1"	1	FALSE	0	90	100	0	0	3.42901103761e-14	560	1551386904.26	-22	129	-22	129
1	"1"	"1"	1	FALSE	0	90	100	0	0	3.42901103761e-14	560	1551386904.3	-23	131	-23	131
1	"1"	"1"	1	FALSE	0	90	100	0	0	3.42901103761e-14	560	1551386904.33	-23	133	-23	133
1	"1"	"1"	1	FALSE	0	90	100	0	0	3.42901103761e-14	560	1551386904.36	-23	134	-23	134
1	"1"	"1"	1	FALSE	0	90	100	0	0	3.42901103761e-14	560	1551386904.4	-24	137	-24	137
1	"1"	"1"	1	FALSE	0	90	100	0	0	3.42901103761e-14	560	1551386904.43	-23	141	-23	141
1	"1"	"1"	1	FALSE	0	90	100	0	0	3.42901103761e-14	560	1551386904.46	-23	142	-23	142
1	"1"	"1"	1	FALSE	0	90	100	0	0	3.42901103761e-14	560	1551386904.5	-22	141	-22	141
1	"1"	"1"	1	FALSE	0	90	100	0	0	3.42901103761e-14	560	1551386904.53	-21	140	-21	140
1	"1"	"1"	1	FALSE	0	90	100	0	0	3.42901103761e-14	560	1551386904.56	-21	139	-21	139
1	"1"	"1"	1	FALSE	0	90	100	0	0	3.42901103761e-14	560	1551386904.6	-22	139	-22	139
1	"1"	"1"	1	FALSE	0	90	100	0	0	3.42901103761e-14	560	1551386904.63	-22	139	-22	139
1	"1"	"1"	1	FALSE	0	90	100	0	0	3.42901103761e-14	560	1551386904.66	-22	139	-22	139
1	"1"	"1"	1	FALSE	0	90	100	0	0	3.42901103761e-14	560	1551386904.7	-22	140	-22	140
1	"1"	"1"	1	FALSE	0	90	100	0	0	3.42901103761e-14	560	1551386904.73	-22	141	-22	141
1	"1"	"1"	1	FALSE	0	90	100	0	0	3.42901103761e-14	560	1551386904.76	-22	142	-22	142
1	"1"	"1"	1	FALSE	0	90	100	0	0	3.42901103761e-14	560	1551386904.8	-22	142	-22	142
1	"1"	"1"	1	FALSE	0	90	100	0	0	3.42901103761e-14	560	1551386904.83	-21	143	-21	143
1	"1"	"1"	1	FALSE	0	90	100	0	0	3.42901103761e-14	560	1551386904.86	-21	145	-21	145
1	"1"	"1"	1	FALSE	0	90	100	0	0	3.42901103761e-14	560	1551386904.9	-20	146	-20	146
1	"1"	"1"	1	FALSE	0	90	100	0	0	3.42901103761e-14	560	1551386904.93	-19	148	-19	148
1	"1"	"1"	1	FALSE	0	90	100	0	0	3.42901103761e-14	560	1551386904.96	-18	148	-18	148
1	"1"	"1"	1	FALSE	0	90	100	0	0	3.42901103761e-14	560	1551386905	-18	148	-18	148
1	"1"	"1"	1	FALSE	0	90	100	0	0	3.42901103761e-14	560	1551386905.03	-17	147	-17	147
1	"1"	"1"	1	FALSE	0	90	100	0	0	3.42901103761e-14	560	1551386905.06	-17	146	-17	146
1	"1"	"1"	1	FALSE	0	90	100	0	0	3.42901103761e-14	560	1551386905.1	-16	144	-16	144
1	"1"	"1"	1	FALSE	0	90	100	0	0	3.42901103761e-14	560	1551386905.13	-15	140	-15	140
1	"1"	"1"	1	FALSE	0	90	100	0	0	3.42901103761e-14	560	1551386905.16	-13	140	-13	140
1	"1"	"1"	1	FALSE	0	90	100	0	0	3.42901103761e-14	560	1551386905.2	-12	140	-12	140
1	"1"	"1"	1	FALSE	0	90	100	0	0	3.42901103761e-14	560	1551386905.23	-10	140	-10	140
1	"1"	"1"	1	FALSE	0	90	100	0	0	3.42901103761e-14	560	1551386905.26	-5	141	-5	141
1	"1"	"1"	1	FALSE	0	90	100	0	0	3.42901103761e-14	560	1551386905.3	-4	141	-4	141
1	"1"	"1"	1	FALSE	0	90	100	0	0	3.42901103761e-14	560	1551386905.33	-3	140	-3	140
1	"1"	"1"	1	FALSE	0	90	100	0	0	3.42901103761e-14	560	1551386905.36	-4	140	-4	140
1	"1"	"1"	1	FALSE	0	90	100	0	0	3.42901103761e-14	560	1551386905.4	-4	139	-4	139
1	"1"	"1"	1	FALSE	0	90	100	0	0	3.42901103761e-14	560	1551386905.43	-3	138	-3	138
1	"1"	"1"	1	FALSE	0	90	100	0	0	3.42901103761e-14	560	1551386905.46	-4	134	-4	134
1	"1"	"1"	1	FALSE	0	90	100	0	0	3.42901103761e-14	560	1551386905.5	-4	134	-4	134
1	"1"	"1"	1	FALSE	0	90	100	0	0	3.42901103761e-14	560	1551386905.53	-5	133	-5	133
1	"1"	"1"	1	FALSE	0	90	100	0	0	3.42901103761e-14	560	1551386905.56	-5	135	-5	135
1	"1"	"1"	1	FALSE	0	90	100	0	0	3.42901103761e-14	560	1551386905.6	-5	134	-5	134
1	"1"	"1"	1	FALSE	0	90	100	0	0	3.42901103761e-14	560	1551386905.63	-5	133	-5	133
1	"1"	"1"	1	FALSE	0	90	100	0	0	3.42901103761e-14	560	1551386905.66	-5	133	-5	133
1	"1"	"1"	1	FALSE	0	90	100	0	0	3.42901103761e-14	560	1551386905.7	-5	133	-5	133
1	"1"	"1"	1	FALSE	0	90	100	0	0	3.42901103761e-14	560	1551386905.73	-5	134	-5	134
1	"1"	"1"	1	FALSE	0	90	100	0	0	3.42901103761e-14	560	1551386905.76	-6	134	-6	134
1	"1"	"1"	1	FALSE	0	90	100	0	0	3.42901103761e-14	560	1551386905.8	-6	133	-6	133
1	"1"	"1"	1	FALSE	0	90	100	0	0	3.42901103761e-14	560	1551386905.83	-6	134	-6	134
1	"1"	"1"	1	FALSE	0	90	100	0	0	3.42901103761e-14	560	1551386905.87	-6	134	-6	134
1	"1"	"1"	1	FALSE	0	90	100	0	0	3.42901103761e-14	560	1551386905.9	-6	135	-6	135
1	"1"	"1"	1	FALSE	0	90	100	0	0	3.42901103761e-14	560	1551386905.93	-7	137	-7	137
1	"1"	"1"	1	FALSE	0	90	100	0	0	3.42901103761e-14	560	1551386905.96	-8	138	-8	138
1	"1"	"1"	1	FALSE	0	90	100	0	0	3.42901103761e-14	560	1551386906	-8	139	-8	139
1	"1"	"1"	1	FALSE	0	90	100	0	0	3.42901103761e-14	560	1551386906.03	-9	142	-9	142
1	"1"	"1"	1	FALSE	0	90	100	0	0	3.42901103761e-14	560	1551386906.07	-9	142	-9	142
1	"1"	"1"	1	FALSE	0	90	100	0	0	3.42901103761e-14	560	1551386906.1	-10	145	-10	145
1	"1"	"1"	1	FALSE	0	90	100	0	0	3.42901103761e-14	560	1551386906.13	-10	145	-10	145
1	"1"	"1"	1	FALSE	0	90	100	0	0	3.42901103761e-14	560	1551386906.17	-10	141	-10	141
1	"1"	"1"	1	FALSE	0	90	100	0	0	3.42901103761e-14	560	1551386906.2	-11	128	-11	128
1	"1"	"1"	1	FALSE	0	90	100	0	0	3.42901103761e-14	560	1551386906.23	-13	115	-13	115
1	"1"	"1"	1	FALSE	0	90	100	0	0	3.42901103761e-14	560	1551386906.27	-15	102	-15	102
1	"1"	"1"	1	FALSE	0	90	100	0	0	3.42901103761e-14	560	1551386906.3	-17	90	-17	90
1	"1"	"1"	1	FALSE	0	90	100	0	0	3.42901103761e-14	560	1551386906.33	-19	84	-19	84
1	"1"	"1"	1	FALSE	0	90	100	0	0	3.42901103761e-14	560	1551386906.37	-21	81	-21	81
1	"1"	"1"	1	FALSE	0	90	100	0	0	3.42901103761e-14	560	1551386906.4	-22	81	-22	81
1	"1"	"1"	1	FALSE	0	90	100	0	0	3.42901103761e-14	560	1551386906.43	-24	81	-24	81
1	"1"	"1"	1	FALSE	0	90	100	0	0	3.42901103761e-14	560	1551386906.47	-25	81	-25	81
1	"1"	"1"	1	FALSE	0	90	100	0	0	3.42901103761e-14	560	1551386906.5	-26	81	-26	81
1	"1"	"1"	1	FALSE	0	90	100	0	0	3.42901103761e-14	560	1551386906.53	-28	83	-28	83
1	"1"	"1"	1	FALSE	0	90	100	0	0	3.42901103761e-14	560	1551386906.57	-29	85	-29	85
1	"1"	"1"	1	FALSE	0	90	100	0	0	3.42901103761e-14	560	1551386906.6	-29	87	-29	87
1	"1"	"1"	1	FALSE	0	90	100	0	0	3.42901103761e-14	560	1551386906.63	-29	89	-29	89
1	"1"	"1"	1	FALSE	0	90	100	0	0	3.42901103761e-14	560	1551386906.67	-29	91	-29	91
1	"1"	"1"	1	FALSE	0	90	100	0	0	3.42901103761e-14	560	1551386906.7	-30	92	-30	92
1	"1"	"1"	1	FALSE	0	90	100	0	0	3.42901103761e-14	560	1551386906.73	-30	93	-30	93
1	"1"	"1"	1	FALSE	0	90	100	0	0	3.42901103761e-14	560	1551386906.77	-30	94	-30	94
1	"1"	"1"	1	FALSE	0	90	100	0	0	3.42901103761e-14	560	1551386906.8	-30	94	-30	94
1	"1"	"1"	1	FALSE	0	90	100	0	0	3.42901103761e-14	560	1551386906.83	-29	95	-29	95
1	"1"	"1"	1	FALSE	0	90	100	0	0	3.42901103761e-14	560	1551386906.87	-29	97	-29	97
1	"1"	"1"	1	FALSE	0	90	100	0	0	3.42901103761e-14	560	1551386906.9	-28	99	-28	99
1	"1"	"1"	1	FALSE	0	90	100	0	0	3.42901103761e-14	560	1551386906.93	-27	101	-27	101
1	"1"	"1"	1	FALSE	0	90	100	0	0	3.42901103761e-14	560	1551386906.97	-26	103	-26	103
1	"1"	"1"	1	FALSE	0	90	100	0	0	3.42901103761e-14	560	1551386907	-24	105	-24	105
1	"1"	"1"	1	FALSE	0	90	100	0	0	3.42901103761e-14	560	1551386907.03	-22	105	-22	105
1	"1"	"1"	1	FALSE	0	90	100	0	0	3.42901103761e-14	560	1551386907.07	-20	106	-20	106
1	"1"	"1"	1	FALSE	0	90	100	0	0	3.42901103761e-14	560	1551386907.1	-17	106	-17	106
1	"1"	"1"	1	FALSE	0	90	100	0	0	3.42901103761e-14	560	1551386907.13	-14	106	-14	106
1	"1"	"1"	1	FALSE	0	90	100	0	0	3.42901103761e-14	560	1551386907.17	-12	105	-12	105
1	"1"	"1"	1	FALSE	0	90	100	0	0	3.42901103761e-14	560	1551386907.2	-10	104	-10	104
1	"1"	"1"	1	FALSE	0	90	100	0	0	3.42901103761e-14	560	1551386907.23	-9	103	-9	103
1	"1"	"1"	1	FALSE	0	90	100	0	0	3.42901103761e-14	560	1551386907.27	-8	102	-8	102
1	"1"	"1"	1	FALSE	0	90	100	0	0	3.42901103761e-14	560	1551386907.3	-9	100	-9	100
1	"1"	"1"	1	FALSE	0	90	100	0	0	3.42901103761e-14	560	1551386907.33	-9	99	-9	99
1	"1"	"1"	1	FALSE	0	90	100	0	0	3.42901103761e-14	560	1551386907.37	-9	98	-9	98
1	"1"	"1"	1	FALSE	0	90	100	0	0	3.42901103761e-14	560	1551386907.4	-9	98	-9	98
1	"1"	"1"	1	FALSE	0	90	100	0	0	3.42901103761e-14	560	1551386907.43	-9	95	-9	95
1	"1"	"1"	1	FALSE	0	90	100	0	0	3.42901103761e-14	560	1551386907.47	-9	96	-9	96
1	"1"	"1"	1	FALSE	0	90	100	0	0	3.42901103761e-14	560	1551386907.5	-9	98	-9	98
1	"1"	"1"	1	FALSE	0	90	100	0	0	3.42901103761e-14	560	1551386907.53	-9	96	-9	96
1	"1"	"1"	1	FALSE	0	90	100	0	0	3.42901103761e-14	560	1551386907.57	-8	95	-8	95
1	"1"	"1"	1	FALSE	0	90	100	0	0	3.42901103761e-14	560	1551386907.6	-9	96	-9	96
1	"1"	"1"	1	FALSE	0	90	100	0	0	3.42901103761e-14	560	1551386907.63	-9	95	-9	95
1	"1"	"1"	1	FALSE	0	90	100	0	0	3.42901103761e-14	560	1551386907.67	-10	93	-10	93
1	"1"	"1"	1	FALSE	0	90	100	0	0	3.42901103761e-14	560	1551386907.7	-10	94	-10	94
1	"1"	"1"	1	FALSE	0	90	100	0	0	3.42901103761e-14	560	1551386907.73	-11	92	-11	92
1	"1"	"1"	1	FALSE	0	90	100	0	0	3.42901103761e-14	560	1551386907.77	-12	91	-12	91
1	"1"	"1"	1	FALSE	0	90	100	0	0	3.42901103761e-14	560	1551386907.8	-12	90	-12	90
1	"1"	"1"	1	FALSE	0	90	100	0	0	3.42901103761e-14	560	1551386907.83	-13	90	-13	90
1	"1"	"1"	1	FALSE	0	90	100	0	0	3.42901103761e-14	560	1551386907.87	-14	91	-14	91
1	"1"	"1"	1	FALSE	0	90	100	0	0	3.42901103761e-14	560	1551386907.9	-14	90	-14	90
1	"1"	"1"	1	FALSE	0	90	100	0	0	3.42901103761e-14	560	1551386907.93	-15	90	-15	90
1	"1"	"1"	1	FALSE	0	90	100	0	0	3.42901103761e-14	560	1551386907.97	-16	89	-16	89
1	"1"	"1"	1	FALSE	0	90	100	0	0	3.42901103761e-14	560	1551386908	-17	90	-17	90
1	"1"	"1"	1	FALSE	0	90	100	0	0	3.42901103761e-14	560	1551386908.03	-18	91	-18	91
1	"1"	"1"	1	FALSE	0	90	100	0	0	3.42901103761e-14	560	1551386908.07	-22	95	-22	95
1	"1"	"1"	1	FALSE	0	90	100	0	0	3.42901103761e-14	560	1551386908.1	-23	95	-23	95
1	"1"	"1"	1	FALSE	0	90	100	0	0	3.42901103761e-14	560	1551386908.13	-24	95	-24	95
1	"1"	"1"	1	FALSE	0	90	100	0	0	3.42901103761e-14	560	1551386908.17	-25	96	-25	96
1	"1"	"1"	1	FALSE	0	90	100	0	0	3.42901103761e-14	560	1551386908.2	-25	98	-25	98
1	"1"	"1"	1	FALSE	0	90	100	0	0	3.42901103761e-14	560	1551386908.23	-24	100	-24	100
1	"1"	"1"	1	FALSE	0	90	100	0	0	3.42901103761e-14	560	1551386908.27	-23	102	-23	102
1	"1"	"1"	1	FALSE	0	90	100	0	0	3.42901103761e-14	560	1551386908.3	-23	104	-23	104
1	"1"	"1"	1	FALSE	0	90	100	0	0	3.42901103761e-14	560	1551386908.33	-24	106	-24	106
1	"1"	"1"	1	FALSE	0	90	100	0	0	3.42901103761e-14	560	1551386908.37	-25	106	-25	106
1	"1"	"1"	1	FALSE	0	90	100	0	0	3.42901103761e-14	560	1551386908.4	-26	106	-26	106
1	"1"	"1"	1	FALSE	0	90	100	0	0	3.42901103761e-14	560	1551386908.43	-26	106	-26	106
1	"1"	"1"	1	FALSE	0	90	100	0	0	3.42901103761e-14	560	1551386908.47	-26	106	-26	106
1	"1"	"1"	1	FALSE	0	90	100	0	0	3.42901103761e-14	560	1551386908.5	-27	106	-27	106
1	"1"	"1"	1	FALSE	0	90	100	0	0	3.42901103761e-14	560	1551386908.53	-28	106	-28	106
1	"1"	"1"	1	FALSE	0	90	100	0	0	3.42901103761e-14	560	1551386908.57	-28	107	-28	107
1	"1"	"1"	1	FALSE	0	90	100	0	0	3.42901103761e-14	560	1551386908.6	-28	108	-28	108
1	"1"	"1"	1	FALSE	0	90	100	0	0	3.42901103761e-14	560	1551386908.63	-27	108	-27	108
1	"1"	"1"	1	FALSE	0	90	100	0	0	3.42901103761e-14	560	1551386908.67	-27	108	-27	108
1	"1"	"1"	1	FALSE	0	90	100	0	0	3.42901103761e-14	560	1551386908.7	-27	108	-27	108
1	"1"	"1"	1	FALSE	0	90	100	0	0	3.42901103761e-14	560	1551386908.73	-27	108	-27	108
1	"1"	"1"	1	FALSE	0	90	100	0	0	3.42901103761e-14	560	1551386908.77	-26	108	-26	108
1	"1"	"1"	1	FALSE	0	90	100	0	0	3.42901103761e-14	560	1551386908.8	-26	108	-26	108
1	"1"	"1"	1	FALSE	0	90	100	0	0	3.42901103761e-14	560	1551386908.83	-25	108	-25	108
1	"1"	"1"	1	FALSE	0	90	100	0	0	3.42901103761e-14	560	1551386908.87	-25	107	-25	107
1	"1"	"1"	1	FALSE	0	90	100	0	0	3.42901103761e-14	560	1551386908.9	-24	106	-24	106
1	"1"	"1"	1	FALSE	0	90	100	0	0	3.42901103761e-14	560	1551386908.93	-24	106	-24	106
1	"1"	"1"	1	FALSE	0	90	100	0	0	3.42901103761e-14	560	1551386908.97	-23	105	-23	105
1	"1"	"1"	1	FALSE	0	90	100	0	0	3.42901103761e-14	560	1551386909	-21	104	-21	104
1	"1"	"1"	1	FALSE	0	90	100	0	0	3.42901103761e-14	560	1551386909.03	-20	102	-20	102
1	"1"	"1"	1	FALSE	0	90	100	0	0	3.42901103761e-14	560	1551386909.07	-19	101	-19	101
1	"1"	"1"	1	FALSE	0	90	100	0	0	3.42901103761e-14	560	1551386909.1	-17	100	-17	100
1	"1"	"1"	1	FALSE	0	90	100	0	0	3.42901103761e-14	560	1551386909.13	-15	100	-15	100
1	"1"	"1"	1	FALSE	0	90	100	0	0	3.42901103761e-14	560	1551386909.17	-14	101	-14	101
1	"1"	"1"	1	FALSE	0	90	100	0	0	3.42901103761e-14	560	1551386909.2	-13	102	-13	102
1	"1"	"1"	1	FALSE	0	90	100	0	0	3.42901103761e-14	560	1551386909.23	-11	103	-11	103
1	"1"	"1"	1	FALSE	0	90	100	0	0	3.42901103761e-14	560	1551386909.27	-11	103	-11	103
1	"1"	"1"	1	FALSE	0	90	100	0	0	3.42901103761e-14	560	1551386909.3	-11	105	-11	105
1	"1"	"1"	1	FALSE	0	90	100	0	0	3.42901103761e-14	560	1551386909.33	-11	106	-11	106
1	"1"	"1"	1	FALSE	0	90	100	0	0	3.42901103761e-14	560	1551386909.37	-10	106	-10	106
1	"1"	"1"	1	FALSE	0	90	100	0	0	3.42901103761e-14	560	1551386909.4	-10	106	-10	106
1	"1"	"1"	1	FALSE	0	90	100	0	0	3.42901103761e-14	560	1551386909.43	-10	106	-10	106
1	"1"	"1"	1	FALSE	0	90	100	0	0	3.42901103761e-14	560	1551386909.47	-10	105	-10	105
1	"1"	"1"	1	FALSE	0	90	100	0	0	3.42901103761e-14	560	1551386909.5	-10	105	-10	105
1	"1"	"1"	1	FALSE	0	90	100	0	0	3.42901103761e-14	560	1551386909.53	-10	106	-10	106
1	"1"	"1"	1	FALSE	0	90	100	0	0	3.42901103761e-14	560	1551386909.57	-10	106	-10	106
1	"1"	"1"	1	FALSE	0	90	100	0	0	3.42901103761e-14	560	1551386909.6	-10	106	-10	106
1	"1"	"1"	1	FALSE	0	90	100	0	0	3.42901103761e-14	560	1551386909.63	-10	106	-10	106
1	"1"	"1"	1	FALSE	0	90	100	0	0	3.42901103761e-14	560	1551386909.67	-10	107	-10	107
1	"1"	"1"	1	FALSE	0	90	100	0	0	3.42901103761e-14	560	1551386909.7	-10	107	-10	107
1	"1"	"1"	1	FALSE	0	90	100	0	0	3.42901103761e-14	560	1551386909.73	-10	106	-10	106
1	"1"	"1"	1	FALSE	0	90	100	0	0	3.42901103761e-14	560	1551386909.77	-10	106	-10	106
1	"1"	"1"	1	FALSE	0	90	100	0	0	3.42901103761e-14	560	1551386909.8	-11	105	-11	105
1	"1"	"1"	1	FALSE	0	90	100	0	0	3.42901103761e-14	560	1551386909.83	-12	103	-12	103
1	"1"	"1"	1	FALSE	0	90	100	0	0	3.42901103761e-14	560	1551386909.87	-13	103	-13	103
1	"1"	"1"	1	FALSE	0	90	100	0	0	3.42901103761e-14	560	1551386909.9	-13	102	-13	102
1	"1"	"1"	1	FALSE	0	90	100	0	0	3.42901103761e-14	560	1551386909.93	-13	102	-13	102
1	"1"	"1"	1	FALSE	0	90	100	0	0	3.42901103761e-14	560	1551386909.97	-14	102	-14	102
1	"1"	"1"	1	FALSE	0	90	100	0	0	3.42901103761e-14	560	1551386910	-14	102	-14	102
1	"1"	"1"	1	FALSE	0	90	100	0	0	3.42901103761e-14	560	1551386910.03	-15	102	-15	102
1	"1"	"1"	1	FALSE	0	90	100	0	0	3.42901103761e-14	560	1551386910.07	-16	101	-16	101
1	"1"	"1"	1	FALSE	0	90	100	0	0	3.42901103761e-14	560	1551386910.1	-17	101	-17	101
1	"1"	"1"	1	FALSE	0	90	100	0	0	3.42901103761e-14	560	1551386910.13	-18	101	-18	101
1	"1"	"1"	1	FALSE	0	90	100	0	0	3.42901103761e-14	560	1551386910.17	-19	102	-19	102
1	"1"	"1"	1	FALSE	0	90	100	0	0	3.42901103761e-14	560	1551386910.2	-20	104	-20	104
1	"1"	"1"	1	FALSE	0	90	100	0	0	3.42901103761e-14	560	1551386910.24	-21	110	-21	110
1	"1"	"1"	1	FALSE	0	90	100	0	0	3.42901103761e-14	560	1551386910.27	-22	111	-22	111
1	"1"	"1"	1	FALSE	0	90	100	0	0	3.42901103761e-14	560	1551386910.3	-22	112	-22	112
1	"1"	"1"	1	FALSE	0	90	100	0	0	3.42901103761e-14	560	1551386910.34	-22	112	-22	112
1	"1"	"1"	1	FALSE	0	90	100	0	0	3.42901103761e-14	560	1551386910.37	-23	112	-23	112
1	"1"	"1"	1	FALSE	0	90	100	0	0	3.42901103761e-14	560	1551386910.4	-23	112	-23	112
1	"1"	"1"	1	FALSE	0	90	100	0	0	3.42901103761e-14	560	1551386910.44	-23	113	-23	113
1	"1"	"1"	1	FALSE	0	90	100	0	0	3.42901103761e-14	560	1551386910.47	-23	113	-23	113
1	"1"	"1"	1	FALSE	0	90	100	0	0	3.42901103761e-14	560	1551386910.5	-23	113	-23	113
1	"1"	"1"	1	FALSE	0	90	100	0	0	3.42901103761e-14	560	1551386910.54	-24	113	-24	113
1	"1"	"1"	1	FALSE	0	90	100	0	0	3.42901103761e-14	560	1551386910.57	-25	114	-25	114
1	"1"	"1"	1	FALSE	0	90	100	0	0	3.42901103761e-14	560	1551386910.6	-25	115	-25	115
1	"1"	"1"	1	FALSE	0	90	100	0	0	3.42901103761e-14	560	1551386910.64	-26	116	-26	116
1	"1"	"1"	1	FALSE	0	90	100	0	0	3.42901103761e-14	560	1551386910.67	-27	118	-27	118
1	"1"	"1"	1	FALSE	0	90	100	0	0	3.42901103761e-14	560	1551386910.7	-27	119	-27	119
1	"1"	"1"	1	FALSE	0	90	100	0	0	3.42901103761e-14	560	1551386910.74	-28	120	-28	120
1	"1"	"1"	1	FALSE	0	90	100	0	0	3.42901103761e-14	560	1551386910.77	-29	120	-29	120
1	"1"	"1"	1	FALSE	0	90	100	0	0	3.42901103761e-14	560	1551386910.8	-29	120	-29	120
1	"1"	"1"	1	FALSE	0	90	100	0	0	3.42901103761e-14	560	1551386910.84	-30	121	-30	121
1	"1"	"1"	1	FALSE	0	90	100	0	0	3.42901103761e-14	560	1551386910.87	-29	120	-29	120
1	"1"	"1"	1	FALSE	0	90	100	0	0	3.42901103761e-14	560	1551386910.9	-29	120	-29	120
1	"1"	"1"	1	FALSE	0	90	100	0	0	3.42901103761e-14	560	1551386910.94	-28	119	-28	119
1	"1"	"1"	1	FALSE	0	90	100	0	0	3.42901103761e-14	560	1551386910.97	-27	119	-27	119
1	"1"	"1"	1	FALSE	0	90	100	0	0	3.42901103761e-14	560	1551386911	-25	119	-25	119
1	"1"	"1"	1	FALSE	0	90	100	0	0	3.42901103761e-14	560	1551386911.04	-22	119	-22	119
1	"1"	"1"	1	FALSE	0	90	100	0	0	3.42901103761e-14	560	1551386911.07	-19	118	-19	118
1	"1"	"1"	1	FALSE	0	90	100	0	0	3.42901103761e-14	560	1551386911.1	-17	117	-17	117
1	"1"	"1"	1	FALSE	0	90	100	0	0	3.42901103761e-14	560	1551386911.14	-15	116	-15	116
1	"1"	"1"	1	FALSE	0	90	100	0	0	3.42901103761e-14	560	1551386911.17	-13	116	-13	116
1	"1"	"1"	1	FALSE	0	90	100	0	0	3.42901103761e-14	560	1551386911.2	-11	116	-11	116
1	"1"	"1"	1	FALSE	0	90	100	0	0	3.42901103761e-14	560	1551386911.24	-11	117	-11	117
1	"1"	"1"	1	FALSE	0	90	100	0	0	3.42901103761e-14	560	1551386911.27	-11	117	-11	117
1	"1"	"1"	1	FALSE	0	90	100	0	0	3.42901103761e-14	560	1551386911.3	-11	117	-11	117
1	"1"	"1"	1	FALSE	0	90	100	0	0	3.42901103761e-14	560	1551386911.34	-12	114	-12	114
1	"1"	"1"	1	FALSE	0	90	100	0	0	3.42901103761e-14	560	1551386911.37	-12	112	-12	112
1	"1"	"1"	1	FALSE	0	90	100	0	0	3.42901103761e-14	560	1551386911.4	-13	112	-13	112
1	"1"	"1"	1	FALSE	0	90	100	0	0	3.42901103761e-14	560	1551386911.44	-13	113	-13	113
1	"1"	"1"	1	FALSE	0	90	100	0	0	3.42901103761e-14	560	1551386911.47	-12	113	-12	113
1	"1"	"1"	1	FALSE	0	90	100	0	0	3.42901103761e-14	560	1551386911.5	-11	112	-11	112
1	"1"	"1"	1	FALSE	0	90	100	0	0	3.42901103761e-14	560	1551386911.54	-10	111	-10	111
1	"1"	"1"	1	FALSE	0	90	100	0	0	3.42901103761e-14	560	1551386911.57	-9	111	-9	111
1	"1"	"1"	1	FALSE	0	90	100	0	0	3.42901103761e-14	560	1551386911.6	-9	111	-9	111
1	"1"	"1"	1	FALSE	0	90	100	0	0	3.42901103761e-14	560	1551386911.64	-9	110	-9	110
1	"1"	"1"	1	FALSE	0	90	100	0	0	3.42901103761e-14	560	1551386911.67	-9	109	-9	109
1	"1"	"1"	1	FALSE	0	90	100	0	0	3.42901103761e-14	560	1551386911.7	-10	108	-10	108
1	"1"	"1"	1	FALSE	0	90	100	0	0	3.42901103761e-14	560	1551386911.74	-11	108	-11	108
1	"1"	"1"	1	FALSE	0	90	100	0	0	3.42901103761e-14	560	1551386911.77	-12	106	-12	106
1	"1"	"1"	1	FALSE	0	90	100	0	0	3.42901103761e-14	560	1551386911.8	-12	105	-12	105
1	"1"	"1"	1	FALSE	0	90	100	0	0	3.42901103761e-14	560	1551386911.84	-12	105	-12	105
1	"1"	"1"	1	FALSE	0	90	100	0	0	3.42901103761e-14	560	1551386911.87	-12	105	-12	105
1	"1"	"1"	1	FALSE	0	90	100	0	0	3.42901103761e-14	560	1551386911.9	-13	104	-13	104
1	"1"	"1"	1	FALSE	0	90	100	0	0	3.42901103761e-14	560	1551386911.94	-14	104	-14	104
1	"1"	"1"	1	FALSE	0	90	100	0	0	3.42901103761e-14	560	1551386911.97	-15	103	-15	103
1	"1"	"1"	1	FALSE	0	90	100	0	0	3.42901103761e-14	560	1551386912	-17	104	-17	104
1	"1"	"1"	1	FALSE	0	90	100	0	0	3.42901103761e-14	560	1551386912.04	-19	104	-19	104
1	"1"	"1"	1	FALSE	0	90	100	0	0	3.42901103761e-14	560	1551386912.07	-21	107	-21	107
1	"1"	"1"	1	FALSE	0	90	100	0	0	3.42901103761e-14	560	1551386912.1	-24	111	-24	111
1	"1"	"1"	1	FALSE	0	90	100	0	0	3.42901103761e-14	560	1551386912.14	-27	114	-27	114
1	"1"	"1"	1	FALSE	0	90	100	0	0	3.42901103761e-14	560	1551386912.17	-29	116	-29	116
1	"1"	"1"	1	FALSE	0	90	100	0	0	3.42901103761e-14	560	1551386912.2	-30	117	-30	117
1	"1"	"1"	1	FALSE	0	90	100	0	0	3.42901103761e-14	560	1551386912.24	-30	117	-30	117
1	"1"	"1"	1	FALSE	0	90	100	0	0	3.42901103761e-14	560	1551386912.27	-30	117	-30	117
1	"1"	"1"	1	FALSE	0	90	100	0	0	3.42901103761e-14	560	1551386912.3	-30	117	-30	117
1	"1"	"1"	1	FALSE	0	90	100	0	0	3.42901103761e-14	560	1551386912.34	-31	117	-31	117
1	"1"	"1"	1	FALSE	0	90	100	0	0	3.42901103761e-14	560	1551386912.37	-31	117	-31	117
1	"1"	"1"	1	FALSE	0	90	100	0	0	3.42901103761e-14	560	1551386912.4	-31	117	-31	117
1	"1"	"1"	1	FALSE	0	90	100	0	0	3.42901103761e-14	560	1551386912.44	-32	117	-32	117
1	"1"	"1"	1	FALSE	0	90	100	0	0	3.42901103761e-14	560	1551386912.47	-32	116	-32	116
1	"1"	"1"	1	FALSE	0	90	100	0	0	3.42901103761e-14	560	1551386912.5	-32	116	-32	116
1	"1"	"1"	1	FALSE	0	90	100	0	0	3.42901103761e-14	560	1551386912.54	-32	116	-32	116
1	"1"	"1"	1	FALSE	0	90	100	0	0	3.42901103761e-14	560	1551386912.57	-32	116	-32	116
1	"1"	"1"	1	FALSE	0	90	100	0	0	3.42901103761e-14	560	1551386912.6	-31	117	-31	117
1	"1"	"1"	1	FALSE	0	90	100	0	0	3.42901103761e-14	560	1551386912.64	-31	117	-31	117
1	"1"	"1"	1	FALSE	0	90	100	0	0	3.42901103761e-14	560	1551386912.67	-30	117	-30	117
1	"1"	"1"	1	FALSE	0	90	100	0	0	3.42901103761e-14	560	1551386912.7	-29	117	-29	117
1	"1"	"1"	1	FALSE	0	90	100	0	0	3.42901103761e-14	560	1551386912.74	-28	117	-28	117
1	"1"	"1"	1	FALSE	0	90	100	0	0	3.42901103761e-14	560	1551386912.77	-27	118	-27	118
1	"1"	"1"	1	FALSE	0	90	100	0	0	3.42901103761e-14	560	1551386912.8	-25	118	-25	118
1	"1"	"1"	1	FALSE	0	90	100	0	0	3.42901103761e-14	560	1551386912.84	-24	119	-24	119
1	"1"	"1"	1	FALSE	0	90	100	0	0	3.42901103761e-14	560	1551386912.87	-22	120	-22	120
1	"1"	"1"	1	FALSE	0	90	100	0	0	3.42901103761e-14	560	1551386912.9	-21	120	-21	120
1	"1"	"1"	1	FALSE	0	90	100	0	0	3.42901103761e-14	560	1551386912.94	-20	120	-20	120
1	"1"	"1"	1	FALSE	0	90	100	0	0	3.42901103761e-14	560	1551386912.97	-19	119	-19	119
1	"1"	"1"	1	FALSE	0	90	100	0	0	3.42901103761e-14	560	1551386913	-18	119	-18	119
1	"1"	"1"	1	FALSE	0	90	100	0	0	3.42901103761e-14	560	1551386913.04	-18	118	-18	118
1	"1"	"1"	1	FALSE	0	90	100	0	0	3.42901103761e-14	560	1551386913.07	-17	118	-17	118
1	"1"	"1"	1	FALSE	0	90	100	0	0	3.42901103761e-14	560	1551386913.1	-16	117	-16	117
1	"1"	"1"	1	FALSE	0	90	100	0	0	3.42901103761e-14	560	1551386913.14	-15	116	-15	116
1	"1"	"1"	1	FALSE	0	90	100	0	0	3.42901103761e-14	560	1551386913.17	-15	116	-15	116
1	"1"	"1"	1	FALSE	0	90	100	0	0	3.42901103761e-14	560	1551386913.2	-15	116	-15	116
1	"1"	"1"	1	FALSE	0	90	100	0	0	3.42901103761e-14	560	1551386913.24	-14	116	-14	116
1	"1"	"1"	1	FALSE	0	90	100	0	0	3.42901103761e-14	560	1551386913.27	-13	116	-13	116
1	"1"	"1"	1	FALSE	0	90	100	0	0	3.42901103761e-14	560	1551386913.3	-13	116	-13	116
1	"1"	"1"	1	FALSE	0	90	100	0	0	3.42901103761e-14	560	1551386913.34	-12	116	-12	116
1	"1"	"1"	1	FALSE	0	90	100	0	0	3.42901103761e-14	560	1551386913.37	-11	116	-11	116
1	"1"	"1"	1	FALSE	0	90	100	0	0	3.42901103761e-14	560	1551386913.4	-11	115	-11	115
1	"1"	"1"	1	FALSE	0	90	100	0	0	3.42901103761e-14	560	1551386913.44	-11	114	-11	114
1	"1"	"1"	1	FALSE	0	90	100	0	0	3.42901103761e-14	560	1551386913.47	-11	113	-11	113
1	"1"	"1"	1	FALSE	0	90	100	0	0	3.42901103761e-14	560	1551386913.5	-12	112	-12	112
1	"1"	"1"	1	FALSE	0	90	100	0	0	3.42901103761e-14	560	1551386913.54	-12	112	-12	112
1	"1"	"1"	1	FALSE	0	90	100	0	0	3.42901103761e-14	560	1551386913.57	-13	111	-13	111
1	"1"	"1"	1	FALSE	0	90	100	0	0	3.42901103761e-14	560	1551386913.6	-13	110	-13	110
1	"1"	"1"	1	FALSE	0	90	100	0	0	3.42901103761e-14	560	1551386913.64	-14	109	-14	109
1	"1"	"1"	1	FALSE	0	90	100	0	0	3.42901103761e-14	560	1551386913.67	-15	108	-15	108
1	"1"	"1"	1	FALSE	0	90	100	0	0	3.42901103761e-14	560	1551386913.7	-15	107	-15	107
1	"1"	"1"	1	FALSE	0	90	100	0	0	3.42901103761e-14	560	1551386913.74	-15	107	-15	107
1	"1"	"1"	1	FALSE	0	90	100	0	0	3.42901103761e-14	560	1551386913.77	-15	107	-15	107
1	"1"	"1"	1	FALSE	0	90	100	0	0	3.42901103761e-14	560	1551386913.8	-14	107	-14	107
1	"1"	"1"	1	FALSE	0	90	100	0	0	3.42901103761e-14	560	1551386913.84	-14	108	-14	108
1	"1"	"1"	1	FALSE	0	90	100	0	0	3.42901103761e-14	560	1551386913.87	-13	110	-13	110
1	"1"	"1"	1	FALSE	0	90	100	0	0	3.42901103761e-14	560	1551386913.9	-12	112	-12	112
1	"1"	"1"	1	FALSE	0	90	100	0	0	3.42901103761e-14	560	1551386913.94	-11	125	-11	125
1	"1"	"1"	1	FALSE	0	90	100	0	0	3.42901103761e-14	560	1551386913.97	-11	141	-11	141
1	"1"	"1"	1	FALSE	0	90	100	0	0	3.42901103761e-14	560	1551386914	-7	152	-7	152
1	"1"	"1"	1	FALSE	0	90	100	0	0	3.42901103761e-14	560	1551386914.04	-5	161	-5	161
1	"1"	"1"	1	FALSE	0	90	100	0	0	3.42901103761e-14	560	1551386914.07	3	203	3	203
1	"1"	"1"	1	FALSE	0	90	100	0	0	3.42901103761e-14	560	1551386914.1	10	234	10	234
1	"1"	"1"	1	FALSE	0	90	100	0	0	3.42901103761e-14	560	1551386914.14	13	252	13	252
1	"1"	"1"	1	FALSE	0	90	100	0	0	3.42901103761e-14	560	1551386914.17	13	252	13	252
1	"1"	"1"	1	FALSE	0	90	100	0	0	3.42901103761e-14	560	1551386914.2	13	252	13	252
1	"1"	"1"	1	FALSE	0	90	100	0	0	3.42901103761e-14	560	1551386914.24	13	252	13	252
1	"1"	"1"	1	FALSE	0	90	100	0	0	3.42901103761e-14	560	1551386914.27	13	252	13	252
1	"1"	"1"	1	FALSE	0	90	100	0	0	3.42901103761e-14	560	1551386914.3	13	252	13	252
1	"1"	"1"	1	FALSE	0	90	100	0	0	3.42901103761e-14	560	1551386914.34	13	252	13	252
1	"1"	"1"	1	FALSE	0	90	100	0	0	3.42901103761e-14	560	1551386914.37	13	252	13	252
1	"1"	"1"	1	FALSE	0	90	100	0	0	3.42901103761e-14	560	1551386914.4	13	252	13	252
1	"1"	"1"	1	FALSE	0	90	100	0	0	3.42901103761e-14	560	1551386914.44	13	252	13	252
1	"1"	"1"	1	FALSE	0	90	100	0	0	3.42901103761e-14	560	1551386914.47	13	252	13	252
1	"1"	"1"	1	FALSE	0	90	100	0	0	3.42901103761e-14	560	1551386914.5	-5	619	-5	619
1	"1"	"1"	1	FALSE	0	90	100	0	0	3.42901103761e-14	560	1551386914.54	-6	630	-6	630
1	"1"	"1"	1	FALSE	0	90	100	0	0	3.42901103761e-14	560	1551386914.57	-6	640	-6	640
1	"1"	"1"	1	FALSE	0	90	100	0	0	3.42901103761e-14	560	1551386914.61	-3	644	-3	644
1	"1"	"1"	1	FALSE	0	90	100	0	0	3.42901103761e-14	560	1551386914.64	1	649	1	649
1	"1"	"1"	1	FALSE	0	90	100	0	0	3.42901103761e-14	560	1551386914.67	6	655	6	655
1	"1"	"1"	1	FALSE	0	90	100	0	0	3.42901103761e-14	560	1551386914.7	9	657	9	657
1	"1"	"1"	1	FALSE	0	90	100	0	0	3.42901103761e-14	560	1551386914.74	9	657	9	657
1	"1"	"1"	1	FALSE	0	90	100	0	0	3.42901103761e-14	560	1551386914.77	9	657	9	657
1	"1"	"1"	1	FALSE	0	90	100	0	0	3.42901103761e-14	560	1551386914.81	9	657	9	657
1	"1"	"1"	1	FALSE	0	90	100	0	0	3.42901103761e-14	560	1551386914.84	9	657	9	657
1	"1"	"1"	1	FALSE	0	90	100	0	0	3.42901103761e-14	560	1551386914.87	9	657	9	657
1	"1"	"1"	1	FALSE	0	90	100	0	0	3.42901103761e-14	560	1551386914.91	9	657	9	657
1	"1"	"1"	1	FALSE	0	90	100	0	0	3.42901103761e-14	560	1551386914.94	7	648	7	648
1	"1"	"1"	1	FALSE	0	90	100	0	0	3.42901103761e-14	560	1551386914.97	1	649	1	649
1	"1"	"1"	1	FALSE	0	90	100	0	0	3.42901103761e-14	560	1551386915.01	-6	649	-6	649
1	"1"	"1"	1	FALSE	0	90	100	0	0	3.42901103761e-14	560	1551386915.04	-12	643	-12	643
1	"1"	"1"	1	FALSE	0	90	100	0	0	3.42901103761e-14	560	1551386915.07	-15	638	-15	638
1	"1"	"1"	1	FALSE	0	90	100	0	0	3.42901103761e-14	560	1551386915.11	-16	635	-16	635
1	"1"	"1"	1	FALSE	0	90	100	0	0	3.42901103761e-14	560	1551386915.14	-18	631	-18	631
1	"1"	"1"	1	FALSE	0	90	100	0	0	3.42901103761e-14	560	1551386915.17	-20	624	-20	624
1	"1"	"1"	1	FALSE	0	90	100	0	0	3.42901103761e-14	560	1551386915.21	-21	620	-21	620
1	"1"	"1"	1	FALSE	0	90	100	0	0	3.42901103761e-14	560	1551386915.24	-21	618	-21	618
1	"1"	"1"	1	FALSE	0	90	100	0	0	3.42901103761e-14	560	1551386915.27	-21	616	-21	616
1	"1"	"1"	1	FALSE	0	90	100	0	0	3.42901103761e-14	560	1551386915.31	-20	613	-20	613
1	"1"	"1"	1	FALSE	0	90	100	0	0	3.42901103761e-14	560	1551386915.34	-18	609	-18	609
1	"1"	"1"	1	FALSE	0	90	100	0	0	3.42901103761e-14	560	1551386915.37	-11	604	-11	604
1	"1"	"1"	1	FALSE	0	90	100	0	0	3.42901103761e-14	560	1551386915.41	-9	604	-9	604
1	"1"	"1"	1	FALSE	0	90	100	0	0	3.42901103761e-14	560	1551386915.44	-11	604	-11	604
1	"1"	"1"	1	FALSE	0	90	100	0	0	3.42901103761e-14	560	1551386915.47	-11	605	-11	605
1	"1"	"1"	1	FALSE	0	90	100	0	0	3.42901103761e-14	560	1551386915.51	-11	605	-11	605
1	"1"	"1"	1	FALSE	0	90	100	0	0	3.42901103761e-14	560	1551386915.54	-11	605	-11	605
1	"1"	"1"	1	FALSE	0	90	100	0	0	3.42901103761e-14	560	1551386915.57	-11	605	-11	605
1	"1"	"1"	1	FALSE	0	90	100	0	0	3.42901103761e-14	560	1551386915.61	-11	605	-11	605
1	"1"	"1"	1	FALSE	0	90	100	0	0	3.42901103761e-14	560	1551386915.64	-11	605	-11	605
1	"1"	"1"	1	FALSE	0	90	100	0	0	3.42901103761e-14	560	1551386915.67	-12	606	-12	606
1	"1"	"1"	1	FALSE	0	90	100	0	0	3.42901103761e-14	560	1551386915.71	-12	606	-12	606
1	"1"	"1"	1	FALSE	0	90	100	0	0	3.42901103761e-14	560	1551386915.74	-12	606	-12	606
1	"1"	"1"	1	FALSE	0	90	100	0	0	3.42901103761e-14	560	1551386915.77	-12	606	-12	606
1	"1"	"1"	1	FALSE	0	90	100	0	0	3.42901103761e-14	560	1551386915.81	-12	607	-12	607
1	"1"	"1"	1	FALSE	0	90	100	0	0	3.42901103761e-14	560	1551386915.84	-12	607	-12	607
1	"1"	"1"	1	FALSE	0	90	100	0	0	3.42901103761e-14	560	1551386915.87	-12	607	-12	607
1	"1"	"1"	1	FALSE	0	90	100	0	0	3.42901103761e-14	560	1551386915.91	-12	607	-12	607
1	"1"	"1"	1	FALSE	0	90	100	0	0	3.42901103761e-14	560	1551386915.94	-11	604	-11	604
1	"1"	"1"	1	FALSE	0	90	100	0	0	3.42901103761e-14	560	1551386915.97	-9	575	-9	575
1	"1"	"1"	1	FALSE	0	90	100	0	0	3.42901103761e-14	560	1551386916.01	-8	546	-8	546
1	"1"	"1"	1	FALSE	0	90	100	0	0	3.42901103761e-14	560	1551386916.04	-8	521	-8	521
1	"1"	"1"	1	FALSE	0	90	100	0	0	3.42901103761e-14	560	1551386916.07	-15	490	-15	490
1	"1"	"1"	1	FALSE	0	90	100	0	0	3.42901103761e-14	560	1551386916.11	-22	465	-22	465
1	"1"	"1"	1	FALSE	0	90	100	0	0	3.42901103761e-14	560	1551386916.14	-26	436	-26	436
1	"1"	"1"	1	FALSE	0	90	100	0	0	3.42901103761e-14	560	1551386916.17	-32	426	-32	426
1	"1"	"1"	1	FALSE	0	90	100	0	0	3.42901103761e-14	560	1551386916.21	-39	428	-39	428
1	"1"	"1"	1	FALSE	0	90	100	0	0	3.42901103761e-14	560	1551386916.24	-36	424	-36	424
1	"1"	"1"	1	FALSE	0	90	100	0	0	3.42901103761e-14	560	1551386916.27	-35	422	-35	422
1	"1"	"1"	1	FALSE	0	90	100	0	0	3.42901103761e-14	560	1551386916.31	-35	422	-35	422
1	"1"	"1"	1	FALSE	0	90	100	0	0	3.42901103761e-14	560	1551386916.34	-35	422	-35	422
1	"1"	"1"	1	FALSE	0	90	100	0	0	3.42901103761e-14	560	1551386916.37	-35	422	-35	422
1	"1"	"1"	1	FALSE	0	90	100	0	0	3.42901103761e-14	560	1551386916.41	-35	422	-35	422
1	"1"	"1"	1	FALSE	0	90	100	0	0	3.42901103761e-14	560	1551386916.44	-38	421	-38	421
1	"1"	"1"	1	FALSE	0	90	100	0	0	3.42901103761e-14	560	1551386916.47	-38	421	-38	421
1	"1"	"1"	1	FALSE	0	90	100	0	0	3.42901103761e-14	560	1551386916.51	-38	421	-38	421
1	"1"	"1"	1	FALSE	0	90	100	0	0	3.42901103761e-14	560	1551386916.54	-38	421	-38	421
1	"1"	"1"	1	FALSE	0	90	100	0	0	3.42901103761e-14	560	1551386916.57	-38	421	-38	421
1	"1"	"1"	1	FALSE	0	90	100	0	0	3.42901103761e-14	560	1551386916.61	-38	421	-38	421
1	"1"	"1"	1	FALSE	0	90	100	0	0	3.42901103761e-14	560	1551386916.64	-38	421	-38	421
1	"1"	"1"	1	FALSE	0	90	100	0	0	3.42901103761e-14	560	1551386916.67	-38	420	-38	420
1	"1"	"1"	1	FALSE	0	90	100	0	0	3.42901103761e-14	560	1551386916.71	-38	420	-38	420
1	"1"	"1"	1	FALSE	0	90	100	0	0	3.42901103761e-14	560	1551386916.74	-39	420	-39	420
1	"1"	"1"	1	FALSE	0	90	100	0	0	3.42901103761e-14	560	1551386916.77	-40	421	-40	421
1	"1"	"1"	1	FALSE	0	90	100	0	0	3.42901103761e-14	560	1551386916.81	-40	420	-40	420
1	"1"	"1"	1	FALSE	0	90	100	0	0	3.42901103761e-14	560	1551386916.84	-40	420	-40	420
1	"1"	"1"	1	FALSE	0	90	100	0	0	3.42901103761e-14	560	1551386916.87	-39	420	-39	420
1	"1"	"1"	1	FALSE	0	90	100	0	0	3.42901103761e-14	560	1551386916.91	-39	420	-39	420
1	"1"	"1"	1	FALSE	0	90	100	0	0	3.42901103761e-14	560	1551386916.94	-39	420	-39	420
1	"1"	"1"	1	FALSE	0	90	100	0	0	3.42901103761e-14	560	1551386916.97	-39	420	-39	420
1	"1"	"1"	1	FALSE	0	90	100	0	0	3.42901103761e-14	560	1551386917.01	-39	421	-39	421
1	"1"	"1"	1	FALSE	0	90	100	0	0	3.42901103761e-14	560	1551386917.04	-43	426	-43	426
1	"1"	"1"	1	FALSE	0	90	100	0	0	3.42901103761e-14	560	1551386917.07	-48	432	-48	432
1	"1"	"1"	1	FALSE	0	90	100	0	0	3.42901103761e-14	560	1551386917.11	-51	433	-51	433
1	"1"	"1"	1	FALSE	0	90	100	0	0	3.42901103761e-14	560	1551386917.14	-53	433	-53	433
1	"1"	"1"	1	FALSE	0	90	100	0	0	3.42901103761e-14	560	1551386917.17	-53	433	-53	433
1	"1"	"1"	1	FALSE	0	90	100	0	0	3.42901103761e-14	560	1551386917.21	-50	436	-50	436
1	"1"	"1"	1	FALSE	0	90	100	0	0	3.42901103761e-14	560	1551386917.24	-45	443	-45	443
1	"1"	"1"	1	FALSE	0	90	100	0	0	3.42901103761e-14	560	1551386917.27	-40	453	-40	453
1	"1"	"1"	1	FALSE	0	90	100	0	0	3.42901103761e-14	560	1551386917.31	-35	468	-35	468
1	"1"	"1"	1	FALSE	0	90	100	0	0	3.42901103761e-14	560	1551386917.34	-23	486	-23	486
1	"1"	"1"	1	FALSE	0	90	100	0	0	3.42901103761e-14	560	1551386917.37	-13	492	-13	492
1	"1"	"1"	1	FALSE	0	90	100	0	0	3.42901103761e-14	560	1551386917.41	-11	494	-11	494
1	"1"	"1"	1	FALSE	0	90	100	0	0	3.42901103761e-14	560	1551386917.44	-8	497	-8	497
1	"1"	"1"	1	FALSE	0	90	100	0	0	3.42901103761e-14	560	1551386917.47	-6	500	-6	500
1	"1"	"1"	1	FALSE	0	90	100	0	0	3.42901103761e-14	560	1551386917.51	-5	508	-5	508
1	"1"	"1"	1	FALSE	0	90	100	0	0	3.42901103761e-14	560	1551386917.54	-1	520	-1	520
1	"1"	"1"	1	FALSE	0	90	100	0	0	3.42901103761e-14	560	1551386917.57	2	531	2	531
1	"1"	"1"	1	FALSE	0	90	100	0	0	3.42901103761e-14	560	1551386917.61	3	540	3	540
1	"1"	"1"	1	FALSE	0	90	100	0	0	3.42901103761e-14	560	1551386917.64	3	550	3	550
1	"1"	"1"	1	FALSE	0	90	100	0	0	3.42901103761e-14	560	1551386917.67	1	558	1	558
1	"1"	"1"	1	FALSE	0	90	100	0	0	3.42901103761e-14	560	1551386917.71	-1	565	-1	565
1	"1"	"1"	1	FALSE	0	90	100	0	0	3.42901103761e-14	560	1551386917.74	-2	568	-2	568
1	"1"	"1"	1	FALSE	0	90	100	0	0	3.42901103761e-14	560	1551386917.77	-3	571	-3	571
1	"1"	"1"	1	FALSE	0	90	100	0	0	3.42901103761e-14	560	1551386917.81	-3	573	-3	573
1	"1"	"1"	2	FALSE	0	45	100	0	0	395.979797464	395.979797464	1551386919.99	3	0	3	0
1	"1"	"1"	2	FALSE	0	45	100	0	0	395.979797464	395.979797464	1551386920.01	3	0	3	0
1	"1"	"1"	2	FALSE	0	45	100	0	0	395.979797464	395.979797464	1551386920.04	3	-1	3	-1
1	"1"	"1"	2	FALSE	0	45	100	0	0	395.979797464	395.979797464	1551386920.08	3	-1	3	-1
1	"1"	"1"	2	FALSE	0	45	100	0	0	395.979797464	395.979797464	1551386920.11	3	-1	3	-1
1	"1"	"1"	2	FALSE	0	45	100	0	0	395.979797464	395.979797464	1551386920.14	3	-1	3	-1
1	"1"	"1"	2	FALSE	0	45	100	0	0	395.979797464	395.979797464	1551386920.18	3	-1	3	-1
1	"1"	"1"	2	FALSE	0	45	100	0	0	395.979797464	395.979797464	1551386920.21	3	-1	3	-1
1	"1"	"1"	2	FALSE	0	45	100	0	0	395.979797464	395.979797464	1551386920.24	3	-1	3	-1
1	"1"	"1"	2	FALSE	0	45	100	0	0	395.979797464	395.979797464	1551386920.28	3	-1	3	-1
1	"1"	"1"	2	FALSE	0	45	100	0	0	395.979797464	395.979797464	1551386920.31	3	-1	3	-1
1	"1"	"1"	2	FALSE	0	45	100	0	0	395.979797464	395.979797464	1551386920.34	3	-1	3	-1
1	"1"	"1"	2	FALSE	0	45	100	0	0	395.979797464	395.979797464	1551386920.38	3	-1	3	-1
1	"1"	"1"	2	FALSE	0	45	100	0	0	395.979797464	395.979797464	1551386920.41	4	0	4	0
1	"1"	"1"	2	FALSE	0	45	100	0	0	395.979797464	395.979797464	1551386920.44	3	1	3	1
1	"1"	"1"	2	FALSE	0	45	100	0	0	395.979797464	395.979797464	1551386920.48	3	3	3	3
1	"1"	"1"	2	FALSE	0	45	100	0	0	395.979797464	395.979797464	1551386920.51	4	4	4	4
1	"1"	"1"	2	FALSE	0	45	100	0	0	395.979797464	395.979797464	1551386920.54	6	6	6	6
1	"1"	"1"	2	FALSE	0	45	100	0	0	395.979797464	395.979797464	1551386920.58	8	8	8	8
1	"1"	"1"	2	FALSE	0	45	100	0	0	395.979797464	395.979797464	1551386920.61	10	11	10	11
1	"1"	"1"	2	FALSE	0	45	100	0	0	395.979797464	395.979797464	1551386920.64	14	17	14	17
1	"1"	"1"	2	FALSE	0	45	100	0	0	395.979797464	395.979797464	1551386920.68	25	31	25	31
1	"1"	"1"	2	FALSE	0	45	100	0	0	395.979797464	395.979797464	1551386920.71	43	55	43	55
1	"1"	"1"	2	FALSE	0	45	100	0	0	395.979797464	395.979797464	1551386920.74	58	78	58	78
1	"1"	"1"	2	FALSE	0	45	100	0	0	395.979797464	395.979797464	1551386920.78	81	108	81	108
1	"1"	"1"	2	FALSE	0	45	100	0	0	395.979797464	395.979797464	1551386920.81	104	139	104	139
1	"1"	"1"	2	FALSE	0	45	100	0	0	395.979797464	395.979797464	1551386920.84	122	165	122	165
1	"1"	"1"	2	FALSE	0	45	100	0	0	395.979797464	395.979797464	1551386920.88	146	198	146	198
1	"1"	"1"	2	FALSE	0	45	100	0	0	395.979797464	395.979797464	1551386920.91	164	222	164	222
1	"1"	"1"	2	FALSE	0	45	100	0	0	395.979797464	395.979797464	1551386920.94	188	249	188	249
1	"1"	"1"	2	FALSE	0	45	100	0	0	395.979797464	395.979797464	1551386920.98	213	275	213	275
1	"1"	"1"	2	FALSE	0	45	100	0	0	395.979797464	395.979797464	1551386921.01	237	297	237	297
1	"1"	"1"	2	FALSE	0	45	100	0	0	395.979797464	395.979797464	1551386921.04	262	316	262	316
1	"1"	"1"	2	FALSE	0	45	100	0	0	395.979797464	395.979797464	1551386921.08	282	331	282	331
1	"1"	"1"	2	FALSE	0	45	100	0	0	395.979797464	395.979797464	1551386921.11	303	345	303	345
1	"1"	"1"	2	FALSE	0	45	100	0	0	395.979797464	395.979797464	1551386921.14	315	354	315	354
1	"1"	"1"	2	FALSE	0	45	100	0	0	395.979797464	395.979797464	1551386921.18	330	367	330	367
1	"1"	"1"	2	FALSE	0	45	100	0	0	395.979797464	395.979797464	1551386921.21	344	380	344	380
1	"1"	"1"	2	FALSE	0	45	100	0	0	395.979797464	395.979797464	1551386921.24	353	389	353	389
1	"1"	"1"	2	FALSE	0	45	100	0	0	395.979797464	395.979797464	1551386921.28	363	400	363	400
1	"1"	"1"	2	FALSE	0	45	100	0	0	395.979797464	395.979797464	1551386921.31	366	404	366	404
1	"1"	"1"	2	FALSE	0	45	100	0	0	395.979797464	395.979797464	1551386921.34	366	405	366	405
1	"1"	"1"	2	FALSE	0	45	100	0	0	395.979797464	395.979797464	1551386921.38	366	405	366	405
1	"1"	"1"	2	FALSE	0	45	100	0	0	395.979797464	395.979797464	1551386921.41	367	405	367	405
1	"1"	"1"	2	FALSE	0	45	100	0	0	395.979797464	395.979797464	1551386921.44	371	406	371	406
1	"1"	"1"	2	FALSE	0	45	100	0	0	395.979797464	395.979797464	1551386921.48	373	406	373	406
1	"1"	"1"	2	FALSE	0	45	100	0	0	395.979797464	395.979797464	1551386921.51	375	406	375	406
1	"1"	"1"	2	FALSE	0	45	100	0	0	395.979797464	395.979797464	1551386921.54	377	406	377	406
1	"1"	"1"	2	FALSE	0	45	100	0	0	395.979797464	395.979797464	1551386921.58	379	406	379	406
1	"1"	"1"	2	FALSE	0	45	100	0	0	395.979797464	395.979797464	1551386921.61	380	405	380	405
1	"1"	"1"	2	FALSE	0	45	100	0	0	395.979797464	395.979797464	1551386921.64	380	404	380	404
1	"1"	"1"	2	FALSE	0	45	100	0	0	395.979797464	395.979797464	1551386921.68	381	403	381	403
1	"1"	"1"	2	FALSE	0	45	100	0	0	395.979797464	395.979797464	1551386921.71	381	403	381	403
1	"1"	"1"	2	FALSE	0	45	100	0	0	395.979797464	395.979797464	1551386921.74	381	403	381	403
1	"1"	"1"	2	FALSE	0	45	100	0	0	395.979797464	395.979797464	1551386921.78	382	402	382	402
1	"1"	"1"	2	FALSE	0	45	100	0	0	395.979797464	395.979797464	1551386921.81	383	402	383	402
1	"1"	"1"	3	FALSE	0	135	100	0	0	-395.979797464	395.979797464	1551386923.69	5	1	5	1
1	"1"	"1"	3	FALSE	0	135	100	0	0	-395.979797464	395.979797464	1551386923.71	5	1	5	1
1	"1"	"1"	3	FALSE	0	135	100	0	0	-395.979797464	395.979797464	1551386923.75	5	1	5	1
1	"1"	"1"	3	FALSE	0	135	100	0	0	-395.979797464	395.979797464	1551386923.78	5	1	5	1
1	"1"	"1"	3	FALSE	0	135	100	0	0	-395.979797464	395.979797464	1551386923.81	5	1	5	1
1	"1"	"1"	3	FALSE	0	135	100	0	0	-395.979797464	395.979797464	1551386923.85	5	1	5	1
1	"1"	"1"	3	FALSE	0	135	100	0	0	-395.979797464	395.979797464	1551386923.88	5	1	5	1
1	"1"	"1"	3	FALSE	0	135	100	0	0	-395.979797464	395.979797464	1551386923.91	5	1	5	1
1	"1"	"1"	3	FALSE	0	135	100	0	0	-395.979797464	395.979797464	1551386923.95	5	1	5	1
1	"1"	"1"	3	FALSE	0	135	100	0	0	-395.979797464	395.979797464	1551386923.98	5	1	5	1
1	"1"	"1"	3	FALSE	0	135	100	0	0	-395.979797464	395.979797464	1551386924.01	5	1	5	1
1	"1"	"1"	3	FALSE	0	135	100	0	0	-395.979797464	395.979797464	1551386924.05	4	6	4	6
1	"1"	"1"	3	FALSE	0	135	100	0	0	-395.979797464	395.979797464	1551386924.08	0	9	0	9
1	"1"	"1"	3	FALSE	0	135	100	0	0	-395.979797464	395.979797464	1551386924.11	-3	11	-3	11
1	"1"	"1"	3	FALSE	0	135	100	0	0	-395.979797464	395.979797464	1551386924.15	-5	14	-5	14
1	"1"	"1"	3	FALSE	0	135	100	0	0	-395.979797464	395.979797464	1551386924.18	-10	20	-10	20
1	"1"	"1"	3	FALSE	0	135	100	0	0	-395.979797464	395.979797464	1551386924.21	-16	28	-16	28
1	"1"	"1"	3	FALSE	0	135	100	0	0	-395.979797464	395.979797464	1551386924.25	-21	35	-21	35
1	"1"	"1"	3	FALSE	0	135	100	0	0	-395.979797464	395.979797464	1551386924.28	-25	42	-25	42
1	"1"	"1"	3	FALSE	0	135	100	0	0	-395.979797464	395.979797464	1551386924.31	-24	47	-24	47
1	"1"	"1"	3	FALSE	0	135	100	0	0	-395.979797464	395.979797464	1551386924.35	-19	47	-19	47
1	"1"	"1"	3	FALSE	0	135	100	0	0	-395.979797464	395.979797464	1551386924.38	-16	48	-16	48
1	"1"	"1"	3	FALSE	0	135	100	0	0	-395.979797464	395.979797464	1551386924.41	-14	47	-14	47
1	"1"	"1"	3	FALSE	0	135	100	0	0	-395.979797464	395.979797464	1551386924.45	-12	46	-12	46
1	"1"	"1"	3	FALSE	0	135	100	0	0	-395.979797464	395.979797464	1551386924.48	-11	46	-11	46
1	"1"	"1"	3	FALSE	0	135	100	0	0	-395.979797464	395.979797464	1551386924.51	-10	47	-10	47
1	"1"	"1"	3	FALSE	0	135	100	0	0	-395.979797464	395.979797464	1551386924.55	-9	47	-9	47
1	"1"	"1"	3	FALSE	0	135	100	0	0	-395.979797464	395.979797464	1551386924.58	-8	48	-8	48
1	"1"	"1"	3	FALSE	0	135	100	0	0	-395.979797464	395.979797464	1551386924.61	-8	49	-8	49
1	"1"	"1"	3	FALSE	0	135	100	0	0	-395.979797464	395.979797464	1551386924.65	-7	50	-7	50
1	"1"	"1"	3	FALSE	0	135	100	0	0	-395.979797464	395.979797464	1551386924.68	-6	52	-6	52
1	"1"	"1"	3	FALSE	0	135	100	0	0	-395.979797464	395.979797464	1551386924.71	-5	54	-5	54
1	"1"	"1"	3	FALSE	0	135	100	0	0	-395.979797464	395.979797464	1551386924.75	-4	55	-4	55
1	"1"	"1"	3	FALSE	0	135	100	0	0	-395.979797464	395.979797464	1551386924.78	-4	56	-4	56
1	"1"	"1"	3	FALSE	0	135	100	0	0	-395.979797464	395.979797464	1551386924.81	-4	57	-4	57
1	"1"	"1"	3	FALSE	0	135	100	0	0	-395.979797464	395.979797464	1551386924.85	-4	56	-4	56
1	"1"	"1"	3	FALSE	0	135	100	0	0	-395.979797464	395.979797464	1551386924.88	-4	56	-4	56
1	"1"	"1"	3	FALSE	0	135	100	0	0	-395.979797464	395.979797464	1551386924.91	-4	57	-4	57
1	"1"	"1"	3	FALSE	0	135	100	0	0	-395.979797464	395.979797464	1551386924.95	-4	57	-4	57
1	"1"	"1"	3	FALSE	0	135	100	0	0	-395.979797464	395.979797464	1551386924.98	-4	58	-4	58
1	"1"	"1"	3	FALSE	0	135	100	0	0	-395.979797464	395.979797464	1551386925.01	-4	59	-4	59
1	"1"	"1"	3	FALSE	0	135	100	0	0	-395.979797464	395.979797464	1551386925.05	-5	59	-5	59
1	"1"	"1"	3	FALSE	0	135	100	0	0	-395.979797464	395.979797464	1551386925.08	-5	59	-5	59
1	"1"	"1"	3	FALSE	0	135	100	0	0	-395.979797464	395.979797464	1551386925.11	-5	58	-5	58
1	"1"	"1"	3	FALSE	0	135	100	0	0	-395.979797464	395.979797464	1551386925.15	-6	58	-6	58
1	"1"	"1"	3	FALSE	0	135	100	0	0	-395.979797464	395.979797464	1551386925.18	-6	58	-6	58
1	"1"	"1"	3	FALSE	0	135	100	0	0	-395.979797464	395.979797464	1551386925.21	-6	59	-6	59
1	"1"	"1"	3	FALSE	0	135	100	0	0	-395.979797464	395.979797464	1551386925.25	-7	59	-7	59
1	"1"	"1"	3	FALSE	0	135	100	0	0	-395.979797464	395.979797464	1551386925.28	-7	59	-7	59
1	"1"	"1"	3	FALSE	0	135	100	0	0	-395.979797464	395.979797464	1551386925.31	-7	59	-7	59
1	"1"	"1"	3	FALSE	0	135	100	0	0	-395.979797464	395.979797464	1551386925.35	-7	58	-7	58
1	"1"	"1"	3	FALSE	0	135	100	0	0	-395.979797464	395.979797464	1551386925.38	-7	58	-7	58
1	"1"	"1"	3	FALSE	0	135	100	0	0	-395.979797464	395.979797464	1551386925.41	-7	57	-7	57
1	"1"	"1"	3	FALSE	0	135	100	0	0	-395.979797464	395.979797464	1551386925.45	-7	57	-7	57
1	"1"	"1"	3	FALSE	0	135	100	0	0	-395.979797464	395.979797464	1551386925.48	-7	57	-7	57
1	"1"	"1"	3	FALSE	0	135	100	0	0	-395.979797464	395.979797464	1551386925.51	-7	57	-7	57
1	"1"	"1"	3	FALSE	0	135	100	0	0	-395.979797464	395.979797464	1551386925.55	-7	57	-7	57
1	"1"	"1"	3	FALSE	0	135	100	0	0	-395.979797464	395.979797464	1551386925.58	-6	56	-6	56
1	"1"	"1"	3	FALSE	0	135	100	0	0	-395.979797464	395.979797464	1551386925.61	-6	56	-6	56
1	"1"	"1"	3	FALSE	0	135	100	0	0	-395.979797464	395.979797464	1551386925.65	-6	56	-6	56
1	"1"	"1"	3	FALSE	0	135	100	0	0	-395.979797464	395.979797464	1551386925.68	-5	56	-5	56
1	"1"	"1"	3	FALSE	0	135	100	0	0	-395.979797464	395.979797464	1551386925.71	-4	56	-4	56
1	"1"	"1"	3	FALSE	0	135	100	0	0	-395.979797464	395.979797464	1551386925.75	-3	54	-3	54
1	"1"	"1"	3	FALSE	0	135	100	0	0	-395.979797464	395.979797464	1551386925.78	0	53	0	53
1	"1"	"1"	3	FALSE	0	135	100	0	0	-395.979797464	395.979797464	1551386925.81	-1	52	-1	52
1	"1"	"1"	3	FALSE	0	135	100	0	0	-395.979797464	395.979797464	1551386925.85	-1	52	-1	52
1	"1"	"1"	3	FALSE	0	135	100	0	0	-395.979797464	395.979797464	1551386925.88	-1	52	-1	52
1	"1"	"1"	3	FALSE	0	135	100	0	0	-395.979797464	395.979797464	1551386925.91	-2	52	-2	52
1	"1"	"1"	3	FALSE	0	135	100	0	0	-395.979797464	395.979797464	1551386925.95	-2	52	-2	52
1	"1"	"1"	3	FALSE	0	135	100	0	0	-395.979797464	395.979797464	1551386925.98	-2	52	-2	52
1	"1"	"1"	3	FALSE	0	135	100	0	0	-395.979797464	395.979797464	1551386926.01	-2	52	-2	52
1	"1"	"1"	3	FALSE	0	135	100	0	0	-395.979797464	395.979797464	1551386926.05	-2	52	-2	52
1	"1"	"1"	3	FALSE	0	135	100	0	0	-395.979797464	395.979797464	1551386926.08	-2	52	-2	52
1	"1"	"1"	3	FALSE	0	135	100	0	0	-395.979797464	395.979797464	1551386926.11	-2	52	-2	52
1	"1"	"1"	3	FALSE	0	135	100	0	0	-395.979797464	395.979797464	1551386926.15	-2	52	-2	52
1	"1"	"1"	3	FALSE	0	135	100	0	0	-395.979797464	395.979797464	1551386926.18	-2	52	-2	52
1	"1"	"1"	3	FALSE	0	135	100	0	0	-395.979797464	395.979797464	1551386926.21	-2	52	-2	52
1	"1"	"1"	3	FALSE	0	135	100	0	0	-395.979797464	395.979797464	1551386926.25	-2	52	-2	52
1	"1"	"1"	3	FALSE	0	135	100	0	0	-395.979797464	395.979797464	1551386926.28	-2	52	-2	52
1	"1"	"1"	3	FALSE	0	135	100	0	0	-395.979797464	395.979797464	1551386926.31	-2	52	-2	52
1	"1"	"1"	3	FALSE	0	135	100	0	0	-395.979797464	395.979797464	1551386926.35	-2	52	-2	52
1	"1"	"1"	3	FALSE	0	135	100	0	0	-395.979797464	395.979797464	1551386926.38	-2	52	-2	52
1	"1"	"1"	3	FALSE	0	135	100	0	0	-395.979797464	395.979797464	1551386926.41	-2	52	-2	52
1	"1"	"1"	3	FALSE	0	135	100	0	0	-395.979797464	395.979797464	1551386926.45	-2	52	-2	52
1	"1"	"1"	3	FALSE	0	135	100	0	0	-395.979797464	395.979797464	1551386926.48	-2	52	-2	52
1	"1"	"1"	3	FALSE	0	135	100	0	0	-395.979797464	395.979797464	1551386926.51	-2	52	-2	52
1	"1"	"1"	3	FALSE	0	135	100	0	0	-395.979797464	395.979797464	1551386926.55	-2	52	-2	52
1	"1"	"1"	3	FALSE	0	135	100	0	0	-395.979797464	395.979797464	1551386926.58	-2	52	-2	52
1	"1"	"1"	3	FALSE	0	135	100	0	0	-395.979797464	395.979797464	1551386926.61	-2	52	-2	52
1	"1"	"1"	3	FALSE	0	135	100	0	0	-395.979797464	395.979797464	1551386926.65	-2	52	-2	52
1	"1"	"1"	3	FALSE	0	135	100	0	0	-395.979797464	395.979797464	1551386926.68	-2	52	-2	52
1	"1"	"1"	3	FALSE	0	135	100	0	0	-395.979797464	395.979797464	1551386926.71	-2	52	-2	52
1	"1"	"1"	3	FALSE	0	135	100	0	0	-395.979797464	395.979797464	1551386926.75	-2	52	-2	52
1	"1"	"1"	3	FALSE	0	135	100	0	0	-395.979797464	395.979797464	1551386926.78	-2	52	-2	52
1	"1"	"1"	3	FALSE	0	135	100	0	0	-395.979797464	395.979797464	1551386926.81	-2	52	-2	52
1	"1"	"1"	3	FALSE	0	135	100	0	0	-395.979797464	395.979797464	1551386926.85	-2	52	-2	52
1	"1"	"1"	3	FALSE	0	135	100	0	0	-395.979797464	395.979797464	1551386926.88	-2	52	-2	52
1	"1"	"1"	3	FALSE	0	135	100	0	0	-395.979797464	395.979797464	1551386926.91	-2	52	-2	52
1	"1"	"1"	3	FALSE	0	135	100	0	0	-395.979797464	395.979797464	1551386926.95	-2	52	-2	52
1	"1"	"1"	3	FALSE	0	135	100	0	0	-395.979797464	395.979797464	1551386926.98	-2	52	-2	52
1	"1"	"1"	3	FALSE	0	135	100	0	0	-395.979797464	395.979797464	1551386927.01	-2	52	-2	52
1	"1"	"1"	3	FALSE	0	135	100	0	0	-395.979797464	395.979797464	1551386927.05	-2	52	-2	52
1	"1"	"1"	3	FALSE	0	135	100	0	0	-395.979797464	395.979797464	1551386927.08	-2	52	-2	52
1	"1"	"1"	3	FALSE	0	135	100	0	0	-395.979797464	395.979797464	1551386927.11	-2	52	-2	52
1	"1"	"1"	3	FALSE	0	135	100	0	0	-395.979797464	395.979797464	1551386927.15	-2	52	-2	52
1	"1"	"1"	3	FALSE	0	135	100	0	0	-395.979797464	395.979797464	1551386927.18	-2	52	-2	52
1	"1"	"1"	3	FALSE	0	135	100	0	0	-395.979797464	395.979797464	1551386927.21	-2	52	-2	52
1	"1"	"1"	3	FALSE	0	135	100	0	0	-395.979797464	395.979797464	1551386927.25	-2	52	-2	52
1	"1"	"1"	3	FALSE	0	135	100	0	0	-395.979797464	395.979797464	1551386927.28	-2	52	-2	52
1	"1"	"1"	3	FALSE	0	135	100	0	0	-395.979797464	395.979797464	1551386927.31	-2	52	-2	52
1	"1"	"1"	3	FALSE	0	135	100	0	0	-395.979797464	395.979797464	1551386927.35	-2	52	-2	52
1	"1"	"1"	3	FALSE	0	135	100	0	0	-395.979797464	395.979797464	1551386927.38	-2	52	-2	52
1	"1"	"1"	3	FALSE	0	135	100	0	0	-395.979797464	395.979797464	1551386927.41	-2	52	-2	52
1	"1"	"1"	3	FALSE	0	135	100	0	0	-395.979797464	395.979797464	1551386927.45	-2	52	-2	52
1	"1"	"1"	3	FALSE	0	135	100	0	0	-395.979797464	395.979797464	1551386927.48	-2	52	-2	52
1	"1"	"1"	3	FALSE	0	135	100	0	0	-395.979797464	395.979797464	1551386927.52	-2	52	-2	52
1	"1"	"1"	3	FALSE	0	135	100	0	0	-395.979797464	395.979797464	1551386927.55	-2	52	-2	52
1	"1"	"1"	3	FALSE	0	135	100	0	0	-395.979797464	395.979797464	1551386927.58	-2	52	-2	52
1	"1"	"1"	3	FALSE	0	135	100	0	0	-395.979797464	395.979797464	1551386927.62	-2	52	-2	52
1	"1"	"1"	3	FALSE	0	135	100	0	0	-395.979797464	395.979797464	1551386927.65	-2	52	-2	52
1	"1"	"1"	3	FALSE	0	135	100	0	0	-395.979797464	395.979797464	1551386927.68	-2	52	-2	52
1	"1"	"1"	3	FALSE	0	135	100	0	0	-395.979797464	395.979797464	1551386927.72	-2	52	-2	52
1	"1"	"1"	3	FALSE	0	135	100	0	0	-395.979797464	395.979797464	1551386927.75	-2	52	-2	52
1	"1"	"1"	3	FALSE	0	135	100	0	0	-395.979797464	395.979797464	1551386927.78	-2	52	-2	52
1	"1"	"1"	3	FALSE	0	135	100	0	0	-395.979797464	395.979797464	1551386927.82	-2	52	-2	52
1	"1"	"1"	3	FALSE	0	135	100	0	0	-395.979797464	395.979797464	1551386927.85	-2	52	-2	52
1	"1"	"1"	3	FALSE	0	135	100	0	0	-395.979797464	395.979797464	1551386927.88	-2	52	-2	52
1	"1"	"1"	3	FALSE	0	135	100	0	0	-395.979797464	395.979797464	1551386927.92	-2	52	-2	52
1	"1"	"1"	3	FALSE	0	135	100	0	0	-395.979797464	395.979797464	1551386927.95	-2	52	-2	52
1	"1"	"1"	3	FALSE	0	135	100	0	0	-395.979797464	395.979797464	1551386927.98	-2	52	-2	52
1	"1"	"1"	3	FALSE	0	135	100	0	0	-395.979797464	395.979797464	1551386928.02	-2	52	-2	52
1	"1"	"1"	3	FALSE	0	135	100	0	0	-395.979797464	395.979797464	1551386928.05	-5	55	-5	55
1	"1"	"1"	3	FALSE	0	135	100	0	0	-395.979797464	395.979797464	1551386928.08	-10	59	-10	59
1	"1"	"1"	3	FALSE	0	135	100	0	0	-395.979797464	395.979797464	1551386928.12	-19	64	-19	64
1	"1"	"1"	3	FALSE	0	135	100	0	0	-395.979797464	395.979797464	1551386928.15	-30	70	-30	70
1	"1"	"1"	3	FALSE	0	135	100	0	0	-395.979797464	395.979797464	1551386928.18	-47	78	-47	78
1	"1"	"1"	3	FALSE	0	135	100	0	0	-395.979797464	395.979797464	1551386928.22	-72	88	-72	88
1	"1"	"1"	3	FALSE	0	135	100	0	0	-395.979797464	395.979797464	1551386928.25	-94	98	-94	98
1	"1"	"1"	3	FALSE	0	135	100	0	0	-395.979797464	395.979797464	1551386928.28	-117	110	-117	110
1	"1"	"1"	3	FALSE	0	135	100	0	0	-395.979797464	395.979797464	1551386928.32	-136	122	-136	122
1	"1"	"1"	3	FALSE	0	135	100	0	0	-395.979797464	395.979797464	1551386928.35	-160	136	-160	136
1	"1"	"1"	3	FALSE	0	135	100	0	0	-395.979797464	395.979797464	1551386928.38	-182	148	-182	148
1	"1"	"1"	3	FALSE	0	135	100	0	0	-395.979797464	395.979797464	1551386928.42	-207	161	-207	161
1	"1"	"1"	3	FALSE	0	135	100	0	0	-395.979797464	395.979797464	1551386928.45	-232	174	-232	174
1	"1"	"1"	3	FALSE	0	135	100	0	0	-395.979797464	395.979797464	1551386928.48	-251	188	-251	188
1	"1"	"1"	3	FALSE	0	135	100	0	0	-395.979797464	395.979797464	1551386928.52	-272	206	-272	206
1	"1"	"1"	3	FALSE	0	135	100	0	0	-395.979797464	395.979797464	1551386928.55	-291	222	-291	222
1	"1"	"1"	3	FALSE	0	135	100	0	0	-395.979797464	395.979797464	1551386928.58	-307	235	-307	235
1	"1"	"1"	3	FALSE	0	135	100	0	0	-395.979797464	395.979797464	1551386928.62	-323	251	-323	251
1	"1"	"1"	3	FALSE	0	135	100	0	0	-395.979797464	395.979797464	1551386928.65	-337	266	-337	266
1	"1"	"1"	3	FALSE	0	135	100	0	0	-395.979797464	395.979797464	1551386928.68	-351	280	-351	280
1	"1"	"1"	3	FALSE	0	135	100	0	0	-395.979797464	395.979797464	1551386928.72	-359	290	-359	290
1	"1"	"1"	3	FALSE	0	135	100	0	0	-395.979797464	395.979797464	1551386928.75	-365	302	-365	302
1	"1"	"1"	3	FALSE	0	135	100	0	0	-395.979797464	395.979797464	1551386928.78	-370	311	-370	311
1	"1"	"1"	3	FALSE	0	135	100	0	0	-395.979797464	395.979797464	1551386928.82	-376	321	-376	321
1	"1"	"1"	3	FALSE	0	135	100	0	0	-395.979797464	395.979797464	1551386928.85	-381	334	-381	334
1	"1"	"1"	3	FALSE	0	135	100	0	0	-395.979797464	395.979797464	1551386928.88	-387	344	-387	344
1	"1"	"1"	3	FALSE	0	135	100	0	0	-395.979797464	395.979797464	1551386928.92	-393	357	-393	357
1	"1"	"1"	3	FALSE	0	135	100	0	0	-395.979797464	395.979797464	1551386928.95	-396	366	-396	366
1	"1"	"1"	3	FALSE	0	135	100	0	0	-395.979797464	395.979797464	1551386928.98	-398	373	-398	373
1	"1"	"1"	3	FALSE	0	135	100	0	0	-395.979797464	395.979797464	1551386929.02	-400	378	-400	378
1	"1"	"1"	3	FALSE	0	135	100	0	0	-395.979797464	395.979797464	1551386929.05	-400	381	-400	381
1	"1"	"1"	3	FALSE	0	135	100	0	0	-395.979797464	395.979797464	1551386929.08	-400	385	-400	385
1	"1"	"1"	3	FALSE	0	135	100	0	0	-395.979797464	395.979797464	1551386929.12	-400	389	-400	389
1	"1"	"1"	3	FALSE	0	135	100	0	0	-395.979797464	395.979797464	1551386929.15	-399	392	-399	392
1	"1"	"1"	3	FALSE	0	135	100	0	0	-395.979797464	395.979797464	1551386929.18	-398	394	-398	394
1	"1"	"1"	3	FALSE	0	135	100	0	0	-395.979797464	395.979797464	1551386929.22	-396	396	-396	396
1	"1"	"1"	3	FALSE	0	135	100	0	0	-395.979797464	395.979797464	1551386929.25	-394	396	-394	396
1	"1"	"1"	4	FALSE	0	135	100	0	0	-395.979797464	395.979797464	1551386930.9	-4	0	-4	0
1	"1"	"1"	4	FALSE	0	135	100	0	0	-395.979797464	395.979797464	1551386930.92	-4	0	-4	0
1	"1"	"1"	4	FALSE	0	135	100	0	0	-395.979797464	395.979797464	1551386930.95	-2	-1	-2	-1
1	"1"	"1"	4	FALSE	0	135	100	0	0	-395.979797464	395.979797464	1551386930.98	0	-3	0	-3
1	"1"	"1"	4	FALSE	0	135	100	0	0	-395.979797464	395.979797464	1551386931.02	0	-3	0	-3
1	"1"	"1"	4	FALSE	0	135	100	0	0	-395.979797464	395.979797464	1551386931.05	0	-3	0	-3
1	"1"	"1"	4	FALSE	0	135	100	0	0	-395.979797464	395.979797464	1551386931.08	0	-3	0	-3
1	"1"	"1"	4	FALSE	0	135	100	0	0	-395.979797464	395.979797464	1551386931.12	0	-3	0	-3
1	"1"	"1"	4	FALSE	0	135	100	0	0	-395.979797464	395.979797464	1551386931.15	0	-3	0	-3
1	"1"	"1"	4	FALSE	0	135	100	0	0	-395.979797464	395.979797464	1551386931.18	0	-3	0	-3
1	"1"	"1"	4	FALSE	0	135	100	0	0	-395.979797464	395.979797464	1551386931.22	0	-3	0	-3
1	"1"	"1"	4	FALSE	0	135	100	0	0	-395.979797464	395.979797464	1551386931.25	0	-3	0	-3
1	"1"	"1"	4	FALSE	0	135	100	0	0	-395.979797464	395.979797464	1551386931.28	-3	-1	-3	-1
1	"1"	"1"	4	FALSE	0	135	100	0	0	-395.979797464	395.979797464	1551386931.32	-17	11	-17	11
1	"1"	"1"	4	FALSE	0	135	100	0	0	-395.979797464	395.979797464	1551386931.35	-32	26	-32	26
1	"1"	"1"	4	FALSE	0	135	100	0	0	-395.979797464	395.979797464	1551386931.38	-54	48	-54	48
1	"1"	"1"	4	FALSE	0	135	100	0	0	-395.979797464	395.979797464	1551386931.42	-76	70	-76	70
1	"1"	"1"	4	FALSE	0	135	100	0	0	-395.979797464	395.979797464	1551386931.45	-94	92	-94	92
1	"1"	"1"	4	FALSE	0	135	100	0	0	-395.979797464	395.979797464	1551386931.48	-110	112	-110	112
1	"1"	"1"	4	FALSE	0	135	100	0	0	-395.979797464	395.979797464	1551386931.52	-129	139	-129	139
1	"1"	"1"	4	FALSE	0	135	100	0	0	-395.979797464	395.979797464	1551386931.55	-146	165	-146	165
1	"1"	"1"	4	FALSE	0	135	100	0	0	-395.979797464	395.979797464	1551386931.59	-166	188	-166	188
1	"1"	"1"	4	FALSE	0	135	100	0	0	-395.979797464	395.979797464	1551386931.62	-182	206	-182	206
1	"1"	"1"	4	FALSE	0	135	100	0	0	-395.979797464	395.979797464	1551386931.65	-202	225	-202	225
1	"1"	"1"	4	FALSE	0	135	100	0	0	-395.979797464	395.979797464	1551386931.69	-218	243	-218	243
1	"1"	"1"	4	FALSE	0	135	100	0	0	-395.979797464	395.979797464	1551386931.72	-236	264	-236	264
1	"1"	"1"	4	FALSE	0	135	100	0	0	-395.979797464	395.979797464	1551386931.75	-250	279	-250	279
1	"1"	"1"	4	FALSE	0	135	100	0	0	-395.979797464	395.979797464	1551386931.79	-268	295	-268	295
1	"1"	"1"	4	FALSE	0	135	100	0	0	-395.979797464	395.979797464	1551386931.82	-284	308	-284	308
1	"1"	"1"	4	FALSE	0	135	100	0	0	-395.979797464	395.979797464	1551386931.85	-302	323	-302	323
1	"1"	"1"	4	FALSE	0	135	100	0	0	-395.979797464	395.979797464	1551386931.89	-314	333	-314	333
1	"1"	"1"	4	FALSE	0	135	100	0	0	-395.979797464	395.979797464	1551386931.92	-326	345	-326	345
1	"1"	"1"	4	FALSE	0	135	100	0	0	-395.979797464	395.979797464	1551386931.95	-336	356	-336	356
1	"1"	"1"	4	FALSE	0	135	100	0	0	-395.979797464	395.979797464	1551386931.99	-348	369	-348	369
1	"1"	"1"	4	FALSE	0	135	100	0	0	-395.979797464	395.979797464	1551386932.02	-359	381	-359	381
1	"1"	"1"	4	FALSE	0	135	100	0	0	-395.979797464	395.979797464	1551386932.05	-370	392	-370	392
1	"1"	"1"	4	FALSE	0	135	100	0	0	-395.979797464	395.979797464	1551386932.09	-380	403	-380	403
1	"1"	"1"	4	FALSE	0	135	100	0	0	-395.979797464	395.979797464	1551386932.12	-387	411	-387	411
1	"1"	"1"	4	FALSE	0	135	100	0	0	-395.979797464	395.979797464	1551386932.15	-391	413	-391	413
1	"1"	"1"	4	FALSE	0	135	100	0	0	-395.979797464	395.979797464	1551386932.19	-392	414	-392	414
1	"1"	"1"	4	FALSE	0	135	100	0	0	-395.979797464	395.979797464	1551386932.22	-392	414	-392	414
1	"1"	"1"	4	FALSE	0	135	100	0	0	-395.979797464	395.979797464	1551386932.25	-392	414	-392	414
1	"1"	"1"	4	FALSE	0	135	100	0	0	-395.979797464	395.979797464	1551386932.29	-394	414	-394	414
1	"1"	"1"	4	FALSE	0	135	100	0	0	-395.979797464	395.979797464	1551386932.32	-398	413	-398	413
1	"1"	"1"	4	FALSE	0	135	100	0	0	-395.979797464	395.979797464	1551386932.35	-401	413	-401	413
1	"1"	"1"	4	FALSE	0	135	100	0	0	-395.979797464	395.979797464	1551386932.39	-401	413	-401	413
1	"1"	"1"	4	FALSE	0	135	100	0	0	-395.979797464	395.979797464	1551386932.42	-401	412	-401	412
1	"1"	"1"	4	FALSE	0	135	100	0	0	-395.979797464	395.979797464	1551386932.45	-400	410	-400	410
1	"1"	"1"	4	FALSE	0	135	100	0	0	-395.979797464	395.979797464	1551386932.49	-399	407	-399	407
1	"1"	"1"	4	FALSE	0	135	100	0	0	-395.979797464	395.979797464	1551386932.52	-398	404	-398	404
1	"1"	"1"	4	FALSE	0	135	100	0	0	-395.979797464	395.979797464	1551386932.55	-398	402	-398	402
1	"1"	"1"	5	FALSE	0	90	100	0	0	3.42901103761e-14	560	1551386934.4	-6	1	-6	1
1	"1"	"1"	5	FALSE	0	90	100	0	0	3.42901103761e-14	560	1551386934.42	-6	2	-6	2
1	"1"	"1"	5	FALSE	0	90	100	0	0	3.42901103761e-14	560	1551386934.45	-6	2	-6	2
1	"1"	"1"	5	FALSE	0	90	100	0	0	3.42901103761e-14	560	1551386934.49	-6	2	-6	2
1	"1"	"1"	5	FALSE	0	90	100	0	0	3.42901103761e-14	560	1551386934.52	-5	2	-5	2
1	"1"	"1"	5	FALSE	0	90	100	0	0	3.42901103761e-14	560	1551386934.55	-5	2	-5	2
1	"1"	"1"	5	FALSE	0	90	100	0	0	3.42901103761e-14	560	1551386934.59	-5	2	-5	2
1	"1"	"1"	5	FALSE	0	90	100	0	0	3.42901103761e-14	560	1551386934.62	-4	1	-4	1
1	"1"	"1"	5	FALSE	0	90	100	0	0	3.42901103761e-14	560	1551386934.65	-3	1	-3	1
1	"1"	"1"	5	FALSE	0	90	100	0	0	3.42901103761e-14	560	1551386934.69	-3	1	-3	1
1	"1"	"1"	5	FALSE	0	90	100	0	0	3.42901103761e-14	560	1551386934.72	-3	1	-3	1
1	"1"	"1"	5	FALSE	0	90	100	0	0	3.42901103761e-14	560	1551386934.75	-3	1	-3	1
1	"1"	"1"	5	FALSE	0	90	100	0	0	3.42901103761e-14	560	1551386934.79	-3	1	-3	1
1	"1"	"1"	5	FALSE	0	90	100	0	0	3.42901103761e-14	560	1551386934.82	-3	1	-3	1
1	"1"	"1"	5	FALSE	0	90	100	0	0	3.42901103761e-14	560	1551386934.85	-4	3	-4	3
1	"1"	"1"	5	FALSE	0	90	100	0	0	3.42901103761e-14	560	1551386934.89	-7	12	-7	12
1	"1"	"1"	5	FALSE	0	90	100	0	0	3.42901103761e-14	560	1551386934.92	-11	26	-11	26
1	"1"	"1"	5	FALSE	0	90	100	0	0	3.42901103761e-14	560	1551386934.95	-16	43	-16	43
1	"1"	"1"	5	FALSE	0	90	100	0	0	3.42901103761e-14	560	1551386934.99	-19	73	-19	73
1	"1"	"1"	5	FALSE	0	90	100	0	0	3.42901103761e-14	560	1551386935.02	-19	100	-19	100
1	"1"	"1"	5	FALSE	0	90	100	0	0	3.42901103761e-14	560	1551386935.05	-18	128	-18	128
1	"1"	"1"	5	FALSE	0	90	100	0	0	3.42901103761e-14	560	1551386935.09	-17	163	-17	163
1	"1"	"1"	5	FALSE	0	90	100	0	0	3.42901103761e-14	560	1551386935.12	-15	199	-15	199
1	"1"	"1"	5	FALSE	0	90	100	0	0	3.42901103761e-14	560	1551386935.15	-13	231	-13	231
1	"1"	"1"	5	FALSE	0	90	100	0	0	3.42901103761e-14	560	1551386935.19	-9	269	-9	269
1	"1"	"1"	5	FALSE	0	90	100	0	0	3.42901103761e-14	560	1551386935.22	-4	304	-4	304
1	"1"	"1"	5	FALSE	0	90	100	0	0	3.42901103761e-14	560	1551386935.25	-1	336	-1	336
1	"1"	"1"	5	FALSE	0	90	100	0	0	3.42901103761e-14	560	1551386935.29	0	361	0	361
1	"1"	"1"	5	FALSE	0	90	100	0	0	3.42901103761e-14	560	1551386935.32	-2	387	-2	387
1	"1"	"1"	5	FALSE	0	90	100	0	0	3.42901103761e-14	560	1551386935.35	-4	412	-4	412
1	"1"	"1"	5	FALSE	0	90	100	0	0	3.42901103761e-14	560	1551386935.39	-5	434	-5	434
1	"1"	"1"	5	FALSE	0	90	100	0	0	3.42901103761e-14	560	1551386935.42	-6	459	-6	459
1	"1"	"1"	5	FALSE	0	90	100	0	0	3.42901103761e-14	560	1551386935.45	-7	482	-7	482
1	"1"	"1"	5	FALSE	0	90	100	0	0	3.42901103761e-14	560	1551386935.49	-8	497	-8	497
1	"1"	"1"	5	FALSE	0	90	100	0	0	3.42901103761e-14	560	1551386935.52	-8	514	-8	514
1	"1"	"1"	5	FALSE	0	90	100	0	0	3.42901103761e-14	560	1551386935.55	-7	532	-7	532
1	"1"	"1"	5	FALSE	0	90	100	0	0	3.42901103761e-14	560	1551386935.59	-6	547	-6	547
1	"1"	"1"	5	FALSE	0	90	100	0	0	3.42901103761e-14	560	1551386935.62	-4	560	-4	560
1	"1"	"1"	5	FALSE	0	90	100	0	0	3.42901103761e-14	560	1551386935.65	-3	572	-3	572
1	"1"	"1"	5	FALSE	0	90	100	0	0	3.42901103761e-14	560	1551386935.69	-2	580	-2	580
1	"1"	"1"	5	FALSE	0	90	100	0	0	3.42901103761e-14	560	1551386935.72	-2	586	-2	586
1	"1"	"1"	5	FALSE	0	90	100	0	0	3.42901103761e-14	560	1551386935.75	-2	592	-2	592
1	"1"	"1"	5	FALSE	0	90	100	0	0	3.42901103761e-14	560	1551386935.79	-2	594	-2	594
1	"1"	"1"	5	FALSE	0	90	100	0	0	3.42901103761e-14	560	1551386935.82	-2	594	-2	594
1	"1"	"1"	5	FALSE	0	90	100	0	0	3.42901103761e-14	560	1551386935.85	-2	594	-2	594
1	"1"	"1"	5	FALSE	0	90	100	0	0	3.42901103761e-14	560	1551386935.89	-2	594	-2	594
1	"1"	"1"	5	FALSE	0	90	100	0	0	3.42901103761e-14	560	1551386935.92	-2	594	-2	594
1	"1"	"1"	5	FALSE	0	90	100	0	0	3.42901103761e-14	560	1551386935.95	-2	594	-2	594
1	"1"	"1"	5	FALSE	0	90	100	0	0	3.42901103761e-14	560	1551386935.99	-2	594	-2	594
1	"1"	"1"	5	FALSE	0	90	100	0	0	3.42901103761e-14	560	1551386936.02	-2	593	-2	593
1	"1"	"1"	5	FALSE	0	90	100	0	0	3.42901103761e-14	560	1551386936.06	-1	589	-1	589
1	"1"	"1"	5	FALSE	0	90	100	0	0	3.42901103761e-14	560	1551386936.09	-1	587	-1	587
1	"1"	"1"	5	FALSE	0	90	100	0	0	3.42901103761e-14	560	1551386936.12	-1	586	-1	586
1	"1"	"1"	5	FALSE	0	90	100	0	0	3.42901103761e-14	560	1551386936.16	-1	586	-1	586
1	"1"	"1"	5	FALSE	0	90	100	0	0	3.42901103761e-14	560	1551386936.19	-1	585	-1	585
1	"1"	"1"	5	FALSE	0	90	100	0	0	3.42901103761e-14	560	1551386936.22	-2	583	-2	583
1	"1"	"1"	5	FALSE	0	90	100	0	0	3.42901103761e-14	560	1551386936.26	-3	581	-3	581
1	"1"	"1"	5	FALSE	0	90	100	0	0	3.42901103761e-14	560	1551386936.29	-4	577	-4	577
1	"1"	"1"	5	FALSE	0	90	100	0	0	3.42901103761e-14	560	1551386936.32	-4	577	-4	577
1	"1"	"1"	5	FALSE	0	90	100	0	0	3.42901103761e-14	560	1551386936.36	-4	577	-4	577
1	"1"	"1"	5	FALSE	0	90	100	0	0	3.42901103761e-14	560	1551386936.39	-4	576	-4	576
1	"1"	"1"	5	FALSE	0	90	100	0	0	3.42901103761e-14	560	1551386936.42	-3	575	-3	575
1	"1"	"1"	5	FALSE	0	90	100	0	0	3.42901103761e-14	560	1551386936.46	-3	573	-3	573
1	"1"	"1"	5	FALSE	0	90	100	0	0	3.42901103761e-14	560	1551386936.49	-3	568	-3	568
1	"1"	"1"	5	FALSE	0	90	100	0	0	3.42901103761e-14	560	1551386936.52	-4	565	-4	565
1	"1"	"1"	5	FALSE	0	90	100	0	0	3.42901103761e-14	560	1551386936.56	-5	561	-5	561
1	"1"	"1"	5	FALSE	0	90	100	0	0	3.42901103761e-14	560	1551386936.59	-5	559	-5	559
1	"1"	"1"	6	FALSE	0	45	100	0	0	395.979797464	395.979797464	1551386938	4	-8	4	-8
1	"1"	"1"	6	FALSE	0	45	100	0	0	395.979797464	395.979797464	1551386938.02	4	-8	4	-8
1	"1"	"1"	6	FALSE	0	45	100	0	0	395.979797464	395.979797464	1551386938.06	4	-8	4	-8
1	"1"	"1"	6	FALSE	0	45	100	0	0	395.979797464	395.979797464	1551386938.09	4	-8	4	-8
1	"1"	"1"	6	FALSE	0	45	100	0	0	395.979797464	395.979797464	1551386938.12	4	-8	4	-8
1	"1"	"1"	6	FALSE	0	45	100	0	0	395.979797464	395.979797464	1551386938.16	4	-8	4	-8
1	"1"	"1"	6	FALSE	0	45	100	0	0	395.979797464	395.979797464	1551386938.19	4	-8	4	-8
1	"1"	"1"	6	FALSE	0	45	100	0	0	395.979797464	395.979797464	1551386938.22	4	-8	4	-8
1	"1"	"1"	6	FALSE	0	45	100	0	0	395.979797464	395.979797464	1551386938.26	4	-8	4	-8
1	"1"	"1"	6	FALSE	0	45	100	0	0	395.979797464	395.979797464	1551386938.29	4	-8	4	-8
1	"1"	"1"	6	FALSE	0	45	100	0	0	395.979797464	395.979797464	1551386938.32	4	-8	4	-8
1	"1"	"1"	6	FALSE	0	45	100	0	0	395.979797464	395.979797464	1551386938.36	4	-8	4	-8
1	"1"	"1"	6	FALSE	0	45	100	0	0	395.979797464	395.979797464	1551386938.39	4	-8	4	-8
1	"1"	"1"	6	FALSE	0	45	100	0	0	395.979797464	395.979797464	1551386938.42	4	-6	4	-6
1	"1"	"1"	6	FALSE	0	45	100	0	0	395.979797464	395.979797464	1551386938.46	9	2	9	2
1	"1"	"1"	6	FALSE	0	45	100	0	0	395.979797464	395.979797464	1551386938.49	15	10	15	10
1	"1"	"1"	6	FALSE	0	45	100	0	0	395.979797464	395.979797464	1551386938.52	26	25	26	25
1	"1"	"1"	6	FALSE	0	45	100	0	0	395.979797464	395.979797464	1551386938.56	50	53	50	53
1	"1"	"1"	6	FALSE	0	45	100	0	0	395.979797464	395.979797464	1551386938.59	75	80	75	80
1	"1"	"1"	6	FALSE	0	45	100	0	0	395.979797464	395.979797464	1551386938.62	94	101	94	101
1	"1"	"1"	6	FALSE	0	45	100	0	0	395.979797464	395.979797464	1551386938.66	115	124	115	124
1	"1"	"1"	6	FALSE	0	45	100	0	0	395.979797464	395.979797464	1551386938.69	130	139	130	139
1	"1"	"1"	6	FALSE	0	45	100	0	0	395.979797464	395.979797464	1551386938.72	143	152	143	152
1	"1"	"1"	6	FALSE	0	45	100	0	0	395.979797464	395.979797464	1551386938.76	156	164	156	164
1	"1"	"1"	6	FALSE	0	45	100	0	0	395.979797464	395.979797464	1551386938.79	169	175	169	175
1	"1"	"1"	6	FALSE	0	45	100	0	0	395.979797464	395.979797464	1551386938.82	180	187	180	187
1	"1"	"1"	6	FALSE	0	45	100	0	0	395.979797464	395.979797464	1551386938.86	190	198	190	198
1	"1"	"1"	6	FALSE	0	45	100	0	0	395.979797464	395.979797464	1551386938.89	205	215	205	215
1	"1"	"1"	6	FALSE	0	45	100	0	0	395.979797464	395.979797464	1551386938.92	222	234	222	234
1	"1"	"1"	6	FALSE	0	45	100	0	0	395.979797464	395.979797464	1551386938.96	237	250	237	250
1	"1"	"1"	6	FALSE	0	45	100	0	0	395.979797464	395.979797464	1551386938.99	255	267	255	267
1	"1"	"1"	6	FALSE	0	45	100	0	0	395.979797464	395.979797464	1551386939.02	273	282	273	282
1	"1"	"1"	6	FALSE	0	45	100	0	0	395.979797464	395.979797464	1551386939.06	285	295	285	295
1	"1"	"1"	6	FALSE	0	45	100	0	0	395.979797464	395.979797464	1551386939.09	298	312	298	312
1	"1"	"1"	6	FALSE	0	45	100	0	0	395.979797464	395.979797464	1551386939.12	312	329	312	329
1	"1"	"1"	6	FALSE	0	45	100	0	0	395.979797464	395.979797464	1551386939.16	328	346	328	346
1	"1"	"1"	6	FALSE	0	45	100	0	0	395.979797464	395.979797464	1551386939.19	343	359	343	359
1	"1"	"1"	6	FALSE	0	45	100	0	0	395.979797464	395.979797464	1551386939.22	358	372	358	372
1	"1"	"1"	6	FALSE	0	45	100	0	0	395.979797464	395.979797464	1551386939.26	371	383	371	383
1	"1"	"1"	6	FALSE	0	45	100	0	0	395.979797464	395.979797464	1551386939.29	378	390	378	390
1	"1"	"1"	6	FALSE	0	45	100	0	0	395.979797464	395.979797464	1551386939.32	383	394	383	394
1	"1"	"1"	6	FALSE	0	45	100	0	0	395.979797464	395.979797464	1551386939.36	385	395	385	395
1	"1"	"1"	7	FALSE	0	135	100	0	0	-395.979797464	395.979797464	1551386941.07	-8	0	-8	0
1	"1"	"1"	7	FALSE	0	135	100	0	0	-395.979797464	395.979797464	1551386941.09	-8	0	-8	0
1	"1"	"1"	7	FALSE	0	135	100	0	0	-395.979797464	395.979797464	1551386941.13	-8	0	-8	0
1	"1"	"1"	7	FALSE	0	135	100	0	0	-395.979797464	395.979797464	1551386941.16	-8	0	-8	0
1	"1"	"1"	7	FALSE	0	135	100	0	0	-395.979797464	395.979797464	1551386941.19	-8	0	-8	0
1	"1"	"1"	7	FALSE	0	135	100	0	0	-395.979797464	395.979797464	1551386941.23	-8	0	-8	0
1	"1"	"1"	7	FALSE	0	135	100	0	0	-395.979797464	395.979797464	1551386941.26	-8	0	-8	0
1	"1"	"1"	7	FALSE	0	135	100	0	0	-395.979797464	395.979797464	1551386941.29	-8	0	-8	0
1	"1"	"1"	7	FALSE	0	135	100	0	0	-395.979797464	395.979797464	1551386941.33	-8	0	-8	0
1	"1"	"1"	7	FALSE	0	135	100	0	0	-395.979797464	395.979797464	1551386941.36	-8	0	-8	0
1	"1"	"1"	7	FALSE	0	135	100	0	0	-395.979797464	395.979797464	1551386941.39	-8	0	-8	0
1	"1"	"1"	7	FALSE	0	135	100	0	0	-395.979797464	395.979797464	1551386941.43	-8	0	-8	0
1	"1"	"1"	7	FALSE	0	135	100	0	0	-395.979797464	395.979797464	1551386941.46	-9	3	-9	3
1	"1"	"1"	7	FALSE	0	135	100	0	0	-395.979797464	395.979797464	1551386941.49	-12	13	-12	13
1	"1"	"1"	7	FALSE	0	135	100	0	0	-395.979797464	395.979797464	1551386941.53	-24	34	-24	34
1	"1"	"1"	7	FALSE	0	135	100	0	0	-395.979797464	395.979797464	1551386941.56	-42	60	-42	60
1	"1"	"1"	7	FALSE	0	135	100	0	0	-395.979797464	395.979797464	1551386941.59	-69	94	-69	94
1	"1"	"1"	7	FALSE	0	135	100	0	0	-395.979797464	395.979797464	1551386941.63	-93	119	-93	119
1	"1"	"1"	7	FALSE	0	135	100	0	0	-395.979797464	395.979797464	1551386941.66	-122	150	-122	150
1	"1"	"1"	7	FALSE	0	135	100	0	0	-395.979797464	395.979797464	1551386941.69	-152	184	-152	184
1	"1"	"1"	7	FALSE	0	135	100	0	0	-395.979797464	395.979797464	1551386941.73	-179	212	-179	212
1	"1"	"1"	7	FALSE	0	135	100	0	0	-395.979797464	395.979797464	1551386941.76	-211	244	-211	244
1	"1"	"1"	7	FALSE	0	135	100	0	0	-395.979797464	395.979797464	1551386941.79	-235	272	-235	272
1	"1"	"1"	7	FALSE	0	135	100	0	0	-395.979797464	395.979797464	1551386941.83	-261	299	-261	299
1	"1"	"1"	7	FALSE	0	135	100	0	0	-395.979797464	395.979797464	1551386941.86	-282	320	-282	320
1	"1"	"1"	7	FALSE	0	135	100	0	0	-395.979797464	395.979797464	1551386941.89	-294	334	-294	334
1	"1"	"1"	7	FALSE	0	135	100	0	0	-395.979797464	395.979797464	1551386941.93	-305	345	-305	345
1	"1"	"1"	7	FALSE	0	135	100	0	0	-395.979797464	395.979797464	1551386941.96	-310	350	-310	350
1	"1"	"1"	7	FALSE	0	135	100	0	0	-395.979797464	395.979797464	1551386941.99	-313	353	-313	353
1	"1"	"1"	7	FALSE	0	135	100	0	0	-395.979797464	395.979797464	1551386942.03	-316	356	-316	356
1	"1"	"1"	7	FALSE	0	135	100	0	0	-395.979797464	395.979797464	1551386942.06	-322	361	-322	361
1	"1"	"1"	7	FALSE	0	135	100	0	0	-395.979797464	395.979797464	1551386942.09	-330	367	-330	367
1	"1"	"1"	7	FALSE	0	135	100	0	0	-395.979797464	395.979797464	1551386942.13	-338	374	-338	374
1	"1"	"1"	7	FALSE	0	135	100	0	0	-395.979797464	395.979797464	1551386942.16	-350	382	-350	382
1	"1"	"1"	7	FALSE	0	135	100	0	0	-395.979797464	395.979797464	1551386942.19	-358	387	-358	387
1	"1"	"1"	7	FALSE	0	135	100	0	0	-395.979797464	395.979797464	1551386942.23	-365	391	-365	391
1	"1"	"1"	7	FALSE	0	135	100	0	0	-395.979797464	395.979797464	1551386942.26	-373	394	-373	394
1	"1"	"1"	7	FALSE	0	135	100	0	0	-395.979797464	395.979797464	1551386942.29	-379	398	-379	398
1	"1"	"1"	7	FALSE	0	135	100	0	0	-395.979797464	395.979797464	1551386942.33	-385	404	-385	404
1	"1"	"1"	7	FALSE	0	135	100	0	0	-395.979797464	395.979797464	1551386942.36	-391	408	-391	408
1	"1"	"1"	7	FALSE	0	135	100	0	0	-395.979797464	395.979797464	1551386942.39	-395	411	-395	411
1	"1"	"1"	7	FALSE	0	135	100	0	0	-395.979797464	395.979797464	1551386942.43	-398	412	-398	412
1	"1"	"1"	7	FALSE	0	135	100	0	0	-395.979797464	395.979797464	1551386942.46	-399	412	-399	412
1	"1"	"1"	7	FALSE	0	135	100	0	0	-395.979797464	395.979797464	1551386942.49	-398	412	-398	412
1	"1"	"1"	7	FALSE	0	135	100	0	0	-395.979797464	395.979797464	1551386942.53	-397	410	-397	410
1	"1"	"1"	7	FALSE	0	135	100	0	0	-395.979797464	395.979797464	1551386942.56	-397	408	-397	408
1	"1"	"1"	8	FALSE	0	45	100	0	0	395.979797464	395.979797464	1551386943.94	1	-5	1	-5
1	"1"	"1"	8	FALSE	0	45	100	0	0	395.979797464	395.979797464	1551386943.96	1	-5	1	-5
1	"1"	"1"	8	FALSE	0	45	100	0	0	395.979797464	395.979797464	1551386943.99	1	-5	1	-5
1	"1"	"1"	8	FALSE	0	45	100	0	0	395.979797464	395.979797464	1551386944.03	1	-5	1	-5
1	"1"	"1"	8	FALSE	0	45	100	0	0	395.979797464	395.979797464	1551386944.06	1	-5	1	-5
1	"1"	"1"	8	FALSE	0	45	100	0	0	395.979797464	395.979797464	1551386944.09	1	-5	1	-5
1	"1"	"1"	8	FALSE	0	45	100	0	0	395.979797464	395.979797464	1551386944.13	1	-5	1	-5
1	"1"	"1"	8	FALSE	0	45	100	0	0	395.979797464	395.979797464	1551386944.16	1	-5	1	-5
1	"1"	"1"	8	FALSE	0	45	100	0	0	395.979797464	395.979797464	1551386944.19	1	-5	1	-5
1	"1"	"1"	8	FALSE	0	45	100	0	0	395.979797464	395.979797464	1551386944.23	1	-5	1	-5
1	"1"	"1"	8	FALSE	0	45	100	0	0	395.979797464	395.979797464	1551386944.26	1	-5	1	-5
1	"1"	"1"	8	FALSE	0	45	100	0	0	395.979797464	395.979797464	1551386944.29	1	-5	1	-5
1	"1"	"1"	8	FALSE	0	45	100	0	0	395.979797464	395.979797464	1551386944.33	1	-4	1	-4
1	"1"	"1"	8	FALSE	0	45	100	0	0	395.979797464	395.979797464	1551386944.36	6	2	6	2
1	"1"	"1"	8	FALSE	0	45	100	0	0	395.979797464	395.979797464	1551386944.39	12	9	12	9
1	"1"	"1"	8	FALSE	0	45	100	0	0	395.979797464	395.979797464	1551386944.43	22	21	22	21
1	"1"	"1"	8	FALSE	0	45	100	0	0	395.979797464	395.979797464	1551386944.46	33	35	33	35
1	"1"	"1"	8	FALSE	0	45	100	0	0	395.979797464	395.979797464	1551386944.49	50	53	50	53
1	"1"	"1"	8	FALSE	0	45	100	0	0	395.979797464	395.979797464	1551386944.53	74	77	74	77
1	"1"	"1"	8	FALSE	0	45	100	0	0	395.979797464	395.979797464	1551386944.56	93	95	93	95
1	"1"	"1"	8	FALSE	0	45	100	0	0	395.979797464	395.979797464	1551386944.6	116	117	116	117
1	"1"	"1"	8	FALSE	0	45	100	0	0	395.979797464	395.979797464	1551386944.63	139	138	139	138
1	"1"	"1"	8	FALSE	0	45	100	0	0	395.979797464	395.979797464	1551386944.66	161	160	161	160
1	"1"	"1"	8	FALSE	0	45	100	0	0	395.979797464	395.979797464	1551386944.7	179	179	179	179
1	"1"	"1"	8	FALSE	0	45	100	0	0	395.979797464	395.979797464	1551386944.73	198	197	198	197
1	"1"	"1"	8	FALSE	0	45	100	0	0	395.979797464	395.979797464	1551386944.76	219	218	219	218
1	"1"	"1"	8	FALSE	0	45	100	0	0	395.979797464	395.979797464	1551386944.8	236	235	236	235
1	"1"	"1"	8	FALSE	0	45	100	0	0	395.979797464	395.979797464	1551386944.83	256	253	256	253
1	"1"	"1"	8	FALSE	0	45	100	0	0	395.979797464	395.979797464	1551386944.86	274	269	274	269
1	"1"	"1"	8	FALSE	0	45	100	0	0	395.979797464	395.979797464	1551386944.9	287	283	287	283
1	"1"	"1"	8	FALSE	0	45	100	0	0	395.979797464	395.979797464	1551386944.93	308	301	308	301
1	"1"	"1"	8	FALSE	0	45	100	0	0	395.979797464	395.979797464	1551386944.96	322	313	322	313
1	"1"	"1"	8	FALSE	0	45	100	0	0	395.979797464	395.979797464	1551386945	336	325	336	325
1	"1"	"1"	8	FALSE	0	45	100	0	0	395.979797464	395.979797464	1551386945.03	353	339	353	339
1	"1"	"1"	8	FALSE	0	45	100	0	0	395.979797464	395.979797464	1551386945.06	363	347	363	347
1	"1"	"1"	8	FALSE	0	45	100	0	0	395.979797464	395.979797464	1551386945.1	371	355	371	355
1	"1"	"1"	8	FALSE	0	45	100	0	0	395.979797464	395.979797464	1551386945.13	377	361	377	361
1	"1"	"1"	8	FALSE	0	45	100	0	0	395.979797464	395.979797464	1551386945.16	387	370	387	370
1	"1"	"1"	8	FALSE	0	45	100	0	0	395.979797464	395.979797464	1551386945.2	397	378	397	378
1	"1"	"1"	8	FALSE	0	45	100	0	0	395.979797464	395.979797464	1551386945.23	405	384	405	384
1	"1"	"1"	8	FALSE	0	45	100	0	0	395.979797464	395.979797464	1551386945.26	410	387	410	387
1	"1"	"1"	8	FALSE	0	45	100	0	0	395.979797464	395.979797464	1551386945.3	411	388	411	388
1	"1"	"1"	8	FALSE	0	45	100	0	0	395.979797464	395.979797464	1551386945.33	411	388	411	388
1	"1"	"1"	8	FALSE	0	45	100	0	0	395.979797464	395.979797464	1551386945.36	411	387	411	387
1	"1"	"1"	8	FALSE	0	45	100	0	0	395.979797464	395.979797464	1551386945.4	411	387	411	387
1	"1"	"1"	8	FALSE	0	45	100	0	0	395.979797464	395.979797464	1551386945.43	411	387	411	387
1	"1"	"1"	8	FALSE	0	45	100	0	0	395.979797464	395.979797464	1551386945.46	411	388	411	388
1	"1"	"1"	8	FALSE	0	45	100	0	0	395.979797464	395.979797464	1551386945.5	409	391	409	391
1	"1"	"1"	8	FALSE	0	45	100	0	0	395.979797464	395.979797464	1551386945.53	408	394	408	394
1	"1"	"1"	9	FALSE	0	90	100	0	0	3.42901103761e-14	560	1551386947.34	-6	0	-6	0
1	"1"	"1"	9	FALSE	0	90	100	0	0	3.42901103761e-14	560	1551386947.38	-6	0	-6	0
1	"1"	"1"	9	FALSE	0	90	100	0	0	3.42901103761e-14	560	1551386947.41	-6	0	-6	0
1	"1"	"1"	9	FALSE	0	90	100	0	0	3.42901103761e-14	560	1551386947.45	-6	0	-6	0
1	"1"	"1"	9	FALSE	0	90	100	0	0	3.42901103761e-14	560	1551386947.48	-6	0	-6	0
1	"1"	"1"	9	FALSE	0	90	100	0	0	3.42901103761e-14	560	1551386947.51	-6	0	-6	0
1	"1"	"1"	9	FALSE	0	90	100	0	0	3.42901103761e-14	560	1551386947.55	-6	0	-6	0
1	"1"	"1"	9	FALSE	0	90	100	0	0	3.42901103761e-14	560	1551386947.58	-6	0	-6	0
1	"1"	"1"	9	FALSE	0	90	100	0	0	3.42901103761e-14	560	1551386947.61	-6	0	-6	0
1	"1"	"1"	9	FALSE	0	90	100	0	0	3.42901103761e-14	560	1551386947.65	-6	0	-6	0
1	"1"	"1"	9	FALSE	0	90	100	0	0	3.42901103761e-14	560	1551386947.68	-6	0	-6	0
1	"1"	"1"	9	FALSE	0	90	100	0	0	3.42901103761e-14	560	1551386947.71	-6	2	-6	2
1	"1"	"1"	9	FALSE	0	90	100	0	0	3.42901103761e-14	560	1551386947.75	-5	12	-5	12
1	"1"	"1"	9	FALSE	0	90	100	0	0	3.42901103761e-14	560	1551386947.78	-4	45	-4	45
1	"1"	"1"	9	FALSE	0	90	100	0	0	3.42901103761e-14	560	1551386947.81	-3	70	-3	70
1	"1"	"1"	9	FALSE	0	90	100	0	0	3.42901103761e-14	560	1551386947.85	-3	103	-3	103
1	"1"	"1"	9	FALSE	0	90	100	0	0	3.42901103761e-14	560	1551386947.88	-2	138	-2	138
1	"1"	"1"	9	FALSE	0	90	100	0	0	3.42901103761e-14	560	1551386947.91	-4	168	-4	168
1	"1"	"1"	9	FALSE	0	90	100	0	0	3.42901103761e-14	560	1551386947.95	-4	195	-4	195
1	"1"	"1"	9	FALSE	0	90	100	0	0	3.42901103761e-14	560	1551386947.98	-4	223	-4	223
1	"1"	"1"	9	FALSE	0	90	100	0	0	3.42901103761e-14	560	1551386948.01	-3	256	-3	256
1	"1"	"1"	9	FALSE	0	90	100	0	0	3.42901103761e-14	560	1551386948.05	-1	284	-1	284
1	"1"	"1"	9	FALSE	0	90	100	0	0	3.42901103761e-14	560	1551386948.08	1	316	1	316
1	"1"	"1"	9	FALSE	0	90	100	0	0	3.42901103761e-14	560	1551386948.11	3	347	3	347
1	"1"	"1"	9	FALSE	0	90	100	0	0	3.42901103761e-14	560	1551386948.15	6	374	6	374
1	"1"	"1"	9	FALSE	0	90	100	0	0	3.42901103761e-14	560	1551386948.18	7	395	7	395
1	"1"	"1"	9	FALSE	0	90	100	0	0	3.42901103761e-14	560	1551386948.21	8	412	8	412
1	"1"	"1"	9	FALSE	0	90	100	0	0	3.42901103761e-14	560	1551386948.25	9	429	9	429
1	"1"	"1"	9	FALSE	0	90	100	0	0	3.42901103761e-14	560	1551386948.28	11	447	11	447
1	"1"	"1"	9	FALSE	0	90	100	0	0	3.42901103761e-14	560	1551386948.31	12	460	12	460
1	"1"	"1"	9	FALSE	0	90	100	0	0	3.42901103761e-14	560	1551386948.35	12	474	12	474
1	"1"	"1"	9	FALSE	0	90	100	0	0	3.42901103761e-14	560	1551386948.38	12	486	12	486
1	"1"	"1"	9	FALSE	0	90	100	0	0	3.42901103761e-14	560	1551386948.41	11	502	11	502
1	"1"	"1"	9	FALSE	0	90	100	0	0	3.42901103761e-14	560	1551386948.45	10	512	10	512
1	"1"	"1"	9	FALSE	0	90	100	0	0	3.42901103761e-14	560	1551386948.48	9	524	9	524
1	"1"	"1"	9	FALSE	0	90	100	0	0	3.42901103761e-14	560	1551386948.51	7	537	7	537
1	"1"	"1"	9	FALSE	0	90	100	0	0	3.42901103761e-14	560	1551386948.55	6	545	6	545
1	"1"	"1"	9	FALSE	0	90	100	0	0	3.42901103761e-14	560	1551386948.58	5	552	5	552
1	"1"	"1"	9	FALSE	0	90	100	0	0	3.42901103761e-14	560	1551386948.61	3	558	3	558
1	"1"	"1"	9	FALSE	0	90	100	0	0	3.42901103761e-14	560	1551386948.65	3	563	3	563
1	"1"	"1"	9	FALSE	0	90	100	0	0	3.42901103761e-14	560	1551386948.68	3	566	3	566
