"task_num"	"task_name"	"trial_type"	"trial_num"	"terminalfeedback_bool"	"rotation_angle"	"targetangle_deg"	"targetdistance_percmax"	"homex_px"	"homey_px"	"targetx_px"	"targety_px"	"time_s"	"mousex_px"	"mousey_px"	"cursorx_px"	"cursory_px"
"3937"	9	1	1	1	0	0	135	100	0	0	-395.979797464	395.979797464	1551378917.88	-3	9	-3	9
"3938"	9	1	1	1	0	0	135	100	0	0	-395.979797464	395.979797464	1551378917.91	-3	8	-3	8
"3939"	9	1	1	1	0	0	135	100	0	0	-395.979797464	395.979797464	1551378917.95	-3	6	-3	6
"3940"	9	1	1	1	0	0	135	100	0	0	-395.979797464	395.979797464	1551378917.98	-2	2	-2	2
"3941"	9	1	1	1	0	0	135	100	0	0	-395.979797464	395.979797464	1551378918.01	-2	1	-2	1
"3942"	9	1	1	1	0	0	135	100	0	0	-395.979797464	395.979797464	1551378918.05	-2	1	-2	1
"3943"	9	1	1	1	0	0	135	100	0	0	-395.979797464	395.979797464	1551378918.08	-2	1	-2	1
"3944"	9	1	1	1	0	0	135	100	0	0	-395.979797464	395.979797464	1551378918.11	-2	1	-2	1
"3945"	9	1	1	1	0	0	135	100	0	0	-395.979797464	395.979797464	1551378918.15	-2	1	-2	1
"3946"	9	1	1	1	0	0	135	100	0	0	-395.979797464	395.979797464	1551378918.18	-2	1	-2	1
"3947"	9	1	1	1	0	0	135	100	0	0	-395.979797464	395.979797464	1551378918.21	-2	1	-2	1
"3948"	9	1	1	1	0	0	135	100	0	0	-395.979797464	395.979797464	1551378918.25	-2	1	-2	1
"3949"	9	1	1	1	0	0	135	100	0	0	-395.979797464	395.979797464	1551378918.28	-2	1	-2	1
"3950"	9	1	1	1	0	0	135	100	0	0	-395.979797464	395.979797464	1551378918.31	-2	1	-2	1
"3951"	9	1	1	1	0	0	135	100	0	0	-395.979797464	395.979797464	1551378918.35	-3	3	-3	3
"3952"	9	1	1	1	0	0	135	100	0	0	-395.979797464	395.979797464	1551378918.38	-5	9	-5	9
"3953"	9	1	1	1	0	0	135	100	0	0	-395.979797464	395.979797464	1551378918.41	-11	21	-11	21
"3954"	9	1	1	1	0	0	135	100	0	0	-395.979797464	395.979797464	1551378918.45	-18	37	-18	37
"3955"	9	1	1	1	0	0	135	100	0	0	-395.979797464	395.979797464	1551378918.48	-25	52	-25	52
"3956"	9	1	1	1	0	0	135	100	0	0	-395.979797464	395.979797464	1551378918.51	-38	80	-38	80
"3957"	9	1	1	1	0	0	135	100	0	0	-395.979797464	395.979797464	1551378918.55	-46	95	-46	95
"3958"	9	1	1	1	0	0	135	100	0	0	-395.979797464	395.979797464	1551378918.58	-58	112	-58	112
"3959"	9	1	1	1	0	0	135	100	0	0	-395.979797464	395.979797464	1551378918.61	-74	129	-74	129
"3960"	9	1	1	1	0	0	135	100	0	0	-395.979797464	395.979797464	1551378918.65	-94	145	-94	145
"3961"	9	1	1	1	0	0	135	100	0	0	-395.979797464	395.979797464	1551378918.68	-119	160	-119	160
"3962"	9	1	1	1	0	0	135	100	0	0	-395.979797464	395.979797464	1551378918.71	-135	170	-135	170
"3963"	9	1	1	1	0	0	135	100	0	0	-395.979797464	395.979797464	1551378918.75	-149	180	-149	180
"3964"	9	1	1	1	0	0	135	100	0	0	-395.979797464	395.979797464	1551378918.78	-166	191	-166	191
"3965"	9	1	1	1	0	0	135	100	0	0	-395.979797464	395.979797464	1551378918.81	-180	199	-180	199
"3966"	9	1	1	1	0	0	135	100	0	0	-395.979797464	395.979797464	1551378918.85	-200	210	-200	210
"3967"	9	1	1	1	0	0	135	100	0	0	-395.979797464	395.979797464	1551378918.88	-224	221	-224	221
"3968"	9	1	1	1	0	0	135	100	0	0	-395.979797464	395.979797464	1551378918.91	-240	229	-240	229
"3969"	9	1	1	1	0	0	135	100	0	0	-395.979797464	395.979797464	1551378918.95	-262	240	-262	240
"3970"	9	1	1	1	0	0	135	100	0	0	-395.979797464	395.979797464	1551378918.98	-284	251	-284	251
"3971"	9	1	1	1	0	0	135	100	0	0	-395.979797464	395.979797464	1551378919.01	-305	261	-305	261
"3972"	9	1	1	1	0	0	135	100	0	0	-395.979797464	395.979797464	1551378919.05	-324	268	-324	268
"3973"	9	1	1	1	0	0	135	100	0	0	-395.979797464	395.979797464	1551378919.08	-338	277	-338	277
"3974"	9	1	1	1	0	0	135	100	0	0	-395.979797464	395.979797464	1551378919.11	-348	287	-348	287
"3975"	9	1	1	1	0	0	135	100	0	0	-395.979797464	395.979797464	1551378919.15	-353	294	-353	294
"3976"	9	1	1	1	0	0	135	100	0	0	-395.979797464	395.979797464	1551378919.18	-360	301	-360	301
"3977"	9	1	1	1	0	0	135	100	0	0	-395.979797464	395.979797464	1551378919.21	-363	305	-363	305
"3978"	9	1	1	1	0	0	135	100	0	0	-395.979797464	395.979797464	1551378919.25	-366	312	-366	312
"3979"	9	1	1	1	0	0	135	100	0	0	-395.979797464	395.979797464	1551378919.28	-369	318	-369	318
"3980"	9	1	1	1	0	0	135	100	0	0	-395.979797464	395.979797464	1551378919.31	-372	325	-372	325
"3981"	9	1	1	1	0	0	135	100	0	0	-395.979797464	395.979797464	1551378919.35	-375	332	-375	332
"3982"	9	1	1	1	0	0	135	100	0	0	-395.979797464	395.979797464	1551378919.38	-378	338	-378	338
"3983"	9	1	1	1	0	0	135	100	0	0	-395.979797464	395.979797464	1551378919.41	-381	343	-381	343
"3984"	9	1	1	1	0	0	135	100	0	0	-395.979797464	395.979797464	1551378919.45	-383	347	-383	347
"3985"	9	1	1	1	0	0	135	100	0	0	-395.979797464	395.979797464	1551378919.48	-383	353	-383	353
"3986"	9	1	1	1	0	0	135	100	0	0	-395.979797464	395.979797464	1551378919.51	-383	357	-383	357
"3987"	9	1	1	1	0	0	135	100	0	0	-395.979797464	395.979797464	1551378919.55	-383	360	-383	360
"3988"	9	1	1	1	0	0	135	100	0	0	-395.979797464	395.979797464	1551378919.58	-383	365	-383	365
"3989"	9	1	1	1	0	0	135	100	0	0	-395.979797464	395.979797464	1551378919.61	-383	369	-383	369
"3990"	9	1	1	1	0	0	135	100	0	0	-395.979797464	395.979797464	1551378919.65	-385	371	-385	371
"3991"	9	1	1	1	0	0	135	100	0	0	-395.979797464	395.979797464	1551378919.68	-386	374	-386	374
"3992"	9	1	1	1	0	0	135	100	0	0	-395.979797464	395.979797464	1551378919.71	-387	376	-387	376
"3993"	9	1	1	1	0	0	135	100	0	0	-395.979797464	395.979797464	1551378919.75	-388	377	-388	377
"3994"	9	1	1	1	0	0	135	100	0	0	-395.979797464	395.979797464	1551378919.78	-389	378	-389	378
"3995"	9	1	1	1	0	0	135	100	0	0	-395.979797464	395.979797464	1551378919.81	-391	380	-391	380
"3996"	9	1	1	1	0	0	135	100	0	0	-395.979797464	395.979797464	1551378919.85	-394	384	-394	384
"3997"	9	1	1	1	0	0	135	100	0	0	-395.979797464	395.979797464	1551378919.88	-396	388	-396	388
"3998"	9	1	1	1	0	0	135	100	0	0	-395.979797464	395.979797464	1551378919.91	-397	390	-397	390
"3999"	9	1	1	2	0	0	90	100	0	0	3.42901103761e-14	560	1551378921.79	1	1	1	1
"4000"	9	1	1	2	0	0	90	100	0	0	3.42901103761e-14	560	1551378921.82	1	0	1	0
"4001"	9	1	1	2	0	0	90	100	0	0	3.42901103761e-14	560	1551378921.85	1	-3	1	-3
"4002"	9	1	1	2	0	0	90	100	0	0	3.42901103761e-14	560	1551378921.88	1	-4	1	-4
"4003"	9	1	1	2	0	0	90	100	0	0	3.42901103761e-14	560	1551378921.92	1	-4	1	-4
"4004"	9	1	1	2	0	0	90	100	0	0	3.42901103761e-14	560	1551378921.95	-1	-2	-1	-2
"4005"	9	1	1	2	0	0	90	100	0	0	3.42901103761e-14	560	1551378921.98	-3	2	-3	2
"4006"	9	1	1	2	0	0	90	100	0	0	3.42901103761e-14	560	1551378922.02	-4	3	-4	3
"4007"	9	1	1	2	0	0	90	100	0	0	3.42901103761e-14	560	1551378922.05	-4	3	-4	3
"4008"	9	1	1	2	0	0	90	100	0	0	3.42901103761e-14	560	1551378922.08	-5	4	-5	4
"4009"	9	1	1	2	0	0	90	100	0	0	3.42901103761e-14	560	1551378922.12	-6	5	-6	5
"4010"	9	1	1	2	0	0	90	100	0	0	3.42901103761e-14	560	1551378922.15	-7	8	-7	8
"4011"	9	1	1	2	0	0	90	100	0	0	3.42901103761e-14	560	1551378922.18	-9	16	-9	16
"4012"	9	1	1	2	0	0	90	100	0	0	3.42901103761e-14	560	1551378922.22	-9	39	-9	39
"4013"	9	1	1	2	0	0	90	100	0	0	3.42901103761e-14	560	1551378922.25	-4	67	-4	67
"4014"	9	1	1	2	0	0	90	100	0	0	3.42901103761e-14	560	1551378922.28	2	92	2	92
"4015"	9	1	1	2	0	0	90	100	0	0	3.42901103761e-14	560	1551378922.32	9	121	9	121
"4016"	9	1	1	2	0	0	90	100	0	0	3.42901103761e-14	560	1551378922.35	9	157	9	157
"4017"	9	1	1	2	0	0	90	100	0	0	3.42901103761e-14	560	1551378922.38	10	190	10	190
"4018"	9	1	1	2	0	0	90	100	0	0	3.42901103761e-14	560	1551378922.42	13	221	13	221
"4019"	9	1	1	2	0	0	90	100	0	0	3.42901103761e-14	560	1551378922.45	12	241	12	241
"4020"	9	1	1	2	0	0	90	100	0	0	3.42901103761e-14	560	1551378922.48	10	262	10	262
"4021"	9	1	1	2	0	0	90	100	0	0	3.42901103761e-14	560	1551378922.52	7	285	7	285
"4022"	9	1	1	2	0	0	90	100	0	0	3.42901103761e-14	560	1551378922.55	7	295	7	295
"4023"	9	1	1	2	0	0	90	100	0	0	3.42901103761e-14	560	1551378922.58	9	308	9	308
"4024"	9	1	1	2	0	0	90	100	0	0	3.42901103761e-14	560	1551378922.62	11	331	11	331
"4025"	9	1	1	2	0	0	90	100	0	0	3.42901103761e-14	560	1551378922.65	12	351	12	351
"4026"	9	1	1	2	0	0	90	100	0	0	3.42901103761e-14	560	1551378922.68	15	363	15	363
"4027"	9	1	1	2	0	0	90	100	0	0	3.42901103761e-14	560	1551378922.72	18	379	18	379
"4028"	9	1	1	2	0	0	90	100	0	0	3.42901103761e-14	560	1551378922.75	24	406	24	406
"4029"	9	1	1	2	0	0	90	100	0	0	3.42901103761e-14	560	1551378922.78	28	428	28	428
"4030"	9	1	1	2	0	0	90	100	0	0	3.42901103761e-14	560	1551378922.82	32	452	32	452
"4031"	9	1	1	2	0	0	90	100	0	0	3.42901103761e-14	560	1551378922.85	33	467	33	467
"4032"	9	1	1	2	0	0	90	100	0	0	3.42901103761e-14	560	1551378922.88	33	481	33	481
"4033"	9	1	1	2	0	0	90	100	0	0	3.42901103761e-14	560	1551378922.92	32	494	32	494
"4034"	9	1	1	2	0	0	90	100	0	0	3.42901103761e-14	560	1551378922.95	31	505	31	505
"4035"	9	1	1	2	0	0	90	100	0	0	3.42901103761e-14	560	1551378922.98	27	515	27	515
"4036"	9	1	1	2	0	0	90	100	0	0	3.42901103761e-14	560	1551378923.02	21	525	21	525
"4037"	9	1	1	2	0	0	90	100	0	0	3.42901103761e-14	560	1551378923.05	15	533	15	533
"4038"	9	1	1	2	0	0	90	100	0	0	3.42901103761e-14	560	1551378923.08	9	538	9	538
"4039"	9	1	1	2	0	0	90	100	0	0	3.42901103761e-14	560	1551378923.12	5	541	5	541
"4040"	9	1	1	2	0	0	90	100	0	0	3.42901103761e-14	560	1551378923.15	0	548	0	548
"4041"	9	1	1	2	0	0	90	100	0	0	3.42901103761e-14	560	1551378923.18	-2	552	-2	552
"4042"	9	1	1	3	0	0	45	100	0	0	395.979797464	395.979797464	1551378925.1	5	2	5	2
"4043"	9	1	1	3	0	0	45	100	0	0	395.979797464	395.979797464	1551378925.12	5	2	5	2
"4044"	9	1	1	3	0	0	45	100	0	0	395.979797464	395.979797464	1551378925.15	5	2	5	2
"4045"	9	1	1	3	0	0	45	100	0	0	395.979797464	395.979797464	1551378925.18	5	2	5	2
"4046"	9	1	1	3	0	0	45	100	0	0	395.979797464	395.979797464	1551378925.22	4	2	4	2
"4047"	9	1	1	3	0	0	45	100	0	0	395.979797464	395.979797464	1551378925.25	3	3	3	3
"4048"	9	1	1	3	0	0	45	100	0	0	395.979797464	395.979797464	1551378925.28	2	3	2	3
"4049"	9	1	1	3	0	0	45	100	0	0	395.979797464	395.979797464	1551378925.32	1	2	1	2
"4050"	9	1	1	3	0	0	45	100	0	0	395.979797464	395.979797464	1551378925.35	1	2	1	2
"4051"	9	1	1	3	0	0	45	100	0	0	395.979797464	395.979797464	1551378925.38	1	2	1	2
"4052"	9	1	1	3	0	0	45	100	0	0	395.979797464	395.979797464	1551378925.42	2	2	2	2
"4053"	9	1	1	3	0	0	45	100	0	0	395.979797464	395.979797464	1551378925.45	3	3	3	3
"4054"	9	1	1	3	0	0	45	100	0	0	395.979797464	395.979797464	1551378925.48	6	6	6	6
"4055"	9	1	1	3	0	0	45	100	0	0	395.979797464	395.979797464	1551378925.52	14	12	14	12
"4056"	9	1	1	3	0	0	45	100	0	0	395.979797464	395.979797464	1551378925.55	23	21	23	21
"4057"	9	1	1	3	0	0	45	100	0	0	395.979797464	395.979797464	1551378925.58	37	35	37	35
"4058"	9	1	1	3	0	0	45	100	0	0	395.979797464	395.979797464	1551378925.62	51	47	51	47
"4059"	9	1	1	3	0	0	45	100	0	0	395.979797464	395.979797464	1551378925.65	74	68	74	68
"4060"	9	1	1	3	0	0	45	100	0	0	395.979797464	395.979797464	1551378925.68	96	86	96	86
"4061"	9	1	1	3	0	0	45	100	0	0	395.979797464	395.979797464	1551378925.72	117	101	117	101
"4062"	9	1	1	3	0	0	45	100	0	0	395.979797464	395.979797464	1551378925.75	143	122	143	122
"4063"	9	1	1	3	0	0	45	100	0	0	395.979797464	395.979797464	1551378925.79	169	144	169	144
"4064"	9	1	1	3	0	0	45	100	0	0	395.979797464	395.979797464	1551378925.82	192	162	192	162
"4065"	9	1	1	3	0	0	45	100	0	0	395.979797464	395.979797464	1551378925.85	217	184	217	184
"4066"	9	1	1	3	0	0	45	100	0	0	395.979797464	395.979797464	1551378925.89	241	205	241	205
"4067"	9	1	1	3	0	0	45	100	0	0	395.979797464	395.979797464	1551378925.92	264	227	264	227
"4068"	9	1	1	3	0	0	45	100	0	0	395.979797464	395.979797464	1551378925.95	284	244	284	244
"4069"	9	1	1	3	0	0	45	100	0	0	395.979797464	395.979797464	1551378925.99	306	263	306	263
"4070"	9	1	1	3	0	0	45	100	0	0	395.979797464	395.979797464	1551378926.02	327	280	327	280
"4071"	9	1	1	3	0	0	45	100	0	0	395.979797464	395.979797464	1551378926.05	343	294	343	294
"4072"	9	1	1	3	0	0	45	100	0	0	395.979797464	395.979797464	1551378926.09	359	309	359	309
"4073"	9	1	1	3	0	0	45	100	0	0	395.979797464	395.979797464	1551378926.12	375	327	375	327
"4074"	9	1	1	3	0	0	45	100	0	0	395.979797464	395.979797464	1551378926.15	390	343	390	343
"4075"	9	1	1	3	0	0	45	100	0	0	395.979797464	395.979797464	1551378926.19	402	355	402	355
"4076"	9	1	1	3	0	0	45	100	0	0	395.979797464	395.979797464	1551378926.22	411	365	411	365
"4077"	9	1	1	3	0	0	45	100	0	0	395.979797464	395.979797464	1551378926.25	415	371	415	371
"4078"	9	1	1	3	0	0	45	100	0	0	395.979797464	395.979797464	1551378926.29	416	375	416	375
"4079"	9	1	1	3	0	0	45	100	0	0	395.979797464	395.979797464	1551378926.32	412	381	412	381
"4080"	9	1	1	3	0	0	45	100	0	0	395.979797464	395.979797464	1551378926.35	408	388	408	388
"4081"	9	1	1	3	0	0	45	100	0	0	395.979797464	395.979797464	1551378926.39	406	393	406	393
"4082"	9	1	1	3	0	0	45	100	0	0	395.979797464	395.979797464	1551378926.42	406	396	406	396
"4083"	9	1	1	4	0	0	90	100	0	0	3.42901103761e-14	560	1551378928.2	2	8	2	8
"4084"	9	1	1	4	0	0	90	100	0	0	3.42901103761e-14	560	1551378928.22	3	6	3	6
"4085"	9	1	1	4	0	0	90	100	0	0	3.42901103761e-14	560	1551378928.25	3	4	3	4
"4086"	9	1	1	4	0	0	90	100	0	0	3.42901103761e-14	560	1551378928.29	3	1	3	1
"4087"	9	1	1	4	0	0	90	100	0	0	3.42901103761e-14	560	1551378928.32	3	1	3	1
"4088"	9	1	1	4	0	0	90	100	0	0	3.42901103761e-14	560	1551378928.35	3	1	3	1
"4089"	9	1	1	4	0	0	90	100	0	0	3.42901103761e-14	560	1551378928.39	3	1	3	1
"4090"	9	1	1	4	0	0	90	100	0	0	3.42901103761e-14	560	1551378928.42	3	1	3	1
"4091"	9	1	1	4	0	0	90	100	0	0	3.42901103761e-14	560	1551378928.45	3	1	3	1
"4092"	9	1	1	4	0	0	90	100	0	0	3.42901103761e-14	560	1551378928.49	3	1	3	1
"4093"	9	1	1	4	0	0	90	100	0	0	3.42901103761e-14	560	1551378928.52	2	3	2	3
"4094"	9	1	1	4	0	0	90	100	0	0	3.42901103761e-14	560	1551378928.55	0	10	0	10
"4095"	9	1	1	4	0	0	90	100	0	0	3.42901103761e-14	560	1551378928.59	-2	23	-2	23
"4096"	9	1	1	4	0	0	90	100	0	0	3.42901103761e-14	560	1551378928.62	-2	39	-2	39
"4097"	9	1	1	4	0	0	90	100	0	0	3.42901103761e-14	560	1551378928.65	-2	57	-2	57
"4098"	9	1	1	4	0	0	90	100	0	0	3.42901103761e-14	560	1551378928.69	-1	80	-1	80
"4099"	9	1	1	4	0	0	90	100	0	0	3.42901103761e-14	560	1551378928.72	0	91	0	91
"4100"	9	1	1	4	0	0	90	100	0	0	3.42901103761e-14	560	1551378928.75	2	104	2	104
"4101"	9	1	1	4	0	0	90	100	0	0	3.42901103761e-14	560	1551378928.79	3	119	3	119
"4102"	9	1	1	4	0	0	90	100	0	0	3.42901103761e-14	560	1551378928.82	5	131	5	131
"4103"	9	1	1	4	0	0	90	100	0	0	3.42901103761e-14	560	1551378928.85	5	144	5	144
"4104"	9	1	1	4	0	0	90	100	0	0	3.42901103761e-14	560	1551378928.89	6	158	6	158
"4105"	9	1	1	4	0	0	90	100	0	0	3.42901103761e-14	560	1551378928.92	8	180	8	180
"4106"	9	1	1	4	0	0	90	100	0	0	3.42901103761e-14	560	1551378928.95	10	198	10	198
"4107"	9	1	1	4	0	0	90	100	0	0	3.42901103761e-14	560	1551378928.99	13	222	13	222
"4108"	9	1	1	4	0	0	90	100	0	0	3.42901103761e-14	560	1551378929.02	15	244	15	244
"4109"	9	1	1	4	0	0	90	100	0	0	3.42901103761e-14	560	1551378929.05	17	265	17	265
"4110"	9	1	1	4	0	0	90	100	0	0	3.42901103761e-14	560	1551378929.09	19	287	19	287
"4111"	9	1	1	4	0	0	90	100	0	0	3.42901103761e-14	560	1551378929.12	19	302	19	302
"4112"	9	1	1	4	0	0	90	100	0	0	3.42901103761e-14	560	1551378929.15	19	316	19	316
"4113"	9	1	1	4	0	0	90	100	0	0	3.42901103761e-14	560	1551378929.19	18	329	18	329
"4114"	9	1	1	4	0	0	90	100	0	0	3.42901103761e-14	560	1551378929.22	17	340	17	340
"4115"	9	1	1	4	0	0	90	100	0	0	3.42901103761e-14	560	1551378929.25	14	351	14	351
"4116"	9	1	1	4	0	0	90	100	0	0	3.42901103761e-14	560	1551378929.29	10	363	10	363
"4117"	9	1	1	4	0	0	90	100	0	0	3.42901103761e-14	560	1551378929.32	5	378	5	378
"4118"	9	1	1	4	0	0	90	100	0	0	3.42901103761e-14	560	1551378929.35	0	395	0	395
"4119"	9	1	1	4	0	0	90	100	0	0	3.42901103761e-14	560	1551378929.39	-3	406	-3	406
"4120"	9	1	1	4	0	0	90	100	0	0	3.42901103761e-14	560	1551378929.42	-3	416	-3	416
"4121"	9	1	1	4	0	0	90	100	0	0	3.42901103761e-14	560	1551378929.45	-3	424	-3	424
"4122"	9	1	1	4	0	0	90	100	0	0	3.42901103761e-14	560	1551378929.49	-3	434	-3	434
"4123"	9	1	1	4	0	0	90	100	0	0	3.42901103761e-14	560	1551378929.52	-4	442	-4	442
"4124"	9	1	1	4	0	0	90	100	0	0	3.42901103761e-14	560	1551378929.55	-4	450	-4	450
"4125"	9	1	1	4	0	0	90	100	0	0	3.42901103761e-14	560	1551378929.59	-4	458	-4	458
"4126"	9	1	1	4	0	0	90	100	0	0	3.42901103761e-14	560	1551378929.62	-3	466	-3	466
"4127"	9	1	1	4	0	0	90	100	0	0	3.42901103761e-14	560	1551378929.65	-1	474	-1	474
"4128"	9	1	1	4	0	0	90	100	0	0	3.42901103761e-14	560	1551378929.69	0	482	0	482
"4129"	9	1	1	4	0	0	90	100	0	0	3.42901103761e-14	560	1551378929.72	2	488	2	488
"4130"	9	1	1	4	0	0	90	100	0	0	3.42901103761e-14	560	1551378929.75	3	492	3	492
"4131"	9	1	1	4	0	0	90	100	0	0	3.42901103761e-14	560	1551378929.79	3	496	3	496
"4132"	9	1	1	4	0	0	90	100	0	0	3.42901103761e-14	560	1551378929.82	4	500	4	500
"4133"	9	1	1	4	0	0	90	100	0	0	3.42901103761e-14	560	1551378929.85	5	503	5	503
"4134"	9	1	1	4	0	0	90	100	0	0	3.42901103761e-14	560	1551378929.89	5	509	5	509
"4135"	9	1	1	4	0	0	90	100	0	0	3.42901103761e-14	560	1551378929.92	6	515	6	515
"4136"	9	1	1	4	0	0	90	100	0	0	3.42901103761e-14	560	1551378929.96	6	523	6	523
"4137"	9	1	1	4	0	0	90	100	0	0	3.42901103761e-14	560	1551378929.99	6	531	6	531
"4138"	9	1	1	4	0	0	90	100	0	0	3.42901103761e-14	560	1551378930.02	5	536	5	536
"4139"	9	1	1	4	0	0	90	100	0	0	3.42901103761e-14	560	1551378930.06	4	539	4	539
"4140"	9	1	1	4	0	0	90	100	0	0	3.42901103761e-14	560	1551378930.09	3	543	3	543
"4141"	9	1	1	4	0	0	90	100	0	0	3.42901103761e-14	560	1551378930.12	1	548	1	548
"4142"	9	1	1	4	0	0	90	100	0	0	3.42901103761e-14	560	1551378930.16	0	553	0	553
"4143"	9	1	1	4	0	0	90	100	0	0	3.42901103761e-14	560	1551378930.19	0	557	0	557
"4144"	9	1	1	5	0	0	45	100	0	0	395.979797464	395.979797464	1551378931.8	0	-4	0	-4
"4145"	9	1	1	5	0	0	45	100	0	0	395.979797464	395.979797464	1551378931.84	0	-4	0	-4
"4146"	9	1	1	5	0	0	45	100	0	0	395.979797464	395.979797464	1551378931.87	0	-4	0	-4
"4147"	9	1	1	5	0	0	45	100	0	0	395.979797464	395.979797464	1551378931.91	0	-4	0	-4
"4148"	9	1	1	5	0	0	45	100	0	0	395.979797464	395.979797464	1551378931.94	0	-4	0	-4
"4149"	9	1	1	5	0	0	45	100	0	0	395.979797464	395.979797464	1551378931.97	0	-4	0	-4
"4150"	9	1	1	5	0	0	45	100	0	0	395.979797464	395.979797464	1551378932.01	0	-3	0	-3
"4151"	9	1	1	5	0	0	45	100	0	0	395.979797464	395.979797464	1551378932.04	2	0	2	0
"4152"	9	1	1	5	0	0	45	100	0	0	395.979797464	395.979797464	1551378932.07	2	1	2	1
"4153"	9	1	1	5	0	0	45	100	0	0	395.979797464	395.979797464	1551378932.11	2	1	2	1
"4154"	9	1	1	5	0	0	45	100	0	0	395.979797464	395.979797464	1551378932.14	2	1	2	1
"4155"	9	1	1	5	0	0	45	100	0	0	395.979797464	395.979797464	1551378932.17	3	3	3	3
"4156"	9	1	1	5	0	0	45	100	0	0	395.979797464	395.979797464	1551378932.21	6	12	6	12
"4157"	9	1	1	5	0	0	45	100	0	0	395.979797464	395.979797464	1551378932.24	15	27	15	27
"4158"	9	1	1	5	0	0	45	100	0	0	395.979797464	395.979797464	1551378932.27	34	50	34	50
"4159"	9	1	1	5	0	0	45	100	0	0	395.979797464	395.979797464	1551378932.31	54	75	54	75
"4160"	9	1	1	5	0	0	45	100	0	0	395.979797464	395.979797464	1551378932.34	81	105	81	105
"4161"	9	1	1	5	0	0	45	100	0	0	395.979797464	395.979797464	1551378932.37	109	138	109	138
"4162"	9	1	1	5	0	0	45	100	0	0	395.979797464	395.979797464	1551378932.41	135	168	135	168
"4163"	9	1	1	5	0	0	45	100	0	0	395.979797464	395.979797464	1551378932.44	156	191	156	191
"4164"	9	1	1	5	0	0	45	100	0	0	395.979797464	395.979797464	1551378932.47	179	217	179	217
"4165"	9	1	1	5	0	0	45	100	0	0	395.979797464	395.979797464	1551378932.51	200	239	200	239
"4166"	9	1	1	5	0	0	45	100	0	0	395.979797464	395.979797464	1551378932.54	214	252	214	252
"4167"	9	1	1	5	0	0	45	100	0	0	395.979797464	395.979797464	1551378932.57	231	270	231	270
"4168"	9	1	1	5	0	0	45	100	0	0	395.979797464	395.979797464	1551378932.61	252	294	252	294
"4169"	9	1	1	5	0	0	45	100	0	0	395.979797464	395.979797464	1551378932.64	263	306	263	306
"4170"	9	1	1	5	0	0	45	100	0	0	395.979797464	395.979797464	1551378932.67	279	321	279	321
"4171"	9	1	1	5	0	0	45	100	0	0	395.979797464	395.979797464	1551378932.71	296	335	296	335
"4172"	9	1	1	5	0	0	45	100	0	0	395.979797464	395.979797464	1551378932.74	313	349	313	349
"4173"	9	1	1	5	0	0	45	100	0	0	395.979797464	395.979797464	1551378932.77	326	357	326	357
"4174"	9	1	1	5	0	0	45	100	0	0	395.979797464	395.979797464	1551378932.81	338	365	338	365
"4175"	9	1	1	5	0	0	45	100	0	0	395.979797464	395.979797464	1551378932.84	349	373	349	373
"4176"	9	1	1	5	0	0	45	100	0	0	395.979797464	395.979797464	1551378932.87	357	378	357	378
"4177"	9	1	1	5	0	0	45	100	0	0	395.979797464	395.979797464	1551378932.91	365	383	365	383
"4178"	9	1	1	5	0	0	45	100	0	0	395.979797464	395.979797464	1551378932.94	374	388	374	388
"4179"	9	1	1	5	0	0	45	100	0	0	395.979797464	395.979797464	1551378932.97	382	393	382	393
"4180"	9	1	1	5	0	0	45	100	0	0	395.979797464	395.979797464	1551378933.01	388	396	388	396
"4181"	9	1	1	5	0	0	45	100	0	0	395.979797464	395.979797464	1551378933.04	393	400	393	400
"4182"	9	1	1	5	0	0	45	100	0	0	395.979797464	395.979797464	1551378933.07	399	406	399	406
"4183"	9	1	1	5	0	0	45	100	0	0	395.979797464	395.979797464	1551378933.11	401	408	401	408
"4184"	9	1	1	6	0	0	135	100	0	0	-395.979797464	395.979797464	1551378935.09	1	-1	1	-1
"4185"	9	1	1	6	0	0	135	100	0	0	-395.979797464	395.979797464	1551378935.11	1	-1	1	-1
"4186"	9	1	1	6	0	0	135	100	0	0	-395.979797464	395.979797464	1551378935.14	1	-1	1	-1
"4187"	9	1	1	6	0	0	135	100	0	0	-395.979797464	395.979797464	1551378935.18	1	-1	1	-1
"4188"	9	1	1	6	0	0	135	100	0	0	-395.979797464	395.979797464	1551378935.21	1	-1	1	-1
"4189"	9	1	1	6	0	0	135	100	0	0	-395.979797464	395.979797464	1551378935.24	1	-1	1	-1
"4190"	9	1	1	6	0	0	135	100	0	0	-395.979797464	395.979797464	1551378935.28	1	-1	1	-1
"4191"	9	1	1	6	0	0	135	100	0	0	-395.979797464	395.979797464	1551378935.31	1	-1	1	-1
"4192"	9	1	1	6	0	0	135	100	0	0	-395.979797464	395.979797464	1551378935.34	1	-1	1	-1
"4193"	9	1	1	6	0	0	135	100	0	0	-395.979797464	395.979797464	1551378935.38	1	-1	1	-1
"4194"	9	1	1	6	0	0	135	100	0	0	-395.979797464	395.979797464	1551378935.41	1	-1	1	-1
"4195"	9	1	1	6	0	0	135	100	0	0	-395.979797464	395.979797464	1551378935.44	1	-1	1	-1
"4196"	9	1	1	6	0	0	135	100	0	0	-395.979797464	395.979797464	1551378935.48	-1	1	-1	1
"4197"	9	1	1	6	0	0	135	100	0	0	-395.979797464	395.979797464	1551378935.51	-9	11	-9	11
"4198"	9	1	1	6	0	0	135	100	0	0	-395.979797464	395.979797464	1551378935.54	-19	24	-19	24
"4199"	9	1	1	6	0	0	135	100	0	0	-395.979797464	395.979797464	1551378935.58	-34	42	-34	42
"4200"	9	1	1	6	0	0	135	100	0	0	-395.979797464	395.979797464	1551378935.61	-55	68	-55	68
"4201"	9	1	1	6	0	0	135	100	0	0	-395.979797464	395.979797464	1551378935.64	-71	88	-71	88
"4202"	9	1	1	6	0	0	135	100	0	0	-395.979797464	395.979797464	1551378935.68	-87	105	-87	105
"4203"	9	1	1	6	0	0	135	100	0	0	-395.979797464	395.979797464	1551378935.71	-101	120	-101	120
"4204"	9	1	1	6	0	0	135	100	0	0	-395.979797464	395.979797464	1551378935.74	-115	136	-115	136
"4205"	9	1	1	6	0	0	135	100	0	0	-395.979797464	395.979797464	1551378935.78	-128	149	-128	149
"4206"	9	1	1	6	0	0	135	100	0	0	-395.979797464	395.979797464	1551378935.81	-142	162	-142	162
"4207"	9	1	1	6	0	0	135	100	0	0	-395.979797464	395.979797464	1551378935.84	-158	179	-158	179
"4208"	9	1	1	6	0	0	135	100	0	0	-395.979797464	395.979797464	1551378935.88	-178	195	-178	195
"4209"	9	1	1	6	0	0	135	100	0	0	-395.979797464	395.979797464	1551378935.91	-199	210	-199	210
"4210"	9	1	1	6	0	0	135	100	0	0	-395.979797464	395.979797464	1551378935.94	-221	226	-221	226
"4211"	9	1	1	6	0	0	135	100	0	0	-395.979797464	395.979797464	1551378935.98	-239	240	-239	240
"4212"	9	1	1	6	0	0	135	100	0	0	-395.979797464	395.979797464	1551378936.01	-259	254	-259	254
"4213"	9	1	1	6	0	0	135	100	0	0	-395.979797464	395.979797464	1551378936.04	-273	263	-273	263
"4214"	9	1	1	6	0	0	135	100	0	0	-395.979797464	395.979797464	1551378936.08	-290	275	-290	275
"4215"	9	1	1	6	0	0	135	100	0	0	-395.979797464	395.979797464	1551378936.11	-302	284	-302	284
"4216"	9	1	1	6	0	0	135	100	0	0	-395.979797464	395.979797464	1551378936.14	-316	295	-316	295
"4217"	9	1	1	6	0	0	135	100	0	0	-395.979797464	395.979797464	1551378936.18	-329	306	-329	306
"4218"	9	1	1	6	0	0	135	100	0	0	-395.979797464	395.979797464	1551378936.21	-340	316	-340	316
"4219"	9	1	1	6	0	0	135	100	0	0	-395.979797464	395.979797464	1551378936.24	-352	329	-352	329
"4220"	9	1	1	6	0	0	135	100	0	0	-395.979797464	395.979797464	1551378936.28	-364	341	-364	341
"4221"	9	1	1	6	0	0	135	100	0	0	-395.979797464	395.979797464	1551378936.31	-373	354	-373	354
"4222"	9	1	1	6	0	0	135	100	0	0	-395.979797464	395.979797464	1551378936.34	-378	363	-378	363
"4223"	9	1	1	6	0	0	135	100	0	0	-395.979797464	395.979797464	1551378936.38	-382	371	-382	371
"4224"	9	1	1	6	0	0	135	100	0	0	-395.979797464	395.979797464	1551378936.41	-385	377	-385	377
"4225"	9	1	1	6	0	0	135	100	0	0	-395.979797464	395.979797464	1551378936.44	-385	382	-385	382
"4226"	9	1	1	6	0	0	135	100	0	0	-395.979797464	395.979797464	1551378936.48	-385	387	-385	387
"4227"	9	1	1	6	0	0	135	100	0	0	-395.979797464	395.979797464	1551378936.51	-385	390	-385	390
"4228"	9	1	1	6	0	0	135	100	0	0	-395.979797464	395.979797464	1551378936.54	-386	393	-386	393
"4229"	9	1	1	6	0	0	135	100	0	0	-395.979797464	395.979797464	1551378936.58	-386	395	-386	395
"4230"	9	1	1	6	0	0	135	100	0	0	-395.979797464	395.979797464	1551378936.61	-387	398	-387	398
"4231"	9	1	1	7	0	0	90	100	0	0	3.42901103761e-14	560	1551378938.46	7	-2	7	-2
"4232"	9	1	1	7	0	0	90	100	0	0	3.42901103761e-14	560	1551378938.48	7	-2	7	-2
"4233"	9	1	1	7	0	0	90	100	0	0	3.42901103761e-14	560	1551378938.51	6	-2	6	-2
"4234"	9	1	1	7	0	0	90	100	0	0	3.42901103761e-14	560	1551378938.55	6	-2	6	-2
"4235"	9	1	1	7	0	0	90	100	0	0	3.42901103761e-14	560	1551378938.58	3	0	3	0
"4236"	9	1	1	7	0	0	90	100	0	0	3.42901103761e-14	560	1551378938.61	1	0	1	0
"4237"	9	1	1	7	0	0	90	100	0	0	3.42901103761e-14	560	1551378938.65	1	0	1	0
"4238"	9	1	1	7	0	0	90	100	0	0	3.42901103761e-14	560	1551378938.68	1	0	1	0
"4239"	9	1	1	7	0	0	90	100	0	0	3.42901103761e-14	560	1551378938.71	1	0	1	0
"4240"	9	1	1	7	0	0	90	100	0	0	3.42901103761e-14	560	1551378938.75	1	0	1	0
"4241"	9	1	1	7	0	0	90	100	0	0	3.42901103761e-14	560	1551378938.78	1	1	1	1
"4242"	9	1	1	7	0	0	90	100	0	0	3.42901103761e-14	560	1551378938.81	1	8	1	8
"4243"	9	1	1	7	0	0	90	100	0	0	3.42901103761e-14	560	1551378938.85	-1	23	-1	23
"4244"	9	1	1	7	0	0	90	100	0	0	3.42901103761e-14	560	1551378938.88	-3	47	-3	47
"4245"	9	1	1	7	0	0	90	100	0	0	3.42901103761e-14	560	1551378938.91	-2	74	-2	74
"4246"	9	1	1	7	0	0	90	100	0	0	3.42901103761e-14	560	1551378938.95	1	100	1	100
"4247"	9	1	1	7	0	0	90	100	0	0	3.42901103761e-14	560	1551378938.98	6	131	6	131
"4248"	9	1	1	7	0	0	90	100	0	0	3.42901103761e-14	560	1551378939.01	10	162	10	162
"4249"	9	1	1	7	0	0	90	100	0	0	3.42901103761e-14	560	1551378939.05	13	190	13	190
"4250"	9	1	1	7	0	0	90	100	0	0	3.42901103761e-14	560	1551378939.08	17	224	17	224
"4251"	9	1	1	7	0	0	90	100	0	0	3.42901103761e-14	560	1551378939.11	21	257	21	257
"4252"	9	1	1	7	0	0	90	100	0	0	3.42901103761e-14	560	1551378939.15	24	289	24	289
"4253"	9	1	1	7	0	0	90	100	0	0	3.42901103761e-14	560	1551378939.18	26	325	26	325
"4254"	9	1	1	7	0	0	90	100	0	0	3.42901103761e-14	560	1551378939.21	27	352	27	352
"4255"	9	1	1	7	0	0	90	100	0	0	3.42901103761e-14	560	1551378939.25	25	377	25	377
"4256"	9	1	1	7	0	0	90	100	0	0	3.42901103761e-14	560	1551378939.28	24	397	24	397
"4257"	9	1	1	7	0	0	90	100	0	0	3.42901103761e-14	560	1551378939.31	23	410	23	410
"4258"	9	1	1	7	0	0	90	100	0	0	3.42901103761e-14	560	1551378939.35	20	424	20	424
"4259"	9	1	1	7	0	0	90	100	0	0	3.42901103761e-14	560	1551378939.38	18	438	18	438
"4260"	9	1	1	7	0	0	90	100	0	0	3.42901103761e-14	560	1551378939.41	17	453	17	453
"4261"	9	1	1	7	0	0	90	100	0	0	3.42901103761e-14	560	1551378939.45	16	466	16	466
"4262"	9	1	1	7	0	0	90	100	0	0	3.42901103761e-14	560	1551378939.48	15	485	15	485
"4263"	9	1	1	7	0	0	90	100	0	0	3.42901103761e-14	560	1551378939.51	13	501	13	501
"4264"	9	1	1	7	0	0	90	100	0	0	3.42901103761e-14	560	1551378939.55	10	514	10	514
"4265"	9	1	1	7	0	0	90	100	0	0	3.42901103761e-14	560	1551378939.58	7	530	7	530
"4266"	9	1	1	7	0	0	90	100	0	0	3.42901103761e-14	560	1551378939.61	6	543	6	543
"4267"	9	1	1	7	0	0	90	100	0	0	3.42901103761e-14	560	1551378939.65	4	552	4	552
"4268"	9	1	1	7	0	0	90	100	0	0	3.42901103761e-14	560	1551378939.68	4	555	4	555
"4269"	9	1	1	8	0	0	45	100	0	0	395.979797464	395.979797464	1551378941.13	0	8	0	8
"4270"	9	1	1	8	0	0	45	100	0	0	395.979797464	395.979797464	1551378941.15	0	7	0	7
"4271"	9	1	1	8	0	0	45	100	0	0	395.979797464	395.979797464	1551378941.18	0	5	0	5
"4272"	9	1	1	8	0	0	45	100	0	0	395.979797464	395.979797464	1551378941.21	0	5	0	5
"4273"	9	1	1	8	0	0	45	100	0	0	395.979797464	395.979797464	1551378941.25	-1	5	-1	5
"4274"	9	1	1	8	0	0	45	100	0	0	395.979797464	395.979797464	1551378941.28	-1	3	-1	3
"4275"	9	1	1	8	0	0	45	100	0	0	395.979797464	395.979797464	1551378941.31	-1	1	-1	1
"4276"	9	1	1	8	0	0	45	100	0	0	395.979797464	395.979797464	1551378941.35	-1	1	-1	1
"4277"	9	1	1	8	0	0	45	100	0	0	395.979797464	395.979797464	1551378941.38	-1	0	-1	0
"4278"	9	1	1	8	0	0	45	100	0	0	395.979797464	395.979797464	1551378941.41	-1	0	-1	0
"4279"	9	1	1	8	0	0	45	100	0	0	395.979797464	395.979797464	1551378941.45	-1	0	-1	0
"4280"	9	1	1	8	0	0	45	100	0	0	395.979797464	395.979797464	1551378941.48	-1	2	-1	2
"4281"	9	1	1	8	0	0	45	100	0	0	395.979797464	395.979797464	1551378941.51	3	10	3	10
"4282"	9	1	1	8	0	0	45	100	0	0	395.979797464	395.979797464	1551378941.55	10	24	10	24
"4283"	9	1	1	8	0	0	45	100	0	0	395.979797464	395.979797464	1551378941.58	19	35	19	35
"4284"	9	1	1	8	0	0	45	100	0	0	395.979797464	395.979797464	1551378941.61	30	48	30	48
"4285"	9	1	1	8	0	0	45	100	0	0	395.979797464	395.979797464	1551378941.65	43	63	43	63
"4286"	9	1	1	8	0	0	45	100	0	0	395.979797464	395.979797464	1551378941.68	57	80	57	80
"4287"	9	1	1	8	0	0	45	100	0	0	395.979797464	395.979797464	1551378941.71	71	96	71	96
"4288"	9	1	1	8	0	0	45	100	0	0	395.979797464	395.979797464	1551378941.75	93	120	93	120
"4289"	9	1	1	8	0	0	45	100	0	0	395.979797464	395.979797464	1551378941.78	113	140	113	140
"4290"	9	1	1	8	0	0	45	100	0	0	395.979797464	395.979797464	1551378941.81	132	159	132	159
"4291"	9	1	1	8	0	0	45	100	0	0	395.979797464	395.979797464	1551378941.85	158	179	158	179
"4292"	9	1	1	8	0	0	45	100	0	0	395.979797464	395.979797464	1551378941.88	184	199	184	199
"4293"	9	1	1	8	0	0	45	100	0	0	395.979797464	395.979797464	1551378941.91	211	222	211	222
"4294"	9	1	1	8	0	0	45	100	0	0	395.979797464	395.979797464	1551378941.95	234	241	234	241
"4295"	9	1	1	8	0	0	45	100	0	0	395.979797464	395.979797464	1551378941.98	259	261	259	261
"4296"	9	1	1	8	0	0	45	100	0	0	395.979797464	395.979797464	1551378942.01	282	279	282	279
"4297"	9	1	1	8	0	0	45	100	0	0	395.979797464	395.979797464	1551378942.05	295	290	295	290
"4298"	9	1	1	8	0	0	45	100	0	0	395.979797464	395.979797464	1551378942.08	310	304	310	304
"4299"	9	1	1	8	0	0	45	100	0	0	395.979797464	395.979797464	1551378942.11	322	317	322	317
"4300"	9	1	1	8	0	0	45	100	0	0	395.979797464	395.979797464	1551378942.15	328	323	328	323
"4301"	9	1	1	8	0	0	45	100	0	0	395.979797464	395.979797464	1551378942.18	333	328	333	328
"4302"	9	1	1	8	0	0	45	100	0	0	395.979797464	395.979797464	1551378942.21	337	331	337	331
"4303"	9	1	1	8	0	0	45	100	0	0	395.979797464	395.979797464	1551378942.25	341	336	341	336
"4304"	9	1	1	8	0	0	45	100	0	0	395.979797464	395.979797464	1551378942.28	345	340	345	340
"4305"	9	1	1	8	0	0	45	100	0	0	395.979797464	395.979797464	1551378942.31	350	345	350	345
"4306"	9	1	1	8	0	0	45	100	0	0	395.979797464	395.979797464	1551378942.35	357	353	357	353
"4307"	9	1	1	8	0	0	45	100	0	0	395.979797464	395.979797464	1551378942.38	364	360	364	360
"4308"	9	1	1	8	0	0	45	100	0	0	395.979797464	395.979797464	1551378942.41	374	368	374	368
"4309"	9	1	1	8	0	0	45	100	0	0	395.979797464	395.979797464	1551378942.45	383	376	383	376
"4310"	9	1	1	8	0	0	45	100	0	0	395.979797464	395.979797464	1551378942.48	388	383	388	383
"4311"	9	1	1	8	0	0	45	100	0	0	395.979797464	395.979797464	1551378942.51	390	386	390	386
"4312"	9	1	1	8	0	0	45	100	0	0	395.979797464	395.979797464	1551378942.55	391	389	391	389
"4313"	9	1	1	8	0	0	45	100	0	0	395.979797464	395.979797464	1551378942.58	392	391	392	391
"4314"	9	1	1	9	0	0	135	100	0	0	-395.979797464	395.979797464	1551378944.13	3	4	3	4
"4315"	9	1	1	9	0	0	135	100	0	0	-395.979797464	395.979797464	1551378944.15	3	3	3	3
"4316"	9	1	1	9	0	0	135	100	0	0	-395.979797464	395.979797464	1551378944.18	2	0	2	0
"4317"	9	1	1	9	0	0	135	100	0	0	-395.979797464	395.979797464	1551378944.22	1	-2	1	-2
"4318"	9	1	1	9	0	0	135	100	0	0	-395.979797464	395.979797464	1551378944.25	0	-2	0	-2
"4319"	9	1	1	9	0	0	135	100	0	0	-395.979797464	395.979797464	1551378944.28	0	-2	0	-2
"4320"	9	1	1	9	0	0	135	100	0	0	-395.979797464	395.979797464	1551378944.32	0	-2	0	-2
"4321"	9	1	1	9	0	0	135	100	0	0	-395.979797464	395.979797464	1551378944.35	0	-2	0	-2
"4322"	9	1	1	9	0	0	135	100	0	0	-395.979797464	395.979797464	1551378944.38	0	-2	0	-2
"4323"	9	1	1	9	0	0	135	100	0	0	-395.979797464	395.979797464	1551378944.42	0	-2	0	-2
"4324"	9	1	1	9	0	0	135	100	0	0	-395.979797464	395.979797464	1551378944.45	-1	-1	-1	-1
"4325"	9	1	1	9	0	0	135	100	0	0	-395.979797464	395.979797464	1551378944.48	-9	8	-9	8
"4326"	9	1	1	9	0	0	135	100	0	0	-395.979797464	395.979797464	1551378944.52	-28	33	-28	33
"4327"	9	1	1	9	0	0	135	100	0	0	-395.979797464	395.979797464	1551378944.55	-44	51	-44	51
"4328"	9	1	1	9	0	0	135	100	0	0	-395.979797464	395.979797464	1551378944.58	-63	68	-63	68
"4329"	9	1	1	9	0	0	135	100	0	0	-395.979797464	395.979797464	1551378944.62	-84	84	-84	84
"4330"	9	1	1	9	0	0	135	100	0	0	-395.979797464	395.979797464	1551378944.65	-101	96	-101	96
"4331"	9	1	1	9	0	0	135	100	0	0	-395.979797464	395.979797464	1551378944.68	-120	108	-120	108
"4332"	9	1	1	9	0	0	135	100	0	0	-395.979797464	395.979797464	1551378944.72	-139	121	-139	121
"4333"	9	1	1	9	0	0	135	100	0	0	-395.979797464	395.979797464	1551378944.75	-161	134	-161	134
"4334"	9	1	1	9	0	0	135	100	0	0	-395.979797464	395.979797464	1551378944.78	-193	150	-193	150
"4335"	9	1	1	9	0	0	135	100	0	0	-395.979797464	395.979797464	1551378944.82	-219	162	-219	162
"4336"	9	1	1	9	0	0	135	100	0	0	-395.979797464	395.979797464	1551378944.85	-247	180	-247	180
"4337"	9	1	1	9	0	0	135	100	0	0	-395.979797464	395.979797464	1551378944.88	-274	200	-274	200
"4338"	9	1	1	9	0	0	135	100	0	0	-395.979797464	395.979797464	1551378944.92	-294	217	-294	217
"4339"	9	1	1	9	0	0	135	100	0	0	-395.979797464	395.979797464	1551378944.95	-314	234	-314	234
"4340"	9	1	1	9	0	0	135	100	0	0	-395.979797464	395.979797464	1551378944.98	-327	247	-327	247
"4341"	9	1	1	9	0	0	135	100	0	0	-395.979797464	395.979797464	1551378945.02	-344	263	-344	263
"4342"	9	1	1	9	0	0	135	100	0	0	-395.979797464	395.979797464	1551378945.05	-359	278	-359	278
"4343"	9	1	1	9	0	0	135	100	0	0	-395.979797464	395.979797464	1551378945.08	-373	292	-373	292
"4344"	9	1	1	9	0	0	135	100	0	0	-395.979797464	395.979797464	1551378945.12	-383	305	-383	305
"4345"	9	1	1	9	0	0	135	100	0	0	-395.979797464	395.979797464	1551378945.15	-390	315	-390	315
"4346"	9	1	1	9	0	0	135	100	0	0	-395.979797464	395.979797464	1551378945.18	-395	326	-395	326
"4347"	9	1	1	9	0	0	135	100	0	0	-395.979797464	395.979797464	1551378945.22	-397	338	-397	338
"4348"	9	1	1	9	0	0	135	100	0	0	-395.979797464	395.979797464	1551378945.25	-398	346	-398	346
"4349"	9	1	1	9	0	0	135	100	0	0	-395.979797464	395.979797464	1551378945.28	-397	354	-397	354
"4350"	9	1	1	9	0	0	135	100	0	0	-395.979797464	395.979797464	1551378945.32	-397	359	-397	359
"4351"	9	1	1	9	0	0	135	100	0	0	-395.979797464	395.979797464	1551378945.35	-397	367	-397	367
"4352"	9	1	1	9	0	0	135	100	0	0	-395.979797464	395.979797464	1551378945.38	-397	376	-397	376
"4353"	9	1	1	9	0	0	135	100	0	0	-395.979797464	395.979797464	1551378945.42	-397	379	-397	379
"4354"	9	1	1	9	0	0	135	100	0	0	-395.979797464	395.979797464	1551378945.45	-397	379	-397	379
"4355"	9	1	1	9	0	0	135	100	0	0	-395.979797464	395.979797464	1551378945.48	-397	379	-397	379
"4356"	9	1	1	9	0	0	135	100	0	0	-395.979797464	395.979797464	1551378945.52	-397	379	-397	379
"4357"	9	1	1	9	0	0	135	100	0	0	-395.979797464	395.979797464	1551378945.55	-397	380	-397	380
"4358"	9	1	1	9	0	0	135	100	0	0	-395.979797464	395.979797464	1551378945.58	-398	384	-398	384
"4359"	9	1	1	9	0	0	135	100	0	0	-395.979797464	395.979797464	1551378945.62	-399	388	-399	388
"4360"	9	1	1	10	0	0	90	100	0	0	3.42901103761e-14	560	1551378947.3	0	-6	0	-6
"4361"	9	1	1	10	0	0	90	100	0	0	3.42901103761e-14	560	1551378947.34	2	-4	2	-4
"4362"	9	1	1	10	0	0	90	100	0	0	3.42901103761e-14	560	1551378947.37	3	-1	3	-1
"4363"	9	1	1	10	0	0	90	100	0	0	3.42901103761e-14	560	1551378947.4	3	0	3	0
"4364"	9	1	1	10	0	0	90	100	0	0	3.42901103761e-14	560	1551378947.44	3	0	3	0
"4365"	9	1	1	10	0	0	90	100	0	0	3.42901103761e-14	560	1551378947.47	2	1	2	1
"4366"	9	1	1	10	0	0	90	100	0	0	3.42901103761e-14	560	1551378947.5	2	1	2	1
"4367"	9	1	1	10	0	0	90	100	0	0	3.42901103761e-14	560	1551378947.54	2	2	2	2
"4368"	9	1	1	10	0	0	90	100	0	0	3.42901103761e-14	560	1551378947.57	3	4	3	4
"4369"	9	1	1	10	0	0	90	100	0	0	3.42901103761e-14	560	1551378947.6	5	9	5	9
"4370"	9	1	1	10	0	0	90	100	0	0	3.42901103761e-14	560	1551378947.64	7	18	7	18
"4371"	9	1	1	10	0	0	90	100	0	0	3.42901103761e-14	560	1551378947.67	12	40	12	40
"4372"	9	1	1	10	0	0	90	100	0	0	3.42901103761e-14	560	1551378947.7	17	74	17	74
"4373"	9	1	1	10	0	0	90	100	0	0	3.42901103761e-14	560	1551378947.74	23	105	23	105
"4374"	9	1	1	10	0	0	90	100	0	0	3.42901103761e-14	560	1551378947.77	30	146	30	146
"4375"	9	1	1	10	0	0	90	100	0	0	3.42901103761e-14	560	1551378947.8	29	192	29	192
"4376"	9	1	1	10	0	0	90	100	0	0	3.42901103761e-14	560	1551378947.84	26	228	26	228
"4377"	9	1	1	10	0	0	90	100	0	0	3.42901103761e-14	560	1551378947.87	19	263	19	263
"4378"	9	1	1	10	0	0	90	100	0	0	3.42901103761e-14	560	1551378947.9	12	296	12	296
"4379"	9	1	1	10	0	0	90	100	0	0	3.42901103761e-14	560	1551378947.94	7	322	7	322
"4380"	9	1	1	10	0	0	90	100	0	0	3.42901103761e-14	560	1551378947.97	7	343	7	343
"4381"	9	1	1	10	0	0	90	100	0	0	3.42901103761e-14	560	1551378948	8	358	8	358
"4382"	9	1	1	10	0	0	90	100	0	0	3.42901103761e-14	560	1551378948.04	10	375	10	375
"4383"	9	1	1	10	0	0	90	100	0	0	3.42901103761e-14	560	1551378948.07	12	391	12	391
"4384"	9	1	1	10	0	0	90	100	0	0	3.42901103761e-14	560	1551378948.1	14	408	14	408
"4385"	9	1	1	10	0	0	90	100	0	0	3.42901103761e-14	560	1551378948.14	17	428	17	428
"4386"	9	1	1	10	0	0	90	100	0	0	3.42901103761e-14	560	1551378948.17	19	449	19	449
"4387"	9	1	1	10	0	0	90	100	0	0	3.42901103761e-14	560	1551378948.2	19	464	19	464
"4388"	9	1	1	10	0	0	90	100	0	0	3.42901103761e-14	560	1551378948.24	19	482	19	482
"4389"	9	1	1	10	0	0	90	100	0	0	3.42901103761e-14	560	1551378948.27	19	498	19	498
"4390"	9	1	1	10	0	0	90	100	0	0	3.42901103761e-14	560	1551378948.3	19	511	19	511
"4391"	9	1	1	10	0	0	90	100	0	0	3.42901103761e-14	560	1551378948.34	18	522	18	522
"4392"	9	1	1	10	0	0	90	100	0	0	3.42901103761e-14	560	1551378948.37	16	527	16	527
"4393"	9	1	1	10	0	0	90	100	0	0	3.42901103761e-14	560	1551378948.4	15	533	15	533
"4394"	9	1	1	10	0	0	90	100	0	0	3.42901103761e-14	560	1551378948.44	14	538	14	538
"4395"	9	1	1	10	0	0	90	100	0	0	3.42901103761e-14	560	1551378948.47	13	541	13	541
"4396"	9	1	1	10	0	0	90	100	0	0	3.42901103761e-14	560	1551378948.5	13	545	13	545
"4397"	9	1	1	10	0	0	90	100	0	0	3.42901103761e-14	560	1551378948.54	12	549	12	549
"4398"	9	1	1	10	0	0	90	100	0	0	3.42901103761e-14	560	1551378948.57	11	553	11	553
"4399"	9	1	1	10	0	0	90	100	0	0	3.42901103761e-14	560	1551378948.6	9	557	9	557
"4400"	9	1	1	10	0	0	90	100	0	0	3.42901103761e-14	560	1551378948.64	8	559	8	559
"4401"	9	1	1	11	0	0	45	100	0	0	395.979797464	395.979797464	1551378949.82	1	-12	1	-12
"4402"	9	1	1	11	0	0	45	100	0	0	395.979797464	395.979797464	1551378949.84	1	-12	1	-12
"4403"	9	1	1	11	0	0	45	100	0	0	395.979797464	395.979797464	1551378949.87	1	-12	1	-12
"4404"	9	1	1	11	0	0	45	100	0	0	395.979797464	395.979797464	1551378949.9	1	-12	1	-12
"4405"	9	1	1	11	0	0	45	100	0	0	395.979797464	395.979797464	1551378949.94	1	-12	1	-12
"4406"	9	1	1	11	0	0	45	100	0	0	395.979797464	395.979797464	1551378949.97	1	-12	1	-12
"4407"	9	1	1	11	0	0	45	100	0	0	395.979797464	395.979797464	1551378950	1	-12	1	-12
"4408"	9	1	1	11	0	0	45	100	0	0	395.979797464	395.979797464	1551378950.04	1	-12	1	-12
"4409"	9	1	1	11	0	0	45	100	0	0	395.979797464	395.979797464	1551378950.07	1	-10	1	-10
"4410"	9	1	1	11	0	0	45	100	0	0	395.979797464	395.979797464	1551378950.1	1	-6	1	-6
"4411"	9	1	1	11	0	0	45	100	0	0	395.979797464	395.979797464	1551378950.14	1	0	1	0
"4412"	9	1	1	11	0	0	45	100	0	0	395.979797464	395.979797464	1551378950.17	2	5	2	5
"4413"	9	1	1	11	0	0	45	100	0	0	395.979797464	395.979797464	1551378950.2	6	14	6	14
"4414"	9	1	1	11	0	0	45	100	0	0	395.979797464	395.979797464	1551378950.24	18	33	18	33
"4415"	9	1	1	11	0	0	45	100	0	0	395.979797464	395.979797464	1551378950.27	36	53	36	53
"4416"	9	1	1	11	0	0	45	100	0	0	395.979797464	395.979797464	1551378950.3	57	74	57	74
"4417"	9	1	1	11	0	0	45	100	0	0	395.979797464	395.979797464	1551378950.34	79	95	79	95
"4418"	9	1	1	11	0	0	45	100	0	0	395.979797464	395.979797464	1551378950.37	110	121	110	121
"4419"	9	1	1	11	0	0	45	100	0	0	395.979797464	395.979797464	1551378950.4	141	147	141	147
"4420"	9	1	1	11	0	0	45	100	0	0	395.979797464	395.979797464	1551378950.44	165	170	165	170
"4421"	9	1	1	11	0	0	45	100	0	0	395.979797464	395.979797464	1551378950.47	194	199	194	199
"4422"	9	1	1	11	0	0	45	100	0	0	395.979797464	395.979797464	1551378950.5	223	228	223	228
"4423"	9	1	1	11	0	0	45	100	0	0	395.979797464	395.979797464	1551378950.54	253	259	253	259
"4424"	9	1	1	11	0	0	45	100	0	0	395.979797464	395.979797464	1551378950.57	281	285	281	285
"4425"	9	1	1	11	0	0	45	100	0	0	395.979797464	395.979797464	1551378950.6	303	304	303	304
"4426"	9	1	1	11	0	0	45	100	0	0	395.979797464	395.979797464	1551378950.64	325	323	325	323
"4427"	9	1	1	11	0	0	45	100	0	0	395.979797464	395.979797464	1551378950.67	339	333	339	333
"4428"	9	1	1	11	0	0	45	100	0	0	395.979797464	395.979797464	1551378950.7	354	345	354	345
"4429"	9	1	1	11	0	0	45	100	0	0	395.979797464	395.979797464	1551378950.74	367	356	367	356
"4430"	9	1	1	11	0	0	45	100	0	0	395.979797464	395.979797464	1551378950.77	375	363	375	363
"4431"	9	1	1	11	0	0	45	100	0	0	395.979797464	395.979797464	1551378950.8	379	368	379	368
"4432"	9	1	1	11	0	0	45	100	0	0	395.979797464	395.979797464	1551378950.84	382	374	382	374
"4433"	9	1	1	11	0	0	45	100	0	0	395.979797464	395.979797464	1551378950.87	385	379	385	379
"4434"	9	1	1	11	0	0	45	100	0	0	395.979797464	395.979797464	1551378950.9	388	384	388	384
"4435"	9	1	1	11	0	0	45	100	0	0	395.979797464	395.979797464	1551378950.94	390	387	390	387
"4436"	9	1	1	11	0	0	45	100	0	0	395.979797464	395.979797464	1551378950.97	393	390	393	390
"4437"	9	1	1	11	0	0	45	100	0	0	395.979797464	395.979797464	1551378951	396	394	396	394
"4438"	9	1	1	11	0	0	45	100	0	0	395.979797464	395.979797464	1551378951.04	400	399	400	399
"4439"	9	1	1	11	0	0	45	100	0	0	395.979797464	395.979797464	1551378951.07	401	401	401	401
"4440"	9	1	1	11	0	0	45	100	0	0	395.979797464	395.979797464	1551378951.1	402	403	402	403
"4441"	9	1	1	11	0	0	45	100	0	0	395.979797464	395.979797464	1551378951.14	402	405	402	405
"4442"	9	1	1	12	0	0	135	100	0	0	-395.979797464	395.979797464	1551378952.42	-12	-2	-12	-2
"4443"	9	1	1	12	0	0	135	100	0	0	-395.979797464	395.979797464	1551378952.44	-12	-2	-12	-2
"4444"	9	1	1	12	0	0	135	100	0	0	-395.979797464	395.979797464	1551378952.47	-12	-2	-12	-2
"4445"	9	1	1	12	0	0	135	100	0	0	-395.979797464	395.979797464	1551378952.51	-12	-2	-12	-2
"4446"	9	1	1	12	0	0	135	100	0	0	-395.979797464	395.979797464	1551378952.54	-12	-2	-12	-2
"4447"	9	1	1	12	0	0	135	100	0	0	-395.979797464	395.979797464	1551378952.57	-12	-2	-12	-2
"4448"	9	1	1	12	0	0	135	100	0	0	-395.979797464	395.979797464	1551378952.61	-10	-1	-10	-1
"4449"	9	1	1	12	0	0	135	100	0	0	-395.979797464	395.979797464	1551378952.64	-7	0	-7	0
"4450"	9	1	1	12	0	0	135	100	0	0	-395.979797464	395.979797464	1551378952.67	-6	0	-6	0
"4451"	9	1	1	12	0	0	135	100	0	0	-395.979797464	395.979797464	1551378952.71	-6	0	-6	0
"4452"	9	1	1	12	0	0	135	100	0	0	-395.979797464	395.979797464	1551378952.74	-5	0	-5	0
"4453"	9	1	1	12	0	0	135	100	0	0	-395.979797464	395.979797464	1551378952.77	-4	1	-4	1
"4454"	9	1	1	12	0	0	135	100	0	0	-395.979797464	395.979797464	1551378952.81	-7	10	-7	10
"4455"	9	1	1	12	0	0	135	100	0	0	-395.979797464	395.979797464	1551378952.84	-20	26	-20	26
"4456"	9	1	1	12	0	0	135	100	0	0	-395.979797464	395.979797464	1551378952.87	-41	48	-41	48
"4457"	9	1	1	12	0	0	135	100	0	0	-395.979797464	395.979797464	1551378952.91	-62	72	-62	72
"4458"	9	1	1	12	0	0	135	100	0	0	-395.979797464	395.979797464	1551378952.94	-85	98	-85	98
"4459"	9	1	1	12	0	0	135	100	0	0	-395.979797464	395.979797464	1551378952.97	-106	121	-106	121
"4460"	9	1	1	12	0	0	135	100	0	0	-395.979797464	395.979797464	1551378953.01	-129	144	-129	144
"4461"	9	1	1	12	0	0	135	100	0	0	-395.979797464	395.979797464	1551378953.04	-147	155	-147	155
"4462"	9	1	1	12	0	0	135	100	0	0	-395.979797464	395.979797464	1551378953.07	-168	168	-168	168
"4463"	9	1	1	12	0	0	135	100	0	0	-395.979797464	395.979797464	1551378953.11	-187	180	-187	180
"4464"	9	1	1	12	0	0	135	100	0	0	-395.979797464	395.979797464	1551378953.14	-209	196	-209	196
"4465"	9	1	1	12	0	0	135	100	0	0	-395.979797464	395.979797464	1551378953.17	-227	215	-227	215
"4466"	9	1	1	12	0	0	135	100	0	0	-395.979797464	395.979797464	1551378953.21	-239	229	-239	229
"4467"	9	1	1	12	0	0	135	100	0	0	-395.979797464	395.979797464	1551378953.24	-254	245	-254	245
"4468"	9	1	1	12	0	0	135	100	0	0	-395.979797464	395.979797464	1551378953.27	-266	257	-266	257
"4469"	9	1	1	12	0	0	135	100	0	0	-395.979797464	395.979797464	1551378953.31	-279	268	-279	268
"4470"	9	1	1	12	0	0	135	100	0	0	-395.979797464	395.979797464	1551378953.34	-287	276	-287	276
"4471"	9	1	1	12	0	0	135	100	0	0	-395.979797464	395.979797464	1551378953.37	-296	288	-296	288
"4472"	9	1	1	12	0	0	135	100	0	0	-395.979797464	395.979797464	1551378953.41	-308	305	-308	305
"4473"	9	1	1	12	0	0	135	100	0	0	-395.979797464	395.979797464	1551378953.44	-318	318	-318	318
"4474"	9	1	1	12	0	0	135	100	0	0	-395.979797464	395.979797464	1551378953.47	-331	329	-331	329
"4475"	9	1	1	12	0	0	135	100	0	0	-395.979797464	395.979797464	1551378953.51	-346	340	-346	340
"4476"	9	1	1	12	0	0	135	100	0	0	-395.979797464	395.979797464	1551378953.54	-362	352	-362	352
"4477"	9	1	1	12	0	0	135	100	0	0	-395.979797464	395.979797464	1551378953.57	-375	363	-375	363
"4478"	9	1	1	12	0	0	135	100	0	0	-395.979797464	395.979797464	1551378953.61	-387	373	-387	373
"4479"	9	1	1	12	0	0	135	100	0	0	-395.979797464	395.979797464	1551378953.64	-395	379	-395	379
"4480"	9	1	1	12	0	0	135	100	0	0	-395.979797464	395.979797464	1551378953.67	-400	383	-400	383
"4481"	9	1	1	12	0	0	135	100	0	0	-395.979797464	395.979797464	1551378953.71	-405	389	-405	389
"4482"	9	1	1	12	0	0	135	100	0	0	-395.979797464	395.979797464	1551378953.74	-409	395	-409	395
"4483"	9	1	1	12	0	0	135	100	0	0	-395.979797464	395.979797464	1551378953.77	-411	398	-411	398
"4484"	9	1	1	12	0	0	135	100	0	0	-395.979797464	395.979797464	1551378953.81	-412	400	-412	400
"4485"	9	1	1	12	0	0	135	100	0	0	-395.979797464	395.979797464	1551378953.84	-412	401	-412	401
"4486"	9	1	1	12	0	0	135	100	0	0	-395.979797464	395.979797464	1551378953.87	-411	402	-411	402
"4487"	9	1	1	12	0	0	135	100	0	0	-395.979797464	395.979797464	1551378953.91	-410	402	-410	402
"4488"	9	1	1	12	0	0	135	100	0	0	-395.979797464	395.979797464	1551378953.94	-410	402	-410	402
"4489"	9	1	1	12	0	0	135	100	0	0	-395.979797464	395.979797464	1551378953.97	-408	401	-408	401
"4490"	9	1	1	12	0	0	135	100	0	0	-395.979797464	395.979797464	1551378954.01	-404	399	-404	399
"4491"	9	1	1	12	0	0	135	100	0	0	-395.979797464	395.979797464	1551378954.04	-397	394	-397	394
"4492"	9	1	1	12	0	0	135	100	0	0	-395.979797464	395.979797464	1551378954.07	-392	391	-392	391
"4493"	9	1	1	13	0	0	90	100	0	0	3.42901103761e-14	560	1551378956.02	1	5	1	5
"4494"	9	1	1	13	0	0	90	100	0	0	3.42901103761e-14	560	1551378956.04	1	5	1	5
"4495"	9	1	1	13	0	0	90	100	0	0	3.42901103761e-14	560	1551378956.08	0	6	0	6
"4496"	9	1	1	13	0	0	90	100	0	0	3.42901103761e-14	560	1551378956.11	0	6	0	6
"4497"	9	1	1	13	0	0	90	100	0	0	3.42901103761e-14	560	1551378956.14	0	6	0	6
"4498"	9	1	1	13	0	0	90	100	0	0	3.42901103761e-14	560	1551378956.18	0	6	0	6
"4499"	9	1	1	13	0	0	90	100	0	0	3.42901103761e-14	560	1551378956.21	0	6	0	6
"4500"	9	1	1	13	0	0	90	100	0	0	3.42901103761e-14	560	1551378956.24	0	6	0	6
"4501"	9	1	1	13	0	0	90	100	0	0	3.42901103761e-14	560	1551378956.28	0	6	0	6
"4502"	9	1	1	13	0	0	90	100	0	0	3.42901103761e-14	560	1551378956.31	0	6	0	6
"4503"	9	1	1	13	0	0	90	100	0	0	3.42901103761e-14	560	1551378956.34	0	6	0	6
"4504"	9	1	1	13	0	0	90	100	0	0	3.42901103761e-14	560	1551378956.38	0	7	0	7
"4505"	9	1	1	13	0	0	90	100	0	0	3.42901103761e-14	560	1551378956.41	-2	16	-2	16
"4506"	9	1	1	13	0	0	90	100	0	0	3.42901103761e-14	560	1551378956.44	-3	35	-3	35
"4507"	9	1	1	13	0	0	90	100	0	0	3.42901103761e-14	560	1551378956.48	-1	56	-1	56
"4508"	9	1	1	13	0	0	90	100	0	0	3.42901103761e-14	560	1551378956.51	2	78	2	78
"4509"	9	1	1	13	0	0	90	100	0	0	3.42901103761e-14	560	1551378956.54	3	100	3	100
"4510"	9	1	1	13	0	0	90	100	0	0	3.42901103761e-14	560	1551378956.58	4	130	4	130
"4511"	9	1	1	13	0	0	90	100	0	0	3.42901103761e-14	560	1551378956.61	2	157	2	157
"4512"	9	1	1	13	0	0	90	100	0	0	3.42901103761e-14	560	1551378956.64	4	186	4	186
"4513"	9	1	1	13	0	0	90	100	0	0	3.42901103761e-14	560	1551378956.68	7	211	7	211
"4514"	9	1	1	13	0	0	90	100	0	0	3.42901103761e-14	560	1551378956.71	10	239	10	239
"4515"	9	1	1	13	0	0	90	100	0	0	3.42901103761e-14	560	1551378956.74	14	270	14	270
"4516"	9	1	1	13	0	0	90	100	0	0	3.42901103761e-14	560	1551378956.78	17	298	17	298
"4517"	9	1	1	13	0	0	90	100	0	0	3.42901103761e-14	560	1551378956.81	19	329	19	329
"4518"	9	1	1	13	0	0	90	100	0	0	3.42901103761e-14	560	1551378956.84	21	358	21	358
"4519"	9	1	1	13	0	0	90	100	0	0	3.42901103761e-14	560	1551378956.88	25	383	25	383
"4520"	9	1	1	13	0	0	90	100	0	0	3.42901103761e-14	560	1551378956.91	28	409	28	409
"4521"	9	1	1	13	0	0	90	100	0	0	3.42901103761e-14	560	1551378956.94	29	432	29	432
"4522"	9	1	1	13	0	0	90	100	0	0	3.42901103761e-14	560	1551378956.98	32	456	32	456
"4523"	9	1	1	13	0	0	90	100	0	0	3.42901103761e-14	560	1551378957.01	34	471	34	471
"4524"	9	1	1	13	0	0	90	100	0	0	3.42901103761e-14	560	1551378957.04	33	486	33	486
"4525"	9	1	1	13	0	0	90	100	0	0	3.42901103761e-14	560	1551378957.08	30	500	30	500
"4526"	9	1	1	13	0	0	90	100	0	0	3.42901103761e-14	560	1551378957.11	28	511	28	511
"4527"	9	1	1	13	0	0	90	100	0	0	3.42901103761e-14	560	1551378957.14	26	520	26	520
"4528"	9	1	1	13	0	0	90	100	0	0	3.42901103761e-14	560	1551378957.18	24	527	24	527
"4529"	9	1	1	13	0	0	90	100	0	0	3.42901103761e-14	560	1551378957.21	21	533	21	533
"4530"	9	1	1	13	0	0	90	100	0	0	3.42901103761e-14	560	1551378957.24	19	536	19	536
"4531"	9	1	1	13	0	0	90	100	0	0	3.42901103761e-14	560	1551378957.28	16	539	16	539
"4532"	9	1	1	13	0	0	90	100	0	0	3.42901103761e-14	560	1551378957.31	13	544	13	544
"4533"	9	1	1	13	0	0	90	100	0	0	3.42901103761e-14	560	1551378957.34	13	549	13	549
"4534"	9	1	1	13	0	0	90	100	0	0	3.42901103761e-14	560	1551378957.38	13	552	13	552
"4535"	9	1	1	13	0	0	90	100	0	0	3.42901103761e-14	560	1551378957.41	12	556	12	556
"4536"	9	1	1	13	0	0	90	100	0	0	3.42901103761e-14	560	1551378957.44	11	558	11	558
"4537"	9	1	1	14	0	0	45	100	0	0	395.979797464	395.979797464	1551378958.96	1	1	1	1
"4538"	9	1	1	14	0	0	45	100	0	0	395.979797464	395.979797464	1551378958.98	1	0	1	0
"4539"	9	1	1	14	0	0	45	100	0	0	395.979797464	395.979797464	1551378959.01	1	0	1	0
"4540"	9	1	1	14	0	0	45	100	0	0	395.979797464	395.979797464	1551378959.04	1	0	1	0
"4541"	9	1	1	14	0	0	45	100	0	0	395.979797464	395.979797464	1551378959.08	1	0	1	0
"4542"	9	1	1	14	0	0	45	100	0	0	395.979797464	395.979797464	1551378959.11	1	0	1	0
"4543"	9	1	1	14	0	0	45	100	0	0	395.979797464	395.979797464	1551378959.14	1	-1	1	-1
"4544"	9	1	1	14	0	0	45	100	0	0	395.979797464	395.979797464	1551378959.18	1	-3	1	-3
"4545"	9	1	1	14	0	0	45	100	0	0	395.979797464	395.979797464	1551378959.21	1	-3	1	-3
"4546"	9	1	1	14	0	0	45	100	0	0	395.979797464	395.979797464	1551378959.24	1	-3	1	-3
"4547"	9	1	1	14	0	0	45	100	0	0	395.979797464	395.979797464	1551378959.28	1	-3	1	-3
"4548"	9	1	1	14	0	0	45	100	0	0	395.979797464	395.979797464	1551378959.31	4	3	4	3
"4549"	9	1	1	14	0	0	45	100	0	0	395.979797464	395.979797464	1551378959.34	14	16	14	16
"4550"	9	1	1	14	0	0	45	100	0	0	395.979797464	395.979797464	1551378959.38	27	31	27	31
"4551"	9	1	1	14	0	0	45	100	0	0	395.979797464	395.979797464	1551378959.41	47	52	47	52
"4552"	9	1	1	14	0	0	45	100	0	0	395.979797464	395.979797464	1551378959.44	66	73	66	73
"4553"	9	1	1	14	0	0	45	100	0	0	395.979797464	395.979797464	1551378959.48	85	95	85	95
"4554"	9	1	1	14	0	0	45	100	0	0	395.979797464	395.979797464	1551378959.51	104	117	104	117
"4555"	9	1	1	14	0	0	45	100	0	0	395.979797464	395.979797464	1551378959.54	121	139	121	139
"4556"	9	1	1	14	0	0	45	100	0	0	395.979797464	395.979797464	1551378959.58	141	167	141	167
"4557"	9	1	1	14	0	0	45	100	0	0	395.979797464	395.979797464	1551378959.61	161	193	161	193
"4558"	9	1	1	14	0	0	45	100	0	0	395.979797464	395.979797464	1551378959.64	188	221	188	221
"4559"	9	1	1	14	0	0	45	100	0	0	395.979797464	395.979797464	1551378959.68	215	246	215	246
"4560"	9	1	1	14	0	0	45	100	0	0	395.979797464	395.979797464	1551378959.71	244	268	244	268
"4561"	9	1	1	14	0	0	45	100	0	0	395.979797464	395.979797464	1551378959.74	271	289	271	289
"4562"	9	1	1	14	0	0	45	100	0	0	395.979797464	395.979797464	1551378959.78	293	305	293	305
"4563"	9	1	1	14	0	0	45	100	0	0	395.979797464	395.979797464	1551378959.81	311	320	311	320
"4564"	9	1	1	14	0	0	45	100	0	0	395.979797464	395.979797464	1551378959.84	325	332	325	332
"4565"	9	1	1	14	0	0	45	100	0	0	395.979797464	395.979797464	1551378959.88	334	341	334	341
"4566"	9	1	1	14	0	0	45	100	0	0	395.979797464	395.979797464	1551378959.91	343	351	343	351
"4567"	9	1	1	14	0	0	45	100	0	0	395.979797464	395.979797464	1551378959.94	349	357	349	357
"4568"	9	1	1	14	0	0	45	100	0	0	395.979797464	395.979797464	1551378959.98	354	362	354	362
"4569"	9	1	1	14	0	0	45	100	0	0	395.979797464	395.979797464	1551378960.01	357	367	357	367
"4570"	9	1	1	14	0	0	45	100	0	0	395.979797464	395.979797464	1551378960.04	362	372	362	372
"4571"	9	1	1	14	0	0	45	100	0	0	395.979797464	395.979797464	1551378960.08	367	375	367	375
"4572"	9	1	1	14	0	0	45	100	0	0	395.979797464	395.979797464	1551378960.11	371	377	371	377
"4573"	9	1	1	14	0	0	45	100	0	0	395.979797464	395.979797464	1551378960.14	376	379	376	379
"4574"	9	1	1	14	0	0	45	100	0	0	395.979797464	395.979797464	1551378960.18	381	382	381	382
"4575"	9	1	1	14	0	0	45	100	0	0	395.979797464	395.979797464	1551378960.21	388	385	388	385
"4576"	9	1	1	14	0	0	45	100	0	0	395.979797464	395.979797464	1551378960.25	394	390	394	390
"4577"	9	1	1	14	0	0	45	100	0	0	395.979797464	395.979797464	1551378960.28	399	393	399	393
"4578"	9	1	1	14	0	0	45	100	0	0	395.979797464	395.979797464	1551378960.31	403	395	403	395
"4579"	9	1	1	15	0	0	135	100	0	0	-395.979797464	395.979797464	1551378961.83	-7	0	-7	0
"4580"	9	1	1	15	0	0	135	100	0	0	-395.979797464	395.979797464	1551378961.85	-6	0	-6	0
"4581"	9	1	1	15	0	0	135	100	0	0	-395.979797464	395.979797464	1551378961.88	-6	0	-6	0
"4582"	9	1	1	15	0	0	135	100	0	0	-395.979797464	395.979797464	1551378961.91	-5	-2	-5	-2
"4583"	9	1	1	15	0	0	135	100	0	0	-395.979797464	395.979797464	1551378961.95	-5	-2	-5	-2
"4584"	9	1	1	15	0	0	135	100	0	0	-395.979797464	395.979797464	1551378961.98	-4	-3	-4	-3
"4585"	9	1	1	15	0	0	135	100	0	0	-395.979797464	395.979797464	1551378962.01	-4	-2	-4	-2
"4586"	9	1	1	15	0	0	135	100	0	0	-395.979797464	395.979797464	1551378962.05	-3	-2	-3	-2
"4587"	9	1	1	15	0	0	135	100	0	0	-395.979797464	395.979797464	1551378962.08	-1	-3	-1	-3
"4588"	9	1	1	15	0	0	135	100	0	0	-395.979797464	395.979797464	1551378962.11	-1	-2	-1	-2
"4589"	9	1	1	15	0	0	135	100	0	0	-395.979797464	395.979797464	1551378962.15	0	-2	0	-2
"4590"	9	1	1	15	0	0	135	100	0	0	-395.979797464	395.979797464	1551378962.18	-3	4	-3	4
"4591"	9	1	1	15	0	0	135	100	0	0	-395.979797464	395.979797464	1551378962.21	-11	12	-11	12
"4592"	9	1	1	15	0	0	135	100	0	0	-395.979797464	395.979797464	1551378962.25	-25	23	-25	23
"4593"	9	1	1	15	0	0	135	100	0	0	-395.979797464	395.979797464	1551378962.28	-37	33	-37	33
"4594"	9	1	1	15	0	0	135	100	0	0	-395.979797464	395.979797464	1551378962.31	-50	44	-50	44
"4595"	9	1	1	15	0	0	135	100	0	0	-395.979797464	395.979797464	1551378962.35	-64	56	-64	56
"4596"	9	1	1	15	0	0	135	100	0	0	-395.979797464	395.979797464	1551378962.38	-78	67	-78	67
"4597"	9	1	1	15	0	0	135	100	0	0	-395.979797464	395.979797464	1551378962.41	-95	81	-95	81
"4598"	9	1	1	15	0	0	135	100	0	0	-395.979797464	395.979797464	1551378962.45	-115	94	-115	94
"4599"	9	1	1	15	0	0	135	100	0	0	-395.979797464	395.979797464	1551378962.48	-137	108	-137	108
"4600"	9	1	1	15	0	0	135	100	0	0	-395.979797464	395.979797464	1551378962.51	-154	120	-154	120
"4601"	9	1	1	15	0	0	135	100	0	0	-395.979797464	395.979797464	1551378962.55	-169	132	-169	132
"4602"	9	1	1	15	0	0	135	100	0	0	-395.979797464	395.979797464	1551378962.58	-186	146	-186	146
"4603"	9	1	1	15	0	0	135	100	0	0	-395.979797464	395.979797464	1551378962.61	-201	162	-201	162
"4604"	9	1	1	15	0	0	135	100	0	0	-395.979797464	395.979797464	1551378962.65	-216	179	-216	179
"4605"	9	1	1	15	0	0	135	100	0	0	-395.979797464	395.979797464	1551378962.68	-230	193	-230	193
"4606"	9	1	1	15	0	0	135	100	0	0	-395.979797464	395.979797464	1551378962.71	-240	205	-240	205
"4607"	9	1	1	15	0	0	135	100	0	0	-395.979797464	395.979797464	1551378962.75	-251	220	-251	220
"4608"	9	1	1	15	0	0	135	100	0	0	-395.979797464	395.979797464	1551378962.78	-260	232	-260	232
"4609"	9	1	1	15	0	0	135	100	0	0	-395.979797464	395.979797464	1551378962.81	-269	245	-269	245
"4610"	9	1	1	15	0	0	135	100	0	0	-395.979797464	395.979797464	1551378962.85	-276	256	-276	256
"4611"	9	1	1	15	0	0	135	100	0	0	-395.979797464	395.979797464	1551378962.88	-287	268	-287	268
"4612"	9	1	1	15	0	0	135	100	0	0	-395.979797464	395.979797464	1551378962.91	-299	282	-299	282
"4613"	9	1	1	15	0	0	135	100	0	0	-395.979797464	395.979797464	1551378962.95	-311	295	-311	295
"4614"	9	1	1	15	0	0	135	100	0	0	-395.979797464	395.979797464	1551378962.98	-326	309	-326	309
"4615"	9	1	1	15	0	0	135	100	0	0	-395.979797464	395.979797464	1551378963.01	-341	321	-341	321
"4616"	9	1	1	15	0	0	135	100	0	0	-395.979797464	395.979797464	1551378963.05	-353	334	-353	334
"4617"	9	1	1	15	0	0	135	100	0	0	-395.979797464	395.979797464	1551378963.08	-364	343	-364	343
"4618"	9	1	1	15	0	0	135	100	0	0	-395.979797464	395.979797464	1551378963.11	-374	350	-374	350
"4619"	9	1	1	15	0	0	135	100	0	0	-395.979797464	395.979797464	1551378963.15	-383	357	-383	357
"4620"	9	1	1	15	0	0	135	100	0	0	-395.979797464	395.979797464	1551378963.18	-389	362	-389	362
"4621"	9	1	1	15	0	0	135	100	0	0	-395.979797464	395.979797464	1551378963.21	-394	368	-394	368
"4622"	9	1	1	15	0	0	135	100	0	0	-395.979797464	395.979797464	1551378963.25	-398	374	-398	374
"4623"	9	1	1	15	0	0	135	100	0	0	-395.979797464	395.979797464	1551378963.28	-399	378	-399	378
"4624"	9	1	1	15	0	0	135	100	0	0	-395.979797464	395.979797464	1551378963.31	-400	382	-400	382
"4625"	9	1	1	15	0	0	135	100	0	0	-395.979797464	395.979797464	1551378963.35	-400	385	-400	385
"4626"	9	1	1	16	0	0	90	100	0	0	3.42901103761e-14	560	1551378964.97	-1	-4	-1	-4
"4627"	9	1	1	16	0	0	90	100	0	0	3.42901103761e-14	560	1551378965	-1	-4	-1	-4
"4628"	9	1	1	16	0	0	90	100	0	0	3.42901103761e-14	560	1551378965.03	-1	-4	-1	-4
"4629"	9	1	1	16	0	0	90	100	0	0	3.42901103761e-14	560	1551378965.07	-1	-3	-1	-3
"4630"	9	1	1	16	0	0	90	100	0	0	3.42901103761e-14	560	1551378965.1	-1	0	-1	0
"4631"	9	1	1	16	0	0	90	100	0	0	3.42901103761e-14	560	1551378965.13	-1	2	-1	2
"4632"	9	1	1	16	0	0	90	100	0	0	3.42901103761e-14	560	1551378965.17	0	3	0	3
"4633"	9	1	1	16	0	0	90	100	0	0	3.42901103761e-14	560	1551378965.2	0	3	0	3
"4634"	9	1	1	16	0	0	90	100	0	0	3.42901103761e-14	560	1551378965.23	0	3	0	3
"4635"	9	1	1	16	0	0	90	100	0	0	3.42901103761e-14	560	1551378965.27	0	4	0	4
"4636"	9	1	1	16	0	0	90	100	0	0	3.42901103761e-14	560	1551378965.3	4	7	4	7
"4637"	9	1	1	16	0	0	90	100	0	0	3.42901103761e-14	560	1551378965.33	9	16	9	16
"4638"	9	1	1	16	0	0	90	100	0	0	3.42901103761e-14	560	1551378965.37	15	28	15	28
"4639"	9	1	1	16	0	0	90	100	0	0	3.42901103761e-14	560	1551378965.4	19	43	19	43
"4640"	9	1	1	16	0	0	90	100	0	0	3.42901103761e-14	560	1551378965.43	22	59	22	59
"4641"	9	1	1	16	0	0	90	100	0	0	3.42901103761e-14	560	1551378965.47	25	72	25	72
"4642"	9	1	1	16	0	0	90	100	0	0	3.42901103761e-14	560	1551378965.5	28	88	28	88
"4643"	9	1	1	16	0	0	90	100	0	0	3.42901103761e-14	560	1551378965.53	29	105	29	105
"4644"	9	1	1	16	0	0	90	100	0	0	3.42901103761e-14	560	1551378965.57	30	125	30	125
"4645"	9	1	1	16	0	0	90	100	0	0	3.42901103761e-14	560	1551378965.6	30	144	30	144
"4646"	9	1	1	16	0	0	90	100	0	0	3.42901103761e-14	560	1551378965.63	30	162	30	162
"4647"	9	1	1	16	0	0	90	100	0	0	3.42901103761e-14	560	1551378965.67	27	186	27	186
"4648"	9	1	1	16	0	0	90	100	0	0	3.42901103761e-14	560	1551378965.7	24	204	24	204
"4649"	9	1	1	16	0	0	90	100	0	0	3.42901103761e-14	560	1551378965.73	22	227	22	227
"4650"	9	1	1	16	0	0	90	100	0	0	3.42901103761e-14	560	1551378965.77	20	247	20	247
"4651"	9	1	1	16	0	0	90	100	0	0	3.42901103761e-14	560	1551378965.8	21	266	21	266
"4652"	9	1	1	16	0	0	90	100	0	0	3.42901103761e-14	560	1551378965.83	23	289	23	289
"4653"	9	1	1	16	0	0	90	100	0	0	3.42901103761e-14	560	1551378965.87	25	308	25	308
"4654"	9	1	1	16	0	0	90	100	0	0	3.42901103761e-14	560	1551378965.9	25	330	25	330
"4655"	9	1	1	16	0	0	90	100	0	0	3.42901103761e-14	560	1551378965.93	25	354	25	354
"4656"	9	1	1	16	0	0	90	100	0	0	3.42901103761e-14	560	1551378965.97	24	373	24	373
"4657"	9	1	1	16	0	0	90	100	0	0	3.42901103761e-14	560	1551378966	23	387	23	387
"4658"	9	1	1	16	0	0	90	100	0	0	3.42901103761e-14	560	1551378966.03	21	400	21	400
"4659"	9	1	1	16	0	0	90	100	0	0	3.42901103761e-14	560	1551378966.07	18	413	18	413
"4660"	9	1	1	16	0	0	90	100	0	0	3.42901103761e-14	560	1551378966.1	15	424	15	424
"4661"	9	1	1	16	0	0	90	100	0	0	3.42901103761e-14	560	1551378966.13	12	434	12	434
"4662"	9	1	1	16	0	0	90	100	0	0	3.42901103761e-14	560	1551378966.17	8	446	8	446
"4663"	9	1	1	16	0	0	90	100	0	0	3.42901103761e-14	560	1551378966.2	5	458	5	458
"4664"	9	1	1	16	0	0	90	100	0	0	3.42901103761e-14	560	1551378966.23	1	471	1	471
"4665"	9	1	1	16	0	0	90	100	0	0	3.42901103761e-14	560	1551378966.27	-1	483	-1	483
"4666"	9	1	1	16	0	0	90	100	0	0	3.42901103761e-14	560	1551378966.3	-2	495	-2	495
"4667"	9	1	1	16	0	0	90	100	0	0	3.42901103761e-14	560	1551378966.33	-2	505	-2	505
"4668"	9	1	1	16	0	0	90	100	0	0	3.42901103761e-14	560	1551378966.37	-2	511	-2	511
"4669"	9	1	1	16	0	0	90	100	0	0	3.42901103761e-14	560	1551378966.4	-2	517	-2	517
"4670"	9	1	1	16	0	0	90	100	0	0	3.42901103761e-14	560	1551378966.43	-3	521	-3	521
"4671"	9	1	1	16	0	0	90	100	0	0	3.42901103761e-14	560	1551378966.47	-3	525	-3	525
"4672"	9	1	1	16	0	0	90	100	0	0	3.42901103761e-14	560	1551378966.5	-3	530	-3	530
"4673"	9	1	1	16	0	0	90	100	0	0	3.42901103761e-14	560	1551378966.53	-3	534	-3	534
"4674"	9	1	1	16	0	0	90	100	0	0	3.42901103761e-14	560	1551378966.57	-3	538	-3	538
"4675"	9	1	1	16	0	0	90	100	0	0	3.42901103761e-14	560	1551378966.6	-2	542	-2	542
"4676"	9	1	1	16	0	0	90	100	0	0	3.42901103761e-14	560	1551378966.63	-2	545	-2	545
"4677"	9	1	1	16	0	0	90	100	0	0	3.42901103761e-14	560	1551378966.67	-2	547	-2	547
"4678"	9	1	1	17	0	0	135	100	0	0	-395.979797464	395.979797464	1551378968.25	-3	-11	-3	-11
"4679"	9	1	1	17	0	0	135	100	0	0	-395.979797464	395.979797464	1551378968.27	-2	-12	-2	-12
"4680"	9	1	1	17	0	0	135	100	0	0	-395.979797464	395.979797464	1551378968.3	-2	-12	-2	-12
"4681"	9	1	1	17	0	0	135	100	0	0	-395.979797464	395.979797464	1551378968.33	-1	-12	-1	-12
"4682"	9	1	1	17	0	0	135	100	0	0	-395.979797464	395.979797464	1551378968.37	-1	-12	-1	-12
"4683"	9	1	1	17	0	0	135	100	0	0	-395.979797464	395.979797464	1551378968.4	-1	-11	-1	-11
"4684"	9	1	1	17	0	0	135	100	0	0	-395.979797464	395.979797464	1551378968.43	-1	-11	-1	-11
"4685"	9	1	1	17	0	0	135	100	0	0	-395.979797464	395.979797464	1551378968.47	-1	-11	-1	-11
"4686"	9	1	1	17	0	0	135	100	0	0	-395.979797464	395.979797464	1551378968.5	-1	-11	-1	-11
"4687"	9	1	1	17	0	0	135	100	0	0	-395.979797464	395.979797464	1551378968.53	-1	-11	-1	-11
"4688"	9	1	1	17	0	0	135	100	0	0	-395.979797464	395.979797464	1551378968.57	-1	-10	-1	-10
"4689"	9	1	1	17	0	0	135	100	0	0	-395.979797464	395.979797464	1551378968.6	-1	-8	-1	-8
"4690"	9	1	1	17	0	0	135	100	0	0	-395.979797464	395.979797464	1551378968.63	-4	1	-4	1
"4691"	9	1	1	17	0	0	135	100	0	0	-395.979797464	395.979797464	1551378968.67	-17	24	-17	24
"4692"	9	1	1	17	0	0	135	100	0	0	-395.979797464	395.979797464	1551378968.7	-27	43	-27	43
"4693"	9	1	1	17	0	0	135	100	0	0	-395.979797464	395.979797464	1551378968.73	-41	63	-41	63
"4694"	9	1	1	17	0	0	135	100	0	0	-395.979797464	395.979797464	1551378968.77	-60	87	-60	87
"4695"	9	1	1	17	0	0	135	100	0	0	-395.979797464	395.979797464	1551378968.8	-74	101	-74	101
"4696"	9	1	1	17	0	0	135	100	0	0	-395.979797464	395.979797464	1551378968.84	-90	114	-90	114
"4697"	9	1	1	17	0	0	135	100	0	0	-395.979797464	395.979797464	1551378968.87	-104	128	-104	128
"4698"	9	1	1	17	0	0	135	100	0	0	-395.979797464	395.979797464	1551378968.9	-117	141	-117	141
"4699"	9	1	1	17	0	0	135	100	0	0	-395.979797464	395.979797464	1551378968.94	-128	152	-128	152
"4700"	9	1	1	17	0	0	135	100	0	0	-395.979797464	395.979797464	1551378968.97	-139	164	-139	164
"4701"	9	1	1	17	0	0	135	100	0	0	-395.979797464	395.979797464	1551378969	-154	180	-154	180
"4702"	9	1	1	17	0	0	135	100	0	0	-395.979797464	395.979797464	1551378969.04	-168	191	-168	191
"4703"	9	1	1	17	0	0	135	100	0	0	-395.979797464	395.979797464	1551378969.07	-183	201	-183	201
"4704"	9	1	1	17	0	0	135	100	0	0	-395.979797464	395.979797464	1551378969.1	-197	214	-197	214
"4705"	9	1	1	17	0	0	135	100	0	0	-395.979797464	395.979797464	1551378969.14	-211	226	-211	226
"4706"	9	1	1	17	0	0	135	100	0	0	-395.979797464	395.979797464	1551378969.17	-228	238	-228	238
"4707"	9	1	1	17	0	0	135	100	0	0	-395.979797464	395.979797464	1551378969.2	-242	247	-242	247
"4708"	9	1	1	17	0	0	135	100	0	0	-395.979797464	395.979797464	1551378969.24	-258	258	-258	258
"4709"	9	1	1	17	0	0	135	100	0	0	-395.979797464	395.979797464	1551378969.27	-271	269	-271	269
"4710"	9	1	1	17	0	0	135	100	0	0	-395.979797464	395.979797464	1551378969.3	-282	277	-282	277
"4711"	9	1	1	17	0	0	135	100	0	0	-395.979797464	395.979797464	1551378969.34	-293	286	-293	286
"4712"	9	1	1	17	0	0	135	100	0	0	-395.979797464	395.979797464	1551378969.37	-300	293	-300	293
"4713"	9	1	1	17	0	0	135	100	0	0	-395.979797464	395.979797464	1551378969.4	-308	300	-308	300
"4714"	9	1	1	17	0	0	135	100	0	0	-395.979797464	395.979797464	1551378969.44	-315	306	-315	306
"4715"	9	1	1	17	0	0	135	100	0	0	-395.979797464	395.979797464	1551378969.47	-323	314	-323	314
"4716"	9	1	1	17	0	0	135	100	0	0	-395.979797464	395.979797464	1551378969.5	-333	322	-333	322
"4717"	9	1	1	17	0	0	135	100	0	0	-395.979797464	395.979797464	1551378969.54	-341	329	-341	329
"4718"	9	1	1	17	0	0	135	100	0	0	-395.979797464	395.979797464	1551378969.57	-351	336	-351	336
"4719"	9	1	1	17	0	0	135	100	0	0	-395.979797464	395.979797464	1551378969.6	-357	342	-357	342
"4720"	9	1	1	17	0	0	135	100	0	0	-395.979797464	395.979797464	1551378969.64	-363	347	-363	347
"4721"	9	1	1	17	0	0	135	100	0	0	-395.979797464	395.979797464	1551378969.67	-367	351	-367	351
"4722"	9	1	1	17	0	0	135	100	0	0	-395.979797464	395.979797464	1551378969.7	-370	354	-370	354
"4723"	9	1	1	17	0	0	135	100	0	0	-395.979797464	395.979797464	1551378969.74	-373	358	-373	358
"4724"	9	1	1	17	0	0	135	100	0	0	-395.979797464	395.979797464	1551378969.77	-375	362	-375	362
"4725"	9	1	1	17	0	0	135	100	0	0	-395.979797464	395.979797464	1551378969.8	-378	367	-378	367
"4726"	9	1	1	17	0	0	135	100	0	0	-395.979797464	395.979797464	1551378969.84	-381	371	-381	371
"4727"	9	1	1	17	0	0	135	100	0	0	-395.979797464	395.979797464	1551378969.87	-385	377	-385	377
"4728"	9	1	1	17	0	0	135	100	0	0	-395.979797464	395.979797464	1551378969.9	-388	381	-388	381
"4729"	9	1	1	17	0	0	135	100	0	0	-395.979797464	395.979797464	1551378969.94	-389	384	-389	384
"4730"	9	1	1	17	0	0	135	100	0	0	-395.979797464	395.979797464	1551378969.97	-391	388	-391	388
"4731"	9	1	1	17	0	0	135	100	0	0	-395.979797464	395.979797464	1551378970	-392	391	-392	391
"4732"	9	1	1	17	0	0	135	100	0	0	-395.979797464	395.979797464	1551378970.04	-393	393	-393	393
"4733"	9	1	1	17	0	0	135	100	0	0	-395.979797464	395.979797464	1551378970.07	-395	395	-395	395
"4734"	9	1	1	18	0	0	45	100	0	0	395.979797464	395.979797464	1551378971.55	-1	-5	-1	-5
"4735"	9	1	1	18	0	0	45	100	0	0	395.979797464	395.979797464	1551378971.57	-1	-5	-1	-5
"4736"	9	1	1	18	0	0	45	100	0	0	395.979797464	395.979797464	1551378971.6	-1	-4	-1	-4
"4737"	9	1	1	18	0	0	45	100	0	0	395.979797464	395.979797464	1551378971.64	-1	-3	-1	-3
"4738"	9	1	1	18	0	0	45	100	0	0	395.979797464	395.979797464	1551378971.67	-1	-3	-1	-3
"4739"	9	1	1	18	0	0	45	100	0	0	395.979797464	395.979797464	1551378971.7	-1	-3	-1	-3
"4740"	9	1	1	18	0	0	45	100	0	0	395.979797464	395.979797464	1551378971.74	-1	-3	-1	-3
"4741"	9	1	1	18	0	0	45	100	0	0	395.979797464	395.979797464	1551378971.77	-1	-2	-1	-2
"4742"	9	1	1	18	0	0	45	100	0	0	395.979797464	395.979797464	1551378971.8	0	0	0	0
"4743"	9	1	1	18	0	0	45	100	0	0	395.979797464	395.979797464	1551378971.84	1	2	1	2
"4744"	9	1	1	18	0	0	45	100	0	0	395.979797464	395.979797464	1551378971.87	4	4	4	4
"4745"	9	1	1	18	0	0	45	100	0	0	395.979797464	395.979797464	1551378971.9	13	10	13	10
"4746"	9	1	1	18	0	0	45	100	0	0	395.979797464	395.979797464	1551378971.94	35	24	35	24
"4747"	9	1	1	18	0	0	45	100	0	0	395.979797464	395.979797464	1551378971.97	51	33	51	33
"4748"	9	1	1	18	0	0	45	100	0	0	395.979797464	395.979797464	1551378972	64	44	64	44
"4749"	9	1	1	18	0	0	45	100	0	0	395.979797464	395.979797464	1551378972.04	81	59	81	59
"4750"	9	1	1	18	0	0	45	100	0	0	395.979797464	395.979797464	1551378972.07	102	78	102	78
"4751"	9	1	1	18	0	0	45	100	0	0	395.979797464	395.979797464	1551378972.1	122	95	122	95
"4752"	9	1	1	18	0	0	45	100	0	0	395.979797464	395.979797464	1551378972.14	144	115	144	115
"4753"	9	1	1	18	0	0	45	100	0	0	395.979797464	395.979797464	1551378972.17	166	134	166	134
"4754"	9	1	1	18	0	0	45	100	0	0	395.979797464	395.979797464	1551378972.2	185	150	185	150
"4755"	9	1	1	18	0	0	45	100	0	0	395.979797464	395.979797464	1551378972.24	207	169	207	169
"4756"	9	1	1	18	0	0	45	100	0	0	395.979797464	395.979797464	1551378972.27	222	184	222	184
"4757"	9	1	1	18	0	0	45	100	0	0	395.979797464	395.979797464	1551378972.3	242	202	242	202
"4758"	9	1	1	18	0	0	45	100	0	0	395.979797464	395.979797464	1551378972.34	261	219	261	219
"4759"	9	1	1	18	0	0	45	100	0	0	395.979797464	395.979797464	1551378972.37	275	234	275	234
"4760"	9	1	1	18	0	0	45	100	0	0	395.979797464	395.979797464	1551378972.4	292	252	292	252
"4761"	9	1	1	18	0	0	45	100	0	0	395.979797464	395.979797464	1551378972.44	306	268	306	268
"4762"	9	1	1	18	0	0	45	100	0	0	395.979797464	395.979797464	1551378972.47	323	290	323	290
"4763"	9	1	1	18	0	0	45	100	0	0	395.979797464	395.979797464	1551378972.5	334	306	334	306
"4764"	9	1	1	18	0	0	45	100	0	0	395.979797464	395.979797464	1551378972.54	344	318	344	318
"4765"	9	1	1	18	0	0	45	100	0	0	395.979797464	395.979797464	1551378972.57	354	332	354	332
"4766"	9	1	1	18	0	0	45	100	0	0	395.979797464	395.979797464	1551378972.6	362	341	362	341
"4767"	9	1	1	18	0	0	45	100	0	0	395.979797464	395.979797464	1551378972.64	368	348	368	348
"4768"	9	1	1	18	0	0	45	100	0	0	395.979797464	395.979797464	1551378972.67	372	354	372	354
"4769"	9	1	1	18	0	0	45	100	0	0	395.979797464	395.979797464	1551378972.7	376	358	376	358
"4770"	9	1	1	18	0	0	45	100	0	0	395.979797464	395.979797464	1551378972.74	382	363	382	363
"4771"	9	1	1	18	0	0	45	100	0	0	395.979797464	395.979797464	1551378972.77	388	369	388	369
"4772"	9	1	1	18	0	0	45	100	0	0	395.979797464	395.979797464	1551378972.8	395	376	395	376
"4773"	9	1	1	18	0	0	45	100	0	0	395.979797464	395.979797464	1551378972.84	401	382	401	382
"4774"	9	1	1	18	0	0	45	100	0	0	395.979797464	395.979797464	1551378972.87	405	386	405	386
"4775"	9	1	1	18	0	0	45	100	0	0	395.979797464	395.979797464	1551378972.9	408	391	408	391
"4776"	9	1	1	18	0	0	45	100	0	0	395.979797464	395.979797464	1551378972.94	410	394	410	394
"4777"	9	1	1	18	0	0	45	100	0	0	395.979797464	395.979797464	1551378972.97	410	395	410	395
"4778"	9	1	1	18	0	0	45	100	0	0	395.979797464	395.979797464	1551378973	410	395	410	395
"4779"	9	1	1	18	0	0	45	100	0	0	395.979797464	395.979797464	1551378973.04	410	395	410	395
"4780"	9	1	1	19	0	0	90	100	0	0	3.42901103761e-14	560	1551378974.45	3	7	3	7
"4781"	9	1	1	19	0	0	90	100	0	0	3.42901103761e-14	560	1551378974.47	3	7	3	7
"4782"	9	1	1	19	0	0	90	100	0	0	3.42901103761e-14	560	1551378974.51	1	7	1	7
"4783"	9	1	1	19	0	0	90	100	0	0	3.42901103761e-14	560	1551378974.54	0	6	0	6
"4784"	9	1	1	19	0	0	90	100	0	0	3.42901103761e-14	560	1551378974.57	0	5	0	5
"4785"	9	1	1	19	0	0	90	100	0	0	3.42901103761e-14	560	1551378974.61	0	5	0	5
"4786"	9	1	1	19	0	0	90	100	0	0	3.42901103761e-14	560	1551378974.64	0	5	0	5
"4787"	9	1	1	19	0	0	90	100	0	0	3.42901103761e-14	560	1551378974.67	0	4	0	4
"4788"	9	1	1	19	0	0	90	100	0	0	3.42901103761e-14	560	1551378974.71	0	4	0	4
"4789"	9	1	1	19	0	0	90	100	0	0	3.42901103761e-14	560	1551378974.74	0	4	0	4
"4790"	9	1	1	19	0	0	90	100	0	0	3.42901103761e-14	560	1551378974.77	0	4	0	4
"4791"	9	1	1	19	0	0	90	100	0	0	3.42901103761e-14	560	1551378974.81	-1	10	-1	10
"4792"	9	1	1	19	0	0	90	100	0	0	3.42901103761e-14	560	1551378974.84	-2	30	-2	30
"4793"	9	1	1	19	0	0	90	100	0	0	3.42901103761e-14	560	1551378974.87	-1	54	-1	54
"4794"	9	1	1	19	0	0	90	100	0	0	3.42901103761e-14	560	1551378974.91	1	75	1	75
"4795"	9	1	1	19	0	0	90	100	0	0	3.42901103761e-14	560	1551378974.94	4	98	4	98
"4796"	9	1	1	19	0	0	90	100	0	0	3.42901103761e-14	560	1551378974.97	6	119	6	119
"4797"	9	1	1	19	0	0	90	100	0	0	3.42901103761e-14	560	1551378975.01	9	145	9	145
"4798"	9	1	1	19	0	0	90	100	0	0	3.42901103761e-14	560	1551378975.04	13	171	13	171
"4799"	9	1	1	19	0	0	90	100	0	0	3.42901103761e-14	560	1551378975.07	18	191	18	191
"4800"	9	1	1	19	0	0	90	100	0	0	3.42901103761e-14	560	1551378975.11	24	215	24	215
"4801"	9	1	1	19	0	0	90	100	0	0	3.42901103761e-14	560	1551378975.14	30	239	30	239
"4802"	9	1	1	19	0	0	90	100	0	0	3.42901103761e-14	560	1551378975.17	34	263	34	263
"4803"	9	1	1	19	0	0	90	100	0	0	3.42901103761e-14	560	1551378975.21	36	282	36	282
"4804"	9	1	1	19	0	0	90	100	0	0	3.42901103761e-14	560	1551378975.24	39	303	39	303
"4805"	9	1	1	19	0	0	90	100	0	0	3.42901103761e-14	560	1551378975.27	44	323	44	323
"4806"	9	1	1	19	0	0	90	100	0	0	3.42901103761e-14	560	1551378975.31	46	336	46	336
"4807"	9	1	1	19	0	0	90	100	0	0	3.42901103761e-14	560	1551378975.34	49	353	49	353
"4808"	9	1	1	19	0	0	90	100	0	0	3.42901103761e-14	560	1551378975.37	49	368	49	368
"4809"	9	1	1	19	0	0	90	100	0	0	3.42901103761e-14	560	1551378975.41	49	381	49	381
"4810"	9	1	1	19	0	0	90	100	0	0	3.42901103761e-14	560	1551378975.44	49	398	49	398
"4811"	9	1	1	19	0	0	90	100	0	0	3.42901103761e-14	560	1551378975.47	47	413	47	413
"4812"	9	1	1	19	0	0	90	100	0	0	3.42901103761e-14	560	1551378975.51	44	426	44	426
"4813"	9	1	1	19	0	0	90	100	0	0	3.42901103761e-14	560	1551378975.54	40	437	40	437
"4814"	9	1	1	19	0	0	90	100	0	0	3.42901103761e-14	560	1551378975.57	36	452	36	452
"4815"	9	1	1	19	0	0	90	100	0	0	3.42901103761e-14	560	1551378975.61	32	462	32	462
"4816"	9	1	1	19	0	0	90	100	0	0	3.42901103761e-14	560	1551378975.64	29	469	29	469
"4817"	9	1	1	19	0	0	90	100	0	0	3.42901103761e-14	560	1551378975.67	26	477	26	477
"4818"	9	1	1	19	0	0	90	100	0	0	3.42901103761e-14	560	1551378975.71	24	486	24	486
"4819"	9	1	1	19	0	0	90	100	0	0	3.42901103761e-14	560	1551378975.74	22	494	22	494
"4820"	9	1	1	19	0	0	90	100	0	0	3.42901103761e-14	560	1551378975.77	21	500	21	500
"4821"	9	1	1	19	0	0	90	100	0	0	3.42901103761e-14	560	1551378975.81	19	509	19	509
"4822"	9	1	1	19	0	0	90	100	0	0	3.42901103761e-14	560	1551378975.84	17	514	17	514
"4823"	9	1	1	19	0	0	90	100	0	0	3.42901103761e-14	560	1551378975.87	16	519	16	519
"4824"	9	1	1	19	0	0	90	100	0	0	3.42901103761e-14	560	1551378975.91	16	526	16	526
"4825"	9	1	1	19	0	0	90	100	0	0	3.42901103761e-14	560	1551378975.94	16	531	16	531
"4826"	9	1	1	19	0	0	90	100	0	0	3.42901103761e-14	560	1551378975.97	15	535	15	535
"4827"	9	1	1	19	0	0	90	100	0	0	3.42901103761e-14	560	1551378976.01	14	540	14	540
"4828"	9	1	1	19	0	0	90	100	0	0	3.42901103761e-14	560	1551378976.04	13	543	13	543
"4829"	9	1	1	19	0	0	90	100	0	0	3.42901103761e-14	560	1551378976.07	11	547	11	547
"4830"	9	1	1	19	0	0	90	100	0	0	3.42901103761e-14	560	1551378976.11	10	550	10	550
"4831"	9	1	1	19	0	0	90	100	0	0	3.42901103761e-14	560	1551378976.14	9	553	9	553
"4832"	9	1	1	19	0	0	90	100	0	0	3.42901103761e-14	560	1551378976.17	7	556	7	556
"4833"	9	1	1	19	0	0	90	100	0	0	3.42901103761e-14	560	1551378976.21	6	557	6	557
"4834"	9	1	1	19	0	0	90	100	0	0	3.42901103761e-14	560	1551378976.24	5	558	5	558
"4835"	9	1	1	19	0	0	90	100	0	0	3.42901103761e-14	560	1551378976.27	4	560	4	560
"4836"	9	1	1	19	0	0	90	100	0	0	3.42901103761e-14	560	1551378976.31	2	561	2	561
"4837"	9	1	1	20	0	0	45	100	0	0	395.979797464	395.979797464	1551378978.19	-2	1	-2	1
"4838"	9	1	1	20	0	0	45	100	0	0	395.979797464	395.979797464	1551378978.21	-2	1	-2	1
"4839"	9	1	1	20	0	0	45	100	0	0	395.979797464	395.979797464	1551378978.24	-2	1	-2	1
"4840"	9	1	1	20	0	0	45	100	0	0	395.979797464	395.979797464	1551378978.28	-1	1	-1	1
"4841"	9	1	1	20	0	0	45	100	0	0	395.979797464	395.979797464	1551378978.31	-1	1	-1	1
"4842"	9	1	1	20	0	0	45	100	0	0	395.979797464	395.979797464	1551378978.34	-1	1	-1	1
"4843"	9	1	1	20	0	0	45	100	0	0	395.979797464	395.979797464	1551378978.38	-1	1	-1	1
"4844"	9	1	1	20	0	0	45	100	0	0	395.979797464	395.979797464	1551378978.41	-1	1	-1	1
"4845"	9	1	1	20	0	0	45	100	0	0	395.979797464	395.979797464	1551378978.44	-1	1	-1	1
"4846"	9	1	1	20	0	0	45	100	0	0	395.979797464	395.979797464	1551378978.48	-1	2	-1	2
"4847"	9	1	1	20	0	0	45	100	0	0	395.979797464	395.979797464	1551378978.51	-1	7	-1	7
"4848"	9	1	1	20	0	0	45	100	0	0	395.979797464	395.979797464	1551378978.54	3	17	3	17
"4849"	9	1	1	20	0	0	45	100	0	0	395.979797464	395.979797464	1551378978.58	15	32	15	32
"4850"	9	1	1	20	0	0	45	100	0	0	395.979797464	395.979797464	1551378978.61	31	47	31	47
"4851"	9	1	1	20	0	0	45	100	0	0	395.979797464	395.979797464	1551378978.64	49	65	49	65
"4852"	9	1	1	20	0	0	45	100	0	0	395.979797464	395.979797464	1551378978.68	73	87	73	87
"4853"	9	1	1	20	0	0	45	100	0	0	395.979797464	395.979797464	1551378978.71	93	103	93	103
"4854"	9	1	1	20	0	0	45	100	0	0	395.979797464	395.979797464	1551378978.74	118	124	118	124
"4855"	9	1	1	20	0	0	45	100	0	0	395.979797464	395.979797464	1551378978.78	146	143	146	143
"4856"	9	1	1	20	0	0	45	100	0	0	395.979797464	395.979797464	1551378978.81	174	160	174	160
"4857"	9	1	1	20	0	0	45	100	0	0	395.979797464	395.979797464	1551378978.84	202	178	202	178
"4858"	9	1	1	20	0	0	45	100	0	0	395.979797464	395.979797464	1551378978.88	228	194	228	194
"4859"	9	1	1	20	0	0	45	100	0	0	395.979797464	395.979797464	1551378978.91	257	212	257	212
"4860"	9	1	1	20	0	0	45	100	0	0	395.979797464	395.979797464	1551378978.94	284	229	284	229
"4861"	9	1	1	20	0	0	45	100	0	0	395.979797464	395.979797464	1551378978.98	305	242	305	242
"4862"	9	1	1	20	0	0	45	100	0	0	395.979797464	395.979797464	1551378979.01	326	256	326	256
"4863"	9	1	1	20	0	0	45	100	0	0	395.979797464	395.979797464	1551378979.04	340	266	340	266
"4864"	9	1	1	20	0	0	45	100	0	0	395.979797464	395.979797464	1551378979.08	353	276	353	276
"4865"	9	1	1	20	0	0	45	100	0	0	395.979797464	395.979797464	1551378979.11	361	283	361	283
"4866"	9	1	1	20	0	0	45	100	0	0	395.979797464	395.979797464	1551378979.14	368	291	368	291
"4867"	9	1	1	20	0	0	45	100	0	0	395.979797464	395.979797464	1551378979.18	372	300	372	300
"4868"	9	1	1	20	0	0	45	100	0	0	395.979797464	395.979797464	1551378979.21	374	309	374	309
"4869"	9	1	1	20	0	0	45	100	0	0	395.979797464	395.979797464	1551378979.24	379	321	379	321
"4870"	9	1	1	20	0	0	45	100	0	0	395.979797464	395.979797464	1551378979.28	384	333	384	333
"4871"	9	1	1	20	0	0	45	100	0	0	395.979797464	395.979797464	1551378979.31	387	343	387	343
"4872"	9	1	1	20	0	0	45	100	0	0	395.979797464	395.979797464	1551378979.34	390	356	390	356
"4873"	9	1	1	20	0	0	45	100	0	0	395.979797464	395.979797464	1551378979.38	390	368	390	368
"4874"	9	1	1	20	0	0	45	100	0	0	395.979797464	395.979797464	1551378979.41	391	375	391	375
"4875"	9	1	1	20	0	0	45	100	0	0	395.979797464	395.979797464	1551378979.44	391	382	391	382
"4876"	9	1	1	20	0	0	45	100	0	0	395.979797464	395.979797464	1551378979.48	392	388	392	388
"4877"	9	1	1	20	0	0	45	100	0	0	395.979797464	395.979797464	1551378979.51	393	391	393	391
"4878"	9	1	1	20	0	0	45	100	0	0	395.979797464	395.979797464	1551378979.54	394	394	394	394
"4879"	9	1	1	20	0	0	45	100	0	0	395.979797464	395.979797464	1551378979.58	396	398	396	398
"4880"	9	1	1	20	0	0	45	100	0	0	395.979797464	395.979797464	1551378979.61	397	402	397	402
"4881"	9	1	1	21	0	0	135	100	0	0	-395.979797464	395.979797464	1551378980.99	-4	-4	-4	-4
"4882"	9	1	1	21	0	0	135	100	0	0	-395.979797464	395.979797464	1551378981.01	-4	-4	-4	-4
"4883"	9	1	1	21	0	0	135	100	0	0	-395.979797464	395.979797464	1551378981.04	-4	-4	-4	-4
"4884"	9	1	1	21	0	0	135	100	0	0	-395.979797464	395.979797464	1551378981.08	-4	-4	-4	-4
"4885"	9	1	1	21	0	0	135	100	0	0	-395.979797464	395.979797464	1551378981.11	-4	-4	-4	-4
"4886"	9	1	1	21	0	0	135	100	0	0	-395.979797464	395.979797464	1551378981.14	-4	-4	-4	-4
"4887"	9	1	1	21	0	0	135	100	0	0	-395.979797464	395.979797464	1551378981.18	-4	-4	-4	-4
"4888"	9	1	1	21	0	0	135	100	0	0	-395.979797464	395.979797464	1551378981.21	-4	-4	-4	-4
"4889"	9	1	1	21	0	0	135	100	0	0	-395.979797464	395.979797464	1551378981.24	-4	-4	-4	-4
"4890"	9	1	1	21	0	0	135	100	0	0	-395.979797464	395.979797464	1551378981.28	-4	-4	-4	-4
"4891"	9	1	1	21	0	0	135	100	0	0	-395.979797464	395.979797464	1551378981.31	-4	-4	-4	-4
"4892"	9	1	1	21	0	0	135	100	0	0	-395.979797464	395.979797464	1551378981.34	-6	-1	-6	-1
"4893"	9	1	1	21	0	0	135	100	0	0	-395.979797464	395.979797464	1551378981.38	-13	4	-13	4
"4894"	9	1	1	21	0	0	135	100	0	0	-395.979797464	395.979797464	1551378981.41	-22	14	-22	14
"4895"	9	1	1	21	0	0	135	100	0	0	-395.979797464	395.979797464	1551378981.44	-29	25	-29	25
"4896"	9	1	1	21	0	0	135	100	0	0	-395.979797464	395.979797464	1551378981.48	-36	33	-36	33
"4897"	9	1	1	21	0	0	135	100	0	0	-395.979797464	395.979797464	1551378981.51	-44	42	-44	42
"4898"	9	1	1	21	0	0	135	100	0	0	-395.979797464	395.979797464	1551378981.54	-53	50	-53	50
"4899"	9	1	1	21	0	0	135	100	0	0	-395.979797464	395.979797464	1551378981.58	-62	57	-62	57
"4900"	9	1	1	21	0	0	135	100	0	0	-395.979797464	395.979797464	1551378981.61	-70	64	-70	64
"4901"	9	1	1	21	0	0	135	100	0	0	-395.979797464	395.979797464	1551378981.64	-78	72	-78	72
"4902"	9	1	1	21	0	0	135	100	0	0	-395.979797464	395.979797464	1551378981.68	-89	81	-89	81
"4903"	9	1	1	21	0	0	135	100	0	0	-395.979797464	395.979797464	1551378981.71	-99	89	-99	89
"4904"	9	1	1	21	0	0	135	100	0	0	-395.979797464	395.979797464	1551378981.74	-115	100	-115	100
"4905"	9	1	1	21	0	0	135	100	0	0	-395.979797464	395.979797464	1551378981.78	-134	114	-134	114
"4906"	9	1	1	21	0	0	135	100	0	0	-395.979797464	395.979797464	1551378981.81	-156	128	-156	128
"4907"	9	1	1	21	0	0	135	100	0	0	-395.979797464	395.979797464	1551378981.84	-180	145	-180	145
"4908"	9	1	1	21	0	0	135	100	0	0	-395.979797464	395.979797464	1551378981.88	-192	153	-192	153
"4909"	9	1	1	21	0	0	135	100	0	0	-395.979797464	395.979797464	1551378981.91	-209	164	-209	164
"4910"	9	1	1	21	0	0	135	100	0	0	-395.979797464	395.979797464	1551378981.95	-224	174	-224	174
"4911"	9	1	1	21	0	0	135	100	0	0	-395.979797464	395.979797464	1551378981.98	-234	183	-234	183
"4912"	9	1	1	21	0	0	135	100	0	0	-395.979797464	395.979797464	1551378982.01	-248	195	-248	195
"4913"	9	1	1	21	0	0	135	100	0	0	-395.979797464	395.979797464	1551378982.04	-260	207	-260	207
"4914"	9	1	1	21	0	0	135	100	0	0	-395.979797464	395.979797464	1551378982.08	-276	223	-276	223
"4915"	9	1	1	21	0	0	135	100	0	0	-395.979797464	395.979797464	1551378982.11	-293	240	-293	240
"4916"	9	1	1	21	0	0	135	100	0	0	-395.979797464	395.979797464	1551378982.14	-306	256	-306	256
"4917"	9	1	1	21	0	0	135	100	0	0	-395.979797464	395.979797464	1551378982.18	-316	269	-316	269
"4918"	9	1	1	21	0	0	135	100	0	0	-395.979797464	395.979797464	1551378982.21	-323	277	-323	277
"4919"	9	1	1	21	0	0	135	100	0	0	-395.979797464	395.979797464	1551378982.25	-330	289	-330	289
"4920"	9	1	1	21	0	0	135	100	0	0	-395.979797464	395.979797464	1551378982.28	-336	298	-336	298
"4921"	9	1	1	21	0	0	135	100	0	0	-395.979797464	395.979797464	1551378982.31	-343	310	-343	310
"4922"	9	1	1	21	0	0	135	100	0	0	-395.979797464	395.979797464	1551378982.35	-353	329	-353	329
"4923"	9	1	1	21	0	0	135	100	0	0	-395.979797464	395.979797464	1551378982.38	-356	341	-356	341
"4924"	9	1	1	21	0	0	135	100	0	0	-395.979797464	395.979797464	1551378982.41	-361	349	-361	349
"4925"	9	1	1	21	0	0	135	100	0	0	-395.979797464	395.979797464	1551378982.45	-365	354	-365	354
"4926"	9	1	1	21	0	0	135	100	0	0	-395.979797464	395.979797464	1551378982.48	-371	360	-371	360
"4927"	9	1	1	21	0	0	135	100	0	0	-395.979797464	395.979797464	1551378982.51	-377	365	-377	365
"4928"	9	1	1	21	0	0	135	100	0	0	-395.979797464	395.979797464	1551378982.55	-382	369	-382	369
"4929"	9	1	1	21	0	0	135	100	0	0	-395.979797464	395.979797464	1551378982.58	-387	374	-387	374
"4930"	9	1	1	21	0	0	135	100	0	0	-395.979797464	395.979797464	1551378982.61	-388	377	-388	377
"4931"	9	1	1	21	0	0	135	100	0	0	-395.979797464	395.979797464	1551378982.65	-389	378	-389	378
"4932"	9	1	1	21	0	0	135	100	0	0	-395.979797464	395.979797464	1551378982.68	-391	382	-391	382
"4933"	9	1	1	21	0	0	135	100	0	0	-395.979797464	395.979797464	1551378982.71	-392	384	-392	384
