"task_num"	"task_name"	"trial_type"	"trial_num"	"terminalfeedback_bool"	"rotation_angle"	"targetangle_deg"	"targetdistance_percmax"	"homex_px"	"homey_px"	"targetx_px"	"targety_px"	"time_s"	"mousex_px"	"mousey_px"	"cursorx_px"	"cursory_px"
1	"1"	"1"	1	FALSE	0	135	100	0	0	-395.979797464	395.979797464	52.6649878025	-5	-2	-5	-2
1	"1"	"1"	1	FALSE	0	135	100	0	0	-395.979797464	395.979797464	52.6983850002	-5	-1	-5	-1
1	"1"	"1"	1	FALSE	0	135	100	0	0	-395.979797464	395.979797464	52.7317759991	-4	-1	-4	-1
1	"1"	"1"	1	FALSE	0	135	100	0	0	-395.979797464	395.979797464	52.7650468349	-4	-1	-4	-1
1	"1"	"1"	1	FALSE	0	135	100	0	0	-395.979797464	395.979797464	52.7984139919	-4	-1	-4	-1
1	"1"	"1"	1	FALSE	0	135	100	0	0	-395.979797464	395.979797464	52.8317878246	-4	-1	-4	-1
1	"1"	"1"	1	FALSE	0	135	100	0	0	-395.979797464	395.979797464	52.8650538921	-4	-1	-4	-1
1	"1"	"1"	1	FALSE	0	135	100	0	0	-395.979797464	395.979797464	52.8985788822	-4	-1	-4	-1
1	"1"	"1"	1	FALSE	0	135	100	0	0	-395.979797464	395.979797464	52.9318099022	-4	-1	-4	-1
1	"1"	"1"	1	FALSE	0	135	100	0	0	-395.979797464	395.979797464	52.9653058052	-4	-1	-4	-1
1	"1"	"1"	1	FALSE	0	135	100	0	0	-395.979797464	395.979797464	52.9985380173	-4	-1	-4	-1
1	"1"	"1"	1	FALSE	0	135	100	0	0	-395.979797464	395.979797464	53.0318989754	-4	-1	-4	-1
1	"1"	"1"	1	FALSE	0	135	100	0	0	-395.979797464	395.979797464	53.0653128624	-4	-1	-4	-1
1	"1"	"1"	1	FALSE	0	135	100	0	0	-395.979797464	395.979797464	53.098708868	-4	-1	-4	-1
1	"1"	"1"	1	FALSE	0	135	100	0	0	-395.979797464	395.979797464	53.1320459843	-4	-1	-4	-1
1	"1"	"1"	1	FALSE	0	135	100	0	0	-395.979797464	395.979797464	53.1653988361	-4	-1	-4	-1
1	"1"	"1"	1	FALSE	0	135	100	0	0	-395.979797464	395.979797464	53.1987059116	-4	-1	-4	-1
1	"1"	"1"	1	FALSE	0	135	100	0	0	-395.979797464	395.979797464	53.23218894	-4	-1	-4	-1
1	"1"	"1"	1	FALSE	0	135	100	0	0	-395.979797464	395.979797464	53.265365839	-4	-1	-4	-1
1	"1"	"1"	1	FALSE	0	135	100	0	0	-395.979797464	395.979797464	53.298815012	-4	-1	-4	-1
1	"1"	"1"	1	FALSE	0	135	100	0	0	-395.979797464	395.979797464	53.33207798	-4	-1	-4	-1
1	"1"	"1"	1	FALSE	0	135	100	0	0	-395.979797464	395.979797464	53.3653848171	-4	-1	-4	-1
1	"1"	"1"	1	FALSE	0	135	100	0	0	-395.979797464	395.979797464	53.3986740112	-3	-1	-3	-1
1	"1"	"1"	1	FALSE	0	135	100	0	0	-395.979797464	395.979797464	53.4322929382	-3	-1	-3	-1
1	"1"	"1"	1	FALSE	0	135	100	0	0	-395.979797464	395.979797464	53.4655458927	-3	-1	-3	-1
1	"1"	"1"	1	FALSE	0	135	100	0	0	-395.979797464	395.979797464	53.4988160133	-3	-1	-3	-1
1	"1"	"1"	1	FALSE	0	135	100	0	0	-395.979797464	395.979797464	53.5320138931	-3	-1	-3	-1
1	"1"	"1"	1	FALSE	0	135	100	0	0	-395.979797464	395.979797464	53.5656068325	-3	-1	-3	-1
1	"1"	"1"	1	FALSE	0	135	100	0	0	-395.979797464	395.979797464	53.5988659859	-3	-1	-3	-1
1	"1"	"1"	1	FALSE	0	135	100	0	0	-395.979797464	395.979797464	53.6323378086	-3	-1	-3	-1
1	"1"	"1"	1	FALSE	0	135	100	0	0	-395.979797464	395.979797464	53.665763855	-3	-1	-3	-1
1	"1"	"1"	1	FALSE	0	135	100	0	0	-395.979797464	395.979797464	53.6984488964	-3	-1	-3	-1
1	"1"	"1"	1	FALSE	0	135	100	0	0	-395.979797464	395.979797464	53.7319359779	-3	-1	-3	-1
1	"1"	"1"	1	FALSE	0	135	100	0	0	-395.979797464	395.979797464	53.7651538849	-3	-1	-3	-1
1	"1"	"1"	1	FALSE	0	135	100	0	0	-395.979797464	395.979797464	53.7984988689	-3	-1	-3	-1
1	"1"	"1"	1	FALSE	0	135	100	0	0	-395.979797464	395.979797464	53.8318858147	-3	-1	-3	-1
1	"1"	"1"	1	FALSE	0	135	100	0	0	-395.979797464	395.979797464	53.8653190136	-3	-1	-3	-1
1	"1"	"1"	1	FALSE	0	135	100	0	0	-395.979797464	395.979797464	53.8995039463	-3	-1	-3	-1
1	"1"	"1"	1	FALSE	0	135	100	0	0	-395.979797464	395.979797464	53.9325158596	-3	-1	-3	-1
1	"1"	"1"	1	FALSE	0	135	100	0	0	-395.979797464	395.979797464	53.9659149647	-3	-1	-3	-1
1	"1"	"1"	1	FALSE	0	135	100	0	0	-395.979797464	395.979797464	53.9993209839	-3	-1	-3	-1
1	"1"	"1"	1	FALSE	0	135	100	0	0	-395.979797464	395.979797464	54.0318338871	-3	-1	-3	-1
1	"1"	"1"	1	FALSE	0	135	100	0	0	-395.979797464	395.979797464	54.065707922	-3	-1	-3	-1
1	"1"	"1"	1	FALSE	0	135	100	0	0	-395.979797464	395.979797464	54.0990579128	-3	-1	-3	-1
1	"1"	"1"	1	FALSE	0	135	100	0	0	-395.979797464	395.979797464	54.1326048374	-3	-1	-3	-1
1	"1"	"1"	1	FALSE	0	135	100	0	0	-395.979797464	395.979797464	54.1659989357	-3	-1	-3	-1
1	"1"	"1"	1	FALSE	0	135	100	0	0	-395.979797464	395.979797464	54.1994400024	-3	-1	-3	-1
1	"1"	"1"	1	FALSE	0	135	100	0	0	-395.979797464	395.979797464	54.2327148914	-3	-1	-3	-1
1	"1"	"1"	1	FALSE	0	135	100	0	0	-395.979797464	395.979797464	54.2661168575	-3	-1	-3	-1
1	"1"	"1"	1	FALSE	0	135	100	0	0	-395.979797464	395.979797464	54.2994198799	-3	-1	-3	-1
1	"1"	"1"	1	FALSE	0	135	100	0	0	-395.979797464	395.979797464	54.3328449726	-3	-1	-3	-1
1	"1"	"1"	1	FALSE	0	135	100	0	0	-395.979797464	395.979797464	54.3660709858	-3	-1	-3	-1
1	"1"	"1"	1	FALSE	0	135	100	0	0	-395.979797464	395.979797464	54.3994300365	-3	-1	-3	-1
1	"1"	"1"	1	FALSE	0	135	100	0	0	-395.979797464	395.979797464	54.4329519272	-3	-1	-3	-1
1	"1"	"1"	1	FALSE	0	135	100	0	0	-395.979797464	395.979797464	54.4661920071	-3	-1	-3	-1
1	"1"	"1"	1	FALSE	0	135	100	0	0	-395.979797464	395.979797464	54.4994130135	-3	-1	-3	-1
1	"1"	"1"	1	FALSE	0	135	100	0	0	-395.979797464	395.979797464	54.5328688622	-3	-1	-3	-1
1	"1"	"1"	1	FALSE	0	135	100	0	0	-395.979797464	395.979797464	54.5662078857	-3	-1	-3	-1
1	"1"	"1"	1	FALSE	0	135	100	0	0	-395.979797464	395.979797464	54.5996818542	-3	-1	-3	-1
1	"1"	"1"	1	FALSE	0	135	100	0	0	-395.979797464	395.979797464	54.6328988075	-3	-1	-3	-1
1	"1"	"1"	1	FALSE	0	135	100	0	0	-395.979797464	395.979797464	54.6662750244	-3	-1	-3	-1
1	"1"	"1"	1	FALSE	0	135	100	0	0	-395.979797464	395.979797464	54.6995978355	-3	-1	-3	-1
1	"1"	"1"	1	FALSE	0	135	100	0	0	-395.979797464	395.979797464	54.7330849171	-3	-1	-3	-1
1	"1"	"1"	1	FALSE	0	135	100	0	0	-395.979797464	395.979797464	54.7664449215	-3	-1	-3	-1
1	"1"	"1"	1	FALSE	0	135	100	0	0	-395.979797464	395.979797464	54.7996888161	-3	-1	-3	-1
1	"1"	"1"	1	FALSE	0	135	100	0	0	-395.979797464	395.979797464	54.8331708908	-3	-1	-3	-1
1	"1"	"1"	1	FALSE	0	135	100	0	0	-395.979797464	395.979797464	54.8664958477	-3	-1	-3	-1
1	"1"	"1"	1	FALSE	0	135	100	0	0	-395.979797464	395.979797464	54.8998248577	-3	-1	-3	-1
1	"1"	"1"	1	FALSE	0	135	100	0	0	-395.979797464	395.979797464	54.9331979752	-3	-1	-3	-1
1	"1"	"1"	1	FALSE	0	135	100	0	0	-395.979797464	395.979797464	54.9664928913	-3	-1	-3	-1
1	"1"	"1"	1	FALSE	0	135	100	0	0	-395.979797464	395.979797464	54.9999508858	-3	-1	-3	-1
1	"1"	"1"	1	FALSE	0	135	100	0	0	-395.979797464	395.979797464	55.0331759453	-3	-1	-3	-1
1	"1"	"1"	1	FALSE	0	135	100	0	0	-395.979797464	395.979797464	55.0665860176	-3	-1	-3	-1
1	"1"	"1"	1	FALSE	0	135	100	0	0	-395.979797464	395.979797464	55.100030899	-3	-1	-3	-1
1	"1"	"1"	1	FALSE	0	135	100	0	0	-395.979797464	395.979797464	55.1333699226	-3	-1	-3	-1
1	"1"	"1"	1	FALSE	0	135	100	0	0	-395.979797464	395.979797464	55.1666419506	-3	-1	-3	-1
1	"1"	"1"	1	FALSE	0	135	100	0	0	-395.979797464	395.979797464	55.199960947	-3	-1	-3	-1
1	"1"	"1"	1	FALSE	0	135	100	0	0	-395.979797464	395.979797464	55.2335000038	-3	-1	-3	-1
1	"1"	"1"	1	FALSE	0	135	100	0	0	-395.979797464	395.979797464	55.2667739391	-3	-1	-3	-1
1	"1"	"1"	1	FALSE	0	135	100	0	0	-395.979797464	395.979797464	55.3000559807	-3	-1	-3	-1
1	"1"	"1"	1	FALSE	0	135	100	0	0	-395.979797464	395.979797464	55.3335878849	-4	0	-4	0
1	"1"	"1"	1	FALSE	0	135	100	0	0	-395.979797464	395.979797464	55.3668308258	-4	0	-4	0
1	"1"	"1"	1	FALSE	0	135	100	0	0	-395.979797464	395.979797464	55.4002418518	-4	0	-4	0
1	"1"	"1"	1	FALSE	0	135	100	0	0	-395.979797464	395.979797464	55.4335949421	-6	2	-6	2
1	"1"	"1"	1	FALSE	0	135	100	0	0	-395.979797464	395.979797464	55.4668738842	-10	6	-10	6
1	"1"	"1"	1	FALSE	0	135	100	0	0	-395.979797464	395.979797464	55.5002169609	-18	13	-18	13
1	"1"	"1"	1	FALSE	0	135	100	0	0	-395.979797464	395.979797464	55.533577919	-33	25	-33	25
1	"1"	"1"	1	FALSE	0	135	100	0	0	-395.979797464	395.979797464	55.5668039322	-51	43	-51	43
1	"1"	"1"	1	FALSE	0	135	100	0	0	-395.979797464	395.979797464	55.6003680229	-70	65	-70	65
1	"1"	"1"	1	FALSE	0	135	100	0	0	-395.979797464	395.979797464	55.6337590218	-84	77	-84	77
1	"1"	"1"	1	FALSE	0	135	100	0	0	-395.979797464	395.979797464	55.6670589447	-111	96	-111	96
1	"1"	"1"	1	FALSE	0	135	100	0	0	-395.979797464	395.979797464	55.7004489899	-139	110	-139	110
1	"1"	"1"	1	FALSE	0	135	100	0	0	-395.979797464	395.979797464	55.7338340282	-163	125	-163	125
1	"1"	"1"	1	FALSE	0	135	100	0	0	-395.979797464	395.979797464	55.7671170235	-188	144	-188	144
1	"1"	"1"	1	FALSE	0	135	100	0	0	-395.979797464	395.979797464	55.8005199432	-210	164	-210	164
1	"1"	"1"	1	FALSE	0	135	100	0	0	-395.979797464	395.979797464	55.8337738514	-237	185	-237	185
1	"1"	"1"	1	FALSE	0	135	100	0	0	-395.979797464	395.979797464	55.8672568798	-258	202	-258	202
1	"1"	"1"	1	FALSE	0	135	100	0	0	-395.979797464	395.979797464	55.9006078243	-282	221	-282	221
1	"1"	"1"	1	FALSE	0	135	100	0	0	-395.979797464	395.979797464	55.9339938164	-303	241	-303	241
1	"1"	"1"	1	FALSE	0	135	100	0	0	-395.979797464	395.979797464	55.9672729969	-314	254	-314	254
1	"1"	"1"	1	FALSE	0	135	100	0	0	-395.979797464	395.979797464	56.0006449223	-328	270	-328	270
1	"1"	"1"	1	FALSE	0	135	100	0	0	-395.979797464	395.979797464	56.0339758396	-340	285	-340	285
1	"1"	"1"	1	FALSE	0	135	100	0	0	-395.979797464	395.979797464	56.067360878	-350	302	-350	302
1	"1"	"1"	1	FALSE	0	135	100	0	0	-395.979797464	395.979797464	56.1006929874	-354	313	-354	313
1	"1"	"1"	1	FALSE	0	135	100	0	0	-395.979797464	395.979797464	56.1340689659	-356	325	-356	325
1	"1"	"1"	1	FALSE	0	135	100	0	0	-395.979797464	395.979797464	56.1675429344	-358	335	-358	335
1	"1"	"1"	1	FALSE	0	135	100	0	0	-395.979797464	395.979797464	56.20084095	-361	341	-361	341
1	"1"	"1"	1	FALSE	0	135	100	0	0	-395.979797464	395.979797464	56.2340698242	-365	348	-365	348
1	"1"	"1"	1	FALSE	0	135	100	0	0	-395.979797464	395.979797464	56.2675080299	-372	355	-372	355
1	"1"	"1"	1	FALSE	0	135	100	0	0	-395.979797464	395.979797464	56.3008348942	-379	363	-379	363
1	"1"	"1"	1	FALSE	0	135	100	0	0	-395.979797464	395.979797464	56.3342468739	-387	371	-387	371
1	"1"	"1"	1	FALSE	0	135	100	0	0	-395.979797464	395.979797464	56.3675060272	-395	378	-395	378
1	"1"	"1"	1	FALSE	0	135	100	0	0	-395.979797464	395.979797464	56.4008188248	-402	382	-402	382
1	"1"	"1"	1	FALSE	0	135	100	0	0	-395.979797464	395.979797464	56.4341259003	-407	383	-407	383
1	"1"	"1"	1	FALSE	0	135	100	0	0	-395.979797464	395.979797464	56.4675889015	-409	385	-409	385
1	"1"	"1"	1	FALSE	0	135	100	0	0	-395.979797464	395.979797464	56.501060009	-410	388	-410	388
1	"1"	"1"	1	FALSE	0	135	100	0	0	-395.979797464	395.979797464	56.5342798233	-409	391	-409	391
1	"1"	"1"	1	FALSE	0	135	100	0	0	-395.979797464	395.979797464	56.5676980019	-405	398	-405	398
1	"1"	"1"	1	FALSE	0	135	100	0	0	-395.979797464	395.979797464	56.6009728909	-402	402	-402	402
1	"1"	"1"	1	FALSE	0	135	100	0	0	-395.979797464	395.979797464	56.6344118118	-401	403	-401	403
1	"1"	"1"	1	FALSE	0	135	100	0	0	-395.979797464	395.979797464	56.6678068638	-399	402	-399	402
1	"1"	"1"	2	FALSE	0	90	100	0	0	3.42901103761e-14	560	0.00244092941284	-11	6	-11	6
1	"1"	"1"	2	FALSE	0	90	100	0	0	3.42901103761e-14	560	0.0305299758911	-11	7	-11	7
1	"1"	"1"	2	FALSE	0	90	100	0	0	3.42901103761e-14	560	0.0642368793488	-11	7	-11	7
1	"1"	"1"	2	FALSE	0	90	100	0	0	3.42901103761e-14	560	0.0975549221039	-11	7	-11	7
1	"1"	"1"	2	FALSE	0	90	100	0	0	3.42901103761e-14	560	0.130534887314	-11	7	-11	7
1	"1"	"1"	2	FALSE	0	90	100	0	0	3.42901103761e-14	560	0.163638830185	-11	7	-11	7
1	"1"	"1"	2	FALSE	0	90	100	0	0	3.42901103761e-14	560	0.197643995285	-11	7	-11	7
1	"1"	"1"	2	FALSE	0	90	100	0	0	3.42901103761e-14	560	0.2310359478	-11	7	-11	7
1	"1"	"1"	2	FALSE	0	90	100	0	0	3.42901103761e-14	560	0.263777017593	-11	7	-11	7
1	"1"	"1"	2	FALSE	0	90	100	0	0	3.42901103761e-14	560	0.297678947449	-11	8	-11	8
1	"1"	"1"	2	FALSE	0	90	100	0	0	3.42901103761e-14	560	0.330947875977	-11	8	-11	8
1	"1"	"1"	2	FALSE	0	90	100	0	0	3.42901103761e-14	560	0.364186048508	-11	8	-11	8
1	"1"	"1"	2	FALSE	0	90	100	0	0	3.42901103761e-14	560	0.397779941559	-11	9	-11	9
1	"1"	"1"	2	FALSE	0	90	100	0	0	3.42901103761e-14	560	0.43120098114	-12	9	-12	9
1	"1"	"1"	2	FALSE	0	90	100	0	0	3.42901103761e-14	560	0.464421033859	-13	11	-13	11
1	"1"	"1"	2	FALSE	0	90	100	0	0	3.42901103761e-14	560	0.497902870178	-15	13	-15	13
1	"1"	"1"	2	FALSE	0	90	100	0	0	3.42901103761e-14	560	0.531236886978	-17	15	-17	15
1	"1"	"1"	2	FALSE	0	90	100	0	0	3.42901103761e-14	560	0.5641310215	-17	13	-17	13
1	"1"	"1"	2	FALSE	0	90	100	0	0	3.42901103761e-14	560	0.597929954529	-18	12	-18	12
1	"1"	"1"	2	FALSE	0	90	100	0	0	3.42901103761e-14	560	0.631258964539	-19	16	-19	16
1	"1"	"1"	2	FALSE	0	90	100	0	0	3.42901103761e-14	560	0.664005041122	-21	24	-21	24
1	"1"	"1"	2	FALSE	0	90	100	0	0	3.42901103761e-14	560	0.697183847427	-27	33	-27	33
1	"1"	"1"	2	FALSE	0	90	100	0	0	3.42901103761e-14	560	0.730357885361	-31	40	-31	40
1	"1"	"1"	2	FALSE	0	90	100	0	0	3.42901103761e-14	560	0.763739824295	-34	42	-34	42
1	"1"	"1"	2	FALSE	0	90	100	0	0	3.42901103761e-14	560	0.797318935394	-34	42	-34	42
1	"1"	"1"	2	FALSE	0	90	100	0	0	3.42901103761e-14	560	0.830665826797	-34	42	-34	42
1	"1"	"1"	2	FALSE	0	90	100	0	0	3.42901103761e-14	560	0.864002943039	-34	42	-34	42
1	"1"	"1"	2	FALSE	0	90	100	0	0	3.42901103761e-14	560	0.897348880768	-34	42	-34	42
1	"1"	"1"	2	FALSE	0	90	100	0	0	3.42901103761e-14	560	0.930824041367	-34	42	-34	42
1	"1"	"1"	2	FALSE	0	90	100	0	0	3.42901103761e-14	560	0.964186906815	-34	42	-34	42
1	"1"	"1"	2	FALSE	0	90	100	0	0	3.42901103761e-14	560	0.997400999069	-34	42	-34	42
1	"1"	"1"	2	FALSE	0	90	100	0	0	3.42901103761e-14	560	1.03088593483	-60	42	-60	42
1	"1"	"1"	2	FALSE	0	90	100	0	0	3.42901103761e-14	560	1.06482887268	-48	33	-48	33
1	"1"	"1"	2	FALSE	0	90	100	0	0	3.42901103761e-14	560	1.09834885597	-47	30	-47	30
1	"1"	"1"	2	FALSE	0	90	100	0	0	3.42901103761e-14	560	1.13126087189	-51	16	-51	16
1	"1"	"1"	2	FALSE	0	90	100	0	0	3.42901103761e-14	560	1.16498494148	-47	5	-47	5
1	"1"	"1"	2	FALSE	0	90	100	0	0	3.42901103761e-14	560	1.19816803932	-42	-1	-42	-1
1	"1"	"1"	2	FALSE	0	90	100	0	0	3.42901103761e-14	560	1.23155593872	-36	3	-36	3
1	"1"	"1"	2	FALSE	0	90	100	0	0	3.42901103761e-14	560	1.26499795914	-32	10	-32	10
1	"1"	"1"	2	FALSE	0	90	100	0	0	3.42901103761e-14	560	1.29839396477	-32	9	-32	9
1	"1"	"1"	2	FALSE	0	90	100	0	0	3.42901103761e-14	560	1.33172488213	-32	9	-32	9
1	"1"	"1"	2	FALSE	0	90	100	0	0	3.42901103761e-14	560	1.36515188217	-32	9	-32	9
1	"1"	"1"	2	FALSE	0	90	100	0	0	3.42901103761e-14	560	1.39856386185	-32	9	-32	9
1	"1"	"1"	2	FALSE	0	90	100	0	0	3.42901103761e-14	560	1.431828022	-32	9	-32	9
1	"1"	"1"	2	FALSE	0	90	100	0	0	3.42901103761e-14	560	1.46516990662	-32	9	-32	9
1	"1"	"1"	2	FALSE	0	90	100	0	0	3.42901103761e-14	560	1.4985408783	-32	10	-32	10
1	"1"	"1"	2	FALSE	0	90	100	0	0	3.42901103761e-14	560	1.53182697296	-33	16	-33	16
1	"1"	"1"	2	FALSE	0	90	100	0	0	3.42901103761e-14	560	1.5652718544	-34	22	-34	22
1	"1"	"1"	2	FALSE	0	90	100	0	0	3.42901103761e-14	560	1.59859800339	-36	29	-36	29
1	"1"	"1"	2	FALSE	0	90	100	0	0	3.42901103761e-14	560	1.63199591637	-36	31	-36	31
1	"1"	"1"	2	FALSE	0	90	100	0	0	3.42901103761e-14	560	1.6653008461	-37	38	-37	38
1	"1"	"1"	2	FALSE	0	90	100	0	0	3.42901103761e-14	560	1.69874191284	-39	45	-39	45
1	"1"	"1"	2	FALSE	0	90	100	0	0	3.42901103761e-14	560	1.73186302185	-41	51	-41	51
1	"1"	"1"	2	FALSE	0	90	100	0	0	3.42901103761e-14	560	1.76533389091	-42	57	-42	57
1	"1"	"1"	2	FALSE	0	90	100	0	0	3.42901103761e-14	560	1.79890990257	-44	62	-44	62
1	"1"	"1"	2	FALSE	0	90	100	0	0	3.42901103761e-14	560	1.83211088181	-44	63	-44	63
1	"1"	"1"	2	FALSE	0	90	100	0	0	3.42901103761e-14	560	1.86540985107	-44	63	-44	63
1	"1"	"1"	2	FALSE	0	90	100	0	0	3.42901103761e-14	560	1.89887785912	-44	63	-44	63
1	"1"	"1"	2	FALSE	0	90	100	0	0	3.42901103761e-14	560	1.93214488029	-44	63	-44	63
1	"1"	"1"	2	FALSE	0	90	100	0	0	3.42901103761e-14	560	1.96553492546	-44	63	-44	63
1	"1"	"1"	2	FALSE	0	90	100	0	0	3.42901103761e-14	560	1.99885392189	-44	63	-44	63
1	"1"	"1"	2	FALSE	0	90	100	0	0	3.42901103761e-14	560	2.03187990189	-45	63	-45	63
1	"1"	"1"	2	FALSE	0	90	100	0	0	3.42901103761e-14	560	2.06561803818	-49	62	-49	62
1	"1"	"1"	2	FALSE	0	90	100	0	0	3.42901103761e-14	560	2.09880590439	-49	62	-49	62
1	"1"	"1"	2	FALSE	0	90	100	0	0	3.42901103761e-14	560	2.13214993477	-49	62	-49	62
1	"1"	"1"	2	FALSE	0	90	100	0	0	3.42901103761e-14	560	2.16575503349	-49	62	-49	62
1	"1"	"1"	2	FALSE	0	90	100	0	0	3.42901103761e-14	560	2.19906783104	-49	62	-49	62
1	"1"	"1"	2	FALSE	0	90	100	0	0	3.42901103761e-14	560	2.23238992691	-50	61	-50	61
1	"1"	"1"	2	FALSE	0	90	100	0	0	3.42901103761e-14	560	2.26580095291	-50	61	-50	61
1	"1"	"1"	2	FALSE	0	90	100	0	0	3.42901103761e-14	560	2.29901003838	-50	62	-50	62
1	"1"	"1"	2	FALSE	0	90	100	0	0	3.42901103761e-14	560	2.3325510025	-50	61	-50	61
1	"1"	"1"	2	FALSE	0	90	100	0	0	3.42901103761e-14	560	2.36575198174	-50	61	-50	61
1	"1"	"1"	2	FALSE	0	90	100	0	0	3.42901103761e-14	560	2.39917087555	-50	61	-50	61
1	"1"	"1"	2	FALSE	0	90	100	0	0	3.42901103761e-14	560	2.43253684044	-50	61	-50	61
1	"1"	"1"	2	FALSE	0	90	100	0	0	3.42901103761e-14	560	2.46595096588	-50	55	-50	55
1	"1"	"1"	2	FALSE	0	90	100	0	0	3.42901103761e-14	560	2.49923491478	-49	22	-49	22
1	"1"	"1"	2	FALSE	0	90	100	0	0	3.42901103761e-14	560	2.53269600868	-48	-8	-48	-8
1	"1"	"1"	2	FALSE	0	90	100	0	0	3.42901103761e-14	560	2.56601595879	-56	-34	-56	-34
1	"1"	"1"	2	FALSE	0	90	100	0	0	3.42901103761e-14	560	2.59941792488	-86	-34	-86	-34
1	"1"	"1"	2	FALSE	0	90	100	0	0	3.42901103761e-14	560	2.63277292252	-95	-30	-95	-30
1	"1"	"1"	2	FALSE	0	90	100	0	0	3.42901103761e-14	560	2.66600799561	-92	-29	-92	-29
1	"1"	"1"	2	FALSE	0	90	100	0	0	3.42901103761e-14	560	2.69941687584	-87	-25	-87	-25
1	"1"	"1"	2	FALSE	0	90	100	0	0	3.42901103761e-14	560	2.73273897171	-87	-25	-87	-25
1	"1"	"1"	2	FALSE	0	90	100	0	0	3.42901103761e-14	560	2.7660908699	-84	-25	-84	-25
1	"1"	"1"	2	FALSE	0	90	100	0	0	3.42901103761e-14	560	2.79957604408	-75	-25	-75	-25
1	"1"	"1"	2	FALSE	0	90	100	0	0	3.42901103761e-14	560	2.83288502693	-66	-25	-66	-25
1	"1"	"1"	2	FALSE	0	90	100	0	0	3.42901103761e-14	560	2.86624383926	-48	-14	-48	-14
1	"1"	"1"	2	FALSE	0	90	100	0	0	3.42901103761e-14	560	2.89955401421	-47	-9	-47	-9
1	"1"	"1"	2	FALSE	0	90	100	0	0	3.42901103761e-14	560	2.93291687965	-47	-10	-47	-10
1	"1"	"1"	2	FALSE	0	90	100	0	0	3.42901103761e-14	560	2.96631503105	-46	-12	-46	-12
1	"1"	"1"	2	FALSE	0	90	100	0	0	3.42901103761e-14	560	2.99962091446	-42	-11	-42	-11
1	"1"	"1"	2	FALSE	0	90	100	0	0	3.42901103761e-14	560	3.03301000595	-32	-2	-32	-2
1	"1"	"1"	2	FALSE	0	90	100	0	0	3.42901103761e-14	560	3.06640601158	-27	6	-27	6
1	"1"	"1"	2	FALSE	0	90	100	0	0	3.42901103761e-14	560	3.09974503517	-26	13	-26	13
1	"1"	"1"	2	FALSE	0	90	100	0	0	3.42901103761e-14	560	3.13305687904	-27	19	-27	19
1	"1"	"1"	2	FALSE	0	90	100	0	0	3.42901103761e-14	560	3.16653203964	-27	22	-27	22
1	"1"	"1"	2	FALSE	0	90	100	0	0	3.42901103761e-14	560	3.1998398304	-30	24	-30	24
1	"1"	"1"	2	FALSE	0	90	100	0	0	3.42901103761e-14	560	3.23306703568	-30	24	-30	24
1	"1"	"1"	2	FALSE	0	90	100	0	0	3.42901103761e-14	560	3.2663090229	-30	25	-30	25
1	"1"	"1"	2	FALSE	0	90	100	0	0	3.42901103761e-14	560	3.29972600937	-31	25	-31	25
1	"1"	"1"	2	FALSE	0	90	100	0	0	3.42901103761e-14	560	3.33317303658	-31	26	-31	26
1	"1"	"1"	2	FALSE	0	90	100	0	0	3.42901103761e-14	560	3.36661696434	-31	26	-31	26
1	"1"	"1"	2	FALSE	0	90	100	0	0	3.42901103761e-14	560	3.39988493919	-31	25	-31	25
1	"1"	"1"	2	FALSE	0	90	100	0	0	3.42901103761e-14	560	3.43327188492	-31	25	-31	25
1	"1"	"1"	2	FALSE	0	90	100	0	0	3.42901103761e-14	560	3.46653294563	-29	25	-29	25
1	"1"	"1"	2	FALSE	0	90	100	0	0	3.42901103761e-14	560	3.49997901917	-29	25	-29	25
1	"1"	"1"	2	FALSE	0	90	100	0	0	3.42901103761e-14	560	3.53323197365	-29	25	-29	25
1	"1"	"1"	2	FALSE	0	90	100	0	0	3.42901103761e-14	560	3.56673884392	-29	25	-29	25
1	"1"	"1"	2	FALSE	0	90	100	0	0	3.42901103761e-14	560	3.60002589226	-29	25	-29	25
1	"1"	"1"	2	FALSE	0	90	100	0	0	3.42901103761e-14	560	3.63339090347	-28	25	-28	25
1	"1"	"1"	2	FALSE	0	90	100	0	0	3.42901103761e-14	560	3.66683101654	-27	25	-27	25
1	"1"	"1"	2	FALSE	0	90	100	0	0	3.42901103761e-14	560	3.70011591911	-27	25	-27	25
1	"1"	"1"	2	FALSE	0	90	100	0	0	3.42901103761e-14	560	3.73345804214	-27	25	-27	25
1	"1"	"1"	2	FALSE	0	90	100	0	0	3.42901103761e-14	560	3.76692605019	-24	28	-24	28
1	"1"	"1"	2	FALSE	0	90	100	0	0	3.42901103761e-14	560	3.80018997192	-17	34	-17	34
1	"1"	"1"	2	FALSE	0	90	100	0	0	3.42901103761e-14	560	3.83356785774	-16	34	-16	34
1	"1"	"1"	2	FALSE	0	90	100	0	0	3.42901103761e-14	560	3.86689305305	-16	34	-16	34
1	"1"	"1"	2	FALSE	0	90	100	0	0	3.42901103761e-14	560	3.90026092529	-16	34	-16	34
1	"1"	"1"	2	FALSE	0	90	100	0	0	3.42901103761e-14	560	3.93351697922	-16	35	-16	35
1	"1"	"1"	2	FALSE	0	90	100	0	0	3.42901103761e-14	560	3.96685886383	-16	35	-16	35
1	"1"	"1"	2	FALSE	0	90	100	0	0	3.42901103761e-14	560	4.00041604042	-18	38	-18	38
1	"1"	"1"	2	FALSE	0	90	100	0	0	3.42901103761e-14	560	4.0335559845	-19	48	-19	48
1	"1"	"1"	2	FALSE	0	90	100	0	0	3.42901103761e-14	560	4.06715202332	-20	53	-20	53
1	"1"	"1"	2	FALSE	0	90	100	0	0	3.42901103761e-14	560	4.10024905205	-20	53	-20	53
1	"1"	"1"	2	FALSE	0	90	100	0	0	3.42901103761e-14	560	4.13374686241	-20	52	-20	52
1	"1"	"1"	2	FALSE	0	90	100	0	0	3.42901103761e-14	560	4.16713690758	-20	52	-20	52
1	"1"	"1"	2	FALSE	0	90	100	0	0	3.42901103761e-14	560	4.20037889481	-20	52	-20	52
1	"1"	"1"	2	FALSE	0	90	100	0	0	3.42901103761e-14	560	4.23380494118	-20	52	-20	52
1	"1"	"1"	2	FALSE	0	90	100	0	0	3.42901103761e-14	560	4.26700186729	-20	52	-20	52
1	"1"	"1"	2	FALSE	0	90	100	0	0	3.42901103761e-14	560	4.30053091049	-20	52	-20	52
1	"1"	"1"	2	FALSE	0	90	100	0	0	3.42901103761e-14	560	4.33384990692	-20	52	-20	52
1	"1"	"1"	2	FALSE	0	90	100	0	0	3.42901103761e-14	560	4.36728405952	-20	52	-20	52
1	"1"	"1"	2	FALSE	0	90	100	0	0	3.42901103761e-14	560	4.40047502518	-20	52	-20	52
1	"1"	"1"	2	FALSE	0	90	100	0	0	3.42901103761e-14	560	4.43385004997	-20	52	-20	52
1	"1"	"1"	2	FALSE	0	90	100	0	0	3.42901103761e-14	560	4.46728992462	-20	52	-20	52
1	"1"	"1"	2	FALSE	0	90	100	0	0	3.42901103761e-14	560	4.50063204765	-20	52	-20	52
1	"1"	"1"	2	FALSE	0	90	100	0	0	3.42901103761e-14	560	4.53389000893	-20	52	-20	52
1	"1"	"1"	2	FALSE	0	90	100	0	0	3.42901103761e-14	560	4.56720089912	-20	52	-20	52
1	"1"	"1"	2	FALSE	0	90	100	0	0	3.42901103761e-14	560	4.60074687004	-20	52	-20	52
1	"1"	"1"	2	FALSE	0	90	100	0	0	3.42901103761e-14	560	4.63406085968	-20	52	-20	52
1	"1"	"1"	2	FALSE	0	90	100	0	0	3.42901103761e-14	560	4.66745305061	-20	52	-20	52
1	"1"	"1"	2	FALSE	0	90	100	0	0	3.42901103761e-14	560	4.70079994202	-20	52	-20	52
1	"1"	"1"	2	FALSE	0	90	100	0	0	3.42901103761e-14	560	4.73421788216	-20	52	-20	52
1	"1"	"1"	2	FALSE	0	90	100	0	0	3.42901103761e-14	560	4.76746892929	-20	52	-20	52
1	"1"	"1"	2	FALSE	0	90	100	0	0	3.42901103761e-14	560	4.80087995529	-19	51	-19	51
1	"1"	"1"	2	FALSE	0	90	100	0	0	3.42901103761e-14	560	4.83366203308	-19	49	-19	49
1	"1"	"1"	2	FALSE	0	90	100	0	0	3.42901103761e-14	560	4.86765599251	-19	49	-19	49
1	"1"	"1"	2	FALSE	0	90	100	0	0	3.42901103761e-14	560	4.90102291107	-19	49	-19	49
1	"1"	"1"	2	FALSE	0	90	100	0	0	3.42901103761e-14	560	4.93427205086	-19	49	-19	49
1	"1"	"1"	2	FALSE	0	90	100	0	0	3.42901103761e-14	560	4.96772289276	-19	49	-19	49
1	"1"	"1"	2	FALSE	0	90	100	0	0	3.42901103761e-14	560	5.00069689751	-19	49	-19	49
1	"1"	"1"	2	FALSE	0	90	100	0	0	3.42901103761e-14	560	5.03439188004	-19	49	-19	49
1	"1"	"1"	2	FALSE	0	90	100	0	0	3.42901103761e-14	560	5.06776595116	-19	50	-19	50
1	"1"	"1"	2	FALSE	0	90	100	0	0	3.42901103761e-14	560	5.10111784935	-20	51	-20	51
1	"1"	"1"	2	FALSE	0	90	100	0	0	3.42901103761e-14	560	5.13452291489	-21	52	-21	52
1	"1"	"1"	2	FALSE	0	90	100	0	0	3.42901103761e-14	560	5.16774296761	-22	53	-22	53
1	"1"	"1"	2	FALSE	0	90	100	0	0	3.42901103761e-14	560	5.20116186142	-22	53	-22	53
1	"1"	"1"	2	FALSE	0	90	100	0	0	3.42901103761e-14	560	5.23443102837	-22	53	-22	53
1	"1"	"1"	2	FALSE	0	90	100	0	0	3.42901103761e-14	560	5.26747989655	-22	53	-22	53
1	"1"	"1"	2	FALSE	0	90	100	0	0	3.42901103761e-14	560	5.30132198334	-22	53	-22	53
1	"1"	"1"	2	FALSE	0	90	100	0	0	3.42901103761e-14	560	5.33454585075	-22	53	-22	53
1	"1"	"1"	2	FALSE	0	90	100	0	0	3.42901103761e-14	560	5.3678548336	-22	53	-22	53
1	"1"	"1"	2	FALSE	0	90	100	0	0	3.42901103761e-14	560	5.40124583244	-22	53	-22	53
1	"1"	"1"	2	FALSE	0	90	100	0	0	3.42901103761e-14	560	5.43452787399	-22	54	-22	54
1	"1"	"1"	2	FALSE	0	90	100	0	0	3.42901103761e-14	560	5.46781492233	-22	54	-22	54
1	"1"	"1"	2	FALSE	0	90	100	0	0	3.42901103761e-14	560	5.50127887726	-22	54	-22	54
1	"1"	"1"	2	FALSE	0	90	100	0	0	3.42901103761e-14	560	5.53463888168	-22	54	-22	54
1	"1"	"1"	2	FALSE	0	90	100	0	0	3.42901103761e-14	560	5.56786894798	-22	54	-22	54
1	"1"	"1"	2	FALSE	0	90	100	0	0	3.42901103761e-14	560	5.60138082504	-22	54	-22	54
1	"1"	"1"	2	FALSE	0	90	100	0	0	3.42901103761e-14	560	5.63472890854	-22	54	-22	54
1	"1"	"1"	2	FALSE	0	90	100	0	0	3.42901103761e-14	560	5.66750597954	-22	54	-22	54
1	"1"	"1"	2	FALSE	0	90	100	0	0	3.42901103761e-14	560	5.70156097412	-22	54	-22	54
1	"1"	"1"	2	FALSE	0	90	100	0	0	3.42901103761e-14	560	5.73495388031	-22	54	-22	54
1	"1"	"1"	2	FALSE	0	90	100	0	0	3.42901103761e-14	560	5.76812791824	-22	54	-22	54
1	"1"	"1"	2	FALSE	0	90	100	0	0	3.42901103761e-14	560	5.80158090591	-23	54	-23	54
1	"1"	"1"	2	FALSE	0	90	100	0	0	3.42901103761e-14	560	5.83476996422	-23	54	-23	54
1	"1"	"1"	2	FALSE	0	90	100	0	0	3.42901103761e-14	560	5.86812782288	-23	54	-23	54
1	"1"	"1"	2	FALSE	0	90	100	0	0	3.42901103761e-14	560	5.90098404884	-23	54	-23	54
1	"1"	"1"	2	FALSE	0	90	100	0	0	3.42901103761e-14	560	5.93498587608	-23	55	-23	55
1	"1"	"1"	2	FALSE	0	90	100	0	0	3.42901103761e-14	560	5.9684419632	-24	56	-24	56
1	"1"	"1"	2	FALSE	0	90	100	0	0	3.42901103761e-14	560	6.00166988373	-24	57	-24	57
1	"1"	"1"	2	FALSE	0	90	100	0	0	3.42901103761e-14	560	6.03523087502	-25	58	-25	58
1	"1"	"1"	2	FALSE	0	90	100	0	0	3.42901103761e-14	560	6.0685479641	-25	59	-25	59
1	"1"	"1"	2	FALSE	0	90	100	0	0	3.42901103761e-14	560	6.10130691528	-26	61	-26	61
1	"1"	"1"	2	FALSE	0	90	100	0	0	3.42901103761e-14	560	6.13526582718	-26	62	-26	62
1	"1"	"1"	2	FALSE	0	90	100	0	0	3.42901103761e-14	560	6.16859388351	-26	62	-26	62
1	"1"	"1"	2	FALSE	0	90	100	0	0	3.42901103761e-14	560	6.20145392418	-27	63	-27	63
1	"1"	"1"	2	FALSE	0	90	100	0	0	3.42901103761e-14	560	6.23520183563	-27	63	-27	63
1	"1"	"1"	2	FALSE	0	90	100	0	0	3.42901103761e-14	560	6.26844787598	-27	63	-27	63
1	"1"	"1"	2	FALSE	0	90	100	0	0	3.42901103761e-14	560	6.30142903328	-27	63	-27	63
1	"1"	"1"	2	FALSE	0	90	100	0	0	3.42901103761e-14	560	6.33523583412	-27	63	-27	63
1	"1"	"1"	2	FALSE	0	90	100	0	0	3.42901103761e-14	560	6.36877989769	-27	63	-27	63
1	"1"	"1"	2	FALSE	0	90	100	0	0	3.42901103761e-14	560	6.40208792686	-27	63	-27	63
1	"1"	"1"	2	FALSE	0	90	100	0	0	3.42901103761e-14	560	6.43541002274	-27	63	-27	63
1	"1"	"1"	2	FALSE	0	90	100	0	0	3.42901103761e-14	560	6.46854186058	-27	63	-27	63
1	"1"	"1"	2	FALSE	0	90	100	0	0	3.42901103761e-14	560	6.50206804276	-27	63	-27	63
1	"1"	"1"	2	FALSE	0	90	100	0	0	3.42901103761e-14	560	6.53534793854	-27	63	-27	63
1	"1"	"1"	2	FALSE	0	90	100	0	0	3.42901103761e-14	560	6.56833195686	-27	63	-27	63
1	"1"	"1"	2	FALSE	0	90	100	0	0	3.42901103761e-14	560	6.6022439003	-27	63	-27	63
1	"1"	"1"	2	FALSE	0	90	100	0	0	3.42901103761e-14	560	6.63560795784	-27	63	-27	63
1	"1"	"1"	2	FALSE	0	90	100	0	0	3.42901103761e-14	560	6.6685359478	-27	63	-27	63
1	"1"	"1"	2	FALSE	0	90	100	0	0	3.42901103761e-14	560	6.70227789879	-27	63	-27	63
1	"1"	"1"	2	FALSE	0	90	100	0	0	3.42901103761e-14	560	6.73556804657	-27	63	-27	63
1	"1"	"1"	2	FALSE	0	90	100	0	0	3.42901103761e-14	560	6.76895189285	-27	63	-27	63
1	"1"	"1"	2	FALSE	0	90	100	0	0	3.42901103761e-14	560	6.80212593079	-27	63	-27	63
1	"1"	"1"	2	FALSE	0	90	100	0	0	3.42901103761e-14	560	6.83565092087	-27	63	-27	63
1	"1"	"1"	2	FALSE	0	90	100	0	0	3.42901103761e-14	560	6.86900782585	-27	63	-27	63
1	"1"	"1"	2	FALSE	0	90	100	0	0	3.42901103761e-14	560	6.90244698524	-27	63	-27	63
1	"1"	"1"	2	FALSE	0	90	100	0	0	3.42901103761e-14	560	6.93575286865	-27	63	-27	63
1	"1"	"1"	2	FALSE	0	90	100	0	0	3.42901103761e-14	560	6.96918201447	-27	63	-27	63
1	"1"	"1"	2	FALSE	0	90	100	0	0	3.42901103761e-14	560	7.00254201889	-27	63	-27	63
1	"1"	"1"	2	FALSE	0	90	100	0	0	3.42901103761e-14	560	7.03532600403	-27	63	-27	63
1	"1"	"1"	2	FALSE	0	90	100	0	0	3.42901103761e-14	560	7.06918287277	-27	63	-27	63
1	"1"	"1"	2	FALSE	0	90	100	0	0	3.42901103761e-14	560	7.10234189034	-27	63	-27	63
1	"1"	"1"	2	FALSE	0	90	100	0	0	3.42901103761e-14	560	7.13582396507	-27	63	-27	63
1	"1"	"1"	2	FALSE	0	90	100	0	0	3.42901103761e-14	560	7.16917300224	-27	63	-27	63
1	"1"	"1"	2	FALSE	0	90	100	0	0	3.42901103761e-14	560	7.20253586769	-27	63	-27	63
1	"1"	"1"	2	FALSE	0	90	100	0	0	3.42901103761e-14	560	7.23524284363	-27	63	-27	63
1	"1"	"1"	2	FALSE	0	90	100	0	0	3.42901103761e-14	560	7.26915693283	-27	63	-27	63
1	"1"	"1"	2	FALSE	0	90	100	0	0	3.42901103761e-14	560	7.30252790451	-27	63	-27	63
1	"1"	"1"	2	FALSE	0	90	100	0	0	3.42901103761e-14	560	7.33542895317	-27	63	-27	63
1	"1"	"1"	2	FALSE	0	90	100	0	0	3.42901103761e-14	560	7.36924695969	-27	63	-27	63
1	"1"	"1"	2	FALSE	0	90	100	0	0	3.42901103761e-14	560	7.40269899368	-27	63	-27	63
1	"1"	"1"	2	FALSE	0	90	100	0	0	3.42901103761e-14	560	7.43581795692	-27	63	-27	63
1	"1"	"1"	2	FALSE	0	90	100	0	0	3.42901103761e-14	560	7.46941995621	-27	63	-27	63
1	"1"	"1"	2	FALSE	0	90	100	0	0	3.42901103761e-14	560	7.50268387794	-27	63	-27	63
1	"1"	"1"	2	FALSE	0	90	100	0	0	3.42901103761e-14	560	7.53597903252	-27	63	-27	63
1	"1"	"1"	2	FALSE	0	90	100	0	0	3.42901103761e-14	560	7.56906700134	-27	63	-27	63
1	"1"	"1"	2	FALSE	0	90	100	0	0	3.42901103761e-14	560	7.60273003578	-27	63	-27	63
1	"1"	"1"	2	FALSE	0	90	100	0	0	3.42901103761e-14	560	7.63625383377	-27	63	-27	63
1	"1"	"1"	2	FALSE	0	90	100	0	0	3.42901103761e-14	560	7.66921186447	-27	63	-27	63
1	"1"	"1"	2	FALSE	0	90	100	0	0	3.42901103761e-14	560	7.70293593407	-27	63	-27	63
1	"1"	"1"	2	FALSE	0	90	100	0	0	3.42901103761e-14	560	7.73636293411	-27	63	-27	63
1	"1"	"1"	2	FALSE	0	90	100	0	0	3.42901103761e-14	560	7.76962804794	-27	63	-27	63
1	"1"	"1"	2	FALSE	0	90	100	0	0	3.42901103761e-14	560	7.80302596092	-27	63	-27	63
1	"1"	"1"	2	FALSE	0	90	100	0	0	3.42901103761e-14	560	7.83640599251	-27	63	-27	63
1	"1"	"1"	2	FALSE	0	90	100	0	0	3.42901103761e-14	560	7.86973285675	-27	63	-27	63
1	"1"	"1"	2	FALSE	0	90	100	0	0	3.42901103761e-14	560	7.90295004845	-27	63	-27	63
1	"1"	"1"	2	FALSE	0	90	100	0	0	3.42901103761e-14	560	7.93635797501	-27	63	-27	63
1	"1"	"1"	2	FALSE	0	90	100	0	0	3.42901103761e-14	560	7.96906900406	-27	63	-27	63
1	"1"	"1"	2	FALSE	0	90	100	0	0	3.42901103761e-14	560	8.00300693512	-27	63	-27	63
1	"1"	"1"	2	FALSE	0	90	100	0	0	3.42901103761e-14	560	8.03643083572	-27	63	-27	63
1	"1"	"1"	2	FALSE	0	90	100	0	0	3.42901103761e-14	560	8.06929087639	-27	64	-27	64
1	"1"	"1"	2	FALSE	0	90	100	0	0	3.42901103761e-14	560	8.10321784019	-28	64	-28	64
1	"1"	"1"	2	FALSE	0	90	100	0	0	3.42901103761e-14	560	8.13656997681	-28	65	-28	65
1	"1"	"1"	2	FALSE	0	90	100	0	0	3.42901103761e-14	560	8.16930389404	-28	65	-28	65
1	"1"	"1"	2	FALSE	0	90	100	0	0	3.42901103761e-14	560	8.20322084427	-28	65	-28	65
1	"1"	"1"	2	FALSE	0	90	100	0	0	3.42901103761e-14	560	8.23653888702	-28	66	-28	66
1	"1"	"1"	2	FALSE	0	90	100	0	0	3.42901103761e-14	560	8.27001404762	-28	66	-28	66
1	"1"	"1"	2	FALSE	0	90	100	0	0	3.42901103761e-14	560	8.30335187912	-28	66	-28	66
1	"1"	"1"	2	FALSE	0	90	100	0	0	3.42901103761e-14	560	8.33659505844	-28	65	-28	65
1	"1"	"1"	2	FALSE	0	90	100	0	0	3.42901103761e-14	560	8.36967802048	-28	65	-28	65
1	"1"	"1"	2	FALSE	0	90	100	0	0	3.42901103761e-14	560	8.4035449028	-28	65	-28	65
1	"1"	"1"	2	FALSE	0	90	100	0	0	3.42901103761e-14	560	8.43670797348	-28	65	-28	65
1	"1"	"1"	2	FALSE	0	90	100	0	0	3.42901103761e-14	560	8.47003698349	-28	65	-28	65
1	"1"	"1"	2	FALSE	0	90	100	0	0	3.42901103761e-14	560	8.50316691399	-28	65	-28	65
1	"1"	"1"	2	FALSE	0	90	100	0	0	3.42901103761e-14	560	8.53677392006	-28	65	-28	65
1	"1"	"1"	2	FALSE	0	90	100	0	0	3.42901103761e-14	560	8.56974983215	-28	65	-28	65
1	"1"	"1"	2	FALSE	0	90	100	0	0	3.42901103761e-14	560	8.60291695595	-28	65	-28	65
1	"1"	"1"	2	FALSE	0	90	100	0	0	3.42901103761e-14	560	8.63689684868	-28	65	-28	65
1	"1"	"1"	2	FALSE	0	90	100	0	0	3.42901103761e-14	560	8.67017197609	-28	65	-28	65
1	"1"	"1"	2	FALSE	0	90	100	0	0	3.42901103761e-14	560	8.70295500755	-28	65	-28	65
1	"1"	"1"	2	FALSE	0	90	100	0	0	3.42901103761e-14	560	8.73696303368	-28	65	-28	65
1	"1"	"1"	2	FALSE	0	90	100	0	0	3.42901103761e-14	560	8.77013802528	-28	65	-28	65
1	"1"	"1"	2	FALSE	0	90	100	0	0	3.42901103761e-14	560	8.8036429882	-28	65	-28	65
1	"1"	"1"	2	FALSE	0	90	100	0	0	3.42901103761e-14	560	8.8370578289	-28	65	-28	65
1	"1"	"1"	2	FALSE	0	90	100	0	0	3.42901103761e-14	560	8.87048196793	-28	65	-28	65
1	"1"	"1"	2	FALSE	0	90	100	0	0	3.42901103761e-14	560	8.90366601944	-28	65	-28	65
1	"1"	"1"	2	FALSE	0	90	100	0	0	3.42901103761e-14	560	8.93714284897	-28	65	-28	65
1	"1"	"1"	2	FALSE	0	90	100	0	0	3.42901103761e-14	560	8.97038888931	-28	65	-28	65
1	"1"	"1"	2	FALSE	0	90	100	0	0	3.42901103761e-14	560	9.00340986252	-28	65	-28	65
1	"1"	"1"	2	FALSE	0	90	100	0	0	3.42901103761e-14	560	9.03723883629	-28	66	-28	66
1	"1"	"1"	2	FALSE	0	90	100	0	0	3.42901103761e-14	560	9.07055401802	-28	66	-28	66
1	"1"	"1"	2	FALSE	0	90	100	0	0	3.42901103761e-14	560	9.10391187668	-28	66	-28	66
1	"1"	"1"	2	FALSE	0	90	100	0	0	3.42901103761e-14	560	9.13718605042	-28	66	-28	66
1	"1"	"1"	2	FALSE	0	90	100	0	0	3.42901103761e-14	560	9.17044687271	-28	66	-28	66
1	"1"	"1"	2	FALSE	0	90	100	0	0	3.42901103761e-14	560	9.20382404327	-28	66	-28	66
1	"1"	"1"	2	FALSE	0	90	100	0	0	3.42901103761e-14	560	9.23716783524	-28	66	-28	66
1	"1"	"1"	2	FALSE	0	90	100	0	0	3.42901103761e-14	560	9.27052903175	-28	66	-28	66
1	"1"	"1"	2	FALSE	0	90	100	0	0	3.42901103761e-14	560	9.3038289547	-28	66	-28	66
1	"1"	"1"	2	FALSE	0	90	100	0	0	3.42901103761e-14	560	9.337266922	-28	66	-28	66
1	"1"	"1"	2	FALSE	0	90	100	0	0	3.42901103761e-14	560	9.37061691284	-28	66	-28	66
1	"1"	"1"	2	FALSE	0	90	100	0	0	3.42901103761e-14	560	9.4039068222	-28	66	-28	66
1	"1"	"1"	2	FALSE	0	90	100	0	0	3.42901103761e-14	560	9.43731093407	-28	66	-28	66
1	"1"	"1"	2	FALSE	0	90	100	0	0	3.42901103761e-14	560	9.47084403038	-28	66	-28	66
1	"1"	"1"	2	FALSE	0	90	100	0	0	3.42901103761e-14	560	9.50422286987	-28	66	-28	66
1	"1"	"1"	2	FALSE	0	90	100	0	0	3.42901103761e-14	560	9.53754496574	-28	66	-28	66
1	"1"	"1"	2	FALSE	0	90	100	0	0	3.42901103761e-14	560	9.57089686394	-28	66	-28	66
1	"1"	"1"	2	FALSE	0	90	100	0	0	3.42901103761e-14	560	9.60433387756	-28	66	-28	66
1	"1"	"1"	2	FALSE	0	90	100	0	0	3.42901103761e-14	560	9.637611866	-28	66	-28	66
1	"1"	"1"	2	FALSE	0	90	100	0	0	3.42901103761e-14	560	9.67075490952	-28	66	-28	66
1	"1"	"1"	2	FALSE	0	90	100	0	0	3.42901103761e-14	560	9.7043030262	-28	66	-28	66
1	"1"	"1"	2	FALSE	0	90	100	0	0	3.42901103761e-14	560	9.73777699471	-28	66	-28	66
1	"1"	"1"	2	FALSE	0	90	100	0	0	3.42901103761e-14	560	9.77108383179	-28	66	-28	66
1	"1"	"1"	2	FALSE	0	90	100	0	0	3.42901103761e-14	560	9.80453491211	-28	66	-28	66
1	"1"	"1"	2	FALSE	0	90	100	0	0	3.42901103761e-14	560	9.83759188652	-28	66	-28	66
1	"1"	"1"	2	FALSE	0	90	100	0	0	3.42901103761e-14	560	9.87107896805	-28	66	-28	66
1	"1"	"1"	2	FALSE	0	90	100	0	0	3.42901103761e-14	560	9.9044380188	-28	66	-28	66
1	"1"	"1"	2	FALSE	0	90	100	0	0	3.42901103761e-14	560	9.9378118515	-28	66	-28	66
1	"1"	"1"	2	FALSE	0	90	100	0	0	3.42901103761e-14	560	9.97094082832	-28	66	-28	66
1	"1"	"1"	2	FALSE	0	90	100	0	0	3.42901103761e-14	560	10.0043599606	-28	66	-28	66
1	"1"	"1"	2	FALSE	0	90	100	0	0	3.42901103761e-14	560	10.0373089314	-28	66	-28	66
1	"1"	"1"	2	FALSE	0	90	100	0	0	3.42901103761e-14	560	10.0711090565	-28	66	-28	66
1	"1"	"1"	2	FALSE	0	90	100	0	0	3.42901103761e-14	560	10.1040139198	-28	66	-28	66
1	"1"	"1"	2	FALSE	0	90	100	0	0	3.42901103761e-14	560	10.1377420425	-28	66	-28	66
1	"1"	"1"	2	FALSE	0	90	100	0	0	3.42901103761e-14	560	10.1711778641	-28	66	-28	66
1	"1"	"1"	2	FALSE	0	90	100	0	0	3.42901103761e-14	560	10.2045989037	-28	65	-28	65
1	"1"	"1"	2	FALSE	0	90	100	0	0	3.42901103761e-14	560	10.2377989292	-28	65	-28	65
1	"1"	"1"	2	FALSE	0	90	100	0	0	3.42901103761e-14	560	10.2714710236	-28	66	-28	66
1	"1"	"1"	2	FALSE	0	90	100	0	0	3.42901103761e-14	560	10.3044829369	-28	66	-28	66
1	"1"	"1"	2	FALSE	0	90	100	0	0	3.42901103761e-14	560	10.3374269009	-28	66	-28	66
1	"1"	"1"	2	FALSE	0	90	100	0	0	3.42901103761e-14	560	10.3709218502	-28	66	-28	66
1	"1"	"1"	2	FALSE	0	90	100	0	0	3.42901103761e-14	560	10.4040558338	-28	65	-28	65
1	"1"	"1"	2	FALSE	0	90	100	0	0	3.42901103761e-14	560	10.4374349117	-28	65	-28	65
1	"1"	"1"	2	FALSE	0	90	100	0	0	3.42901103761e-14	560	10.4707598686	-28	65	-28	65
1	"1"	"1"	2	FALSE	0	90	100	0	0	3.42901103761e-14	560	10.5041809082	-28	65	-28	65
1	"1"	"1"	2	FALSE	0	90	100	0	0	3.42901103761e-14	560	10.5374798775	-28	66	-28	66
1	"1"	"1"	2	FALSE	0	90	100	0	0	3.42901103761e-14	560	10.5708580017	-28	66	-28	66
1	"1"	"1"	2	FALSE	0	90	100	0	0	3.42901103761e-14	560	10.6041789055	-28	66	-28	66
1	"1"	"1"	2	FALSE	0	90	100	0	0	3.42901103761e-14	560	10.6375658512	-28	65	-28	65
1	"1"	"1"	2	FALSE	0	90	100	0	0	3.42901103761e-14	560	10.6709048748	-29	65	-29	65
1	"1"	"1"	2	FALSE	0	90	100	0	0	3.42901103761e-14	560	10.7042789459	-29	65	-29	65
1	"1"	"1"	2	FALSE	0	90	100	0	0	3.42901103761e-14	560	10.737844944	-29	65	-29	65
1	"1"	"1"	2	FALSE	0	90	100	0	0	3.42901103761e-14	560	10.7712669373	-28	65	-28	65
1	"1"	"1"	2	FALSE	0	90	100	0	0	3.42901103761e-14	560	10.804297924	-28	65	-28	65
1	"1"	"1"	2	FALSE	0	90	100	0	0	3.42901103761e-14	560	10.8377349377	-28	65	-28	65
1	"1"	"1"	2	FALSE	0	90	100	0	0	3.42901103761e-14	560	10.871088028	-28	65	-28	65
1	"1"	"1"	2	FALSE	0	90	100	0	0	3.42901103761e-14	560	10.9044039249	-28	65	-28	65
1	"1"	"1"	2	FALSE	0	90	100	0	0	3.42901103761e-14	560	10.9377529621	-28	65	-28	65
1	"1"	"1"	2	FALSE	0	90	100	0	0	3.42901103761e-14	560	10.9711110592	-28	65	-28	65
1	"1"	"1"	2	FALSE	0	90	100	0	0	3.42901103761e-14	560	11.0044510365	-28	65	-28	65
1	"1"	"1"	2	FALSE	0	90	100	0	0	3.42901103761e-14	560	11.0378289223	-28	65	-28	65
1	"1"	"1"	2	FALSE	0	90	100	0	0	3.42901103761e-14	560	11.0712480545	-28	65	-28	65
1	"1"	"1"	2	FALSE	0	90	100	0	0	3.42901103761e-14	560	11.1045558453	-28	66	-28	66
1	"1"	"1"	2	FALSE	0	90	100	0	0	3.42901103761e-14	560	11.1378719807	-28	66	-28	66
1	"1"	"1"	2	FALSE	0	90	100	0	0	3.42901103761e-14	560	11.1712288857	-28	66	-28	66
1	"1"	"1"	2	FALSE	0	90	100	0	0	3.42901103761e-14	560	11.2046220303	-28	66	-28	66
1	"1"	"1"	2	FALSE	0	90	100	0	0	3.42901103761e-14	560	11.2379670143	-28	66	-28	66
1	"1"	"1"	2	FALSE	0	90	100	0	0	3.42901103761e-14	560	11.2713220119	-28	66	-28	66
1	"1"	"1"	2	FALSE	0	90	100	0	0	3.42901103761e-14	560	11.3046610355	-28	66	-28	66
1	"1"	"1"	2	FALSE	0	90	100	0	0	3.42901103761e-14	560	11.3381168842	-28	66	-28	66
1	"1"	"1"	2	FALSE	0	90	100	0	0	3.42901103761e-14	560	11.3714368343	-28	66	-28	66
1	"1"	"1"	2	FALSE	0	90	100	0	0	3.42901103761e-14	560	11.4047579765	-28	66	-28	66
1	"1"	"1"	2	FALSE	0	90	100	0	0	3.42901103761e-14	560	11.438092947	-28	66	-28	66
1	"1"	"1"	2	FALSE	0	90	100	0	0	3.42901103761e-14	560	11.4715719223	-28	66	-28	66
1	"1"	"1"	2	FALSE	0	90	100	0	0	3.42901103761e-14	560	11.5049788952	-28	66	-28	66
1	"1"	"1"	2	FALSE	0	90	100	0	0	3.42901103761e-14	560	11.5381660461	-28	66	-28	66
1	"1"	"1"	2	FALSE	0	90	100	0	0	3.42901103761e-14	560	11.5715270042	-28	66	-28	66
1	"1"	"1"	2	FALSE	0	90	100	0	0	3.42901103761e-14	560	11.6048839092	-28	66	-28	66
1	"1"	"1"	2	FALSE	0	90	100	0	0	3.42901103761e-14	560	11.6382410526	-28	66	-28	66
1	"1"	"1"	2	FALSE	0	90	100	0	0	3.42901103761e-14	560	11.6716458797	-28	66	-28	66
1	"1"	"1"	2	FALSE	0	90	100	0	0	3.42901103761e-14	560	11.7049460411	-28	66	-28	66
1	"1"	"1"	2	FALSE	0	90	100	0	0	3.42901103761e-14	560	11.7384109497	-28	66	-28	66
1	"1"	"1"	2	FALSE	0	90	100	0	0	3.42901103761e-14	560	11.7716748714	-28	66	-28	66
1	"1"	"1"	2	FALSE	0	90	100	0	0	3.42901103761e-14	560	11.8050329685	-28	66	-28	66
1	"1"	"1"	2	FALSE	0	90	100	0	0	3.42901103761e-14	560	11.8383748531	-28	66	-28	66
1	"1"	"1"	2	FALSE	0	90	100	0	0	3.42901103761e-14	560	11.8717410564	-28	66	-28	66
1	"1"	"1"	2	FALSE	0	90	100	0	0	3.42901103761e-14	560	11.905151844	-28	66	-28	66
1	"1"	"1"	2	FALSE	0	90	100	0	0	3.42901103761e-14	560	11.9384629726	-28	66	-28	66
1	"1"	"1"	2	FALSE	0	90	100	0	0	3.42901103761e-14	560	11.9719269276	-28	66	-28	66
1	"1"	"1"	2	FALSE	0	90	100	0	0	3.42901103761e-14	560	12.0052900314	-28	66	-28	66
1	"1"	"1"	2	FALSE	0	90	100	0	0	3.42901103761e-14	560	12.0385479927	-28	66	-28	66
1	"1"	"1"	2	FALSE	0	90	100	0	0	3.42901103761e-14	560	12.0719008446	-28	66	-28	66
1	"1"	"1"	2	FALSE	0	90	100	0	0	3.42901103761e-14	560	12.1052808762	-28	66	-28	66
1	"1"	"1"	2	FALSE	0	90	100	0	0	3.42901103761e-14	560	12.1386480331	-28	66	-28	66
1	"1"	"1"	2	FALSE	0	90	100	0	0	3.42901103761e-14	560	12.1719949245	-28	66	-28	66
1	"1"	"1"	2	FALSE	0	90	100	0	0	3.42901103761e-14	560	12.2053599358	-28	67	-28	67
1	"1"	"1"	2	FALSE	0	90	100	0	0	3.42901103761e-14	560	12.2387268543	-29	68	-29	68
1	"1"	"1"	2	FALSE	0	90	100	0	0	3.42901103761e-14	560	12.2720658779	-29	69	-29	69
1	"1"	"1"	2	FALSE	0	90	100	0	0	3.42901103761e-14	560	12.3054389954	-29	70	-29	70
1	"1"	"1"	2	FALSE	0	90	100	0	0	3.42901103761e-14	560	12.3387999535	-29	70	-29	70
1	"1"	"1"	2	FALSE	0	90	100	0	0	3.42901103761e-14	560	12.3720998764	-29	70	-29	70
1	"1"	"1"	2	FALSE	0	90	100	0	0	3.42901103761e-14	560	12.4055130482	-29	70	-29	70
1	"1"	"1"	2	FALSE	0	90	100	0	0	3.42901103761e-14	560	12.4388649464	-29	70	-29	70
1	"1"	"1"	2	FALSE	0	90	100	0	0	3.42901103761e-14	560	12.4722058773	-29	70	-29	70
1	"1"	"1"	2	FALSE	0	90	100	0	0	3.42901103761e-14	560	12.5055499077	-29	70	-29	70
1	"1"	"1"	2	FALSE	0	90	100	0	0	3.42901103761e-14	560	12.5389668941	-29	71	-29	71
1	"1"	"1"	2	FALSE	0	90	100	0	0	3.42901103761e-14	560	12.5722959042	-29	74	-29	74
1	"1"	"1"	2	FALSE	0	90	100	0	0	3.42901103761e-14	560	12.605686903	-29	79	-29	79
1	"1"	"1"	2	FALSE	0	90	100	0	0	3.42901103761e-14	560	12.6390118599	-29	91	-29	91
1	"1"	"1"	2	FALSE	0	90	100	0	0	3.42901103761e-14	560	12.6723659039	-30	118	-30	118
1	"1"	"1"	2	FALSE	0	90	100	0	0	3.42901103761e-14	560	12.7057189941	-30	140	-30	140
1	"1"	"1"	2	FALSE	0	90	100	0	0	3.42901103761e-14	560	12.739068985	-30	173	-30	173
1	"1"	"1"	2	FALSE	0	90	100	0	0	3.42901103761e-14	560	12.7724368572	-32	219	-32	219
1	"1"	"1"	2	FALSE	0	90	100	0	0	3.42901103761e-14	560	12.8058040142	-32	270	-32	270
1	"1"	"1"	2	FALSE	0	90	100	0	0	3.42901103761e-14	560	12.8391468525	-27	310	-27	310
1	"1"	"1"	2	FALSE	0	90	100	0	0	3.42901103761e-14	560	12.8725249767	-17	359	-17	359
1	"1"	"1"	2	FALSE	0	90	100	0	0	3.42901103761e-14	560	12.9058890343	-5	416	-5	416
1	"1"	"1"	2	FALSE	0	90	100	0	0	3.42901103761e-14	560	12.9392280579	6	463	6	463
1	"1"	"1"	2	FALSE	0	90	100	0	0	3.42901103761e-14	560	12.9725849628	13	508	13	508
1	"1"	"1"	2	FALSE	0	90	100	0	0	3.42901103761e-14	560	13.0059449673	18	539	18	539
1	"1"	"1"	2	FALSE	0	90	100	0	0	3.42901103761e-14	560	13.0392980576	22	559	22	559
1	"1"	"1"	2	FALSE	0	90	100	0	0	3.42901103761e-14	560	13.0726819038	25	572	25	572
1	"1"	"1"	2	FALSE	0	90	100	0	0	3.42901103761e-14	560	13.1060130596	28	587	28	587
1	"1"	"1"	2	FALSE	0	90	100	0	0	3.42901103761e-14	560	13.1393690109	28	594	28	594
1	"1"	"1"	2	FALSE	0	90	100	0	0	3.42901103761e-14	560	13.1727240086	27	594	27	594
1	"1"	"1"	2	FALSE	0	90	100	0	0	3.42901103761e-14	560	13.2061269283	25	590	25	590
1	"1"	"1"	2	FALSE	0	90	100	0	0	3.42901103761e-14	560	13.2394440174	21	586	21	586
1	"1"	"1"	2	FALSE	0	90	100	0	0	3.42901103761e-14	560	13.2728559971	18	582	18	582
1	"1"	"1"	2	FALSE	0	90	100	0	0	3.42901103761e-14	560	13.3061499596	15	577	15	577
1	"1"	"1"	2	FALSE	0	90	100	0	0	3.42901103761e-14	560	13.3395218849	12	571	12	571
1	"1"	"1"	2	FALSE	0	90	100	0	0	3.42901103761e-14	560	13.3729288578	10	566	10	566
1	"1"	"1"	2	FALSE	0	90	100	0	0	3.42901103761e-14	560	13.406211853	8	563	8	563
1	"1"	"1"	2	FALSE	0	90	100	0	0	3.42901103761e-14	560	13.4396188259	6	559	6	559
1	"1"	"1"	3	FALSE	0	45	100	0	0	395.979797464	395.979797464	0.00138401985168	1	2	1	2
1	"1"	"1"	3	FALSE	0	45	100	0	0	395.979797464	395.979797464	0.0200870037079	1	2	1	2
1	"1"	"1"	3	FALSE	0	45	100	0	0	395.979797464	395.979797464	0.0536890029907	1	2	1	2
1	"1"	"1"	3	FALSE	0	45	100	0	0	395.979797464	395.979797464	0.0870909690857	1	2	1	2
1	"1"	"1"	3	FALSE	0	45	100	0	0	395.979797464	395.979797464	0.120173931122	1	2	1	2
1	"1"	"1"	3	FALSE	0	45	100	0	0	395.979797464	395.979797464	0.153633832932	1	2	1	2
1	"1"	"1"	3	FALSE	0	45	100	0	0	395.979797464	395.979797464	0.186959981918	1	2	1	2
1	"1"	"1"	3	FALSE	0	45	100	0	0	395.979797464	395.979797464	0.220265865326	1	2	1	2
1	"1"	"1"	3	FALSE	0	45	100	0	0	395.979797464	395.979797464	0.253674983978	1	4	1	4
1	"1"	"1"	3	FALSE	0	45	100	0	0	395.979797464	395.979797464	0.287014007568	12	23	12	23
1	"1"	"1"	3	FALSE	0	45	100	0	0	395.979797464	395.979797464	0.320346832275	23	47	23	47
1	"1"	"1"	3	FALSE	0	45	100	0	0	395.979797464	395.979797464	0.353704929352	29	76	29	76
1	"1"	"1"	3	FALSE	0	45	100	0	0	395.979797464	395.979797464	0.387064933777	40	122	40	122
1	"1"	"1"	3	FALSE	0	45	100	0	0	395.979797464	395.979797464	0.420410871506	55	154	55	154
1	"1"	"1"	3	FALSE	0	45	100	0	0	395.979797464	395.979797464	0.453789949417	82	185	82	185
1	"1"	"1"	3	FALSE	0	45	100	0	0	395.979797464	395.979797464	0.487137794495	106	207	106	207
1	"1"	"1"	3	FALSE	0	45	100	0	0	395.979797464	395.979797464	0.520493984222	130	225	130	225
1	"1"	"1"	3	FALSE	0	45	100	0	0	395.979797464	395.979797464	0.553923845291	165	249	165	249
1	"1"	"1"	3	FALSE	0	45	100	0	0	395.979797464	395.979797464	0.587198972702	189	271	189	271
1	"1"	"1"	3	FALSE	0	45	100	0	0	395.979797464	395.979797464	0.620568990707	222	304	222	304
1	"1"	"1"	3	FALSE	0	45	100	0	0	395.979797464	395.979797464	0.654001951218	249	329	249	329
1	"1"	"1"	3	FALSE	0	45	100	0	0	395.979797464	395.979797464	0.687341928482	267	342	267	342
1	"1"	"1"	3	FALSE	0	45	100	0	0	395.979797464	395.979797464	0.720675945282	276	350	276	350
1	"1"	"1"	3	FALSE	0	45	100	0	0	395.979797464	395.979797464	0.753979921341	280	356	280	356
1	"1"	"1"	3	FALSE	0	45	100	0	0	395.979797464	395.979797464	0.78741979599	284	363	284	363
1	"1"	"1"	3	FALSE	0	45	100	0	0	395.979797464	395.979797464	0.820925951004	288	367	288	367
1	"1"	"1"	3	FALSE	0	45	100	0	0	395.979797464	395.979797464	0.854154825211	302	374	302	374
1	"1"	"1"	3	FALSE	0	45	100	0	0	395.979797464	395.979797464	0.887445926666	318	379	318	379
1	"1"	"1"	3	FALSE	0	45	100	0	0	395.979797464	395.979797464	0.920790910721	329	382	329	382
1	"1"	"1"	3	FALSE	0	45	100	0	0	395.979797464	395.979797464	0.954149007797	339	388	339	388
1	"1"	"1"	3	FALSE	0	45	100	0	0	395.979797464	395.979797464	0.987511873245	347	393	347	393
1	"1"	"1"	3	FALSE	0	45	100	0	0	395.979797464	395.979797464	1.02086997032	356	396	356	396
1	"1"	"1"	3	FALSE	0	45	100	0	0	395.979797464	395.979797464	1.05422401428	368	398	368	398
1	"1"	"1"	3	FALSE	0	45	100	0	0	395.979797464	395.979797464	1.08759689331	374	399	374	399
1	"1"	"1"	3	FALSE	0	45	100	0	0	395.979797464	395.979797464	1.1209628582	377	399	377	399
1	"1"	"1"	3	FALSE	0	45	100	0	0	395.979797464	395.979797464	1.1542828083	378	399	378	399
1	"1"	"1"	3	FALSE	0	45	100	0	0	395.979797464	395.979797464	1.18766593933	385	400	385	400
1	"1"	"1"	3	FALSE	0	45	100	0	0	395.979797464	395.979797464	1.22100901604	393	400	393	400
1	"1"	"1"	3	FALSE	0	45	100	0	0	395.979797464	395.979797464	1.25435781479	402	401	402	401
1	"1"	"1"	3	FALSE	0	45	100	0	0	395.979797464	395.979797464	1.28773188591	407	400	407	400
1	"1"	"1"	4	FALSE	0	45	100	0	0	395.979797464	395.979797464	0.00146198272705	12	1	12	1
1	"1"	"1"	4	FALSE	0	45	100	0	0	395.979797464	395.979797464	0.0227727890015	12	1	12	1
1	"1"	"1"	4	FALSE	0	45	100	0	0	395.979797464	395.979797464	0.0561828613281	12	1	12	1
1	"1"	"1"	4	FALSE	0	45	100	0	0	395.979797464	395.979797464	0.0893089771271	12	1	12	1
1	"1"	"1"	4	FALSE	0	45	100	0	0	395.979797464	395.979797464	0.122668981552	12	1	12	1
1	"1"	"1"	4	FALSE	0	45	100	0	0	395.979797464	395.979797464	0.156258821487	11	1	11	1
1	"1"	"1"	4	FALSE	0	45	100	0	0	395.979797464	395.979797464	0.189604997635	10	0	10	0
1	"1"	"1"	4	FALSE	0	45	100	0	0	395.979797464	395.979797464	0.222718000412	10	0	10	0
1	"1"	"1"	4	FALSE	0	45	100	0	0	395.979797464	395.979797464	0.256121873856	10	1	10	1
1	"1"	"1"	4	FALSE	0	45	100	0	0	395.979797464	395.979797464	0.289480924606	10	1	10	1
1	"1"	"1"	4	FALSE	0	45	100	0	0	395.979797464	395.979797464	0.322831869125	10	1	10	1
1	"1"	"1"	4	FALSE	0	45	100	0	0	395.979797464	395.979797464	0.356184005737	9	2	9	2
1	"1"	"1"	4	FALSE	0	45	100	0	0	395.979797464	395.979797464	0.389539003372	11	3	11	3
1	"1"	"1"	4	FALSE	0	45	100	0	0	395.979797464	395.979797464	0.422987937927	30	21	30	21
1	"1"	"1"	4	FALSE	0	45	100	0	0	395.979797464	395.979797464	0.456273794174	55	45	55	45
1	"1"	"1"	4	FALSE	0	45	100	0	0	395.979797464	395.979797464	0.489622831345	86	85	86	85
1	"1"	"1"	4	FALSE	0	45	100	0	0	395.979797464	395.979797464	0.523005962372	121	137	121	137
1	"1"	"1"	4	FALSE	0	45	100	0	0	395.979797464	395.979797464	0.556329965591	149	173	149	173
1	"1"	"1"	4	FALSE	0	45	100	0	0	395.979797464	395.979797464	0.589703798294	182	206	182	206
1	"1"	"1"	4	FALSE	0	45	100	0	0	395.979797464	395.979797464	0.623066902161	203	230	203	230
1	"1"	"1"	4	FALSE	0	45	100	0	0	395.979797464	395.979797464	0.656401872635	220	250	220	250
1	"1"	"1"	4	FALSE	0	45	100	0	0	395.979797464	395.979797464	0.689811944962	245	273	245	273
1	"1"	"1"	4	FALSE	0	45	100	0	0	395.979797464	395.979797464	0.723117828369	258	287	258	287
1	"1"	"1"	4	FALSE	0	45	100	0	0	395.979797464	395.979797464	0.756482839584	270	303	270	303
1	"1"	"1"	4	FALSE	0	45	100	0	0	395.979797464	395.979797464	0.789855003357	282	318	282	318
1	"1"	"1"	4	FALSE	0	45	100	0	0	395.979797464	395.979797464	0.823198795319	295	332	295	332
1	"1"	"1"	4	FALSE	0	45	100	0	0	395.979797464	395.979797464	0.856652975082	306	346	306	346
1	"1"	"1"	4	FALSE	0	45	100	0	0	395.979797464	395.979797464	0.88996386528	317	358	317	358
1	"1"	"1"	4	FALSE	0	45	100	0	0	395.979797464	395.979797464	0.923275947571	333	371	333	371
1	"1"	"1"	4	FALSE	0	45	100	0	0	395.979797464	395.979797464	0.956623792648	347	379	347	379
1	"1"	"1"	4	FALSE	0	45	100	0	0	395.979797464	395.979797464	0.990039825439	371	388	371	388
1	"1"	"1"	4	FALSE	0	45	100	0	0	395.979797464	395.979797464	1.02334690094	384	395	384	395
1	"1"	"1"	4	FALSE	0	45	100	0	0	395.979797464	395.979797464	1.05669784546	392	401	392	401
1	"1"	"1"	4	FALSE	0	45	100	0	0	395.979797464	395.979797464	1.09005784988	400	406	400	406
1	"1"	"1"	4	FALSE	0	45	100	0	0	395.979797464	395.979797464	1.12341284752	407	410	407	410
1	"1"	"1"	4	FALSE	0	45	100	0	0	395.979797464	395.979797464	1.15701794624	415	411	415	411
1	"1"	"1"	4	FALSE	0	45	100	0	0	395.979797464	395.979797464	1.19033885002	422	412	422	412
1	"1"	"1"	4	FALSE	0	45	100	0	0	395.979797464	395.979797464	1.22347688675	424	412	424	412
1	"1"	"1"	4	FALSE	0	45	100	0	0	395.979797464	395.979797464	1.25689482689	423	412	423	412
1	"1"	"1"	4	FALSE	0	45	100	0	0	395.979797464	395.979797464	1.29019999504	423	412	423	412
1	"1"	"1"	4	FALSE	0	45	100	0	0	395.979797464	395.979797464	1.32355880737	422	412	422	412
1	"1"	"1"	4	FALSE	0	45	100	0	0	395.979797464	395.979797464	1.3569188118	418	408	418	408
1	"1"	"1"	4	FALSE	0	45	100	0	0	395.979797464	395.979797464	1.39032196999	411	404	411	404
1	"1"	"1"	4	FALSE	0	45	100	0	0	395.979797464	395.979797464	1.42385983467	405	401	405	401
1	"1"	"1"	4	FALSE	0	45	100	0	0	395.979797464	395.979797464	1.45787978172	400	400	400	400
1	"1"	"1"	4	FALSE	0	45	100	0	0	395.979797464	395.979797464	1.49057388306	396	400	396	400
1	"1"	"1"	5	FALSE	0	135	100	0	0	-395.979797464	395.979797464	0.00536918640137	9	10	9	10
1	"1"	"1"	5	FALSE	0	135	100	0	0	-395.979797464	395.979797464	0.0286111831665	9	10	9	10
1	"1"	"1"	5	FALSE	0	135	100	0	0	-395.979797464	395.979797464	0.0619020462036	9	10	9	10
1	"1"	"1"	5	FALSE	0	135	100	0	0	-395.979797464	395.979797464	0.0952181816101	8	9	8	9
1	"1"	"1"	5	FALSE	0	135	100	0	0	-395.979797464	395.979797464	0.128573179245	7	9	7	9
1	"1"	"1"	5	FALSE	0	135	100	0	0	-395.979797464	395.979797464	0.162009000778	7	9	7	9
1	"1"	"1"	5	FALSE	0	135	100	0	0	-395.979797464	395.979797464	0.195475101471	5	8	5	8
1	"1"	"1"	5	FALSE	0	135	100	0	0	-395.979797464	395.979797464	0.228689193726	5	8	5	8
1	"1"	"1"	5	FALSE	0	135	100	0	0	-395.979797464	395.979797464	0.261896133423	5	8	5	8
1	"1"	"1"	5	FALSE	0	135	100	0	0	-395.979797464	395.979797464	0.295289039612	1	8	1	8
1	"1"	"1"	5	FALSE	0	135	100	0	0	-395.979797464	395.979797464	0.328855991364	-9	13	-9	13
1	"1"	"1"	5	FALSE	0	135	100	0	0	-395.979797464	395.979797464	0.362207174301	-31	34	-31	34
1	"1"	"1"	5	FALSE	0	135	100	0	0	-395.979797464	395.979797464	0.395672082901	-57	61	-57	61
1	"1"	"1"	5	FALSE	0	135	100	0	0	-395.979797464	395.979797464	0.428884029388	-88	90	-88	90
1	"1"	"1"	5	FALSE	0	135	100	0	0	-395.979797464	395.979797464	0.462327003479	-117	116	-117	116
1	"1"	"1"	5	FALSE	0	135	100	0	0	-395.979797464	395.979797464	0.49560213089	-142	139	-142	139
1	"1"	"1"	5	FALSE	0	135	100	0	0	-395.979797464	395.979797464	0.528877019882	-167	168	-167	168
1	"1"	"1"	5	FALSE	0	135	100	0	0	-395.979797464	395.979797464	0.561727046967	-180	189	-180	189
1	"1"	"1"	5	FALSE	0	135	100	0	0	-395.979797464	395.979797464	0.595597982407	-188	201	-188	201
1	"1"	"1"	5	FALSE	0	135	100	0	0	-395.979797464	395.979797464	0.628914117813	-199	214	-199	214
1	"1"	"1"	5	FALSE	0	135	100	0	0	-395.979797464	395.979797464	0.662358999252	-208	224	-208	224
1	"1"	"1"	5	FALSE	0	135	100	0	0	-395.979797464	395.979797464	0.695074081421	-218	235	-218	235
1	"1"	"1"	5	FALSE	0	135	100	0	0	-395.979797464	395.979797464	0.72913312912	-230	244	-230	244
1	"1"	"1"	5	FALSE	0	135	100	0	0	-395.979797464	395.979797464	0.762470006943	-246	258	-246	258
1	"1"	"1"	5	FALSE	0	135	100	0	0	-395.979797464	395.979797464	0.795829057693	-264	274	-264	274
1	"1"	"1"	5	FALSE	0	135	100	0	0	-395.979797464	395.979797464	0.829221010208	-280	287	-280	287
1	"1"	"1"	5	FALSE	0	135	100	0	0	-395.979797464	395.979797464	0.862434148788	-298	300	-298	300
1	"1"	"1"	5	FALSE	0	135	100	0	0	-395.979797464	395.979797464	0.895904064178	-311	313	-311	313
1	"1"	"1"	5	FALSE	0	135	100	0	0	-395.979797464	395.979797464	0.929123163223	-324	327	-324	327
1	"1"	"1"	5	FALSE	0	135	100	0	0	-395.979797464	395.979797464	0.962599992752	-334	338	-334	338
1	"1"	"1"	5	FALSE	0	135	100	0	0	-395.979797464	395.979797464	0.995940208435	-346	350	-346	350
1	"1"	"1"	5	FALSE	0	135	100	0	0	-395.979797464	395.979797464	1.02946615219	-356	359	-356	359
1	"1"	"1"	5	FALSE	0	135	100	0	0	-395.979797464	395.979797464	1.062718153	-363	366	-363	366
1	"1"	"1"	5	FALSE	0	135	100	0	0	-395.979797464	395.979797464	1.09599399567	-368	371	-368	371
1	"1"	"1"	5	FALSE	0	135	100	0	0	-395.979797464	395.979797464	1.12945818901	-370	376	-370	376
1	"1"	"1"	5	FALSE	0	135	100	0	0	-395.979797464	395.979797464	1.16271519661	-373	379	-373	379
1	"1"	"1"	5	FALSE	0	135	100	0	0	-395.979797464	395.979797464	1.19614505768	-377	383	-377	383
1	"1"	"1"	5	FALSE	0	135	100	0	0	-395.979797464	395.979797464	1.22945618629	-381	385	-381	385
1	"1"	"1"	5	FALSE	0	135	100	0	0	-395.979797464	395.979797464	1.26284718513	-383	386	-383	386
1	"1"	"1"	5	FALSE	0	135	100	0	0	-395.979797464	395.979797464	1.29596209526	-383	386	-383	386
1	"1"	"1"	5	FALSE	0	135	100	0	0	-395.979797464	395.979797464	1.32951807976	-384	387	-384	387
1	"1"	"1"	5	FALSE	0	135	100	0	0	-395.979797464	395.979797464	1.36292004585	-387	389	-387	389
1	"1"	"1"	5	FALSE	0	135	100	0	0	-395.979797464	395.979797464	1.39620518684	-389	389	-389	389
1	"1"	"1"	5	FALSE	0	135	100	0	0	-395.979797464	395.979797464	1.42923307419	-390	390	-390	390
1	"1"	"1"	6	FALSE	0	90	100	0	0	3.42901103761e-14	560	0.00207901000977	7	10	7	10
1	"1"	"1"	6	FALSE	0	90	100	0	0	3.42901103761e-14	560	0.0229141712189	7	10	7	10
1	"1"	"1"	6	FALSE	0	90	100	0	0	3.42901103761e-14	560	0.0564420223236	5	8	5	8
1	"1"	"1"	6	FALSE	0	90	100	0	0	3.42901103761e-14	560	0.089319229126	3	5	3	5
1	"1"	"1"	6	FALSE	0	90	100	0	0	3.42901103761e-14	560	0.123360157013	1	3	1	3
1	"1"	"1"	6	FALSE	0	90	100	0	0	3.42901103761e-14	560	0.156444072723	0	2	0	2
1	"1"	"1"	6	FALSE	0	90	100	0	0	3.42901103761e-14	560	0.189851999283	-2	1	-2	1
1	"1"	"1"	6	FALSE	0	90	100	0	0	3.42901103761e-14	560	0.223108053207	-4	0	-4	0
1	"1"	"1"	6	FALSE	0	90	100	0	0	3.42901103761e-14	560	0.256450176239	-4	0	-4	0
1	"1"	"1"	6	FALSE	0	90	100	0	0	3.42901103761e-14	560	0.289959192276	-3	1	-3	1
1	"1"	"1"	6	FALSE	0	90	100	0	0	3.42901103761e-14	560	0.323352098465	-4	2	-4	2
1	"1"	"1"	6	FALSE	0	90	100	0	0	3.42901103761e-14	560	0.356491088867	-8	15	-8	15
1	"1"	"1"	6	FALSE	0	90	100	0	0	3.42901103761e-14	560	0.38952922821	-11	58	-11	58
1	"1"	"1"	6	FALSE	0	90	100	0	0	3.42901103761e-14	560	0.423420190811	-12	107	-12	107
1	"1"	"1"	6	FALSE	0	90	100	0	0	3.42901103761e-14	560	0.456730127335	-15	158	-15	158
1	"1"	"1"	6	FALSE	0	90	100	0	0	3.42901103761e-14	560	0.49011015892	-17	209	-17	209
1	"1"	"1"	6	FALSE	0	90	100	0	0	3.42901103761e-14	560	0.523046016693	-17	258	-17	258
1	"1"	"1"	6	FALSE	0	90	100	0	0	3.42901103761e-14	560	0.556864023209	-15	300	-15	300
1	"1"	"1"	6	FALSE	0	90	100	0	0	3.42901103761e-14	560	0.590260028839	-15	326	-15	326
1	"1"	"1"	6	FALSE	0	90	100	0	0	3.42901103761e-14	560	0.623605012894	-18	355	-18	355
1	"1"	"1"	6	FALSE	0	90	100	0	0	3.42901103761e-14	560	0.656894207001	-20	383	-20	383
1	"1"	"1"	6	FALSE	0	90	100	0	0	3.42901103761e-14	560	0.690332174301	-20	410	-20	410
1	"1"	"1"	6	FALSE	0	90	100	0	0	3.42901103761e-14	560	0.723655223846	-20	434	-20	434
1	"1"	"1"	6	FALSE	0	90	100	0	0	3.42901103761e-14	560	0.756994009018	-16	460	-16	460
1	"1"	"1"	6	FALSE	0	90	100	0	0	3.42901103761e-14	560	0.790268182755	-12	485	-12	485
1	"1"	"1"	6	FALSE	0	90	100	0	0	3.42901103761e-14	560	0.823691129684	-11	497	-11	497
1	"1"	"1"	6	FALSE	0	90	100	0	0	3.42901103761e-14	560	0.857138156891	-11	509	-11	509
1	"1"	"1"	6	FALSE	0	90	100	0	0	3.42901103761e-14	560	0.889821052551	-10	518	-10	518
1	"1"	"1"	6	FALSE	0	90	100	0	0	3.42901103761e-14	560	0.923847198486	-8	527	-8	527
1	"1"	"1"	6	FALSE	0	90	100	0	0	3.42901103761e-14	560	0.957165002823	-5	534	-5	534
1	"1"	"1"	6	FALSE	0	90	100	0	0	3.42901103761e-14	560	0.99058008194	-4	536	-4	536
1	"1"	"1"	6	FALSE	0	90	100	0	0	3.42901103761e-14	560	1.0234940052	-3	539	-3	539
1	"1"	"1"	6	FALSE	0	90	100	0	0	3.42901103761e-14	560	1.05723619461	-3	541	-3	541
1	"1"	"1"	6	FALSE	0	90	100	0	0	3.42901103761e-14	560	1.09063315392	-3	542	-3	542
1	"1"	"1"	6	FALSE	0	90	100	0	0	3.42901103761e-14	560	1.1238720417	-1	548	-1	548
1	"1"	"1"	6	FALSE	0	90	100	0	0	3.42901103761e-14	560	1.15734100342	1	556	1	556
1	"1"	"1"	6	FALSE	0	90	100	0	0	3.42901103761e-14	560	1.19067716599	3	564	3	564
1	"1"	"1"	6	FALSE	0	90	100	0	0	3.42901103761e-14	560	1.22403907776	4	566	4	566
