"task_num"	"task_name"	"trial_type"	"trial_num"	"terminalfeedback_bool"	"rotation_angle"	"targetangle_deg"	"targetdistance_percmax"	"homex_px"	"homey_px"	"targetx_px"	"targety_px"	"time_s"	"mousex_px"	"mousey_px"	"cursorx_px"	"cursory_px"
20	"1"	"1"	1	FALSE	-15	90	100	0	0	3.42901103761e-14	560	1.26207494736	-4	-3	-4.64016044046	-1.86250129846
20	"1"	"1"	1	FALSE	-15	90	100	0	0	3.42901103761e-14	560	1.29501199722	-4	-3	-4.64016044046	-1.86250129846
20	"1"	"1"	1	FALSE	-15	90	100	0	0	3.42901103761e-14	560	1.32866501808	-4	-4	-4.89897948557	-2.82842712475
20	"1"	"1"	1	FALSE	-15	90	100	0	0	3.42901103761e-14	560	1.36218595505	-4	-4	-4.89897948557	-2.82842712475
20	"1"	"1"	1	FALSE	-15	90	100	0	0	3.42901103761e-14	560	1.39537596703	-3	-4	-3.93305365928	-3.08724616985
20	"1"	"1"	1	FALSE	-15	90	100	0	0	3.42901103761e-14	560	1.42888593674	-3	-4	-3.93305365928	-3.08724616985
20	"1"	"1"	1	FALSE	-15	90	100	0	0	3.42901103761e-14	560	1.46204686165	-3	-4	-3.93305365928	-3.08724616985
20	"1"	"1"	1	FALSE	-15	90	100	0	0	3.42901103761e-14	560	1.49566984177	-3	-4	-3.93305365928	-3.08724616985
20	"1"	"1"	1	FALSE	-15	90	100	0	0	3.42901103761e-14	560	1.52895402908	-3	-4	-3.93305365928	-3.08724616985
20	"1"	"1"	1	FALSE	-15	90	100	0	0	3.42901103761e-14	560	1.56226181984	-3	-4	-3.93305365928	-3.08724616985
20	"1"	"1"	1	FALSE	-15	90	100	0	0	3.42901103761e-14	560	1.59558701515	-3	-4	-3.93305365928	-3.08724616985
20	"1"	"1"	1	FALSE	-15	90	100	0	0	3.42901103761e-14	560	1.62864494324	-3	-4	-3.93305365928	-3.08724616985
20	"1"	"1"	1	FALSE	-15	90	100	0	0	3.42901103761e-14	560	1.6620118618	-3	-4	-3.93305365928	-3.08724616985
20	"1"	"1"	1	FALSE	-15	90	100	0	0	3.42901103761e-14	560	1.69520688057	-4	-3	-4.64016044046	-1.86250129846
20	"1"	"1"	1	FALSE	-15	90	100	0	0	3.42901103761e-14	560	1.72885584831	-7	10	-4.173290333	11.4709915786
20	"1"	"1"	1	FALSE	-15	90	100	0	0	3.42901103761e-14	560	1.76235890388	-13	36	-3.23955011807	38.1379773327
20	"1"	"1"	1	FALSE	-15	90	100	0	0	3.42901103761e-14	560	1.79586291313	-18	64	-0.822245986642	66.4779956943
20	"1"	"1"	1	FALSE	-15	90	100	0	0	3.42901103761e-14	560	1.82908296585	-24	103	3.47614181462	105.70201719
20	"1"	"1"	1	FALSE	-15	90	100	0	0	3.42901103761e-14	560	1.8626408577	-28	135	7.89464795275	137.646919812
20	"1"	"1"	1	FALSE	-15	90	100	0	0	3.42901103761e-14	560	1.89600491524	-35	171	10.4506527924	174.231982874
20	"1"	"1"	1	FALSE	-15	90	100	0	0	3.42901103761e-14	560	1.92933702469	-41	201	12.4196691878	204.762671933
20	"1"	"1"	1	FALSE	-15	90	100	0	0	3.42901103761e-14	560	1.96259379387	-43	240	20.5817602942	242.951417249
20	"1"	"1"	1	FALSE	-15	90	100	0	0	3.42901103761e-14	560	1.99586486816	-47	279	26.811999748	281.657800654
20	"1"	"1"	1	FALSE	-15	90	100	0	0	3.42901103761e-14	560	2.02940797806	-57	316	26.7290461539	319.985246678
20	"1"	"1"	1	FALSE	-15	90	100	0	0	3.42901103761e-14	560	2.06267499924	-69	350	23.9377837719	355.932553313
20	"1"	"1"	1	FALSE	-15	90	100	0	0	3.42901103761e-14	560	2.09617686272	-78	378	22.4913845982	385.307847855
20	"1"	"1"	1	FALSE	-15	90	100	0	0	3.42901103761e-14	560	2.12951779366	-87	413	22.8567187402	421.444623181
20	"1"	"1"	1	FALSE	-15	90	100	0	0	3.42901103761e-14	560	2.16273093224	-94	442	23.6009902641	451.268205459
20	"1"	"1"	1	FALSE	-15	90	100	0	0	3.42901103761e-14	560	2.19609880447	-105	472	20.740377528	483.092989744
20	"1"	"1"	1	FALSE	-15	90	100	0	0	3.42901103761e-14	560	2.22900295258	-115	490	15.739862077	503.067845068
20	"1"	"1"	1	FALSE	-15	90	100	0	0	3.42901103761e-14	560	2.26284098625	-122	502	12.0842098342	516.4706883
20	"1"	"1"	1	FALSE	-15	90	100	0	0	3.42901103761e-14	560	2.29610800743	-129	515	8.68737663651	530.839457357
20	"1"	"1"	1	FALSE	-15	90	100	0	0	3.42901103761e-14	560	2.32934784889	-131	522	8.56725829965	538.118576231
20	"1"	"1"	1	FALSE	-15	90	100	0	0	3.42901103761e-14	560	2.36265182495	-131	530	10.6378106605	545.845982842
20	"1"	"1"	1	FALSE	-15	90	100	0	0	3.42901103761e-14	560	2.3963727951	-126	539	17.7968111978	553.245220053
20	"1"	"1"	1	FALSE	-15	90	100	0	0	3.42901103761e-14	560	2.42968297005	-121	547	24.6969926901	559.678531438
20	"1"	"1"	1	FALSE	-15	90	100	0	0	3.42901103761e-14	560	2.46299481392	-118	553	29.1476844396	564.69762926
20	"1"	"1"	1	FALSE	-15	90	100	0	0	3.42901103761e-14	560	2.49629402161	-117	555	30.6312483561	566.370661867
20	"1"	"1"	1	FALSE	-15	90	100	0	0	3.42901103761e-14	560	2.52931189537	-117	556	30.8900674012	567.336587694
20	"1"	"1"	1	FALSE	-15	90	100	0	0	3.42901103761e-14	560	2.56294083595	-121	554	26.5087260058	566.440012222
20	"1"	"1"	1	FALSE	-15	90	100	0	0	3.42901103761e-14	560	2.59586381912	-127	550	19.6778948677	564.129223187
20	"1"	"1"	1	FALSE	-15	90	100	0	0	3.42901103761e-14	560	2.62980890274	-131	545	14.520096337	560.334870236
20	"1"	"1"	1	FALSE	-15	90	100	0	0	3.42901103761e-14	560	2.66313886642	-133	543	12.0706065942	558.920656674
20	"1"	"1"	1	FALSE	-15	90	100	0	0	3.42901103761e-14	560	2.6963789463	-134	542	10.8458617228	558.213549892
20	"1"	"1"	2	FALSE	-15	45	100	0	0	395.979797464	395.979797464	0.00183796882629	-5	6	-3.27671486083	7.08965018325
20	"1"	"1"	2	FALSE	-15	45	100	0	0	395.979797464	395.979797464	0.0229640007019	-5	6	-3.27671486083	7.08965018325
20	"1"	"1"	2	FALSE	-15	45	100	0	0	395.979797464	395.979797464	0.0564489364624	-5	6	-3.27671486083	7.08965018325
20	"1"	"1"	2	FALSE	-15	45	100	0	0	395.979797464	395.979797464	0.0895891189575	-5	6	-3.27671486083	7.08965018325
20	"1"	"1"	2	FALSE	-15	45	100	0	0	395.979797464	395.979797464	0.122983932495	-5	6	-3.27671486083	7.08965018325
20	"1"	"1"	2	FALSE	-15	45	100	0	0	395.979797464	395.979797464	0.156373977661	-5	6	-3.27671486083	7.08965018325
20	"1"	"1"	2	FALSE	-15	45	100	0	0	395.979797464	395.979797464	0.18985915184	-5	6	-3.27671486083	7.08965018325
20	"1"	"1"	2	FALSE	-15	45	100	0	0	395.979797464	395.979797464	0.223036050797	-5	6	-3.27671486083	7.08965018325
20	"1"	"1"	2	FALSE	-15	45	100	0	0	395.979797464	395.979797464	0.25656414032	-4	6	-2.31078903454	6.83083113814
20	"1"	"1"	2	FALSE	-15	45	100	0	0	395.979797464	395.979797464	0.289862155914	-4	6	-2.31078903454	6.83083113814
20	"1"	"1"	2	FALSE	-15	45	100	0	0	395.979797464	395.979797464	0.323230028152	-4	6	-2.31078903454	6.83083113814
20	"1"	"1"	2	FALSE	-15	45	100	0	0	395.979797464	395.979797464	0.356599092484	1	12	4.07175436752	11.3322908704
20	"1"	"1"	2	FALSE	-15	45	100	0	0	395.979797464	395.979797464	0.39005112648	22	39	31.3443109374	31.977088233
20	"1"	"1"	2	FALSE	-15	45	100	0	0	395.979797464	395.979797464	0.423388957977	42	73	59.4626749966	59.6421854248
20	"1"	"1"	2	FALSE	-15	45	100	0	0	395.979797464	395.979797464	0.456743001938	66	114	93.2564756768	93.0334872202
20	"1"	"1"	2	FALSE	-15	45	100	0	0	395.979797464	395.979797464	0.490009069443	89	153	125.56671244	124.751756408
20	"1"	"1"	2	FALSE	-15	45	100	0	0	395.979797464	395.979797464	0.523401021957	105	179	147.750820834	145.72472317
20	"1"	"1"	2	FALSE	-15	45	100	0	0	395.979797464	395.979797464	0.556751966476	124	210	174.126801931	170.750861928
20	"1"	"1"	2	FALSE	-15	45	100	0	0	395.979797464	395.979797464	0.589437007904	151	245	209.26546582	197.57015163
20	"1"	"1"	2	FALSE	-15	45	100	0	0	395.979797464	395.979797464	0.62340593338	174	274	238.987512132	219.629162555
20	"1"	"1"	2	FALSE	-15	45	100	0	0	395.979797464	395.979797464	0.656723022461	194	296	264.00004765	235.703149832
20	"1"	"1"	2	FALSE	-15	45	100	0	0	395.979797464	395.979797464	0.690099000931	219	324	295.395126571	256.27859684
20	"1"	"1"	2	FALSE	-15	45	100	0	0	395.979797464	395.979797464	0.723067045212	242	357	326.152449064	282.20131107
20	"1"	"1"	2	FALSE	-15	45	100	0	0	395.979797464	395.979797464	0.757028102875	259	384	349.561302328	303.881384613
20	"1"	"1"	2	FALSE	-15	45	100	0	0	395.979797464	395.979797464	0.790275096893	278	411	374.902007245	325.043820066
20	"1"	"1"	2	FALSE	-15	45	100	0	0	395.979797464	395.979797464	0.823598146439	294	435	396.568477549	344.084935176
20	"1"	"1"	2	FALSE	-15	45	100	0	0	395.979797464	395.979797464	0.856591939926	303	449	408.885276617	355.278525338
20	"1"	"1"	2	FALSE	-15	45	100	0	0	395.979797464	395.979797464	0.890279054642	311	465	420.753787949	368.662786198
20	"1"	"1"	2	FALSE	-15	45	100	0	0	395.979797464	395.979797464	0.923610925674	315	473	426.688043615	375.354916627
20	"1"	"1"	2	FALSE	-15	45	100	0	0	395.979797464	395.979797464	0.957095146179	316	482	429.983340847	383.789430019
20	"1"	"1"	2	FALSE	-15	45	100	0	0	395.979797464	395.979797464	0.990513086319	316	488	431.536255117	389.584984977
20	"1"	"1"	2	FALSE	-15	45	100	0	0	395.979797464	395.979797464	1.0238609314	315	494	432.123243562	395.63935898
20	"1"	"1"	2	FALSE	-15	45	100	0	0	395.979797464	395.979797464	1.0571141243	314	496	431.674955826	397.830029677
20	"1"	"1"	2	FALSE	-15	45	100	0	0	395.979797464	395.979797464	1.09054398537	313	495	430.450210954	397.122922896
20	"1"	"1"	2	FALSE	-15	45	100	0	0	395.979797464	395.979797464	1.12394809723	306	491	422.65345399	395.070952907
20	"1"	"1"	2	FALSE	-15	45	100	0	0	395.979797464	395.979797464	1.15719509125	297	484	412.148388237	390.638843528
20	"1"	"1"	2	FALSE	-15	45	100	0	0	395.979797464	395.979797464	1.19066905975	291	481	405.576376144	389.29398032
20	"1"	"1"	2	FALSE	-15	45	100	0	0	395.979797464	395.979797464	1.2239689827	288	481	402.678598666	390.070437456
20	"1"	"1"	3	FALSE	-15	135	100	0	0	-395.979797464	395.979797464	0.00163888931274	-4	10	-1.27551285413	10.6945344433
20	"1"	"1"	3	FALSE	-15	135	100	0	0	-395.979797464	395.979797464	0.0217959880829	-4	10	-1.27551285413	10.6945344433
20	"1"	"1"	3	FALSE	-15	135	100	0	0	-395.979797464	395.979797464	0.0553338527679	-4	10	-1.27551285413	10.6945344433
20	"1"	"1"	3	FALSE	-15	135	100	0	0	-395.979797464	395.979797464	0.0885479450226	-4	10	-1.27551285413	10.6945344433
20	"1"	"1"	3	FALSE	-15	135	100	0	0	-395.979797464	395.979797464	0.122127056122	-4	10	-1.27551285413	10.6945344433
20	"1"	"1"	3	FALSE	-15	135	100	0	0	-395.979797464	395.979797464	0.155492067337	-4	10	-1.27551285413	10.6945344433
20	"1"	"1"	3	FALSE	-15	135	100	0	0	-395.979797464	395.979797464	0.188724994659	-4	10	-1.27551285413	10.6945344433
20	"1"	"1"	3	FALSE	-15	135	100	0	0	-395.979797464	395.979797464	0.222131967545	-4	10	-1.27551285413	10.6945344433
20	"1"	"1"	3	FALSE	-15	135	100	0	0	-395.979797464	395.979797464	0.255419015884	-3	10	-0.309587027842	10.4357153982
20	"1"	"1"	3	FALSE	-15	135	100	0	0	-395.979797464	395.979797464	0.288513898849	-4	10	-1.27551285413	10.6945344433
20	"1"	"1"	3	FALSE	-15	135	100	0	0	-395.979797464	395.979797464	0.322179079056	-12	18	-6.93236710362	20.4924934144
20	"1"	"1"	3	FALSE	-15	135	100	0	0	-395.979797464	395.979797464	0.355561971664	-33	41	-21.2639714183	48.1439873662
20	"1"	"1"	3	FALSE	-15	135	100	0	0	-395.979797464	395.979797464	0.388720989227	-59	70	-38.8722905939	82.8851315013
20	"1"	"1"	3	FALSE	-15	135	100	0	0	-395.979797464	395.979797464	0.422235965729	-87	99	-58.412461422	118.143913727
20	"1"	"1"	3	FALSE	-15	135	100	0	0	-395.979797464	395.979797464	0.455072879791	-115	125	-78.7290893854	150.504918473
20	"1"	"1"	3	FALSE	-15	135	100	0	0	-395.979797464	395.979797464	0.489017963409	-144	149	-100.529281265	181.192890612
20	"1"	"1"	3	FALSE	-15	135	100	0	0	-395.979797464	395.979797464	0.52238202095	-173	168	-123.623568371	207.051233619
20	"1"	"1"	3	FALSE	-15	135	100	0	0	-395.979797464	395.979797464	0.555180072784	-198	185	-143.371790261	229.942448794
20	"1"	"1"	3	FALSE	-15	135	100	0	0	-395.979797464	395.979797464	0.589112997055	-224	202	-164.085937978	253.092483013
20	"1"	"1"	3	FALSE	-15	135	100	0	0	-395.979797464	395.979797464	0.622529029846	-248	218	-183.127053087	274.758953316
20	"1"	"1"	3	FALSE	-15	135	100	0	0	-395.979797464	395.979797464	0.655681848526	-272	237	-201.391711061	299.323201098
20	"1"	"1"	3	FALSE	-15	135	100	0	0	-395.979797464	395.979797464	0.689357042313	-293	253	-217.535048692	320.213214266
20	"1"	"1"	3	FALSE	-15	135	100	0	0	-395.979797464	395.979797464	0.722620010376	-319	270	-238.249196409	343.363248486
20	"1"	"1"	3	FALSE	-15	135	100	0	0	-395.979797464	395.979797464	0.755825042725	-348	282	-263.15521683	362.460110709
20	"1"	"1"	3	FALSE	-15	135	100	0	0	-395.979797464	395.979797464	0.789053916931	-372	286	-285.30216048	372.535471097
20	"1"	"1"	3	FALSE	-15	135	100	0	0	-395.979797464	395.979797464	0.821974039078	-398	288	-309.898593874	381.196617922
20	"1"	"1"	3	FALSE	-15	135	100	0	0	-395.979797464	395.979797464	0.856029987335	-423	287	-334.305558576	386.701168223
20	"1"	"1"	3	FALSE	-15	135	100	0	0	-395.979797464	395.979797464	0.888769865036	-446	283	-357.557128761	388.790302956
20	"1"	"1"	3	FALSE	-15	135	100	0	0	-395.979797464	395.979797464	0.922108888626	-459	279	-371.149440683	388.291247237
20	"1"	"1"	3	FALSE	-15	135	100	0	0	-395.979797464	395.979797464	0.95529294014	-476	274	-388.864274956	387.861541872
20	"1"	"1"	3	FALSE	-15	135	100	0	0	-395.979797464	395.979797464	0.988646030426	-490	269	-403.681331749	386.655379372
20	"1"	"1"	3	FALSE	-15	135	100	0	0	-395.979797464	395.979797464	1.02204489708	-498	267	-411.92637645	386.79408008
20	"1"	"1"	3	FALSE	-15	135	100	0	0	-395.979797464	395.979797464	1.0554330349	-504	267	-417.721931407	388.346994351
20	"1"	"1"	3	FALSE	-15	135	100	0	0	-395.979797464	395.979797464	1.08906388283	-506	267	-419.65378306	388.864632441
20	"1"	"1"	3	FALSE	-15	135	100	0	0	-395.979797464	395.979797464	1.12285590172	-505	267	-418.687857234	388.605813396
20	"1"	"1"	3	FALSE	-15	135	100	0	0	-395.979797464	395.979797464	1.15612387657	-505	267	-418.687857234	388.605813396
20	"1"	"1"	3	FALSE	-15	135	100	0	0	-395.979797464	395.979797464	1.18946385384	-504	268	-417.463112362	389.312920177
20	"1"	"1"	3	FALSE	-15	135	100	0	0	-395.979797464	395.979797464	1.22242307663	-501	271	-413.788877748	391.434240521
20	"1"	"1"	3	FALSE	-15	135	100	0	0	-395.979797464	395.979797464	1.25637793541	-500	272	-412.564132877	392.141347302
20	"1"	"1"	3	FALSE	-15	135	100	0	0	-395.979797464	395.979797464	1.28966999054	-498	272	-410.632281224	391.623709212
20	"1"	"1"	3	FALSE	-15	135	100	0	0	-395.979797464	395.979797464	1.32302188873	-497	271	-409.925174443	390.39896434
20	"1"	"1"	3	FALSE	-15	135	100	0	0	-395.979797464	395.979797464	1.35623693466	-496	271	-408.959248617	390.140145295
20	"1"	"1"	3	FALSE	-15	135	100	0	0	-395.979797464	395.979797464	1.38974404335	-496	271	-408.959248617	390.140145295
20	"1"	"1"	3	FALSE	-15	135	100	0	0	-395.979797464	395.979797464	1.42302894592	-496	271	-408.959248617	390.140145295
20	"1"	"1"	3	FALSE	-15	135	100	0	0	-395.979797464	395.979797464	1.45649194717	-496	271	-408.959248617	390.140145295
20	"1"	"1"	3	FALSE	-15	135	100	0	0	-395.979797464	395.979797464	1.48941588402	-496	271	-408.959248617	390.140145295
20	"1"	"1"	3	FALSE	-15	135	100	0	0	-395.979797464	395.979797464	1.52333903313	-496	271	-408.959248617	390.140145295
20	"1"	"1"	3	FALSE	-15	135	100	0	0	-395.979797464	395.979797464	1.5564520359	-493	272	-405.802652093	390.329613986
20	"1"	"1"	3	FALSE	-15	135	100	0	0	-395.979797464	395.979797464	1.589854002	-490	273	-402.646055569	390.519082677
20	"1"	"1"	4	FALSE	-15	45	100	0	0	395.979797464	395.979797464	0.0022509098053	4	-5	2.56960807964	-5.86490531186
20	"1"	"1"	4	FALSE	-15	45	100	0	0	395.979797464	395.979797464	0.0385570526123	3	-5	1.60368225335	-5.60608626675
20	"1"	"1"	4	FALSE	-15	45	100	0	0	395.979797464	395.979797464	0.0719909667969	2	-5	0.637756427066	-5.34726722165
20	"1"	"1"	4	FALSE	-15	45	100	0	0	395.979797464	395.979797464	0.105185031891	2	-5	0.637756427066	-5.34726722165
20	"1"	"1"	4	FALSE	-15	45	100	0	0	395.979797464	395.979797464	0.138588905334	2	-5	0.637756427066	-5.34726722165
20	"1"	"1"	4	FALSE	-15	45	100	0	0	395.979797464	395.979797464	0.171782016754	0	-5	-1.29409522551	-4.82962913145
20	"1"	"1"	4	FALSE	-15	45	100	0	0	395.979797464	395.979797464	0.205254077911	-2	-6	-3.48476592319	-5.27791686753
20	"1"	"1"	4	FALSE	-15	45	100	0	0	395.979797464	395.979797464	0.238596916199	-5	-7	-6.64136244716	-5.46738555851
20	"1"	"1"	4	FALSE	-15	45	100	0	0	395.979797464	395.979797464	0.272072076797	-8	-7	-9.53913992603	-4.6909284232
20	"1"	"1"	4	FALSE	-15	45	100	0	0	395.979797464	395.979797464	0.305340051651	-10	-8	-11.7298106237	-5.13921615929
20	"1"	"1"	4	FALSE	-15	45	100	0	0	395.979797464	395.979797464	0.338804960251	-10	-8	-11.7298106237	-5.13921615929
20	"1"	"1"	4	FALSE	-15	45	100	0	0	395.979797464	395.979797464	0.371998071671	-10	-8	-11.7298106237	-5.13921615929
20	"1"	"1"	4	FALSE	-15	45	100	0	0	395.979797464	395.979797464	0.405452013016	-7	-2	-7.27911887423	-0.120118336861
20	"1"	"1"	4	FALSE	-15	45	100	0	0	395.979797464	395.979797464	0.438853025436	8	23	13.6802446477	20.1457416438
20	"1"	"1"	4	FALSE	-15	45	100	0	0	395.979797464	395.979797464	0.472217082977	33	61	47.6635140188	50.3804469152
20	"1"	"1"	4	FALSE	-15	45	100	0	0	395.979797464	395.979797464	0.505551099777	65	102	89.1847213092	81.7011963498
20	"1"	"1"	4	FALSE	-15	45	100	0	0	395.979797464	395.979797464	0.538944959641	100	143	133.603706079	112.245488649
20	"1"	"1"	4	FALSE	-15	45	100	0	0	395.979797464	395.979797464	0.572328090668	139	194	184.474584604	151.413763031
20	"1"	"1"	4	FALSE	-15	45	100	0	0	395.979797464	395.979797464	0.605608940125	172	245	229.549908172	192.134951683
20	"1"	"1"	4	FALSE	-15	45	100	0	0	395.979797464	395.979797464	0.638947963715	198	289	266.05201764	227.906392867
20	"1"	"1"	4	FALSE	-15	45	100	0	0	395.979797464	395.979797464	0.672408103943	217	322	292.945636828	254.864383278
20	"1"	"1"	4	FALSE	-15	45	100	0	0	395.979797464	395.979797464	0.705818891525	240	357	324.220597411	282.718949161
20	"1"	"1"	4	FALSE	-15	45	100	0	0	395.979797464	395.979797464	0.739070892334	263	386	353.942643724	304.777960086
20	"1"	"1"	4	FALSE	-15	45	100	0	0	395.979797464	395.979797464	0.772464036942	277	405	372.383167149	319.507084154
20	"1"	"1"	4	FALSE	-15	45	100	0	0	395.979797464	395.979797464	0.805672883987	286	422	385.476423352	333.598451795
20	"1"	"1"	4	FALSE	-15	45	100	0	0	395.979797464	395.979797464	0.839114904404	293	435	395.602551722	344.343754221
20	"1"	"1"	4	FALSE	-15	45	100	0	0	395.979797464	395.979797464	0.872564077377	300	446	405.211042002	353.157204994
20	"1"	"1"	4	FALSE	-15	45	100	0	0	395.979797464	395.979797464	0.905847072601	303	453	409.920552797	359.142228643
20	"1"	"1"	4	FALSE	-15	45	100	0	0	395.979797464	395.979797464	0.939203977585	303	465	413.026381338	370.733338558
20	"1"	"1"	4	FALSE	-15	45	100	0	0	395.979797464	395.979797464	0.972555875778	301	476	413.941539182	381.876160738
20	"1"	"1"	4	FALSE	-15	45	100	0	0	395.979797464	395.979797464	1.00599908829	299	481	413.303782755	387.223427959
20	"1"	"1"	4	FALSE	-15	45	100	0	0	395.979797464	395.979797464	1.03935194016	297	484	412.148388237	390.638843528
20	"1"	"1"	4	FALSE	-15	45	100	0	0	395.979797464	395.979797464	1.07263803482	294	487	410.027067894	394.313078143
20	"1"	"1"	4	FALSE	-15	45	100	0	0	395.979797464	395.979797464	1.10594701767	292	488	408.354035286	395.796642059
20	"1"	"1"	5	FALSE	-15	90	100	0	0	3.42901103761e-14	560	0.00220799446106	-2	7	-0.120118336861	7.27911887423
20	"1"	"1"	5	FALSE	-15	90	100	0	0	3.42901103761e-14	560	0.0383338928223	-2	7	-0.120118336861	7.27911887423
20	"1"	"1"	5	FALSE	-15	90	100	0	0	3.42901103761e-14	560	0.0716519355774	-2	7	-0.120118336861	7.27911887423
20	"1"	"1"	5	FALSE	-15	90	100	0	0	3.42901103761e-14	560	0.105001926422	-2	7	-0.120118336861	7.27911887423
20	"1"	"1"	5	FALSE	-15	90	100	0	0	3.42901103761e-14	560	0.138320922852	-2	7	-0.120118336861	7.27911887423
20	"1"	"1"	5	FALSE	-15	90	100	0	0	3.42901103761e-14	560	0.171702861786	-3	7	-1.08604416315	7.53793791933
20	"1"	"1"	5	FALSE	-15	90	100	0	0	3.42901103761e-14	560	0.205075979233	-10	15	-5.77697258635	17.0770778454
20	"1"	"1"	5	FALSE	-15	90	100	0	0	3.42901103761e-14	560	0.238487005234	-19	34	-9.55274316601	37.7590399508
20	"1"	"1"	5	FALSE	-15	90	100	0	0	3.42901103761e-14	560	0.271859884262	-27	69	-8.22148319773	73.6369962317
20	"1"	"1"	5	FALSE	-15	90	100	0	0	3.42901103761e-14	560	0.30525302887	-35	116	-3.78439468823	121.106062428
20	"1"	"1"	5	FALSE	-15	90	100	0	0	3.42901103761e-14	560	0.338541030884	-43	166	1.42915095659	171.472906103
20	"1"	"1"	5	FALSE	-15	90	100	0	0	3.42901103761e-14	560	0.371891021729	-52	225	8.00614218104	230.79190126
20	"1"	"1"	5	FALSE	-15	90	100	0	0	3.42901103761e-14	560	0.405207872391	-61	283	14.3243143604	289.144970591
20	"1"	"1"	5	FALSE	-15	90	100	0	0	3.42901103761e-14	560	0.438678026199	-69	328	18.2437647797	334.682185135
20	"1"	"1"	5	FALSE	-15	90	100	0	0	3.42901103761e-14	560	0.471997022629	-78	373	21.1972893727	380.478218724
20	"1"	"1"	5	FALSE	-15	90	100	0	0	3.42901103761e-14	560	0.505331993103	-85	412	24.5297513477	419.961059265
20	"1"	"1"	5	FALSE	-15	90	100	0	0	3.42901103761e-14	560	0.538649082184	-88	449	31.2082785376	456.476771973
20	"1"	"1"	5	FALSE	-15	90	100	0	0	3.42901103761e-14	560	0.572026014328	-91	479	36.0750724118	486.231003897
20	"1"	"1"	5	FALSE	-15	90	100	0	0	3.42901103761e-14	560	0.605488061905	-94	506	40.1654091507	513.087458342
20	"1"	"1"	5	FALSE	-15	90	100	0	0	3.42901103761e-14	560	0.638710021973	-95	520	42.8229499558	526.869238955
20	"1"	"1"	5	FALSE	-15	90	100	0	0	3.42901103761e-14	560	0.672133922577	-96	530	44.4452145806	536.787316263
20	"1"	"1"	5	FALSE	-15	90	100	0	0	3.42901103761e-14	560	0.70557308197	-97	534	44.5145649347	540.909838613
20	"1"	"1"	5	FALSE	-15	90	100	0	0	3.42901103761e-14	560	0.738857030869	-99	536	43.1003513723	543.359328356
20	"1"	"1"	5	FALSE	-15	90	100	0	0	3.42901103761e-14	560	0.772243976593	-103	538	39.7542861574	546.326456189
20	"1"	"1"	5	FALSE	-15	90	100	0	0	3.42901103761e-14	560	0.805413961411	-108	540	35.4422951161	549.552403067
20	"1"	"1"	5	FALSE	-15	90	100	0	0	3.42901103761e-14	560	0.838911056519	-115	544	29.7160905125	555.227839688
20	"1"	"1"	5	FALSE	-15	90	100	0	0	3.42901103761e-14	560	0.872256040573	-123	545	22.2475029473	558.264317875
20	"1"	"1"	5	FALSE	-15	90	100	0	0	3.42901103761e-14	560	0.905643939972	-127	545	18.3837996422	559.299594056
20	"1"	"1"	5	FALSE	-15	90	100	0	0	3.42901103761e-14	560	0.938988924026	-132	545	13.5541705107	560.593689281
20	"1"	"1"	5	FALSE	-15	90	100	0	0	3.42901103761e-14	560	0.972352981567	-135	546	10.915212077	562.336072243
20	"1"	"1"	6	FALSE	-15	135	100	0	0	-395.979797464	395.979797464	0.00230407714844	1	-10	-1.62226462474	-9.91807730799
20	"1"	"1"	6	FALSE	-15	135	100	0	0	-395.979797464	395.979797464	0.0217370986938	1	-10	-1.62226462474	-9.91807730799
20	"1"	"1"	6	FALSE	-15	135	100	0	0	-395.979797464	395.979797464	0.0553820133209	1	-10	-1.62226462474	-9.91807730799
20	"1"	"1"	6	FALSE	-15	135	100	0	0	-395.979797464	395.979797464	0.0887870788574	1	-9	-1.36344557963	-8.9521514817
20	"1"	"1"	6	FALSE	-15	135	100	0	0	-395.979797464	395.979797464	0.12207198143	1	-9	-1.36344557963	-8.9521514817
20	"1"	"1"	6	FALSE	-15	135	100	0	0	-395.979797464	395.979797464	0.155436992645	1	-9	-1.36344557963	-8.9521514817
20	"1"	"1"	6	FALSE	-15	135	100	0	0	-395.979797464	395.979797464	0.188714027405	1	-8	-1.10462653453	-7.98622565542
20	"1"	"1"	6	FALSE	-15	135	100	0	0	-395.979797464	395.979797464	0.222179889679	0	-4	-1.03527618041	-3.86370330516
20	"1"	"1"	6	FALSE	-15	135	100	0	0	-395.979797464	395.979797464	0.25565290451	-1	-2	-1.48356391649	-1.67303260748
20	"1"	"1"	6	FALSE	-15	135	100	0	0	-395.979797464	395.979797464	0.288955926895	-5	-1	-5.08844817655	0.328169399223
20	"1"	"1"	6	FALSE	-15	135	100	0	0	-395.979797464	395.979797464	0.322297096252	-16	5	-14.1607179951	8.97073385309
20	"1"	"1"	6	FALSE	-15	135	100	0	0	-395.979797464	395.979797464	0.355547904968	-42	21	-35.133684757	31.1548422464
20	"1"	"1"	6	FALSE	-15	135	100	0	0	-395.979797464	395.979797464	0.388952970505	-66	40	-53.398342731	55.7190900283
20	"1"	"1"	6	FALSE	-15	135	100	0	0	-395.979797464	395.979797464	0.422358036041	-102	66	-81.4423773047	90.1506471355
20	"1"	"1"	6	FALSE	-15	135	100	0	0	-395.979797464	395.979797464	0.455743074417	-141	87	-113.678284583	120.529032247
20	"1"	"1"	6	FALSE	-15	135	100	0	0	-395.979797464	395.979797464	0.489067077637	-191	114	-154.98646168	159.549981812
20	"1"	"1"	6	FALSE	-15	135	100	0	0	-395.979797464	395.979797464	0.522417068481	-243	140	-198.485309474	198.12264364
20	"1"	"1"	6	FALSE	-15	135	100	0	0	-395.979797464	395.979797464	0.555825948715	-300	170	-245.778510219	241.853104
20	"1"	"1"	6	FALSE	-15	135	100	0	0	-395.979797464	395.979797464	0.589142084122	-353	194	-290.76092193	278.752733221
20	"1"	"1"	6	FALSE	-15	135	100	0	0	-395.979797464	395.979797464	0.622518062592	-390	214	-321.323796601	307.647554416
20	"1"	"1"	6	FALSE	-15	135	100	0	0	-395.979797464	395.979797464	0.655879974365	-426	237	-350.14428831	339.181334044
20	"1"	"1"	6	FALSE	-15	135	100	0	0	-395.979797464	395.979797464	0.68919301033	-451	252	-370.410148291	360.140697566
20	"1"	"1"	6	FALSE	-15	135	100	0	0	-395.979797464	395.979797464	0.72261595726	-467	262	-383.27677106	373.941060551
20	"1"	"1"	6	FALSE	-15	135	100	0	0	-395.979797464	395.979797464	0.755971908569	-478	272	-391.313764698	386.44732831
20	"1"	"1"	6	FALSE	-15	135	100	0	0	-395.979797464	395.979797464	0.789259910583	-486	279	-397.229437993	395.279361454
20	"1"	"1"	6	FALSE	-15	135	100	0	0	-395.979797464	395.979797464	0.822666883469	-493	287	-401.920366416	404.818501381
20	"1"	"1"	6	FALSE	-15	135	100	0	0	-395.979797464	395.979797464	0.855998039246	-495	292	-402.558122843	410.165768602
20	"1"	"1"	6	FALSE	-15	135	100	0	0	-395.979797464	395.979797464	0.889425039291	-498	296	-404.420624142	414.805929043
20	"1"	"1"	6	FALSE	-15	135	100	0	0	-395.979797464	395.979797464	0.922722101212	-500	298	-405.834837704	417.255418785
20	"1"	"1"	6	FALSE	-15	135	100	0	0	-395.979797464	395.979797464	0.956096887589	-500	299	-405.576018659	418.221344612
20	"1"	"1"	6	FALSE	-15	135	100	0	0	-395.979797464	395.979797464	0.989309072495	-500	299	-405.576018659	418.221344612
20	"1"	"1"	6	FALSE	-15	135	100	0	0	-395.979797464	395.979797464	1.02283191681	-499	298	-404.868911878	416.99659974
20	"1"	"1"	6	FALSE	-15	135	100	0	0	-395.979797464	395.979797464	1.0562210083	-498	297	-404.161805097	415.771854869
20	"1"	"1"	6	FALSE	-15	135	100	0	0	-395.979797464	395.979797464	1.08945894241	-496	295	-402.747591534	413.322365126
20	"1"	"1"	6	FALSE	-15	135	100	0	0	-395.979797464	395.979797464	1.12292194366	-492	293	-399.401526319	410.355237293
20	"1"	"1"	6	FALSE	-15	135	100	0	0	-395.979797464	395.979797464	1.1562359333	-489	290	-397.280205976	406.681002679
20	"1"	"1"	6	FALSE	-15	135	100	0	0	-395.979797464	395.979797464	1.18948292732	-486	288	-394.900066587	403.972693891
20	"1"	"1"	6	FALSE	-15	135	100	0	0	-395.979797464	395.979797464	1.22289800644	-482	286	-391.554001372	401.005566058
20	"1"	"1"	6	FALSE	-15	135	100	0	0	-395.979797464	395.979797464	1.25626111031	-481	285	-390.846894591	399.780821187
20	"1"	"1"	7	FALSE	-15	135	100	0	0	-395.979797464	395.979797464	0.00209999084473	12	4	12.6263860959	0.757874763926
20	"1"	"1"	7	FALSE	-15	135	100	0	0	-395.979797464	395.979797464	0.0384109020233	11	4	11.6604602696	1.01669380903
20	"1"	"1"	7	FALSE	-15	135	100	0	0	-395.979797464	395.979797464	0.0717399120331	11	4	11.6604602696	1.01669380903
20	"1"	"1"	7	FALSE	-15	135	100	0	0	-395.979797464	395.979797464	0.105134963989	10	4	10.6945344433	1.27551285413
20	"1"	"1"	7	FALSE	-15	135	100	0	0	-395.979797464	395.979797464	0.138570070267	8	4	8.76268279072	1.79315094434
20	"1"	"1"	7	FALSE	-15	135	100	0	0	-395.979797464	395.979797464	0.171883106232	6	3	6.57201209304	1.34486320825
20	"1"	"1"	7	FALSE	-15	135	100	0	0	-395.979797464	395.979797464	0.20519900322	5	3	5.60608626675	1.60368225335
20	"1"	"1"	7	FALSE	-15	135	100	0	0	-395.979797464	395.979797464	0.238490104675	5	3	5.60608626675	1.60368225335
20	"1"	"1"	7	FALSE	-15	135	100	0	0	-395.979797464	395.979797464	0.271923065186	5	3	5.60608626675	1.60368225335
20	"1"	"1"	7	FALSE	-15	135	100	0	0	-395.979797464	395.979797464	0.305321931839	-2	8	0.138700708242	8.24504470052
20	"1"	"1"	7	FALSE	-15	135	100	0	0	-395.979797464	395.979797464	0.33865904808	-27	25	-19.6095211822	31.136259875
20	"1"	"1"	7	FALSE	-15	135	100	0	0	-395.979797464	395.979797464	0.371976137161	-49	40	-36.9776036841	51.3191662616
20	"1"	"1"	7	FALSE	-15	135	100	0	0	-395.979797464	395.979797464	0.40531206131	-75	55	-58.209389491	72.5373488286
20	"1"	"1"	7	FALSE	-15	135	100	0	0	-395.979797464	395.979797464	0.438650131226	-105	67	-84.0813357385	91.8930300971
20	"1"	"1"	7	FALSE	-15	135	100	0	0	-395.979797464	395.979797464	0.4720890522	-148	81	-121.992679637	116.545210605
20	"1"	"1"	7	FALSE	-15	135	100	0	0	-395.979797464	395.979797464	0.505495071411	-190	99	-157.90282153	144.802275372
20	"1"	"1"	7	FALSE	-15	135	100	0	0	-395.979797464	395.979797464	0.53875207901	-228	116	-190.208079162	171.058138133
20	"1"	"1"	7	FALSE	-15	135	100	0	0	-395.979797464	395.979797464	0.572124004364	-270	138	-225.082944874	203.178906206
20	"1"	"1"	7	FALSE	-15	135	100	0	0	-395.979797464	395.979797464	0.605500936508	-300	166	-246.8137864	237.989400695
20	"1"	"1"	7	FALSE	-15	135	100	0	0	-395.979797464	395.979797464	0.638859987259	-334	191	-273.184788366	270.937393885
20	"1"	"1"	7	FALSE	-15	135	100	0	0	-395.979797464	395.979797464	0.672241926193	-355	212	-288.034030771	296.657036185
20	"1"	"1"	7	FALSE	-15	135	100	0	0	-395.979797464	395.979797464	0.705528020859	-377	240	-302.037465686	329.396978313
20	"1"	"1"	7	FALSE	-15	135	100	0	0	-395.979797464	395.979797464	0.738945007324	-398	259	-317.404346181	353.18476896
20	"1"	"1"	7	FALSE	-15	135	100	0	0	-395.979797464	395.979797464	0.772243976593	-410	268	-326.666084691	364.983929938
20	"1"	"1"	7	FALSE	-15	135	100	0	0	-395.979797464	395.979797464	0.805680990219	-427	279	-340.239814242	380.009037793
20	"1"	"1"	7	FALSE	-15	135	100	0	0	-395.979797464	395.979797464	0.838957071304	-442	287	-352.658149275	391.61873008
20	"1"	"1"	7	FALSE	-15	135	100	0	0	-395.979797464	395.979797464	0.87237405777	-451	290	-360.575024577	396.845878965
20	"1"	"1"	7	FALSE	-15	135	100	0	0	-395.979797464	395.979797464	0.905709028244	-461	292	-369.716644749	401.365921069
20	"1"	"1"	7	FALSE	-15	135	100	0	0	-395.979797464	395.979797464	0.93921995163	-469	294	-376.926413269	405.368325082
20	"1"	"1"	7	FALSE	-15	135	100	0	0	-395.979797464	395.979797464	0.972350120544	-475	295	-382.463149182	407.887165179
20	"1"	"1"	7	FALSE	-15	135	100	0	0	-395.979797464	395.979797464	1.0057990551	-476	296	-383.170255963	409.11191005
20	"1"	"1"	7	FALSE	-15	135	100	0	0	-395.979797464	395.979797464	1.03900790215	-477	297	-383.877362744	410.336654922
20	"1"	"1"	7	FALSE	-15	135	100	0	0	-395.979797464	395.979797464	1.07230591774	-478	297	-384.843288571	410.595473967
20	"1"	"1"	7	FALSE	-15	135	100	0	0	-395.979797464	395.979797464	1.1059319973	-478	297	-384.843288571	410.595473967
20	"1"	"1"	7	FALSE	-15	135	100	0	0	-395.979797464	395.979797464	1.13931298256	-477	297	-383.877362744	410.336654922
20	"1"	"1"	7	FALSE	-15	135	100	0	0	-395.979797464	395.979797464	1.17257213593	-477	296	-384.13618179	409.370729095
20	"1"	"1"	7	FALSE	-15	135	100	0	0	-395.979797464	395.979797464	1.20591402054	-477	296	-384.13618179	409.370729095
20	"1"	"1"	7	FALSE	-15	135	100	0	0	-395.979797464	395.979797464	1.23932409286	-476	296	-383.170255963	409.11191005
20	"1"	"1"	7	FALSE	-15	135	100	0	0	-395.979797464	395.979797464	1.27272891998	-476	295	-383.429075008	408.145984224
20	"1"	"1"	7	FALSE	-15	135	100	0	0	-395.979797464	395.979797464	1.3060400486	-476	295	-383.429075008	408.145984224
20	"1"	"1"	7	FALSE	-15	135	100	0	0	-395.979797464	395.979797464	1.33939409256	-477	295	-384.395000835	408.404803269
20	"1"	"1"	7	FALSE	-15	135	100	0	0	-395.979797464	395.979797464	1.37259912491	-477	295	-384.395000835	408.404803269
20	"1"	"1"	7	FALSE	-15	135	100	0	0	-395.979797464	395.979797464	1.40612006187	-477	295	-384.395000835	408.404803269
20	"1"	"1"	7	FALSE	-15	135	100	0	0	-395.979797464	395.979797464	1.43941712379	-475	293	-382.980787272	405.955313526
20	"1"	"1"	7	FALSE	-15	135	100	0	0	-395.979797464	395.979797464	1.47288513184	-472	292	-380.341828839	404.212930565
20	"1"	"1"	7	FALSE	-15	135	100	0	0	-395.979797464	395.979797464	1.50622391701	-472	292	-380.341828839	404.212930565
20	"1"	"1"	7	FALSE	-15	135	100	0	0	-395.979797464	395.979797464	1.53951191902	-472	292	-380.341828839	404.212930565
20	"1"	"1"	7	FALSE	-15	135	100	0	0	-395.979797464	395.979797464	1.57291412354	-474	291	-382.532499536	403.764642829
20	"1"	"1"	7	FALSE	-15	135	100	0	0	-395.979797464	395.979797464	1.60626292229	-479	288	-388.138585803	402.160960575
20	"1"	"1"	7	FALSE	-15	135	100	0	0	-395.979797464	395.979797464	1.6394610405	-483	284	-393.037565289	399.332533451
20	"1"	"1"	7	FALSE	-15	135	100	0	0	-395.979797464	395.979797464	1.672976017	-484	283	-394.26231016	398.625426669
20	"1"	"1"	7	FALSE	-15	135	100	0	0	-395.979797464	395.979797464	1.70615005493	-485	282	-395.487055031	397.918319888
20	"1"	"1"	8	FALSE	-15	90	100	0	0	3.42901103761e-14	560	0.00212693214417	0	4	1.03527618041	3.86370330516
20	"1"	"1"	8	FALSE	-15	90	100	0	0	3.42901103761e-14	560	0.021842956543	0	4	1.03527618041	3.86370330516
20	"1"	"1"	8	FALSE	-15	90	100	0	0	3.42901103761e-14	560	0.0550320148468	1	4	2.0012020067	3.60488426005
20	"1"	"1"	8	FALSE	-15	90	100	0	0	3.42901103761e-14	560	0.0883638858795	0	4	1.03527618041	3.86370330516
20	"1"	"1"	8	FALSE	-15	90	100	0	0	3.42901103761e-14	560	0.122200965881	0	4	1.03527618041	3.86370330516
20	"1"	"1"	8	FALSE	-15	90	100	0	0	3.42901103761e-14	560	0.15535902977	0	4	1.03527618041	3.86370330516
20	"1"	"1"	8	FALSE	-15	90	100	0	0	3.42901103761e-14	560	0.188954114914	0	4	1.03527618041	3.86370330516
20	"1"	"1"	8	FALSE	-15	90	100	0	0	3.42901103761e-14	560	0.222244024277	1	4	2.0012020067	3.60488426005
20	"1"	"1"	8	FALSE	-15	90	100	0	0	3.42901103761e-14	560	0.255526065826	4	4	4.89897948557	2.82842712475
20	"1"	"1"	8	FALSE	-15	90	100	0	0	3.42901103761e-14	560	0.289077043533	14	14	17.1464281995	9.89949493661
20	"1"	"1"	8	FALSE	-15	90	100	0	0	3.42901103761e-14	560	0.322192907333	32	48	43.3329406062	38.0822302186
20	"1"	"1"	8	FALSE	-15	90	100	0	0	3.42901103761e-14	560	0.355731010437	44	82	63.7238980551	67.8178797712
20	"1"	"1"	8	FALSE	-15	90	100	0	0	3.42901103761e-14	560	0.388924121857	48	102	72.7639822623	86.1011201166
20	"1"	"1"	8	FALSE	-15	90	100	0	0	3.42901103761e-14	560	0.422538042068	49	119	78.1298318554	102.263040118
20	"1"	"1"	8	FALSE	-15	90	100	0	0	3.42901103761e-14	560	0.455810070038	42	145	78.097646244	129.188844918
20	"1"	"1"	8	FALSE	-15	90	100	0	0	3.42901103761e-14	560	0.489223957062	28	170	71.0451608035	156.960457206
20	"1"	"1"	8	FALSE	-15	90	100	0	0	3.42901103761e-14	560	0.522510051727	7	206	60.0782040751	197.1689869
20	"1"	"1"	8	FALSE	-15	90	100	0	0	3.42901103761e-14	560	0.555902957916	-17	249	48.0252031836	244.915454513
20	"1"	"1"	8	FALSE	-15	90	100	0	0	3.42901103761e-14	560	0.589215993881	-41	295	36.7486594274	295.559699604
20	"1"	"1"	8	FALSE	-15	90	100	0	0	3.42901103761e-14	560	0.622688055038	-58	339	31.715958365	342.460359728
20	"1"	"1"	8	FALSE	-15	90	100	0	0	3.42901103761e-14	560	0.6559278965	-77	382	24.4925866049	388.912732115
20	"1"	"1"	8	FALSE	-15	90	100	0	0	3.42901103761e-14	560	0.6892619133	-95	421	17.1998644907	431.242582152
20	"1"	"1"	8	FALSE	-15	90	100	0	0	3.42901103761e-14	560	0.722569942474	-109	449	10.9238361855	461.91197192
20	"1"	"1"	8	FALSE	-15	90	100	0	0	3.42901103761e-14	560	0.756002902985	-121	472	5.28556430741	487.234094466
20	"1"	"1"	8	FALSE	-15	90	100	0	0	3.42901103761e-14	560	0.78932595253	-127	484	2.59583789091	500.378118652
20	"1"	"1"	8	FALSE	-15	90	100	0	0	3.42901103761e-14	560	0.822727918625	-129	490	2.21690050895	506.6913117
20	"1"	"1"	8	FALSE	-15	90	100	0	0	3.42901103761e-14	560	0.856055021286	-130	493	2.02743181796	509.847908224
20	"1"	"1"	8	FALSE	-15	90	100	0	0	3.42901103761e-14	560	0.889399051666	-130	497	3.06270799837	513.711611529
20	"1"	"1"	8	FALSE	-15	90	100	0	0	3.42901103761e-14	560	0.922894001007	-128	505	7.06511201177	520.921380049
20	"1"	"1"	8	FALSE	-15	90	100	0	0	3.42901103761e-14	560	0.956180095673	-125	518	13.327537077	532.701958656
20	"1"	"1"	8	FALSE	-15	90	100	0	0	3.42901103761e-14	560	0.989490032196	-123	528	17.8475791806	541.843578828
20	"1"	"1"	8	FALSE	-15	90	100	0	0	3.42901103761e-14	560	1.02290701866	-124	532	17.9169295347	545.966101178
20	"1"	"1"	8	FALSE	-15	90	100	0	0	3.42901103761e-14	560	1.05628991127	-126	535	16.7615350174	549.381516748
20	"1"	"1"	8	FALSE	-15	90	100	0	0	3.42901103761e-14	560	1.08960199356	-129	538	14.6402146739	553.055751362
20	"1"	"1"	8	FALSE	-15	90	100	0	0	3.42901103761e-14	560	1.12305998802	-132	539	12.0012562401	554.798134323
20	"1"	"1"	8	FALSE	-15	90	100	0	0	3.42901103761e-14	560	1.15641593933	-134	540	10.3282236326	556.28169824
20	"1"	"1"	9	FALSE	-15	45	100	0	0	395.979797464	395.979797464	0.00228881835938	-8	6	-6.1744923397	7.86610731855
20	"1"	"1"	9	FALSE	-15	45	100	0	0	395.979797464	395.979797464	0.03843998909	-8	6	-6.1744923397	7.86610731855
20	"1"	"1"	9	FALSE	-15	45	100	0	0	395.979797464	395.979797464	0.0717318058014	-7	6	-5.20856651341	7.60728827345
20	"1"	"1"	9	FALSE	-15	45	100	0	0	395.979797464	395.979797464	0.105163812637	-7	6	-5.20856651341	7.60728827345
20	"1"	"1"	9	FALSE	-15	45	100	0	0	395.979797464	395.979797464	0.138528823853	-6	6	-4.24264068712	7.34846922835
20	"1"	"1"	9	FALSE	-15	45	100	0	0	395.979797464	395.979797464	0.171456813812	-5	5	-3.53553390593	6.12372435696
20	"1"	"1"	9	FALSE	-15	45	100	0	0	395.979797464	395.979797464	0.205132007599	-5	5	-3.53553390593	6.12372435696
20	"1"	"1"	9	FALSE	-15	45	100	0	0	395.979797464	395.979797464	0.238430023193	-5	4	-3.79435295104	5.15779853067
20	"1"	"1"	9	FALSE	-15	45	100	0	0	395.979797464	395.979797464	0.271284818649	-5	4	-3.79435295104	5.15779853067
20	"1"	"1"	9	FALSE	-15	45	100	0	0	395.979797464	395.979797464	0.305312871933	-4	4	-2.82842712475	4.89897948557
20	"1"	"1"	9	FALSE	-15	45	100	0	0	395.979797464	395.979797464	0.338688850403	-2	5	-0.637756427066	5.34726722165
20	"1"	"1"	9	FALSE	-15	45	100	0	0	395.979797464	395.979797464	0.372010946274	6	19	10.7131168147	16.7996764289
20	"1"	"1"	9	FALSE	-15	45	100	0	0	395.979797464	395.979797464	0.40546298027	29	44	39.3998869469	34.9949840487
20	"1"	"1"	9	FALSE	-15	45	100	0	0	395.979797464	395.979797464	0.438720941544	53	76	70.8643162211	59.6929534075
20	"1"	"1"	9	FALSE	-15	45	100	0	0	395.979797464	395.979797464	0.471462011337	75	111	101.173350978	87.8063383354
20	"1"	"1"	9	FALSE	-15	45	100	0	0	395.979797464	395.979797464	0.505424022675	99	145	133.155418342	114.436159347
20	"1"	"1"	9	FALSE	-15	45	100	0	0	395.979797464	395.979797464	0.538746833801	121	188	165.53500546	150.276950885
20	"1"	"1"	9	FALSE	-15	45	100	0	0	395.979797464	395.979797464	0.571470022202	139	230	193.792070228	186.187092777
20	"1"	"1"	9	FALSE	-15	45	100	0	0	395.979797464	395.979797464	0.60555100441	158	265	221.203327506	215.07693484
20	"1"	"1"	9	FALSE	-15	45	100	0	0	395.979797464	395.979797464	0.638808012009	182	301	253.70303296	243.638607504
20	"1"	"1"	9	FALSE	-15	45	100	0	0	395.979797464	395.979797464	0.671962976456	205	341	286.272088769	276.322802519
20	"1"	"1"	9	FALSE	-15	45	100	0	0	395.979797464	395.979797464	0.705464839935	222	368	309.680942034	298.002876062
20	"1"	"1"	9	FALSE	-15	45	100	0	0	395.979797464	395.979797464	0.738920927048	229	381	319.807070404	308.748178488
20	"1"	"1"	9	FALSE	-15	45	100	0	0	395.979797464	395.979797464	0.771852970123	240	396	334.31454017	320.390056386
20	"1"	"1"	9	FALSE	-15	45	100	0	0	395.979797464	395.979797464	0.805686950684	246	407	342.957104624	329.462326204
20	"1"	"1"	9	FALSE	-15	45	100	0	0	395.979797464	395.979797464	0.838815927505	251	414	349.598467071	334.929711763
20	"1"	"1"	9	FALSE	-15	45	100	0	0	395.979797464	395.979797464	0.872327804565	257	423	357.723393435	342.070129929
20	"1"	"1"	9	FALSE	-15	45	100	0	0	395.979797464	395.979797464	0.905530929565	261	433	364.175287191	350.694112011
20	"1"	"1"	9	FALSE	-15	45	100	0	0	395.979797464	395.979797464	0.938519954681	263	444	368.95414834	360.80165801
20	"1"	"1"	9	FALSE	-15	45	100	0	0	395.979797464	395.979797464	0.972198963165	265	452	372.956552353	368.01142653
20	"1"	"1"	9	FALSE	-15	45	100	0	0	395.979797464	395.979797464	1.00581789017	268	462	378.442520283	376.894227658
20	"1"	"1"	9	FALSE	-15	45	100	0	0	395.979797464	395.979797464	1.0391600132	274	472	386.826265692	385.00057165
20	"1"	"1"	9	FALSE	-15	45	100	0	0	395.979797464	395.979797464	1.07250094414	279	481	393.985266229	392.399808861
20	"1"	"1"	9	FALSE	-15	45	100	0	0	395.979797464	395.979797464	1.10564994812	281	485	396.952394062	395.745874076
20	"1"	"1"	9	FALSE	-15	45	100	0	0	395.979797464	395.979797464	1.13926291466	281	487	397.470032152	397.677725729
20	"1"	"1"	10	FALSE	-15	45	100	0	0	395.979797464	395.979797464	0.00205707550049	-1	2	-0.448287736084	2.19067069768
20	"1"	"1"	10	FALSE	-15	45	100	0	0	395.979797464	395.979797464	0.038104057312	-1	2	-0.448287736084	2.19067069768
20	"1"	"1"	10	FALSE	-15	45	100	0	0	395.979797464	395.979797464	0.0713951587677	-1	2	-0.448287736084	2.19067069768
20	"1"	"1"	10	FALSE	-15	45	100	0	0	395.979797464	395.979797464	0.104789018631	-1	2	-0.448287736084	2.19067069768
20	"1"	"1"	10	FALSE	-15	45	100	0	0	395.979797464	395.979797464	0.138022184372	-1	2	-0.448287736084	2.19067069768
20	"1"	"1"	10	FALSE	-15	45	100	0	0	395.979797464	395.979797464	0.171436071396	-1	2	-0.448287736084	2.19067069768
20	"1"	"1"	10	FALSE	-15	45	100	0	0	395.979797464	395.979797464	0.204095125198	-2	2	-1.41421356237	2.44948974278
20	"1"	"1"	10	FALSE	-15	45	100	0	0	395.979797464	395.979797464	0.238281965256	-2	3	-1.15539451727	3.41541556907
20	"1"	"1"	10	FALSE	-15	45	100	0	0	395.979797464	395.979797464	0.271535158157	-3	3	-2.12132034356	3.67423461417
20	"1"	"1"	10	FALSE	-15	45	100	0	0	395.979797464	395.979797464	0.304764032364	-2	5	-0.637756427066	5.34726722165
20	"1"	"1"	10	FALSE	-15	45	100	0	0	395.979797464	395.979797464	0.337931156158	4	18	8.522446117	16.3513886928
20	"1"	"1"	10	FALSE	-15	45	100	0	0	395.979797464	395.979797464	0.371572971344	17	43	27.5499579863	37.1348867637
20	"1"	"1"	10	FALSE	-15	45	100	0	0	395.979797464	395.979797464	0.404633998871	36	72	53.4083009938	60.2291738691
20	"1"	"1"	10	FALSE	-15	45	100	0	0	395.979797464	395.979797464	0.438392162323	61	109	87.1327513198	89.4979533143
20	"1"	"1"	10	FALSE	-15	45	100	0	0	395.979797464	395.979797464	0.47170996666	89	144	123.237341034	116.058423972
20	"1"	"1"	10	FALSE	-15	45	100	0	0	395.979797464	395.979797464	0.505113124847	123	184	166.431580932	145.89560949
20	"1"	"1"	10	FALSE	-15	45	100	0	0	395.979797464	395.979797464	0.538362026215	155	227	208.470426313	179.148210577
20	"1"	"1"	10	FALSE	-15	45	100	0	0	395.979797464	395.979797464	0.571671009064	178	264	240.263024987	208.934628112
20	"1"	"1"	10	FALSE	-15	45	100	0	0	395.979797464	395.979797464	0.605156183243	207	300	277.592359573	236.20220555
20	"1"	"1"	10	FALSE	-15	45	100	0	0	395.979797464	395.979797464	0.638414144516	227	328	304.157809361	258.071747785
20	"1"	"1"	10	FALSE	-15	45	100	0	0	395.979797464	395.979797464	0.671887159348	248	358	332.206823066	281.614322626
20	"1"	"1"	10	FALSE	-15	45	100	0	0	395.979797464	395.979797464	0.705156087875	261	380	350.4578778	299.500043218
20	"1"	"1"	10	FALSE	-15	45	100	0	0	395.979797464	395.979797464	0.738537073135	267	393	359.618080344	310.504164689
20	"1"	"1"	10	FALSE	-15	45	100	0	0	395.979797464	395.979797464	0.771898984909	271	406	366.846431236	322.025924251
20	"1"	"1"	10	FALSE	-15	45	100	0	0	395.979797464	395.979797464	0.805289983749	274	415	372.073580121	329.942799552
20	"1"	"1"	10	FALSE	-15	45	100	0	0	395.979797464	395.979797464	0.838632106781	277	424	377.300729006	337.859674853
20	"1"	"1"	10	FALSE	-15	45	100	0	0	395.979797464	395.979797464	0.871948957443	280	431	382.0102398	343.844698502
20	"1"	"1"	10	FALSE	-15	45	100	0	0	395.979797464	395.979797464	0.90545797348	282	443	387.047919994	354.918170327
20	"1"	"1"	10	FALSE	-15	45	100	0	0	395.979797464	395.979797464	0.938685178757	284	452	391.309143052	363.093864674
20	"1"	"1"	10	FALSE	-15	45	100	0	0	395.979797464	395.979797464	0.972073078156	284	457	392.603238278	367.923493805
20	"1"	"1"	10	FALSE	-15	45	100	0	0	395.979797464	395.979797464	1.00538015366	283	460	392.413769587	371.080090329
20	"1"	"1"	10	FALSE	-15	45	100	0	0	395.979797464	395.979797464	1.03883695602	283	463	393.190226722	373.977867808
20	"1"	"1"	10	FALSE	-15	45	100	0	0	395.979797464	395.979797464	1.07205605507	283	464	393.449045767	374.943793634
20	"1"	"1"	10	FALSE	-15	45	100	0	0	395.979797464	395.979797464	1.10549402237	283	465	393.707864812	375.90971946
20	"1"	"1"	10	FALSE	-15	45	100	0	0	395.979797464	395.979797464	1.13888311386	283	467	394.225502903	377.841571113
20	"1"	"1"	10	FALSE	-15	45	100	0	0	395.979797464	395.979797464	1.17174816132	283	470	395.001960038	380.739348592
20	"1"	"1"	10	FALSE	-15	45	100	0	0	395.979797464	395.979797464	1.20568299294	283	475	396.296055264	385.568977723
20	"1"	"1"	10	FALSE	-15	45	100	0	0	395.979797464	395.979797464	1.23901414871	283	479	397.331331444	389.432681028
20	"1"	"1"	11	FALSE	-15	135	100	0	0	-395.979797464	395.979797464	0.0021288394928	-4	-8	-5.93425566598	-6.6921304299
20	"1"	"1"	11	FALSE	-15	135	100	0	0	-395.979797464	395.979797464	0.0218060016632	-4	-8	-5.93425566598	-6.6921304299
20	"1"	"1"	11	FALSE	-15	135	100	0	0	-395.979797464	395.979797464	0.05535197258	-4	-8	-5.93425566598	-6.6921304299
20	"1"	"1"	11	FALSE	-15	135	100	0	0	-395.979797464	395.979797464	0.0887057781219	-4	-8	-5.93425566598	-6.6921304299
20	"1"	"1"	11	FALSE	-15	135	100	0	0	-395.979797464	395.979797464	0.122110843658	-4	-8	-5.93425566598	-6.6921304299
20	"1"	"1"	11	FALSE	-15	135	100	0	0	-395.979797464	395.979797464	0.155594825745	-4	-8	-5.93425566598	-6.6921304299
20	"1"	"1"	11	FALSE	-15	135	100	0	0	-395.979797464	395.979797464	0.188746929169	-4	-8	-5.93425566598	-6.6921304299
20	"1"	"1"	11	FALSE	-15	135	100	0	0	-395.979797464	395.979797464	0.222165822983	-4	-8	-5.93425566598	-6.6921304299
20	"1"	"1"	11	FALSE	-15	135	100	0	0	-395.979797464	395.979797464	0.255493879318	-4	-8	-5.93425566598	-6.6921304299
20	"1"	"1"	11	FALSE	-15	135	100	0	0	-395.979797464	395.979797464	0.288839817047	-4	-8	-5.93425566598	-6.6921304299
20	"1"	"1"	11	FALSE	-15	135	100	0	0	-395.979797464	395.979797464	0.322330951691	-6	-5	-7.08965018325	-3.27671486083
20	"1"	"1"	11	FALSE	-15	135	100	0	0	-395.979797464	395.979797464	0.355627775192	-15	5	-13.1947921688	8.71191480798
20	"1"	"1"	11	FALSE	-15	135	100	0	0	-395.979797464	395.979797464	0.389021873474	-37	21	-30.3040556255	29.8607470209
20	"1"	"1"	11	FALSE	-15	135	100	0	0	-395.979797464	395.979797464	0.422294855118	-65	32	-54.5029692655	47.7328643729
20	"1"	"1"	11	FALSE	-15	135	100	0	0	-395.979797464	395.979797464	0.455741882324	-92	42	-77.9947761243	64.3802368536
20	"1"	"1"	11	FALSE	-15	135	100	0	0	-395.979797464	395.979797464	0.489070892334	-117	61	-97.2253599246	89.2033036806
20	"1"	"1"	11	FALSE	-15	135	100	0	0	-395.979797464	395.979797464	0.52245092392	-142	89	-114.126572319	122.719702944
20	"1"	"1"	11	FALSE	-15	135	100	0	0	-395.979797464	395.979797464	0.555767774582	-175	121	-137.719915143	162.170357874
20	"1"	"1"	11	FALSE	-15	135	100	0	0	-395.979797464	395.979797464	0.589059829712	-214	148	-168.402908151	198.344297943
20	"1"	"1"	11	FALSE	-15	135	100	0	0	-395.979797464	395.979797464	0.622539997101	-247	173	-193.807984291	231.033472088
20	"1"	"1"	11	FALSE	-15	135	100	0	0	-395.979797464	395.979797464	0.655931949615	-283	194	-223.14611409	260.635400064
20	"1"	"1"	11	FALSE	-15	135	100	0	0	-395.979797464	395.979797464	0.689256906509	-316	218	-248.810009275	292.358648383
20	"1"	"1"	11	FALSE	-15	135	100	0	0	-395.979797464	395.979797464	0.722599983215	-347	239	-273.318509943	320.666481134
20	"1"	"1"	11	FALSE	-15	135	100	0	0	-395.979797464	395.979797464	0.755945920944	-372	255	-293.325550878	342.591770482
20	"1"	"1"	11	FALSE	-15	135	100	0	0	-395.979797464	395.979797464	0.789368867874	-396	268	-313.143123123	361.360463306
20	"1"	"1"	11	FALSE	-15	135	100	0	0	-395.979797464	395.979797464	0.822618961334	-410	275	-324.854351375	371.745410722
20	"1"	"1"	11	FALSE	-15	135	100	0	0	-395.979797464	395.979797464	0.856038808823	-424	283	-336.306760583	383.096283963
20	"1"	"1"	11	FALSE	-15	135	100	0	0	-395.979797464	395.979797464	0.889356851578	-440	288	-350.467478578	392.067017816
20	"1"	"1"	11	FALSE	-15	135	100	0	0	-395.979797464	395.979797464	0.922572851181	-455	290	-364.438727882	397.881155145
20	"1"	"1"	11	FALSE	-15	135	100	0	0	-395.979797464	395.979797464	0.956110954285	-469	290	-377.96168945	401.504621777
20	"1"	"1"	11	FALSE	-15	135	100	0	0	-395.979797464	395.979797464	0.989016771317	-478	289	-386.913840932	402.868067357
20	"1"	"1"	11	FALSE	-15	135	100	0	0	-395.979797464	395.979797464	1.02278590202	-484	288	-392.968214934	403.455055801
20	"1"	"1"	12	FALSE	-15	90	100	0	0	3.42901103761e-14	560	0.00157403945923	-5	-4	-5.86490531186	-2.56960807964
20	"1"	"1"	12	FALSE	-15	90	100	0	0	3.42901103761e-14	560	0.0215439796448	-5	-4	-5.86490531186	-2.56960807964
20	"1"	"1"	12	FALSE	-15	90	100	0	0	3.42901103761e-14	560	0.0552439689636	-5	-4	-5.86490531186	-2.56960807964
20	"1"	"1"	12	FALSE	-15	90	100	0	0	3.42901103761e-14	560	0.0882661342621	-2	-3	-2.70830878789	-2.38013938866
20	"1"	"1"	12	FALSE	-15	90	100	0	0	3.42901103761e-14	560	0.121934175491	-1	-2	-1.48356391649	-1.67303260748
20	"1"	"1"	12	FALSE	-15	90	100	0	0	3.42901103761e-14	560	0.155366182327	-1	-2	-1.48356391649	-1.67303260748
20	"1"	"1"	12	FALSE	-15	90	100	0	0	3.42901103761e-14	560	0.188677072525	-1	-2	-1.48356391649	-1.67303260748
20	"1"	"1"	12	FALSE	-15	90	100	0	0	3.42901103761e-14	560	0.22190618515	-1	-2	-1.48356391649	-1.67303260748
20	"1"	"1"	12	FALSE	-15	90	100	0	0	3.42901103761e-14	560	0.254727125168	-1	-2	-1.48356391649	-1.67303260748
20	"1"	"1"	12	FALSE	-15	90	100	0	0	3.42901103761e-14	560	0.288743019104	-3	1	-2.63895843376	1.7423829616
20	"1"	"1"	12	FALSE	-15	90	100	0	0	3.42901103761e-14	560	0.322093963623	-17	25	-9.95026291935	28.548069424
20	"1"	"1"	12	FALSE	-15	90	100	0	0	3.42901103761e-14	560	0.355440139771	-30	50	-16.0368225335	56.0608626675
20	"1"	"1"	12	FALSE	-15	90	100	0	0	3.42901103761e-14	560	0.388450145721	-43	84	-19.7940107418	92.2669883477
20	"1"	"1"	12	FALSE	-15	90	100	0	0	3.42901103761e-14	560	0.422268152237	-59	129	-23.6019669328	139.874755252
20	"1"	"1"	12	FALSE	-15	90	100	0	0	3.42901103761e-14	560	0.455505132675	-76	187	-25.0112013638	200.298376944
20	"1"	"1"	12	FALSE	-15	90	100	0	0	3.42901103761e-14	560	0.488530158997	-85	238	-20.5047625002	251.889965491
20	"1"	"1"	12	FALSE	-15	90	100	0	0	3.42901103761e-14	560	0.522223949432	-91	274	-16.9828318342	288.216209508
20	"1"	"1"	12	FALSE	-15	90	100	0	0	3.42901103761e-14	560	0.555616140366	-98	311	-14.1680079494	325.767198396
20	"1"	"1"	12	FALSE	-15	90	100	0	0	3.42901103761e-14	560	0.588605165482	-99	342	-7.11054337756	355.969718056
20	"1"	"1"	12	FALSE	-15	90	100	0	0	3.42901103761e-14	560	0.622326135635	-99	368	-0.38124820489	381.08378954
20	"1"	"1"	12	FALSE	-15	90	100	0	0	3.42901103761e-14	560	0.655042171478	-101	394	4.4161953152	406.715499113
20	"1"	"1"	12	FALSE	-15	90	100	0	0	3.42901103761e-14	560	0.688872098923	-102	417	9.40310752627	429.190612163
20	"1"	"1"	12	FALSE	-15	90	100	0	0	3.42901103761e-14	560	0.722398996353	-105	442	12.975806175	454.115214956
20	"1"	"1"	12	FALSE	-15	90	100	0	0	3.42901103761e-14	560	0.755850076675	-109	452	11.7002933208	464.809749399
20	"1"	"1"	12	FALSE	-15	90	100	0	0	3.42901103761e-14	560	0.789103984833	-113	463	10.6835995118	476.470209668
20	"1"	"1"	12	FALSE	-15	90	100	0	0	3.42901103761e-14	560	0.822499990463	-116	471	9.85637439376	484.974073414
20	"1"	"1"	12	FALSE	-15	90	100	0	0	3.42901103761e-14	560	0.855733156204	-120	477	7.54558535921	491.804904552
20	"1"	"1"	12	FALSE	-15	90	100	0	0	3.42901103761e-14	560	0.88925909996	-124	483	5.23479632467	498.63573569
20	"1"	"1"	12	FALSE	-15	90	100	0	0	3.42901103761e-14	560	0.922132968903	-127	487	3.37229502622	503.275896131
20	"1"	"1"	12	FALSE	-15	90	100	0	0	3.42901103761e-14	560	0.955950021744	-131	494	1.32032503678	511.072653095
20	"1"	"1"	12	FALSE	-15	90	100	0	0	3.42901103761e-14	560	0.989202976227	-133	504	1.97666383522	521.249549448
20	"1"	"1"	12	FALSE	-15	90	100	0	0	3.42901103761e-14	560	1.02250409126	-134	512	3.08129036976	529.235775104
20	"1"	"1"	12	FALSE	-15	90	100	0	0	3.42901103761e-14	560	1.05536913872	-135	521	4.44473594939	538.187926585
20	"1"	"1"	12	FALSE	-15	90	100	0	0	3.42901103761e-14	560	1.08869194984	-137	528	4.32461761253	545.46704546
20	"1"	"1"	12	FALSE	-15	90	100	0	0	3.42901103761e-14	560	1.12212395668	-138	533	4.65278701175	550.555493636
20	"1"	"1"	12	FALSE	-15	90	100	0	0	3.42901103761e-14	560	1.15603613853	-137	535	6.13635092825	552.228526244
20	"1"	"1"	12	FALSE	-15	90	100	0	0	3.42901103761e-14	560	1.18940210342	-137	538	6.91280806355	555.126303723
20	"1"	"1"	12	FALSE	-15	90	100	0	0	3.42901103761e-14	560	1.2227370739	-137	541	7.68926519886	558.024081201
20	"1"	"1"	13	FALSE	-15	45	100	0	0	395.979797464	395.979797464	0.00168991088867	3	8	4.96832983969	6.950949475
20	"1"	"1"	13	FALSE	-15	45	100	0	0	395.979797464	395.979797464	0.0213010311127	3	8	4.96832983969	6.950949475
20	"1"	"1"	13	FALSE	-15	45	100	0	0	395.979797464	395.979797464	0.0548820495605	3	7	4.70951079458	5.98502364872
20	"1"	"1"	13	FALSE	-15	45	100	0	0	395.979797464	395.979797464	0.0880589485168	3	6	4.45069174948	5.01909782243
20	"1"	"1"	13	FALSE	-15	45	100	0	0	395.979797464	395.979797464	0.120951890945	3	2	3.41541556907	1.15539451727
20	"1"	"1"	13	FALSE	-15	45	100	0	0	395.979797464	395.979797464	0.15500497818	3	0	2.89777747887	-0.776457135308
20	"1"	"1"	13	FALSE	-15	45	100	0	0	395.979797464	395.979797464	0.188354969025	2	-1	1.67303260748	-1.48356391649
20	"1"	"1"	13	FALSE	-15	45	100	0	0	395.979797464	395.979797464	0.221673965454	3	-1	2.63895843376	-1.7423829616
20	"1"	"1"	13	FALSE	-15	45	100	0	0	395.979797464	395.979797464	0.254844903946	4	0	3.86370330516	-1.03527618041
20	"1"	"1"	13	FALSE	-15	45	100	0	0	395.979797464	395.979797464	0.288399934769	13	13	15.9216833281	9.19238815543
20	"1"	"1"	13	FALSE	-15	45	100	0	0	395.979797464	395.979797464	0.321810007095	26	38	34.9491951974	29.9758862263
20	"1"	"1"	13	FALSE	-15	45	100	0	0	395.979797464	395.979797464	0.354740858078	42	73	59.4626749966	59.6421854248
20	"1"	"1"	13	FALSE	-15	45	100	0	0	395.979797464	395.979797464	0.388385057449	65	115	92.5493688956	94.2582320916
20	"1"	"1"	13	FALSE	-15	45	100	0	0	395.979797464	395.979797464	0.421185016632	89	145	123.49616008	117.024349798
20	"1"	"1"	13	FALSE	-15	45	100	0	0	395.979797464	395.979797464	0.454926967621	117	175	158.306654569	138.755191324
20	"1"	"1"	13	FALSE	-15	45	100	0	0	395.979797464	395.979797464	0.488473892212	141	206	189.512264798	162.487234856
20	"1"	"1"	13	FALSE	-15	45	100	0	0	395.979797464	395.979797464	0.521872997284	159	242	216.216415295	192.601821791
20	"1"	"1"	13	FALSE	-15	45	100	0	0	395.979797464	395.979797464	0.554738044739	171	271	235.313277518	217.507842212
20	"1"	"1"	13	FALSE	-15	45	100	0	0	395.979797464	395.979797464	0.588630914688	183	302	254.927777832	244.345714286
20	"1"	"1"	13	FALSE	-15	45	100	0	0	395.979797464	395.979797464	0.622044086456	191	328	269.384479615	267.389233408
20	"1"	"1"	13	FALSE	-15	45	100	0	0	395.979797464	395.979797464	0.655323982239	199	346	281.770629037	282.705345921
20	"1"	"1"	13	FALSE	-15	45	100	0	0	395.979797464	395.979797464	0.688677072525	213	369	301.246428642	301.298173294
20	"1"	"1"	13	FALSE	-15	45	100	0	0	395.979797464	395.979797464	0.72197508812	224	386	316.271536498	314.871902845
20	"1"	"1"	13	FALSE	-15	45	100	0	0	395.979797464	395.979797464	0.755349874496	233	402	329.105973657	327.997344659
20	"1"	"1"	13	FALSE	-15	45	100	0	0	395.979797464	395.979797464	0.788733005524	245	417	344.579369249	339.380403512
20	"1"	"1"	13	FALSE	-15	45	100	0	0	395.979797464	395.979797464	0.822054862976	259	434	362.502254583	352.177675928
20	"1"	"1"	13	FALSE	-15	45	100	0	0	395.979797464	395.979797464	0.854851961136	273	446	379.131044693	360.145319212
20	"1"	"1"	13	FALSE	-15	45	100	0	0	395.979797464	395.979797464	0.888936042786	283	454	390.860855316	365.284535371
20	"1"	"1"	13	FALSE	-15	45	100	0	0	395.979797464	395.979797464	0.922121047974	293	465	403.367123075	373.321529009
20	"1"	"1"	13	FALSE	-15	45	100	0	0	395.979797464	395.979797464	0.955515861511	297	474	409.560197786	380.979585266
20	"1"	"1"	13	FALSE	-15	45	100	0	0	395.979797464	395.979797464	0.988998889923	299	480	413.04496371	386.257502133
20	"1"	"1"	13	FALSE	-15	45	100	0	0	395.979797464	395.979797464	1.02222108841	300	483	414.787346671	388.896460567
20	"1"	"1"	13	FALSE	-15	45	100	0	0	395.979797464	395.979797464	1.05546498299	300	485	415.304984761	390.828312219
20	"1"	"1"	13	FALSE	-15	45	100	0	0	395.979797464	395.979797464	1.08839988708	300	486	415.563803807	391.794238046
20	"1"	"1"	13	FALSE	-15	45	100	0	0	395.979797464	395.979797464	1.12242889404	300	486	415.563803807	391.794238046
20	"1"	"1"	13	FALSE	-15	45	100	0	0	395.979797464	395.979797464	1.15581488609	299	486	414.59787798	392.053057091
20	"1"	"1"	13	FALSE	-15	45	100	0	0	395.979797464	395.979797464	1.188986063	297	486	412.666026328	392.570695181
20	"1"	"1"	13	FALSE	-15	45	100	0	0	395.979797464	395.979797464	1.22209095955	292	484	407.318759106	391.932938754
20	"1"	"1"	13	FALSE	-15	45	100	0	0	395.979797464	395.979797464	1.25563502312	287	482	401.971491884	391.295182327
20	"1"	"1"	13	FALSE	-15	45	100	0	0	395.979797464	395.979797464	1.28886198997	281	479	395.399479791	389.950319119
20	"1"	"1"	13	FALSE	-15	45	100	0	0	395.979797464	395.979797464	1.32232999802	277	477	391.018138396	389.053743646
20	"1"	"1"	14	FALSE	-15	90	100	0	0	3.42901103761e-14	560	0.00202107429504	1	-4	-0.069350354121	-4.12252235026
20	"1"	"1"	14	FALSE	-15	90	100	0	0	3.42901103761e-14	560	0.038407087326	1	-4	-0.069350354121	-4.12252235026
20	"1"	"1"	14	FALSE	-15	90	100	0	0	3.42901103761e-14	560	0.0716800689697	1	-4	-0.069350354121	-4.12252235026
20	"1"	"1"	14	FALSE	-15	90	100	0	0	3.42901103761e-14	560	0.105078935623	0	-5	-1.29409522551	-4.82962913145
20	"1"	"1"	14	FALSE	-15	90	100	0	0	3.42901103761e-14	560	0.137931108475	0	-5	-1.29409522551	-4.82962913145
20	"1"	"1"	14	FALSE	-15	90	100	0	0	3.42901103761e-14	560	0.171736955643	0	-5	-1.29409522551	-4.82962913145
20	"1"	"1"	14	FALSE	-15	90	100	0	0	3.42901103761e-14	560	0.205101966858	0	-5	-1.29409522551	-4.82962913145
20	"1"	"1"	14	FALSE	-15	90	100	0	0	3.42901103761e-14	560	0.238389015198	0	-5	-1.29409522551	-4.82962913145
20	"1"	"1"	14	FALSE	-15	90	100	0	0	3.42901103761e-14	560	0.271814107895	0	-5	-1.29409522551	-4.82962913145
20	"1"	"1"	14	FALSE	-15	90	100	0	0	3.42901103761e-14	560	0.305257081985	-2	-3	-2.70830878789	-2.38013938866
20	"1"	"1"	14	FALSE	-15	90	100	0	0	3.42901103761e-14	560	0.338649988174	-9	9	-6.36396103068	11.0227038425
20	"1"	"1"	14	FALSE	-15	90	100	0	0	3.42901103761e-14	560	0.37188410759	-20	34	-10.5186689923	38.0178589959
20	"1"	"1"	14	FALSE	-15	90	100	0	0	3.42901103761e-14	560	0.405133962631	-26	69	-7.25555737144	73.3781771866
20	"1"	"1"	14	FALSE	-15	90	100	0	0	3.42901103761e-14	560	0.438477039337	-27	120	4.9782881025	122.899213372
20	"1"	"1"	14	FALSE	-15	90	100	0	0	3.42901103761e-14	560	0.471300125122	-25	159	17.0040825141	160.052682508
20	"1"	"1"	14	FALSE	-15	90	100	0	0	3.42901103761e-14	560	0.505269050598	-28	204	25.7531620648	204.295801826
20	"1"	"1"	14	FALSE	-15	90	100	0	0	3.42901103761e-14	560	0.53874707222	-33	253	33.6056661434	252.92026254
20	"1"	"1"	14	FALSE	-15	90	100	0	0	3.42901103761e-14	560	0.572067022324	-39	297	39.1981491702	296.973913167
20	"1"	"1"	14	FALSE	-15	90	100	0	0	3.42901103761e-14	560	0.605375051498	-48	333	39.8223023573	334.076614319
20	"1"	"1"	14	FALSE	-15	90	100	0	0	3.42901103761e-14	560	0.638673067093	-54	366	42.5677758879	367.505080857
20	"1"	"1"	14	FALSE	-15	90	100	0	0	3.42901103761e-14	560	0.671908140182	-63	401	42.9331100299	403.641856183
20	"1"	"1"	14	FALSE	-15	90	100	0	0	3.42901103761e-14	560	0.705455064774	-71	417	39.3468081412	421.167221765
20	"1"	"1"	14	FALSE	-15	90	100	0	0	3.42901103761e-14	560	0.738804101944	-79	431	35.2428681624	436.760735694
20	"1"	"1"	14	FALSE	-15	90	100	0	0	3.42901103761e-14	560	0.772127151489	-88	445	30.1730023572	452.613068668
20	"1"	"1"	14	FALSE	-15	90	100	0	0	3.42901103761e-14	560	0.80562210083	-95	458	26.7761691595	466.981837725
20	"1"	"1"	14	FALSE	-15	90	100	0	0	3.42901103761e-14	560	0.838927984238	-101	473	24.8628998783	483.02363939
20	"1"	"1"	14	FALSE	-15	90	100	0	0	3.42901103761e-14	560	0.872193098068	-107	485	22.1731734618	496.167663576
20	"1"	"1"	14	FALSE	-15	90	100	0	0	3.42901103761e-14	560	0.905545949936	-114	494	17.7410640837	506.672729328
20	"1"	"1"	14	FALSE	-15	90	100	0	0	3.42901103761e-14	560	0.938998937607	-124	506	11.187634362	520.852029695
20	"1"	"1"	14	FALSE	-15	90	100	0	0	3.42901103761e-14	560	0.972383022308	-130	514	7.46263176512	530.132350576
20	"1"	"1"	14	FALSE	-15	90	100	0	0	3.42901103761e-14	560	1.0053319931	-136	521	3.4788101231	538.446745631
20	"1"	"1"	14	FALSE	-15	90	100	0	0	3.42901103761e-14	560	1.03911805153	-139	526	1.87512786975	544.052831897
20	"1"	"1"	14	FALSE	-15	90	100	0	0	3.42901103761e-14	560	1.0723631382	-139	532	3.42804214036	549.848386855
20	"1"	"1"	14	FALSE	-15	90	100	0	0	3.42901103761e-14	560	1.10547494888	-140	539	4.27384962979	556.868686684
20	"1"	"1"	14	FALSE	-15	90	100	0	0	3.42901103761e-14	560	1.13863492012	-140	543	5.3091258102	560.732389989
20	"1"	"1"	14	FALSE	-15	90	100	0	0	3.42901103761e-14	560	1.1723549366	-140	546	6.08558294551	563.630167468
20	"1"	"1"	15	FALSE	-15	135	100	0	0	-395.979797464	395.979797464	0.00187420845032	-1	-5	-2.2600210518	-4.57081008634
20	"1"	"1"	15	FALSE	-15	135	100	0	0	-395.979797464	395.979797464	0.0216081142426	-1	-5	-2.2600210518	-4.57081008634
20	"1"	"1"	15	FALSE	-15	135	100	0	0	-395.979797464	395.979797464	0.0553290843964	0	-5	-1.29409522551	-4.82962913145
20	"1"	"1"	15	FALSE	-15	135	100	0	0	-395.979797464	395.979797464	0.0880172252655	0	-6	-1.55291427062	-5.79555495773
20	"1"	"1"	15	FALSE	-15	135	100	0	0	-395.979797464	395.979797464	0.121922016144	0	-6	-1.55291427062	-5.79555495773
20	"1"	"1"	15	FALSE	-15	135	100	0	0	-395.979797464	395.979797464	0.155418157578	0	-5	-1.29409522551	-4.82962913145
20	"1"	"1"	15	FALSE	-15	135	100	0	0	-395.979797464	395.979797464	0.188716173172	0	-5	-1.29409522551	-4.82962913145
20	"1"	"1"	15	FALSE	-15	135	100	0	0	-395.979797464	395.979797464	0.221541166306	0	-5	-1.29409522551	-4.82962913145
20	"1"	"1"	15	FALSE	-15	135	100	0	0	-395.979797464	395.979797464	0.255191087723	0	-5	-1.29409522551	-4.82962913145
20	"1"	"1"	15	FALSE	-15	135	100	0	0	-395.979797464	395.979797464	0.288812160492	0	-5	-1.29409522551	-4.82962913145
20	"1"	"1"	15	FALSE	-15	135	100	0	0	-395.979797464	395.979797464	0.322016000748	0	-5	-1.29409522551	-4.82962913145
20	"1"	"1"	15	FALSE	-15	135	100	0	0	-395.979797464	395.979797464	0.355413198471	-1	-5	-2.2600210518	-4.57081008634
20	"1"	"1"	15	FALSE	-15	135	100	0	0	-395.979797464	395.979797464	0.389037132263	-2	-5	-3.22594687809	-4.31199104124
20	"1"	"1"	15	FALSE	-15	135	100	0	0	-395.979797464	395.979797464	0.422241210938	-8	-3	-8.50386374562	-0.827225118047
20	"1"	"1"	15	FALSE	-15	135	100	0	0	-395.979797464	395.979797464	0.455711126328	-30	8	-26.9072224279	15.4919779634
20	"1"	"1"	15	FALSE	-15	135	100	0	0	-395.979797464	395.979797464	0.489042043686	-55	28	-45.878987183	41.2809706167
20	"1"	"1"	15	FALSE	-15	135	100	0	0	-395.979797464	395.979797464	0.521970033646	-87	58	-69.0240422712	78.5409548487
20	"1"	"1"	15	FALSE	-15	135	100	0	0	-395.979797464	395.979797464	0.55570101738	-123	83	-97.32689589	112.00658613
20	"1"	"1"	15	FALSE	-15	135	100	0	0	-395.979797464	395.979797464	0.589096069336	-154	101	-122.611853693	137.416641401
20	"1"	"1"	15	FALSE	-15	135	100	0	0	-395.979797464	395.979797464	0.621950149536	-196	117	-159.039633676	163.741854516
20	"1"	"1"	15	FALSE	-15	135	100	0	0	-395.979797464	395.979797464	0.655252218246	-237	134	-194.242668787	190.774174412
20	"1"	"1"	15	FALSE	-15	135	100	0	0	-395.979797464	395.979797464	0.688957214355	-269	154	-219.975914326	218.374900381
20	"1"	"1"	15	FALSE	-15	135	100	0	0	-395.979797464	395.979797464	0.722280025482	-304	175	-248.348118299	247.718009312
20	"1"	"1"	15	FALSE	-15	135	100	0	0	-395.979797464	395.979797464	0.755919218063	-334	192	-272.925969321	271.903319712
20	"1"	"1"	15	FALSE	-15	135	100	0	0	-395.979797464	395.979797464	0.789088010788	-361	206	-295.382499999	292.414395498
20	"1"	"1"	15	FALSE	-15	135	100	0	0	-395.979797464	395.979797464	0.822442054749	-380	214	-311.664538338	305.059363965
20	"1"	"1"	15	FALSE	-15	135	100	0	0	-395.979797464	395.979797464	0.855951070786	-396	221	-325.307618243	315.96194947
20	"1"	"1"	15	FALSE	-15	135	100	0	0	-395.979797464	395.979797464	0.889258146286	-409	228	-336.052920669	326.088077841
20	"1"	"1"	15	FALSE	-15	135	100	0	0	-395.979797464	395.979797464	0.922601222992	-417	236	-341.709774918	335.886036812
20	"1"	"1"	15	FALSE	-15	135	100	0	0	-395.979797464	395.979797464	0.95597410202	-426	244	-348.332554994	345.942814828
20	"1"	"1"	15	FALSE	-15	135	100	0	0	-395.979797464	395.979797464	0.989333152771	-432	250	-352.575195681	353.291284057
20	"1"	"1"	15	FALSE	-15	135	100	0	0	-395.979797464	395.979797464	1.02270412445	-437	254	-356.369548632	358.449082587
20	"1"	"1"	15	FALSE	-15	135	100	0	0	-395.979797464	395.979797464	1.05614304543	-441	258	-359.197975757	363.348062073
20	"1"	"1"	15	FALSE	-15	135	100	0	0	-395.979797464	395.979797464	1.08940720558	-446	261	-363.251147753	367.539934777
20	"1"	"1"	15	FALSE	-15	135	100	0	0	-395.979797464	395.979797464	1.12272000313	-452	264	-368.270245576	371.990626527
20	"1"	"1"	15	FALSE	-15	135	100	0	0	-395.979797464	395.979797464	1.15610718727	-457	266	-372.582236617	375.216573405
20	"1"	"1"	15	FALSE	-15	135	100	0	0	-395.979797464	395.979797464	1.18949699402	-462	268	-376.894227658	378.442520283
20	"1"	"1"	15	FALSE	-15	135	100	0	0	-395.979797464	395.979797464	1.22291517258	-465	269	-379.533186092	380.184903244
20	"1"	"1"	15	FALSE	-15	135	100	0	0	-395.979797464	395.979797464	1.25583100319	-468	270	-382.172144526	381.927286206
20	"1"	"1"	15	FALSE	-15	135	100	0	0	-395.979797464	395.979797464	1.28957915306	-473	272	-386.484135567	385.153233084
20	"1"	"1"	15	FALSE	-15	135	100	0	0	-395.979797464	395.979797464	1.32297110558	-477	273	-390.089019827	387.154435091
20	"1"	"1"	15	FALSE	-15	135	100	0	0	-395.979797464	395.979797464	1.35636806488	-480	274	-392.727978261	388.896818052
20	"1"	"1"	16	FALSE	-15	45	100	0	0	395.979797464	395.979797464	0.00205302238464	3	-7	1.08604416315	-7.53793791933
20	"1"	"1"	16	FALSE	-15	45	100	0	0	395.979797464	395.979797464	0.0379989147186	3	-7	1.08604416315	-7.53793791933
20	"1"	"1"	16	FALSE	-15	45	100	0	0	395.979797464	395.979797464	0.0713179111481	3	-7	1.08604416315	-7.53793791933
20	"1"	"1"	16	FALSE	-15	45	100	0	0	395.979797464	395.979797464	0.104562997818	3	-7	1.08604416315	-7.53793791933
20	"1"	"1"	16	FALSE	-15	45	100	0	0	395.979797464	395.979797464	0.137914896011	3	-7	1.08604416315	-7.53793791933
20	"1"	"1"	16	FALSE	-15	45	100	0	0	395.979797464	395.979797464	0.170852899551	3	-7	1.08604416315	-7.53793791933
20	"1"	"1"	16	FALSE	-15	45	100	0	0	395.979797464	395.979797464	0.204766988754	3	-7	1.08604416315	-7.53793791933
20	"1"	"1"	16	FALSE	-15	45	100	0	0	395.979797464	395.979797464	0.23819899559	3	-7	1.08604416315	-7.53793791933
20	"1"	"1"	16	FALSE	-15	45	100	0	0	395.979797464	395.979797464	0.271373987198	3	-7	1.08604416315	-7.53793791933
20	"1"	"1"	16	FALSE	-15	45	100	0	0	395.979797464	395.979797464	0.304951906204	3	-7	1.08604416315	-7.53793791933
20	"1"	"1"	16	FALSE	-15	45	100	0	0	395.979797464	395.979797464	0.33823299408	9	-2	8.1756943464	-4.2612230585
20	"1"	"1"	16	FALSE	-15	45	100	0	0	395.979797464	395.979797464	0.371533870697	24	15	27.0645055075	8.27723031188
20	"1"	"1"	16	FALSE	-15	45	100	0	0	395.979797464	395.979797464	0.404942989349	43	48	53.9581246954	35.2352207225
20	"1"	"1"	16	FALSE	-15	45	100	0	0	395.979797464	395.979797464	0.438323974609	65	93	86.8553499033	73.0078639132
20	"1"	"1"	16	FALSE	-15	45	100	0	0	395.979797464	395.979797464	0.471681833267	87	126	116.64674657	99.1893971885
20	"1"	"1"	16	FALSE	-15	45	100	0	0	395.979797464	395.979797464	0.504810810089	111	154	147.075899664	120.023663242
20	"1"	"1"	16	FALSE	-15	45	100	0	0	395.979797464	395.979797464	0.537786960602	138	184	180.920468327	142.013323813
20	"1"	"1"	16	FALSE	-15	45	100	0	0	395.979797464	395.979797464	0.571732997894	166	217	216.507419951	166.641942818
20	"1"	"1"	16	FALSE	-15	45	100	0	0	395.979797464	395.979797464	0.605183839798	187	249	245.074071747	192.116369312
20	"1"	"1"	16	FALSE	-15	45	100	0	0	395.979797464	395.979797464	0.638571023941	210	285	276.607851375	220.936861021
20	"1"	"1"	16	FALSE	-15	45	100	0	0	395.979797464	395.979797464	0.671597957611	232	322	307.434524222	250.982097601
20	"1"	"1"	16	FALSE	-15	45	100	0	0	395.979797464	395.979797464	0.705192804337	251	353	333.81050532	276.008236359
20	"1"	"1"	16	FALSE	-15	45	100	0	0	395.979797464	395.979797464	0.738559961319	267	384	357.288708939	301.810832253
20	"1"	"1"	16	FALSE	-15	45	100	0	0	395.979797464	395.979797464	0.771778821945	283	410	379.472817332	322.783799015
20	"1"	"1"	16	FALSE	-15	45	100	0	0	395.979797464	395.979797464	0.804791927338	301	432	402.553501197	339.375424381
20	"1"	"1"	16	FALSE	-15	45	100	0	0	395.979797464	395.979797464	0.838551998138	310	447	415.12911931	351.534940369
20	"1"	"1"	16	FALSE	-15	45	100	0	0	395.979797464	395.979797464	0.872157812119	315	455	422.029300803	357.968251754
20	"1"	"1"	16	FALSE	-15	45	100	0	0	395.979797464	395.979797464	0.905356884003	316	461	424.5481409	363.504987667
20	"1"	"1"	16	FALSE	-15	45	100	0	0	395.979797464	395.979797464	0.938478946686	315	466	424.876310299	368.593435843
20	"1"	"1"	16	FALSE	-15	45	100	0	0	395.979797464	395.979797464	0.971937894821	314	471	425.204479698	373.68188402
20	"1"	"1"	16	FALSE	-15	45	100	0	0	395.979797464	395.979797464	1.0054500103	313	474	425.015011007	376.838480544
20	"1"	"1"	16	FALSE	-15	45	100	0	0	395.979797464	395.979797464	1.03867292404	311	477	423.85961649	380.253896113
20	"1"	"1"	16	FALSE	-15	45	100	0	0	395.979797464	395.979797464	1.07201290131	308	479	421.479477101	382.962204901
20	"1"	"1"	16	FALSE	-15	45	100	0	0	395.979797464	395.979797464	1.10485601425	304	480	417.874592841	384.963406908
20	"1"	"1"	16	FALSE	-15	45	100	0	0	395.979797464	395.979797464	1.13896584511	299	480	413.04496371	386.257502133
20	"1"	"1"	16	FALSE	-15	45	100	0	0	395.979797464	395.979797464	1.17205500603	295	480	409.181260404	387.292778314
20	"1"	"1"	16	FALSE	-15	45	100	0	0	395.979797464	395.979797464	1.20560479164	293	479	406.990589707	386.844490577
20	"1"	"1"	16	FALSE	-15	45	100	0	0	395.979797464	395.979797464	1.23895692825	290	479	404.092812228	387.620947713
20	"1"	"1"	17	FALSE	-15	90	100	0	0	3.42901103761e-14	560	0.00168204307556	-5	2	-4.31199104124	3.22594687809
20	"1"	"1"	17	FALSE	-15	90	100	0	0	3.42901103761e-14	560	0.0216920375824	-4	1	-3.60488426005	2.0012020067
20	"1"	"1"	17	FALSE	-15	90	100	0	0	3.42901103761e-14	560	0.0552670955658	-3	1	-2.63895843376	1.7423829616
20	"1"	"1"	17	FALSE	-15	90	100	0	0	3.42901103761e-14	560	0.0880651473999	0	0	0	0
20	"1"	"1"	17	FALSE	-15	90	100	0	0	3.42901103761e-14	560	0.12194108963	0	0	0	0
20	"1"	"1"	17	FALSE	-15	90	100	0	0	3.42901103761e-14	560	0.155230998993	0	0	0	0
20	"1"	"1"	17	FALSE	-15	90	100	0	0	3.42901103761e-14	560	0.188683986664	0	0	0	0
20	"1"	"1"	17	FALSE	-15	90	100	0	0	3.42901103761e-14	560	0.221959114075	0	0	0	0
20	"1"	"1"	17	FALSE	-15	90	100	0	0	3.42901103761e-14	560	0.25509095192	0	0	0	0
20	"1"	"1"	17	FALSE	-15	90	100	0	0	3.42901103761e-14	560	0.28869509697	-2	9	0.397519753344	9.21097052681
20	"1"	"1"	17	FALSE	-15	90	100	0	0	3.42901103761e-14	560	0.321452140808	-8	42	3.14299328399	42.639437065
20	"1"	"1"	17	FALSE	-15	90	100	0	0	3.42901103761e-14	560	0.355340003967	-14	78	6.66492394995	78.965681082
20	"1"	"1"	17	FALSE	-15	90	100	0	0	3.42901103761e-14	560	0.388849020004	-25	117	6.13368261977	119.483797803
20	"1"	"1"	17	FALSE	-15	90	100	0	0	3.42901103761e-14	560	0.422112941742	-35	150	5.01545284526	153.947540522
20	"1"	"1"	17	FALSE	-15	90	100	0	0	3.42901103761e-14	560	0.455470085144	-43	187	6.86435090374	191.757348455
20	"1"	"1"	17	FALSE	-15	90	100	0	0	3.42901103761e-14	560	0.488847970963	-53	222	6.26375921944	228.152942827
20	"1"	"1"	17	FALSE	-15	90	100	0	0	3.42901103761e-14	560	0.522443056107	-63	251	4.11025326452	258.75298224
20	"1"	"1"	17	FALSE	-15	90	100	0	0	3.42901103761e-14	560	0.555140972137	-74	284	2.02609766372	293.475544004
20	"1"	"1"	17	FALSE	-15	90	100	0	0	3.42901103761e-14	560	0.589030981064	-82	310	1.02798622608	320.660167848
20	"1"	"1"	17	FALSE	-15	90	100	0	0	3.42901103761e-14	560	0.622377157211	-88	332	0.926450260599	343.463450297
20	"1"	"1"	17	FALSE	-15	90	100	0	0	3.42901103761e-14	560	0.655763149261	-91	357	4.49914890929	368.38805309
20	"1"	"1"	17	FALSE	-15	90	100	0	0	3.42901103761e-14	560	0.689135074615	-93	381	8.77895433918	392.087911011
20	"1"	"1"	17	FALSE	-15	90	100	0	0	3.42901103761e-14	560	0.722466945648	-93	402	14.2141542863	412.372353363
20	"1"	"1"	17	FALSE	-15	90	100	0	0	3.42901103761e-14	560	0.75582909584	-94	416	16.8716950915	426.154133976
20	"1"	"1"	17	FALSE	-15	90	100	0	0	3.42901103761e-14	560	0.789238929749	-96	429	18.3044910252	439.228807808
20	"1"	"1"	17	FALSE	-15	90	100	0	0	3.42901103761e-14	560	0.822559118271	-98	440	19.2196488688	450.371629987
20	"1"	"1"	17	FALSE	-15	90	100	0	0	3.42901103761e-14	560	0.855875968933	-101	449	18.6512427958	459.841419559
20	"1"	"1"	17	FALSE	-15	90	100	0	0	3.42901103761e-14	560	0.889253139496	-106	462	17.1862612507	473.692550526
20	"1"	"1"	17	FALSE	-15	90	100	0	0	3.42901103761e-14	560	0.922490119934	-114	473	12.3058641365	486.388286976
20	"1"	"1"	17	FALSE	-15	90	100	0	0	3.42901103761e-14	560	0.955963134766	-121	480	7.35611666823	494.961501076
20	"1"	"1"	17	FALSE	-15	90	100	0	0	3.42901103761e-14	560	0.989349126816	-128	487	2.40636919993	503.534715176
20	"1"	"1"	17	FALSE	-15	90	100	0	0	3.42901103761e-14	560	1.02258205414	-133	495	-0.352707570698	512.556217012
20	"1"	"1"	17	FALSE	-15	90	100	0	0	3.42901103761e-14	560	1.05599713326	-137	503	-2.14585851503	521.318899802
20	"1"	"1"	17	FALSE	-15	90	100	0	0	3.42901103761e-14	560	1.08947014809	-140	510	-3.23190267818	528.856837722
20	"1"	"1"	17	FALSE	-15	90	100	0	0	3.42901103761e-14	560	1.12280106544	-143	517	-4.31794684133	536.394775641
20	"1"	"1"	17	FALSE	-15	90	100	0	0	3.42901103761e-14	560	1.15618395805	-146	525	-5.14517195938	544.898639387
20	"1"	"1"	17	FALSE	-15	90	100	0	0	3.42901103761e-14	560	1.18950510025	-148	532	-5.26529029624	552.177758261
20	"1"	"1"	17	FALSE	-15	90	100	0	0	3.42901103761e-14	560	1.22283005714	-151	543	-5.31605827898	563.579399485
20	"1"	"1"	17	FALSE	-15	90	100	0	0	3.42901103761e-14	560	1.2563431263	-154	556	-4.84918817151	576.912892363
20	"1"	"1"	17	FALSE	-15	90	100	0	0	3.42901103761e-14	560	1.28956604004	-158	564	-6.64233911585	585.675575153
20	"1"	"1"	17	FALSE	-15	90	100	0	0	3.42901103761e-14	560	1.32298994064	-159	566	-7.09062685194	587.866245851
20	"1"	"1"	17	FALSE	-15	90	100	0	0	3.42901103761e-14	560	1.35630893707	-159	566	-7.09062685194	587.866245851
20	"1"	"1"	17	FALSE	-15	90	100	0	0	3.42901103761e-14	560	1.38958001137	-159	566	-7.09062685194	587.866245851
20	"1"	"1"	17	FALSE	-15	90	100	0	0	3.42901103761e-14	560	1.42294812202	-158	565	-6.38352007075	586.64150098
20	"1"	"1"	17	FALSE	-15	90	100	0	0	3.42901103761e-14	560	1.45632004738	-153	562	-2.33034807461	582.449628275
20	"1"	"1"	17	FALSE	-15	90	100	0	0	3.42901103761e-14	560	1.48958110809	-150	559	-0.209027731051	578.775393661
20	"1"	"1"	17	FALSE	-15	90	100	0	0	3.42901103761e-14	560	1.52309393883	-147	556	1.91229261251	575.101159047
20	"1"	"1"	17	FALSE	-15	90	100	0	0	3.42901103761e-14	560	1.55643415451	-143	553	4.99953878236	571.168105388
20	"1"	"1"	17	FALSE	-15	90	100	0	0	3.42901103761e-14	560	1.5891699791	-140	550	7.12085912592	567.493870773
20	"1"	"1"	17	FALSE	-15	90	100	0	0	3.42901103761e-14	560	1.62318110466	-139	548	7.569146862	565.303200076
20	"1"	"1"	17	FALSE	-15	90	100	0	0	3.42901103761e-14	560	1.65657114983	-138	546	8.01743459808	563.112529378
20	"1"	"1"	17	FALSE	-15	90	100	0	0	3.42901103761e-14	560	1.68942594528	-137	544	8.46572233417	560.92185868
20	"1"	"1"	18	FALSE	-15	135	100	0	0	-395.979797464	395.979797464	0.00226712226868	1	2	1.48356391649	1.67303260748
20	"1"	"1"	18	FALSE	-15	135	100	0	0	-395.979797464	395.979797464	0.0382421016693	1	1	1.22474487139	0.707106781187
20	"1"	"1"	18	FALSE	-15	135	100	0	0	-395.979797464	395.979797464	0.0714821815491	1	1	1.22474487139	0.707106781187
20	"1"	"1"	18	FALSE	-15	135	100	0	0	-395.979797464	395.979797464	0.10453915596	1	2	1.48356391649	1.67303260748
20	"1"	"1"	18	FALSE	-15	135	100	0	0	-395.979797464	395.979797464	0.137619972229	0	1	0.258819045103	0.965925826289
20	"1"	"1"	18	FALSE	-15	135	100	0	0	-395.979797464	395.979797464	0.171514987946	0	1	0.258819045103	0.965925826289
20	"1"	"1"	18	FALSE	-15	135	100	0	0	-395.979797464	395.979797464	0.204993009567	0	1	0.258819045103	0.965925826289
20	"1"	"1"	18	FALSE	-15	135	100	0	0	-395.979797464	395.979797464	0.238264083862	0	1	0.258819045103	0.965925826289
20	"1"	"1"	18	FALSE	-15	135	100	0	0	-395.979797464	395.979797464	0.271614074707	0	1	0.258819045103	0.965925826289
20	"1"	"1"	18	FALSE	-15	135	100	0	0	-395.979797464	395.979797464	0.30445599556	-2	2	-1.41421356237	2.44948974278
20	"1"	"1"	18	FALSE	-15	135	100	0	0	-395.979797464	395.979797464	0.338062047958	-13	6	-11.0041214711	9.16020254407
20	"1"	"1"	18	FALSE	-15	135	100	0	0	-395.979797464	395.979797464	0.371083021164	-33	21	-26.4403523204	28.8254708405
20	"1"	"1"	18	FALSE	-15	135	100	0	0	-395.979797464	395.979797464	0.404422044754	-62	44	-48.4993632454	58.5475171531
20	"1"	"1"	18	FALSE	-15	135	100	0	0	-395.979797464	395.979797464	0.4383289814	-92	61	-73.0772142673	82.7328275531
20	"1"	"1"	18	FALSE	-15	135	100	0	0	-395.979797464	395.979797464	0.471666097641	-127	78	-102.484694421	108.212233179
20	"1"	"1"	18	FALSE	-15	135	100	0	0	-395.979797464	395.979797464	0.505067110062	-160	92	-130.736780057	130.276223235
20	"1"	"1"	18	FALSE	-15	135	100	0	0	-395.979797464	395.979797464	0.537927150726	-196	106	-161.886643172	153.116670427
20	"1"	"1"	18	FALSE	-15	135	100	0	0	-395.979797464	395.979797464	0.571780204773	-229	122	-189.621090718	177.112512136
20	"1"	"1"	18	FALSE	-15	135	100	0	0	-395.979797464	395.979797464	0.60534119606	-256	139	-211.301164261	200.5213654
20	"1"	"1"	18	FALSE	-15	135	100	0	0	-395.979797464	395.979797464	0.638666152954	-284	158	-233.42952554	226.120889363
20	"1"	"1"	18	FALSE	-15	135	100	0	0	-395.979797464	395.979797464	0.671971082687	-309	179	-252.14247125	252.875807842
20	"1"	"1"	18	FALSE	-15	135	100	0	0	-395.979797464	395.979797464	0.705310106277	-334	200	-270.85541696	279.630726322
20	"1"	"1"	18	FALSE	-15	135	100	0	0	-395.979797464	395.979797464	0.738391160965	-353	214	-285.584541028	298.071249747
20	"1"	"1"	18	FALSE	-15	135	100	0	0	-395.979797464	395.979797464	0.772054195404	-373	228	-301.279590922	316.770592217
20	"1"	"1"	18	FALSE	-15	135	100	0	0	-395.979797464	395.979797464	0.805472135544	-387	237	-312.473181085	329.087391285
20	"1"	"1"	18	FALSE	-15	135	100	0	0	-395.979797464	395.979797464	0.83820605278	-402	245	-324.891516118	340.697083572
20	"1"	"1"	18	FALSE	-15	135	100	0	0	-395.979797464	395.979797464	0.872058153152	-418	252	-338.534596023	351.599669078
20	"1"	"1"	18	FALSE	-15	135	100	0	0	-395.979797464	395.979797464	0.905397176743	-432	257	-350.763462366	360.052764841
20	"1"	"1"	18	FALSE	-15	135	100	0	0	-395.979797464	395.979797464	0.938880205154	-442	261	-359.387444448	366.504658597
20	"1"	"1"	18	FALSE	-15	135	100	0	0	-395.979797464	395.979797464	0.972199201584	-450	263	-366.597212968	370.50706261
20	"1"	"1"	18	FALSE	-15	135	100	0	0	-395.979797464	395.979797464	1.00547599792	-456	265	-371.875129836	373.991828533
20	"1"	"1"	18	FALSE	-15	135	100	0	0	-395.979797464	395.979797464	1.03854799271	-463	268	-377.860153484	378.701339328
20	"1"	"1"	18	FALSE	-15	135	100	0	0	-395.979797464	395.979797464	1.07162904739	-468	270	-382.172144526	381.927286206
20	"1"	"1"	18	FALSE	-15	135	100	0	0	-395.979797464	395.979797464	1.10508108139	-474	273	-387.191242348	386.377977956
20	"1"	"1"	18	FALSE	-15	135	100	0	0	-395.979797464	395.979797464	1.13839316368	-478	274	-390.796126608	388.379179962
20	"1"	"1"	18	FALSE	-15	135	100	0	0	-395.979797464	395.979797464	1.17245006561	-482	274	-394.659829913	389.414456143
20	"1"	"1"	18	FALSE	-15	135	100	0	0	-395.979797464	395.979797464	1.20568013191	-486	274	-398.523533218	390.449732323
20	"1"	"1"	18	FALSE	-15	135	100	0	0	-395.979797464	395.979797464	1.23912119865	-489	275	-401.162491652	392.192115285
20	"1"	"1"	19	FALSE	-15	45	100	0	0	395.979797464	395.979797464	0.0020751953125	6	-7	3.98382164202	-8.31439505464
20	"1"	"1"	19	FALSE	-15	45	100	0	0	395.979797464	395.979797464	0.0213611125946	6	-7	3.98382164202	-8.31439505464
20	"1"	"1"	19	FALSE	-15	45	100	0	0	395.979797464	395.979797464	0.0550811290741	6	-7	3.98382164202	-8.31439505464
20	"1"	"1"	19	FALSE	-15	45	100	0	0	395.979797464	395.979797464	0.0884590148926	6	-7	3.98382164202	-8.31439505464
20	"1"	"1"	19	FALSE	-15	45	100	0	0	395.979797464	395.979797464	0.121865034103	6	-7	3.98382164202	-8.31439505464
20	"1"	"1"	19	FALSE	-15	45	100	0	0	395.979797464	395.979797464	0.155250072479	5	-7	3.01789581573	-8.05557600954
20	"1"	"1"	19	FALSE	-15	45	100	0	0	395.979797464	395.979797464	0.188585996628	2	-5	0.637756427066	-5.34726722165
20	"1"	"1"	19	FALSE	-15	45	100	0	0	395.979797464	395.979797464	0.221873998642	-1	-3	-1.7423829616	-2.63895843376
20	"1"	"1"	19	FALSE	-15	45	100	0	0	395.979797464	395.979797464	0.255302190781	-2	-1	-2.19067069768	-0.448287736084
20	"1"	"1"	19	FALSE	-15	45	100	0	0	395.979797464	395.979797464	0.288614034653	-2	-1	-2.19067069768	-0.448287736084
20	"1"	"1"	19	FALSE	-15	45	100	0	0	395.979797464	395.979797464	0.322072982788	-1	3	-0.189468690982	3.15659652397
20	"1"	"1"	19	FALSE	-15	45	100	0	0	395.979797464	395.979797464	0.355367183685	4	17	8.2636270719	15.3854628665
20	"1"	"1"	19	FALSE	-15	45	100	0	0	395.979797464	395.979797464	0.388643026352	15	42	25.3592872886	36.6865990276
20	"1"	"1"	19	FALSE	-15	45	100	0	0	395.979797464	395.979797464	0.422093153	30	78	49.1656603067	67.5776430975
20	"1"	"1"	19	FALSE	-15	45	100	0	0	395.979797464	395.979797464	0.455463171005	52	120	81.2864283793	102.452508809
20	"1"	"1"	19	FALSE	-15	45	100	0	0	395.979797464	395.979797464	0.488885164261	79	155	116.425092268	129.271798512
20	"1"	"1"	19	FALSE	-15	45	100	0	0	395.979797464	395.979797464	0.52213716507	106	187	150.787299021	153.193310735
20	"1"	"1"	19	FALSE	-15	45	100	0	0	395.979797464	395.979797464	0.55558013916	128	218	180.061057597	177.442992358
20	"1"	"1"	19	FALSE	-15	45	100	0	0	395.979797464	395.979797464	0.588891983032	157	256	217.908030274	206.642421449
20	"1"	"1"	19	FALSE	-15	45	100	0	0	395.979797464	395.979797464	0.622232198715	181	283	248.078364322	226.510761676
20	"1"	"1"	19	FALSE	-15	45	100	0	0	395.979797464	395.979797464	0.655497074127	200	303	271.607335924	240.911716345
20	"1"	"1"	19	FALSE	-15	45	100	0	0	395.979797464	395.979797464	0.688966989517	221	328	298.362254404	259.624662055
20	"1"	"1"	19	FALSE	-15	45	100	0	0	395.979797464	395.979797464	0.722337007523	239	351	321.701757314	277.182213248
20	"1"	"1"	19	FALSE	-15	45	100	0	0	395.979797464	395.979797464	0.755342006683	258	374	346.007186051	294.480945396
20	"1"	"1"	19	FALSE	-15	45	100	0	0	395.979797464	395.979797464	0.789067983627	266	387	357.099240248	304.967428777
20	"1"	"1"	19	FALSE	-15	45	100	0	0	395.979797464	395.979797464	0.822422027588	275	399	368.898401225	314.229167286
20	"1"	"1"	19	FALSE	-15	45	100	0	0	395.979797464	395.979797464	0.855812072754	281	411	377.799784724	324.267362931
20	"1"	"1"	19	FALSE	-15	45	100	0	0	395.979797464	395.979797464	0.88915514946	283	420	382.061007783	332.443057277
20	"1"	"1"	19	FALSE	-15	45	100	0	0	395.979797464	395.979797464	0.922429084778	285	428	386.063411796	339.652825798
20	"1"	"1"	19	FALSE	-15	45	100	0	0	395.979797464	395.979797464	0.955540180206	286	436	389.099889983	347.121413363
20	"1"	"1"	19	FALSE	-15	45	100	0	0	395.979797464	395.979797464	0.98924612999	289	447	394.844676958	356.970140317
20	"1"	"1"	19	FALSE	-15	45	100	0	0	395.979797464	395.979797464	1.02249503136	292	457	400.330644888	365.852941444
20	"1"	"1"	19	FALSE	-15	45	100	0	0	395.979797464	395.979797464	1.05588912964	293	468	404.143580211	376.219306488
20	"1"	"1"	19	FALSE	-15	45	100	0	0	395.979797464	395.979797464	1.08925914764	295	479	408.922441359	386.326852487
20	"1"	"1"	19	FALSE	-15	45	100	0	0	395.979797464	395.979797464	1.12261009216	296	485	411.441281456	391.8635884
20	"1"	"1"	19	FALSE	-15	45	100	0	0	395.979797464	395.979797464	1.15607309341	295	488	411.251812765	395.020184924
20	"1"	"1"	19	FALSE	-15	45	100	0	0	395.979797464	395.979797464	1.18932819366	295	488	411.251812765	395.020184924
20	"1"	"1"	19	FALSE	-15	45	100	0	0	395.979797464	395.979797464	1.22282505035	294	488	410.285886939	395.279003969
20	"1"	"1"	19	FALSE	-15	45	100	0	0	395.979797464	395.979797464	1.25607514381	293	489	409.578780158	396.50374884
20	"1"	"1"	20	FALSE	-15	135	100	0	0	-395.979797464	395.979797464	0.00199198722839	-6	3	-5.01909782243	4.45069174948
20	"1"	"1"	20	FALSE	-15	135	100	0	0	-395.979797464	395.979797464	0.0376219749451	-6	3	-5.01909782243	4.45069174948
20	"1"	"1"	20	FALSE	-15	135	100	0	0	-395.979797464	395.979797464	0.0710210800171	-6	3	-5.01909782243	4.45069174948
20	"1"	"1"	20	FALSE	-15	135	100	0	0	-395.979797464	395.979797464	0.103918075562	-6	3	-5.01909782243	4.45069174948
20	"1"	"1"	20	FALSE	-15	135	100	0	0	-395.979797464	395.979797464	0.137600898743	-5	3	-4.05317199614	4.19187270438
20	"1"	"1"	20	FALSE	-15	135	100	0	0	-395.979797464	395.979797464	0.171015024185	-5	3	-4.05317199614	4.19187270438
20	"1"	"1"	20	FALSE	-15	135	100	0	0	-395.979797464	395.979797464	0.204225063324	-5	3	-4.05317199614	4.19187270438
20	"1"	"1"	20	FALSE	-15	135	100	0	0	-395.979797464	395.979797464	0.237365961075	-5	3	-4.05317199614	4.19187270438
20	"1"	"1"	20	FALSE	-15	135	100	0	0	-395.979797464	395.979797464	0.27118396759	-4	3	-3.08724616985	3.93305365928
20	"1"	"1"	20	FALSE	-15	135	100	0	0	-395.979797464	395.979797464	0.30447602272	-3	4	-1.86250129846	4.64016044046
20	"1"	"1"	20	FALSE	-15	135	100	0	0	-395.979797464	395.979797464	0.337255001068	-3	4	-1.86250129846	4.64016044046
20	"1"	"1"	20	FALSE	-15	135	100	0	0	-395.979797464	395.979797464	0.371218919754	-4	6	-2.31078903454	6.83083113814
20	"1"	"1"	20	FALSE	-15	135	100	0	0	-395.979797464	395.979797464	0.404520988464	-10	13	-6.29461067656	15.1452261928
20	"1"	"1"	20	FALSE	-15	135	100	0	0	-395.979797464	395.979797464	0.437834978104	-32	30	-23.1450550882	37.259984232
20	"1"	"1"	20	FALSE	-15	135	100	0	0	-395.979797464	395.979797464	0.470940113068	-56	53	-40.3744368818	65.6879353191
20	"1"	"1"	20	FALSE	-15	135	100	0	0	-395.979797464	395.979797464	0.504661083221	-83	73	-61.2780532895	91.9945660626
20	"1"	"1"	20	FALSE	-15	135	100	0	0	-395.979797464	395.979797464	0.537484884262	-114	89	-87.0806491828	115.472769681
20	"1"	"1"	20	FALSE	-15	135	100	0	0	-395.979797464	395.979797464	0.571388959885	-145	100	-114.177340302	134.121344169
20	"1"	"1"	20	FALSE	-15	135	100	0	0	-395.979797464	395.979797464	0.604499101639	-184	109	-149.519076121	152.908619364
20	"1"	"1"	20	FALSE	-15	135	100	0	0	-395.979797464	395.979797464	0.638070106506	-217	118	-179.065256983	170.142980289
20	"1"	"1"	20	FALSE	-15	135	100	0	0	-395.979797464	395.979797464	0.671418905258	-255	139	-210.335238434	200.262546355
20	"1"	"1"	20	FALSE	-15	135	100	0	0	-395.979797464	395.979797464	0.704483032227	-288	156	-237.810866935	225.224313891
20	"1"	"1"	20	FALSE	-15	135	100	0	0	-395.979797464	395.979797464	0.738167047501	-319	172	-263.613462829	248.702517509
20	"1"	"1"	20	FALSE	-15	135	100	0	0	-395.979797464	395.979797464	0.771528959274	-347	190	-286.000643153	273.336115645
20	"1"	"1"	20	FALSE	-15	135	100	0	0	-395.979797464	395.979797464	0.804332971573	-366	205	-300.470948176	292.742564897
20	"1"	"1"	20	FALSE	-15	135	100	0	0	-395.979797464	395.979797464	0.838187932968	-387	219	-317.131923896	311.700726412
20	"1"	"1"	20	FALSE	-15	135	100	0	0	-395.979797464	395.979797464	0.871460914612	-401	229	-328.066695013	324.983451306
20	"1"	"1"	20	FALSE	-15	135	100	0	0	-395.979797464	395.979797464	0.904351949692	-416	239	-339.967391957	338.524995246
20	"1"	"1"	20	FALSE	-15	135	100	0	0	-395.979797464	395.979797464	0.938262939453	-432	250	-352.575195681	353.291284057
20	"1"	"1"	20	FALSE	-15	135	100	0	0	-395.979797464	395.979797464	0.971750974655	-446	258	-364.027604888	364.642157298
20	"1"	"1"	20	FALSE	-15	135	100	0	0	-395.979797464	395.979797464	1.00439500809	-455	263	-371.4268421	371.801157836
20	"1"	"1"	20	FALSE	-15	135	100	0	0	-395.979797464	395.979797464	1.0383439064	-463	269	-377.601334439	379.667265154
20	"1"	"1"	20	FALSE	-15	135	100	0	0	-395.979797464	395.979797464	1.07179403305	-470	273	-383.327539043	385.342701775
20	"1"	"1"	20	FALSE	-15	135	100	0	0	-395.979797464	395.979797464	1.10461401939	-477	279	-388.536105556	392.949990049
20	"1"	"1"	20	FALSE	-15	135	100	0	0	-395.979797464	395.979797464	1.13832092285	-481	283	-391.364532681	397.848969534
20	"1"	"1"	20	FALSE	-15	135	100	0	0	-395.979797464	395.979797464	1.17175006866	-483	284	-393.037565289	399.332533451
20	"1"	"1"	21	FALSE	-15	90	100	0	0	3.42901103761e-14	560	0.00213885307312	4	5	5.15779853067	3.79435295104
20	"1"	"1"	21	FALSE	-15	90	100	0	0	3.42901103761e-14	560	0.0385038852692	3	1	3.15659652397	0.189468690982
20	"1"	"1"	21	FALSE	-15	90	100	0	0	3.42901103761e-14	560	0.0719318389893	4	-1	3.60488426005	-2.0012020067
20	"1"	"1"	21	FALSE	-15	90	100	0	0	3.42901103761e-14	560	0.104786872864	4	0	3.86370330516	-1.03527618041
20	"1"	"1"	21	FALSE	-15	90	100	0	0	3.42901103761e-14	560	0.138490915298	4	0	3.86370330516	-1.03527618041
20	"1"	"1"	21	FALSE	-15	90	100	0	0	3.42901103761e-14	560	0.171195983887	3	0	2.89777747887	-0.776457135308
20	"1"	"1"	21	FALSE	-15	90	100	0	0	3.42901103761e-14	560	0.205058813095	1	1	1.22474487139	0.707106781187
20	"1"	"1"	21	FALSE	-15	90	100	0	0	3.42901103761e-14	560	0.238555908203	0	2	0.517638090205	1.93185165258
20	"1"	"1"	21	FALSE	-15	90	100	0	0	3.42901103761e-14	560	0.271482944489	-4	5	-2.56960807964	5.86490531186
20	"1"	"1"	21	FALSE	-15	90	100	0	0	3.42901103761e-14	560	0.3053150177	-6	9	-3.46618355181	10.2462467072
20	"1"	"1"	21	FALSE	-15	90	100	0	0	3.42901103761e-14	560	0.338706970215	-10	16	-5.51815354125	18.0430036717
20	"1"	"1"	21	FALSE	-15	90	100	0	0	3.42901103761e-14	560	0.371617794037	-16	35	-6.39614664204	37.9485086418
20	"1"	"1"	21	FALSE	-15	90	100	0	0	3.42901103761e-14	560	0.405138969421	-25	73	-5.25435536474	76.9830614467
20	"1"	"1"	21	FALSE	-15	90	100	0	0	3.42901103761e-14	560	0.438722848892	-33	117	-1.59372399054	121.554350164
20	"1"	"1"	21	FALSE	-15	90	100	0	0	3.42901103761e-14	560	0.472011804581	-40	156	1.73873798443	161.037190705
20	"1"	"1"	21	FALSE	-15	90	100	0	0	3.42901103761e-14	560	0.504720926285	-49	197	3.65698639703	202.969520989
20	"1"	"1"	21	FALSE	-15	90	100	0	0	3.42901103761e-14	560	0.538807868958	-57	237	6.28234159082	243.677106401
20	"1"	"1"	21	FALSE	-15	90	100	0	0	3.42901103761e-14	560	0.572176933289	-64	271	8.32070834028	278.330317811
20	"1"	"1"	21	FALSE	-15	90	100	0	0	3.42901103761e-14	560	0.605520963669	-73	304	8.16840439206	312.535241484
20	"1"	"1"	21	FALSE	-15	90	100	0	0	3.42901103761e-14	560	0.638768911362	-78	331	10.3268894784	339.90933402
20	"1"	"1"	21	FALSE	-15	90	100	0	0	3.42901103761e-14	560	0.671622991562	-85	356	10.0358848219	365.869212993
20	"1"	"1"	21	FALSE	-15	90	100	0	0	3.42901103761e-14	560	0.705508947372	-88	375	12.0556692	384.998260827
20	"1"	"1"	21	FALSE	-15	90	100	0	0	3.42901103761e-14	560	0.738925933838	-89	392	15.4896671405	401.677818919
20	"1"	"1"	21	FALSE	-15	90	100	0	0	3.42901103761e-14	560	0.771677017212	-90	407	18.4060269907	416.425525359
20	"1"	"1"	21	FALSE	-15	90	100	0	0	3.42901103761e-14	560	0.805665016174	-91	420	20.8047487508	429.241380146
20	"1"	"1"	21	FALSE	-15	90	100	0	0	3.42901103761e-14	560	0.838960886002	-90	432	24.8765031183	440.573671016
20	"1"	"1"	21	FALSE	-15	90	100	0	0	3.42901103761e-14	560	0.871850967407	-91	441	26.2399486979	449.525822498
20	"1"	"1"	21	FALSE	-15	90	100	0	0	3.42901103761e-14	560	0.905372858047	-95	453	25.482073934	462.152208594
20	"1"	"1"	21	FALSE	-15	90	100	0	0	3.42901103761e-14	560	0.938990831375	-100	463	23.2406352536	473.105562082
20	"1"	"1"	21	FALSE	-15	90	100	0	0	3.42901103761e-14	560	0.972365856171	-107	472	18.8085258755	483.610627834
20	"1"	"1"	21	FALSE	-15	90	100	0	0	3.42901103761e-14	560	1.00566697121	-114	482	14.6352355425	495.081619413
20	"1"	"1"	21	FALSE	-15	90	100	0	0	3.42901103761e-14	560	1.03908586502	-120	491	11.1690519906	505.32786612
20	"1"	"1"	21	FALSE	-15	90	100	0	0	3.42901103761e-14	560	1.07191586494	-125	504	9.70407044554	519.178997088
20	"1"	"1"	21	FALSE	-15	90	100	0	0	3.42901103761e-14	560	1.10585284233	-130	513	7.20381272001	529.16642475
20	"1"	"1"	21	FALSE	-15	90	100	0	0	3.42901103761e-14	560	1.13919091225	-131	518	7.53198211924	534.254872926
20	"1"	"1"	21	FALSE	-15	90	100	0	0	3.42901103761e-14	560	1.17245578766	-133	520	6.11776855686	536.704362669
20	"1"	"1"	21	FALSE	-15	90	100	0	0	3.42901103761e-14	560	1.20535302162	-135	525	5.4800121298	542.051629891
20	"1"	"1"	21	FALSE	-15	90	100	0	0	3.42901103761e-14	560	1.23942899704	-138	533	4.65278701175	550.555493636
20	"1"	"1"	21	FALSE	-15	90	100	0	0	3.42901103761e-14	560	1.27269101143	-141	539	3.3079238035	557.127505729
20	"1"	"1"	21	FALSE	-15	90	100	0	0	3.42901103761e-14	560	1.30603694916	-144	544	1.70424155015	562.733591996
20	"1"	"1"	21	FALSE	-15	90	100	0	0	3.42901103761e-14	560	1.33901000023	-145	546	1.25595381406	564.924262694
