"task_num"	"task_name"	"trial_type"	"trial_num"	"terminalfeedback_bool"	"rotation_angle"	"targetangle_deg"	"targetdistance_percmax"	"homex_px"	"homey_px"	"targetx_px"	"targety_px"	"time_s"	"mousex_px"	"mousey_px"	"cursorx_px"	"cursory_px"
1	"1"	"1"	1	FALSE	0	135	100	0	0	-395.979797464	395.979797464	79.0205309391	-4	7	-4	7
1	"1"	"1"	1	FALSE	0	135	100	0	0	-395.979797464	395.979797464	79.0539469719	-3	6	-3	6
1	"1"	"1"	1	FALSE	0	135	100	0	0	-395.979797464	395.979797464	79.0871169567	-2	7	-2	7
1	"1"	"1"	1	FALSE	0	135	100	0	0	-395.979797464	395.979797464	79.1206278801	-1	7	-1	7
1	"1"	"1"	1	FALSE	0	135	100	0	0	-395.979797464	395.979797464	79.1539590359	1	7	1	7
1	"1"	"1"	1	FALSE	0	135	100	0	0	-395.979797464	395.979797464	79.1874010563	2	5	2	5
1	"1"	"1"	1	FALSE	0	135	100	0	0	-395.979797464	395.979797464	79.2205450535	3	1	3	1
1	"1"	"1"	1	FALSE	0	135	100	0	0	-395.979797464	395.979797464	79.2540559769	3	1	3	1
1	"1"	"1"	1	FALSE	0	135	100	0	0	-395.979797464	395.979797464	79.2873489857	3	1	3	1
1	"1"	"1"	1	FALSE	0	135	100	0	0	-395.979797464	395.979797464	79.3206689358	3	1	3	1
1	"1"	"1"	1	FALSE	0	135	100	0	0	-395.979797464	395.979797464	79.3540508747	3	1	3	1
1	"1"	"1"	1	FALSE	0	135	100	0	0	-395.979797464	395.979797464	79.387390852	3	1	3	1
1	"1"	"1"	1	FALSE	0	135	100	0	0	-395.979797464	395.979797464	79.4207470417	3	0	3	0
1	"1"	"1"	1	FALSE	0	135	100	0	0	-395.979797464	395.979797464	79.4541909695	3	0	3	0
1	"1"	"1"	1	FALSE	0	135	100	0	0	-395.979797464	395.979797464	79.4873960018	3	0	3	0
1	"1"	"1"	1	FALSE	0	135	100	0	0	-395.979797464	395.979797464	79.5209069252	3	-1	3	-1
1	"1"	"1"	1	FALSE	0	135	100	0	0	-395.979797464	395.979797464	79.5542490482	4	-2	4	-2
1	"1"	"1"	1	FALSE	0	135	100	0	0	-395.979797464	395.979797464	79.5877070427	4	-2	4	-2
1	"1"	"1"	1	FALSE	0	135	100	0	0	-395.979797464	395.979797464	79.6208529472	4	-2	4	-2
1	"1"	"1"	1	FALSE	0	135	100	0	0	-395.979797464	395.979797464	79.6543588638	3	-2	3	-2
1	"1"	"1"	1	FALSE	0	135	100	0	0	-395.979797464	395.979797464	79.6877608299	2	-2	2	-2
1	"1"	"1"	1	FALSE	0	135	100	0	0	-395.979797464	395.979797464	79.7209329605	1	-2	1	-2
1	"1"	"1"	1	FALSE	0	135	100	0	0	-395.979797464	395.979797464	79.7543079853	0	-2	0	-2
1	"1"	"1"	1	FALSE	0	135	100	0	0	-395.979797464	395.979797464	79.7876670361	0	-2	0	-2
1	"1"	"1"	1	FALSE	0	135	100	0	0	-395.979797464	395.979797464	79.8210608959	0	-2	0	-2
1	"1"	"1"	1	FALSE	0	135	100	0	0	-395.979797464	395.979797464	79.854516983	0	-2	0	-2
1	"1"	"1"	1	FALSE	0	135	100	0	0	-395.979797464	395.979797464	79.8878819942	0	-2	0	-2
1	"1"	"1"	1	FALSE	0	135	100	0	0	-395.979797464	395.979797464	79.9212069511	0	-2	0	-2
1	"1"	"1"	1	FALSE	0	135	100	0	0	-395.979797464	395.979797464	79.9545018673	0	-2	0	-2
1	"1"	"1"	1	FALSE	0	135	100	0	0	-395.979797464	395.979797464	79.987678051	0	-2	0	-2
1	"1"	"1"	1	FALSE	0	135	100	0	0	-395.979797464	395.979797464	80.0208799839	0	-2	0	-2
1	"1"	"1"	1	FALSE	0	135	100	0	0	-395.979797464	395.979797464	80.0546360016	0	-2	0	-2
1	"1"	"1"	1	FALSE	0	135	100	0	0	-395.979797464	395.979797464	80.0878129005	0	-2	0	-2
1	"1"	"1"	1	FALSE	0	135	100	0	0	-395.979797464	395.979797464	80.1213669777	0	-2	0	-2
1	"1"	"1"	1	FALSE	0	135	100	0	0	-395.979797464	395.979797464	80.1547219753	0	-2	0	-2
1	"1"	"1"	1	FALSE	0	135	100	0	0	-395.979797464	395.979797464	80.1879489422	0	-2	0	-2
1	"1"	"1"	1	FALSE	0	135	100	0	0	-395.979797464	395.979797464	80.2214460373	0	-2	0	-2
1	"1"	"1"	1	FALSE	0	135	100	0	0	-395.979797464	395.979797464	80.2547540665	0	-2	0	-2
1	"1"	"1"	1	FALSE	0	135	100	0	0	-395.979797464	395.979797464	80.2880499363	0	0	0	0
1	"1"	"1"	1	FALSE	0	135	100	0	0	-395.979797464	395.979797464	80.3215179443	-3	6	-3	6
1	"1"	"1"	1	FALSE	0	135	100	0	0	-395.979797464	395.979797464	80.3548550606	-19	22	-19	22
1	"1"	"1"	1	FALSE	0	135	100	0	0	-395.979797464	395.979797464	80.3882529736	-37	45	-37	45
1	"1"	"1"	1	FALSE	0	135	100	0	0	-395.979797464	395.979797464	80.4210078716	-50	57	-50	57
1	"1"	"1"	1	FALSE	0	135	100	0	0	-395.979797464	395.979797464	80.4547519684	-50	57	-50	57
1	"1"	"1"	1	FALSE	0	135	100	0	0	-395.979797464	395.979797464	80.4882349968	-50	57	-50	57
1	"1"	"1"	1	FALSE	0	135	100	0	0	-395.979797464	395.979797464	80.5216109753	-50	57	-50	57
1	"1"	"1"	1	FALSE	0	135	100	0	0	-395.979797464	395.979797464	80.5546648502	-50	57	-50	57
1	"1"	"1"	1	FALSE	0	135	100	0	0	-395.979797464	395.979797464	80.5883128643	-50	57	-50	57
1	"1"	"1"	1	FALSE	0	135	100	0	0	-395.979797464	395.979797464	80.6216590405	-50	57	-50	57
1	"1"	"1"	1	FALSE	0	135	100	0	0	-395.979797464	395.979797464	80.6549639702	-50	57	-50	57
1	"1"	"1"	1	FALSE	0	135	100	0	0	-395.979797464	395.979797464	80.6879940033	-50	57	-50	57
1	"1"	"1"	1	FALSE	0	135	100	0	0	-395.979797464	395.979797464	80.7217178345	-50	57	-50	57
1	"1"	"1"	1	FALSE	0	135	100	0	0	-395.979797464	395.979797464	80.754999876	-50	57	-50	57
1	"1"	"1"	1	FALSE	0	135	100	0	0	-395.979797464	395.979797464	80.7879309654	-50	57	-50	57
1	"1"	"1"	1	FALSE	0	135	100	0	0	-395.979797464	395.979797464	80.8217580318	-50	57	-50	57
1	"1"	"1"	1	FALSE	0	135	100	0	0	-395.979797464	395.979797464	80.8552060127	-50	57	-50	57
1	"1"	"1"	1	FALSE	0	135	100	0	0	-395.979797464	395.979797464	80.8883550167	-50	57	-50	57
1	"1"	"1"	1	FALSE	0	135	100	0	0	-395.979797464	395.979797464	80.9218358994	-50	57	-50	57
1	"1"	"1"	1	FALSE	0	135	100	0	0	-395.979797464	395.979797464	80.9552600384	-50	57	-50	57
1	"1"	"1"	1	FALSE	0	135	100	0	0	-395.979797464	395.979797464	80.9886338711	-50	57	-50	57
1	"1"	"1"	1	FALSE	0	135	100	0	0	-395.979797464	395.979797464	81.0219950676	-50	57	-50	57
1	"1"	"1"	1	FALSE	0	135	100	0	0	-395.979797464	395.979797464	81.0553460121	-50	57	-50	57
1	"1"	"1"	1	FALSE	0	135	100	0	0	-395.979797464	395.979797464	81.0886719227	-50	57	-50	57
1	"1"	"1"	1	FALSE	0	135	100	0	0	-395.979797464	395.979797464	81.1219949722	-429	314	-429	314
1	"1"	"1"	1	FALSE	0	135	100	0	0	-395.979797464	395.979797464	81.1553509235	-461	325	-461	325
1	"1"	"1"	1	FALSE	0	135	100	0	0	-395.979797464	395.979797464	81.1887369156	-473	334	-473	334
1	"1"	"1"	1	FALSE	0	135	100	0	0	-395.979797464	395.979797464	81.2219040394	-486	370	-486	370
1	"1"	"1"	1	FALSE	0	135	100	0	0	-395.979797464	395.979797464	81.2553799152	-481	383	-481	383
1	"1"	"1"	1	FALSE	0	135	100	0	0	-395.979797464	395.979797464	81.2886939049	-465	380	-465	380
1	"1"	"1"	1	FALSE	0	135	100	0	0	-395.979797464	395.979797464	81.3222429752	-435	333	-435	333
1	"1"	"1"	1	FALSE	0	135	100	0	0	-395.979797464	395.979797464	81.3554279804	-414	305	-414	305
1	"1"	"1"	1	FALSE	0	135	100	0	0	-395.979797464	395.979797464	81.3885939121	-414	305	-414	305
1	"1"	"1"	1	FALSE	0	135	100	0	0	-395.979797464	395.979797464	81.4219968319	-414	305	-414	305
1	"1"	"1"	1	FALSE	0	135	100	0	0	-395.979797464	395.979797464	81.4554438591	-414	305	-414	305
1	"1"	"1"	1	FALSE	0	135	100	0	0	-395.979797464	395.979797464	81.4887979031	-414	305	-414	305
1	"1"	"1"	1	FALSE	0	135	100	0	0	-395.979797464	395.979797464	81.5222139359	-414	305	-414	305
1	"1"	"1"	1	FALSE	0	135	100	0	0	-395.979797464	395.979797464	81.5555138588	-414	305	-414	305
1	"1"	"1"	1	FALSE	0	135	100	0	0	-395.979797464	395.979797464	81.5890128613	-364	387	-364	387
1	"1"	"1"	1	FALSE	0	135	100	0	0	-395.979797464	395.979797464	81.6223628521	-361	392	-361	392
1	"1"	"1"	1	FALSE	0	135	100	0	0	-395.979797464	395.979797464	81.655700922	-357	399	-357	399
1	"1"	"1"	1	FALSE	0	135	100	0	0	-395.979797464	395.979797464	81.6890540123	-354	402	-354	402
1	"1"	"1"	1	FALSE	0	135	100	0	0	-395.979797464	395.979797464	81.7224729061	-348	407	-348	407
1	"1"	"1"	1	FALSE	0	135	100	0	0	-395.979797464	395.979797464	81.7560398579	-341	412	-341	412
1	"1"	"1"	1	FALSE	0	135	100	0	0	-395.979797464	395.979797464	81.7893719673	-334	421	-334	421
1	"1"	"1"	1	FALSE	0	135	100	0	0	-395.979797464	395.979797464	81.8227188587	-330	430	-330	430
1	"1"	"1"	1	FALSE	0	135	100	0	0	-395.979797464	395.979797464	81.8559448719	-332	427	-332	427
1	"1"	"1"	1	FALSE	0	135	100	0	0	-395.979797464	395.979797464	81.8893659115	-335	423	-335	423
1	"1"	"1"	1	FALSE	0	135	100	0	0	-395.979797464	395.979797464	81.9226398468	-340	421	-340	421
1	"1"	"1"	1	FALSE	0	135	100	0	0	-395.979797464	395.979797464	81.956086874	-345	418	-345	418
1	"1"	"1"	1	FALSE	0	135	100	0	0	-395.979797464	395.979797464	81.9894230366	-350	414	-350	414
1	"1"	"1"	1	FALSE	0	135	100	0	0	-395.979797464	395.979797464	82.0228219032	-353	410	-353	410
1	"1"	"1"	1	FALSE	0	135	100	0	0	-395.979797464	395.979797464	82.0561819077	-357	406	-357	406
1	"1"	"1"	1	FALSE	0	135	100	0	0	-395.979797464	395.979797464	82.0895080566	-362	402	-362	402
1	"1"	"1"	1	FALSE	0	135	100	0	0	-395.979797464	395.979797464	82.1229019165	-368	397	-368	397
1	"1"	"1"	1	FALSE	0	135	100	0	0	-395.979797464	395.979797464	82.1562850475	-374	393	-374	393
1	"1"	"1"	1	FALSE	0	135	100	0	0	-395.979797464	395.979797464	82.1896259785	-377	391	-377	391
1	"1"	"1"	1	FALSE	0	135	100	0	0	-395.979797464	395.979797464	82.2227408886	-381	389	-381	389
1	"1"	"1"	1	FALSE	0	135	100	0	0	-395.979797464	395.979797464	82.2562799454	-384	386	-384	386
1	"1"	"1"	1	FALSE	0	135	100	0	0	-395.979797464	395.979797464	82.2896699905	-387	386	-387	386
1	"1"	"1"	1	FALSE	0	135	100	0	0	-395.979797464	395.979797464	82.323029995	-389	387	-389	387
1	"1"	"1"	1	FALSE	0	135	100	0	0	-395.979797464	395.979797464	82.3564009666	-390	388	-390	388
1	"1"	"1"	1	FALSE	0	135	100	0	0	-395.979797464	395.979797464	82.3897869587	-391	389	-391	389
1	"1"	"1"	1	FALSE	0	135	100	0	0	-395.979797464	395.979797464	82.4231359959	-392	390	-392	390
1	"1"	"1"	1	FALSE	0	135	100	0	0	-395.979797464	395.979797464	82.4565060139	-393	392	-393	392
1	"1"	"1"	1	FALSE	0	135	100	0	0	-395.979797464	395.979797464	82.4896709919	-396	393	-396	393
1	"1"	"1"	1	FALSE	0	135	100	0	0	-395.979797464	395.979797464	82.5232419968	-397	394	-397	394
1	"1"	"1"	1	FALSE	0	135	100	0	0	-395.979797464	395.979797464	82.5565719604	-398	396	-398	396
1	"1"	"1"	1	FALSE	0	135	100	0	0	-395.979797464	395.979797464	82.5898809433	-399	397	-399	397
1	"1"	"1"	2	FALSE	0	45	100	0	0	395.979797464	395.979797464	0.00185298919678	6	2	6	2
1	"1"	"1"	2	FALSE	0	45	100	0	0	395.979797464	395.979797464	0.0231819152832	6	2	6	2
1	"1"	"1"	2	FALSE	0	45	100	0	0	395.979797464	395.979797464	0.0566880702972	6	2	6	2
1	"1"	"1"	2	FALSE	0	45	100	0	0	395.979797464	395.979797464	0.0899879932404	5	4	5	4
1	"1"	"1"	2	FALSE	0	45	100	0	0	395.979797464	395.979797464	0.1233959198	4	4	4	4
1	"1"	"1"	2	FALSE	0	45	100	0	0	395.979797464	395.979797464	0.156625986099	4	4	4	4
1	"1"	"1"	2	FALSE	0	45	100	0	0	395.979797464	395.979797464	0.190104961395	4	4	4	4
1	"1"	"1"	2	FALSE	0	45	100	0	0	395.979797464	395.979797464	0.223474025726	4	6	4	6
1	"1"	"1"	2	FALSE	0	45	100	0	0	395.979797464	395.979797464	0.256731987	4	7	4	7
1	"1"	"1"	2	FALSE	0	45	100	0	0	395.979797464	395.979797464	0.290075063705	4	7	4	7
1	"1"	"1"	2	FALSE	0	45	100	0	0	395.979797464	395.979797464	0.323461055756	4	8	4	8
1	"1"	"1"	2	FALSE	0	45	100	0	0	395.979797464	395.979797464	0.35689496994	5	8	5	8
1	"1"	"1"	2	FALSE	0	45	100	0	0	395.979797464	395.979797464	0.390181064606	6	9	6	9
1	"1"	"1"	2	FALSE	0	45	100	0	0	395.979797464	395.979797464	0.423590898514	7	10	7	10
1	"1"	"1"	2	FALSE	0	45	100	0	0	395.979797464	395.979797464	0.456898927689	7	10	7	10
1	"1"	"1"	2	FALSE	0	45	100	0	0	395.979797464	395.979797464	0.490258932114	7	10	7	10
1	"1"	"1"	2	FALSE	0	45	100	0	0	395.979797464	395.979797464	0.523722887039	7	10	7	10
1	"1"	"1"	2	FALSE	0	45	100	0	0	395.979797464	395.979797464	0.556992053986	7	10	7	10
1	"1"	"1"	2	FALSE	0	45	100	0	0	395.979797464	395.979797464	0.590132951736	7	10	7	10
1	"1"	"1"	2	FALSE	0	45	100	0	0	395.979797464	395.979797464	0.623595952988	8	10	8	10
1	"1"	"1"	2	FALSE	0	45	100	0	0	395.979797464	395.979797464	0.65704703331	8	11	8	11
1	"1"	"1"	2	FALSE	0	45	100	0	0	395.979797464	395.979797464	0.690428972244	8	11	8	11
1	"1"	"1"	2	FALSE	0	45	100	0	0	395.979797464	395.979797464	0.723854064941	8	11	8	11
1	"1"	"1"	2	FALSE	0	45	100	0	0	395.979797464	395.979797464	0.757139921188	9	11	9	11
1	"1"	"1"	2	FALSE	0	45	100	0	0	395.979797464	395.979797464	0.790250062943	9	12	9	12
1	"1"	"1"	2	FALSE	0	45	100	0	0	395.979797464	395.979797464	0.823843955994	10	13	10	13
1	"1"	"1"	2	FALSE	0	45	100	0	0	395.979797464	395.979797464	0.857291936874	11	15	11	15
1	"1"	"1"	2	FALSE	0	45	100	0	0	395.979797464	395.979797464	0.890529870987	11	17	11	17
1	"1"	"1"	2	FALSE	0	45	100	0	0	395.979797464	395.979797464	0.923923969269	12	18	12	18
1	"1"	"1"	2	FALSE	0	45	100	0	0	395.979797464	395.979797464	0.95728802681	12	18	12	18
1	"1"	"1"	2	FALSE	0	45	100	0	0	395.979797464	395.979797464	0.99046087265	12	18	12	18
1	"1"	"1"	2	FALSE	0	45	100	0	0	395.979797464	395.979797464	1.02384591103	12	19	12	19
1	"1"	"1"	2	FALSE	0	45	100	0	0	395.979797464	395.979797464	1.05727291107	13	19	13	19
1	"1"	"1"	2	FALSE	0	45	100	0	0	395.979797464	395.979797464	1.09075808525	13	20	13	20
1	"1"	"1"	2	FALSE	0	45	100	0	0	395.979797464	395.979797464	1.12387704849	14	21	14	21
1	"1"	"1"	2	FALSE	0	45	100	0	0	395.979797464	395.979797464	1.15745806694	14	21	14	21
1	"1"	"1"	2	FALSE	0	45	100	0	0	395.979797464	395.979797464	1.19081187248	14	21	14	21
1	"1"	"1"	2	FALSE	0	45	100	0	0	395.979797464	395.979797464	1.22401499748	14	21	14	21
1	"1"	"1"	2	FALSE	0	45	100	0	0	395.979797464	395.979797464	1.25753998756	14	21	14	21
1	"1"	"1"	2	FALSE	0	45	100	0	0	395.979797464	395.979797464	1.29083585739	14	21	14	21
1	"1"	"1"	2	FALSE	0	45	100	0	0	395.979797464	395.979797464	1.32429409027	14	21	14	21
1	"1"	"1"	2	FALSE	0	45	100	0	0	395.979797464	395.979797464	1.35756087303	14	21	14	21
1	"1"	"1"	2	FALSE	0	45	100	0	0	395.979797464	395.979797464	1.39094495773	15	21	15	21
1	"1"	"1"	2	FALSE	0	45	100	0	0	395.979797464	395.979797464	1.42417407036	15	21	15	21
1	"1"	"1"	2	FALSE	0	45	100	0	0	395.979797464	395.979797464	1.45753598213	15	21	15	21
1	"1"	"1"	2	FALSE	0	45	100	0	0	395.979797464	395.979797464	1.49076604843	15	21	15	21
1	"1"	"1"	2	FALSE	0	45	100	0	0	395.979797464	395.979797464	1.52382707596	15	21	15	21
1	"1"	"1"	2	FALSE	0	45	100	0	0	395.979797464	395.979797464	1.55712509155	15	21	15	21
1	"1"	"1"	2	FALSE	0	45	100	0	0	395.979797464	395.979797464	1.59047007561	15	22	15	22
1	"1"	"1"	2	FALSE	0	45	100	0	0	395.979797464	395.979797464	1.6244289875	15	22	15	22
1	"1"	"1"	2	FALSE	0	45	100	0	0	395.979797464	395.979797464	1.65792393684	16	22	16	22
1	"1"	"1"	2	FALSE	0	45	100	0	0	395.979797464	395.979797464	1.69123888016	17	23	17	23
1	"1"	"1"	2	FALSE	0	45	100	0	0	395.979797464	395.979797464	1.72400093079	18	24	18	24
1	"1"	"1"	2	FALSE	0	45	100	0	0	395.979797464	395.979797464	1.75799298286	19	26	19	26
1	"1"	"1"	2	FALSE	0	45	100	0	0	395.979797464	395.979797464	1.79127597809	21	29	21	29
1	"1"	"1"	2	FALSE	0	45	100	0	0	395.979797464	395.979797464	1.82459497452	22	30	22	30
1	"1"	"1"	2	FALSE	0	45	100	0	0	395.979797464	395.979797464	1.85789895058	23	31	23	31
1	"1"	"1"	2	FALSE	0	45	100	0	0	395.979797464	395.979797464	1.89121103287	24	32	24	32
1	"1"	"1"	2	FALSE	0	45	100	0	0	395.979797464	395.979797464	1.92442107201	25	33	25	33
1	"1"	"1"	2	FALSE	0	45	100	0	0	395.979797464	395.979797464	1.9580950737	26	34	26	34
1	"1"	"1"	2	FALSE	0	45	100	0	0	395.979797464	395.979797464	1.99143099785	27	36	27	36
1	"1"	"1"	2	FALSE	0	45	100	0	0	395.979797464	395.979797464	2.02432489395	29	39	29	39
1	"1"	"1"	2	FALSE	0	45	100	0	0	395.979797464	395.979797464	2.0581600666	32	41	32	41
1	"1"	"1"	2	FALSE	0	45	100	0	0	395.979797464	395.979797464	2.09153985977	35	44	35	44
1	"1"	"1"	2	FALSE	0	45	100	0	0	395.979797464	395.979797464	2.12453198433	38	47	38	47
1	"1"	"1"	2	FALSE	0	45	100	0	0	395.979797464	395.979797464	2.15808200836	41	50	41	50
1	"1"	"1"	2	FALSE	0	45	100	0	0	395.979797464	395.979797464	2.19152188301	43	52	43	52
1	"1"	"1"	2	FALSE	0	45	100	0	0	395.979797464	395.979797464	2.22432088852	45	54	45	54
1	"1"	"1"	2	FALSE	0	45	100	0	0	395.979797464	395.979797464	2.25828289986	47	55	47	55
1	"1"	"1"	2	FALSE	0	45	100	0	0	395.979797464	395.979797464	2.29171895981	48	57	48	57
1	"1"	"1"	2	FALSE	0	45	100	0	0	395.979797464	395.979797464	2.32502293587	50	58	50	58
1	"1"	"1"	2	FALSE	0	45	100	0	0	395.979797464	395.979797464	2.35844898224	52	59	52	59
1	"1"	"1"	2	FALSE	0	45	100	0	0	395.979797464	395.979797464	2.39139294624	53	60	53	60
1	"1"	"1"	2	FALSE	0	45	100	0	0	395.979797464	395.979797464	2.4251229763	55	62	55	62
1	"1"	"1"	2	FALSE	0	45	100	0	0	395.979797464	395.979797464	2.45850586891	57	64	57	64
1	"1"	"1"	2	FALSE	0	45	100	0	0	395.979797464	395.979797464	2.49174189568	59	66	59	66
1	"1"	"1"	2	FALSE	0	45	100	0	0	395.979797464	395.979797464	2.52505087852	61	68	61	68
1	"1"	"1"	2	FALSE	0	45	100	0	0	395.979797464	395.979797464	2.55835986137	62	69	62	69
1	"1"	"1"	2	FALSE	0	45	100	0	0	395.979797464	395.979797464	2.59194087982	63	69	63	69
1	"1"	"1"	2	FALSE	0	45	100	0	0	395.979797464	395.979797464	2.62518692017	63	70	63	70
1	"1"	"1"	2	FALSE	0	45	100	0	0	395.979797464	395.979797464	2.65824890137	65	71	65	71
1	"1"	"1"	2	FALSE	0	45	100	0	0	395.979797464	395.979797464	2.69194602966	67	73	67	73
1	"1"	"1"	2	FALSE	0	45	100	0	0	395.979797464	395.979797464	2.72531604767	70	75	70	75
1	"1"	"1"	2	FALSE	0	45	100	0	0	395.979797464	395.979797464	2.75812005997	74	78	74	78
1	"1"	"1"	2	FALSE	0	45	100	0	0	395.979797464	395.979797464	2.79199004173	79	82	79	82
1	"1"	"1"	2	FALSE	0	45	100	0	0	395.979797464	395.979797464	2.82537508011	84	86	84	86
1	"1"	"1"	2	FALSE	0	45	100	0	0	395.979797464	395.979797464	2.85882306099	89	90	89	90
1	"1"	"1"	2	FALSE	0	45	100	0	0	395.979797464	395.979797464	2.89201188087	94	95	94	95
1	"1"	"1"	2	FALSE	0	45	100	0	0	395.979797464	395.979797464	2.92547392845	99	99	99	99
1	"1"	"1"	2	FALSE	0	45	100	0	0	395.979797464	395.979797464	2.95882701874	102	102	102	102
1	"1"	"1"	2	FALSE	0	45	100	0	0	395.979797464	395.979797464	2.99216604233	106	105	106	105
1	"1"	"1"	2	FALSE	0	45	100	0	0	395.979797464	395.979797464	3.02562904358	110	109	110	109
1	"1"	"1"	2	FALSE	0	45	100	0	0	395.979797464	395.979797464	3.05893087387	114	112	114	112
1	"1"	"1"	2	FALSE	0	45	100	0	0	395.979797464	395.979797464	3.09217095375	118	116	118	116
1	"1"	"1"	2	FALSE	0	45	100	0	0	395.979797464	395.979797464	3.12546992302	122	120	122	120
1	"1"	"1"	2	FALSE	0	45	100	0	0	395.979797464	395.979797464	3.15898489952	127	125	127	125
1	"1"	"1"	2	FALSE	0	45	100	0	0	395.979797464	395.979797464	3.19237494469	131	129	131	129
1	"1"	"1"	2	FALSE	0	45	100	0	0	395.979797464	395.979797464	3.22573804855	137	135	137	135
1	"1"	"1"	2	FALSE	0	45	100	0	0	395.979797464	395.979797464	3.25909996033	143	142	143	142
1	"1"	"1"	2	FALSE	0	45	100	0	0	395.979797464	395.979797464	3.29242992401	149	148	149	148
1	"1"	"1"	2	FALSE	0	45	100	0	0	395.979797464	395.979797464	3.32559585571	155	155	155	155
1	"1"	"1"	2	FALSE	0	45	100	0	0	395.979797464	395.979797464	3.35923695564	163	162	163	162
1	"1"	"1"	2	FALSE	0	45	100	0	0	395.979797464	395.979797464	3.39256095886	171	168	171	168
1	"1"	"1"	2	FALSE	0	45	100	0	0	395.979797464	395.979797464	3.42592692375	176	173	176	173
1	"1"	"1"	2	FALSE	0	45	100	0	0	395.979797464	395.979797464	3.45915102959	183	180	183	180
1	"1"	"1"	2	FALSE	0	45	100	0	0	395.979797464	395.979797464	3.49256205559	189	187	189	187
1	"1"	"1"	2	FALSE	0	45	100	0	0	395.979797464	395.979797464	3.52602505684	196	193	196	193
1	"1"	"1"	2	FALSE	0	45	100	0	0	395.979797464	395.979797464	3.5593020916	203	200	203	200
1	"1"	"1"	2	FALSE	0	45	100	0	0	395.979797464	395.979797464	3.5927400589	211	208	211	208
1	"1"	"1"	2	FALSE	0	45	100	0	0	395.979797464	395.979797464	3.62591195107	218	213	218	213
1	"1"	"1"	2	FALSE	0	45	100	0	0	395.979797464	395.979797464	3.65943002701	222	217	222	217
1	"1"	"1"	2	FALSE	0	45	100	0	0	395.979797464	395.979797464	3.69278097153	225	220	225	220
1	"1"	"1"	2	FALSE	0	45	100	0	0	395.979797464	395.979797464	3.72611808777	228	223	228	223
1	"1"	"1"	2	FALSE	0	45	100	0	0	395.979797464	395.979797464	3.75934791565	231	226	231	226
1	"1"	"1"	2	FALSE	0	45	100	0	0	395.979797464	395.979797464	3.79278993607	234	230	234	230
1	"1"	"1"	2	FALSE	0	45	100	0	0	395.979797464	395.979797464	3.82604503632	238	233	238	233
1	"1"	"1"	2	FALSE	0	45	100	0	0	395.979797464	395.979797464	3.85953903198	241	238	241	238
1	"1"	"1"	2	FALSE	0	45	100	0	0	395.979797464	395.979797464	3.89289093018	246	243	246	243
1	"1"	"1"	2	FALSE	0	45	100	0	0	395.979797464	395.979797464	3.92621588707	250	248	250	248
1	"1"	"1"	2	FALSE	0	45	100	0	0	395.979797464	395.979797464	3.95973205566	254	252	254	252
1	"1"	"1"	2	FALSE	0	45	100	0	0	395.979797464	395.979797464	3.99289393425	258	256	258	256
1	"1"	"1"	2	FALSE	0	45	100	0	0	395.979797464	395.979797464	4.0263299942	262	260	262	260
1	"1"	"1"	2	FALSE	0	45	100	0	0	395.979797464	395.979797464	4.059705019	266	264	266	264
1	"1"	"1"	2	FALSE	0	45	100	0	0	395.979797464	395.979797464	4.09311389923	271	269	271	269
1	"1"	"1"	2	FALSE	0	45	100	0	0	395.979797464	395.979797464	4.12643098831	275	273	275	273
1	"1"	"1"	2	FALSE	0	45	100	0	0	395.979797464	395.979797464	4.15979099274	279	276	279	276
1	"1"	"1"	2	FALSE	0	45	100	0	0	395.979797464	395.979797464	4.19309687614	283	280	283	280
1	"1"	"1"	2	FALSE	0	45	100	0	0	395.979797464	395.979797464	4.22657299042	288	284	288	284
1	"1"	"1"	2	FALSE	0	45	100	0	0	395.979797464	395.979797464	4.25975608826	293	289	293	289
1	"1"	"1"	2	FALSE	0	45	100	0	0	395.979797464	395.979797464	4.29312491417	298	293	298	293
1	"1"	"1"	2	FALSE	0	45	100	0	0	395.979797464	395.979797464	4.32659101486	302	298	302	298
1	"1"	"1"	2	FALSE	0	45	100	0	0	395.979797464	395.979797464	4.3599550724	306	302	306	302
1	"1"	"1"	2	FALSE	0	45	100	0	0	395.979797464	395.979797464	4.39328789711	308	305	308	305
1	"1"	"1"	2	FALSE	0	45	100	0	0	395.979797464	395.979797464	4.42671704292	309	307	309	307
1	"1"	"1"	2	FALSE	0	45	100	0	0	395.979797464	395.979797464	4.45995306969	312	311	312	311
1	"1"	"1"	2	FALSE	0	45	100	0	0	395.979797464	395.979797464	4.4933950901	315	314	315	314
1	"1"	"1"	2	FALSE	0	45	100	0	0	395.979797464	395.979797464	4.52673101425	318	318	318	318
1	"1"	"1"	2	FALSE	0	45	100	0	0	395.979797464	395.979797464	4.56000590324	320	321	320	321
1	"1"	"1"	2	FALSE	0	45	100	0	0	395.979797464	395.979797464	4.59351491928	322	324	322	324
1	"1"	"1"	2	FALSE	0	45	100	0	0	395.979797464	395.979797464	4.62682008743	325	327	325	327
1	"1"	"1"	2	FALSE	0	45	100	0	0	395.979797464	395.979797464	4.66013908386	327	330	327	330
1	"1"	"1"	2	FALSE	0	45	100	0	0	395.979797464	395.979797464	4.69353199005	331	335	331	335
1	"1"	"1"	2	FALSE	0	45	100	0	0	395.979797464	395.979797464	4.72691297531	334	339	334	339
1	"1"	"1"	2	FALSE	0	45	100	0	0	395.979797464	395.979797464	4.76025390625	338	343	338	343
1	"1"	"1"	2	FALSE	0	45	100	0	0	395.979797464	395.979797464	4.79353094101	340	345	340	345
1	"1"	"1"	2	FALSE	0	45	100	0	0	395.979797464	395.979797464	4.82695293427	342	348	342	348
1	"1"	"1"	2	FALSE	0	45	100	0	0	395.979797464	395.979797464	4.86028695107	345	351	345	351
1	"1"	"1"	2	FALSE	0	45	100	0	0	395.979797464	395.979797464	4.89370703697	347	353	347	353
1	"1"	"1"	2	FALSE	0	45	100	0	0	395.979797464	395.979797464	4.92707490921	350	356	350	356
1	"1"	"1"	2	FALSE	0	45	100	0	0	395.979797464	395.979797464	4.96025204659	353	358	353	358
1	"1"	"1"	2	FALSE	0	45	100	0	0	395.979797464	395.979797464	4.99377608299	355	360	355	360
1	"1"	"1"	2	FALSE	0	45	100	0	0	395.979797464	395.979797464	5.02716088295	357	362	357	362
1	"1"	"1"	2	FALSE	0	45	100	0	0	395.979797464	395.979797464	5.06047391891	359	364	359	364
1	"1"	"1"	2	FALSE	0	45	100	0	0	395.979797464	395.979797464	5.09385895729	361	367	361	367
1	"1"	"1"	2	FALSE	0	45	100	0	0	395.979797464	395.979797464	5.12720799446	362	369	362	369
1	"1"	"1"	2	FALSE	0	45	100	0	0	395.979797464	395.979797464	5.16060209274	365	371	365	371
1	"1"	"1"	2	FALSE	0	45	100	0	0	395.979797464	395.979797464	5.19390702248	367	374	367	374
1	"1"	"1"	2	FALSE	0	45	100	0	0	395.979797464	395.979797464	5.227257967	369	376	369	376
1	"1"	"1"	2	FALSE	0	45	100	0	0	395.979797464	395.979797464	5.26064395905	370	377	370	377
1	"1"	"1"	2	FALSE	0	45	100	0	0	395.979797464	395.979797464	5.29395794868	372	379	372	379
1	"1"	"1"	2	FALSE	0	45	100	0	0	395.979797464	395.979797464	5.32734704018	373	381	373	381
1	"1"	"1"	2	FALSE	0	45	100	0	0	395.979797464	395.979797464	5.36072492599	375	383	375	383
1	"1"	"1"	2	FALSE	0	45	100	0	0	395.979797464	395.979797464	5.39402103424	378	385	378	385
1	"1"	"1"	2	FALSE	0	45	100	0	0	395.979797464	395.979797464	5.42744803429	382	387	382	387
1	"1"	"1"	2	FALSE	0	45	100	0	0	395.979797464	395.979797464	5.46069002151	384	389	384	389
1	"1"	"1"	3	FALSE	0	90	100	0	0	3.42901103761e-14	560	0.00184297561646	-11	-3	-11	-3
1	"1"	"1"	3	FALSE	0	90	100	0	0	3.42901103761e-14	560	0.0369811058044	-11	-3	-11	-3
1	"1"	"1"	3	FALSE	0	90	100	0	0	3.42901103761e-14	560	0.0704019069672	-11	-3	-11	-3
1	"1"	"1"	3	FALSE	0	90	100	0	0	3.42901103761e-14	560	0.103380918503	-10	-3	-10	-3
1	"1"	"1"	3	FALSE	0	90	100	0	0	3.42901103761e-14	560	0.137099981308	-7	-3	-7	-3
1	"1"	"1"	3	FALSE	0	90	100	0	0	3.42901103761e-14	560	0.170470952988	-4	-3	-4	-3
1	"1"	"1"	3	FALSE	0	90	100	0	0	3.42901103761e-14	560	0.203830957413	-1	-2	-1	-2
1	"1"	"1"	3	FALSE	0	90	100	0	0	3.42901103761e-14	560	0.237074136734	0	-2	0	-2
1	"1"	"1"	3	FALSE	0	90	100	0	0	3.42901103761e-14	560	0.269968986511	0	-2	0	-2
1	"1"	"1"	3	FALSE	0	90	100	0	0	3.42901103761e-14	560	0.303780078888	0	-2	0	-2
1	"1"	"1"	3	FALSE	0	90	100	0	0	3.42901103761e-14	560	0.337062120438	0	-2	0	-2
1	"1"	"1"	3	FALSE	0	90	100	0	0	3.42901103761e-14	560	0.370023965836	0	-2	0	-2
1	"1"	"1"	3	FALSE	0	90	100	0	0	3.42901103761e-14	560	0.403934001923	0	-2	0	-2
1	"1"	"1"	3	FALSE	0	90	100	0	0	3.42901103761e-14	560	0.437407970428	0	-2	0	-2
1	"1"	"1"	3	FALSE	0	90	100	0	0	3.42901103761e-14	560	0.470667123795	1	0	1	0
1	"1"	"1"	3	FALSE	0	90	100	0	0	3.42901103761e-14	560	0.503890037537	3	5	3	5
1	"1"	"1"	3	FALSE	0	90	100	0	0	3.42901103761e-14	560	0.53745007515	4	18	4	18
1	"1"	"1"	3	FALSE	0	90	100	0	0	3.42901103761e-14	560	0.570792913437	7	36	7	36
1	"1"	"1"	3	FALSE	0	90	100	0	0	3.42901103761e-14	560	0.604181051254	9	53	9	53
1	"1"	"1"	3	FALSE	0	90	100	0	0	3.42901103761e-14	560	0.637495994568	11	75	11	75
1	"1"	"1"	3	FALSE	0	90	100	0	0	3.42901103761e-14	560	0.670764923096	12	89	12	89
1	"1"	"1"	3	FALSE	0	90	100	0	0	3.42901103761e-14	560	0.703583955765	12	105	12	105
1	"1"	"1"	3	FALSE	0	90	100	0	0	3.42901103761e-14	560	0.737601995468	12	116	12	116
1	"1"	"1"	3	FALSE	0	90	100	0	0	3.42901103761e-14	560	0.770920038223	11	130	11	130
1	"1"	"1"	3	FALSE	0	90	100	0	0	3.42901103761e-14	560	0.803591012955	10	142	10	142
1	"1"	"1"	3	FALSE	0	90	100	0	0	3.42901103761e-14	560	0.83766913414	9	154	9	154
1	"1"	"1"	3	FALSE	0	90	100	0	0	3.42901103761e-14	560	0.871064901352	7	164	7	164
1	"1"	"1"	3	FALSE	0	90	100	0	0	3.42901103761e-14	560	0.90368103981	5	173	5	173
1	"1"	"1"	3	FALSE	0	90	100	0	0	3.42901103761e-14	560	0.937757015228	2	185	2	185
1	"1"	"1"	3	FALSE	0	90	100	0	0	3.42901103761e-14	560	0.971137046814	-1	195	-1	195
1	"1"	"1"	3	FALSE	0	90	100	0	0	3.42901103761e-14	560	1.00450396538	-3	208	-3	208
1	"1"	"1"	3	FALSE	0	90	100	0	0	3.42901103761e-14	560	1.0378510952	-6	221	-6	221
1	"1"	"1"	3	FALSE	0	90	100	0	0	3.42901103761e-14	560	1.07100105286	-6	232	-6	232
1	"1"	"1"	3	FALSE	0	90	100	0	0	3.42901103761e-14	560	1.10448098183	-7	242	-7	242
1	"1"	"1"	3	FALSE	0	90	100	0	0	3.42901103761e-14	560	1.13724803925	-7	250	-7	250
1	"1"	"1"	3	FALSE	0	90	100	0	0	3.42901103761e-14	560	1.17125606537	-7	259	-7	259
1	"1"	"1"	3	FALSE	0	90	100	0	0	3.42901103761e-14	560	1.20461797714	-7	269	-7	269
1	"1"	"1"	3	FALSE	0	90	100	0	0	3.42901103761e-14	560	1.23758196831	-7	278	-7	278
1	"1"	"1"	3	FALSE	0	90	100	0	0	3.42901103761e-14	560	1.27138209343	-7	287	-7	287
1	"1"	"1"	3	FALSE	0	90	100	0	0	3.42901103761e-14	560	1.30457401276	-7	294	-7	294
1	"1"	"1"	3	FALSE	0	90	100	0	0	3.42901103761e-14	560	1.33769392967	-8	303	-8	303
1	"1"	"1"	3	FALSE	0	90	100	0	0	3.42901103761e-14	560	1.37140011787	-8	312	-8	312
1	"1"	"1"	3	FALSE	0	90	100	0	0	3.42901103761e-14	560	1.40476894379	-9	323	-9	323
1	"1"	"1"	3	FALSE	0	90	100	0	0	3.42901103761e-14	560	1.43815112114	-9	337	-9	337
1	"1"	"1"	3	FALSE	0	90	100	0	0	3.42901103761e-14	560	1.47152209282	-10	349	-10	349
1	"1"	"1"	3	FALSE	0	90	100	0	0	3.42901103761e-14	560	1.50483393669	-11	360	-11	360
1	"1"	"1"	3	FALSE	0	90	100	0	0	3.42901103761e-14	560	1.53766703606	-12	371	-12	371
1	"1"	"1"	3	FALSE	0	90	100	0	0	3.42901103761e-14	560	1.57158899307	-13	382	-13	382
1	"1"	"1"	3	FALSE	0	90	100	0	0	3.42901103761e-14	560	1.6048810482	-14	394	-14	394
1	"1"	"1"	3	FALSE	0	90	100	0	0	3.42901103761e-14	560	1.63801002502	-15	404	-15	404
1	"1"	"1"	3	FALSE	0	90	100	0	0	3.42901103761e-14	560	1.67141890526	-17	416	-17	416
1	"1"	"1"	3	FALSE	0	90	100	0	0	3.42901103761e-14	560	1.70494008064	-17	424	-17	424
1	"1"	"1"	3	FALSE	0	90	100	0	0	3.42901103761e-14	560	1.73817205429	-18	435	-18	435
1	"1"	"1"	3	FALSE	0	90	100	0	0	3.42901103761e-14	560	1.77170205116	-18	449	-18	449
1	"1"	"1"	3	FALSE	0	90	100	0	0	3.42901103761e-14	560	1.8051199913	-18	462	-18	462
1	"1"	"1"	3	FALSE	0	90	100	0	0	3.42901103761e-14	560	1.83844804764	-17	474	-17	474
1	"1"	"1"	3	FALSE	0	90	100	0	0	3.42901103761e-14	560	1.8714659214	-17	482	-17	482
1	"1"	"1"	3	FALSE	0	90	100	0	0	3.42901103761e-14	560	1.90514993668	-16	492	-16	492
1	"1"	"1"	3	FALSE	0	90	100	0	0	3.42901103761e-14	560	1.93852496147	-15	500	-15	500
1	"1"	"1"	3	FALSE	0	90	100	0	0	3.42901103761e-14	560	1.97177696228	-15	505	-15	505
1	"1"	"1"	3	FALSE	0	90	100	0	0	3.42901103761e-14	560	2.00525808334	-14	511	-14	511
1	"1"	"1"	3	FALSE	0	90	100	0	0	3.42901103761e-14	560	2.03864812851	-14	515	-14	515
1	"1"	"1"	3	FALSE	0	90	100	0	0	3.42901103761e-14	560	2.07164311409	-13	520	-13	520
1	"1"	"1"	3	FALSE	0	90	100	0	0	3.42901103761e-14	560	2.10531592369	-13	524	-13	524
1	"1"	"1"	3	FALSE	0	90	100	0	0	3.42901103761e-14	560	2.13872098923	-13	528	-13	528
1	"1"	"1"	3	FALSE	0	90	100	0	0	3.42901103761e-14	560	2.17168402672	-13	532	-13	532
1	"1"	"1"	3	FALSE	0	90	100	0	0	3.42901103761e-14	560	2.20549201965	-13	534	-13	534
1	"1"	"1"	3	FALSE	0	90	100	0	0	3.42901103761e-14	560	2.23874211311	-12	538	-12	538
1	"1"	"1"	3	FALSE	0	90	100	0	0	3.42901103761e-14	560	2.27197504044	-12	541	-12	541
1	"1"	"1"	3	FALSE	0	90	100	0	0	3.42901103761e-14	560	2.30494594574	-12	544	-12	544
1	"1"	"1"	3	FALSE	0	90	100	0	0	3.42901103761e-14	560	2.33889293671	-11	547	-11	547
1	"1"	"1"	3	FALSE	0	90	100	0	0	3.42901103761e-14	560	2.37215399742	-10	550	-10	550
1	"1"	"1"	3	FALSE	0	90	100	0	0	3.42901103761e-14	560	2.40505504608	-10	553	-10	553
1	"1"	"1"	3	FALSE	0	90	100	0	0	3.42901103761e-14	560	2.43885207176	-9	556	-9	556
1	"1"	"1"	3	FALSE	0	90	100	0	0	3.42901103761e-14	560	2.47217607498	-8	559	-8	559
1	"1"	"1"	3	FALSE	0	90	100	0	0	3.42901103761e-14	560	2.50561213493	-7	561	-7	561
1	"1"	"1"	4	FALSE	0	135	100	0	0	-395.979797464	395.979797464	0.00186800956726	-1	8	-1	8
1	"1"	"1"	4	FALSE	0	135	100	0	0	-395.979797464	395.979797464	0.0225141048431	-1	7	-1	7
1	"1"	"1"	4	FALSE	0	135	100	0	0	-395.979797464	395.979797464	0.0559599399567	-1	5	-1	5
1	"1"	"1"	4	FALSE	0	135	100	0	0	-395.979797464	395.979797464	0.0888321399689	-1	4	-1	4
1	"1"	"1"	4	FALSE	0	135	100	0	0	-395.979797464	395.979797464	0.122803926468	-1	4	-1	4
1	"1"	"1"	4	FALSE	0	135	100	0	0	-395.979797464	395.979797464	0.156224012375	0	2	0	2
1	"1"	"1"	4	FALSE	0	135	100	0	0	-395.979797464	395.979797464	0.189594984055	0	0	0	0
1	"1"	"1"	4	FALSE	0	135	100	0	0	-395.979797464	395.979797464	0.222898960114	0	-1	0	-1
1	"1"	"1"	4	FALSE	0	135	100	0	0	-395.979797464	395.979797464	0.256128072739	0	-1	0	-1
1	"1"	"1"	4	FALSE	0	135	100	0	0	-395.979797464	395.979797464	0.289722919464	0	0	0	0
1	"1"	"1"	4	FALSE	0	135	100	0	0	-395.979797464	395.979797464	0.323091030121	0	0	0	0
1	"1"	"1"	4	FALSE	0	135	100	0	0	-395.979797464	395.979797464	0.356076955795	0	0	0	0
1	"1"	"1"	4	FALSE	0	135	100	0	0	-395.979797464	395.979797464	0.389763116837	-1	1	-1	1
1	"1"	"1"	4	FALSE	0	135	100	0	0	-395.979797464	395.979797464	0.423089981079	-5	5	-5	5
1	"1"	"1"	4	FALSE	0	135	100	0	0	-395.979797464	395.979797464	0.456177949905	-11	12	-11	12
1	"1"	"1"	4	FALSE	0	135	100	0	0	-395.979797464	395.979797464	0.489846944809	-17	18	-17	18
1	"1"	"1"	4	FALSE	0	135	100	0	0	-395.979797464	395.979797464	0.523169994354	-23	25	-23	25
1	"1"	"1"	4	FALSE	0	135	100	0	0	-395.979797464	395.979797464	0.556003093719	-29	35	-29	35
1	"1"	"1"	4	FALSE	0	135	100	0	0	-395.979797464	395.979797464	0.589940071106	-35	44	-35	44
1	"1"	"1"	4	FALSE	0	135	100	0	0	-395.979797464	395.979797464	0.623137950897	-42	55	-42	55
1	"1"	"1"	4	FALSE	0	135	100	0	0	-395.979797464	395.979797464	0.656553983688	-54	76	-54	76
1	"1"	"1"	4	FALSE	0	135	100	0	0	-395.979797464	395.979797464	0.689460992813	-60	88	-60	88
1	"1"	"1"	4	FALSE	0	135	100	0	0	-395.979797464	395.979797464	0.723320007324	-69	104	-69	104
1	"1"	"1"	4	FALSE	0	135	100	0	0	-395.979797464	395.979797464	0.756739139557	-78	121	-78	121
1	"1"	"1"	4	FALSE	0	135	100	0	0	-395.979797464	395.979797464	0.789999008179	-88	138	-88	138
1	"1"	"1"	4	FALSE	0	135	100	0	0	-395.979797464	395.979797464	0.823418140411	-96	153	-96	153
1	"1"	"1"	4	FALSE	0	135	100	0	0	-395.979797464	395.979797464	0.856773138046	-102	164	-102	164
1	"1"	"1"	4	FALSE	0	135	100	0	0	-395.979797464	395.979797464	0.890126943588	-110	175	-110	175
1	"1"	"1"	4	FALSE	0	135	100	0	0	-395.979797464	395.979797464	0.92342710495	-118	185	-118	185
1	"1"	"1"	4	FALSE	0	135	100	0	0	-395.979797464	395.979797464	0.956628084183	-125	193	-125	193
1	"1"	"1"	4	FALSE	0	135	100	0	0	-395.979797464	395.979797464	0.989587068558	-133	200	-133	200
1	"1"	"1"	4	FALSE	0	135	100	0	0	-395.979797464	395.979797464	1.02354192734	-140	207	-140	207
1	"1"	"1"	4	FALSE	0	135	100	0	0	-395.979797464	395.979797464	1.05687403679	-149	213	-149	213
1	"1"	"1"	4	FALSE	0	135	100	0	0	-395.979797464	395.979797464	1.09014201164	-155	218	-155	218
1	"1"	"1"	4	FALSE	0	135	100	0	0	-395.979797464	395.979797464	1.12364506721	-162	223	-162	223
1	"1"	"1"	4	FALSE	0	135	100	0	0	-395.979797464	395.979797464	1.15667295456	-169	229	-169	229
1	"1"	"1"	4	FALSE	0	135	100	0	0	-395.979797464	395.979797464	1.19030308723	-176	234	-176	234
1	"1"	"1"	4	FALSE	0	135	100	0	0	-395.979797464	395.979797464	1.22371602058	-184	240	-184	240
1	"1"	"1"	4	FALSE	0	135	100	0	0	-395.979797464	395.979797464	1.256483078	-195	247	-195	247
1	"1"	"1"	4	FALSE	0	135	100	0	0	-395.979797464	395.979797464	1.29048514366	-205	253	-205	253
1	"1"	"1"	4	FALSE	0	135	100	0	0	-395.979797464	395.979797464	1.32376098633	-215	260	-215	260
1	"1"	"1"	4	FALSE	0	135	100	0	0	-395.979797464	395.979797464	1.35677099228	-224	266	-224	266
1	"1"	"1"	4	FALSE	0	135	100	0	0	-395.979797464	395.979797464	1.39060497284	-234	271	-234	271
1	"1"	"1"	4	FALSE	0	135	100	0	0	-395.979797464	395.979797464	1.42375802994	-242	276	-242	276
1	"1"	"1"	4	FALSE	0	135	100	0	0	-395.979797464	395.979797464	1.45722603798	-251	281	-251	281
1	"1"	"1"	4	FALSE	0	135	100	0	0	-395.979797464	395.979797464	1.49059700966	-259	285	-259	285
1	"1"	"1"	4	FALSE	0	135	100	0	0	-395.979797464	395.979797464	1.52398610115	-265	289	-265	289
1	"1"	"1"	4	FALSE	0	135	100	0	0	-395.979797464	395.979797464	1.55728507042	-272	293	-272	293
1	"1"	"1"	4	FALSE	0	135	100	0	0	-395.979797464	395.979797464	1.5906419754	-278	296	-278	296
1	"1"	"1"	4	FALSE	0	135	100	0	0	-395.979797464	395.979797464	1.62404513359	-285	299	-285	299
1	"1"	"1"	4	FALSE	0	135	100	0	0	-395.979797464	395.979797464	1.65719294548	-289	302	-289	302
1	"1"	"1"	4	FALSE	0	135	100	0	0	-395.979797464	395.979797464	1.69063305855	-292	304	-292	304
1	"1"	"1"	4	FALSE	0	135	100	0	0	-395.979797464	395.979797464	1.72390913963	-295	306	-295	306
1	"1"	"1"	4	FALSE	0	135	100	0	0	-395.979797464	395.979797464	1.7568359375	-299	309	-299	309
1	"1"	"1"	4	FALSE	0	135	100	0	0	-395.979797464	395.979797464	1.79077100754	-303	312	-303	312
1	"1"	"1"	4	FALSE	0	135	100	0	0	-395.979797464	395.979797464	1.82417392731	-307	314	-307	314
1	"1"	"1"	4	FALSE	0	135	100	0	0	-395.979797464	395.979797464	1.85701012611	-310	316	-310	316
1	"1"	"1"	4	FALSE	0	135	100	0	0	-395.979797464	395.979797464	1.8905351162	-314	319	-314	319
1	"1"	"1"	4	FALSE	0	135	100	0	0	-395.979797464	395.979797464	1.92429208755	-317	322	-317	322
1	"1"	"1"	4	FALSE	0	135	100	0	0	-395.979797464	395.979797464	1.9575510025	-322	326	-322	326
1	"1"	"1"	4	FALSE	0	135	100	0	0	-395.979797464	395.979797464	1.9903690815	-327	331	-327	331
1	"1"	"1"	4	FALSE	0	135	100	0	0	-395.979797464	395.979797464	2.02432703972	-332	335	-332	335
1	"1"	"1"	4	FALSE	0	135	100	0	0	-395.979797464	395.979797464	2.05752491951	-338	341	-338	341
1	"1"	"1"	4	FALSE	0	135	100	0	0	-395.979797464	395.979797464	2.09036898613	-344	347	-344	347
1	"1"	"1"	4	FALSE	0	135	100	0	0	-395.979797464	395.979797464	2.12432599068	-350	353	-350	353
1	"1"	"1"	4	FALSE	0	135	100	0	0	-395.979797464	395.979797464	2.15781497955	-355	359	-355	359
1	"1"	"1"	4	FALSE	0	135	100	0	0	-395.979797464	395.979797464	2.19052410126	-358	362	-358	362
1	"1"	"1"	4	FALSE	0	135	100	0	0	-395.979797464	395.979797464	2.22434997559	-360	365	-360	365
1	"1"	"1"	4	FALSE	0	135	100	0	0	-395.979797464	395.979797464	2.25783610344	-364	368	-364	368
1	"1"	"1"	4	FALSE	0	135	100	0	0	-395.979797464	395.979797464	2.29049992561	-366	372	-366	372
1	"1"	"1"	4	FALSE	0	135	100	0	0	-395.979797464	395.979797464	2.32455992699	-369	375	-369	375
1	"1"	"1"	4	FALSE	0	135	100	0	0	-395.979797464	395.979797464	2.35787200928	-371	378	-371	378
1	"1"	"1"	4	FALSE	0	135	100	0	0	-395.979797464	395.979797464	2.39112114906	-374	381	-374	381
1	"1"	"1"	4	FALSE	0	135	100	0	0	-395.979797464	395.979797464	2.42454504967	-376	383	-376	383
1	"1"	"1"	4	FALSE	0	135	100	0	0	-395.979797464	395.979797464	2.45759797096	-378	385	-378	385
1	"1"	"1"	4	FALSE	0	135	100	0	0	-395.979797464	395.979797464	2.49120497704	-380	386	-380	386
1	"1"	"1"	4	FALSE	0	135	100	0	0	-395.979797464	395.979797464	2.52405714989	-381	387	-381	387
1	"1"	"1"	4	FALSE	0	135	100	0	0	-395.979797464	395.979797464	2.55807805061	-383	389	-383	389
1	"1"	"1"	4	FALSE	0	135	100	0	0	-395.979797464	395.979797464	2.59143209457	-386	391	-386	391
1	"1"	"1"	4	FALSE	0	135	100	0	0	-395.979797464	395.979797464	2.62429094315	-389	394	-389	394
1	"1"	"1"	4	FALSE	0	135	100	0	0	-395.979797464	395.979797464	2.65811014175	-390	395	-390	395
1	"1"	"1"	5	FALSE	0	90	100	0	0	3.42901103761e-14	560	0.00198793411255	3	-2	3	-2
1	"1"	"1"	5	FALSE	0	90	100	0	0	3.42901103761e-14	560	0.022392988205	3	-2	3	-2
1	"1"	"1"	5	FALSE	0	90	100	0	0	3.42901103761e-14	560	0.0557880401611	3	-3	3	-3
1	"1"	"1"	5	FALSE	0	90	100	0	0	3.42901103761e-14	560	0.0892539024353	3	-3	3	-3
1	"1"	"1"	5	FALSE	0	90	100	0	0	3.42901103761e-14	560	0.122674942017	3	-3	3	-3
1	"1"	"1"	5	FALSE	0	90	100	0	0	3.42901103761e-14	560	0.15602183342	3	-3	3	-3
1	"1"	"1"	5	FALSE	0	90	100	0	0	3.42901103761e-14	560	0.189317941666	3	-3	3	-3
1	"1"	"1"	5	FALSE	0	90	100	0	0	3.42901103761e-14	560	0.222682952881	3	-2	3	-2
1	"1"	"1"	5	FALSE	0	90	100	0	0	3.42901103761e-14	560	0.255641937256	2	-3	2	-3
1	"1"	"1"	5	FALSE	0	90	100	0	0	3.42901103761e-14	560	0.289523839951	2	-3	2	-3
1	"1"	"1"	5	FALSE	0	90	100	0	0	3.42901103761e-14	560	0.322927951813	2	-3	2	-3
1	"1"	"1"	5	FALSE	0	90	100	0	0	3.42901103761e-14	560	0.355924844742	2	-3	2	-3
1	"1"	"1"	5	FALSE	0	90	100	0	0	3.42901103761e-14	560	0.389647960663	2	-2	2	-2
1	"1"	"1"	5	FALSE	0	90	100	0	0	3.42901103761e-14	560	0.422986030579	0	5	0	5
1	"1"	"1"	5	FALSE	0	90	100	0	0	3.42901103761e-14	560	0.456281900406	-4	19	-4	19
1	"1"	"1"	5	FALSE	0	90	100	0	0	3.42901103761e-14	560	0.489636898041	-7	29	-7	29
1	"1"	"1"	5	FALSE	0	90	100	0	0	3.42901103761e-14	560	0.522995948792	-10	43	-10	43
1	"1"	"1"	5	FALSE	0	90	100	0	0	3.42901103761e-14	560	0.556409835815	-13	58	-13	58
1	"1"	"1"	5	FALSE	0	90	100	0	0	3.42901103761e-14	560	0.589740991592	-16	74	-16	74
1	"1"	"1"	5	FALSE	0	90	100	0	0	3.42901103761e-14	560	0.62264585495	-21	100	-21	100
1	"1"	"1"	5	FALSE	0	90	100	0	0	3.42901103761e-14	560	0.656466960907	-23	114	-23	114
1	"1"	"1"	5	FALSE	0	90	100	0	0	3.42901103761e-14	560	0.689821004868	-25	129	-25	129
1	"1"	"1"	5	FALSE	0	90	100	0	0	3.42901103761e-14	560	0.722972869873	-26	141	-26	141
1	"1"	"1"	5	FALSE	0	90	100	0	0	3.42901103761e-14	560	0.756160020828	-27	156	-27	156
1	"1"	"1"	5	FALSE	0	90	100	0	0	3.42901103761e-14	560	0.789913892746	-26	167	-26	167
1	"1"	"1"	5	FALSE	0	90	100	0	0	3.42901103761e-14	560	0.823231935501	-26	181	-26	181
1	"1"	"1"	5	FALSE	0	90	100	0	0	3.42901103761e-14	560	0.856621980667	-26	197	-26	197
1	"1"	"1"	5	FALSE	0	90	100	0	0	3.42901103761e-14	560	0.890019893646	-26	207	-26	207
1	"1"	"1"	5	FALSE	0	90	100	0	0	3.42901103761e-14	560	0.923254966736	-25	216	-25	216
1	"1"	"1"	5	FALSE	0	90	100	0	0	3.42901103761e-14	560	0.956485033035	-24	227	-24	227
1	"1"	"1"	5	FALSE	0	90	100	0	0	3.42901103761e-14	560	0.989629030228	-22	236	-22	236
1	"1"	"1"	5	FALSE	0	90	100	0	0	3.42901103761e-14	560	1.02329182625	-20	248	-20	248
1	"1"	"1"	5	FALSE	0	90	100	0	0	3.42901103761e-14	560	1.05614590645	-19	259	-19	259
1	"1"	"1"	5	FALSE	0	90	100	0	0	3.42901103761e-14	560	1.09008097649	-17	270	-17	270
1	"1"	"1"	5	FALSE	0	90	100	0	0	3.42901103761e-14	560	1.12347602844	-16	281	-16	281
1	"1"	"1"	5	FALSE	0	90	100	0	0	3.42901103761e-14	560	1.15628790855	-16	295	-16	295
1	"1"	"1"	5	FALSE	0	90	100	0	0	3.42901103761e-14	560	1.19025588036	-17	308	-17	308
1	"1"	"1"	5	FALSE	0	90	100	0	0	3.42901103761e-14	560	1.22355890274	-17	317	-17	317
1	"1"	"1"	5	FALSE	0	90	100	0	0	3.42901103761e-14	560	1.25694799423	-17	331	-17	331
1	"1"	"1"	5	FALSE	0	90	100	0	0	3.42901103761e-14	560	1.29027295113	-18	344	-18	344
1	"1"	"1"	5	FALSE	0	90	100	0	0	3.42901103761e-14	560	1.32306885719	-18	354	-18	354
1	"1"	"1"	5	FALSE	0	90	100	0	0	3.42901103761e-14	560	1.35684394836	-18	364	-18	364
1	"1"	"1"	5	FALSE	0	90	100	0	0	3.42901103761e-14	560	1.39026594162	-19	378	-19	378
1	"1"	"1"	5	FALSE	0	90	100	0	0	3.42901103761e-14	560	1.4231710434	-18	388	-18	388
1	"1"	"1"	5	FALSE	0	90	100	0	0	3.42901103761e-14	560	1.45704698563	-18	394	-18	394
1	"1"	"1"	5	FALSE	0	90	100	0	0	3.42901103761e-14	560	1.49028491974	-19	404	-19	404
1	"1"	"1"	5	FALSE	0	90	100	0	0	3.42901103761e-14	560	1.52367901802	-18	415	-18	415
1	"1"	"1"	5	FALSE	0	90	100	0	0	3.42901103761e-14	560	1.55698490143	-18	423	-18	423
1	"1"	"1"	5	FALSE	0	90	100	0	0	3.42901103761e-14	560	1.58989095688	-17	429	-17	429
1	"1"	"1"	5	FALSE	0	90	100	0	0	3.42901103761e-14	560	1.62388586998	-16	436	-16	436
1	"1"	"1"	5	FALSE	0	90	100	0	0	3.42901103761e-14	560	1.65726804733	-15	444	-15	444
1	"1"	"1"	5	FALSE	0	90	100	0	0	3.42901103761e-14	560	1.69024395943	-14	451	-14	451
1	"1"	"1"	5	FALSE	0	90	100	0	0	3.42901103761e-14	560	1.72402501106	-13	457	-13	457
1	"1"	"1"	5	FALSE	0	90	100	0	0	3.42901103761e-14	560	1.75720691681	-12	463	-12	463
1	"1"	"1"	5	FALSE	0	90	100	0	0	3.42901103761e-14	560	1.79070687294	-11	468	-11	468
1	"1"	"1"	5	FALSE	0	90	100	0	0	3.42901103761e-14	560	1.82401394844	-10	476	-10	476
1	"1"	"1"	5	FALSE	0	90	100	0	0	3.42901103761e-14	560	1.85735988617	-9	485	-9	485
1	"1"	"1"	5	FALSE	0	90	100	0	0	3.42901103761e-14	560	1.890625	-8	496	-8	496
1	"1"	"1"	5	FALSE	0	90	100	0	0	3.42901103761e-14	560	1.92363882065	-8	503	-8	503
1	"1"	"1"	5	FALSE	0	90	100	0	0	3.42901103761e-14	560	1.95751595497	-8	513	-8	513
1	"1"	"1"	5	FALSE	0	90	100	0	0	3.42901103761e-14	560	1.99081087112	-8	522	-8	522
1	"1"	"1"	5	FALSE	0	90	100	0	0	3.42901103761e-14	560	2.02355289459	-7	529	-7	529
1	"1"	"1"	5	FALSE	0	90	100	0	0	3.42901103761e-14	560	2.05761289597	-7	535	-7	535
1	"1"	"1"	5	FALSE	0	90	100	0	0	3.42901103761e-14	560	2.09084796906	-7	540	-7	540
1	"1"	"1"	5	FALSE	0	90	100	0	0	3.42901103761e-14	560	2.12418198586	-7	544	-7	544
1	"1"	"1"	5	FALSE	0	90	100	0	0	3.42901103761e-14	560	2.15695500374	-7	547	-7	547
1	"1"	"1"	6	FALSE	0	45	100	0	0	395.979797464	395.979797464	0.00228404998779	6	7	6	7
1	"1"	"1"	6	FALSE	0	45	100	0	0	395.979797464	395.979797464	0.0224628448486	6	6	6	6
1	"1"	"1"	6	FALSE	0	45	100	0	0	395.979797464	395.979797464	0.0558938980103	6	5	6	5
1	"1"	"1"	6	FALSE	0	45	100	0	0	395.979797464	395.979797464	0.0887448787689	6	5	6	5
1	"1"	"1"	6	FALSE	0	45	100	0	0	395.979797464	395.979797464	0.122753858566	6	5	6	5
1	"1"	"1"	6	FALSE	0	45	100	0	0	395.979797464	395.979797464	0.156148910522	6	5	6	5
1	"1"	"1"	6	FALSE	0	45	100	0	0	395.979797464	395.979797464	0.189081907272	6	5	6	5
1	"1"	"1"	6	FALSE	0	45	100	0	0	395.979797464	395.979797464	0.22252702713	6	4	6	4
1	"1"	"1"	6	FALSE	0	45	100	0	0	395.979797464	395.979797464	0.256181955338	6	4	6	4
1	"1"	"1"	6	FALSE	0	45	100	0	0	395.979797464	395.979797464	0.289475917816	6	4	6	4
1	"1"	"1"	6	FALSE	0	45	100	0	0	395.979797464	395.979797464	0.322607040405	6	5	6	5
1	"1"	"1"	6	FALSE	0	45	100	0	0	395.979797464	395.979797464	0.356234073639	7	5	7	5
1	"1"	"1"	6	FALSE	0	45	100	0	0	395.979797464	395.979797464	0.388994932175	9	7	9	7
1	"1"	"1"	6	FALSE	0	45	100	0	0	395.979797464	395.979797464	0.423049926758	13	11	13	11
1	"1"	"1"	6	FALSE	0	45	100	0	0	395.979797464	395.979797464	0.456388950348	15	15	15	15
1	"1"	"1"	6	FALSE	0	45	100	0	0	395.979797464	395.979797464	0.489367008209	17	17	17	17
1	"1"	"1"	6	FALSE	0	45	100	0	0	395.979797464	395.979797464	0.523123979568	20	22	20	22
1	"1"	"1"	6	FALSE	0	45	100	0	0	395.979797464	395.979797464	0.556354045868	24	27	24	27
1	"1"	"1"	6	FALSE	0	45	100	0	0	395.979797464	395.979797464	0.589190006256	29	34	29	34
1	"1"	"1"	6	FALSE	0	45	100	0	0	395.979797464	395.979797464	0.623141050339	34	41	34	41
1	"1"	"1"	6	FALSE	0	45	100	0	0	395.979797464	395.979797464	0.656400918961	39	49	39	49
1	"1"	"1"	6	FALSE	0	45	100	0	0	395.979797464	395.979797464	0.689453840256	44	55	44	55
1	"1"	"1"	6	FALSE	0	45	100	0	0	395.979797464	395.979797464	0.72274184227	48	61	48	61
1	"1"	"1"	6	FALSE	0	45	100	0	0	395.979797464	395.979797464	0.756584882736	54	69	54	69
1	"1"	"1"	6	FALSE	0	45	100	0	0	395.979797464	395.979797464	0.789968013763	59	75	59	75
1	"1"	"1"	6	FALSE	0	45	100	0	0	395.979797464	395.979797464	0.823385953903	65	82	65	82
1	"1"	"1"	6	FALSE	0	45	100	0	0	395.979797464	395.979797464	0.856492042542	69	87	69	87
1	"1"	"1"	6	FALSE	0	45	100	0	0	395.979797464	395.979797464	0.889432907104	73	92	73	92
1	"1"	"1"	6	FALSE	0	45	100	0	0	395.979797464	395.979797464	0.923122882843	77	96	77	96
1	"1"	"1"	6	FALSE	0	45	100	0	0	395.979797464	395.979797464	0.956765890121	79	97	79	97
1	"1"	"1"	6	FALSE	0	45	100	0	0	395.979797464	395.979797464	0.990151882172	80	99	80	99
1	"1"	"1"	6	FALSE	0	45	100	0	0	395.979797464	395.979797464	1.02349901199	82	100	82	100
1	"1"	"1"	6	FALSE	0	45	100	0	0	395.979797464	395.979797464	1.0569229126	83	101	83	101
1	"1"	"1"	6	FALSE	0	45	100	0	0	395.979797464	395.979797464	1.09015488625	84	103	84	103
1	"1"	"1"	6	FALSE	0	45	100	0	0	395.979797464	395.979797464	1.1235229969	86	104	86	104
1	"1"	"1"	6	FALSE	0	45	100	0	0	395.979797464	395.979797464	1.15698003769	87	105	87	105
1	"1"	"1"	6	FALSE	0	45	100	0	0	395.979797464	395.979797464	1.19001793861	89	107	89	107
1	"1"	"1"	6	FALSE	0	45	100	0	0	395.979797464	395.979797464	1.22293806076	91	109	91	109
1	"1"	"1"	6	FALSE	0	45	100	0	0	395.979797464	395.979797464	1.25692796707	95	113	95	113
1	"1"	"1"	6	FALSE	0	45	100	0	0	395.979797464	395.979797464	1.2903649807	100	118	100	118
1	"1"	"1"	6	FALSE	0	45	100	0	0	395.979797464	395.979797464	1.32368707657	107	125	107	125
1	"1"	"1"	6	FALSE	0	45	100	0	0	395.979797464	395.979797464	1.3570599556	114	131	114	131
1	"1"	"1"	6	FALSE	0	45	100	0	0	395.979797464	395.979797464	1.39045190811	121	138	121	138
1	"1"	"1"	6	FALSE	0	45	100	0	0	395.979797464	395.979797464	1.42370700836	128	144	128	144
1	"1"	"1"	6	FALSE	0	45	100	0	0	395.979797464	395.979797464	1.4570710659	134	150	134	150
1	"1"	"1"	6	FALSE	0	45	100	0	0	395.979797464	395.979797464	1.49015402794	141	157	141	157
1	"1"	"1"	6	FALSE	0	45	100	0	0	395.979797464	395.979797464	1.5239109993	147	162	147	162
1	"1"	"1"	6	FALSE	0	45	100	0	0	395.979797464	395.979797464	1.55684995651	153	169	153	169
1	"1"	"1"	6	FALSE	0	45	100	0	0	395.979797464	395.979797464	1.59027886391	160	177	160	177
1	"1"	"1"	6	FALSE	0	45	100	0	0	395.979797464	395.979797464	1.62394189835	167	186	167	186
1	"1"	"1"	6	FALSE	0	45	100	0	0	395.979797464	395.979797464	1.65733599663	175	195	175	195
1	"1"	"1"	6	FALSE	0	45	100	0	0	395.979797464	395.979797464	1.69070291519	184	206	184	206
1	"1"	"1"	6	FALSE	0	45	100	0	0	395.979797464	395.979797464	1.72340893745	192	216	192	216
1	"1"	"1"	6	FALSE	0	45	100	0	0	395.979797464	395.979797464	1.7573928833	199	224	199	224
1	"1"	"1"	6	FALSE	0	45	100	0	0	395.979797464	395.979797464	1.79076385498	209	236	209	236
1	"1"	"1"	6	FALSE	0	45	100	0	0	395.979797464	395.979797464	1.82392692566	217	245	217	245
1	"1"	"1"	6	FALSE	0	45	100	0	0	395.979797464	395.979797464	1.85709404945	224	252	224	252
1	"1"	"1"	6	FALSE	0	45	100	0	0	395.979797464	395.979797464	1.89088892937	232	261	232	261
1	"1"	"1"	6	FALSE	0	45	100	0	0	395.979797464	395.979797464	1.92420506477	240	266	240	266
1	"1"	"1"	6	FALSE	0	45	100	0	0	395.979797464	395.979797464	1.95723986626	248	272	248	272
1	"1"	"1"	6	FALSE	0	45	100	0	0	395.979797464	395.979797464	1.99096393585	257	279	257	279
1	"1"	"1"	6	FALSE	0	45	100	0	0	395.979797464	395.979797464	2.0242369175	267	286	267	286
1	"1"	"1"	6	FALSE	0	45	100	0	0	395.979797464	395.979797464	2.05716395378	276	294	276	294
1	"1"	"1"	6	FALSE	0	45	100	0	0	395.979797464	395.979797464	2.09093499184	286	300	286	300
1	"1"	"1"	6	FALSE	0	45	100	0	0	395.979797464	395.979797464	2.12423491478	297	307	297	307
1	"1"	"1"	6	FALSE	0	45	100	0	0	395.979797464	395.979797464	2.15712094307	308	314	308	314
1	"1"	"1"	6	FALSE	0	45	100	0	0	395.979797464	395.979797464	2.19117498398	318	322	318	322
1	"1"	"1"	6	FALSE	0	45	100	0	0	395.979797464	395.979797464	2.22442102432	328	330	328	330
1	"1"	"1"	6	FALSE	0	45	100	0	0	395.979797464	395.979797464	2.25740504265	335	337	335	337
1	"1"	"1"	6	FALSE	0	45	100	0	0	395.979797464	395.979797464	2.29118585587	343	345	343	345
1	"1"	"1"	6	FALSE	0	45	100	0	0	395.979797464	395.979797464	2.32438087463	350	353	350	353
1	"1"	"1"	6	FALSE	0	45	100	0	0	395.979797464	395.979797464	2.3574359417	358	364	358	364
1	"1"	"1"	6	FALSE	0	45	100	0	0	395.979797464	395.979797464	2.39114093781	362	370	362	370
1	"1"	"1"	6	FALSE	0	45	100	0	0	395.979797464	395.979797464	2.42404389381	367	376	367	376
1	"1"	"1"	6	FALSE	0	45	100	0	0	395.979797464	395.979797464	2.45800805092	374	386	374	386
1	"1"	"1"	6	FALSE	0	45	100	0	0	395.979797464	395.979797464	2.49123096466	379	393	379	393
1	"1"	"1"	6	FALSE	0	45	100	0	0	395.979797464	395.979797464	2.52471399307	384	399	384	399
1	"1"	"1"	6	FALSE	0	45	100	0	0	395.979797464	395.979797464	2.55801892281	387	403	387	403
1	"1"	"1"	6	FALSE	0	45	100	0	0	395.979797464	395.979797464	2.59129905701	388	404	388	404
1	"1"	"1"	6	FALSE	0	45	100	0	0	395.979797464	395.979797464	2.62408089638	389	405	389	405
1	"1"	"1"	6	FALSE	0	45	100	0	0	395.979797464	395.979797464	2.65805888176	391	406	391	406
1	"1"	"1"	6	FALSE	0	45	100	0	0	395.979797464	395.979797464	2.6914088726	392	407	392	407
