"task_num"	"task_name"	"trial_type"	"trial_num"	"terminalfeedback_bool"	"rotation_angle"	"targetangle_deg"	"targetdistance_percmax"	"homex_px"	"homey_px"	"targetx_px"	"targety_px"	"time_s"	"mousex_px"	"mousey_px"	"cursorx_px"	"cursory_px"
20	"1"	"1"	1	FALSE	-15	135	100	0	0	-395.979797464	395.979797464	1.76528406143	-1	-9	-3.29529723221	-8.4345133915
20	"1"	"1"	1	FALSE	-15	135	100	0	0	-395.979797464	395.979797464	1.7991361618	-1	-9	-3.29529723221	-8.4345133915
20	"1"	"1"	1	FALSE	-15	135	100	0	0	-395.979797464	395.979797464	1.83250498772	0	-8	-2.07055236082	-7.72740661031
20	"1"	"1"	1	FALSE	-15	135	100	0	0	-395.979797464	395.979797464	1.86579012871	0	-8	-2.07055236082	-7.72740661031
20	"1"	"1"	1	FALSE	-15	135	100	0	0	-395.979797464	395.979797464	1.89920020103	0	-8	-2.07055236082	-7.72740661031
20	"1"	"1"	1	FALSE	-15	135	100	0	0	-395.979797464	395.979797464	1.9324991703	0	-8	-2.07055236082	-7.72740661031
20	"1"	"1"	1	FALSE	-15	135	100	0	0	-395.979797464	395.979797464	1.96543216705	-1	-8	-3.03647818711	-7.46858756521
20	"1"	"1"	1	FALSE	-15	135	100	0	0	-395.979797464	395.979797464	1.99925518036	-1	-8	-3.03647818711	-7.46858756521
20	"1"	"1"	1	FALSE	-15	135	100	0	0	-395.979797464	395.979797464	2.03262805939	-1	-8	-3.03647818711	-7.46858756521
20	"1"	"1"	1	FALSE	-15	135	100	0	0	-395.979797464	395.979797464	2.06588411331	-1	-8	-3.03647818711	-7.46858756521
20	"1"	"1"	1	FALSE	-15	135	100	0	0	-395.979797464	395.979797464	2.09932208061	-1	-6	-2.5188400969	-5.53673591263
20	"1"	"1"	1	FALSE	-15	135	100	0	0	-395.979797464	395.979797464	2.13274216652	-4	4	-2.82842712475	4.89897948557
20	"1"	"1"	1	FALSE	-15	135	100	0	0	-395.979797464	395.979797464	2.1660721302	-16	24	-9.24315613816	27.3233245526
20	"1"	"1"	1	FALSE	-15	135	100	0	0	-395.979797464	395.979797464	2.19931817055	-30	49	-16.2956415786	55.0949368412
20	"1"	"1"	1	FALSE	-15	135	100	0	0	-395.979797464	395.979797464	2.2326271534	-50	76	-28.6260438867	86.3513150531
20	"1"	"1"	1	FALSE	-15	135	100	0	0	-395.979797464	395.979797464	2.26549601555	-78	98	-49.9779480305	114.848616494
20	"1"	"1"	1	FALSE	-15	135	100	0	0	-395.979797464	395.979797464	2.29943299294	-111	116	-77.1947574862	140.776309856
20	"1"	"1"	1	FALSE	-15	135	100	0	0	-395.979797464	395.979797464	2.3328371048	-146	138	-105.308142414	171.085344613
20	"1"	"1"	1	FALSE	-15	135	100	0	0	-395.979797464	395.979797464	2.36629199982	-172	157	-125.504652041	196.167230485
20	"1"	"1"	1	FALSE	-15	135	100	0	0	-395.979797464	395.979797464	2.39951610565	-202	181	-148.270769747	227.114021669
20	"1"	"1"	1	FALSE	-15	135	100	0	0	-395.979797464	395.979797464	2.43291115761	-231	197	-172.141513988	250.074587198
20	"1"	"1"	1	FALSE	-15	135	100	0	0	-395.979797464	395.979797464	2.46629619598	-260	215	-195.494620138	274.967004379
20	"1"	"1"	1	FALSE	-15	135	100	0	0	-395.979797464	395.979797464	2.49953699112	-287	230	-217.692331771	296.444005991
20	"1"	"1"	1	FALSE	-15	135	100	0	0	-395.979797464	395.979797464	2.53298616409	-310	243	-236.54397819	314.95387977
20	"1"	"1"	1	FALSE	-15	135	100	0	0	-395.979797464	395.979797464	2.56635212898	-334	257	-256.102731389	334.688498421
20	"1"	"1"	1	FALSE	-15	135	100	0	0	-395.979797464	395.979797464	2.59971213341	-351	267	-269.935279985	348.74768045
20	"1"	"1"	1	FALSE	-15	135	100	0	0	-395.979797464	395.979797464	2.63303017616	-362	273	-279.007549804	357.390244904
20	"1"	"1"	1	FALSE	-15	135	100	0	0	-395.979797464	395.979797464	2.66640305519	-376	279	-290.977597101	366.809266493
20	"1"	"1"	1	FALSE	-15	135	100	0	0	-395.979797464	395.979797464	2.69960808754	-388	285	-301.015792746	375.710649992
20	"1"	"1"	1	FALSE	-15	135	100	0	0	-395.979797464	395.979797464	2.73317503929	-403	289	-314.46940396	383.456638974
20	"1"	"1"	1	FALSE	-15	135	100	0	0	-395.979797464	395.979797464	2.76645207405	-413	292	-323.352205087	388.942606904
20	"1"	"1"	1	FALSE	-15	135	100	0	0	-395.979797464	395.979797464	2.7999150753	-424	296	-332.942112996	395.653319705
20	"1"	"1"	1	FALSE	-15	135	100	0	0	-395.979797464	395.979797464	2.83302116394	-433	298	-341.117807343	399.914542764
20	"1"	"1"	1	FALSE	-15	135	100	0	0	-395.979797464	395.979797464	2.86662697792	-440	297	-348.138107172	400.760350253
20	"1"	"1"	1	FALSE	-15	135	100	0	0	-395.979797464	395.979797464	2.8998260498	-447	297	-354.899587956	402.572083569
20	"1"	"1"	1	FALSE	-15	135	100	0	0	-395.979797464	395.979797464	2.93324112892	-454	298	-361.402249695	405.349742711
20	"1"	"1"	1	FALSE	-15	135	100	0	0	-395.979797464	395.979797464	2.96657705307	-460	297	-367.456623698	405.936731155
20	"1"	"1"	1	FALSE	-15	135	100	0	0	-395.979797464	395.979797464	3.00004601479	-468	293	-376.219306488	404.143580211
20	"1"	"1"	1	FALSE	-15	135	100	0	0	-395.979797464	395.979797464	3.03283715248	-475	289	-384.016063453	402.091610221
20	"1"	"1"	1	FALSE	-15	135	100	0	0	-395.979797464	395.979797464	3.06675410271	-477	287	-386.465553195	400.677396659
20	"1"	"1"	2	FALSE	-15	45	100	0	0	395.979797464	395.979797464	0.00216293334961	-1	-2	-1.48356391649	-1.67303260748
20	"1"	"1"	2	FALSE	-15	45	100	0	0	395.979797464	395.979797464	0.0224010944366	-1	-2	-1.48356391649	-1.67303260748
20	"1"	"1"	2	FALSE	-15	45	100	0	0	395.979797464	395.979797464	0.0557060241699	-1	-2	-1.48356391649	-1.67303260748
20	"1"	"1"	2	FALSE	-15	45	100	0	0	395.979797464	395.979797464	0.0892241001129	-1	-2	-1.48356391649	-1.67303260748
20	"1"	"1"	2	FALSE	-15	45	100	0	0	395.979797464	395.979797464	0.122372150421	-1	-2	-1.48356391649	-1.67303260748
20	"1"	"1"	2	FALSE	-15	45	100	0	0	395.979797464	395.979797464	0.155920028687	-1	-2	-1.48356391649	-1.67303260748
20	"1"	"1"	2	FALSE	-15	45	100	0	0	395.979797464	395.979797464	0.189257144928	-1	-1	-1.22474487139	-0.707106781187
20	"1"	"1"	2	FALSE	-15	45	100	0	0	395.979797464	395.979797464	0.22255897522	-1	-1	-1.22474487139	-0.707106781187
20	"1"	"1"	2	FALSE	-15	45	100	0	0	395.979797464	395.979797464	0.256003141403	-1	-1	-1.22474487139	-0.707106781187
20	"1"	"1"	2	FALSE	-15	45	100	0	0	395.979797464	395.979797464	0.289355993271	0	2	0.517638090205	1.93185165258
20	"1"	"1"	2	FALSE	-15	45	100	0	0	395.979797464	395.979797464	0.322721004486	5	12	7.93545767268	10.29701469
20	"1"	"1"	2	FALSE	-15	45	100	0	0	395.979797464	395.979797464	0.356065034866	13	26	19.2863309144	21.7494238972
20	"1"	"1"	2	FALSE	-15	45	100	0	0	395.979797464	395.979797464	0.389528036118	28	52	40.5045134814	42.9812097042
20	"1"	"1"	2	FALSE	-15	45	100	0	0	395.979797464	395.979797464	0.422865152359	46	78	64.6204735273	63.4365383758
20	"1"	"1"	2	FALSE	-15	45	100	0	0	395.979797464	395.979797464	0.456095933914	70	107	95.3084456662	85.2367302558
20	"1"	"1"	2	FALSE	-15	45	100	0	0	395.979797464	395.979797464	0.489553928375	94	134	125.478779715	105.105070483
20	"1"	"1"	2	FALSE	-15	45	100	0	0	395.979797464	395.979797464	0.522920131683	116	163	154.234900201	127.422900453
20	"1"	"1"	2	FALSE	-15	45	100	0	0	395.979797464	395.979797464	0.556246042252	142	196	187.890000173	152.569157548
20	"1"	"1"	2	FALSE	-15	45	100	0	0	395.979797464	395.979797464	0.589524030685	163	223	215.162556743	173.213954911
20	"1"	"1"	2	FALSE	-15	45	100	0	0	395.979797464	395.979797464	0.623017072678	182	255	241.797356886	199.206019495
20	"1"	"1"	2	FALSE	-15	45	100	0	0	395.979797464	395.979797464	0.656307935715	208	289	275.711275903	225.318202416
20	"1"	"1"	2	FALSE	-15	45	100	0	0	395.979797464	395.979797464	0.689634084702	226	315	299.827235949	245.773531088
20	"1"	"1"	2	FALSE	-15	45	100	0	0	395.979797464	395.979797464	0.72305393219	244	345	324.978472175	270.092563065
20	"1"	"1"	2	FALSE	-15	45	100	0	0	395.979797464	395.979797464	0.756389141083	259	371	346.196654742	291.324348872
20	"1"	"1"	2	FALSE	-15	45	100	0	0	395.979797464	395.979797464	0.789689064026	278	401	372.313816794	315.384561803
20	"1"	"1"	2	FALSE	-15	45	100	0	0	395.979797464	395.979797464	0.823039054871	291	426	391.341328664	336.168059874
20	"1"	"1"	2	FALSE	-15	45	100	0	0	395.979797464	395.979797464	0.856369018555	298	439	401.467457034	346.9133623
20	"1"	"1"	2	FALSE	-15	45	100	0	0	395.979797464	395.979797464	0.889822006226	307	455	414.301894192	360.038804115
20	"1"	"1"	2	FALSE	-15	45	100	0	0	395.979797464	395.979797464	0.923156023026	312	465	421.719713775	368.403967152
20	"1"	"1"	2	FALSE	-15	45	100	0	0	395.979797464	395.979797464	0.956521034241	316	474	427.912788486	376.062023409
20	"1"	"1"	2	FALSE	-15	45	100	0	0	395.979797464	395.979797464	0.989882946014	318	480	431.397554409	381.339940276
20	"1"	"1"	2	FALSE	-15	45	100	0	0	395.979797464	395.979797464	1.02330112457	318	481	431.656373454	382.305866102
20	"1"	"1"	2	FALSE	-15	45	100	0	0	395.979797464	395.979797464	1.05657410622	313	485	427.862020503	387.463664633
20	"1"	"1"	2	FALSE	-15	45	100	0	0	395.979797464	395.979797464	1.08997797966	305	486	420.393432938	390.50014282
20	"1"	"1"	2	FALSE	-15	45	100	0	0	395.979797464	395.979797464	1.12327408791	298	486	413.631952154	392.311876136
20	"1"	"1"	2	FALSE	-15	45	100	0	0	395.979797464	395.979797464	1.15665793419	297	485	412.407207283	391.604769355
20	"1"	"1"	2	FALSE	-15	45	100	0	0	395.979797464	395.979797464	1.19004011154	294	483	408.991791714	390.449374837
20	"1"	"1"	2	FALSE	-15	45	100	0	0	395.979797464	395.979797464	1.223498106	291	480	405.317557099	388.328054494
20	"1"	"1"	2	FALSE	-15	45	100	0	0	395.979797464	395.979797464	1.25673294067	289	479	403.126886402	387.879766758
20	"1"	"1"	2	FALSE	-15	45	100	0	0	395.979797464	395.979797464	1.29015803337	288	478	401.90214153	387.172659977
20	"1"	"1"	3	FALSE	-15	90	100	0	0	3.42901103761e-14	560	0.00157880783081	7	8	8.83203314484	5.91567329459
20	"1"	"1"	3	FALSE	-15	90	100	0	0	3.42901103761e-14	560	0.0214638710022	7	8	8.83203314484	5.91567329459
20	"1"	"1"	3	FALSE	-15	90	100	0	0	3.42901103761e-14	560	0.0551619529724	7	8	8.83203314484	5.91567329459
20	"1"	"1"	3	FALSE	-15	90	100	0	0	3.42901103761e-14	560	0.0883498191833	7	8	8.83203314484	5.91567329459
20	"1"	"1"	3	FALSE	-15	90	100	0	0	3.42901103761e-14	560	0.121728897095	7	9	9.09085218995	6.88159912088
20	"1"	"1"	3	FALSE	-15	90	100	0	0	3.42901103761e-14	560	0.155025005341	7	9	9.09085218995	6.88159912088
20	"1"	"1"	3	FALSE	-15	90	100	0	0	3.42901103761e-14	560	0.188114881516	7	10	9.34967123505	7.84752494717
20	"1"	"1"	3	FALSE	-15	90	100	0	0	3.42901103761e-14	560	0.221192836761	7	10	9.34967123505	7.84752494717
20	"1"	"1"	3	FALSE	-15	90	100	0	0	3.42901103761e-14	560	0.255164861679	7	11	9.60849028015	8.81345077346
20	"1"	"1"	3	FALSE	-15	90	100	0	0	3.42901103761e-14	560	0.288578987122	6	13	9.16020254407	11.0041214711
20	"1"	"1"	3	FALSE	-15	90	100	0	0	3.42901103761e-14	560	0.321319818497	1	33	9.50695431467	31.6167332224
20	"1"	"1"	3	FALSE	-15	90	100	0	0	3.42901103761e-14	560	0.355357885361	-8	69	10.1311075018	68.7194343748
20	"1"	"1"	3	FALSE	-15	90	100	0	0	3.42901103761e-14	560	0.388655900955	-23	117	8.06553427235	118.966159713
20	"1"	"1"	3	FALSE	-15	90	100	0	0	3.42901103761e-14	560	0.421944856644	-41	182	7.50210733081	186.410081234
20	"1"	"1"	3	FALSE	-15	90	100	0	0	3.42901103761e-14	560	0.455410957336	-53	232	8.85194967046	237.812201089
20	"1"	"1"	3	FALSE	-15	90	100	0	0	3.42901103761e-14	560	0.488914012909	-62	279	12.3231123537	285.540086331
20	"1"	"1"	3	FALSE	-15	90	100	0	0	3.42901103761e-14	560	0.522065877914	-68	317	16.3626811098	323.798182001
20	"1"	"1"	3	FALSE	-15	90	100	0	0	3.42901103761e-14	560	0.555509805679	-72	350	21.0400062931	356.709010449
20	"1"	"1"	3	FALSE	-15	90	100	0	0	3.42901103761e-14	560	0.588845968246	-77	387	25.7866818304	393.742361247
20	"1"	"1"	3	FALSE	-15	90	100	0	0	3.42901103761e-14	560	0.622054815292	-85	416	25.5650275281	423.82476257
20	"1"	"1"	3	FALSE	-15	90	100	0	0	3.42901103761e-14	560	0.655629873276	-91	443	26.7575867881	451.45767415
20	"1"	"1"	3	FALSE	-15	90	100	0	0	3.42901103761e-14	560	0.688918828964	-95	465	28.5879024752	473.743318509
20	"1"	"1"	3	FALSE	-15	90	100	0	0	3.42901103761e-14	560	0.722321987152	-101	487	28.4863665097	496.546600958
20	"1"	"1"	3	FALSE	-15	90	100	0	0	3.42901103761e-14	560	0.755697011948	-106	501	27.2802040097	511.363657752
20	"1"	"1"	3	FALSE	-15	90	100	0	0	3.42901103761e-14	560	0.789076805115	-112	514	24.8492966383	525.473607764
20	"1"	"1"	3	FALSE	-15	90	100	0	0	3.42901103761e-14	560	0.822380781174	-118	527	22.4183892669	539.583557776
20	"1"	"1"	3	FALSE	-15	90	100	0	0	3.42901103761e-14	560	0.855633974075	-123	537	20.1769505865	550.536911265
20	"1"	"1"	3	FALSE	-15	90	100	0	0	3.42901103761e-14	560	0.889076948166	-125	543	19.7980132045	556.850104313
20	"1"	"1"	3	FALSE	-15	90	100	0	0	3.42901103761e-14	560	0.922482967377	-128	547	17.9355119061	561.490264753
20	"1"	"1"	3	FALSE	-15	90	100	0	0	3.42901103761e-14	560	0.955899953842	-132	552	15.3659038264	567.355170065
20	"1"	"1"	3	FALSE	-15	90	100	0	0	3.42901103761e-14	560	0.989203929901	-136	556	12.5374767017	572.254149551
20	"1"	"1"	3	FALSE	-15	90	100	0	0	3.42901103761e-14	560	1.02260684967	-139	558	10.157337313	574.962458339
20	"1"	"1"	3	FALSE	-15	90	100	0	0	3.42901103761e-14	560	1.05588388443	-139	558	10.157337313	574.962458339
20	"1"	"1"	3	FALSE	-15	90	100	0	0	3.42901103761e-14	560	1.0892829895	-139	558	10.157337313	574.962458339
20	"1"	"1"	3	FALSE	-15	90	100	0	0	3.42901103761e-14	560	1.12259984016	-139	558	10.157337313	574.962458339
20	"1"	"1"	3	FALSE	-15	90	100	0	0	3.42901103761e-14	560	1.15603399277	-139	557	9.89851826792	573.996532512
20	"1"	"1"	3	FALSE	-15	90	100	0	0	3.42901103761e-14	560	1.18927693367	-139	555	9.38088017772	572.06468086
20	"1"	"1"	3	FALSE	-15	90	100	0	0	3.42901103761e-14	560	1.22280097008	-139	552	8.60442304241	569.166903381
20	"1"	"1"	3	FALSE	-15	90	100	0	0	3.42901103761e-14	560	1.25601482391	-138	549	8.79389173339	566.010306857
20	"1"	"1"	3	FALSE	-15	90	100	0	0	3.42901103761e-14	560	1.28940200806	-138	545	7.75861555298	562.146603552
20	"1"	"1"	3	FALSE	-15	90	100	0	0	3.42901103761e-14	560	1.32276892662	-137	540	7.43044615376	557.058155375
20	"1"	"1"	3	FALSE	-15	90	100	0	0	3.42901103761e-14	560	1.35606598854	-137	537	6.65398901845	554.160377896
20	"1"	"1"	3	FALSE	-15	90	100	0	0	3.42901103761e-14	560	1.3894097805	-136	536	7.36109579964	552.935633025
20	"1"	"1"	3	FALSE	-15	90	100	0	0	3.42901103761e-14	560	1.42281293869	-136	534	6.84345770943	551.003781372
20	"1"	"1"	3	FALSE	-15	90	100	0	0	3.42901103761e-14	560	1.45627689362	-136	531	6.06700057413	548.106003893
20	"1"	"1"	3	FALSE	-15	90	100	0	0	3.42901103761e-14	560	1.48933196068	-136	530	5.80818152902	547.140078067
20	"1"	"1"	3	FALSE	-15	90	100	0	0	3.42901103761e-14	560	1.52287697792	-136	530	5.80818152902	547.140078067
20	"1"	"1"	3	FALSE	-15	90	100	0	0	3.42901103761e-14	560	1.55575489998	-136	529	5.54936248392	546.174152241
20	"1"	"1"	3	FALSE	-15	90	100	0	0	3.42901103761e-14	560	1.58971786499	-136	529	5.54936248392	546.174152241
20	"1"	"1"	3	FALSE	-15	90	100	0	0	3.42901103761e-14	560	1.62303781509	-136	529	5.54936248392	546.174152241
20	"1"	"1"	3	FALSE	-15	90	100	0	0	3.42901103761e-14	560	1.65596199036	-138	530	3.87632987644	547.657716157
20	"1"	"1"	3	FALSE	-15	90	100	0	0	3.42901103761e-14	560	1.68966794014	-139	532	3.42804214036	549.848386855
20	"1"	"1"	3	FALSE	-15	90	100	0	0	3.42901103761e-14	560	1.72296285629	-142	535	1.3067217968	553.522621469
20	"1"	"1"	3	FALSE	-15	90	100	0	0	3.42901103761e-14	560	1.75645589828	-143	537	0.858434060717	555.713292167
20	"1"	"1"	3	FALSE	-15	90	100	0	0	3.42901103761e-14	560	1.78981399536	-144	538	0.15132727953	556.938037038
20	"1"	"1"	3	FALSE	-15	90	100	0	0	3.42901103761e-14	560	1.82274794579	-146	539	-1.52170532795	558.421600955
20	"1"	"1"	4	FALSE	-15	90	100	0	0	3.42901103761e-14	560	0.00216507911682	-7	-6	-8.31439505464	-3.98382164202
20	"1"	"1"	4	FALSE	-15	90	100	0	0	3.42901103761e-14	560	0.0381770133972	-7	-6	-8.31439505464	-3.98382164202
20	"1"	"1"	4	FALSE	-15	90	100	0	0	3.42901103761e-14	560	0.071515083313	-7	-6	-8.31439505464	-3.98382164202
20	"1"	"1"	4	FALSE	-15	90	100	0	0	3.42901103761e-14	560	0.104731082916	-8	-5	-9.02150183583	-2.75907677063
20	"1"	"1"	4	FALSE	-15	90	100	0	0	3.42901103761e-14	560	0.138070106506	-8	-5	-9.02150183583	-2.75907677063
20	"1"	"1"	4	FALSE	-15	90	100	0	0	3.42901103761e-14	560	0.171440124512	-8	-3	-8.50386374562	-0.827225118047
20	"1"	"1"	4	FALSE	-15	90	100	0	0	3.42901103761e-14	560	0.204838991165	-7	-1	-7.02029982913	0.845807489429
20	"1"	"1"	4	FALSE	-15	90	100	0	0	3.42901103761e-14	560	0.237595081329	-7	0	-6.76148078402	1.81173331572
20	"1"	"1"	4	FALSE	-15	90	100	0	0	3.42901103761e-14	560	0.271564006805	-7	2	-6.24384269382	3.7435849683
20	"1"	"1"	4	FALSE	-15	90	100	0	0	3.42901103761e-14	560	0.305083036423	-7	7	-4.94974746831	8.57321409974
20	"1"	"1"	4	FALSE	-15	90	100	0	0	3.42901103761e-14	560	0.338308095932	-11	18	-5.96644127733	20.2336743693
20	"1"	"1"	4	FALSE	-15	90	100	0	0	3.42901103761e-14	560	0.371599912643	-19	42	-7.48219080519	45.4864465611
20	"1"	"1"	4	FALSE	-15	90	100	0	0	3.42901103761e-14	560	0.404745101929	-31	79	-9.49699605186	84.331530675
20	"1"	"1"	4	FALSE	-15	90	100	0	0	3.42901103761e-14	560	0.43839597702	-40	111	-9.90811904518	117.570528522
20	"1"	"1"	4	FALSE	-15	90	100	0	0	3.42901103761e-14	560	0.471651077271	-48	139	-10.3885923926	146.687004019
20	"1"	"1"	4	FALSE	-15	90	100	0	0	3.42901103761e-14	560	0.5047519207	-56	168	-10.610246695	176.769405342
20	"1"	"1"	4	FALSE	-15	90	100	0	0	3.42901103761e-14	560	0.538479089737	-63	192	-11.1600703965	201.763358489
20	"1"	"1"	4	FALSE	-15	90	100	0	0	3.42901103761e-14	560	0.571797132492	-71	226	-10.0876294734	236.675388944
20	"1"	"1"	4	FALSE	-15	90	100	0	0	3.42901103761e-14	560	0.605207920074	-77	265	-5.78924167209	275.899410439
20	"1"	"1"	4	FALSE	-15	90	100	0	0	3.42901103761e-14	560	0.63795208931	-83	297	-3.30258718654	308.361951151
20	"1"	"1"	4	FALSE	-15	90	100	0	0	3.42901103761e-14	560	0.672040939331	-86	322	0.270111462152	333.286553944
20	"1"	"1"	4	FALSE	-15	90	100	0	0	3.42901103761e-14	560	0.705348968506	-90	350	3.65334141987	361.36775326
20	"1"	"1"	4	FALSE	-15	90	100	0	0	3.42901103761e-14	560	0.738513946533	-94	376	6.51893328738	387.517100924
20	"1"	"1"	4	FALSE	-15	90	100	0	0	3.42901103761e-14	560	0.771357059479	-99	396	6.86568505798	408.129712676
20	"1"	"1"	4	FALSE	-15	90	100	0	0	3.42901103761e-14	560	0.805397033691	-105	418	6.7641490925	430.932995125
20	"1"	"1"	4	FALSE	-15	90	100	0	0	3.42901103761e-14	560	0.838707923889	-109	432	6.52391241878	445.491232873
20	"1"	"1"	4	FALSE	-15	90	100	0	0	3.42901103761e-14	560	0.872009038925	-113	447	6.54249479016	461.015396448
20	"1"	"1"	4	FALSE	-15	90	100	0	0	3.42901103761e-14	560	0.905318975449	-117	460	6.04343907134	474.60770837
20	"1"	"1"	4	FALSE	-15	90	100	0	0	3.42901103761e-14	560	0.938715934753	-120	471	5.9926710886	486.009349594
20	"1"	"1"	4	FALSE	-15	90	100	0	0	3.42901103761e-14	560	0.971543073654	-124	485	5.75243441488	500.567587343
20	"1"	"1"	4	FALSE	-15	90	100	0	0	3.42901103761e-14	560	1.00552010536	-126	496	6.66759225843	511.710409522
20	"1"	"1"	4	FALSE	-15	90	100	0	0	3.42901103761e-14	560	1.03888511658	-128	507	7.58275010198	522.853231702
20	"1"	"1"	4	FALSE	-15	90	100	0	0	3.42901103761e-14	560	1.07171010971	-130	515	7.72145081022	531.098276402
20	"1"	"1"	4	FALSE	-15	90	100	0	0	3.42901103761e-14	560	1.10544204712	-130	520	9.01554603573	535.927905534
20	"1"	"1"	4	FALSE	-15	90	100	0	0	3.42901103761e-14	560	1.13897204399	-131	525	9.34371543496	541.01635371
20	"1"	"1"	4	FALSE	-15	90	100	0	0	3.42901103761e-14	560	1.17219591141	-133	529	8.44713996279	545.397695106
20	"1"	"1"	4	FALSE	-15	90	100	0	0	3.42901103761e-14	560	1.20555400848	-134	532	8.25767127181	548.55429163
20	"1"	"1"	4	FALSE	-15	90	100	0	0	3.42901103761e-14	560	1.23839497566	-135	535	8.06820258082	551.710888153
20	"1"	"1"	4	FALSE	-15	90	100	0	0	3.42901103761e-14	560	1.27241206169	-136	538	7.87873388984	554.867484677
20	"1"	"1"	4	FALSE	-15	90	100	0	0	3.42901103761e-14	560	1.30579996109	-139	541	5.75741354628	558.541719292
20	"1"	"1"	4	FALSE	-15	90	100	0	0	3.42901103761e-14	560	1.33852005005	-140	542	5.0503067651	559.766464163
20	"1"	"1"	4	FALSE	-15	90	100	0	0	3.42901103761e-14	560	1.37253499031	-141	543	4.34319998391	560.991209034
20	"1"	"1"	5	FALSE	-15	135	100	0	0	-395.979797464	395.979797464	0.00196599960327	-2	2	-1.41421356237	2.44948974278
20	"1"	"1"	5	FALSE	-15	135	100	0	0	-395.979797464	395.979797464	0.0381870269775	-2	2	-1.41421356237	2.44948974278
20	"1"	"1"	5	FALSE	-15	135	100	0	0	-395.979797464	395.979797464	0.0714409351349	-2	2	-1.41421356237	2.44948974278
20	"1"	"1"	5	FALSE	-15	135	100	0	0	-395.979797464	395.979797464	0.104593038559	-2	2	-1.41421356237	2.44948974278
20	"1"	"1"	5	FALSE	-15	135	100	0	0	-395.979797464	395.979797464	0.138047933578	-2	2	-1.41421356237	2.44948974278
20	"1"	"1"	5	FALSE	-15	135	100	0	0	-395.979797464	395.979797464	0.1709420681	-2	2	-1.41421356237	2.44948974278
20	"1"	"1"	5	FALSE	-15	135	100	0	0	-395.979797464	395.979797464	0.204905986786	-2	2	-1.41421356237	2.44948974278
20	"1"	"1"	5	FALSE	-15	135	100	0	0	-395.979797464	395.979797464	0.238357067108	-2	2	-1.41421356237	2.44948974278
20	"1"	"1"	5	FALSE	-15	135	100	0	0	-395.979797464	395.979797464	0.271595001221	-2	2	-1.41421356237	2.44948974278
20	"1"	"1"	5	FALSE	-15	135	100	0	0	-395.979797464	395.979797464	0.305013895035	-2	2	-1.41421356237	2.44948974278
20	"1"	"1"	5	FALSE	-15	135	100	0	0	-395.979797464	395.979797464	0.338463068008	-4	4	-2.82842712475	4.89897948557
20	"1"	"1"	5	FALSE	-15	135	100	0	0	-395.979797464	395.979797464	0.371656894684	-14	15	-9.64067589151	18.1123540258
20	"1"	"1"	5	FALSE	-15	135	100	0	0	-395.979797464	395.979797464	0.405029058456	-34	37	-23.265173425	44.5391031062
20	"1"	"1"	5	FALSE	-15	135	100	0	0	-395.979797464	395.979797464	0.437841892242	-57	55	-40.8227246178	67.8786060167
20	"1"	"1"	5	FALSE	-15	135	100	0	0	-395.979797464	395.979797464	0.471863031387	-80	70	-59.1567329459	88.3203314484
20	"1"	"1"	5	FALSE	-15	135	100	0	0	-395.979797464	395.979797464	0.505210876465	-112	94	-83.8547023047	119.784760723
20	"1"	"1"	5	FALSE	-15	135	100	0	0	-395.979797464	395.979797464	0.538623094559	-148	123	-111.122279743	157.114095309
20	"1"	"1"	5	FALSE	-15	135	100	0	0	-395.979797464	395.979797464	0.571938037872	-177	141	-134.475385894	182.00651249
20	"1"	"1"	5	FALSE	-15	135	100	0	0	-395.979797464	395.979797464	0.604918956757	-214	161	-165.038260564	210.901333684
20	"1"	"1"	5	FALSE	-15	135	100	0	0	-395.979797464	395.979797464	0.638499975204	-248	178	-193.479814891	236.121920265
20	"1"	"1"	5	FALSE	-15	135	100	0	0	-395.979797464	395.979797464	0.672027111053	-277	189	-218.644654358	254.252856662
20	"1"	"1"	5	FALSE	-15	135	100	0	0	-395.979797464	395.979797464	0.704789876938	-301	196	-240.015140873	267.225994529
20	"1"	"1"	5	FALSE	-15	135	100	0	0	-395.979797464	395.979797464	0.738755941391	-319	204	-255.331253385	279.612143951
20	"1"	"1"	5	FALSE	-15	135	100	0	0	-395.979797464	395.979797464	0.772011041641	-337	213	-270.388546853	292.964219199
20	"1"	"1"	5	FALSE	-15	135	100	0	0	-395.979797464	395.979797464	0.804889917374	-350	218	-281.651487369	301.158495917
20	"1"	"1"	5	FALSE	-15	135	100	0	0	-395.979797464	395.979797464	0.838886022568	-366	226	-295.035748229	313.027007249
20	"1"	"1"	5	FALSE	-15	135	100	0	0	-395.979797464	395.979797464	0.871984004974	-381	233	-307.712902307	323.670773709
20	"1"	"1"	5	FALSE	-15	135	100	0	0	-395.979797464	395.979797464	0.905605077744	-393	241	-317.233459862	334.504008861
20	"1"	"1"	5	FALSE	-15	135	100	0	0	-395.979797464	395.979797464	0.938843011856	-409	248	-330.876539767	345.406594367
20	"1"	"1"	5	FALSE	-15	135	100	0	0	-395.979797464	395.979797464	0.971873998642	-421	255	-340.655916367	355.273903692
20	"1"	"1"	5	FALSE	-15	135	100	0	0	-395.979797464	395.979797464	1.00567889214	-436	261	-353.59188949	364.951744326
20	"1"	"1"	5	FALSE	-15	135	100	0	0	-395.979797464	395.979797464	1.03900003433	-446	267	-361.698233483	373.335489735
20	"1"	"1"	5	FALSE	-15	135	100	0	0	-395.979797464	395.979797464	1.07232499123	-456	274	-369.54575843	382.68516097
20	"1"	"1"	5	FALSE	-15	135	100	0	0	-395.979797464	395.979797464	1.10529899597	-466	280	-377.652102422	391.068906379
20	"1"	"1"	5	FALSE	-15	135	100	0	0	-395.979797464	395.979797464	1.13831996918	-475	284	-385.310158678	397.26198109
20	"1"	"1"	5	FALSE	-15	135	100	0	0	-395.979797464	395.979797464	1.17241096497	-482	287	-391.295182327	401.971491884
20	"1"	"1"	5	FALSE	-15	135	100	0	0	-395.979797464	395.979797464	1.2058160305	-486	288	-394.900066587	403.972693891
20	"1"	"1"	5	FALSE	-15	135	100	0	0	-395.979797464	395.979797464	1.23845505714	-488	288	-396.83191824	404.490331981
20	"1"	"1"	6	FALSE	-15	45	100	0	0	395.979797464	395.979797464	0.00208377838135	-12	-6	-13.1440241861	-2.6897264165
20	"1"	"1"	6	FALSE	-15	45	100	0	0	395.979797464	395.979797464	0.0383639335632	-12	-6	-13.1440241861	-2.6897264165
20	"1"	"1"	6	FALSE	-15	45	100	0	0	395.979797464	395.979797464	0.0717289447784	-12	-6	-13.1440241861	-2.6897264165
20	"1"	"1"	6	FALSE	-15	45	100	0	0	395.979797464	395.979797464	0.105045795441	-12	-6	-13.1440241861	-2.6897264165
20	"1"	"1"	6	FALSE	-15	45	100	0	0	395.979797464	395.979797464	0.137812852859	-12	-6	-13.1440241861	-2.6897264165
20	"1"	"1"	6	FALSE	-15	45	100	0	0	395.979797464	395.979797464	0.171808958054	-12	-5	-12.885205141	-1.72380059022
20	"1"	"1"	6	FALSE	-15	45	100	0	0	395.979797464	395.979797464	0.205216884613	-11	-4	-11.6604602696	-1.01669380903
20	"1"	"1"	6	FALSE	-15	45	100	0	0	395.979797464	395.979797464	0.238047838211	-10	-3	-10.4357153982	-0.309587027842
20	"1"	"1"	6	FALSE	-15	45	100	0	0	395.979797464	395.979797464	0.271872997284	-7	0	-6.76148078402	1.81173331572
20	"1"	"1"	6	FALSE	-15	45	100	0	0	395.979797464	395.979797464	0.305269956589	-1	9	1.36344557963	8.9521514817
20	"1"	"1"	6	FALSE	-15	45	100	0	0	395.979797464	395.979797464	0.338459968567	6	25	12.2660310853	22.5952313866
20	"1"	"1"	6	FALSE	-15	45	100	0	0	395.979797464	395.979797464	0.371989011765	18	51	30.5864361734	44.6034743289
20	"1"	"1"	6	FALSE	-15	45	100	0	0	395.979797464	395.979797464	0.404915809631	31	77	49.8727670879	66.3528982261
20	"1"	"1"	6	FALSE	-15	45	100	0	0	395.979797464	395.979797464	0.438709974289	45	103	70.1250238286	87.8435030782
20	"1"	"1"	6	FALSE	-15	45	100	0	0	395.979797464	395.979797464	0.471922874451	62	133	94.3103342286	112.4213541
20	"1"	"1"	6	FALSE	-15	45	100	0	0	395.979797464	395.979797464	0.504733800888	78	161	117.012080712	135.326172515
20	"1"	"1"	6	FALSE	-15	45	100	0	0	395.979797464	395.979797464	0.538793802261	97	194	143.9056999	162.284162925
20	"1"	"1"	6	FALSE	-15	45	100	0	0	395.979797464	395.979797464	0.571985960007	117	222	170.471149689	184.153705159
20	"1"	"1"	6	FALSE	-15	45	100	0	0	395.979797464	395.979797464	0.60481095314	132	243	190.39523703	200.555861835
20	"1"	"1"	6	FALSE	-15	45	100	0	0	395.979797464	395.979797464	0.638876914978	152	270	216.701867774	221.459478242
20	"1"	"1"	6	FALSE	-15	45	100	0	0	395.979797464	395.979797464	0.672190904617	167	291	236.625955115	237.861634918
20	"1"	"1"	6	FALSE	-15	45	100	0	0	395.979797464	395.979797464	0.704988956451	184	313	258.740713154	254.71207933
20	"1"	"1"	6	FALSE	-15	45	100	0	0	395.979797464	395.979797464	0.738784790039	198	334	277.698874669	271.37305505
20	"1"	"1"	6	FALSE	-15	45	100	0	0	395.979797464	395.979797464	0.772229909897	210	351	293.689908352	284.687965556
20	"1"	"1"	6	FALSE	-15	45	100	0	0	395.979797464	395.979797464	0.805599927902	218	367	305.558419684	298.072226416
20	"1"	"1"	6	FALSE	-15	45	100	0	0	395.979797464	395.979797464	0.839053869247	225	381	315.943367099	309.783454668
20	"1"	"1"	6	FALSE	-15	45	100	0	0	395.979797464	395.979797464	0.87224984169	235	395	329.226091993	320.718225785
20	"1"	"1"	6	FALSE	-15	45	100	0	0	395.979797464	395.979797464	0.90550994873	243	407	340.059327145	330.23878334
20	"1"	"1"	6	FALSE	-15	45	100	0	0	395.979797464	395.979797464	0.939016819	247	418	346.770039946	339.828691249
20	"1"	"1"	6	FALSE	-15	45	100	0	0	395.979797464	395.979797464	0.971960783005	252	430	354.705497619	350.125705938
20	"1"	"1"	6	FALSE	-15	45	100	0	0	395.979797464	395.979797464	1.0055398941	256	440	361.157391375	358.749688021
20	"1"	"1"	6	FALSE	-15	45	100	0	0	395.979797464	395.979797464	1.03917598724	259	449	366.38454026	366.666563322
20	"1"	"1"	6	FALSE	-15	45	100	0	0	395.979797464	395.979797464	1.0725069046	263	457	372.318795926	373.358693752
20	"1"	"1"	6	FALSE	-15	45	100	0	0	395.979797464	395.979797464	1.10588788986	266	462	376.51066863	377.411865748
20	"1"	"1"	6	FALSE	-15	45	100	0	0	395.979797464	395.979797464	1.13920688629	268	467	379.736615508	381.72385679
20	"1"	"1"	6	FALSE	-15	45	100	0	0	395.979797464	395.979797464	1.17238593102	270	471	382.703743341	385.069922004
20	"1"	"1"	6	FALSE	-15	45	100	0	0	395.979797464	395.979797464	1.20592093468	273	476	386.895616046	389.123094001
20	"1"	"1"	6	FALSE	-15	45	100	0	0	395.979797464	395.979797464	1.23930978775	274	477	388.120360917	389.830200782
20	"1"	"1"	7	FALSE	-15	45	100	0	0	395.979797464	395.979797464	0.00230598449707	6	3	6.57201209304	1.34486320825
20	"1"	"1"	7	FALSE	-15	45	100	0	0	395.979797464	395.979797464	0.0379090309143	6	3	6.57201209304	1.34486320825
20	"1"	"1"	7	FALSE	-15	45	100	0	0	395.979797464	395.979797464	0.0713059902191	6	4	6.83083113814	2.31078903454
20	"1"	"1"	7	FALSE	-15	45	100	0	0	395.979797464	395.979797464	0.104066133499	6	4	6.83083113814	2.31078903454
20	"1"	"1"	7	FALSE	-15	45	100	0	0	395.979797464	395.979797464	0.138003110886	6	4	6.83083113814	2.31078903454
20	"1"	"1"	7	FALSE	-15	45	100	0	0	395.979797464	395.979797464	0.171247959137	5	10	7.41781958247	8.36516303738
20	"1"	"1"	7	FALSE	-15	45	100	0	0	395.979797464	395.979797464	0.204527139664	3	18	7.55652029071	16.6102077379
20	"1"	"1"	7	FALSE	-15	45	100	0	0	395.979797464	395.979797464	0.237421035767	1	25	7.43640195385	23.8893266121
20	"1"	"1"	7	FALSE	-15	45	100	0	0	395.979797464	395.979797464	0.271465063095	-1	31	7.05746457189	30.2025196601
20	"1"	"1"	7	FALSE	-15	45	100	0	0	395.979797464	395.979797464	0.30476808548	-3	55	11.3372700018	53.9023775812
20	"1"	"1"	7	FALSE	-15	45	100	0	0	395.979797464	395.979797464	0.337476015091	-3	73	15.9960128136	71.2890424544
20	"1"	"1"	7	FALSE	-15	45	100	0	0	395.979797464	395.979797464	0.371472120285	-1	86	21.2925120525	83.328440106
20	"1"	"1"	7	FALSE	-15	45	100	0	0	395.979797464	395.979797464	0.404806137085	7	107	34.45511861	101.542330097
20	"1"	"1"	7	FALSE	-15	45	100	0	0	395.979797464	395.979797464	0.438174009323	19	127	51.2226094275	117.755018082
20	"1"	"1"	7	FALSE	-15	45	100	0	0	395.979797464	395.979797464	0.471576929092	38	147	74.7515810291	132.155972751
20	"1"	"1"	7	FALSE	-15	45	100	0	0	395.979797464	395.979797464	0.50488114357	56	163	96.2793506239	142.952043159
20	"1"	"1"	7	FALSE	-15	45	100	0	0	395.979797464	395.979797464	0.538354158401	79	187	124.707301711	160.181424953
20	"1"	"1"	7	FALSE	-15	45	100	0	0	395.979797464	395.979797464	0.571673154831	105	216	157.327125502	181.463978743
20	"1"	"1"	7	FALSE	-15	45	100	0	0	395.979797464	395.979797464	0.604954957962	129	246	188.273916687	204.230096449
20	"1"	"1"	7	FALSE	-15	45	100	0	0	395.979797464	395.979797464	0.638280153275	150	275	216.064111347	226.806745464
20	"1"	"1"	7	FALSE	-15	45	100	0	0	395.979797464	395.979797464	0.671549081802	169	301	241.145997219	247.003255091
20	"1"	"1"	7	FALSE	-15	45	100	0	0	395.979797464	395.979797464	0.704479932785	187	330	266.0384144	270.356361241
20	"1"	"1"	7	FALSE	-15	45	100	0	0	395.979797464	395.979797464	0.738403081894	197	350	280.874053565	287.086687316
20	"1"	"1"	7	FALSE	-15	45	100	0	0	395.979797464	395.979797464	0.771805047989	206	370	294.743766903	304.075832436
20	"1"	"1"	7	FALSE	-15	45	100	0	0	395.979797464	395.979797464	0.805155038834	216	392	310.097044159	322.738010163
20	"1"	"1"	7	FALSE	-15	45	100	0	0	395.979797464	395.979797464	0.838252067566	220	404	317.066576005	333.293843898
20	"1"	"1"	7	FALSE	-15	45	100	0	0	395.979797464	395.979797464	0.871340990067	225	419	325.778490813	346.488636067
20	"1"	"1"	7	FALSE	-15	45	100	0	0	395.979797464	395.979797464	0.905257940292	234	431	337.577651791	355.750374577
20	"1"	"1"	7	FALSE	-15	45	100	0	0	395.979797464	395.979797464	0.938591003418	240	439	345.443759109	361.924866916
20	"1"	"1"	7	FALSE	-15	45	100	0	0	395.979797464	395.979797464	0.97194814682	244	445	350.860376685	366.685145694
20	"1"	"1"	7	FALSE	-15	45	100	0	0	395.979797464	395.979797464	1.00531196594	250	451	358.208845914	370.927786381
20	"1"	"1"	7	FALSE	-15	45	100	0	0	395.979797464	395.979797464	1.03834700584	257	458	366.782060013	375.877533849
20	"1"	"1"	7	FALSE	-15	45	100	0	0	395.979797464	395.979797464	1.07209205627	262	464	373.164603415	380.378993581
20	"1"	"1"	7	FALSE	-15	45	100	0	0	395.979797464	395.979797464	1.10533595085	268	469	380.254253599	383.655708442
20	"1"	"1"	7	FALSE	-15	45	100	0	0	395.979797464	395.979797464	1.13875508308	274	472	386.826265692	385.00057165
20	"1"	"1"	7	FALSE	-15	45	100	0	0	395.979797464	395.979797464	1.17159605026	275	474	388.309829608	386.673604258
20	"1"	"1"	8	FALSE	-15	135	100	0	0	-395.979797464	395.979797464	0.00216484069824	3	-2	2.38013938866	-2.70830878789
20	"1"	"1"	8	FALSE	-15	135	100	0	0	-395.979797464	395.979797464	0.0380499362946	3	-2	2.38013938866	-2.70830878789
20	"1"	"1"	8	FALSE	-15	135	100	0	0	-395.979797464	395.979797464	0.0714650154114	3	-2	2.38013938866	-2.70830878789
20	"1"	"1"	8	FALSE	-15	135	100	0	0	-395.979797464	395.979797464	0.104475975037	3	-2	2.38013938866	-2.70830878789
20	"1"	"1"	8	FALSE	-15	135	100	0	0	-395.979797464	395.979797464	0.13813495636	3	-1	2.63895843376	-1.7423829616
20	"1"	"1"	8	FALSE	-15	135	100	0	0	-395.979797464	395.979797464	0.171427965164	3	5	4.19187270438	4.05317199614
20	"1"	"1"	8	FALSE	-15	135	100	0	0	-395.979797464	395.979797464	0.204545974731	1	25	7.43640195385	23.8893266121
20	"1"	"1"	8	FALSE	-15	135	100	0	0	-395.979797464	395.979797464	0.238245010376	1	35	10.0245924049	33.548584875
20	"1"	"1"	8	FALSE	-15	135	100	0	0	-395.979797464	395.979797464	0.271519899368	0	45	11.6468570296	43.466662183
20	"1"	"1"	8	FALSE	-15	135	100	0	0	-395.979797464	395.979797464	0.30492401123	-6	75	13.615873425	73.9973512423
20	"1"	"1"	8	FALSE	-15	135	100	0	0	-395.979797464	395.979797464	0.338315010071	-15	99	11.1341980708	99.5089424792
20	"1"	"1"	8	FALSE	-15	135	100	0	0	-395.979797464	395.979797464	0.371356010437	-21	108	7.668014519	109.755189186
20	"1"	"1"	8	FALSE	-15	135	100	0	0	-395.979797464	395.979797464	0.404894828796	-32	123	0.92511610636	127.091086077
20	"1"	"1"	8	FALSE	-15	135	100	0	0	-395.979797464	395.979797464	0.437886953354	-43	138	-5.81778230628	144.426982967
20	"1"	"1"	8	FALSE	-15	135	100	0	0	-395.979797464	395.979797464	0.471755981445	-59	150	-18.1667669857	160.159197604
20	"1"	"1"	8	FALSE	-15	135	100	0	0	-395.979797464	395.979797464	0.504961967468	-73	157	-29.877995238	170.54414502
20	"1"	"1"	8	FALSE	-15	135	100	0	0	-395.979797464	395.979797464	0.538522958755	-98	170	-50.6614933089	189.571656889
20	"1"	"1"	8	FALSE	-15	135	100	0	0	-395.979797464	395.979797464	0.57187795639	-126	182	-74.6015879038	208.409700068
20	"1"	"1"	8	FALSE	-15	135	100	0	0	-395.979797464	395.979797464	0.604887008667	-150	193	-94.9367982386	225.246541239
20	"1"	"1"	8	FALSE	-15	135	100	0	0	-395.979797464	395.979797464	0.638549804688	-179	206	-119.583999615	245.309329289
20	"1"	"1"	8	FALSE	-15	135	100	0	0	-395.979797464	395.979797464	0.671918869019	-205	218	-141.592242557	263.629734377
20	"1"	"1"	8	FALSE	-15	135	100	0	0	-395.979797464	395.979797464	0.704721927643	-234	232	-165.980624888	284.658448253
20	"1"	"1"	8	FALSE	-15	135	100	0	0	-395.979797464	395.979797464	0.738607883453	-260	246	-187.47122974	304.910704994
20	"1"	"1"	8	FALSE	-15	135	100	0	0	-395.979797464	395.979797464	0.771802902222	-284	260	-207.029982939	324.645323644
20	"1"	"1"	8	FALSE	-15	135	100	0	0	-395.979797464	395.979797464	0.804762840271	-308	274	-226.588736139	344.379942295
20	"1"	"1"	8	FALSE	-15	135	100	0	0	-395.979797464	395.979797464	0.838729858398	-329	285	-244.026168995	360.440326331
20	"1"	"1"	8	FALSE	-15	135	100	0	0	-395.979797464	395.979797464	0.872123003006	-355	294	-266.810869072	375.86295394
20	"1"	"1"	8	FALSE	-15	135	100	0	0	-395.979797464	395.979797464	0.905031919479	-379	299	-288.698993678	386.904240154
20	"1"	"1"	8	FALSE	-15	135	100	0	0	-395.979797464	395.979797464	0.938752889633	-397	303	-305.050382371	395.426686271
20	"1"	"1"	8	FALSE	-15	135	100	0	0	-395.979797464	395.979797464	0.971979856491	-411	306	-317.796886803	401.947930382
20	"1"	"1"	8	FALSE	-15	135	100	0	0	-395.979797464	395.979797464	1.00492191315	-425	307	-331.061029326	406.537322839
20	"1"	"1"	8	FALSE	-15	135	100	0	0	-395.979797464	395.979797464	1.03892302513	-443	305	-348.96533229	409.264213999
20	"1"	"1"	8	FALSE	-15	135	100	0	0	-395.979797464	395.979797464	1.07228279114	-454	303	-360.108154469	410.179371842
20	"1"	"1"	8	FALSE	-15	135	100	0	0	-395.979797464	395.979797464	1.10522580147	-465	301	-371.250976649	411.094529686
20	"1"	"1"	8	FALSE	-15	135	100	0	0	-395.979797464	395.979797464	1.13892793655	-471	300	-377.305350651	411.68151813
20	"1"	"1"	8	FALSE	-15	135	100	0	0	-395.979797464	395.979797464	1.17230391502	-473	300	-379.237202304	412.19915622
20	"1"	"1"	8	FALSE	-15	135	100	0	0	-395.979797464	395.979797464	1.20561695099	-477	297	-383.877362744	410.336654922
20	"1"	"1"	8	FALSE	-15	135	100	0	0	-395.979797464	395.979797464	1.23884987831	-481	294	-388.517523185	408.474153623
20	"1"	"1"	8	FALSE	-15	135	100	0	0	-395.979797464	395.979797464	1.27223300934	-483	293	-390.708193883	408.025865887
20	"1"	"1"	8	FALSE	-15	135	100	0	0	-395.979797464	395.979797464	1.30506801605	-484	292	-391.932938754	407.318759106
20	"1"	"1"	8	FALSE	-15	135	100	0	0	-395.979797464	395.979797464	1.33911395073	-484	290	-392.450576844	405.386907453
20	"1"	"1"	8	FALSE	-15	135	100	0	0	-395.979797464	395.979797464	1.37245893478	-483	288	-392.002289108	403.196236756
20	"1"	"1"	9	FALSE	-15	90	100	0	0	3.42901103761e-14	560	0.00213503837585	-7	-1	-7.02029982913	0.845807489429
20	"1"	"1"	9	FALSE	-15	90	100	0	0	3.42901103761e-14	560	0.0381228923798	-7	0	-6.76148078402	1.81173331572
20	"1"	"1"	9	FALSE	-15	90	100	0	0	3.42901103761e-14	560	0.071368932724	-7	-1	-7.02029982913	0.845807489429
20	"1"	"1"	9	FALSE	-15	90	100	0	0	3.42901103761e-14	560	0.104074954987	-7	0	-6.76148078402	1.81173331572
20	"1"	"1"	9	FALSE	-15	90	100	0	0	3.42901103761e-14	560	0.138093948364	-7	5	-5.46738555851	6.64136244716
20	"1"	"1"	9	FALSE	-15	90	100	0	0	3.42901103761e-14	560	0.171494007111	-9	16	-4.55222771496	17.7841846265
20	"1"	"1"	9	FALSE	-15	90	100	0	0	3.42901103761e-14	560	0.204546928406	-10	25	-3.18878213533	26.7363361083
20	"1"	"1"	9	FALSE	-15	90	100	0	0	3.42901103761e-14	560	0.238231897354	-12	41	-0.979529066265	42.7087874191
20	"1"	"1"	9	FALSE	-15	90	100	0	0	3.42901103761e-14	560	0.27154302597	-13	55	1.67801173888	56.4905680322
20	"1"	"1"	9	FALSE	-15	90	100	0	0	3.42901103761e-14	560	0.30455994606	-18	79	3.0600396899	80.9668830887
20	"1"	"1"	9	FALSE	-15	90	100	0	0	3.42901103761e-14	560	0.338284015656	-26	119	5.68539488368	121.674468501
20	"1"	"1"	9	FALSE	-15	90	100	0	0	3.42901103761e-14	560	0.371608972549	-34	149	5.72255962645	152.722795651
20	"1"	"1"	9	FALSE	-15	90	100	0	0	3.42901103761e-14	560	0.404974937439	-44	186	5.63960603235	191.050241674
20	"1"	"1"	9	FALSE	-15	90	100	0	0	3.42901103761e-14	560	0.438293933868	-57	235	5.76470350062	241.745254749
20	"1"	"1"	9	FALSE	-15	90	100	0	0	3.42901103761e-14	560	0.471750974655	-68	269	3.93936694492	277.433742339
20	"1"	"1"	9	FALSE	-15	90	100	0	0	3.42901103761e-14	560	0.50504899025	-80	301	0.630466472733	311.449197321
20	"1"	"1"	9	FALSE	-15	90	100	0	0	3.42901103761e-14	560	0.538492918015	-88	330	0.408812170394	341.531598644
20	"1"	"1"	9	FALSE	-15	90	100	0	0	3.42901103761e-14	560	0.571445941925	-93	355	2.04965916651	366.973839527
20	"1"	"1"	9	FALSE	-15	90	100	0	0	3.42901103761e-14	560	0.605086088181	-95	366	2.96481701006	378.116661707
20	"1"	"1"	9	FALSE	-15	90	100	0	0	3.42901103761e-14	560	0.638472080231	-98	383	4.46696329794	395.313857889
20	"1"	"1"	9	FALSE	-15	90	100	0	0	3.42901103761e-14	560	0.67159986496	-100	398	6.4173973219	410.320383373
20	"1"	"1"	9	FALSE	-15	90	100	0	0	3.42901103761e-14	560	0.70516204834	-102	411	7.85019325565	423.395057205
20	"1"	"1"	9	FALSE	-15	90	100	0	0	3.42901103761e-14	560	0.738456964493	-106	425	7.60995658193	437.953294954
20	"1"	"1"	9	FALSE	-15	90	100	0	0	3.42901103761e-14	560	0.771697044373	-110	438	7.11090086311	451.545606876
20	"1"	"1"	9	FALSE	-15	90	100	0	0	3.42901103761e-14	560	0.805361032486	-113	450	7.31895192547	463.913173927
20	"1"	"1"	9	FALSE	-15	90	100	0	0	3.42901103761e-14	560	0.838320016861	-114	459	8.6823975051	472.865325408
20	"1"	"1"	9	FALSE	-15	90	100	0	0	3.42901103761e-14	560	0.871994018555	-114	467	10.7529498659	480.592732019
20	"1"	"1"	9	FALSE	-15	90	100	0	0	3.42901103761e-14	560	0.905325889587	-115	476	12.1163954456	489.5448835
20	"1"	"1"	9	FALSE	-15	90	100	0	0	3.42901103761e-14	560	0.938687086105	-117	485	12.5139151989	498.755854027
20	"1"	"1"	9	FALSE	-15	90	100	0	0	3.42901103761e-14	560	0.972054958344	-121	496	11.4972213899	510.416314297
20	"1"	"1"	9	FALSE	-15	90	100	0	0	3.42901103761e-14	560	1.00507187843	-125	509	10.998165671	524.008626219
20	"1"	"1"	9	FALSE	-15	90	100	0	0	3.42901103761e-14	560	1.03881001472	-126	517	12.1027922056	531.994851874
20	"1"	"1"	9	FALSE	-15	90	100	0	0	3.42901103761e-14	560	1.07217907906	-128	524	11.9826738687	539.273970749
20	"1"	"1"	9	FALSE	-15	90	100	0	0	3.42901103761e-14	560	1.10557794571	-130	530	11.6037364868	545.587163797
20	"1"	"1"	9	FALSE	-15	90	100	0	0	3.42901103761e-14	560	1.13887500763	-132	535	10.9659800597	550.934431018
20	"1"	"1"	9	FALSE	-15	90	100	0	0	3.42901103761e-14	560	1.17161488533	-134	539	10.0694045875	555.315772414
20	"1"	"1"	9	FALSE	-15	90	100	0	0	3.42901103761e-14	560	1.20560288429	-136	542	8.91401007025	558.731187983
20	"1"	"1"	9	FALSE	-15	90	100	0	0	3.42901103761e-14	560	1.23895788193	-137	546	8.98336042437	562.853710333
20	"1"	"1"	9	FALSE	-15	90	100	0	0	3.42901103761e-14	560	1.27167201042	-138	547	8.27625364319	564.078455204
20	"1"	"1"	10	FALSE	-15	90	100	0	0	3.42901103761e-14	560	0.00208687782288	-2	2	-1.41421356237	2.44948974278
20	"1"	"1"	10	FALSE	-15	90	100	0	0	3.42901103761e-14	560	0.0379140377045	-2	2	-1.41421356237	2.44948974278
20	"1"	"1"	10	FALSE	-15	90	100	0	0	3.42901103761e-14	560	0.0714778900146	-2	2	-1.41421356237	2.44948974278
20	"1"	"1"	10	FALSE	-15	90	100	0	0	3.42901103761e-14	560	0.104840040207	-1	7	0.845807489429	7.02029982913
20	"1"	"1"	10	FALSE	-15	90	100	0	0	3.42901103761e-14	560	0.137788057327	1	14	4.58939245772	13.2641425229
20	"1"	"1"	10	FALSE	-15	90	100	0	0	3.42901103761e-14	560	0.17157292366	4	21	9.29890325231	19.2491661717
20	"1"	"1"	10	FALSE	-15	90	100	0	0	3.42901103761e-14	560	0.204830884933	7	28	14.0084140469	25.2341898204
20	"1"	"1"	10	FALSE	-15	90	100	0	0	3.42901103761e-14	560	0.238270998001	12	36	20.9085955392	31.6675012052
20	"1"	"1"	10	FALSE	-15	90	100	0	0	3.42901103761e-14	560	0.271570920944	18	48	29.8099790381	41.70569685
20	"1"	"1"	10	FALSE	-15	90	100	0	0	3.42901103761e-14	560	0.305047035217	22	54	35.2265966139	46.4659756274
20	"1"	"1"	10	FALSE	-15	90	100	0	0	3.42901103761e-14	560	0.337652921677	25	59	39.4184693183	50.5191476235
20	"1"	"1"	10	FALSE	-15	90	100	0	0	3.42901103761e-14	560	0.371673107147	26	69	42.9725855956	59.9195868413
20	"1"	"1"	10	FALSE	-15	90	100	0	0	3.42901103761e-14	560	0.405087947845	26	80	45.8195950917	70.5447709305
20	"1"	"1"	10	FALSE	-15	90	100	0	0	3.42901103761e-14	560	0.438066959381	24	88	45.9582958	78.789815631
20	"1"	"1"	10	FALSE	-15	90	100	0	0	3.42901103761e-14	560	0.471658945084	20	102	45.7180591262	93.3480533794
20	"1"	"1"	10	FALSE	-15	90	100	0	0	3.42901103761e-14	560	0.50453710556	16	116	45.4778224525	107.906291128
20	"1"	"1"	10	FALSE	-15	90	100	0	0	3.42901103761e-14	560	0.538453102112	10	126	42.2704579458	119.118463661
20	"1"	"1"	10	FALSE	-15	90	100	0	0	3.42901103761e-14	560	0.571846961975	1	148	39.2711445015	142.698203246
20	"1"	"1"	10	FALSE	-15	90	100	0	0	3.42901103761e-14	560	0.604512929916	-4	162	38.0649820015	157.515260039
20	"1"	"1"	10	FALSE	-15	90	100	0	0	3.42901103761e-14	560	0.638588905334	-10	177	36.1517127203	173.557061704
20	"1"	"1"	10	FALSE	-15	90	100	0	0	3.42901103761e-14	560	0.671974897385	-17	198	34.8254318834	195.653237372
20	"1"	"1"	10	FALSE	-15	90	100	0	0	3.42901103761e-14	560	0.705283880234	-25	222	33.3096823555	220.906009564
20	"1"	"1"	10	FALSE	-15	90	100	0	0	3.42901103761e-14	560	0.73859000206	-30	245	34.4328912614	244.416398794
20	"1"	"1"	10	FALSE	-15	90	100	0	0	3.42901103761e-14	560	0.771889925003	-36	268	34.5901743411	268.185607069
20	"1"	"1"	10	FALSE	-15	90	100	0	0	3.42901103761e-14	560	0.804677009583	-45	291	31.8496799418	292.73127248
20	"1"	"1"	10	FALSE	-15	90	100	0	0	3.42901103761e-14	560	0.838663101196	-55	316	28.6608978065	319.467608588
20	"1"	"1"	10	FALSE	-15	90	100	0	0	3.42901103761e-14	560	0.872041940689	-64	337	25.402765317	342.081422346
20	"1"	"1"	10	FALSE	-15	90	100	0	0	3.42901103761e-14	560	0.905200004578	-70	352	23.4894960359	358.123224011
20	"1"	"1"	10	FALSE	-15	90	100	0	0	3.42901103761e-14	560	0.938630104065	-75	366	22.2833335358	372.940280804
20	"1"	"1"	10	FALSE	-15	90	100	0	0	3.42901103761e-14	560	0.971937894821	-78	382	23.5266607786	389.17155116
20	"1"	"1"	10	FALSE	-15	90	100	0	0	3.42901103761e-14	560	1.00540494919	-84	399	22.1310295876	407.145204478
20	"1"	"1"	10	FALSE	-15	90	100	0	0	3.42901103761e-14	560	1.0382809639	-90	414	20.2177603064	423.187006143
20	"1"	"1"	10	FALSE	-15	90	100	0	0	3.42901103761e-14	560	1.07225799561	-97	431	17.8562032891	441.419478506
20	"1"	"1"	10	FALSE	-15	90	100	0	0	3.42901103761e-14	560	1.10554599762	-102	449	17.6853169695	460.100238604
20	"1"	"1"	10	FALSE	-15	90	100	0	0	3.42901103761e-14	560	1.13897204399	-105	463	18.4110061221	474.399657308
20	"1"	"1"	10	FALSE	-15	90	100	0	0	3.42901103761e-14	560	1.17170095444	-107	474	19.3261639657	485.542479487
20	"1"	"1"	10	FALSE	-15	90	100	0	0	3.42901103761e-14	560	1.20567393303	-111	486	18.5682892017	498.168865583
20	"1"	"1"	10	FALSE	-15	90	100	0	0	3.42901103761e-14	560	1.23906493187	-115	498	17.8104144378	510.795251679
20	"1"	"1"	10	FALSE	-15	90	100	0	0	3.42901103761e-14	560	1.2723069191	-119	508	16.5349015837	521.489786122
20	"1"	"1"	10	FALSE	-15	90	100	0	0	3.42901103761e-14	560	1.30526900291	-123	516	14.7417506393	530.252468913
20	"1"	"1"	10	FALSE	-15	90	100	0	0	3.42901103761e-14	560	1.33909106255	-125	522	14.3628132574	536.565661961
20	"1"	"1"	10	FALSE	-15	90	100	0	0	3.42901103761e-14	560	1.37249994278	-126	526	14.4321636115	540.688184311
20	"1"	"1"	10	FALSE	-15	90	100	0	0	3.42901103761e-14	560	1.40580010414	-129	531	12.8284813581	546.294270578
20	"1"	"1"	10	FALSE	-15	90	100	0	0	3.42901103761e-14	560	1.43908691406	-132	536	11.2247991048	551.900356844
20	"1"	"1"	10	FALSE	-15	90	100	0	0	3.42901103761e-14	560	1.47233390808	-135	541	9.62111685144	557.506443111
20	"1"	"1"	10	FALSE	-15	90	100	0	0	3.42901103761e-14	560	1.5058400631	-136	542	8.91401007025	558.731187983
20	"1"	"1"	11	FALSE	-15	135	100	0	0	-395.979797464	395.979797464	0.00215601921082	-1	-11	-3.81293532242	-10.3663650441
20	"1"	"1"	11	FALSE	-15	135	100	0	0	-395.979797464	395.979797464	0.0379490852356	-1	-11	-3.81293532242	-10.3663650441
20	"1"	"1"	11	FALSE	-15	135	100	0	0	-395.979797464	395.979797464	0.0711510181427	-1	-11	-3.81293532242	-10.3663650441
20	"1"	"1"	11	FALSE	-15	135	100	0	0	-395.979797464	395.979797464	0.104276180267	-1	-11	-3.81293532242	-10.3663650441
20	"1"	"1"	11	FALSE	-15	135	100	0	0	-395.979797464	395.979797464	0.137969017029	-1	-11	-3.81293532242	-10.3663650441
20	"1"	"1"	11	FALSE	-15	135	100	0	0	-395.979797464	395.979797464	0.171279191971	-1	-10	-3.55411627731	-9.40043921779
20	"1"	"1"	11	FALSE	-15	135	100	0	0	-395.979797464	395.979797464	0.204725027084	-1	-10	-3.55411627731	-9.40043921779
20	"1"	"1"	11	FALSE	-15	135	100	0	0	-395.979797464	395.979797464	0.238041162491	-1	-10	-3.55411627731	-9.40043921779
20	"1"	"1"	11	FALSE	-15	135	100	0	0	-395.979797464	395.979797464	0.271042108536	-1	-10	-3.55411627731	-9.40043921779
20	"1"	"1"	11	FALSE	-15	135	100	0	0	-395.979797464	395.979797464	0.304100990295	-5	-6	-6.38254340206	-4.50145973222
20	"1"	"1"	11	FALSE	-15	135	100	0	0	-395.979797464	395.979797464	0.337553977966	-15	3	-13.712430259	6.78006315541
20	"1"	"1"	11	FALSE	-15	135	100	0	0	-395.979797464	395.979797464	0.370906114578	-35	18	-29.1486611083	26.4453314518
20	"1"	"1"	11	FALSE	-15	135	100	0	0	-395.979797464	395.979797464	0.404143095016	-58	34	-47.2238503913	47.8529827098
20	"1"	"1"	11	FALSE	-15	135	100	0	0	-395.979797464	395.979797464	0.4375	-89	49	-73.2852653297	70.3652605023
20	"1"	"1"	11	FALSE	-15	135	100	0	0	-395.979797464	395.979797464	0.470757961273	-119	64	-98.3807544418	92.6187192497
20	"1"	"1"	11	FALSE	-15	135	100	0	0	-395.979797464	395.979797464	0.504230976105	-155	86	-127.460065196	123.186573052
20	"1"	"1"	11	FALSE	-15	135	100	0	0	-395.979797464	395.979797464	0.537583112717	-189	112	-153.572248117	157.100492069
20	"1"	"1"	11	FALSE	-15	135	100	0	0	-395.979797464	395.979797464	0.57084608078	-219	130	-177.891280094	182.251728295
20	"1"	"1"	11	FALSE	-15	135	100	0	0	-395.979797464	395.979797464	0.604209184647	-242	141	-197.260564602	198.829750422
20	"1"	"1"	11	FALSE	-15	135	100	0	0	-395.979797464	395.979797464	0.637595176697	-267	152	-218.561700764	215.925410638
20	"1"	"1"	11	FALSE	-15	135	100	0	0	-395.979797464	395.979797464	0.670933961868	-288	160	-236.775590755	229.088017196
20	"1"	"1"	11	FALSE	-15	135	100	0	0	-395.979797464	395.979797464	0.70428109169	-305	168	-251.125777441	241.215347573
20	"1"	"1"	11	FALSE	-15	135	100	0	0	-395.979797464	395.979797464	0.737643957138	-319	178	-262.060548558	254.498072467
20	"1"	"1"	11	FALSE	-15	135	100	0	0	-395.979797464	395.979797464	0.771003007889	-337	188	-276.85902298	268.816073542
20	"1"	"1"	11	FALSE	-15	135	100	0	0	-395.979797464	395.979797464	0.804641008377	-351	197	-288.052613142	281.13287261
20	"1"	"1"	11	FALSE	-15	135	100	0	0	-395.979797464	395.979797464	0.837942123413	-366	206	-300.212129131	293.708490723
20	"1"	"1"	11	FALSE	-15	135	100	0	0	-395.979797464	395.979797464	0.87108707428	-380	215	-311.405719293	306.025289791
20	"1"	"1"	11	FALSE	-15	135	100	0	0	-395.979797464	395.979797464	0.904438018799	-394	224	-322.599309455	318.342088859
20	"1"	"1"	11	FALSE	-15	135	100	0	0	-395.979797464	395.979797464	0.937786102295	-405	231	-331.412760228	327.950579139
20	"1"	"1"	11	FALSE	-15	135	100	0	0	-395.979797464	395.979797464	0.971167087555	-417	240	-340.674498738	339.749740117
20	"1"	"1"	11	FALSE	-15	135	100	0	0	-395.979797464	395.979797464	1.00452613831	-428	248	-349.229130466	350.324156224
20	"1"	"1"	11	FALSE	-15	135	100	0	0	-395.979797464	395.979797464	1.03786301613	-437	253	-356.628367677	357.483156761
20	"1"	"1"	11	FALSE	-15	135	100	0	0	-395.979797464	395.979797464	1.07125306129	-446	259	-363.768785843	365.608083125
20	"1"	"1"	11	FALSE	-15	135	100	0	0	-395.979797464	395.979797464	1.10460400581	-452	264	-368.270245576	371.990626527
20	"1"	"1"	11	FALSE	-15	135	100	0	0	-395.979797464	395.979797464	1.13793706894	-459	269	-373.737631134	378.631988974
20	"1"	"1"	11	FALSE	-15	135	100	0	0	-395.979797464	395.979797464	1.17131710052	-465	274	-378.239090866	385.014532376
20	"1"	"1"	11	FALSE	-15	135	100	0	0	-395.979797464	395.979797464	1.20467400551	-471	278	-382.999369644	390.431149952
20	"1"	"1"	11	FALSE	-15	135	100	0	0	-395.979797464	395.979797464	1.23803114891	-475	280	-386.345434859	393.398277785
20	"1"	"1"	11	FALSE	-15	135	100	0	0	-395.979797464	395.979797464	1.27138400078	-478	281	-388.984393292	395.140660746
20	"1"	"1"	11	FALSE	-15	135	100	0	0	-395.979797464	395.979797464	1.30474495888	-481	282	-391.623351726	396.883043708
20	"1"	"1"	11	FALSE	-15	135	100	0	0	-395.979797464	395.979797464	1.3381049633	-484	284	-394.003491115	399.591352496
20	"1"	"1"	12	FALSE	-15	45	100	0	0	395.979797464	395.979797464	0.00169587135315	-1	2	-0.448287736084	2.19067069768
20	"1"	"1"	12	FALSE	-15	45	100	0	0	395.979797464	395.979797464	0.0214068889618	-1	2	-0.448287736084	2.19067069768
20	"1"	"1"	12	FALSE	-15	45	100	0	0	395.979797464	395.979797464	0.0550599098206	-1	3	-0.189468690982	3.15659652397
20	"1"	"1"	12	FALSE	-15	45	100	0	0	395.979797464	395.979797464	0.0885608196259	1	8	3.03647818711	7.46858756521
20	"1"	"1"	12	FALSE	-15	45	100	0	0	395.979797464	395.979797464	0.121809005737	5	16	8.97073385309	14.1607179951
20	"1"	"1"	12	FALSE	-15	45	100	0	0	395.979797464	395.979797464	0.155022859573	10	25	16.1297343905	21.5599552062
20	"1"	"1"	12	FALSE	-15	45	100	0	0	395.979797464	395.979797464	0.187944889069	15	33	23.0299158827	27.993266591
20	"1"	"1"	12	FALSE	-15	45	100	0	0	395.979797464	395.979797464	0.221901893616	19	40	28.7053525036	33.7194711946
20	"1"	"1"	12	FALSE	-15	45	100	0	0	395.979797464	395.979797464	0.255221843719	25	48	36.5714598221	39.8939635343
20	"1"	"1"	12	FALSE	-15	45	100	0	0	395.979797464	395.979797464	0.288198947906	34	61	48.6294398451	50.1216278701
20	"1"	"1"	12	FALSE	-15	45	100	0	0	395.979797464	395.979797464	0.321306943893	43	72	60.1697817778	58.4174405534
20	"1"	"1"	12	FALSE	-15	45	100	0	0	395.979797464	395.979797464	0.355049848557	59	95	81.5774330358	76.4926298364
20	"1"	"1"	12	FALSE	-15	45	100	0	0	395.979797464	395.979797464	0.388654947281	76	119	104.209829165	95.2749259006
20	"1"	"1"	12	FALSE	-15	45	100	0	0	395.979797464	395.979797464	0.422110795975	90	144	124.203266861	115.799604926
20	"1"	"1"	12	FALSE	-15	45	100	0	0	395.979797464	395.979797464	0.455357789993	105	169	145.162630383	136.065464907
20	"1"	"1"	12	FALSE	-15	45	100	0	0	395.979797464	395.979797464	0.488786935806	120	194	166.121993905	156.331324888
20	"1"	"1"	12	FALSE	-15	45	100	0	0	395.979797464	395.979797464	0.521961927414	138	224	191.273230131	180.650356865
20	"1"	"1"	12	FALSE	-15	45	100	0	0	395.979797464	395.979797464	0.555503845215	148	243	205.850050251	196.414757113
20	"1"	"1"	12	FALSE	-15	45	100	0	0	395.979797464	395.979797464	0.588848829269	155	256	215.976178621	207.160059539
20	"1"	"1"	12	FALSE	-15	45	100	0	0	395.979797464	395.979797464	0.621909856796	171	285	238.93674415	231.03080378
20	"1"	"1"	12	FALSE	-15	45	100	0	0	395.979797464	395.979797464	0.655503988266	182	306	254.997128186	248.468236636
20	"1"	"1"	12	FALSE	-15	45	100	0	0	395.979797464	395.979797464	0.688952922821	195	327	272.989363875	265.388031402
20	"1"	"1"	12	FALSE	-15	45	100	0	0	395.979797464	395.979797464	0.722230911255	206	346	288.532109821	280.893612605
20	"1"	"1"	12	FALSE	-15	45	100	0	0	395.979797464	395.979797464	0.755504846573	220	368	307.749090381	298.520514152
20	"1"	"1"	12	FALSE	-15	45	100	0	0	395.979797464	395.979797464	0.788869857788	227	382	318.134037797	310.231742404
20	"1"	"1"	12	FALSE	-15	45	100	0	0	395.979797464	395.979797464	0.822328805923	234	396	328.518985212	321.942970656
20	"1"	"1"	12	FALSE	-15	45	100	0	0	395.979797464	395.979797464	0.855544805527	243	413	341.612241416	336.034338297
20	"1"	"1"	12	FALSE	-15	45	100	0	0	395.979797464	395.979797464	0.889042854309	251	426	352.704295612	346.520821678
20	"1"	"1"	12	FALSE	-15	45	100	0	0	395.979797464	395.979797464	0.922446966171	254	434	357.672625452	353.471771153
20	"1"	"1"	12	FALSE	-15	45	100	0	0	395.979797464	395.979797464	0.95564198494	257	444	363.158593382	362.354572281
20	"1"	"1"	12	FALSE	-15	45	100	0	0	395.979797464	395.979797464	0.989056825638	259	457	368.455092621	374.393969933
20	"1"	"1"	12	FALSE	-15	45	100	0	0	395.979797464	395.979797464	1.02238798141	260	468	372.268027943	384.760334977
20	"1"	"1"	12	FALSE	-15	45	100	0	0	395.979797464	395.979797464	1.05575680733	262	475	376.011612911	391.00417767
20	"1"	"1"	12	FALSE	-15	45	100	0	0	395.979797464	395.979797464	1.08862185478	263	480	378.271633963	395.574987757
20	"1"	"1"	12	FALSE	-15	45	100	0	0	395.979797464	395.979797464	1.12251591682	264	482	379.75519788	397.248020364
20	"1"	"1"	12	FALSE	-15	45	100	0	0	395.979797464	395.979797464	1.15595698357	264	483	380.014016925	398.213946191
20	"1"	"1"	12	FALSE	-15	45	100	0	0	395.979797464	395.979797464	1.18883991241	266	487	382.981144758	401.560011406
20	"1"	"1"	12	FALSE	-15	45	100	0	0	395.979797464	395.979797464	1.22264099121	268	490	385.689453546	403.940150794
20	"1"	"1"	13	FALSE	-15	45	100	0	0	395.979797464	395.979797464	0.00170588493347	-3	-4	-3.93305365928	-3.08724616985
20	"1"	"1"	13	FALSE	-15	45	100	0	0	395.979797464	395.979797464	0.0547518730164	-3	-4	-3.93305365928	-3.08724616985
20	"1"	"1"	13	FALSE	-15	45	100	0	0	395.979797464	395.979797464	0.0879590511322	-3	-4	-3.93305365928	-3.08724616985
20	"1"	"1"	13	FALSE	-15	45	100	0	0	395.979797464	395.979797464	0.121377944946	-3	-3	-3.67423461417	-2.12132034356
20	"1"	"1"	13	FALSE	-15	45	100	0	0	395.979797464	395.979797464	0.154393911362	-3	-1	-3.15659652397	-0.189468690982
20	"1"	"1"	13	FALSE	-15	45	100	0	0	395.979797464	395.979797464	0.188195943832	-3	4	-1.86250129846	4.64016044046
20	"1"	"1"	13	FALSE	-15	45	100	0	0	395.979797464	395.979797464	0.221410036087	-3	12	0.208051062363	12.3675670508
20	"1"	"1"	13	FALSE	-15	45	100	0	0	395.979797464	395.979797464	0.254667043686	-4	34	4.93614422833	33.8767542742
20	"1"	"1"	13	FALSE	-15	45	100	0	0	395.979797464	395.979797464	0.287549972534	-4	52	9.59488704017	51.2634191474
20	"1"	"1"	13	FALSE	-15	45	100	0	0	395.979797464	395.979797464	0.321541070938	-2	66	15.1502053242	64.2687426253
20	"1"	"1"	13	FALSE	-15	45	100	0	0	395.979797464	395.979797464	0.354959011078	3	85	24.8973963126	81.3272380993
20	"1"	"1"	13	FALSE	-15	45	100	0	0	395.979797464	395.979797464	0.388253927231	11	103	37.2835457347	96.6433506116
20	"1"	"1"	13	FALSE	-15	45	100	0	0	395.979797464	395.979797464	0.421323060989	25	130	57.7946215206	119.09988129
20	"1"	"1"	13	FALSE	-15	45	100	0	0	395.979797464	395.979797464	0.454558849335	40	158	79.5304421778	142.26351875
20	"1"	"1"	13	FALSE	-15	45	100	0	0	395.979797464	395.979797464	0.4877140522	63	192	110.546583716	169.152158806
20	"1"	"1"	13	FALSE	-15	45	100	0	0	395.979797464	395.979797464	0.521571874619	84	222	138.595597421	192.694733648
20	"1"	"1"	13	FALSE	-15	45	100	0	0	395.979797464	395.979797464	0.555089950562	98	244	157.812577981	210.321635194
20	"1"	"1"	13	FALSE	-15	45	100	0	0	395.979797464	395.979797464	0.58774805069	114	266	178.961410194	227.430898651
20	"1"	"1"	13	FALSE	-15	45	100	0	0	395.979797464	395.979797464	0.62174987793	131	287	200.817349188	243.315417237
20	"1"	"1"	13	FALSE	-15	45	100	0	0	395.979797464	395.979797464	0.655156850815	149	305	222.862756873	256.043339298
20	"1"	"1"	13	FALSE	-15	45	100	0	0	395.979797464	395.979797464	0.687764883041	165	320	242.199855771	266.391121971
20	"1"	"1"	13	FALSE	-15	45	100	0	0	395.979797464	395.979797464	0.721750974655	178	335	258.639177189	277.515361779
20	"1"	"1"	13	FALSE	-15	45	100	0	0	395.979797464	395.979797464	0.755185842514	192	351	276.303243478	289.346708368
20	"1"	"1"	13	FALSE	-15	45	100	0	0	395.979797464	395.979797464	0.78822183609	205	364	292.224926807	298.539096523
20	"1"	"1"	13	FALSE	-15	45	100	0	0	395.979797464	395.979797464	0.821936845779	219	380	309.888993096	310.370443112
20	"1"	"1"	13	FALSE	-15	45	100	0	0	395.979797464	395.979797464	0.855150938034	231	396	325.621207733	322.719427792
20	"1"	"1"	13	FALSE	-15	45	100	0	0	395.979797464	395.979797464	0.888674020767	242	410	339.869858454	333.395379864
20	"1"	"1"	13	FALSE	-15	45	100	0	0	395.979797464	395.979797464	0.921957969666	254	425	355.343254046	344.778438717
20	"1"	"1"	13	FALSE	-15	45	100	0	0	395.979797464	395.979797464	0.955263853073	261	437	365.210563371	354.557815317
20	"1"	"1"	13	FALSE	-15	45	100	0	0	395.979797464	395.979797464	0.988354921341	268	452	375.854329832	367.234969395
20	"1"	"1"	13	FALSE	-15	45	100	0	0	395.979797464	395.979797464	1.02210593224	273	464	383.789787504	377.531984085
20	"1"	"1"	13	FALSE	-15	45	100	0	0	395.979797464	395.979797464	1.05544805527	275	472	387.792191518	384.741752605
20	"1"	"1"	13	FALSE	-15	45	100	0	0	395.979797464	395.979797464	1.08819293976	278	480	392.760521358	391.69270208
20	"1"	"1"	13	FALSE	-15	45	100	0	0	395.979797464	395.979797464	1.12211799622	280	485	395.986468236	396.004693121
20	"1"	"1"	13	FALSE	-15	45	100	0	0	395.979797464	395.979797464	1.15555405617	281	488	397.728851197	398.643651555
20	"1"	"1"	13	FALSE	-15	45	100	0	0	395.979797464	395.979797464	1.18884301186	281	490	398.246489287	400.575503208
20	"1"	"1"	13	FALSE	-15	45	100	0	0	395.979797464	395.979797464	1.22223496437	282	493	399.988872249	403.214461642
20	"1"	"1"	14	FALSE	-15	135	100	0	0	-395.979797464	395.979797464	0.00225615501404	2	-2	1.41421356237	-2.44948974278
20	"1"	"1"	14	FALSE	-15	135	100	0	0	-395.979797464	395.979797464	0.0380640029907	2	-1	1.67303260748	-1.48356391649
20	"1"	"1"	14	FALSE	-15	135	100	0	0	-395.979797464	395.979797464	0.0715210437775	2	-1	1.67303260748	-1.48356391649
20	"1"	"1"	14	FALSE	-15	135	100	0	0	-395.979797464	395.979797464	0.104135990143	2	-1	1.67303260748	-1.48356391649
20	"1"	"1"	14	FALSE	-15	135	100	0	0	-395.979797464	395.979797464	0.138262987137	1	1	1.22474487139	0.707106781187
20	"1"	"1"	14	FALSE	-15	135	100	0	0	-395.979797464	395.979797464	0.171564102173	1	11	3.81293532242	10.3663650441
20	"1"	"1"	14	FALSE	-15	135	100	0	0	-395.979797464	395.979797464	0.204420089722	0	19	4.91756185695	18.3525906995
20	"1"	"1"	14	FALSE	-15	135	100	0	0	-395.979797464	395.979797464	0.237591028214	0	22	5.69401899226	21.2503681784
20	"1"	"1"	14	FALSE	-15	135	100	0	0	-395.979797464	395.979797464	0.27100110054	0	23	5.95283803736	22.2162940046
20	"1"	"1"	14	FALSE	-15	135	100	0	0	-395.979797464	395.979797464	0.304998159409	-1	24	5.24573125617	23.441038876
20	"1"	"1"	14	FALSE	-15	135	100	0	0	-395.979797464	395.979797464	0.338394165039	-6	29	1.71019735024	29.564763233
20	"1"	"1"	14	FALSE	-15	135	100	0	0	-395.979797464	395.979797464	0.371684074402	-16	37	-5.87850855183	39.8803602943
20	"1"	"1"	14	FALSE	-15	135	100	0	0	-395.979797464	395.979797464	0.404526948929	-38	54	-22.7289529634	61.9951183335
20	"1"	"1"	14	FALSE	-15	135	100	0	0	-395.979797464	395.979797464	0.43851017952	-62	73	-40.9936109374	86.5593661155
20	"1"	"1"	14	FALSE	-15	135	100	0	0	-395.979797464	395.979797464	0.471807956696	-94	99	-65.173942206	119.955647042
20	"1"	"1"	14	FALSE	-15	135	100	0	0	-395.979797464	395.979797464	0.50500202179	-132	131	-93.5969141617	160.700397197
20	"1"	"1"	14	FALSE	-15	135	100	0	0	-395.979797464	395.979797464	0.538385152817	-166	159	-119.191458993	196.546167867
20	"1"	"1"	14	FALSE	-15	135	100	0	0	-395.979797464	395.979797464	0.571568965912	-207	179	-153.618036968	226.476265242
20	"1"	"1"	14	FALSE	-15	135	100	0	0	-395.979797464	395.979797464	0.605110168457	-234	195	-175.556929557	248.91919268
20	"1"	"1"	14	FALSE	-15	135	100	0	0	-395.979797464	395.979797464	0.638612985611	-265	211	-201.35952545	272.397396299
20	"1"	"1"	14	FALSE	-15	135	100	0	0	-395.979797464	395.979797464	0.671895980835	-288	221	-220.987629004	288.009492599
20	"1"	"1"	14	FALSE	-15	135	100	0	0	-395.979797464	395.979797464	0.704811096191	-312	232	-241.322839338	304.846333771
20	"1"	"1"	14	FALSE	-15	135	100	0	0	-395.979797464	395.979797464	0.738759994507	-332	242	-258.053165413	319.681972936
20	"1"	"1"	14	FALSE	-15	135	100	0	0	-395.979797464	395.979797464	0.772037029266	-352	250	-275.301129578	332.585760448
20	"1"	"1"	14	FALSE	-15	135	100	0	0	-395.979797464	395.979797464	0.805461168289	-372	258	-292.549093743	345.489547961
20	"1"	"1"	14	FALSE	-15	135	100	0	0	-395.979797464	395.979797464	0.838778018951	-393	263	-311.53944087	355.754377039
20	"1"	"1"	14	FALSE	-15	135	100	0	0	-395.979797464	395.979797464	0.872102022171	-408	265	-325.510690174	361.568514368
20	"1"	"1"	14	FALSE	-15	135	100	0	0	-395.979797464	395.979797464	0.905402183533	-422	268	-338.257194607	368.089758479
20	"1"	"1"	14	FALSE	-15	135	100	0	0	-395.979797464	395.979797464	0.938732147217	-431	271	-346.174069908	373.316907364
20	"1"	"1"	14	FALSE	-15	135	100	0	0	-395.979797464	395.979797464	0.972217082977	-441	272	-355.574509126	376.871023641
20	"1"	"1"	14	FALSE	-15	135	100	0	0	-395.979797464	395.979797464	1.0055270195	-449	272	-363.301915736	378.941576002
20	"1"	"1"	14	FALSE	-15	135	100	0	0	-395.979797464	395.979797464	1.03882408142	-459	272	-372.961173999	381.529766453
20	"1"	"1"	14	FALSE	-15	135	100	0	0	-395.979797464	395.979797464	1.07208704948	-466	274	-379.205016693	385.273351421
20	"1"	"1"	14	FALSE	-15	135	100	0	0	-395.979797464	395.979797464	1.10536718369	-472	275	-384.741752605	387.792191518
20	"1"	"1"	14	FALSE	-15	135	100	0	0	-395.979797464	395.979797464	1.13901209831	-478	276	-390.278488518	390.311031615
20	"1"	"1"	14	FALSE	-15	135	100	0	0	-395.979797464	395.979797464	1.17238998413	-482	277	-393.883372778	392.312233621
20	"1"	"1"	14	FALSE	-15	135	100	0	0	-395.979797464	395.979797464	1.20542001724	-485	278	-396.522331212	394.054616583
20	"1"	"1"	15	FALSE	-15	90	100	0	0	3.42901103761e-14	560	0.00209283828735	0	-10	-2.58819045103	-9.65925826289
20	"1"	"1"	15	FALSE	-15	90	100	0	0	3.42901103761e-14	560	0.0382289886475	0	-9	-2.32937140592	-8.6933324366
20	"1"	"1"	15	FALSE	-15	90	100	0	0	3.42901103761e-14	560	0.0715179443359	0	-9	-2.32937140592	-8.6933324366
20	"1"	"1"	15	FALSE	-15	90	100	0	0	3.42901103761e-14	560	0.104871034622	0	-9	-2.32937140592	-8.6933324366
20	"1"	"1"	15	FALSE	-15	90	100	0	0	3.42901103761e-14	560	0.138187885284	0	-9	-2.32937140592	-8.6933324366
20	"1"	"1"	15	FALSE	-15	90	100	0	0	3.42901103761e-14	560	0.170951843262	0	-9	-2.32937140592	-8.6933324366
20	"1"	"1"	15	FALSE	-15	90	100	0	0	3.42901103761e-14	560	0.204972982407	0	-9	-2.32937140592	-8.6933324366
20	"1"	"1"	15	FALSE	-15	90	100	0	0	3.42901103761e-14	560	0.238317012787	0	-9	-2.32937140592	-8.6933324366
20	"1"	"1"	15	FALSE	-15	90	100	0	0	3.42901103761e-14	560	0.271472930908	0	-9	-2.32937140592	-8.6933324366
20	"1"	"1"	15	FALSE	-15	90	100	0	0	3.42901103761e-14	560	0.30509185791	0	-4	-1.03527618041	-3.86370330516
20	"1"	"1"	15	FALSE	-15	90	100	0	0	3.42901103761e-14	560	0.338271856308	-2	8	0.138700708242	8.24504470052
20	"1"	"1"	15	FALSE	-15	90	100	0	0	3.42901103761e-14	560	0.371716976166	-5	32	3.45258031184	32.2037216668
20	"1"	"1"	15	FALSE	-15	90	100	0	0	3.42901103761e-14	560	0.4047498703	-8	60	7.80173609584	60.0261019382
20	"1"	"1"	15	FALSE	-15	90	100	0	0	3.42901103761e-14	560	0.438519954681	-16	103	11.2035484249	103.631464829
20	"1"	"1"	15	FALSE	-15	90	100	0	0	3.42901103761e-14	560	0.471789836884	-26	147	12.9323281466	148.720391637
20	"1"	"1"	15	FALSE	-15	90	100	0	0	3.42901103761e-14	560	0.50466299057	-40	196	12.0914997885	199.674223757
20	"1"	"1"	15	FALSE	-15	90	100	0	0	3.42901103761e-14	560	0.538640022278	-59	256	9.26805179519	262.547335191
20	"1"	"1"	15	FALSE	-15	90	100	0	0	3.42901103761e-14	560	0.571760892868	-70	291	7.7015342846	299.201748607
20	"1"	"1"	15	FALSE	-15	90	100	0	0	3.42901103761e-14	560	0.604804039001	-79	327	8.32568747169	336.30444976
20	"1"	"1"	15	FALSE	-15	90	100	0	0	3.42901103761e-14	560	0.638685941696	-85	357	10.294703867	366.835138819
20	"1"	"1"	15	FALSE	-15	90	100	0	0	3.42901103761e-14	560	0.672032833099	-92	378	8.96842303016	388.931314487
20	"1"	"1"	15	FALSE	-15	90	100	0	0	3.42901103761e-14	560	0.705038070679	-99	394	6.34804696778	406.197861023
20	"1"	"1"	15	FALSE	-15	90	100	0	0	3.42901103761e-14	560	0.738793849945	-104	408	5.14188446777	421.014917817
20	"1"	"1"	15	FALSE	-15	90	100	0	0	3.42901103761e-14	560	0.772166013718	-107	424	6.38521171054	437.246188173
20	"1"	"1"	15	FALSE	-15	90	100	0	0	3.42901103761e-14	560	0.80548787117	-108	437	8.78393347058	450.062042959
20	"1"	"1"	15	FALSE	-15	90	100	0	0	3.42901103761e-14	560	0.838851928711	-110	454	11.2520055847	467.000420097
20	"1"	"1"	15	FALSE	-15	90	100	0	0	3.42901103761e-14	560	0.871942043304	-113	468	11.9776947373	481.2998388
20	"1"	"1"	15	FALSE	-15	90	100	0	0	3.42901103761e-14	560	0.905529975891	-117	478	10.7021818832	491.994373243
20	"1"	"1"	15	FALSE	-15	90	100	0	0	3.42901103761e-14	560	0.938891887665	-121	490	9.94430711926	504.620759339
20	"1"	"1"	15	FALSE	-15	90	100	0	0	3.42901103761e-14	560	0.97227191925	-122	500	11.566571744	514.538836647
20	"1"	"1"	15	FALSE	-15	90	100	0	0	3.42901103761e-14	560	1.00549888611	-123	510	13.1888363687	524.456913955
20	"1"	"1"	15	FALSE	-15	90	100	0	0	3.42901103761e-14	560	1.03895497322	-124	519	14.5522819484	533.409065437
20	"1"	"1"	15	FALSE	-15	90	100	0	0	3.42901103761e-14	560	1.07238984108	-126	528	14.9498017017	542.620035964
20	"1"	"1"	15	FALSE	-15	90	100	0	0	3.42901103761e-14	560	1.10554289818	-128	535	14.8296833648	549.899154838
20	"1"	"1"	15	FALSE	-15	90	100	0	0	3.42901103761e-14	560	1.13907289505	-129	540	15.1578527641	554.987603014
20	"1"	"1"	15	FALSE	-15	90	100	0	0	3.42901103761e-14	560	1.17242789268	-130	545	15.4860221633	560.076051191
20	"1"	"1"	15	FALSE	-15	90	100	0	0	3.42901103761e-14	560	1.20572304726	-131	548	15.2965534723	563.232647715
20	"1"	"1"	15	FALSE	-15	90	100	0	0	3.42901103761e-14	560	1.23902487755	-132	551	15.1070847813	566.389244239
20	"1"	"1"	15	FALSE	-15	90	100	0	0	3.42901103761e-14	560	1.27240204811	-133	552	14.3999780001	567.61398911
20	"1"	"1"	15	FALSE	-15	90	100	0	0	3.42901103761e-14	560	1.30583500862	-133	552	14.3999780001	567.61398911
20	"1"	"1"	15	FALSE	-15	90	100	0	0	3.42901103761e-14	560	1.33904385567	-133	552	14.3999780001	567.61398911
20	"1"	"1"	15	FALSE	-15	90	100	0	0	3.42901103761e-14	560	1.37243294716	-133	552	14.3999780001	567.61398911
20	"1"	"1"	15	FALSE	-15	90	100	0	0	3.42901103761e-14	560	1.40571904182	-133	552	14.3999780001	567.61398911
20	"1"	"1"	15	FALSE	-15	90	100	0	0	3.42901103761e-14	560	1.43907284737	-133	551	14.141158955	566.648063284
20	"1"	"1"	15	FALSE	-15	90	100	0	0	3.42901103761e-14	560	1.47239804268	-132	549	14.5894466911	564.457392586
20	"1"	"1"	15	FALSE	-15	90	100	0	0	3.42901103761e-14	560	1.50585603714	-131	544	14.2612772919	559.36894441
20	"1"	"1"	15	FALSE	-15	90	100	0	0	3.42901103761e-14	560	1.53921103477	-132	539	12.0012562401	554.798134323
20	"1"	"1"	15	FALSE	-15	90	100	0	0	3.42901103761e-14	560	1.57238197327	-131	537	12.4495439762	552.607463626
20	"1"	"1"	15	FALSE	-15	90	100	0	0	3.42901103761e-14	560	1.60604500771	-130	532	12.121374577	547.519015449
20	"1"	"1"	15	FALSE	-15	90	100	0	0	3.42901103761e-14	560	1.63940906525	-130	527	10.8272793514	542.689386318
20	"1"	"1"	15	FALSE	-15	90	100	0	0	3.42901103761e-14	560	1.67290306091	-129	522	10.4991099522	537.600938141
20	"1"	"1"	15	FALSE	-15	90	100	0	0	3.42901103761e-14	560	1.70616102219	-129	518	9.46383377182	533.737234836
20	"1"	"1"	15	FALSE	-15	90	100	0	0	3.42901103761e-14	560	1.73950505257	-129	517	9.20501472671	532.77130901
20	"1"	"1"	15	FALSE	-15	90	100	0	0	3.42901103761e-14	560	1.77286696434	-130	518	8.49790794553	533.996053881
20	"1"	"1"	15	FALSE	-15	90	100	0	0	3.42901103761e-14	560	1.80620598793	-133	521	6.37658760197	537.670288495
20	"1"	"1"	15	FALSE	-15	90	100	0	0	3.42901103761e-14	560	1.83943605423	-136	524	4.25526725841	541.344523109
20	"1"	"1"	15	FALSE	-15	90	100	0	0	3.42901103761e-14	560	1.87291383743	-138	527	3.09987274114	544.759938678
20	"1"	"1"	15	FALSE	-15	90	100	0	0	3.42901103761e-14	560	1.90622091293	-138	528	3.35869178624	545.725864505
20	"1"	"1"	15	FALSE	-15	90	100	0	0	3.42901103761e-14	560	1.93963885307	-139	528	2.39276595995	545.98468355
20	"1"	"1"	15	FALSE	-15	90	100	0	0	3.42901103761e-14	560	1.97302985191	-140	530	1.94447822387	548.175354248
20	"1"	"1"	15	FALSE	-15	90	100	0	0	3.42901103761e-14	560	2.00645494461	-141	531	1.23737144268	549.400099119
20	"1"	"1"	16	FALSE	-15	90	100	0	0	3.42901103761e-14	560	0.00151896476746	2	-2	1.41421356237	-2.44948974278
20	"1"	"1"	16	FALSE	-15	90	100	0	0	3.42901103761e-14	560	0.0212309360504	2	-2	1.41421356237	-2.44948974278
20	"1"	"1"	16	FALSE	-15	90	100	0	0	3.42901103761e-14	560	0.0546500682831	2	-2	1.41421356237	-2.44948974278
20	"1"	"1"	16	FALSE	-15	90	100	0	0	3.42901103761e-14	560	0.0881099700928	2	-2	1.41421356237	-2.44948974278
20	"1"	"1"	16	FALSE	-15	90	100	0	0	3.42901103761e-14	560	0.121297121048	2	-2	1.41421356237	-2.44948974278
20	"1"	"1"	16	FALSE	-15	90	100	0	0	3.42901103761e-14	560	0.154958963394	2	-2	1.41421356237	-2.44948974278
20	"1"	"1"	16	FALSE	-15	90	100	0	0	3.42901103761e-14	560	0.188214063644	2	-2	1.41421356237	-2.44948974278
20	"1"	"1"	16	FALSE	-15	90	100	0	0	3.42901103761e-14	560	0.221058130264	2	-1	1.67303260748	-1.48356391649
20	"1"	"1"	16	FALSE	-15	90	100	0	0	3.42901103761e-14	560	0.255019903183	0	3	0.776457135308	2.89777747887
20	"1"	"1"	16	FALSE	-15	90	100	0	0	3.42901103761e-14	560	0.288338899612	-5	16	-0.688524409805	16.7489084461
20	"1"	"1"	16	FALSE	-15	90	100	0	0	3.42901103761e-14	560	0.321816921234	-11	35	-1.56651751059	36.6544134162
20	"1"	"1"	16	FALSE	-15	90	100	0	0	3.42901103761e-14	560	0.355098009109	-20	61	-3.53055477453	64.0978563057
20	"1"	"1"	16	FALSE	-15	90	100	0	0	3.42901103761e-14	560	0.388512134552	-35	100	-7.92549940987	105.651249207
20	"1"	"1"	16	FALSE	-15	90	100	0	0	3.42901103761e-14	560	0.421243906021	-49	150	-8.50750872279	157.571007153
20	"1"	"1"	16	FALSE	-15	90	100	0	0	3.42901103761e-14	560	0.455146074295	-60	190	-8.77993100787	199.055049701
20	"1"	"1"	16	FALSE	-15	90	100	0	0	3.42901103761e-14	560	0.48850107193	-74	237	-10.1383974561	248.077030168
20	"1"	"1"	16	FALSE	-15	90	100	0	0	3.42901103761e-14	560	0.5218770504	-94	288	-16.2571426816	302.515628211
20	"1"	"1"	16	FALSE	-15	90	100	0	0	3.42901103761e-14	560	0.555301904678	-111	324	-23.3603961049	341.688881724
20	"1"	"1"	16	FALSE	-15	90	100	0	0	3.42901103761e-14	560	0.588593959808	-127	359	-29.7565427469	379.637390366
20	"1"	"1"	16	FALSE	-15	90	100	0	0	3.42901103761e-14	560	0.62199306488	-133	381	-29.8580787124	402.440672815
20	"1"	"1"	16	FALSE	-15	90	100	0	0	3.42901103761e-14	560	0.655328035355	-134	402	-25.3888045915	422.983934212
20	"1"	"1"	16	FALSE	-15	90	100	0	0	3.42901103761e-14	560	0.68873000145	-135	415	-22.9900828315	435.799788999
20	"1"	"1"	16	FALSE	-15	90	100	0	0	3.42901103761e-14	560	0.722053050995	-135	433	-18.3313400196	453.186453872
20	"1"	"1"	16	FALSE	-15	90	100	0	0	3.42901103761e-14	560	0.755310058594	-135	454	-12.8961400725	473.470896224
20	"1"	"1"	16	FALSE	-15	90	100	0	0	3.42901103761e-14	560	0.788656949997	-134	472	-7.27147143435	490.598742052
20	"1"	"1"	16	FALSE	-15	90	100	0	0	3.42901103761e-14	560	0.822150945663	-133	486	-2.68207897662	503.862884575
20	"1"	"1"	16	FALSE	-15	90	100	0	0	3.42901103761e-14	560	0.855499982834	-132	499	1.648494436	516.161101272
20	"1"	"1"	16	FALSE	-15	90	100	0	0	3.42901103761e-14	560	0.888818025589	-131	511	5.72024880352	527.493392142
20	"1"	"1"	16	FALSE	-15	90	100	0	0	3.42901103761e-14	560	0.921648979187	-132	518	6.56605629295	534.513691971
20	"1"	"1"	16	FALSE	-15	90	100	0	0	3.42901103761e-14	560	0.955593109131	-133	524	7.15304473727	540.568065974
20	"1"	"1"	16	FALSE	-15	90	100	0	0	3.42901103761e-14	560	0.988923072815	-133	534	9.7412351883	550.227324237
20	"1"	"1"	16	FALSE	-15	90	100	0	0	3.42901103761e-14	560	1.02227210999	-134	539	10.0694045875	555.315772414
20	"1"	"1"	16	FALSE	-15	90	100	0	0	3.42901103761e-14	560	1.05545306206	-135	542	9.87993589654	558.472368938
20	"1"	"1"	17	FALSE	-15	45	100	0	0	395.979797464	395.979797464	0.00205183029175	3	1	3.15659652397	0.189468690982
20	"1"	"1"	17	FALSE	-15	45	100	0	0	395.979797464	395.979797464	0.0382239818573	3	0	2.89777747887	-0.776457135308
20	"1"	"1"	17	FALSE	-15	45	100	0	0	395.979797464	395.979797464	0.0715439319611	3	-1	2.63895843376	-1.7423829616
20	"1"	"1"	17	FALSE	-15	45	100	0	0	395.979797464	395.979797464	0.104838848114	4	-2	3.34606521495	-2.96712783299
20	"1"	"1"	17	FALSE	-15	45	100	0	0	395.979797464	395.979797464	0.138255834579	4	-2	3.34606521495	-2.96712783299
20	"1"	"1"	17	FALSE	-15	45	100	0	0	395.979797464	395.979797464	0.171576023102	4	-2	3.34606521495	-2.96712783299
20	"1"	"1"	17	FALSE	-15	45	100	0	0	395.979797464	395.979797464	0.204967021942	4	-1	3.60488426005	-2.0012020067
20	"1"	"1"	17	FALSE	-15	45	100	0	0	395.979797464	395.979797464	0.238340854645	4	-1	3.60488426005	-2.0012020067
20	"1"	"1"	17	FALSE	-15	45	100	0	0	395.979797464	395.979797464	0.271664857864	4	-1	3.60488426005	-2.0012020067
20	"1"	"1"	17	FALSE	-15	45	100	0	0	395.979797464	395.979797464	0.305027961731	4	-1	3.60488426005	-2.0012020067
20	"1"	"1"	17	FALSE	-15	45	100	0	0	395.979797464	395.979797464	0.33846282959	6	4	6.83083113814	2.31078903454
20	"1"	"1"	17	FALSE	-15	45	100	0	0	395.979797464	395.979797464	0.371790885925	13	17	16.9569595085	13.0560914606
20	"1"	"1"	17	FALSE	-15	45	100	0	0	395.979797464	395.979797464	0.405174016953	28	44	38.4339611206	35.2538030938
20	"1"	"1"	17	FALSE	-15	45	100	0	0	395.979797464	395.979797464	0.438356876373	46	78	64.6204735273	63.4365383758
20	"1"	"1"	17	FALSE	-15	45	100	0	0	395.979797464	395.979797464	0.471851825714	65	114	92.2905498505	93.2923062653
20	"1"	"1"	17	FALSE	-15	45	100	0	0	395.979797464	395.979797464	0.505155801773	80	148	115.579284778	122.251498683
20	"1"	"1"	17	FALSE	-15	45	100	0	0	395.979797464	395.979797464	0.538493871689	97	189	142.611604674	157.454533794
20	"1"	"1"	17	FALSE	-15	45	100	0	0	395.979797464	395.979797464	0.571900844574	113	216	165.054532113	179.393426382
20	"1"	"1"	17	FALSE	-15	45	100	0	0	395.979797464	395.979797464	0.605281829834	130	249	190.016299648	206.869054883
20	"1"	"1"	17	FALSE	-15	45	100	0	0	395.979797464	395.979797464	0.638691902161	144	279	211.303832569	232.22336304
20	"1"	"1"	17	FALSE	-15	45	100	0	0	395.979797464	395.979797464	0.672024011612	154	311	229.245300275	260.54479903
20	"1"	"1"	17	FALSE	-15	45	100	0	0	395.979797464	395.979797464	0.705463886261	167	340	249.308088325	285.192000406
20	"1"	"1"	17	FALSE	-15	45	100	0	0	395.979797464	395.979797464	0.738546848297	177	358	263.6260894	299.990474828
20	"1"	"1"	17	FALSE	-15	45	100	0	0	395.979797464	395.979797464	0.772104978561	188	374	278.392378211	312.598278553
20	"1"	"1"	17	FALSE	-15	45	100	0	0	395.979797464	395.979797464	0.805466890335	200	392	294.642230938	326.879114885
20	"1"	"1"	17	FALSE	-15	45	100	0	0	395.979797464	395.979797464	0.838780879974	210	408	308.442593923	339.745737654
20	"1"	"1"	17	FALSE	-15	45	100	0	0	395.979797464	395.979797464	0.872143030167	219	420	320.2417549	349.007476164
20	"1"	"1"	17	FALSE	-15	45	100	0	0	395.979797464	395.979797464	0.90558886528	229	429	332.230384569	355.11261815
20	"1"	"1"	17	FALSE	-15	45	100	0	0	395.979797464	395.979797464	0.93888092041	239	438	344.219014238	361.217760135
20	"1"	"1"	17	FALSE	-15	45	100	0	0	395.979797464	395.979797464	0.972211837769	246	445	352.792228338	366.167507603
20	"1"	"1"	17	FALSE	-15	45	100	0	0	395.979797464	395.979797464	1.00566482544	254	451	362.072549219	369.8925102
20	"1"	"1"	17	FALSE	-15	45	100	0	0	395.979797464	395.979797464	1.03893899918	260	456	369.162199402	373.169225061
20	"1"	"1"	17	FALSE	-15	45	100	0	0	395.979797464	395.979797464	1.07207298279	264	461	374.319997933	376.963578012
20	"1"	"1"	17	FALSE	-15	45	100	0	0	395.979797464	395.979797464	1.10570597649	269	466	380.44372229	380.499111918
20	"1"	"1"	17	FALSE	-15	45	100	0	0	395.979797464	395.979797464	1.13903689384	271	469	383.152031077	382.879251307
20	"1"	"1"	17	FALSE	-15	45	100	0	0	395.979797464	395.979797464	1.17245697975	273	472	385.860339865	385.259390695
20	"1"	"1"	17	FALSE	-15	45	100	0	0	395.979797464	395.979797464	1.20575284958	277	477	391.018138396	389.053743646
20	"1"	"1"	17	FALSE	-15	45	100	0	0	395.979797464	395.979797464	1.23914384842	278	479	392.501702312	390.726776254
20	"1"	"1"	18	FALSE	-15	135	100	0	0	-395.979797464	395.979797464	0.00189590454102	8	-1	7.46858756521	-3.03647818711
20	"1"	"1"	18	FALSE	-15	135	100	0	0	-395.979797464	395.979797464	0.0380079746246	8	-2	7.20976852011	-4.0024040134
20	"1"	"1"	18	FALSE	-15	135	100	0	0	-395.979797464	395.979797464	0.0713188648224	8	-2	7.20976852011	-4.0024040134
20	"1"	"1"	18	FALSE	-15	135	100	0	0	-395.979797464	395.979797464	0.104573011398	8	-3	6.95094947501	-4.96832983969
20	"1"	"1"	18	FALSE	-15	135	100	0	0	-395.979797464	395.979797464	0.137830018997	7	-3	5.98502364872	-4.70951079458
20	"1"	"1"	18	FALSE	-15	135	100	0	0	-395.979797464	395.979797464	0.171339988708	7	-3	5.98502364872	-4.70951079458
20	"1"	"1"	18	FALSE	-15	135	100	0	0	-395.979797464	395.979797464	0.204764842987	7	-3	5.98502364872	-4.70951079458
20	"1"	"1"	18	FALSE	-15	135	100	0	0	-395.979797464	395.979797464	0.238051891327	7	-3	5.98502364872	-4.70951079458
20	"1"	"1"	18	FALSE	-15	135	100	0	0	-395.979797464	395.979797464	0.271365880966	7	-3	5.98502364872	-4.70951079458
20	"1"	"1"	18	FALSE	-15	135	100	0	0	-395.979797464	395.979797464	0.304878950119	6	-1	5.53673591263	-2.5188400969
20	"1"	"1"	18	FALSE	-15	135	100	0	0	-395.979797464	395.979797464	0.338202953339	1	5	2.2600210518	4.57081008634
20	"1"	"1"	18	FALSE	-15	135	100	0	0	-395.979797464	395.979797464	0.371537923813	-10	16	-5.51815354125	18.0430036717
20	"1"	"1"	18	FALSE	-15	135	100	0	0	-395.979797464	395.979797464	0.404886960983	-34	39	-22.7475353348	46.4709547588
20	"1"	"1"	18	FALSE	-15	135	100	0	0	-395.979797464	395.979797464	0.438256025314	-57	57	-40.3050865276	69.8104576693
20	"1"	"1"	18	FALSE	-15	135	100	0	0	-395.979797464	395.979797464	0.471587896347	-89	76	-66.2971511119	96.4452578121
20	"1"	"1"	18	FALSE	-15	135	100	0	0	-395.979797464	395.979797464	0.504885911942	-124	91	-96.2222693555	119.992811785
20	"1"	"1"	18	FALSE	-15	135	100	0	0	-395.979797464	395.979797464	0.538277864456	-161	116	-125.491048801	153.717262111
20	"1"	"1"	18	FALSE	-15	135	100	0	0	-395.979797464	395.979797464	0.571697950363	-198	143	-154.242190156	189.37356409
20	"1"	"1"	18	FALSE	-15	135	100	0	0	-395.979797464	395.979797464	0.605037927628	-229	162	-179.268328914	215.749545187
20	"1"	"1"	18	FALSE	-15	135	100	0	0	-395.979797464	395.979797464	0.638359069824	-266	184	-209.313565494	246.576218034
20	"1"	"1"	18	FALSE	-15	135	100	0	0	-395.979797464	395.979797464	0.671726942062	-297	200	-235.116161387	270.054421653
20	"1"	"1"	18	FALSE	-15	135	100	0	0	-395.979797464	395.979797464	0.705085992813	-329	212	-262.919959287	289.927741012
20	"1"	"1"	18	FALSE	-15	135	100	0	0	-395.979797464	395.979797464	0.738499879837	-354	224	-283.962276403	307.989327055
20	"1"	"1"	18	FALSE	-15	135	100	0	0	-395.979797464	395.979797464	0.771837949753	-373	236	-299.209038562	324.497998827
20	"1"	"1"	18	FALSE	-15	135	100	0	0	-395.979797464	395.979797464	0.805202007294	-393	248	-315.421726546	341.265489645
20	"1"	"1"	18	FALSE	-15	135	100	0	0	-395.979797464	395.979797464	0.83860206604	-406	254	-326.425848017	350.425692189
20	"1"	"1"	18	FALSE	-15	135	100	0	0	-395.979797464	395.979797464	0.871927976608	-420	262	-337.878257225	361.776565431
20	"1"	"1"	18	FALSE	-15	135	100	0	0	-395.979797464	395.979797464	0.905303001404	-433	269	-348.623559651	371.902693801
20	"1"	"1"	18	FALSE	-15	135	100	0	0	-395.979797464	395.979797464	0.938473939896	-444	273	-358.213467559	378.613406602
20	"1"	"1"	18	FALSE	-15	135	100	0	0	-395.979797464	395.979797464	0.971915960312	-453	278	-365.61270477	385.77240714
20	"1"	"1"	18	FALSE	-15	135	100	0	0	-395.979797464	395.979797464	1.00530695915	-461	282	-372.3048352	391.706662806
20	"1"	"1"	18	FALSE	-15	135	100	0	0	-395.979797464	395.979797464	1.03867983818	-469	286	-378.99696563	397.640918472
20	"1"	"1"	18	FALSE	-15	135	100	0	0	-395.979797464	395.979797464	1.07209992409	-477	288	-386.20673415	401.643322485
20	"1"	"1"	18	FALSE	-15	135	100	0	0	-395.979797464	395.979797464	1.10540986061	-482	289	-390.777544237	403.903343537
20	"1"	"1"	18	FALSE	-15	135	100	0	0	-395.979797464	395.979797464	1.13873386383	-487	290	-395.348354323	406.163364589
20	"1"	"1"	18	FALSE	-15	135	100	0	0	-395.979797464	395.979797464	1.17211294174	-490	289	-398.504950847	405.973895898
20	"1"	"1"	18	FALSE	-15	135	100	0	0	-395.979797464	395.979797464	1.20551300049	-493	289	-401.402728326	406.750353033
20	"1"	"1"	19	FALSE	-15	45	100	0	0	395.979797464	395.979797464	0.00200700759888	6	-1	5.53673591263	-2.5188400969
20	"1"	"1"	19	FALSE	-15	45	100	0	0	395.979797464	395.979797464	0.0381550788879	6	0	5.79555495773	-1.55291427062
20	"1"	"1"	19	FALSE	-15	45	100	0	0	395.979797464	395.979797464	0.0714781284332	6	0	5.79555495773	-1.55291427062
20	"1"	"1"	19	FALSE	-15	45	100	0	0	395.979797464	395.979797464	0.104722976685	6	0	5.79555495773	-1.55291427062
20	"1"	"1"	19	FALSE	-15	45	100	0	0	395.979797464	395.979797464	0.138170003891	6	0	5.79555495773	-1.55291427062
20	"1"	"1"	19	FALSE	-15	45	100	0	0	395.979797464	395.979797464	0.171556949615	6	1	6.05437400284	-0.586988444326
20	"1"	"1"	19	FALSE	-15	45	100	0	0	395.979797464	395.979797464	0.204986095428	7	3	7.53793791933	1.08604416315
20	"1"	"1"	19	FALSE	-15	45	100	0	0	395.979797464	395.979797464	0.238214969635	7	4	7.79675696443	2.05196998944
20	"1"	"1"	19	FALSE	-15	45	100	0	0	395.979797464	395.979797464	0.271600008011	7	5	8.05557600954	3.01789581573
20	"1"	"1"	19	FALSE	-15	45	100	0	0	395.979797464	395.979797464	0.3049929142	9	10	11.2815228876	7.32988685697
20	"1"	"1"	19	FALSE	-15	45	100	0	0	395.979797464	395.979797464	0.338402986526	14	22	19.2169805603	17.6269015469
20	"1"	"1"	19	FALSE	-15	45	100	0	0	395.979797464	395.979797464	0.371743917465	23	40	32.5690558087	32.6841950142
20	"1"	"1"	19	FALSE	-15	45	100	0	0	395.979797464	395.979797464	0.40510392189	39	73	56.5648975178	60.4186425601
20	"1"	"1"	19	FALSE	-15	45	100	0	0	395.979797464	395.979797464	0.438302993774	55	105	80.3019201817	87.1871642797
20	"1"	"1"	19	FALSE	-15	45	100	0	0	395.979797464	395.979797464	0.471796035767	73	140	106.747251633	116.335825388
20	"1"	"1"	19	FALSE	-15	45	100	0	0	395.979797464	395.979797464	0.505146980286	92	173	133.640870821	143.293815799
20	"1"	"1"	19	FALSE	-15	45	100	0	0	395.979797464	395.979797464	0.538458108902	109	207	158.861457402	171.735370126
20	"1"	"1"	19	FALSE	-15	45	100	0	0	395.979797464	395.979797464	0.571871042252	129	236	185.685726235	194.570838186
20	"1"	"1"	19	FALSE	-15	45	100	0	0	395.979797464	395.979797464	0.605209112167	142	260	204.45441906	214.388410431
20	"1"	"1"	19	FALSE	-15	45	100	0	0	395.979797464	395.979797464	0.638608932495	159	290	228.63972946	238.966261453
20	"1"	"1"	19	FALSE	-15	45	100	0	0	395.979797464	395.979797464	0.671920061111	174	317	250.116731072	261.163973086
20	"1"	"1"	19	FALSE	-15	45	100	0	0	395.979797464	395.979797464	0.705190896988	186	339	267.40185998	279.308512723
20	"1"	"1"	19	FALSE	-15	45	100	0	0	395.979797464	395.979797464	0.738615989685	201	360	287.325947321	295.710669398
20	"1"	"1"	19	FALSE	-15	45	100	0	0	395.979797464	395.979797464	0.772031068802	214	376	304.024087784	307.800835033
20	"1"	"1"	19	FALSE	-15	45	100	0	0	395.979797464	395.979797464	0.805365085602	225	390	318.272738505	318.476787105
20	"1"	"1"	19	FALSE	-15	45	100	0	0	395.979797464	395.979797464	0.838714122772	237	407	334.263772187	331.79169761
20	"1"	"1"	19	FALSE	-15	45	100	0	0	395.979797464	395.979797464	0.872065067291	247	422	347.805316127	343.692394554
20	"1"	"1"	19	FALSE	-15	45	100	0	0	395.979797464	395.979797464	0.905389070511	256	435	359.86329615	353.920058889
20	"1"	"1"	19	FALSE	-15	45	100	0	0	395.979797464	395.979797464	0.93879199028	264	446	370.437712256	362.474690618
20	"1"	"1"	19	FALSE	-15	45	100	0	0	395.979797464	395.979797464	0.97217297554	270	454	378.303819575	368.649182958
20	"1"	"1"	19	FALSE	-15	45	100	0	0	395.979797464	395.979797464	1.00553607941	273	459	382.495692279	372.702354954
20	"1"	"1"	19	FALSE	-15	45	100	0	0	395.979797464	395.979797464	1.03892397881	277	464	387.65349081	376.496707905
20	"1"	"1"	19	FALSE	-15	45	100	0	0	395.979797464	395.979797464	1.07225799561	282	471	394.294853257	381.964093463
20	"1"	"1"	19	FALSE	-15	45	100	0	0	395.979797464	395.979797464	1.1056599617	285	478	399.004364051	387.949117112
20	"1"	"1"	19	FALSE	-15	45	100	0	0	395.979797464	395.979797464	1.13878798485	287	483	402.230310929	392.261108153
20	"1"	"1"	19	FALSE	-15	45	100	0	0	395.979797464	395.979797464	1.1723139286	287	485	402.74794902	394.192959806
20	"1"	"1"	20	FALSE	-15	90	100	0	0	3.42901103761e-14	560	0.00158309936523	-9	1	-8.4345133915	3.29529723221
20	"1"	"1"	20	FALSE	-15	90	100	0	0	3.42901103761e-14	560	0.0206701755524	-9	1	-8.4345133915	3.29529723221
20	"1"	"1"	20	FALSE	-15	90	100	0	0	3.42901103761e-14	560	0.0547270774841	-9	1	-8.4345133915	3.29529723221
20	"1"	"1"	20	FALSE	-15	90	100	0	0	3.42901103761e-14	560	0.0880441665649	-9	1	-8.4345133915	3.29529723221
20	"1"	"1"	20	FALSE	-15	90	100	0	0	3.42901103761e-14	560	0.121431112289	-9	1	-8.4345133915	3.29529723221
20	"1"	"1"	20	FALSE	-15	90	100	0	0	3.42901103761e-14	560	0.154863119125	-9	1	-8.4345133915	3.29529723221
20	"1"	"1"	20	FALSE	-15	90	100	0	0	3.42901103761e-14	560	0.188180208206	-9	1	-8.4345133915	3.29529723221
20	"1"	"1"	20	FALSE	-15	90	100	0	0	3.42901103761e-14	560	0.22159910202	-9	1	-8.4345133915	3.29529723221
20	"1"	"1"	20	FALSE	-15	90	100	0	0	3.42901103761e-14	560	0.254962205887	-8	0	-7.72740661031	2.07055236082
20	"1"	"1"	20	FALSE	-15	90	100	0	0	3.42901103761e-14	560	0.288219213486	-8	1	-7.46858756521	3.03647818711
20	"1"	"1"	20	FALSE	-15	90	100	0	0	3.42901103761e-14	560	0.321709156036	-7	6	-5.20856651341	7.60728827345
20	"1"	"1"	20	FALSE	-15	90	100	0	0	3.42901103761e-14	560	0.355033159256	-8	24	-1.51574952785	25.2527721918
20	"1"	"1"	20	FALSE	-15	90	100	0	0	3.42901103761e-14	560	0.388417005539	-11	56	3.86868243656	56.9388557683
20	"1"	"1"	20	FALSE	-15	90	100	0	0	3.42901103761e-14	560	0.421606063843	-17	97	8.68470832803	98.0947289168
20	"1"	"1"	20	FALSE	-15	90	100	0	0	3.42901103761e-14	560	0.455155134201	-26	135	9.82649960532	137.129281722
20	"1"	"1"	20	FALSE	-15	90	100	0	0	3.42901103761e-14	560	0.488435029984	-36	190	14.4022888231	192.843392619
20	"1"	"1"	20	FALSE	-15	90	100	0	0	3.42901103761e-14	560	0.521717071533	-45	227	15.2852610553	230.912019597
20	"1"	"1"	20	FALSE	-15	90	100	0	0	3.42901103761e-14	560	0.555194139481	-55	262	14.684669371	267.307613968
20	"1"	"1"	20	FALSE	-15	90	100	0	0	3.42901103761e-14	560	0.588340044022	-64	292	13.7559082874	298.614760163
20	"1"	"1"	20	FALSE	-15	90	100	0	0	3.42901103761e-14	560	0.621874094009	-77	323	9.22226294386	331.923108364
20	"1"	"1"	20	FALSE	-15	90	100	0	0	3.42901103761e-14	560	0.655282020569	-90	352	4.17097951007	363.299604913
20	"1"	"1"	20	FALSE	-15	90	100	0	0	3.42901103761e-14	560	0.688662052155	-97	376	3.62115580851	388.29355806
20	"1"	"1"	20	FALSE	-15	90	100	0	0	3.42901103761e-14	560	0.72194314003	-103	401	4.29607697834	413.994617987
20	"1"	"1"	20	FALSE	-15	90	100	0	0	3.42901103761e-14	560	0.755196094513	-111	420	1.48623222497	434.417761048
20	"1"	"1"	20	FALSE	-15	90	100	0	0	3.42901103761e-14	560	0.788526058197	-117	435	-0.427037056225	450.459562713
20	"1"	"1"	20	FALSE	-15	90	100	0	0	3.42901103761e-14	560	0.821909189224	-121	448	-0.926092775048	464.051874635
20	"1"	"1"	20	FALSE	-15	90	100	0	0	3.42901103761e-14	560	0.855426073074	-123	462	0.765522203809	478.092474293
20	"1"	"1"	20	FALSE	-15	90	100	0	0	3.42901103761e-14	560	0.888839006424	-124	474	2.90542491875	489.942403254
20	"1"	"1"	20	FALSE	-15	90	100	0	0	3.42901103761e-14	560	0.922116041183	-125	485	4.78650858859	500.826406388
20	"1"	"1"	20	FALSE	-15	90	100	0	0	3.42901103761e-14	560	0.955471038818	-128	498	5.25337869605	514.159899265
20	"1"	"1"	20	FALSE	-15	90	100	0	0	3.42901103761e-14	560	0.988749027252	-130	509	6.1685365396	525.302721444
20	"1"	"1"	20	FALSE	-15	90	100	0	0	3.42901103761e-14	560	1.02213907242	-130	518	8.49790794553	533.996053881
20	"1"	"1"	20	FALSE	-15	90	100	0	0	3.42901103761e-14	560	1.0556101799	-132	528	9.15424674397	544.172950234
20	"1"	"1"	20	FALSE	-15	90	100	0	0	3.42901103761e-14	560	1.08890914917	-134	535	9.03412840711	551.452069108
20	"1"	"1"	20	FALSE	-15	90	100	0	0	3.42901103761e-14	560	1.12230014801	-136	540	8.39637198005	556.79933633
20	"1"	"1"	20	FALSE	-15	90	100	0	0	3.42901103761e-14	560	1.15568709373	-137	543	8.20690328907	559.955932854
20	"1"	"1"	20	FALSE	-15	90	100	0	0	3.42901103761e-14	560	1.18904805183	-138	546	8.01743459808	563.112529378
20	"1"	"1"	21	FALSE	-15	135	100	0	0	-395.979797464	395.979797464	0.00203895568848	4	-6	2.31078903454	-6.83083113814
20	"1"	"1"	21	FALSE	-15	135	100	0	0	-395.979797464	395.979797464	0.0380809307098	4	-6	2.31078903454	-6.83083113814
20	"1"	"1"	21	FALSE	-15	135	100	0	0	-395.979797464	395.979797464	0.0714938640594	4	-6	2.31078903454	-6.83083113814
20	"1"	"1"	21	FALSE	-15	135	100	0	0	-395.979797464	395.979797464	0.10474395752	4	-6	2.31078903454	-6.83083113814
20	"1"	"1"	21	FALSE	-15	135	100	0	0	-395.979797464	395.979797464	0.138185024261	4	-6	2.31078903454	-6.83083113814
20	"1"	"1"	21	FALSE	-15	135	100	0	0	-395.979797464	395.979797464	0.171506881714	4	-6	2.31078903454	-6.83083113814
20	"1"	"1"	21	FALSE	-15	135	100	0	0	-395.979797464	395.979797464	0.204909086227	4	-6	2.31078903454	-6.83083113814
20	"1"	"1"	21	FALSE	-15	135	100	0	0	-395.979797464	395.979797464	0.238262891769	4	-6	2.31078903454	-6.83083113814
20	"1"	"1"	21	FALSE	-15	135	100	0	0	-395.979797464	395.979797464	0.271602869034	4	-6	2.31078903454	-6.83083113814
20	"1"	"1"	21	FALSE	-15	135	100	0	0	-395.979797464	395.979797464	0.304883003235	3	-6	1.34486320825	-6.57201209304
20	"1"	"1"	21	FALSE	-15	135	100	0	0	-395.979797464	395.979797464	0.33834195137	0	-4	-1.03527618041	-3.86370330516
20	"1"	"1"	21	FALSE	-15	135	100	0	0	-395.979797464	395.979797464	0.371676921844	-22	7	-19.4386348626	12.4554997763
20	"1"	"1"	21	FALSE	-15	135	100	0	0	-395.979797464	395.979797464	0.405102014542	-49	23	-41.3775274508	34.8984272147
20	"1"	"1"	21	FALSE	-15	135	100	0	0	-395.979797464	395.979797464	0.438436031342	-74	39	-61.3845683864	56.8237165629
20	"1"	"1"	21	FALSE	-15	135	100	0	0	-395.979797464	395.979797464	0.471792936325	-110	64	-89.6874220052	90.2893478438
20	"1"	"1"	21	FALSE	-15	135	100	0	0	-395.979797464	395.979797464	0.505172014236	-150	90	-121.595159884	125.756181131
20	"1"	"1"	21	FALSE	-15	135	100	0	0	-395.979797464	395.979797464	0.538482904434	-181	109	-146.621298642	152.132162229
20	"1"	"1"	21	FALSE	-15	135	100	0	0	-395.979797464	395.979797464	0.571910858154	-217	130	-175.959428441	181.734090205
20	"1"	"1"	21	FALSE	-15	135	100	0	0	-395.979797464	395.979797464	0.605086088181	-251	153	-202.848068498	212.750231743
20	"1"	"1"	21	FALSE	-15	135	100	0	0	-395.979797464	395.979797464	0.638022899628	-279	174	-224.458791687	240.281607358
20	"1"	"1"	21	FALSE	-15	135	100	0	0	-395.979797464	395.979797464	0.671866893768	-315	193	-254.314559576	267.951683681
20	"1"	"1"	21	FALSE	-15	135	100	0	0	-395.979797464	395.979797464	0.705261945724	-341	205	-276.322802519	286.272088769
20	"1"	"1"	21	FALSE	-15	135	100	0	0	-395.979797464	395.979797464	0.738712072372	-368	215	-299.814609377	302.91946125
20	"1"	"1"	21	FALSE	-15	135	100	0	0	-395.979797464	395.979797464	0.772032022476	-389	222	-318.287318414	315.116141981
20	"1"	"1"	21	FALSE	-15	135	100	0	0	-395.979797464	395.979797464	0.805356025696	-411	230	-337.467134231	328.537567584
20	"1"	"1"	21	FALSE	-15	135	100	0	0	-395.979797464	395.979797464	0.838620901108	-426	236	-350.403107355	338.215408218
20	"1"	"1"	21	FALSE	-15	135	100	0	0	-395.979797464	395.979797464	0.871869087219	-440	242	-362.373154652	347.634429807
20	"1"	"1"	21	FALSE	-15	135	100	0	0	-395.979797464	395.979797464	0.905431032181	-454	247	-374.602020995	356.08752557
20	"1"	"1"	21	FALSE	-15	135	100	0	0	-395.979797464	395.979797464	0.938843011856	-463	250	-382.518896296	361.314674455
20	"1"	"1"	21	FALSE	-15	135	100	0	0	-395.979797464	395.979797464	0.972192049026	-470	254	-388.2451009	366.990111076
20	"1"	"1"	21	FALSE	-15	135	100	0	0	-395.979797464	395.979797464	1.00559091568	-475	257	-392.298272896	371.18198378
20	"1"	"1"	21	FALSE	-15	135	100	0	0	-395.979797464	395.979797464	1.03894591331	-480	261	-396.092625847	376.339782311
20	"1"	"1"	21	FALSE	-15	135	100	0	0	-395.979797464	395.979797464	1.07225394249	-484	264	-399.179872017	380.27283597
20	"1"	"1"	21	FALSE	-15	135	100	0	0	-395.979797464	395.979797464	1.10556602478	-487	267	-401.30119236	383.947070584
20	"1"	"1"	21	FALSE	-15	135	100	0	0	-395.979797464	395.979797464	1.13884496689	-490	270	-403.422512704	387.621305198
20	"1"	"1"	21	FALSE	-15	135	100	0	0	-395.979797464	395.979797464	1.17228007317	-492	274	-404.319088176	392.002646594
