"task_num"	"task_name"	"trial_type"	"trial_num"	"terminalfeedback_bool"	"rotation_angle"	"targetangle_deg"	"targetdistance_percmax"	"homex_px"	"homey_px"	"targetx_px"	"targety_px"	"time_s"	"mousex_px"	"mousey_px"	"cursorx_px"	"cursory_px"
9	"1"	"1"	1	FALSE	0	135	100	0	0	-395.979797464	395.979797464	1550168452.51	-12	-7	-12	-7
9	"1"	"1"	1	FALSE	0	135	100	0	0	-395.979797464	395.979797464	1550168452.54	-12	-7	-12	-7
9	"1"	"1"	1	FALSE	0	135	100	0	0	-395.979797464	395.979797464	1550168452.58	-12	-7	-12	-7
9	"1"	"1"	1	FALSE	0	135	100	0	0	-395.979797464	395.979797464	1550168452.61	-10	-6	-10	-6
9	"1"	"1"	1	FALSE	0	135	100	0	0	-395.979797464	395.979797464	1550168452.64	-4	-3	-4	-3
9	"1"	"1"	1	FALSE	0	135	100	0	0	-395.979797464	395.979797464	1550168452.68	2	0	2	0
9	"1"	"1"	1	FALSE	0	135	100	0	0	-395.979797464	395.979797464	1550168452.71	3	0	3	0
9	"1"	"1"	1	FALSE	0	135	100	0	0	-395.979797464	395.979797464	1550168452.74	3	0	3	0
9	"1"	"1"	1	FALSE	0	135	100	0	0	-395.979797464	395.979797464	1550168452.78	2	-1	2	-1
9	"1"	"1"	1	FALSE	0	135	100	0	0	-395.979797464	395.979797464	1550168452.81	1	-1	1	-1
9	"1"	"1"	1	FALSE	0	135	100	0	0	-395.979797464	395.979797464	1550168452.84	-1	-2	-1	-2
9	"1"	"1"	1	FALSE	0	135	100	0	0	-395.979797464	395.979797464	1550168452.88	-2	-3	-2	-3
9	"1"	"1"	1	FALSE	0	135	100	0	0	-395.979797464	395.979797464	1550168452.91	-4	-3	-4	-3
9	"1"	"1"	1	FALSE	0	135	100	0	0	-395.979797464	395.979797464	1550168452.94	-5	-4	-5	-4
9	"1"	"1"	1	FALSE	0	135	100	0	0	-395.979797464	395.979797464	1550168452.98	-5	-4	-5	-4
9	"1"	"1"	1	FALSE	0	135	100	0	0	-395.979797464	395.979797464	1550168453.01	-8	-2	-8	-2
9	"1"	"1"	1	FALSE	0	135	100	0	0	-395.979797464	395.979797464	1550168453.04	-18	7	-18	7
9	"1"	"1"	1	FALSE	0	135	100	0	0	-395.979797464	395.979797464	1550168453.08	-40	33	-40	33
9	"1"	"1"	1	FALSE	0	135	100	0	0	-395.979797464	395.979797464	1550168453.11	-65	64	-65	64
9	"1"	"1"	1	FALSE	0	135	100	0	0	-395.979797464	395.979797464	1550168453.14	-87	90	-87	90
9	"1"	"1"	1	FALSE	0	135	100	0	0	-395.979797464	395.979797464	1550168453.18	-110	114	-110	114
9	"1"	"1"	1	FALSE	0	135	100	0	0	-395.979797464	395.979797464	1550168453.21	-132	136	-132	136
9	"1"	"1"	1	FALSE	0	135	100	0	0	-395.979797464	395.979797464	1550168453.24	-151	156	-151	156
9	"1"	"1"	1	FALSE	0	135	100	0	0	-395.979797464	395.979797464	1550168453.28	-174	178	-174	178
9	"1"	"1"	1	FALSE	0	135	100	0	0	-395.979797464	395.979797464	1550168453.31	-193	198	-193	198
9	"1"	"1"	1	FALSE	0	135	100	0	0	-395.979797464	395.979797464	1550168453.34	-217	226	-217	226
9	"1"	"1"	1	FALSE	0	135	100	0	0	-395.979797464	395.979797464	1550168453.38	-232	245	-232	245
9	"1"	"1"	1	FALSE	0	135	100	0	0	-395.979797464	395.979797464	1550168453.41	-249	266	-249	266
9	"1"	"1"	1	FALSE	0	135	100	0	0	-395.979797464	395.979797464	1550168453.44	-264	280	-264	280
9	"1"	"1"	1	FALSE	0	135	100	0	0	-395.979797464	395.979797464	1550168453.48	-278	290	-278	290
9	"1"	"1"	1	FALSE	0	135	100	0	0	-395.979797464	395.979797464	1550168453.51	-295	300	-295	300
9	"1"	"1"	1	FALSE	0	135	100	0	0	-395.979797464	395.979797464	1550168453.54	-311	308	-311	308
9	"1"	"1"	1	FALSE	0	135	100	0	0	-395.979797464	395.979797464	1550168453.58	-334	322	-334	322
9	"1"	"1"	1	FALSE	0	135	100	0	0	-395.979797464	395.979797464	1550168453.61	-347	332	-347	332
9	"1"	"1"	1	FALSE	0	135	100	0	0	-395.979797464	395.979797464	1550168453.64	-357	346	-357	346
9	"1"	"1"	1	FALSE	0	135	100	0	0	-395.979797464	395.979797464	1550168453.68	-367	359	-367	359
9	"1"	"1"	1	FALSE	0	135	100	0	0	-395.979797464	395.979797464	1550168453.71	-373	368	-373	368
9	"1"	"1"	1	FALSE	0	135	100	0	0	-395.979797464	395.979797464	1550168453.74	-380	376	-380	376
9	"1"	"1"	1	FALSE	0	135	100	0	0	-395.979797464	395.979797464	1550168453.78	-386	382	-386	382
9	"1"	"1"	1	FALSE	0	135	100	0	0	-395.979797464	395.979797464	1550168453.81	-390	385	-390	385
9	"1"	"1"	1	FALSE	0	135	100	0	0	-395.979797464	395.979797464	1550168453.84	-393	389	-393	389
9	"1"	"1"	1	FALSE	0	135	100	0	0	-395.979797464	395.979797464	1550168453.88	-396	393	-396	393
9	"1"	"1"	1	FALSE	0	135	100	0	0	-395.979797464	395.979797464	1550168453.91	-399	398	-399	398
9	"1"	"1"	1	FALSE	0	135	100	0	0	-395.979797464	395.979797464	1550168453.94	-400	400	-400	400
9	"1"	"1"	1	FALSE	0	135	100	0	0	-395.979797464	395.979797464	1550168453.98	-402	401	-402	401
9	"1"	"1"	2	FALSE	0	45	100	0	0	395.979797464	395.979797464	1550168455.32	-5	5	-5	5
9	"1"	"1"	2	FALSE	0	45	100	0	0	395.979797464	395.979797464	1550168455.35	-5	5	-5	5
9	"1"	"1"	2	FALSE	0	45	100	0	0	395.979797464	395.979797464	1550168455.38	-3	4	-3	4
9	"1"	"1"	2	FALSE	0	45	100	0	0	395.979797464	395.979797464	1550168455.41	-1	4	-1	4
9	"1"	"1"	2	FALSE	0	45	100	0	0	395.979797464	395.979797464	1550168455.45	4	4	4	4
9	"1"	"1"	2	FALSE	0	45	100	0	0	395.979797464	395.979797464	1550168455.48	7	4	7	4
9	"1"	"1"	2	FALSE	0	45	100	0	0	395.979797464	395.979797464	1550168455.51	7	4	7	4
9	"1"	"1"	2	FALSE	0	45	100	0	0	395.979797464	395.979797464	1550168455.55	7	4	7	4
9	"1"	"1"	2	FALSE	0	45	100	0	0	395.979797464	395.979797464	1550168455.58	7	4	7	4
9	"1"	"1"	2	FALSE	0	45	100	0	0	395.979797464	395.979797464	1550168455.61	7	5	7	5
9	"1"	"1"	2	FALSE	0	45	100	0	0	395.979797464	395.979797464	1550168455.65	7	5	7	5
9	"1"	"1"	2	FALSE	0	45	100	0	0	395.979797464	395.979797464	1550168455.68	7	5	7	5
9	"1"	"1"	2	FALSE	0	45	100	0	0	395.979797464	395.979797464	1550168455.71	7	7	7	7
9	"1"	"1"	2	FALSE	0	45	100	0	0	395.979797464	395.979797464	1550168455.75	10	17	10	17
9	"1"	"1"	2	FALSE	0	45	100	0	0	395.979797464	395.979797464	1550168455.78	27	53	27	53
9	"1"	"1"	2	FALSE	0	45	100	0	0	395.979797464	395.979797464	1550168455.81	57	96	57	96
9	"1"	"1"	2	FALSE	0	45	100	0	0	395.979797464	395.979797464	1550168455.85	99	141	99	141
9	"1"	"1"	2	FALSE	0	45	100	0	0	395.979797464	395.979797464	1550168455.88	149	186	149	186
9	"1"	"1"	2	FALSE	0	45	100	0	0	395.979797464	395.979797464	1550168455.91	192	221	192	221
9	"1"	"1"	2	FALSE	0	45	100	0	0	395.979797464	395.979797464	1550168455.95	234	252	234	252
9	"1"	"1"	2	FALSE	0	45	100	0	0	395.979797464	395.979797464	1550168455.98	256	270	256	270
9	"1"	"1"	2	FALSE	0	45	100	0	0	395.979797464	395.979797464	1550168456.01	270	284	270	284
9	"1"	"1"	2	FALSE	0	45	100	0	0	395.979797464	395.979797464	1550168456.05	280	295	280	295
9	"1"	"1"	2	FALSE	0	45	100	0	0	395.979797464	395.979797464	1550168456.08	285	301	285	301
9	"1"	"1"	2	FALSE	0	45	100	0	0	395.979797464	395.979797464	1550168456.11	294	310	294	310
9	"1"	"1"	2	FALSE	0	45	100	0	0	395.979797464	395.979797464	1550168456.15	308	319	308	319
9	"1"	"1"	2	FALSE	0	45	100	0	0	395.979797464	395.979797464	1550168456.18	323	328	323	328
9	"1"	"1"	2	FALSE	0	45	100	0	0	395.979797464	395.979797464	1550168456.21	335	333	335	333
9	"1"	"1"	2	FALSE	0	45	100	0	0	395.979797464	395.979797464	1550168456.25	348	340	348	340
9	"1"	"1"	2	FALSE	0	45	100	0	0	395.979797464	395.979797464	1550168456.28	359	349	359	349
9	"1"	"1"	2	FALSE	0	45	100	0	0	395.979797464	395.979797464	1550168456.31	364	356	364	356
9	"1"	"1"	2	FALSE	0	45	100	0	0	395.979797464	395.979797464	1550168456.35	369	363	369	363
9	"1"	"1"	2	FALSE	0	45	100	0	0	395.979797464	395.979797464	1550168456.38	371	368	371	368
9	"1"	"1"	2	FALSE	0	45	100	0	0	395.979797464	395.979797464	1550168456.41	373	373	373	373
9	"1"	"1"	2	FALSE	0	45	100	0	0	395.979797464	395.979797464	1550168456.45	378	380	378	380
9	"1"	"1"	2	FALSE	0	45	100	0	0	395.979797464	395.979797464	1550168456.48	384	384	384	384
9	"1"	"1"	2	FALSE	0	45	100	0	0	395.979797464	395.979797464	1550168456.51	391	388	391	388
9	"1"	"1"	2	FALSE	0	45	100	0	0	395.979797464	395.979797464	1550168456.55	393	391	393	391
9	"1"	"1"	2	FALSE	0	45	100	0	0	395.979797464	395.979797464	1550168456.58	395	395	395	395
9	"1"	"1"	2	FALSE	0	45	100	0	0	395.979797464	395.979797464	1550168456.61	395	397	395	397
9	"1"	"1"	3	FALSE	0	90	100	0	0	3.42901103761e-14	560	1550168457.89	4	7	4	7
9	"1"	"1"	3	FALSE	0	90	100	0	0	3.42901103761e-14	560	1550168457.91	4	7	4	7
9	"1"	"1"	3	FALSE	0	90	100	0	0	3.42901103761e-14	560	1550168457.95	4	7	4	7
9	"1"	"1"	3	FALSE	0	90	100	0	0	3.42901103761e-14	560	1550168457.98	4	7	4	7
9	"1"	"1"	3	FALSE	0	90	100	0	0	3.42901103761e-14	560	1550168458.01	4	5	4	5
9	"1"	"1"	3	FALSE	0	90	100	0	0	3.42901103761e-14	560	1550168458.05	4	4	4	4
9	"1"	"1"	3	FALSE	0	90	100	0	0	3.42901103761e-14	560	1550168458.08	2	2	2	2
9	"1"	"1"	3	FALSE	0	90	100	0	0	3.42901103761e-14	560	1550168458.11	-1	1	-1	1
9	"1"	"1"	3	FALSE	0	90	100	0	0	3.42901103761e-14	560	1550168458.15	-2	0	-2	0
9	"1"	"1"	3	FALSE	0	90	100	0	0	3.42901103761e-14	560	1550168458.18	-2	0	-2	0
9	"1"	"1"	3	FALSE	0	90	100	0	0	3.42901103761e-14	560	1550168458.21	-2	0	-2	0
9	"1"	"1"	3	FALSE	0	90	100	0	0	3.42901103761e-14	560	1550168458.25	-2	0	-2	0
9	"1"	"1"	3	FALSE	0	90	100	0	0	3.42901103761e-14	560	1550168458.28	-1	3	-1	3
9	"1"	"1"	3	FALSE	0	90	100	0	0	3.42901103761e-14	560	1550168458.31	-3	21	-3	21
9	"1"	"1"	3	FALSE	0	90	100	0	0	3.42901103761e-14	560	1550168458.35	-7	62	-7	62
9	"1"	"1"	3	FALSE	0	90	100	0	0	3.42901103761e-14	560	1550168458.38	-8	108	-8	108
9	"1"	"1"	3	FALSE	0	90	100	0	0	3.42901103761e-14	560	1550168458.41	-6	167	-6	167
9	"1"	"1"	3	FALSE	0	90	100	0	0	3.42901103761e-14	560	1550168458.45	0	231	0	231
9	"1"	"1"	3	FALSE	0	90	100	0	0	3.42901103761e-14	560	1550168458.48	5	281	5	281
9	"1"	"1"	3	FALSE	0	90	100	0	0	3.42901103761e-14	560	1550168458.52	9	316	9	316
9	"1"	"1"	3	FALSE	0	90	100	0	0	3.42901103761e-14	560	1550168458.55	12	356	12	356
9	"1"	"1"	3	FALSE	0	90	100	0	0	3.42901103761e-14	560	1550168458.58	11	391	11	391
9	"1"	"1"	3	FALSE	0	90	100	0	0	3.42901103761e-14	560	1550168458.62	10	413	10	413
9	"1"	"1"	3	FALSE	0	90	100	0	0	3.42901103761e-14	560	1550168458.65	14	442	14	442
9	"1"	"1"	3	FALSE	0	90	100	0	0	3.42901103761e-14	560	1550168458.68	17	471	17	471
9	"1"	"1"	3	FALSE	0	90	100	0	0	3.42901103761e-14	560	1550168458.72	17	481	17	481
9	"1"	"1"	3	FALSE	0	90	100	0	0	3.42901103761e-14	560	1550168458.75	17	490	17	490
9	"1"	"1"	3	FALSE	0	90	100	0	0	3.42901103761e-14	560	1550168458.78	15	496	15	496
9	"1"	"1"	3	FALSE	0	90	100	0	0	3.42901103761e-14	560	1550168458.82	8	505	8	505
9	"1"	"1"	3	FALSE	0	90	100	0	0	3.42901103761e-14	560	1550168458.85	4	512	4	512
9	"1"	"1"	3	FALSE	0	90	100	0	0	3.42901103761e-14	560	1550168458.88	2	521	2	521
9	"1"	"1"	3	FALSE	0	90	100	0	0	3.42901103761e-14	560	1550168458.92	0	534	0	534
9	"1"	"1"	3	FALSE	0	90	100	0	0	3.42901103761e-14	560	1550168458.95	-2	543	-2	543
9	"1"	"1"	3	FALSE	0	90	100	0	0	3.42901103761e-14	560	1550168458.98	-4	551	-4	551
9	"1"	"1"	3	FALSE	0	90	100	0	0	3.42901103761e-14	560	1550168459.02	-6	556	-6	556
9	"1"	"1"	3	FALSE	0	90	100	0	0	3.42901103761e-14	560	1550168459.05	-8	558	-8	558
9	"1"	"1"	4	FALSE	0	45	100	0	0	395.979797464	395.979797464	1550168460.3	1	-4	1	-4
9	"1"	"1"	4	FALSE	0	45	100	0	0	395.979797464	395.979797464	1550168460.32	1	-4	1	-4
9	"1"	"1"	4	FALSE	0	45	100	0	0	395.979797464	395.979797464	1550168460.35	1	-4	1	-4
9	"1"	"1"	4	FALSE	0	45	100	0	0	395.979797464	395.979797464	1550168460.38	1	-4	1	-4
9	"1"	"1"	4	FALSE	0	45	100	0	0	395.979797464	395.979797464	1550168460.42	1	-4	1	-4
9	"1"	"1"	4	FALSE	0	45	100	0	0	395.979797464	395.979797464	1550168460.45	1	-4	1	-4
9	"1"	"1"	4	FALSE	0	45	100	0	0	395.979797464	395.979797464	1550168460.48	1	-4	1	-4
9	"1"	"1"	4	FALSE	0	45	100	0	0	395.979797464	395.979797464	1550168460.52	1	-3	1	-3
9	"1"	"1"	4	FALSE	0	45	100	0	0	395.979797464	395.979797464	1550168460.55	1	-3	1	-3
9	"1"	"1"	4	FALSE	0	45	100	0	0	395.979797464	395.979797464	1550168460.58	1	-3	1	-3
9	"1"	"1"	4	FALSE	0	45	100	0	0	395.979797464	395.979797464	1550168460.62	1	-2	1	-2
9	"1"	"1"	4	FALSE	0	45	100	0	0	395.979797464	395.979797464	1550168460.65	1	0	1	0
9	"1"	"1"	4	FALSE	0	45	100	0	0	395.979797464	395.979797464	1550168460.68	3	4	3	4
9	"1"	"1"	4	FALSE	0	45	100	0	0	395.979797464	395.979797464	1550168460.72	9	16	9	16
9	"1"	"1"	4	FALSE	0	45	100	0	0	395.979797464	395.979797464	1550168460.75	33	55	33	55
9	"1"	"1"	4	FALSE	0	45	100	0	0	395.979797464	395.979797464	1550168460.78	66	100	66	100
9	"1"	"1"	4	FALSE	0	45	100	0	0	395.979797464	395.979797464	1550168460.82	118	154	118	154
9	"1"	"1"	4	FALSE	0	45	100	0	0	395.979797464	395.979797464	1550168460.85	180	208	180	208
9	"1"	"1"	4	FALSE	0	45	100	0	0	395.979797464	395.979797464	1550168460.88	231	243	231	243
9	"1"	"1"	4	FALSE	0	45	100	0	0	395.979797464	395.979797464	1550168460.92	268	266	268	266
9	"1"	"1"	4	FALSE	0	45	100	0	0	395.979797464	395.979797464	1550168460.95	281	274	281	274
9	"1"	"1"	4	FALSE	0	45	100	0	0	395.979797464	395.979797464	1550168460.98	291	282	291	282
9	"1"	"1"	4	FALSE	0	45	100	0	0	395.979797464	395.979797464	1550168461.02	297	291	297	291
9	"1"	"1"	4	FALSE	0	45	100	0	0	395.979797464	395.979797464	1550168461.05	303	304	303	304
9	"1"	"1"	4	FALSE	0	45	100	0	0	395.979797464	395.979797464	1550168461.08	320	328	320	328
9	"1"	"1"	4	FALSE	0	45	100	0	0	395.979797464	395.979797464	1550168461.12	333	341	333	341
9	"1"	"1"	4	FALSE	0	45	100	0	0	395.979797464	395.979797464	1550168461.15	346	351	346	351
9	"1"	"1"	4	FALSE	0	45	100	0	0	395.979797464	395.979797464	1550168461.18	355	356	355	356
9	"1"	"1"	4	FALSE	0	45	100	0	0	395.979797464	395.979797464	1550168461.22	360	361	360	361
9	"1"	"1"	4	FALSE	0	45	100	0	0	395.979797464	395.979797464	1550168461.25	367	370	367	370
9	"1"	"1"	4	FALSE	0	45	100	0	0	395.979797464	395.979797464	1550168461.28	371	376	371	376
9	"1"	"1"	4	FALSE	0	45	100	0	0	395.979797464	395.979797464	1550168461.32	378	385	378	385
9	"1"	"1"	4	FALSE	0	45	100	0	0	395.979797464	395.979797464	1550168461.35	384	393	384	393
9	"1"	"1"	4	FALSE	0	45	100	0	0	395.979797464	395.979797464	1550168461.38	387	395	387	395
9	"1"	"1"	5	FALSE	0	90	100	0	0	3.42901103761e-14	560	1550168462.53	-2	-6	-2	-6
9	"1"	"1"	5	FALSE	0	90	100	0	0	3.42901103761e-14	560	1550168462.55	-2	-6	-2	-6
9	"1"	"1"	5	FALSE	0	90	100	0	0	3.42901103761e-14	560	1550168462.58	-2	-6	-2	-6
9	"1"	"1"	5	FALSE	0	90	100	0	0	3.42901103761e-14	560	1550168462.62	-2	-6	-2	-6
9	"1"	"1"	5	FALSE	0	90	100	0	0	3.42901103761e-14	560	1550168462.65	-1	-6	-1	-6
9	"1"	"1"	5	FALSE	0	90	100	0	0	3.42901103761e-14	560	1550168462.68	0	-5	0	-5
9	"1"	"1"	5	FALSE	0	90	100	0	0	3.42901103761e-14	560	1550168462.72	0	-4	0	-4
9	"1"	"1"	5	FALSE	0	90	100	0	0	3.42901103761e-14	560	1550168462.75	0	-4	0	-4
9	"1"	"1"	5	FALSE	0	90	100	0	0	3.42901103761e-14	560	1550168462.79	0	-4	0	-4
9	"1"	"1"	5	FALSE	0	90	100	0	0	3.42901103761e-14	560	1550168462.82	0	-4	0	-4
9	"1"	"1"	5	FALSE	0	90	100	0	0	3.42901103761e-14	560	1550168462.85	0	-4	0	-4
9	"1"	"1"	5	FALSE	0	90	100	0	0	3.42901103761e-14	560	1550168462.88	-2	-2	-2	-2
9	"1"	"1"	5	FALSE	0	90	100	0	0	3.42901103761e-14	560	1550168462.92	-11	13	-11	13
9	"1"	"1"	5	FALSE	0	90	100	0	0	3.42901103761e-14	560	1550168462.95	-25	50	-25	50
9	"1"	"1"	5	FALSE	0	90	100	0	0	3.42901103761e-14	560	1550168462.99	-29	93	-29	93
9	"1"	"1"	5	FALSE	0	90	100	0	0	3.42901103761e-14	560	1550168463.02	-19	164	-19	164
9	"1"	"1"	5	FALSE	0	90	100	0	0	3.42901103761e-14	560	1550168463.05	1	235	1	235
9	"1"	"1"	5	FALSE	0	90	100	0	0	3.42901103761e-14	560	1550168463.09	16	293	16	293
9	"1"	"1"	5	FALSE	0	90	100	0	0	3.42901103761e-14	560	1550168463.12	24	354	24	354
9	"1"	"1"	5	FALSE	0	90	100	0	0	3.42901103761e-14	560	1550168463.15	24	390	24	390
9	"1"	"1"	5	FALSE	0	90	100	0	0	3.42901103761e-14	560	1550168463.19	15	420	15	420
9	"1"	"1"	5	FALSE	0	90	100	0	0	3.42901103761e-14	560	1550168463.22	7	441	7	441
9	"1"	"1"	5	FALSE	0	90	100	0	0	3.42901103761e-14	560	1550168463.25	2	456	2	456
9	"1"	"1"	5	FALSE	0	90	100	0	0	3.42901103761e-14	560	1550168463.29	-2	470	-2	470
9	"1"	"1"	5	FALSE	0	90	100	0	0	3.42901103761e-14	560	1550168463.32	-7	483	-7	483
9	"1"	"1"	5	FALSE	0	90	100	0	0	3.42901103761e-14	560	1550168463.35	-9	497	-9	497
9	"1"	"1"	5	FALSE	0	90	100	0	0	3.42901103761e-14	560	1550168463.39	-12	508	-12	508
9	"1"	"1"	5	FALSE	0	90	100	0	0	3.42901103761e-14	560	1550168463.42	-14	517	-14	517
9	"1"	"1"	5	FALSE	0	90	100	0	0	3.42901103761e-14	560	1550168463.45	-13	530	-13	530
9	"1"	"1"	5	FALSE	0	90	100	0	0	3.42901103761e-14	560	1550168463.49	-9	538	-9	538
9	"1"	"1"	5	FALSE	0	90	100	0	0	3.42901103761e-14	560	1550168463.52	-7	543	-7	543
9	"1"	"1"	5	FALSE	0	90	100	0	0	3.42901103761e-14	560	1550168463.55	-5	548	-5	548
9	"1"	"1"	5	FALSE	0	90	100	0	0	3.42901103761e-14	560	1550168463.59	-2	553	-2	553
9	"1"	"1"	5	FALSE	0	90	100	0	0	3.42901103761e-14	560	1550168463.62	-2	555	-2	555
9	"1"	"1"	5	FALSE	0	90	100	0	0	3.42901103761e-14	560	1550168463.65	-2	560	-2	560
9	"1"	"1"	5	FALSE	0	90	100	0	0	3.42901103761e-14	560	1550168463.69	-1	565	-1	565
9	"1"	"1"	5	FALSE	0	90	100	0	0	3.42901103761e-14	560	1550168463.72	-1	567	-1	567
9	"1"	"1"	6	FALSE	0	135	100	0	0	-395.979797464	395.979797464	1550168464.77	0	10	0	10
9	"1"	"1"	6	FALSE	0	135	100	0	0	-395.979797464	395.979797464	1550168464.79	0	9	0	9
9	"1"	"1"	6	FALSE	0	135	100	0	0	-395.979797464	395.979797464	1550168464.82	0	8	0	8
9	"1"	"1"	6	FALSE	0	135	100	0	0	-395.979797464	395.979797464	1550168464.85	0	7	0	7
9	"1"	"1"	6	FALSE	0	135	100	0	0	-395.979797464	395.979797464	1550168464.89	1	7	1	7
9	"1"	"1"	6	FALSE	0	135	100	0	0	-395.979797464	395.979797464	1550168464.92	1	7	1	7
9	"1"	"1"	6	FALSE	0	135	100	0	0	-395.979797464	395.979797464	1550168464.95	1	7	1	7
9	"1"	"1"	6	FALSE	0	135	100	0	0	-395.979797464	395.979797464	1550168464.99	1	7	1	7
9	"1"	"1"	6	FALSE	0	135	100	0	0	-395.979797464	395.979797464	1550168465.02	1	7	1	7
9	"1"	"1"	6	FALSE	0	135	100	0	0	-395.979797464	395.979797464	1550168465.05	1	7	1	7
9	"1"	"1"	6	FALSE	0	135	100	0	0	-395.979797464	395.979797464	1550168465.09	1	7	1	7
9	"1"	"1"	6	FALSE	0	135	100	0	0	-395.979797464	395.979797464	1550168465.12	0	7	0	7
9	"1"	"1"	6	FALSE	0	135	100	0	0	-395.979797464	395.979797464	1550168465.15	-6	16	-6	16
9	"1"	"1"	6	FALSE	0	135	100	0	0	-395.979797464	395.979797464	1550168465.19	-26	42	-26	42
9	"1"	"1"	6	FALSE	0	135	100	0	0	-395.979797464	395.979797464	1550168465.22	-60	80	-60	80
9	"1"	"1"	6	FALSE	0	135	100	0	0	-395.979797464	395.979797464	1550168465.25	-98	119	-98	119
9	"1"	"1"	6	FALSE	0	135	100	0	0	-395.979797464	395.979797464	1550168465.29	-145	177	-145	177
9	"1"	"1"	6	FALSE	0	135	100	0	0	-395.979797464	395.979797464	1550168465.32	-184	225	-184	225
9	"1"	"1"	6	FALSE	0	135	100	0	0	-395.979797464	395.979797464	1550168465.35	-216	261	-216	261
9	"1"	"1"	6	FALSE	0	135	100	0	0	-395.979797464	395.979797464	1550168465.39	-253	293	-253	293
9	"1"	"1"	6	FALSE	0	135	100	0	0	-395.979797464	395.979797464	1550168465.42	-285	307	-285	307
9	"1"	"1"	6	FALSE	0	135	100	0	0	-395.979797464	395.979797464	1550168465.45	-313	312	-313	312
9	"1"	"1"	6	FALSE	0	135	100	0	0	-395.979797464	395.979797464	1550168465.49	-336	315	-336	315
9	"1"	"1"	6	FALSE	0	135	100	0	0	-395.979797464	395.979797464	1550168465.52	-349	316	-349	316
9	"1"	"1"	6	FALSE	0	135	100	0	0	-395.979797464	395.979797464	1550168465.55	-357	319	-357	319
9	"1"	"1"	6	FALSE	0	135	100	0	0	-395.979797464	395.979797464	1550168465.59	-365	327	-365	327
9	"1"	"1"	6	FALSE	0	135	100	0	0	-395.979797464	395.979797464	1550168465.62	-375	341	-375	341
9	"1"	"1"	6	FALSE	0	135	100	0	0	-395.979797464	395.979797464	1550168465.65	-382	354	-382	354
9	"1"	"1"	6	FALSE	0	135	100	0	0	-395.979797464	395.979797464	1550168465.69	-387	361	-387	361
9	"1"	"1"	6	FALSE	0	135	100	0	0	-395.979797464	395.979797464	1550168465.72	-391	367	-391	367
9	"1"	"1"	6	FALSE	0	135	100	0	0	-395.979797464	395.979797464	1550168465.75	-393	373	-393	373
9	"1"	"1"	6	FALSE	0	135	100	0	0	-395.979797464	395.979797464	1550168465.79	-394	377	-394	377
9	"1"	"1"	6	FALSE	0	135	100	0	0	-395.979797464	395.979797464	1550168465.82	-394	383	-394	383
9	"1"	"1"	6	FALSE	0	135	100	0	0	-395.979797464	395.979797464	1550168465.85	-394	387	-394	387
9	"1"	"1"	6	FALSE	0	135	100	0	0	-395.979797464	395.979797464	1550168465.89	-394	389	-394	389
9	"1"	"1"	6	FALSE	0	135	100	0	0	-395.979797464	395.979797464	1550168465.92	-395	390	-395	390
9	"1"	"1"	7	FALSE	0	45	100	0	0	395.979797464	395.979797464	1550168467.13	-11	-7	-11	-7
9	"1"	"1"	7	FALSE	0	45	100	0	0	395.979797464	395.979797464	1550168467.16	-11	-6	-11	-6
9	"1"	"1"	7	FALSE	0	45	100	0	0	395.979797464	395.979797464	1550168467.19	-11	-5	-11	-5
9	"1"	"1"	7	FALSE	0	45	100	0	0	395.979797464	395.979797464	1550168467.22	-11	-5	-11	-5
9	"1"	"1"	7	FALSE	0	45	100	0	0	395.979797464	395.979797464	1550168467.26	-11	-2	-11	-2
9	"1"	"1"	7	FALSE	0	45	100	0	0	395.979797464	395.979797464	1550168467.29	-10	-2	-10	-2
9	"1"	"1"	7	FALSE	0	45	100	0	0	395.979797464	395.979797464	1550168467.32	-10	-2	-10	-2
9	"1"	"1"	7	FALSE	0	45	100	0	0	395.979797464	395.979797464	1550168467.36	-9	-1	-9	-1
9	"1"	"1"	7	FALSE	0	45	100	0	0	395.979797464	395.979797464	1550168467.39	-7	-1	-7	-1
9	"1"	"1"	7	FALSE	0	45	100	0	0	395.979797464	395.979797464	1550168467.42	-4	-1	-4	-1
9	"1"	"1"	7	FALSE	0	45	100	0	0	395.979797464	395.979797464	1550168467.46	-3	-2	-3	-2
9	"1"	"1"	7	FALSE	0	45	100	0	0	395.979797464	395.979797464	1550168467.49	-3	-2	-3	-2
9	"1"	"1"	7	FALSE	0	45	100	0	0	395.979797464	395.979797464	1550168467.52	1	1	1	1
9	"1"	"1"	7	FALSE	0	45	100	0	0	395.979797464	395.979797464	1550168467.56	14	15	14	15
9	"1"	"1"	7	FALSE	0	45	100	0	0	395.979797464	395.979797464	1550168467.59	44	54	44	54
9	"1"	"1"	7	FALSE	0	45	100	0	0	395.979797464	395.979797464	1550168467.62	78	93	78	93
9	"1"	"1"	7	FALSE	0	45	100	0	0	395.979797464	395.979797464	1550168467.66	135	140	135	140
9	"1"	"1"	7	FALSE	0	45	100	0	0	395.979797464	395.979797464	1550168467.69	179	174	179	174
9	"1"	"1"	7	FALSE	0	45	100	0	0	395.979797464	395.979797464	1550168467.72	224	212	224	212
9	"1"	"1"	7	FALSE	0	45	100	0	0	395.979797464	395.979797464	1550168467.76	267	259	267	259
9	"1"	"1"	7	FALSE	0	45	100	0	0	395.979797464	395.979797464	1550168467.79	300	298	300	298
9	"1"	"1"	7	FALSE	0	45	100	0	0	395.979797464	395.979797464	1550168467.82	329	337	329	337
9	"1"	"1"	7	FALSE	0	45	100	0	0	395.979797464	395.979797464	1550168467.86	347	367	347	367
9	"1"	"1"	7	FALSE	0	45	100	0	0	395.979797464	395.979797464	1550168467.89	356	381	356	381
9	"1"	"1"	7	FALSE	0	45	100	0	0	395.979797464	395.979797464	1550168467.92	364	394	364	394
9	"1"	"1"	7	FALSE	0	45	100	0	0	395.979797464	395.979797464	1550168467.96	374	402	374	402
9	"1"	"1"	7	FALSE	0	45	100	0	0	395.979797464	395.979797464	1550168467.99	383	401	383	401
9	"1"	"1"	7	FALSE	0	45	100	0	0	395.979797464	395.979797464	1550168468.02	391	403	391	403
9	"1"	"1"	7	FALSE	0	45	100	0	0	395.979797464	395.979797464	1550168468.06	398	408	398	408
9	"1"	"1"	7	FALSE	0	45	100	0	0	395.979797464	395.979797464	1550168468.09	400	410	400	410
9	"1"	"1"	7	FALSE	0	45	100	0	0	395.979797464	395.979797464	1550168468.12	400	410	400	410
9	"1"	"1"	7	FALSE	0	45	100	0	0	395.979797464	395.979797464	1550168468.16	400	410	400	410
9	"1"	"1"	7	FALSE	0	45	100	0	0	395.979797464	395.979797464	1550168468.19	400	410	400	410
9	"1"	"1"	7	FALSE	0	45	100	0	0	395.979797464	395.979797464	1550168468.22	400	407	400	407
9	"1"	"1"	7	FALSE	0	45	100	0	0	395.979797464	395.979797464	1550168468.26	399	399	399	399
9	"1"	"1"	7	FALSE	0	45	100	0	0	395.979797464	395.979797464	1550168468.29	397	391	397	391
9	"1"	"1"	7	FALSE	0	45	100	0	0	395.979797464	395.979797464	1550168468.32	396	390	396	390
9	"1"	"1"	8	FALSE	0	90	100	0	0	3.42901103761e-14	560	1550168469.3	8	2	8	2
9	"1"	"1"	8	FALSE	0	90	100	0	0	3.42901103761e-14	560	1550168469.32	8	2	8	2
9	"1"	"1"	8	FALSE	0	90	100	0	0	3.42901103761e-14	560	1550168469.36	6	2	6	2
9	"1"	"1"	8	FALSE	0	90	100	0	0	3.42901103761e-14	560	1550168469.39	4	3	4	3
9	"1"	"1"	8	FALSE	0	90	100	0	0	3.42901103761e-14	560	1550168469.42	1	3	1	3
9	"1"	"1"	8	FALSE	0	90	100	0	0	3.42901103761e-14	560	1550168469.46	1	2	1	2
9	"1"	"1"	8	FALSE	0	90	100	0	0	3.42901103761e-14	560	1550168469.49	1	2	1	2
9	"1"	"1"	8	FALSE	0	90	100	0	0	3.42901103761e-14	560	1550168469.52	2	1	2	1
9	"1"	"1"	8	FALSE	0	90	100	0	0	3.42901103761e-14	560	1550168469.56	2	1	2	1
9	"1"	"1"	8	FALSE	0	90	100	0	0	3.42901103761e-14	560	1550168469.59	2	1	2	1
9	"1"	"1"	8	FALSE	0	90	100	0	0	3.42901103761e-14	560	1550168469.62	2	3	2	3
9	"1"	"1"	8	FALSE	0	90	100	0	0	3.42901103761e-14	560	1550168469.66	1	11	1	11
9	"1"	"1"	8	FALSE	0	90	100	0	0	3.42901103761e-14	560	1550168469.69	-1	48	-1	48
9	"1"	"1"	8	FALSE	0	90	100	0	0	3.42901103761e-14	560	1550168469.72	-4	93	-4	93
9	"1"	"1"	8	FALSE	0	90	100	0	0	3.42901103761e-14	560	1550168469.76	-7	158	-7	158
9	"1"	"1"	8	FALSE	0	90	100	0	0	3.42901103761e-14	560	1550168469.79	-8	233	-8	233
9	"1"	"1"	8	FALSE	0	90	100	0	0	3.42901103761e-14	560	1550168469.82	-6	295	-6	295
9	"1"	"1"	8	FALSE	0	90	100	0	0	3.42901103761e-14	560	1550168469.86	-3	345	-3	345
9	"1"	"1"	8	FALSE	0	90	100	0	0	3.42901103761e-14	560	1550168469.89	-1	382	-1	382
9	"1"	"1"	8	FALSE	0	90	100	0	0	3.42901103761e-14	560	1550168469.92	-1	413	-1	413
9	"1"	"1"	8	FALSE	0	90	100	0	0	3.42901103761e-14	560	1550168469.96	1	439	1	439
9	"1"	"1"	8	FALSE	0	90	100	0	0	3.42901103761e-14	560	1550168469.99	3	468	3	468
9	"1"	"1"	8	FALSE	0	90	100	0	0	3.42901103761e-14	560	1550168470.02	2	484	2	484
9	"1"	"1"	8	FALSE	0	90	100	0	0	3.42901103761e-14	560	1550168470.06	2	496	2	496
9	"1"	"1"	8	FALSE	0	90	100	0	0	3.42901103761e-14	560	1550168470.09	3	509	3	509
9	"1"	"1"	8	FALSE	0	90	100	0	0	3.42901103761e-14	560	1550168470.12	4	518	4	518
9	"1"	"1"	8	FALSE	0	90	100	0	0	3.42901103761e-14	560	1550168470.16	3	524	3	524
9	"1"	"1"	8	FALSE	0	90	100	0	0	3.42901103761e-14	560	1550168470.19	3	528	3	528
9	"1"	"1"	8	FALSE	0	90	100	0	0	3.42901103761e-14	560	1550168470.22	2	532	2	532
9	"1"	"1"	8	FALSE	0	90	100	0	0	3.42901103761e-14	560	1550168470.26	1	538	1	538
9	"1"	"1"	8	FALSE	0	90	100	0	0	3.42901103761e-14	560	1550168470.29	-2	544	-2	544
9	"1"	"1"	8	FALSE	0	90	100	0	0	3.42901103761e-14	560	1550168470.32	-3	547	-3	547
9	"1"	"1"	8	FALSE	0	90	100	0	0	3.42901103761e-14	560	1550168470.36	-4	548	-4	548
9	"1"	"1"	9	FALSE	0	135	100	0	0	-395.979797464	395.979797464	1550168471.67	-9	-2	-9	-2
9	"1"	"1"	9	FALSE	0	135	100	0	0	-395.979797464	395.979797464	1550168471.69	-9	-2	-9	-2
9	"1"	"1"	9	FALSE	0	135	100	0	0	-395.979797464	395.979797464	1550168471.73	-9	-2	-9	-2
9	"1"	"1"	9	FALSE	0	135	100	0	0	-395.979797464	395.979797464	1550168471.76	-9	-2	-9	-2
9	"1"	"1"	9	FALSE	0	135	100	0	0	-395.979797464	395.979797464	1550168471.79	-9	-2	-9	-2
9	"1"	"1"	9	FALSE	0	135	100	0	0	-395.979797464	395.979797464	1550168471.83	-8	-2	-8	-2
9	"1"	"1"	9	FALSE	0	135	100	0	0	-395.979797464	395.979797464	1550168471.86	-4	-3	-4	-3
9	"1"	"1"	9	FALSE	0	135	100	0	0	-395.979797464	395.979797464	1550168471.89	1	-4	1	-4
9	"1"	"1"	9	FALSE	0	135	100	0	0	-395.979797464	395.979797464	1550168471.93	2	-5	2	-5
9	"1"	"1"	9	FALSE	0	135	100	0	0	-395.979797464	395.979797464	1550168471.96	2	-5	2	-5
9	"1"	"1"	9	FALSE	0	135	100	0	0	-395.979797464	395.979797464	1550168471.99	2	-5	2	-5
9	"1"	"1"	9	FALSE	0	135	100	0	0	-395.979797464	395.979797464	1550168472.03	2	-4	2	-4
9	"1"	"1"	9	FALSE	0	135	100	0	0	-395.979797464	395.979797464	1550168472.06	-2	-2	-2	-2
9	"1"	"1"	9	FALSE	0	135	100	0	0	-395.979797464	395.979797464	1550168472.09	-11	5	-11	5
9	"1"	"1"	9	FALSE	0	135	100	0	0	-395.979797464	395.979797464	1550168472.13	-50	37	-50	37
9	"1"	"1"	9	FALSE	0	135	100	0	0	-395.979797464	395.979797464	1550168472.16	-91	68	-91	68
9	"1"	"1"	9	FALSE	0	135	100	0	0	-395.979797464	395.979797464	1550168472.19	-143	121	-143	121
9	"1"	"1"	9	FALSE	0	135	100	0	0	-395.979797464	395.979797464	1550168472.23	-192	175	-192	175
9	"1"	"1"	9	FALSE	0	135	100	0	0	-395.979797464	395.979797464	1550168472.26	-225	208	-225	208
9	"1"	"1"	9	FALSE	0	135	100	0	0	-395.979797464	395.979797464	1550168472.29	-254	249	-254	249
9	"1"	"1"	9	FALSE	0	135	100	0	0	-395.979797464	395.979797464	1550168472.33	-275	295	-275	295
9	"1"	"1"	9	FALSE	0	135	100	0	0	-395.979797464	395.979797464	1550168472.36	-290	323	-290	323
9	"1"	"1"	9	FALSE	0	135	100	0	0	-395.979797464	395.979797464	1550168472.39	-309	346	-309	346
9	"1"	"1"	9	FALSE	0	135	100	0	0	-395.979797464	395.979797464	1550168472.43	-325	360	-325	360
9	"1"	"1"	9	FALSE	0	135	100	0	0	-395.979797464	395.979797464	1550168472.46	-341	369	-341	369
9	"1"	"1"	9	FALSE	0	135	100	0	0	-395.979797464	395.979797464	1550168472.49	-352	374	-352	374
9	"1"	"1"	9	FALSE	0	135	100	0	0	-395.979797464	395.979797464	1550168472.53	-359	378	-359	378
9	"1"	"1"	9	FALSE	0	135	100	0	0	-395.979797464	395.979797464	1550168472.56	-362	381	-362	381
9	"1"	"1"	9	FALSE	0	135	100	0	0	-395.979797464	395.979797464	1550168472.59	-365	384	-365	384
9	"1"	"1"	9	FALSE	0	135	100	0	0	-395.979797464	395.979797464	1550168472.63	-367	386	-367	386
9	"1"	"1"	9	FALSE	0	135	100	0	0	-395.979797464	395.979797464	1550168472.66	-370	388	-370	388
9	"1"	"1"	9	FALSE	0	135	100	0	0	-395.979797464	395.979797464	1550168472.69	-375	389	-375	389
9	"1"	"1"	9	FALSE	0	135	100	0	0	-395.979797464	395.979797464	1550168472.73	-379	390	-379	390
9	"1"	"1"	9	FALSE	0	135	100	0	0	-395.979797464	395.979797464	1550168472.76	-379	390	-379	390
9	"1"	"1"	9	FALSE	0	135	100	0	0	-395.979797464	395.979797464	1550168472.79	-379	390	-379	390
9	"1"	"1"	9	FALSE	0	135	100	0	0	-395.979797464	395.979797464	1550168472.83	-379	390	-379	390
9	"1"	"1"	9	FALSE	0	135	100	0	0	-395.979797464	395.979797464	1550168472.86	-379	391	-379	391
9	"1"	"1"	9	FALSE	0	135	100	0	0	-395.979797464	395.979797464	1550168472.89	-381	391	-381	391
9	"1"	"1"	9	FALSE	0	135	100	0	0	-395.979797464	395.979797464	1550168472.93	-383	392	-383	392
9	"1"	"1"	9	FALSE	0	135	100	0	0	-395.979797464	395.979797464	1550168472.96	-385	393	-385	393
9	"1"	"1"	10	FALSE	0	45	100	0	0	395.979797464	395.979797464	1550168474.17	-5	6	-5	6
9	"1"	"1"	10	FALSE	0	45	100	0	0	395.979797464	395.979797464	1550168474.19	-5	5	-5	5
9	"1"	"1"	10	FALSE	0	45	100	0	0	395.979797464	395.979797464	1550168474.23	-5	4	-5	4
9	"1"	"1"	10	FALSE	0	45	100	0	0	395.979797464	395.979797464	1550168474.26	-5	4	-5	4
9	"1"	"1"	10	FALSE	0	45	100	0	0	395.979797464	395.979797464	1550168474.29	-5	3	-5	3
9	"1"	"1"	10	FALSE	0	45	100	0	0	395.979797464	395.979797464	1550168474.33	-3	1	-3	1
9	"1"	"1"	10	FALSE	0	45	100	0	0	395.979797464	395.979797464	1550168474.36	-3	0	-3	0
9	"1"	"1"	10	FALSE	0	45	100	0	0	395.979797464	395.979797464	1550168474.39	-2	0	-2	0
9	"1"	"1"	10	FALSE	0	45	100	0	0	395.979797464	395.979797464	1550168474.43	-2	-1	-2	-1
9	"1"	"1"	10	FALSE	0	45	100	0	0	395.979797464	395.979797464	1550168474.46	-2	-1	-2	-1
9	"1"	"1"	10	FALSE	0	45	100	0	0	395.979797464	395.979797464	1550168474.49	-2	0	-2	0
9	"1"	"1"	10	FALSE	0	45	100	0	0	395.979797464	395.979797464	1550168474.53	-2	5	-2	5
9	"1"	"1"	10	FALSE	0	45	100	0	0	395.979797464	395.979797464	1550168474.56	3	36	3	36
9	"1"	"1"	10	FALSE	0	45	100	0	0	395.979797464	395.979797464	1550168474.59	22	84	22	84
9	"1"	"1"	10	FALSE	0	45	100	0	0	395.979797464	395.979797464	1550168474.63	60	137	60	137
9	"1"	"1"	10	FALSE	0	45	100	0	0	395.979797464	395.979797464	1550168474.66	111	181	111	181
9	"1"	"1"	10	FALSE	0	45	100	0	0	395.979797464	395.979797464	1550168474.69	158	216	158	216
9	"1"	"1"	10	FALSE	0	45	100	0	0	395.979797464	395.979797464	1550168474.73	208	251	208	251
9	"1"	"1"	10	FALSE	0	45	100	0	0	395.979797464	395.979797464	1550168474.76	247	280	247	280
9	"1"	"1"	10	FALSE	0	45	100	0	0	395.979797464	395.979797464	1550168474.79	286	313	286	313
9	"1"	"1"	10	FALSE	0	45	100	0	0	395.979797464	395.979797464	1550168474.83	315	335	315	335
9	"1"	"1"	10	FALSE	0	45	100	0	0	395.979797464	395.979797464	1550168474.86	327	343	327	343
9	"1"	"1"	10	FALSE	0	45	100	0	0	395.979797464	395.979797464	1550168474.89	338	354	338	354
9	"1"	"1"	10	FALSE	0	45	100	0	0	395.979797464	395.979797464	1550168474.93	344	360	344	360
9	"1"	"1"	10	FALSE	0	45	100	0	0	395.979797464	395.979797464	1550168474.96	352	366	352	366
9	"1"	"1"	10	FALSE	0	45	100	0	0	395.979797464	395.979797464	1550168474.99	363	373	363	373
9	"1"	"1"	10	FALSE	0	45	100	0	0	395.979797464	395.979797464	1550168475.03	376	379	376	379
9	"1"	"1"	10	FALSE	0	45	100	0	0	395.979797464	395.979797464	1550168475.06	387	387	387	387
9	"1"	"1"	10	FALSE	0	45	100	0	0	395.979797464	395.979797464	1550168475.09	389	389	389	389
9	"1"	"1"	10	FALSE	0	45	100	0	0	395.979797464	395.979797464	1550168475.13	391	390	391	390
9	"1"	"1"	11	FALSE	0	135	100	0	0	-395.979797464	395.979797464	1550168476.17	3	6	3	6
9	"1"	"1"	11	FALSE	0	135	100	0	0	-395.979797464	395.979797464	1550168476.2	3	6	3	6
9	"1"	"1"	11	FALSE	0	135	100	0	0	-395.979797464	395.979797464	1550168476.23	3	6	3	6
9	"1"	"1"	11	FALSE	0	135	100	0	0	-395.979797464	395.979797464	1550168476.26	3	6	3	6
9	"1"	"1"	11	FALSE	0	135	100	0	0	-395.979797464	395.979797464	1550168476.3	3	6	3	6
9	"1"	"1"	11	FALSE	0	135	100	0	0	-395.979797464	395.979797464	1550168476.33	3	6	3	6
9	"1"	"1"	11	FALSE	0	135	100	0	0	-395.979797464	395.979797464	1550168476.36	3	6	3	6
9	"1"	"1"	11	FALSE	0	135	100	0	0	-395.979797464	395.979797464	1550168476.4	3	6	3	6
9	"1"	"1"	11	FALSE	0	135	100	0	0	-395.979797464	395.979797464	1550168476.43	3	6	3	6
9	"1"	"1"	11	FALSE	0	135	100	0	0	-395.979797464	395.979797464	1550168476.46	3	6	3	6
9	"1"	"1"	11	FALSE	0	135	100	0	0	-395.979797464	395.979797464	1550168476.5	3	6	3	6
9	"1"	"1"	11	FALSE	0	135	100	0	0	-395.979797464	395.979797464	1550168476.53	-5	19	-5	19
9	"1"	"1"	11	FALSE	0	135	100	0	0	-395.979797464	395.979797464	1550168476.56	-41	55	-41	55
9	"1"	"1"	11	FALSE	0	135	100	0	0	-395.979797464	395.979797464	1550168476.6	-93	104	-93	104
9	"1"	"1"	11	FALSE	0	135	100	0	0	-395.979797464	395.979797464	1550168476.63	-141	147	-141	147
9	"1"	"1"	11	FALSE	0	135	100	0	0	-395.979797464	395.979797464	1550168476.66	-195	191	-195	191
9	"1"	"1"	11	FALSE	0	135	100	0	0	-395.979797464	395.979797464	1550168476.7	-238	222	-238	222
9	"1"	"1"	11	FALSE	0	135	100	0	0	-395.979797464	395.979797464	1550168476.73	-265	244	-265	244
9	"1"	"1"	11	FALSE	0	135	100	0	0	-395.979797464	395.979797464	1550168476.76	-292	277	-292	277
9	"1"	"1"	11	FALSE	0	135	100	0	0	-395.979797464	395.979797464	1550168476.8	-313	315	-313	315
9	"1"	"1"	11	FALSE	0	135	100	0	0	-395.979797464	395.979797464	1550168476.83	-325	344	-325	344
9	"1"	"1"	11	FALSE	0	135	100	0	0	-395.979797464	395.979797464	1550168476.86	-338	371	-338	371
9	"1"	"1"	11	FALSE	0	135	100	0	0	-395.979797464	395.979797464	1550168476.9	-349	385	-349	385
9	"1"	"1"	11	FALSE	0	135	100	0	0	-395.979797464	395.979797464	1550168476.93	-359	396	-359	396
9	"1"	"1"	11	FALSE	0	135	100	0	0	-395.979797464	395.979797464	1550168476.96	-367	402	-367	402
9	"1"	"1"	11	FALSE	0	135	100	0	0	-395.979797464	395.979797464	1550168477	-375	407	-375	407
9	"1"	"1"	11	FALSE	0	135	100	0	0	-395.979797464	395.979797464	1550168477.03	-381	410	-381	410
9	"1"	"1"	11	FALSE	0	135	100	0	0	-395.979797464	395.979797464	1550168477.06	-384	412	-384	412
9	"1"	"1"	11	FALSE	0	135	100	0	0	-395.979797464	395.979797464	1550168477.1	-386	413	-386	413
9	"1"	"1"	11	FALSE	0	135	100	0	0	-395.979797464	395.979797464	1550168477.13	-387	413	-387	413
9	"1"	"1"	11	FALSE	0	135	100	0	0	-395.979797464	395.979797464	1550168477.16	-387	413	-387	413
9	"1"	"1"	11	FALSE	0	135	100	0	0	-395.979797464	395.979797464	1550168477.2	-388	412	-388	412
9	"1"	"1"	11	FALSE	0	135	100	0	0	-395.979797464	395.979797464	1550168477.23	-389	406	-389	406
9	"1"	"1"	11	FALSE	0	135	100	0	0	-395.979797464	395.979797464	1550168477.26	-388	398	-388	398
9	"1"	"1"	11	FALSE	0	135	100	0	0	-395.979797464	395.979797464	1550168477.3	-386	390	-386	390
9	"1"	"1"	11	FALSE	0	135	100	0	0	-395.979797464	395.979797464	1550168477.33	-385	386	-385	386
9	"1"	"1"	11	FALSE	0	135	100	0	0	-395.979797464	395.979797464	1550168477.36	-385	386	-385	386
9	"1"	"1"	11	FALSE	0	135	100	0	0	-395.979797464	395.979797464	1550168477.4	-385	385	-385	385
9	"1"	"1"	11	FALSE	0	135	100	0	0	-395.979797464	395.979797464	1550168477.43	-385	385	-385	385
9	"1"	"1"	11	FALSE	0	135	100	0	0	-395.979797464	395.979797464	1550168477.46	-385	385	-385	385
9	"1"	"1"	11	FALSE	0	135	100	0	0	-395.979797464	395.979797464	1550168477.5	-385	385	-385	385
9	"1"	"1"	11	FALSE	0	135	100	0	0	-395.979797464	395.979797464	1550168477.53	-385	385	-385	385
9	"1"	"1"	11	FALSE	0	135	100	0	0	-395.979797464	395.979797464	1550168477.56	-385	385	-385	385
9	"1"	"1"	11	FALSE	0	135	100	0	0	-395.979797464	395.979797464	1550168477.6	-385	385	-385	385
9	"1"	"1"	11	FALSE	0	135	100	0	0	-395.979797464	395.979797464	1550168477.63	-385	385	-385	385
9	"1"	"1"	11	FALSE	0	135	100	0	0	-395.979797464	395.979797464	1550168477.66	-387	386	-387	386
9	"1"	"1"	11	FALSE	0	135	100	0	0	-395.979797464	395.979797464	1550168477.7	-390	388	-390	388
9	"1"	"1"	11	FALSE	0	135	100	0	0	-395.979797464	395.979797464	1550168477.73	-393	388	-393	388
9	"1"	"1"	11	FALSE	0	135	100	0	0	-395.979797464	395.979797464	1550168477.76	-394	389	-394	389
9	"1"	"1"	12	FALSE	0	90	100	0	0	3.42901103761e-14	560	1550168479.01	0	-1	0	-1
9	"1"	"1"	12	FALSE	0	90	100	0	0	3.42901103761e-14	560	1550168479.03	0	-1	0	-1
9	"1"	"1"	12	FALSE	0	90	100	0	0	3.42901103761e-14	560	1550168479.06	1	-1	1	-1
9	"1"	"1"	12	FALSE	0	90	100	0	0	3.42901103761e-14	560	1550168479.1	1	-2	1	-2
9	"1"	"1"	12	FALSE	0	90	100	0	0	3.42901103761e-14	560	1550168479.13	1	-2	1	-2
9	"1"	"1"	12	FALSE	0	90	100	0	0	3.42901103761e-14	560	1550168479.16	1	-2	1	-2
9	"1"	"1"	12	FALSE	0	90	100	0	0	3.42901103761e-14	560	1550168479.2	1	-2	1	-2
9	"1"	"1"	12	FALSE	0	90	100	0	0	3.42901103761e-14	560	1550168479.23	1	-1	1	-1
9	"1"	"1"	12	FALSE	0	90	100	0	0	3.42901103761e-14	560	1550168479.26	1	-1	1	-1
9	"1"	"1"	12	FALSE	0	90	100	0	0	3.42901103761e-14	560	1550168479.3	1	-2	1	-2
9	"1"	"1"	12	FALSE	0	90	100	0	0	3.42901103761e-14	560	1550168479.33	0	-1	0	-1
9	"1"	"1"	12	FALSE	0	90	100	0	0	3.42901103761e-14	560	1550168479.36	-3	5	-3	5
9	"1"	"1"	12	FALSE	0	90	100	0	0	3.42901103761e-14	560	1550168479.4	-14	31	-14	31
9	"1"	"1"	12	FALSE	0	90	100	0	0	3.42901103761e-14	560	1550168479.43	-30	75	-30	75
9	"1"	"1"	12	FALSE	0	90	100	0	0	3.42901103761e-14	560	1550168479.46	-42	135	-42	135
9	"1"	"1"	12	FALSE	0	90	100	0	0	3.42901103761e-14	560	1550168479.5	-45	207	-45	207
9	"1"	"1"	12	FALSE	0	90	100	0	0	3.42901103761e-14	560	1550168479.53	-41	296	-41	296
9	"1"	"1"	12	FALSE	0	90	100	0	0	3.42901103761e-14	560	1550168479.56	-40	359	-40	359
9	"1"	"1"	12	FALSE	0	90	100	0	0	3.42901103761e-14	560	1550168479.6	-38	420	-38	420
9	"1"	"1"	12	FALSE	0	90	100	0	0	3.42901103761e-14	560	1550168479.63	-35	465	-35	465
9	"1"	"1"	12	FALSE	0	90	100	0	0	3.42901103761e-14	560	1550168479.66	-37	491	-37	491
9	"1"	"1"	12	FALSE	0	90	100	0	0	3.42901103761e-14	560	1550168479.7	-38	503	-38	503
9	"1"	"1"	12	FALSE	0	90	100	0	0	3.42901103761e-14	560	1550168479.73	-38	512	-38	512
9	"1"	"1"	12	FALSE	0	90	100	0	0	3.42901103761e-14	560	1550168479.76	-38	516	-38	516
9	"1"	"1"	12	FALSE	0	90	100	0	0	3.42901103761e-14	560	1550168479.8	-36	521	-36	521
9	"1"	"1"	12	FALSE	0	90	100	0	0	3.42901103761e-14	560	1550168479.83	-31	527	-31	527
9	"1"	"1"	12	FALSE	0	90	100	0	0	3.42901103761e-14	560	1550168479.86	-26	532	-26	532
9	"1"	"1"	12	FALSE	0	90	100	0	0	3.42901103761e-14	560	1550168479.9	-22	536	-22	536
9	"1"	"1"	12	FALSE	0	90	100	0	0	3.42901103761e-14	560	1550168479.93	-14	541	-14	541
9	"1"	"1"	12	FALSE	0	90	100	0	0	3.42901103761e-14	560	1550168479.96	-6	542	-6	542
9	"1"	"1"	12	FALSE	0	90	100	0	0	3.42901103761e-14	560	1550168480	1	542	1	542
9	"1"	"1"	12	FALSE	0	90	100	0	0	3.42901103761e-14	560	1550168480.03	7	542	7	542
9	"1"	"1"	12	FALSE	0	90	100	0	0	3.42901103761e-14	560	1550168480.06	12	541	12	541
9	"1"	"1"	12	FALSE	0	90	100	0	0	3.42901103761e-14	560	1550168480.1	13	541	13	541
9	"1"	"1"	12	FALSE	0	90	100	0	0	3.42901103761e-14	560	1550168480.13	13	541	13	541
9	"1"	"1"	12	FALSE	0	90	100	0	0	3.42901103761e-14	560	1550168480.16	12	542	12	542
9	"1"	"1"	12	FALSE	0	90	100	0	0	3.42901103761e-14	560	1550168480.2	12	545	12	545
9	"1"	"1"	12	FALSE	0	90	100	0	0	3.42901103761e-14	560	1550168480.23	12	550	12	550
9	"1"	"1"	12	FALSE	0	90	100	0	0	3.42901103761e-14	560	1550168480.27	11	554	11	554
9	"1"	"1"	12	FALSE	0	90	100	0	0	3.42901103761e-14	560	1550168480.3	11	556	11	556
9	"1"	"1"	12	FALSE	0	90	100	0	0	3.42901103761e-14	560	1550168480.33	10	559	10	559
9	"1"	"1"	12	FALSE	0	90	100	0	0	3.42901103761e-14	560	1550168480.37	9	561	9	561
9	"1"	"1"	13	FALSE	0	45	100	0	0	395.979797464	395.979797464	1550168481.61	3	9	3	9
9	"1"	"1"	13	FALSE	0	45	100	0	0	395.979797464	395.979797464	1550168481.63	3	9	3	9
9	"1"	"1"	13	FALSE	0	45	100	0	0	395.979797464	395.979797464	1550168481.67	3	9	3	9
9	"1"	"1"	13	FALSE	0	45	100	0	0	395.979797464	395.979797464	1550168481.7	2	9	2	9
9	"1"	"1"	13	FALSE	0	45	100	0	0	395.979797464	395.979797464	1550168481.73	1	8	1	8
9	"1"	"1"	13	FALSE	0	45	100	0	0	395.979797464	395.979797464	1550168481.77	0	8	0	8
9	"1"	"1"	13	FALSE	0	45	100	0	0	395.979797464	395.979797464	1550168481.8	0	7	0	7
9	"1"	"1"	13	FALSE	0	45	100	0	0	395.979797464	395.979797464	1550168481.83	0	7	0	7
9	"1"	"1"	13	FALSE	0	45	100	0	0	395.979797464	395.979797464	1550168481.87	0	6	0	6
9	"1"	"1"	13	FALSE	0	45	100	0	0	395.979797464	395.979797464	1550168481.9	0	6	0	6
9	"1"	"1"	13	FALSE	0	45	100	0	0	395.979797464	395.979797464	1550168481.93	1	8	1	8
9	"1"	"1"	13	FALSE	0	45	100	0	0	395.979797464	395.979797464	1550168481.97	4	18	4	18
9	"1"	"1"	13	FALSE	0	45	100	0	0	395.979797464	395.979797464	1550168482	14	47	14	47
9	"1"	"1"	13	FALSE	0	45	100	0	0	395.979797464	395.979797464	1550168482.03	41	89	41	89
9	"1"	"1"	13	FALSE	0	45	100	0	0	395.979797464	395.979797464	1550168482.07	86	141	86	141
9	"1"	"1"	13	FALSE	0	45	100	0	0	395.979797464	395.979797464	1550168482.1	140	188	140	188
9	"1"	"1"	13	FALSE	0	45	100	0	0	395.979797464	395.979797464	1550168482.13	215	242	215	242
9	"1"	"1"	13	FALSE	0	45	100	0	0	395.979797464	395.979797464	1550168482.17	261	275	261	275
9	"1"	"1"	13	FALSE	0	45	100	0	0	395.979797464	395.979797464	1550168482.2	299	303	299	303
9	"1"	"1"	13	FALSE	0	45	100	0	0	395.979797464	395.979797464	1550168482.23	317	320	317	320
9	"1"	"1"	13	FALSE	0	45	100	0	0	395.979797464	395.979797464	1550168482.27	325	332	325	332
9	"1"	"1"	13	FALSE	0	45	100	0	0	395.979797464	395.979797464	1550168482.3	327	344	327	344
9	"1"	"1"	13	FALSE	0	45	100	0	0	395.979797464	395.979797464	1550168482.33	330	355	330	355
9	"1"	"1"	13	FALSE	0	45	100	0	0	395.979797464	395.979797464	1550168482.37	336	363	336	363
9	"1"	"1"	13	FALSE	0	45	100	0	0	395.979797464	395.979797464	1550168482.4	347	370	347	370
9	"1"	"1"	13	FALSE	0	45	100	0	0	395.979797464	395.979797464	1550168482.43	359	376	359	376
9	"1"	"1"	13	FALSE	0	45	100	0	0	395.979797464	395.979797464	1550168482.47	370	378	370	378
9	"1"	"1"	13	FALSE	0	45	100	0	0	395.979797464	395.979797464	1550168482.5	382	381	382	381
9	"1"	"1"	13	FALSE	0	45	100	0	0	395.979797464	395.979797464	1550168482.53	391	384	391	384
9	"1"	"1"	13	FALSE	0	45	100	0	0	395.979797464	395.979797464	1550168482.57	394	384	394	384
9	"1"	"1"	14	FALSE	0	135	100	0	0	-395.979797464	395.979797464	1550168483.65	-11	-5	-11	-5
9	"1"	"1"	14	FALSE	0	135	100	0	0	-395.979797464	395.979797464	1550168483.67	-10	-5	-10	-5
9	"1"	"1"	14	FALSE	0	135	100	0	0	-395.979797464	395.979797464	1550168483.7	-10	-5	-10	-5
9	"1"	"1"	14	FALSE	0	135	100	0	0	-395.979797464	395.979797464	1550168483.73	-10	-5	-10	-5
9	"1"	"1"	14	FALSE	0	135	100	0	0	-395.979797464	395.979797464	1550168483.77	-9	-5	-9	-5
9	"1"	"1"	14	FALSE	0	135	100	0	0	-395.979797464	395.979797464	1550168483.8	-5	-4	-5	-4
9	"1"	"1"	14	FALSE	0	135	100	0	0	-395.979797464	395.979797464	1550168483.83	-3	-3	-3	-3
9	"1"	"1"	14	FALSE	0	135	100	0	0	-395.979797464	395.979797464	1550168483.87	-1	-2	-1	-2
9	"1"	"1"	14	FALSE	0	135	100	0	0	-395.979797464	395.979797464	1550168483.9	0	-1	0	-1
9	"1"	"1"	14	FALSE	0	135	100	0	0	-395.979797464	395.979797464	1550168483.93	0	-1	0	-1
9	"1"	"1"	14	FALSE	0	135	100	0	0	-395.979797464	395.979797464	1550168483.97	0	-1	0	-1
9	"1"	"1"	14	FALSE	0	135	100	0	0	-395.979797464	395.979797464	1550168484	-1	-2	-1	-2
9	"1"	"1"	14	FALSE	0	135	100	0	0	-395.979797464	395.979797464	1550168484.03	-4	0	-4	0
9	"1"	"1"	14	FALSE	0	135	100	0	0	-395.979797464	395.979797464	1550168484.07	-19	11	-19	11
9	"1"	"1"	14	FALSE	0	135	100	0	0	-395.979797464	395.979797464	1550168484.1	-67	44	-67	44
9	"1"	"1"	14	FALSE	0	135	100	0	0	-395.979797464	395.979797464	1550168484.13	-137	99	-137	99
9	"1"	"1"	14	FALSE	0	135	100	0	0	-395.979797464	395.979797464	1550168484.17	-209	175	-209	175
9	"1"	"1"	14	FALSE	0	135	100	0	0	-395.979797464	395.979797464	1550168484.2	-258	231	-258	231
9	"1"	"1"	14	FALSE	0	135	100	0	0	-395.979797464	395.979797464	1550168484.23	-302	279	-302	279
9	"1"	"1"	14	FALSE	0	135	100	0	0	-395.979797464	395.979797464	1550168484.27	-329	317	-329	317
9	"1"	"1"	14	FALSE	0	135	100	0	0	-395.979797464	395.979797464	1550168484.3	-345	340	-345	340
9	"1"	"1"	14	FALSE	0	135	100	0	0	-395.979797464	395.979797464	1550168484.33	-353	354	-353	354
9	"1"	"1"	14	FALSE	0	135	100	0	0	-395.979797464	395.979797464	1550168484.37	-357	363	-357	363
9	"1"	"1"	14	FALSE	0	135	100	0	0	-395.979797464	395.979797464	1550168484.4	-359	368	-359	368
9	"1"	"1"	14	FALSE	0	135	100	0	0	-395.979797464	395.979797464	1550168484.44	-362	372	-362	372
9	"1"	"1"	14	FALSE	0	135	100	0	0	-395.979797464	395.979797464	1550168484.47	-370	379	-370	379
9	"1"	"1"	14	FALSE	0	135	100	0	0	-395.979797464	395.979797464	1550168484.5	-381	386	-381	386
9	"1"	"1"	14	FALSE	0	135	100	0	0	-395.979797464	395.979797464	1550168484.53	-387	391	-387	391
9	"1"	"1"	14	FALSE	0	135	100	0	0	-395.979797464	395.979797464	1550168484.57	-390	395	-390	395
9	"1"	"1"	15	FALSE	0	90	100	0	0	3.42901103761e-14	560	1550168485.95	-4	5	-4	5
9	"1"	"1"	15	FALSE	0	90	100	0	0	3.42901103761e-14	560	1550168485.97	-4	5	-4	5
9	"1"	"1"	15	FALSE	0	90	100	0	0	3.42901103761e-14	560	1550168486	-4	5	-4	5
9	"1"	"1"	15	FALSE	0	90	100	0	0	3.42901103761e-14	560	1550168486.04	-3	5	-3	5
9	"1"	"1"	15	FALSE	0	90	100	0	0	3.42901103761e-14	560	1550168486.07	-3	5	-3	5
9	"1"	"1"	15	FALSE	0	90	100	0	0	3.42901103761e-14	560	1550168486.1	-3	5	-3	5
9	"1"	"1"	15	FALSE	0	90	100	0	0	3.42901103761e-14	560	1550168486.14	-3	4	-3	4
9	"1"	"1"	15	FALSE	0	90	100	0	0	3.42901103761e-14	560	1550168486.17	-2	3	-2	3
9	"1"	"1"	15	FALSE	0	90	100	0	0	3.42901103761e-14	560	1550168486.2	-1	2	-1	2
9	"1"	"1"	15	FALSE	0	90	100	0	0	3.42901103761e-14	560	1550168486.24	-1	1	-1	1
9	"1"	"1"	15	FALSE	0	90	100	0	0	3.42901103761e-14	560	1550168486.27	-1	0	-1	0
9	"1"	"1"	15	FALSE	0	90	100	0	0	3.42901103761e-14	560	1550168486.3	-1	0	-1	0
9	"1"	"1"	15	FALSE	0	90	100	0	0	3.42901103761e-14	560	1550168486.34	-1	5	-1	5
9	"1"	"1"	15	FALSE	0	90	100	0	0	3.42901103761e-14	560	1550168486.37	-2	27	-2	27
9	"1"	"1"	15	FALSE	0	90	100	0	0	3.42901103761e-14	560	1550168486.4	-10	75	-10	75
9	"1"	"1"	15	FALSE	0	90	100	0	0	3.42901103761e-14	560	1550168486.44	-14	134	-14	134
9	"1"	"1"	15	FALSE	0	90	100	0	0	3.42901103761e-14	560	1550168486.47	-16	200	-16	200
9	"1"	"1"	15	FALSE	0	90	100	0	0	3.42901103761e-14	560	1550168486.5	-20	283	-20	283
9	"1"	"1"	15	FALSE	0	90	100	0	0	3.42901103761e-14	560	1550168486.54	-26	362	-26	362
9	"1"	"1"	15	FALSE	0	90	100	0	0	3.42901103761e-14	560	1550168486.57	-28	422	-28	422
9	"1"	"1"	15	FALSE	0	90	100	0	0	3.42901103761e-14	560	1550168486.6	-30	479	-30	479
9	"1"	"1"	15	FALSE	0	90	100	0	0	3.42901103761e-14	560	1550168486.64	-33	506	-33	506
9	"1"	"1"	15	FALSE	0	90	100	0	0	3.42901103761e-14	560	1550168486.67	-33	522	-33	522
9	"1"	"1"	15	FALSE	0	90	100	0	0	3.42901103761e-14	560	1550168486.7	-31	531	-31	531
9	"1"	"1"	15	FALSE	0	90	100	0	0	3.42901103761e-14	560	1550168486.74	-30	537	-30	537
9	"1"	"1"	15	FALSE	0	90	100	0	0	3.42901103761e-14	560	1550168486.77	-28	542	-28	542
9	"1"	"1"	15	FALSE	0	90	100	0	0	3.42901103761e-14	560	1550168486.8	-27	547	-27	547
9	"1"	"1"	15	FALSE	0	90	100	0	0	3.42901103761e-14	560	1550168486.84	-23	555	-23	555
9	"1"	"1"	15	FALSE	0	90	100	0	0	3.42901103761e-14	560	1550168486.87	-20	562	-20	562
9	"1"	"1"	15	FALSE	0	90	100	0	0	3.42901103761e-14	560	1550168486.9	-15	566	-15	566
9	"1"	"1"	15	FALSE	0	90	100	0	0	3.42901103761e-14	560	1550168486.94	-8	566	-8	566
9	"1"	"1"	15	FALSE	0	90	100	0	0	3.42901103761e-14	560	1550168486.97	-3	563	-3	563
9	"1"	"1"	15	FALSE	0	90	100	0	0	3.42901103761e-14	560	1550168487	4	559	4	559
9	"1"	"1"	15	FALSE	0	90	100	0	0	3.42901103761e-14	560	1550168487.04	8	556	8	556
9	"1"	"1"	16	FALSE	0	135	100	0	0	-395.979797464	395.979797464	1550168488.08	-8	5	-8	5
9	"1"	"1"	16	FALSE	0	135	100	0	0	-395.979797464	395.979797464	1550168488.1	-7	6	-7	6
9	"1"	"1"	16	FALSE	0	135	100	0	0	-395.979797464	395.979797464	1550168488.14	-7	5	-7	5
9	"1"	"1"	16	FALSE	0	135	100	0	0	-395.979797464	395.979797464	1550168488.17	-7	4	-7	4
9	"1"	"1"	16	FALSE	0	135	100	0	0	-395.979797464	395.979797464	1550168488.2	-6	4	-6	4
9	"1"	"1"	16	FALSE	0	135	100	0	0	-395.979797464	395.979797464	1550168488.24	-6	5	-6	5
9	"1"	"1"	16	FALSE	0	135	100	0	0	-395.979797464	395.979797464	1550168488.27	-5	5	-5	5
9	"1"	"1"	16	FALSE	0	135	100	0	0	-395.979797464	395.979797464	1550168488.3	-3	6	-3	6
9	"1"	"1"	16	FALSE	0	135	100	0	0	-395.979797464	395.979797464	1550168488.34	0	6	0	6
9	"1"	"1"	16	FALSE	0	135	100	0	0	-395.979797464	395.979797464	1550168488.37	0	7	0	7
9	"1"	"1"	16	FALSE	0	135	100	0	0	-395.979797464	395.979797464	1550168488.4	0	7	0	7
9	"1"	"1"	16	FALSE	0	135	100	0	0	-395.979797464	395.979797464	1550168488.44	0	7	0	7
9	"1"	"1"	16	FALSE	0	135	100	0	0	-395.979797464	395.979797464	1550168488.47	-5	11	-5	11
9	"1"	"1"	16	FALSE	0	135	100	0	0	-395.979797464	395.979797464	1550168488.5	-18	23	-18	23
9	"1"	"1"	16	FALSE	0	135	100	0	0	-395.979797464	395.979797464	1550168488.54	-59	61	-59	61
9	"1"	"1"	16	FALSE	0	135	100	0	0	-395.979797464	395.979797464	1550168488.57	-97	97	-97	97
9	"1"	"1"	16	FALSE	0	135	100	0	0	-395.979797464	395.979797464	1550168488.6	-152	154	-152	154
9	"1"	"1"	16	FALSE	0	135	100	0	0	-395.979797464	395.979797464	1550168488.64	-213	218	-213	218
9	"1"	"1"	16	FALSE	0	135	100	0	0	-395.979797464	395.979797464	1550168488.67	-261	262	-261	262
9	"1"	"1"	16	FALSE	0	135	100	0	0	-395.979797464	395.979797464	1550168488.7	-309	299	-309	299
9	"1"	"1"	16	FALSE	0	135	100	0	0	-395.979797464	395.979797464	1550168488.74	-345	323	-345	323
9	"1"	"1"	16	FALSE	0	135	100	0	0	-395.979797464	395.979797464	1550168488.77	-359	332	-359	332
9	"1"	"1"	16	FALSE	0	135	100	0	0	-395.979797464	395.979797464	1550168488.81	-371	340	-371	340
9	"1"	"1"	16	FALSE	0	135	100	0	0	-395.979797464	395.979797464	1550168488.84	-380	343	-380	343
9	"1"	"1"	16	FALSE	0	135	100	0	0	-395.979797464	395.979797464	1550168488.87	-388	344	-388	344
9	"1"	"1"	16	FALSE	0	135	100	0	0	-395.979797464	395.979797464	1550168488.91	-394	348	-394	348
9	"1"	"1"	16	FALSE	0	135	100	0	0	-395.979797464	395.979797464	1550168488.94	-400	355	-400	355
9	"1"	"1"	16	FALSE	0	135	100	0	0	-395.979797464	395.979797464	1550168488.97	-403	367	-403	367
9	"1"	"1"	16	FALSE	0	135	100	0	0	-395.979797464	395.979797464	1550168489.01	-405	377	-405	377
9	"1"	"1"	16	FALSE	0	135	100	0	0	-395.979797464	395.979797464	1550168489.04	-402	385	-402	385
9	"1"	"1"	16	FALSE	0	135	100	0	0	-395.979797464	395.979797464	1550168489.07	-399	388	-399	388
9	"1"	"1"	17	FALSE	0	45	100	0	0	395.979797464	395.979797464	1550168490.25	0	3	0	3
9	"1"	"1"	17	FALSE	0	45	100	0	0	395.979797464	395.979797464	1550168490.27	0	3	0	3
9	"1"	"1"	17	FALSE	0	45	100	0	0	395.979797464	395.979797464	1550168490.31	0	1	0	1
9	"1"	"1"	17	FALSE	0	45	100	0	0	395.979797464	395.979797464	1550168490.34	1	0	1	0
9	"1"	"1"	17	FALSE	0	45	100	0	0	395.979797464	395.979797464	1550168490.37	1	-1	1	-1
9	"1"	"1"	17	FALSE	0	45	100	0	0	395.979797464	395.979797464	1550168490.41	1	-1	1	-1
9	"1"	"1"	17	FALSE	0	45	100	0	0	395.979797464	395.979797464	1550168490.44	1	-1	1	-1
9	"1"	"1"	17	FALSE	0	45	100	0	0	395.979797464	395.979797464	1550168490.47	1	-1	1	-1
9	"1"	"1"	17	FALSE	0	45	100	0	0	395.979797464	395.979797464	1550168490.51	2	-1	2	-1
9	"1"	"1"	17	FALSE	0	45	100	0	0	395.979797464	395.979797464	1550168490.54	4	-2	4	-2
9	"1"	"1"	17	FALSE	0	45	100	0	0	395.979797464	395.979797464	1550168490.57	7	-3	7	-3
9	"1"	"1"	17	FALSE	0	45	100	0	0	395.979797464	395.979797464	1550168490.61	11	-2	11	-2
9	"1"	"1"	17	FALSE	0	45	100	0	0	395.979797464	395.979797464	1550168490.64	20	4	20	4
9	"1"	"1"	17	FALSE	0	45	100	0	0	395.979797464	395.979797464	1550168490.67	42	33	42	33
9	"1"	"1"	17	FALSE	0	45	100	0	0	395.979797464	395.979797464	1550168490.71	71	79	71	79
9	"1"	"1"	17	FALSE	0	45	100	0	0	395.979797464	395.979797464	1550168490.74	124	141	124	141
9	"1"	"1"	17	FALSE	0	45	100	0	0	395.979797464	395.979797464	1550168490.77	184	197	184	197
9	"1"	"1"	17	FALSE	0	45	100	0	0	395.979797464	395.979797464	1550168490.81	250	261	250	261
9	"1"	"1"	17	FALSE	0	45	100	0	0	395.979797464	395.979797464	1550168490.84	308	309	308	309
9	"1"	"1"	17	FALSE	0	45	100	0	0	395.979797464	395.979797464	1550168490.87	339	333	339	333
9	"1"	"1"	17	FALSE	0	45	100	0	0	395.979797464	395.979797464	1550168490.91	360	347	360	347
9	"1"	"1"	17	FALSE	0	45	100	0	0	395.979797464	395.979797464	1550168490.94	366	351	366	351
9	"1"	"1"	17	FALSE	0	45	100	0	0	395.979797464	395.979797464	1550168490.97	367	351	367	351
9	"1"	"1"	17	FALSE	0	45	100	0	0	395.979797464	395.979797464	1550168491.01	370	353	370	353
9	"1"	"1"	17	FALSE	0	45	100	0	0	395.979797464	395.979797464	1550168491.04	378	359	378	359
9	"1"	"1"	17	FALSE	0	45	100	0	0	395.979797464	395.979797464	1550168491.07	388	371	388	371
9	"1"	"1"	17	FALSE	0	45	100	0	0	395.979797464	395.979797464	1550168491.11	394	382	394	382
9	"1"	"1"	17	FALSE	0	45	100	0	0	395.979797464	395.979797464	1550168491.14	399	398	399	398
9	"1"	"1"	17	FALSE	0	45	100	0	0	395.979797464	395.979797464	1550168491.17	400	406	400	406
9	"1"	"1"	17	FALSE	0	45	100	0	0	395.979797464	395.979797464	1550168491.21	399	408	399	408
9	"1"	"1"	18	FALSE	0	90	100	0	0	3.42901103761e-14	560	1550168492.45	0	5	0	5
9	"1"	"1"	18	FALSE	0	90	100	0	0	3.42901103761e-14	560	1550168492.47	-1	5	-1	5
9	"1"	"1"	18	FALSE	0	90	100	0	0	3.42901103761e-14	560	1550168492.51	-1	5	-1	5
9	"1"	"1"	18	FALSE	0	90	100	0	0	3.42901103761e-14	560	1550168492.54	-1	5	-1	5
9	"1"	"1"	18	FALSE	0	90	100	0	0	3.42901103761e-14	560	1550168492.57	-1	5	-1	5
9	"1"	"1"	18	FALSE	0	90	100	0	0	3.42901103761e-14	560	1550168492.61	-1	5	-1	5
9	"1"	"1"	18	FALSE	0	90	100	0	0	3.42901103761e-14	560	1550168492.64	0	4	0	4
9	"1"	"1"	18	FALSE	0	90	100	0	0	3.42901103761e-14	560	1550168492.67	1	3	1	3
9	"1"	"1"	18	FALSE	0	90	100	0	0	3.42901103761e-14	560	1550168492.71	2	2	2	2
9	"1"	"1"	18	FALSE	0	90	100	0	0	3.42901103761e-14	560	1550168492.74	3	1	3	1
9	"1"	"1"	18	FALSE	0	90	100	0	0	3.42901103761e-14	560	1550168492.77	3	1	3	1
9	"1"	"1"	18	FALSE	0	90	100	0	0	3.42901103761e-14	560	1550168492.81	2	5	2	5
9	"1"	"1"	18	FALSE	0	90	100	0	0	3.42901103761e-14	560	1550168492.84	-6	28	-6	28
9	"1"	"1"	18	FALSE	0	90	100	0	0	3.42901103761e-14	560	1550168492.87	-23	75	-23	75
9	"1"	"1"	18	FALSE	0	90	100	0	0	3.42901103761e-14	560	1550168492.91	-40	135	-40	135
9	"1"	"1"	18	FALSE	0	90	100	0	0	3.42901103761e-14	560	1550168492.94	-49	219	-49	219
9	"1"	"1"	18	FALSE	0	90	100	0	0	3.42901103761e-14	560	1550168492.97	-46	279	-46	279
9	"1"	"1"	18	FALSE	0	90	100	0	0	3.42901103761e-14	560	1550168493.01	-40	344	-40	344
9	"1"	"1"	18	FALSE	0	90	100	0	0	3.42901103761e-14	560	1550168493.04	-35	382	-35	382
9	"1"	"1"	18	FALSE	0	90	100	0	0	3.42901103761e-14	560	1550168493.07	-26	417	-26	417
9	"1"	"1"	18	FALSE	0	90	100	0	0	3.42901103761e-14	560	1550168493.11	-17	446	-17	446
9	"1"	"1"	18	FALSE	0	90	100	0	0	3.42901103761e-14	560	1550168493.14	-11	467	-11	467
9	"1"	"1"	18	FALSE	0	90	100	0	0	3.42901103761e-14	560	1550168493.18	-3	482	-3	482
9	"1"	"1"	18	FALSE	0	90	100	0	0	3.42901103761e-14	560	1550168493.21	5	497	5	497
9	"1"	"1"	18	FALSE	0	90	100	0	0	3.42901103761e-14	560	1550168493.24	9	510	9	510
9	"1"	"1"	18	FALSE	0	90	100	0	0	3.42901103761e-14	560	1550168493.28	11	525	11	525
9	"1"	"1"	18	FALSE	0	90	100	0	0	3.42901103761e-14	560	1550168493.31	11	536	11	536
9	"1"	"1"	18	FALSE	0	90	100	0	0	3.42901103761e-14	560	1550168493.34	10	544	10	544
9	"1"	"1"	18	FALSE	0	90	100	0	0	3.42901103761e-14	560	1550168493.38	9	548	9	548
9	"1"	"1"	18	FALSE	0	90	100	0	0	3.42901103761e-14	560	1550168493.41	9	548	9	548
9	"1"	"1"	18	FALSE	0	90	100	0	0	3.42901103761e-14	560	1550168493.44	9	548	9	548
9	"1"	"1"	18	FALSE	0	90	100	0	0	3.42901103761e-14	560	1550168493.48	9	549	9	549
9	"1"	"1"	19	FALSE	0	135	100	0	0	-395.979797464	395.979797464	1550168494.56	2	3	2	3
9	"1"	"1"	19	FALSE	0	135	100	0	0	-395.979797464	395.979797464	1550168494.58	2	3	2	3
9	"1"	"1"	19	FALSE	0	135	100	0	0	-395.979797464	395.979797464	1550168494.61	2	3	2	3
9	"1"	"1"	19	FALSE	0	135	100	0	0	-395.979797464	395.979797464	1550168494.64	2	3	2	3
9	"1"	"1"	19	FALSE	0	135	100	0	0	-395.979797464	395.979797464	1550168494.68	3	3	3	3
9	"1"	"1"	19	FALSE	0	135	100	0	0	-395.979797464	395.979797464	1550168494.71	4	3	4	3
9	"1"	"1"	19	FALSE	0	135	100	0	0	-395.979797464	395.979797464	1550168494.74	4	3	4	3
9	"1"	"1"	19	FALSE	0	135	100	0	0	-395.979797464	395.979797464	1550168494.78	4	3	4	3
9	"1"	"1"	19	FALSE	0	135	100	0	0	-395.979797464	395.979797464	1550168494.81	4	3	4	3
9	"1"	"1"	19	FALSE	0	135	100	0	0	-395.979797464	395.979797464	1550168494.84	5	3	5	3
9	"1"	"1"	19	FALSE	0	135	100	0	0	-395.979797464	395.979797464	1550168494.88	4	4	4	4
9	"1"	"1"	19	FALSE	0	135	100	0	0	-395.979797464	395.979797464	1550168494.91	-3	15	-3	15
9	"1"	"1"	19	FALSE	0	135	100	0	0	-395.979797464	395.979797464	1550168494.94	-36	51	-36	51
9	"1"	"1"	19	FALSE	0	135	100	0	0	-395.979797464	395.979797464	1550168494.98	-90	96	-90	96
9	"1"	"1"	19	FALSE	0	135	100	0	0	-395.979797464	395.979797464	1550168495.01	-150	148	-150	148
9	"1"	"1"	19	FALSE	0	135	100	0	0	-395.979797464	395.979797464	1550168495.04	-216	218	-216	218
9	"1"	"1"	19	FALSE	0	135	100	0	0	-395.979797464	395.979797464	1550168495.08	-251	253	-251	253
9	"1"	"1"	19	FALSE	0	135	100	0	0	-395.979797464	395.979797464	1550168495.11	-280	284	-280	284
9	"1"	"1"	19	FALSE	0	135	100	0	0	-395.979797464	395.979797464	1550168495.14	-306	306	-306	306
9	"1"	"1"	19	FALSE	0	135	100	0	0	-395.979797464	395.979797464	1550168495.18	-324	317	-324	317
9	"1"	"1"	19	FALSE	0	135	100	0	0	-395.979797464	395.979797464	1550168495.21	-344	325	-344	325
9	"1"	"1"	19	FALSE	0	135	100	0	0	-395.979797464	395.979797464	1550168495.24	-358	329	-358	329
9	"1"	"1"	19	FALSE	0	135	100	0	0	-395.979797464	395.979797464	1550168495.28	-374	336	-374	336
9	"1"	"1"	19	FALSE	0	135	100	0	0	-395.979797464	395.979797464	1550168495.31	-384	343	-384	343
9	"1"	"1"	19	FALSE	0	135	100	0	0	-395.979797464	395.979797464	1550168495.34	-388	348	-388	348
9	"1"	"1"	19	FALSE	0	135	100	0	0	-395.979797464	395.979797464	1550168495.38	-391	353	-391	353
9	"1"	"1"	19	FALSE	0	135	100	0	0	-395.979797464	395.979797464	1550168495.41	-393	357	-393	357
9	"1"	"1"	19	FALSE	0	135	100	0	0	-395.979797464	395.979797464	1550168495.44	-394	360	-394	360
9	"1"	"1"	19	FALSE	0	135	100	0	0	-395.979797464	395.979797464	1550168495.48	-395	363	-395	363
9	"1"	"1"	19	FALSE	0	135	100	0	0	-395.979797464	395.979797464	1550168495.51	-396	367	-396	367
9	"1"	"1"	19	FALSE	0	135	100	0	0	-395.979797464	395.979797464	1550168495.54	-396	372	-396	372
9	"1"	"1"	19	FALSE	0	135	100	0	0	-395.979797464	395.979797464	1550168495.58	-396	376	-396	376
9	"1"	"1"	19	FALSE	0	135	100	0	0	-395.979797464	395.979797464	1550168495.61	-395	381	-395	381
9	"1"	"1"	19	FALSE	0	135	100	0	0	-395.979797464	395.979797464	1550168495.64	-395	383	-395	383
9	"1"	"1"	19	FALSE	0	135	100	0	0	-395.979797464	395.979797464	1550168495.68	-395	385	-395	385
9	"1"	"1"	20	FALSE	0	90	100	0	0	3.42901103761e-14	560	1550168496.76	4	-7	4	-7
9	"1"	"1"	20	FALSE	0	90	100	0	0	3.42901103761e-14	560	1550168496.78	4	-7	4	-7
9	"1"	"1"	20	FALSE	0	90	100	0	0	3.42901103761e-14	560	1550168496.81	3	-7	3	-7
9	"1"	"1"	20	FALSE	0	90	100	0	0	3.42901103761e-14	560	1550168496.84	3	-7	3	-7
9	"1"	"1"	20	FALSE	0	90	100	0	0	3.42901103761e-14	560	1550168496.88	3	-7	3	-7
9	"1"	"1"	20	FALSE	0	90	100	0	0	3.42901103761e-14	560	1550168496.91	3	-7	3	-7
9	"1"	"1"	20	FALSE	0	90	100	0	0	3.42901103761e-14	560	1550168496.94	2	-7	2	-7
9	"1"	"1"	20	FALSE	0	90	100	0	0	3.42901103761e-14	560	1550168496.98	2	-7	2	-7
9	"1"	"1"	20	FALSE	0	90	100	0	0	3.42901103761e-14	560	1550168497.01	2	-7	2	-7
9	"1"	"1"	20	FALSE	0	90	100	0	0	3.42901103761e-14	560	1550168497.04	1	-7	1	-7
9	"1"	"1"	20	FALSE	0	90	100	0	0	3.42901103761e-14	560	1550168497.08	-1	-7	-1	-7
9	"1"	"1"	20	FALSE	0	90	100	0	0	3.42901103761e-14	560	1550168497.11	-6	-3	-6	-3
9	"1"	"1"	20	FALSE	0	90	100	0	0	3.42901103761e-14	560	1550168497.14	-17	15	-17	15
9	"1"	"1"	20	FALSE	0	90	100	0	0	3.42901103761e-14	560	1550168497.18	-33	58	-33	58
9	"1"	"1"	20	FALSE	0	90	100	0	0	3.42901103761e-14	560	1550168497.21	-46	119	-46	119
9	"1"	"1"	20	FALSE	0	90	100	0	0	3.42901103761e-14	560	1550168497.24	-62	203	-62	203
9	"1"	"1"	20	FALSE	0	90	100	0	0	3.42901103761e-14	560	1550168497.28	-65	284	-65	284
9	"1"	"1"	20	FALSE	0	90	100	0	0	3.42901103761e-14	560	1550168497.31	-67	346	-67	346
9	"1"	"1"	20	FALSE	0	90	100	0	0	3.42901103761e-14	560	1550168497.34	-67	387	-67	387
9	"1"	"1"	20	FALSE	0	90	100	0	0	3.42901103761e-14	560	1550168497.38	-65	415	-65	415
9	"1"	"1"	20	FALSE	0	90	100	0	0	3.42901103761e-14	560	1550168497.41	-63	432	-63	432
9	"1"	"1"	20	FALSE	0	90	100	0	0	3.42901103761e-14	560	1550168497.44	-57	448	-57	448
9	"1"	"1"	20	FALSE	0	90	100	0	0	3.42901103761e-14	560	1550168497.48	-46	464	-46	464
9	"1"	"1"	20	FALSE	0	90	100	0	0	3.42901103761e-14	560	1550168497.51	-36	477	-36	477
9	"1"	"1"	20	FALSE	0	90	100	0	0	3.42901103761e-14	560	1550168497.55	-23	490	-23	490
9	"1"	"1"	20	FALSE	0	90	100	0	0	3.42901103761e-14	560	1550168497.58	-11	502	-11	502
9	"1"	"1"	20	FALSE	0	90	100	0	0	3.42901103761e-14	560	1550168497.61	-4	512	-4	512
9	"1"	"1"	20	FALSE	0	90	100	0	0	3.42901103761e-14	560	1550168497.65	1	520	1	520
9	"1"	"1"	20	FALSE	0	90	100	0	0	3.42901103761e-14	560	1550168497.68	3	528	3	528
9	"1"	"1"	20	FALSE	0	90	100	0	0	3.42901103761e-14	560	1550168497.71	4	535	4	535
9	"1"	"1"	20	FALSE	0	90	100	0	0	3.42901103761e-14	560	1550168497.75	4	540	4	540
9	"1"	"1"	20	FALSE	0	90	100	0	0	3.42901103761e-14	560	1550168497.78	4	543	4	543
9	"1"	"1"	20	FALSE	0	90	100	0	0	3.42901103761e-14	560	1550168497.81	5	548	5	548
9	"1"	"1"	20	FALSE	0	90	100	0	0	3.42901103761e-14	560	1550168497.85	4	551	4	551
9	"1"	"1"	20	FALSE	0	90	100	0	0	3.42901103761e-14	560	1550168497.88	4	554	4	554
9	"1"	"1"	20	FALSE	0	90	100	0	0	3.42901103761e-14	560	1550168497.91	4	556	4	556
9	"1"	"1"	20	FALSE	0	90	100	0	0	3.42901103761e-14	560	1550168497.95	4	558	4	558
9	"1"	"1"	20	FALSE	0	90	100	0	0	3.42901103761e-14	560	1550168497.98	3	559	3	559
9	"1"	"1"	21	FALSE	0	45	100	0	0	395.979797464	395.979797464	1550168499.03	3	-1	3	-1
9	"1"	"1"	21	FALSE	0	45	100	0	0	395.979797464	395.979797464	1550168499.05	3	-1	3	-1
9	"1"	"1"	21	FALSE	0	45	100	0	0	395.979797464	395.979797464	1550168499.08	3	-1	3	-1
9	"1"	"1"	21	FALSE	0	45	100	0	0	395.979797464	395.979797464	1550168499.11	3	-1	3	-1
9	"1"	"1"	21	FALSE	0	45	100	0	0	395.979797464	395.979797464	1550168499.15	3	-1	3	-1
9	"1"	"1"	21	FALSE	0	45	100	0	0	395.979797464	395.979797464	1550168499.18	3	-1	3	-1
9	"1"	"1"	21	FALSE	0	45	100	0	0	395.979797464	395.979797464	1550168499.21	3	-1	3	-1
9	"1"	"1"	21	FALSE	0	45	100	0	0	395.979797464	395.979797464	1550168499.25	3	-1	3	-1
9	"1"	"1"	21	FALSE	0	45	100	0	0	395.979797464	395.979797464	1550168499.28	3	-1	3	-1
9	"1"	"1"	21	FALSE	0	45	100	0	0	395.979797464	395.979797464	1550168499.31	3	-1	3	-1
9	"1"	"1"	21	FALSE	0	45	100	0	0	395.979797464	395.979797464	1550168499.35	3	-1	3	-1
9	"1"	"1"	21	FALSE	0	45	100	0	0	395.979797464	395.979797464	1550168499.38	3	-1	3	-1
9	"1"	"1"	21	FALSE	0	45	100	0	0	395.979797464	395.979797464	1550168499.41	3	-1	3	-1
9	"1"	"1"	21	FALSE	0	45	100	0	0	395.979797464	395.979797464	1550168499.45	5	4	5	4
9	"1"	"1"	21	FALSE	0	45	100	0	0	395.979797464	395.979797464	1550168499.48	10	18	10	18
9	"1"	"1"	21	FALSE	0	45	100	0	0	395.979797464	395.979797464	1550168499.51	25	59	25	59
9	"1"	"1"	21	FALSE	0	45	100	0	0	395.979797464	395.979797464	1550168499.55	54	92	54	92
9	"1"	"1"	21	FALSE	0	45	100	0	0	395.979797464	395.979797464	1550168499.58	97	133	97	133
9	"1"	"1"	21	FALSE	0	45	100	0	0	395.979797464	395.979797464	1550168499.61	148	183	148	183
9	"1"	"1"	21	FALSE	0	45	100	0	0	395.979797464	395.979797464	1550168499.65	192	229	192	229
9	"1"	"1"	21	FALSE	0	45	100	0	0	395.979797464	395.979797464	1550168499.68	238	273	238	273
9	"1"	"1"	21	FALSE	0	45	100	0	0	395.979797464	395.979797464	1550168499.71	277	308	277	308
9	"1"	"1"	21	FALSE	0	45	100	0	0	395.979797464	395.979797464	1550168499.75	307	338	307	338
9	"1"	"1"	21	FALSE	0	45	100	0	0	395.979797464	395.979797464	1550168499.78	321	350	321	350
9	"1"	"1"	21	FALSE	0	45	100	0	0	395.979797464	395.979797464	1550168499.81	336	359	336	359
9	"1"	"1"	21	FALSE	0	45	100	0	0	395.979797464	395.979797464	1550168499.85	351	368	351	368
9	"1"	"1"	21	FALSE	0	45	100	0	0	395.979797464	395.979797464	1550168499.88	359	376	359	376
9	"1"	"1"	21	FALSE	0	45	100	0	0	395.979797464	395.979797464	1550168499.91	365	388	365	388
9	"1"	"1"	21	FALSE	0	45	100	0	0	395.979797464	395.979797464	1550168499.95	373	396	373	396
9	"1"	"1"	21	FALSE	0	45	100	0	0	395.979797464	395.979797464	1550168499.98	377	398	377	398
9	"1"	"1"	21	FALSE	0	45	100	0	0	395.979797464	395.979797464	1550168500.01	381	400	381	400
9	"1"	"1"	21	FALSE	0	45	100	0	0	395.979797464	395.979797464	1550168500.05	385	400	385	400
