"task_num"	"task_name"	"trial_type"	"trial_num"	"terminalfeedback_bool"	"rotation_angle"	"targetangle_deg"	"targetdistance_percmax"	"homex_px"	"homey_px"	"targetx_px"	"targety_px"	"time_s"	"mousex_px"	"mousey_px"	"cursorx_px"	"cursory_px"
20	"1"	"1"	1	FALSE	-15	90	100	0	0	3.42901103761e-14	560	3.92857408524	-3	-4	-3.93305365928	-3.08724616985
20	"1"	"1"	1	FALSE	-15	90	100	0	0	3.42901103761e-14	560	3.96194314957	-2	-5	-3.22594687809	-4.31199104124
20	"1"	"1"	1	FALSE	-15	90	100	0	0	3.42901103761e-14	560	3.9953019619	-1	-5	-2.2600210518	-4.57081008634
20	"1"	"1"	1	FALSE	-15	90	100	0	0	3.42901103761e-14	560	4.02912902832	0	-5	-1.29409522551	-4.82962913145
20	"1"	"1"	1	FALSE	-15	90	100	0	0	3.42901103761e-14	560	4.06289505959	1	-5	-0.328169399223	-5.08844817655
20	"1"	"1"	1	FALSE	-15	90	100	0	0	3.42901103761e-14	560	4.09616804123	1	-5	-0.328169399223	-5.08844817655
20	"1"	"1"	1	FALSE	-15	90	100	0	0	3.42901103761e-14	560	4.12952399254	1	-5	-0.328169399223	-5.08844817655
20	"1"	"1"	1	FALSE	-15	90	100	0	0	3.42901103761e-14	560	4.16260504723	1	-5	-0.328169399223	-5.08844817655
20	"1"	"1"	1	FALSE	-15	90	100	0	0	3.42901103761e-14	560	4.19632196426	1	-5	-0.328169399223	-5.08844817655
20	"1"	"1"	1	FALSE	-15	90	100	0	0	3.42901103761e-14	560	4.22966098785	2	-4	0.896575472168	-4.38134139536
20	"1"	"1"	1	FALSE	-15	90	100	0	0	3.42901103761e-14	560	4.26296401024	3	-4	1.86250129846	-4.64016044046
20	"1"	"1"	1	FALSE	-15	90	100	0	0	3.42901103761e-14	560	4.29598999023	3	-4	1.86250129846	-4.64016044046
20	"1"	"1"	1	FALSE	-15	90	100	0	0	3.42901103761e-14	560	4.32961702347	3	-4	1.86250129846	-4.64016044046
20	"1"	"1"	1	FALSE	-15	90	100	0	0	3.42901103761e-14	560	4.36240816116	3	-4	1.86250129846	-4.64016044046
20	"1"	"1"	1	FALSE	-15	90	100	0	0	3.42901103761e-14	560	4.39619112015	3	1	3.15659652397	0.189468690982
20	"1"	"1"	1	FALSE	-15	90	100	0	0	3.42901103761e-14	560	4.42983412743	5	18	9.48837194329	16.0925696477
20	"1"	"1"	1	FALSE	-15	90	100	0	0	3.42901103761e-14	560	4.46324706078	5	51	18.0294004317	47.9681219152
20	"1"	"1"	1	FALSE	-15	90	100	0	0	3.42901103761e-14	560	4.49653100967	2	100	27.8137561628	96.0749445387
20	"1"	"1"	1	FALSE	-15	90	100	0	0	3.42901103761e-14	560	4.52984905243	0	158	40.8934091262	152.616280554
20	"1"	"1"	1	FALSE	-15	90	100	0	0	3.42901103761e-14	560	4.56257295609	-1	201	51.0567022393	194.409910129
20	"1"	"1"	1	FALSE	-15	90	100	0	0	3.42901103761e-14	560	4.59664916992	-7	250	57.9432804916	243.293189888
20	"1"	"1"	1	FALSE	-15	90	100	0	0	3.42901103761e-14	560	4.63009500504	-11	294	65.467615171	286.829202425
20	"1"	"1"	1	FALSE	-15	90	100	0	0	3.42901103761e-14	560	4.66333603859	-20	353	72.0446063954	346.148197582
20	"1"	"1"	1	FALSE	-15	90	100	0	0	3.42901103761e-14	560	4.69661712646	-26	394	76.8606322869	387.304070731
20	"1"	"1"	1	FALSE	-15	90	100	0	0	3.42901103761e-14	560	4.72995209694	-35	434	78.5200616544	428.270475188
20	"1"	"1"	1	FALSE	-15	90	100	0	0	3.42901103761e-14	560	4.76275515556	-42	462	79.0055141332	457.12813164
20	"1"	"1"	1	FALSE	-15	90	100	0	0	3.42901103761e-14	560	4.79677915573	-48	478	77.3510638971	474.135859131
20	"1"	"1"	1	FALSE	-15	90	100	0	0	3.42901103761e-14	560	4.83014512062	-55	493	74.4718687896	490.436479841
20	"1"	"1"	1	FALSE	-15	90	100	0	0	3.42901103761e-14	560	4.86294794083	-64	507	69.4020029845	506.288812815
20	"1"	"1"	1	FALSE	-15	90	100	0	0	3.42901103761e-14	560	4.89695096016	-72	521	65.2980630056	521.882326744
20	"1"	"1"	1	FALSE	-15	90	100	0	0	3.42901103761e-14	560	4.93001294136	-78	532	62.349517544	534.060425104
20	"1"	"1"	1	FALSE	-15	90	100	0	0	3.42901103761e-14	560	4.96357893944	-82	539	60.2975475546	541.857182068
20	"1"	"1"	1	FALSE	-15	90	100	0	0	3.42901103761e-14	560	4.99679303169	-85	543	58.4350462561	546.497342509
20	"1"	"1"	1	FALSE	-15	90	100	0	0	3.42901103761e-14	560	5.02966213226	-89	546	55.3478000862	550.430396168
20	"1"	"1"	1	FALSE	-15	90	100	0	0	3.42901103761e-14	560	5.06366300583	-95	549	50.3287022638	554.881087917
20	"1"	"1"	1	FALSE	-15	90	100	0	0	3.42901103761e-14	560	5.09698009491	-104	552	42.4118269625	560.108236802
20	"1"	"1"	1	FALSE	-15	90	100	0	0	3.42901103761e-14	560	5.13032793999	-114	554	33.2702067898	564.628278906
20	"1"	"1"	1	FALSE	-15	90	100	0	0	3.42901103761e-14	560	5.16364598274	-126	555	21.9379159195	568.700033273
20	"1"	"1"	1	FALSE	-15	90	100	0	0	3.42901103761e-14	560	5.19689702988	-136	554	12.0198386115	570.322297898
20	"1"	"1"	1	FALSE	-15	90	100	0	0	3.42901103761e-14	560	5.23037409782	-146	550	1.32530416818	569.046785044
20	"1"	"1"	1	FALSE	-15	90	100	0	0	3.42901103761e-14	560	5.26378798485	-149	548	-2.09011140089	567.891390527
20	"1"	"1"	2	FALSE	-15	135	100	0	0	-395.979797464	395.979797464	0.00170087814331	6	-3	5.01909782243	-4.45069174948
20	"1"	"1"	2	FALSE	-15	135	100	0	0	-395.979797464	395.979797464	0.0222949981689	6	-3	5.01909782243	-4.45069174948
20	"1"	"1"	2	FALSE	-15	135	100	0	0	-395.979797464	395.979797464	0.0558009147644	6	-3	5.01909782243	-4.45069174948
20	"1"	"1"	2	FALSE	-15	135	100	0	0	-395.979797464	395.979797464	0.0887839794159	6	-3	5.01909782243	-4.45069174948
20	"1"	"1"	2	FALSE	-15	135	100	0	0	-395.979797464	395.979797464	0.122398853302	6	-3	5.01909782243	-4.45069174948
20	"1"	"1"	2	FALSE	-15	135	100	0	0	-395.979797464	395.979797464	0.155153036118	6	-3	5.01909782243	-4.45069174948
20	"1"	"1"	2	FALSE	-15	135	100	0	0	-395.979797464	395.979797464	0.189204931259	6	-3	5.01909782243	-4.45069174948
20	"1"	"1"	2	FALSE	-15	135	100	0	0	-395.979797464	395.979797464	0.222682952881	6	-3	5.01909782243	-4.45069174948
20	"1"	"1"	2	FALSE	-15	135	100	0	0	-395.979797464	395.979797464	0.2559030056	5	-4	3.79435295104	-5.15779853067
20	"1"	"1"	2	FALSE	-15	135	100	0	0	-395.979797464	395.979797464	0.288770914078	5	-4	3.79435295104	-5.15779853067
20	"1"	"1"	2	FALSE	-15	135	100	0	0	-395.979797464	395.979797464	0.322736978531	5	-4	3.79435295104	-5.15779853067
20	"1"	"1"	2	FALSE	-15	135	100	0	0	-395.979797464	395.979797464	0.356001853943	5	-4	3.79435295104	-5.15779853067
20	"1"	"1"	2	FALSE	-15	135	100	0	0	-395.979797464	395.979797464	0.389088869095	3	0	2.89777747887	-0.776457135308
20	"1"	"1"	2	FALSE	-15	135	100	0	0	-395.979797464	395.979797464	0.422793865204	-10	20	-4.48287736084	21.9067069768
20	"1"	"1"	2	FALSE	-15	135	100	0	0	-395.979797464	395.979797464	0.456120014191	-35	63	-17.5018040787	69.9119936348
20	"1"	"1"	2	FALSE	-15	135	100	0	0	-395.979797464	395.979797464	0.489519834518	-80	109	-49.062790187	125.991438674
20	"1"	"1"	2	FALSE	-15	135	100	0	0	-395.979797464	395.979797464	0.522884845734	-115	147	-73.0350703932	171.755286651
20	"1"	"1"	2	FALSE	-15	135	100	0	0	-395.979797464	395.979797464	0.556069850922	-151	188	-97.1968192904	220.675731153
20	"1"	"1"	2	FALSE	-15	135	100	0	0	-395.979797464	395.979797464	0.589395999908	-182	216	-119.893586642	255.745044687
20	"1"	"1"	2	FALSE	-15	135	100	0	0	-395.979797464	395.979797464	0.622277021408	-224	244	-153.215538084	293.661367717
20	"1"	"1"	2	FALSE	-15	135	100	0	0	-395.979797464	395.979797464	0.656282901764	-263	270	-184.157350136	328.86938196
20	"1"	"1"	2	FALSE	-15	135	100	0	0	-395.979797464	395.979797464	0.6897149086	-296	289	-211.115340547	355.763001148
20	"1"	"1"	2	FALSE	-15	135	100	0	0	-395.979797464	395.979797464	0.722949028015	-339	301	-249.544322536	378.483330003
20	"1"	"1"	2	FALSE	-15	135	100	0	0	-395.979797464	395.979797464	0.756433010101	-380	310	-286.817910008	397.788243289
20	"1"	"1"	2	FALSE	-15	135	100	0	0	-395.979797464	395.979797464	0.789693832397	-416	316	-320.038325484	412.90128387
20	"1"	"1"	2	FALSE	-15	135	100	0	0	-395.979797464	395.979797464	0.822684049606	-443	317	-345.859503749	420.855323914
20	"1"	"1"	2	FALSE	-15	135	100	0	0	-395.979797464	395.979797464	0.8564889431	-462	314	-364.988551583	422.875108292
20	"1"	"1"	2	FALSE	-15	135	100	0	0	-395.979797464	395.979797464	0.889847993851	-474	310	-377.614937679	422.117233528
20	"1"	"1"	2	FALSE	-15	135	100	0	0	-395.979797464	395.979797464	0.923204898834	-480	307	-384.186949772	420.77237032
20	"1"	"1"	2	FALSE	-15	135	100	0	0	-395.979797464	395.979797464	0.956409931183	-481	306	-385.411694644	420.065263539
20	"1"	"1"	2	FALSE	-15	135	100	0	0	-395.979797464	395.979797464	0.989807844162	-480	307	-384.186949772	420.77237032
20	"1"	"1"	2	FALSE	-15	135	100	0	0	-395.979797464	395.979797464	1.02321004868	-478	306	-382.513917165	419.288806403
20	"1"	"1"	2	FALSE	-15	135	100	0	0	-395.979797464	395.979797464	1.05658197403	-474	302	-379.68549004	414.389826918
20	"1"	"1"	2	FALSE	-15	135	100	0	0	-395.979797464	395.979797464	1.08979892731	-472	295	-379.565371703	407.110708044
20	"1"	"1"	2	FALSE	-15	135	100	0	0	-395.979797464	395.979797464	1.12338495255	-471	289	-380.152360148	401.056334041
20	"1"	"1"	2	FALSE	-15	135	100	0	0	-395.979797464	395.979797464	1.15630984306	-472	286	-381.894743109	398.417375607
20	"1"	"1"	2	FALSE	-15	135	100	0	0	-395.979797464	395.979797464	1.18998289108	-472	286	-381.894743109	398.417375607
20	"1"	"1"	3	FALSE	-15	45	100	0	0	395.979797464	395.979797464	0.00241589546204	12	7	13.4028432312	3.65565224279
20	"1"	"1"	3	FALSE	-15	45	100	0	0	395.979797464	395.979797464	0.0373740196228	12	7	13.4028432312	3.65565224279
20	"1"	"1"	3	FALSE	-15	45	100	0	0	395.979797464	395.979797464	0.0707070827484	12	7	13.4028432312	3.65565224279
20	"1"	"1"	3	FALSE	-15	45	100	0	0	395.979797464	395.979797464	0.104208946228	12	7	13.4028432312	3.65565224279
20	"1"	"1"	3	FALSE	-15	45	100	0	0	395.979797464	395.979797464	0.137461900711	12	7	13.4028432312	3.65565224279
20	"1"	"1"	3	FALSE	-15	45	100	0	0	395.979797464	395.979797464	0.170891046524	12	7	13.4028432312	3.65565224279
20	"1"	"1"	3	FALSE	-15	45	100	0	0	395.979797464	395.979797464	0.204236984253	12	7	13.4028432312	3.65565224279
20	"1"	"1"	3	FALSE	-15	45	100	0	0	395.979797464	395.979797464	0.237544059753	12	7	13.4028432312	3.65565224279
20	"1"	"1"	3	FALSE	-15	45	100	0	0	395.979797464	395.979797464	0.270250082016	12	7	13.4028432312	3.65565224279
20	"1"	"1"	3	FALSE	-15	45	100	0	0	395.979797464	395.979797464	0.304233074188	12	7	13.4028432312	3.65565224279
20	"1"	"1"	3	FALSE	-15	45	100	0	0	395.979797464	395.979797464	0.337537050247	12	7	13.4028432312	3.65565224279
20	"1"	"1"	3	FALSE	-15	45	100	0	0	395.979797464	395.979797464	0.371078014374	12	7	13.4028432312	3.65565224279
20	"1"	"1"	3	FALSE	-15	45	100	0	0	395.979797464	395.979797464	0.404320955276	12	7	13.4028432312	3.65565224279
20	"1"	"1"	3	FALSE	-15	45	100	0	0	395.979797464	395.979797464	0.437527894974	12	7	13.4028432312	3.65565224279
20	"1"	"1"	3	FALSE	-15	45	100	0	0	395.979797464	395.979797464	0.47117805481	15	15	18.3711730709	10.6066017178
20	"1"	"1"	3	FALSE	-15	45	100	0	0	395.979797464	395.979797464	0.504468917847	25	41	34.7597265064	33.1324827503
20	"1"	"1"	3	FALSE	-15	45	100	0	0	395.979797464	395.979797464	0.53785610199	34	68	50.4411731608	56.8831086542
20	"1"	"1"	3	FALSE	-15	45	100	0	0	395.979797464	395.979797464	0.571259021759	49	111	76.0592794945	94.5356335081
20	"1"	"1"	3	FALSE	-15	45	100	0	0	395.979797464	395.979797464	0.604507923126	69	157	107.283472095	133.791840615
20	"1"	"1"	3	FALSE	-15	45	100	0	0	395.979797464	395.979797464	0.638032913208	103	203	152.030626264	169.424581091
20	"1"	"1"	3	FALSE	-15	45	100	0	0	395.979797464	395.979797464	0.671222925186	142	236	198.242761977	191.2061906
20	"1"	"1"	3	FALSE	-15	45	100	0	0	395.979797464	395.979797464	0.704663038254	176	269	239.625268559	214.281895334
20	"1"	"1"	3	FALSE	-15	45	100	0	0	395.979797464	395.979797464	0.737941026688	217	299	286.99279879	232.648089273
20	"1"	"1"	3	FALSE	-15	45	100	0	0	395.979797464	395.979797464	0.77127289772	239	323	314.454824051	250.136290112
20	"1"	"1"	3	FALSE	-15	45	100	0	0	395.979797464	395.979797464	0.804733037949	259	349	340.50263575	270.073980693
20	"1"	"1"	3	FALSE	-15	45	100	0	0	395.979797464	395.979797464	0.838135957718	267	362	351.594689946	280.560464074
20	"1"	"1"	3	FALSE	-15	45	100	0	0	395.979797464	395.979797464	0.871425867081	277	385	367.206786247	300.188567628
20	"1"	"1"	3	FALSE	-15	45	100	0	0	395.979797464	395.979797464	0.904772043228	287	399	380.489511141	311.123338745
20	"1"	"1"	3	FALSE	-15	45	100	0	0	395.979797464	395.979797464	0.93824005127	292	412	388.683787859	322.386279261
20	"1"	"1"	3	FALSE	-15	45	100	0	0	395.979797464	395.979797464	0.971150875092	298	431	399.396904673	339.18595569
20	"1"	"1"	3	FALSE	-15	45	100	0	0	395.979797464	395.979797464	1.00477290154	303	445	407.850000436	351.414822033
20	"1"	"1"	3	FALSE	-15	45	100	0	0	395.979797464	395.979797464	1.03776597977	302	455	409.472265061	361.332899341
20	"1"	"1"	3	FALSE	-15	45	100	0	0	395.979797464	395.979797464	1.07156300545	298	465	408.196752207	372.027433784
20	"1"	"1"	3	FALSE	-15	45	100	0	0	395.979797464	395.979797464	1.10436201096	296	473	408.335452915	380.272478484
20	"1"	"1"	3	FALSE	-15	45	100	0	0	395.979797464	395.979797464	1.1376760006	292	480	406.283482926	388.069235449
20	"1"	"1"	3	FALSE	-15	45	100	0	0	395.979797464	395.979797464	1.17080807686	289	484	404.420981627	392.709395889
20	"1"	"1"	3	FALSE	-15	45	100	0	0	395.979797464	395.979797464	1.20421910286	289	489	405.715076853	397.539025021
20	"1"	"1"	3	FALSE	-15	45	100	0	0	395.979797464	395.979797464	1.23757195473	288	491	405.266789117	399.729695718
20	"1"	"1"	3	FALSE	-15	45	100	0	0	395.979797464	395.979797464	1.27087688446	285	492	402.627830683	401.47207868
20	"1"	"1"	4	FALSE	-15	90	100	0	0	3.42901103761e-14	560	0.00184679031372	5	6	6.38254340206	4.50145973222
20	"1"	"1"	4	FALSE	-15	90	100	0	0	3.42901103761e-14	560	0.03355884552	5	6	6.38254340206	4.50145973222
20	"1"	"1"	4	FALSE	-15	90	100	0	0	3.42901103761e-14	560	0.0669159889221	5	6	6.38254340206	4.50145973222
20	"1"	"1"	4	FALSE	-15	90	100	0	0	3.42901103761e-14	560	0.0998928546906	5	6	6.38254340206	4.50145973222
20	"1"	"1"	4	FALSE	-15	90	100	0	0	3.42901103761e-14	560	0.133610963821	5	6	6.38254340206	4.50145973222
20	"1"	"1"	4	FALSE	-15	90	100	0	0	3.42901103761e-14	560	0.167089939117	5	6	6.38254340206	4.50145973222
20	"1"	"1"	4	FALSE	-15	90	100	0	0	3.42901103761e-14	560	0.199836015701	5	6	6.38254340206	4.50145973222
20	"1"	"1"	4	FALSE	-15	90	100	0	0	3.42901103761e-14	560	0.233736991882	5	6	6.38254340206	4.50145973222
20	"1"	"1"	4	FALSE	-15	90	100	0	0	3.42901103761e-14	560	0.267170906067	5	6	6.38254340206	4.50145973222
20	"1"	"1"	4	FALSE	-15	90	100	0	0	3.42901103761e-14	560	0.300117969513	4	4	4.89897948557	2.82842712475
20	"1"	"1"	4	FALSE	-15	90	100	0	0	3.42901103761e-14	560	0.333736896515	3	2	3.41541556907	1.15539451727
20	"1"	"1"	4	FALSE	-15	90	100	0	0	3.42901103761e-14	560	0.36710691452	3	2	3.41541556907	1.15539451727
20	"1"	"1"	4	FALSE	-15	90	100	0	0	3.42901103761e-14	560	0.40057682991	3	2	3.41541556907	1.15539451727
20	"1"	"1"	4	FALSE	-15	90	100	0	0	3.42901103761e-14	560	0.433833837509	3	2	3.41541556907	1.15539451727
20	"1"	"1"	4	FALSE	-15	90	100	0	0	3.42901103761e-14	560	0.46734380722	3	2	3.41541556907	1.15539451727
20	"1"	"1"	4	FALSE	-15	90	100	0	0	3.42901103761e-14	560	0.500515937805	3	2	3.41541556907	1.15539451727
20	"1"	"1"	4	FALSE	-15	90	100	0	0	3.42901103761e-14	560	0.533849000931	3	2	3.41541556907	1.15539451727
20	"1"	"1"	4	FALSE	-15	90	100	0	0	3.42901103761e-14	560	0.566769838333	-2	15	1.95043402396	15.0065254845
20	"1"	"1"	4	FALSE	-15	90	100	0	0	3.42901103761e-14	560	0.600489854813	-17	86	5.8376988319	87.4695448276
20	"1"	"1"	4	FALSE	-15	90	100	0	0	3.42901103761e-14	560	0.633541822433	-23	158	18.6771151215	158.569118591
20	"1"	"1"	4	FALSE	-15	90	100	0	0	3.42901103761e-14	560	0.666903018951	-21	235	40.538033247	232.427769125
20	"1"	"1"	4	FALSE	-15	90	100	0	0	3.42901103761e-14	560	0.700063943863	-24	299	54.2046746547	295.023479143
20	"1"	"1"	4	FALSE	-15	90	100	0	0	3.42901103761e-14	560	0.733737945557	-35	351	57.0380809109	348.098631606
20	"1"	"1"	4	FALSE	-15	90	100	0	0	3.42901103761e-14	560	0.76692199707	-43	397	61.2163503753	394.601771976
20	"1"	"1"	4	FALSE	-15	90	100	0	0	3.42901103761e-14	560	0.800676822662	-49	421	61.6324525	419.336906078
20	"1"	"1"	4	FALSE	-15	90	100	0	0	3.42901103761e-14	560	0.834100961685	-54	427	58.3557376392	426.426556261
20	"1"	"1"	4	FALSE	-15	90	100	0	0	3.42901103761e-14	560	0.867415904999	-59	429	54.0437465979	429.652503139
20	"1"	"1"	4	FALSE	-15	90	100	0	0	3.42901103761e-14	560	0.900417804718	-64	431	49.7317555567	432.878450017
20	"1"	"1"	4	FALSE	-15	90	100	0	0	3.42901103761e-14	560	0.933784008026	-75	439	41.1771238283	443.452866124
20	"1"	"1"	4	FALSE	-15	90	100	0	0	3.42901103761e-14	560	0.967158794403	-84	455	36.6248961134	461.23705075
20	"1"	"1"	4	FALSE	-15	90	100	0	0	3.42901103761e-14	560	1.00050497055	-97	484	31.5736126796	492.613547299
20	"1"	"1"	4	FALSE	-15	90	100	0	0	3.42901103761e-14	560	1.03407502174	-106	499	26.7625659195	509.431806099
20	"1"	"1"	4	FALSE	-15	90	100	0	0	3.42901103761e-14	560	1.06736898422	-116	510	19.9503171528	522.645180639
20	"1"	"1"	4	FALSE	-15	90	100	0	0	3.42901103761e-14	560	1.10060095787	-122	515	15.4488574205	529.027724041
20	"1"	"1"	4	FALSE	-15	90	100	0	0	3.42901103761e-14	560	1.13391685486	-124	517	14.0346438582	531.477213784
20	"1"	"1"	4	FALSE	-15	90	100	0	0	3.42901103761e-14	560	1.16783595085	-124	519	14.5522819484	533.409065437
20	"1"	"1"	4	FALSE	-15	90	100	0	0	3.42901103761e-14	560	1.20122885704	-126	521	13.138068386	535.85855518
20	"1"	"1"	4	FALSE	-15	90	100	0	0	3.42901103761e-14	560	1.23453783989	-129	525	11.2755670875	540.49871562
20	"1"	"1"	4	FALSE	-15	90	100	0	0	3.42901103761e-14	560	1.26780200005	-133	535	10.0000542334	551.193250063
20	"1"	"1"	4	FALSE	-15	90	100	0	0	3.42901103761e-14	560	1.30134081841	-138	546	8.01743459808	563.112529378
20	"1"	"1"	4	FALSE	-15	90	100	0	0	3.42901103761e-14	560	1.33455991745	-141	553	6.93139043494	570.650467297
20	"1"	"1"	4	FALSE	-15	90	100	0	0	3.42901103761e-14	560	1.36774802208	-142	556	6.74192174395	573.807063821
20	"1"	"1"	4	FALSE	-15	90	100	0	0	3.42901103761e-14	560	1.40118789673	-143	558	6.29363400787	575.997734519
20	"1"	"1"	4	FALSE	-15	90	100	0	0	3.42901103761e-14	560	1.43447184563	-143	558	6.29363400787	575.997734519
20	"1"	"1"	4	FALSE	-15	90	100	0	0	3.42901103761e-14	560	1.46794581413	-143	559	6.55245305297	576.963660345
20	"1"	"1"	4	FALSE	-15	90	100	0	0	3.42901103761e-14	560	1.50118398666	-143	558	6.29363400787	575.997734519
20	"1"	"1"	4	FALSE	-15	90	100	0	0	3.42901103761e-14	560	1.53468084335	-142	556	6.74192174395	573.807063821
20	"1"	"1"	4	FALSE	-15	90	100	0	0	3.42901103761e-14	560	1.56799197197	-142	551	5.44782651844	568.97743469
20	"1"	"1"	4	FALSE	-15	90	100	0	0	3.42901103761e-14	560	1.60152387619	-142	543	3.37727415762	561.25002808
20	"1"	"1"	4	FALSE	-15	90	100	0	0	3.42901103761e-14	560	1.63487195969	-140	536	3.49739249448	553.970909205
20	"1"	"1"	4	FALSE	-15	90	100	0	0	3.42901103761e-14	560	1.66819882393	-137	533	5.61871283804	550.296674591
20	"1"	"1"	4	FALSE	-15	90	100	0	0	3.42901103761e-14	560	1.70164299011	-135	533	7.55056449062	549.779036501
20	"1"	"1"	5	FALSE	-15	45	100	0	0	395.979797464	395.979797464	0.00214290618896	5	-9	2.50025772552	-9.98742766211
20	"1"	"1"	5	FALSE	-15	45	100	0	0	395.979797464	395.979797464	0.0377268791199	4	-7	2.05196998944	-7.79675696443
20	"1"	"1"	5	FALSE	-15	45	100	0	0	395.979797464	395.979797464	0.0709948539734	4	-6	2.31078903454	-6.83083113814
20	"1"	"1"	5	FALSE	-15	45	100	0	0	395.979797464	395.979797464	0.103853940964	5	-5	3.53553390593	-6.12372435696
20	"1"	"1"	5	FALSE	-15	45	100	0	0	395.979797464	395.979797464	0.137747049332	5	-5	3.53553390593	-6.12372435696
20	"1"	"1"	5	FALSE	-15	45	100	0	0	395.979797464	395.979797464	0.170598983765	4	-3	3.08724616985	-3.93305365928
20	"1"	"1"	5	FALSE	-15	45	100	0	0	395.979797464	395.979797464	0.20436000824	3	-1	2.63895843376	-1.7423829616
20	"1"	"1"	5	FALSE	-15	45	100	0	0	395.979797464	395.979797464	0.237805843353	2	0	1.93185165258	-0.517638090205
20	"1"	"1"	5	FALSE	-15	45	100	0	0	395.979797464	395.979797464	0.270544052124	2	1	2.19067069768	0.448287736084
20	"1"	"1"	5	FALSE	-15	45	100	0	0	395.979797464	395.979797464	0.304528951645	2	1	2.19067069768	0.448287736084
20	"1"	"1"	5	FALSE	-15	45	100	0	0	395.979797464	395.979797464	0.337841033936	2	1	2.19067069768	0.448287736084
20	"1"	"1"	5	FALSE	-15	45	100	0	0	395.979797464	395.979797464	0.370851993561	3	2	3.41541556907	1.15539451727
20	"1"	"1"	5	FALSE	-15	45	100	0	0	395.979797464	395.979797464	0.40468788147	4	5	5.15779853067	3.79435295104
20	"1"	"1"	5	FALSE	-15	45	100	0	0	395.979797464	395.979797464	0.437953948975	7	13	10.1261283704	10.745302426
20	"1"	"1"	5	FALSE	-15	45	100	0	0	395.979797464	395.979797464	0.471353054047	15	28	21.7358206572	23.1636374596
20	"1"	"1"	5	FALSE	-15	45	100	0	0	395.979797464	395.979797464	0.50462603569	30	65	45.8010127203	55.0206073557
20	"1"	"1"	5	FALSE	-15	45	100	0	0	395.979797464	395.979797464	0.538032054901	50	108	76.2487481855	91.3790369841
20	"1"	"1"	5	FALSE	-15	45	100	0	0	395.979797464	395.979797464	0.571150064468	71	150	107.403590432	126.512721741
20	"1"	"1"	5	FALSE	-15	45	100	0	0	395.979797464	395.979797464	0.604223012924	98	209	148.753911403	176.514231274
20	"1"	"1"	5	FALSE	-15	45	100	0	0	395.979797464	395.979797464	0.637524843216	130	268	194.933861505	225.221645582
20	"1"	"1"	5	FALSE	-15	45	100	0	0	395.979797464	395.979797464	0.670902967453	159	309	233.557291317	257.318852152
20	"1"	"1"	5	FALSE	-15	45	100	0	0	395.979797464	395.979797464	0.704189062119	190	342	272.04202042	281.171014021
20	"1"	"1"	5	FALSE	-15	45	100	0	0	395.979797464	395.979797464	0.737666845322	214	365	301.177078288	297.175650944
20	"1"	"1"	5	FALSE	-15	45	100	0	0	395.979797464	395.979797464	0.771569013596	237	390	329.86384842	315.370958563
20	"1"	"1"	5	FALSE	-15	45	100	0	0	395.979797464	395.979797464	0.80500793457	251	408	348.0455528	329.134156805
20	"1"	"1"	5	FALSE	-15	45	100	0	0	395.979797464	395.979797464	0.838351011276	258	419	357.654043081	337.947607579
20	"1"	"1"	5	FALSE	-15	45	100	0	0	395.979797464	395.979797464	0.871530056	270	432	372.609800582	347.398814779
20	"1"	"1"	5	FALSE	-15	45	100	0	0	395.979797464	395.979797464	0.904803037643	279	440	383.37368538	352.796849984
20	"1"	"1"	5	FALSE	-15	45	100	0	0	395.979797464	395.979797464	0.937754869461	288	447	393.878751132	357.228959362
20	"1"	"1"	5	FALSE	-15	45	100	0	0	395.979797464	395.979797464	0.971784830093	295	455	402.710784277	363.144632656
20	"1"	"1"	5	FALSE	-15	45	100	0	0	395.979797464	395.979797464	1.00520586967	300	462	409.352146724	368.612018215
20	"1"	"1"	5	FALSE	-15	45	100	0	0	395.979797464	395.979797464	1.03797292709	302	466	412.319274557	371.95808343
20	"1"	"1"	5	FALSE	-15	45	100	0	0	395.979797464	395.979797464	1.07182788849	307	474	419.219456049	378.391394815
20	"1"	"1"	5	FALSE	-15	45	100	0	0	395.979797464	395.979797464	1.10521292686	309	479	422.445402927	382.703385856
20	"1"	"1"	5	FALSE	-15	45	100	0	0	395.979797464	395.979797464	1.13853502274	306	481	420.065263539	385.411694644
20	"1"	"1"	5	FALSE	-15	45	100	0	0	395.979797464	395.979797464	1.17185091972	304	485	419.168688067	389.793036039
20	"1"	"1"	5	FALSE	-15	45	100	0	0	395.979797464	395.979797464	1.20497989655	300	488	416.081441897	393.726089698
20	"1"	"1"	5	FALSE	-15	45	100	0	0	395.979797464	395.979797464	1.23844695091	295	488	411.251812765	395.020184924
20	"1"	"1"	5	FALSE	-15	45	100	0	0	395.979797464	395.979797464	1.27190303802	289	488	405.456257808	396.573099194
20	"1"	"1"	5	FALSE	-15	45	100	0	0	395.979797464	395.979797464	1.3053150177	284	488	400.626628676	397.86719442
20	"1"	"1"	5	FALSE	-15	45	100	0	0	395.979797464	395.979797464	1.33862900734	278	486	394.313435628	397.488257038
20	"1"	"1"	5	FALSE	-15	45	100	0	0	395.979797464	395.979797464	1.37205791473	276	485	392.122764931	397.039969302
20	"1"	"1"	6	FALSE	-15	135	100	0	0	-395.979797464	395.979797464	0.00178599357605	3	-9	0.568406072945	-9.46978957191
20	"1"	"1"	6	FALSE	-15	135	100	0	0	-395.979797464	395.979797464	0.0342240333557	1	-8	-1.10462653453	-7.98622565542
20	"1"	"1"	6	FALSE	-15	135	100	0	0	-395.979797464	395.979797464	0.0674910545349	1	-7	-0.845807489429	-7.02029982913
20	"1"	"1"	6	FALSE	-15	135	100	0	0	-395.979797464	395.979797464	0.101054906845	1	-5	-0.328169399223	-5.08844817655
20	"1"	"1"	6	FALSE	-15	135	100	0	0	-395.979797464	395.979797464	0.134347915649	1	-1	0.707106781187	-1.22474487139
20	"1"	"1"	6	FALSE	-15	135	100	0	0	-395.979797464	395.979797464	0.167392969131	3	2	3.41541556907	1.15539451727
20	"1"	"1"	6	FALSE	-15	135	100	0	0	-395.979797464	395.979797464	0.201123952866	3	4	3.93305365928	3.08724616985
20	"1"	"1"	6	FALSE	-15	135	100	0	0	-395.979797464	395.979797464	0.234467983246	3	4	3.93305365928	3.08724616985
20	"1"	"1"	6	FALSE	-15	135	100	0	0	-395.979797464	395.979797464	0.267776966095	4	6	5.41661757577	4.76027877732
20	"1"	"1"	6	FALSE	-15	135	100	0	0	-395.979797464	395.979797464	0.300796031952	4	6	5.41661757577	4.76027877732
20	"1"	"1"	6	FALSE	-15	135	100	0	0	-395.979797464	395.979797464	0.334404945374	4	6	5.41661757577	4.76027877732
20	"1"	"1"	6	FALSE	-15	135	100	0	0	-395.979797464	395.979797464	0.367877006531	3	7	4.70951079458	5.98502364872
20	"1"	"1"	6	FALSE	-15	135	100	0	0	-395.979797464	395.979797464	0.401249885559	2	9	4.2612230585	8.1756943464
20	"1"	"1"	6	FALSE	-15	135	100	0	0	-395.979797464	395.979797464	0.434612035751	-2	12	1.17397688865	12.1087480057
20	"1"	"1"	6	FALSE	-15	135	100	0	0	-395.979797464	395.979797464	0.46794295311	-9	17	-4.29340866986	18.7501104528
20	"1"	"1"	6	FALSE	-15	135	100	0	0	-395.979797464	395.979797464	0.50098490715	-28	36	-17.7284375124	42.0202630093
20	"1"	"1"	6	FALSE	-15	135	100	0	0	-395.979797464	395.979797464	0.534725904465	-57	67	-37.7168960766	79.4697159322
20	"1"	"1"	6	FALSE	-15	135	100	0	0	-395.979797464	395.979797464	0.568125009537	-91	103	-61.2408885467	123.042893212
20	"1"	"1"	6	FALSE	-15	135	100	0	0	-395.979797464	395.979797464	0.600896835327	-123	142	-82.056572229	168.996209881
20	"1"	"1"	6	FALSE	-15	135	100	0	0	-395.979797464	395.979797464	0.634768009186	-160	174	-109.513618358	209.482140991
20	"1"	"1"	6	FALSE	-15	135	100	0	0	-395.979797464	395.979797464	0.668077945709	-198	203	-138.713047449	247.329113667
20	"1"	"1"	6	FALSE	-15	135	100	0	0	-395.979797464	395.979797464	0.701566934586	-230	227	-163.411016808	278.793542941
20	"1"	"1"	6	FALSE	-15	135	100	0	0	-395.979797464	395.979797464	0.734825849533	-269	243	-196.941019312	304.342298921
20	"1"	"1"	6	FALSE	-15	135	100	0	0	-395.979797464	395.979797464	0.768178939819	-302	254	-225.969562083	323.508511498
20	"1"	"1"	6	FALSE	-15	135	100	0	0	-395.979797464	395.979797464	0.801293849945	-328	267	-247.71898598	342.794842413
20	"1"	"1"	6	FALSE	-15	135	100	0	0	-395.979797464	395.979797464	0.83495092392	-358	279	-273.590932228	362.150523681
20	"1"	"1"	6	FALSE	-15	135	100	0	0	-395.979797464	395.979797464	0.868234872818	-385	284	-298.376834312	373.968267031
20	"1"	"1"	6	FALSE	-15	135	100	0	0	-395.979797464	395.979797464	0.901610851288	-407	285	-319.368383445	380.628211849
20	"1"	"1"	6	FALSE	-15	135	100	0	0	-395.979797464	395.979797464	0.935065984726	-426	282	-338.49743128	382.647996227
20	"1"	"1"	6	FALSE	-15	135	100	0	0	-395.979797464	395.979797464	0.968330860138	-441	277	-354.2804139	381.700652772
20	"1"	"1"	6	FALSE	-15	135	100	0	0	-395.979797464	395.979797464	1.00164890289	-453	277	-365.871523816	384.806481314
20	"1"	"1"	6	FALSE	-15	135	100	0	0	-395.979797464	395.979797464	1.03500199318	-464	278	-376.23788886	388.619416636
20	"1"	"1"	6	FALSE	-15	135	100	0	0	-395.979797464	395.979797464	1.06829500198	-472	281	-383.188838335	393.587746476
20	"1"	"1"	6	FALSE	-15	135	100	0	0	-395.979797464	395.979797464	1.10170197487	-476	284	-386.276084504	397.520800135
20	"1"	"1"	6	FALSE	-15	135	100	0	0	-395.979797464	395.979797464	1.13505983353	-478	285	-387.949117112	399.004364051
20	"1"	"1"	7	FALSE	-15	90	100	0	0	3.42901103761e-14	560	0.00198101997375	4	-5	2.56960807964	-5.86490531186
20	"1"	"1"	7	FALSE	-15	90	100	0	0	3.42901103761e-14	560	0.0371220111847	4	-5	2.56960807964	-5.86490531186
20	"1"	"1"	7	FALSE	-15	90	100	0	0	3.42901103761e-14	560	0.0704040527344	2	-4	0.896575472168	-4.38134139536
20	"1"	"1"	7	FALSE	-15	90	100	0	0	3.42901103761e-14	560	0.103830099106	2	-3	1.15539451727	-3.41541556907
20	"1"	"1"	7	FALSE	-15	90	100	0	0	3.42901103761e-14	560	0.137163877487	2	-2	1.41421356237	-2.44948974278
20	"1"	"1"	7	FALSE	-15	90	100	0	0	3.42901103761e-14	560	0.17054605484	4	1	4.12252235026	-0.069350354121
20	"1"	"1"	7	FALSE	-15	90	100	0	0	3.42901103761e-14	560	0.203855037689	5	2	5.34726722165	0.637756427066
20	"1"	"1"	7	FALSE	-15	90	100	0	0	3.42901103761e-14	560	0.237170934677	5	2	5.34726722165	0.637756427066
20	"1"	"1"	7	FALSE	-15	90	100	0	0	3.42901103761e-14	560	0.270628929138	6	5	7.08965018325	3.27671486083
20	"1"	"1"	7	FALSE	-15	90	100	0	0	3.42901103761e-14	560	0.30398106575	6	17	10.1954787245	14.8678247763
20	"1"	"1"	7	FALSE	-15	90	100	0	0	3.42901103761e-14	560	0.337224960327	-2	52	11.5267386928	50.7457810572
20	"1"	"1"	7	FALSE	-15	90	100	0	0	3.42901103761e-14	560	0.370728969574	-14	92	10.2883905814	92.48864265
20	"1"	"1"	7	FALSE	-15	90	100	0	0	3.42901103761e-14	560	0.40411901474	-30	143	8.03334866099	145.891964512
20	"1"	"1"	7	FALSE	-15	90	100	0	0	3.42901103761e-14	560	0.436700105667	-38	200	15.0586276215	203.020288972
20	"1"	"1"	7	FALSE	-15	90	100	0	0	3.42901103761e-14	560	0.470724105835	-35	249	30.6385383104	249.574197325
20	"1"	"1"	7	FALSE	-15	90	100	0	0	3.42901103761e-14	560	0.504049062729	-31	305	48.9961081413	302.630767416
20	"1"	"1"	7	FALSE	-15	90	100	0	0	3.42901103761e-14	560	0.536936044693	-30	360	64.1970814482	355.497868817
20	"1"	"1"	7	FALSE	-15	90	100	0	0	3.42901103761e-14	560	0.570926904678	-36	435	77.8129548732	429.495220059
20	"1"	"1"	7	FALSE	-15	90	100	0	0	3.42901103761e-14	560	0.604213953018	-43	474	81.1454168482	468.9780606
20	"1"	"1"	7	FALSE	-15	90	100	0	0	3.42901103761e-14	560	0.637206077576	-47	496	82.9757325353	491.263704959
20	"1"	"1"	7	FALSE	-15	90	100	0	0	3.42901103761e-14	560	0.670748949051	-51	502	80.6649435007	498.094536097
20	"1"	"1"	7	FALSE	-15	90	100	0	0	3.42901103761e-14	560	0.704277038574	-56	503	76.0941334144	500.354557149
20	"1"	"1"	7	FALSE	-15	90	100	0	0	3.42901103761e-14	560	0.736973047256	-66	506	67.2113322868	505.840525079
20	"1"	"1"	7	FALSE	-15	90	100	0	0	3.42901103761e-14	560	0.770867109299	-76	511	58.8461692494	513.258344662
20	"1"	"1"	7	FALSE	-15	90	100	0	0	3.42901103761e-14	560	0.804352045059	-85	514	50.9292939481	518.485493546
20	"1"	"1"	7	FALSE	-15	90	100	0	0	3.42901103761e-14	560	0.837646961212	-93	520	44.7548016084	526.351600865
20	"1"	"1"	7	FALSE	-15	90	100	0	0	3.42901103761e-14	560	0.870997905731	-101	529	39.356766404	537.115485662
20	"1"	"1"	7	FALSE	-15	90	100	0	0	3.42901103761e-14	560	0.904402971268	-109	534	32.9234550192	544.015667155
20	"1"	"1"	7	FALSE	-15	90	100	0	0	3.42901103761e-14	560	0.937772035599	-118	540	25.7830368533	552.140593518
20	"1"	"1"	7	FALSE	-15	90	100	0	0	3.42901103761e-14	560	0.970944881439	-128	546	17.676692861	560.524338927
20	"1"	"1"	7	FALSE	-15	90	100	0	0	3.42901103761e-14	560	1.00451803207	-138	549	8.79389173339	566.010306857
20	"1"	"1"	7	FALSE	-15	90	100	0	0	3.42901103761e-14	560	1.03777694702	-146	549	1.06648512308	568.080859218
20	"1"	"1"	7	FALSE	-15	90	100	0	0	3.42901103761e-14	560	1.07116508484	-150	550	-2.53839913697	570.082061224
20	"1"	"1"	8	FALSE	-15	45	100	0	0	395.979797464	395.979797464	0.00224494934082	2	4	2.96712783299	3.34606521495
20	"1"	"1"	8	FALSE	-15	45	100	0	0	395.979797464	395.979797464	0.037563085556	2	4	2.96712783299	3.34606521495
20	"1"	"1"	8	FALSE	-15	45	100	0	0	395.979797464	395.979797464	0.0709450244904	2	4	2.96712783299	3.34606521495
20	"1"	"1"	8	FALSE	-15	45	100	0	0	395.979797464	395.979797464	0.103693008423	2	4	2.96712783299	3.34606521495
20	"1"	"1"	8	FALSE	-15	45	100	0	0	395.979797464	395.979797464	0.137453079224	2	4	2.96712783299	3.34606521495
20	"1"	"1"	8	FALSE	-15	45	100	0	0	395.979797464	395.979797464	0.171100139618	2	4	2.96712783299	3.34606521495
20	"1"	"1"	8	FALSE	-15	45	100	0	0	395.979797464	395.979797464	0.204272031784	2	4	2.96712783299	3.34606521495
20	"1"	"1"	8	FALSE	-15	45	100	0	0	395.979797464	395.979797464	0.237249135971	2	4	2.96712783299	3.34606521495
20	"1"	"1"	8	FALSE	-15	45	100	0	0	395.979797464	395.979797464	0.271171092987	2	4	2.96712783299	3.34606521495
20	"1"	"1"	8	FALSE	-15	45	100	0	0	395.979797464	395.979797464	0.304511070251	2	4	2.96712783299	3.34606521495
20	"1"	"1"	8	FALSE	-15	45	100	0	0	395.979797464	395.979797464	0.337686061859	2	5	3.22594687809	4.31199104124
20	"1"	"1"	8	FALSE	-15	45	100	0	0	395.979797464	395.979797464	0.370738983154	2	25	8.40232778014	23.630507567
20	"1"	"1"	8	FALSE	-15	45	100	0	0	395.979797464	395.979797464	0.403854131699	7	67	24.1023568059	62.9052970456
20	"1"	"1"	8	FALSE	-15	45	100	0	0	395.979797464	395.979797464	0.437853097916	24	114	52.6875909726	103.903887114
20	"1"	"1"	8	FALSE	-15	45	100	0	0	395.979797464	395.979797464	0.471068143845	47	146	83.1860944206	128.860675518
20	"1"	"1"	8	FALSE	-15	45	100	0	0	395.979797464	395.979797464	0.504354953766	72	177	115.357630476	152.333900006
20	"1"	"1"	8	FALSE	-15	45	100	0	0	395.979797464	395.979797464	0.537304162979	116	219	168.728766727	181.514746725
20	"1"	"1"	8	FALSE	-15	45	100	0	0	395.979797464	395.979797464	0.571341991425	164	257	224.928330103	205.796613959
20	"1"	"1"	8	FALSE	-15	45	100	0	0	395.979797464	395.979797464	0.60474395752	203	291	271.399284862	228.544149294
20	"1"	"1"	8	FALSE	-15	45	100	0	0	395.979797464	395.979797464	0.637531995773	223	318	297.705915605	249.447765702
20	"1"	"1"	8	FALSE	-15	45	100	0	0	395.979797464	395.979797464	0.671415090561	236	343	316.733427474	270.231263773
20	"1"	"1"	8	FALSE	-15	45	100	0	0	395.979797464	395.979797464	0.70463013649	242	362	327.446544289	287.030940202
20	"1"	"1"	8	FALSE	-15	45	100	0	0	395.979797464	395.979797464	0.738041162491	244	373	332.225405438	297.138486201
20	"1"	"1"	8	FALSE	-15	45	100	0	0	395.979797464	395.979797464	0.771352052689	248	385	339.194937284	307.694319936
20	"1"	"1"	8	FALSE	-15	45	100	0	0	395.979797464	395.979797464	0.80442905426	253	398	347.389214002	318.957260452
20	"1"	"1"	8	FALSE	-15	45	100	0	0	395.979797464	395.979797464	0.837788105011	261	411	358.481268199	329.443743833
20	"1"	"1"	8	FALSE	-15	45	100	0	0	395.979797464	395.979797464	0.871551036835	273	427	374.213482836	341.792728512
20	"1"	"1"	8	FALSE	-15	45	100	0	0	395.979797464	395.979797464	0.904905080795	288	442	392.584655907	352.39933023
20	"1"	"1"	8	FALSE	-15	45	100	0	0	395.979797464	395.979797464	0.937893152237	294	455	401.744858451	363.403451701
20	"1"	"1"	8	FALSE	-15	45	100	0	0	395.979797464	395.979797464	0.971630096436	300	462	409.352146724	368.612018215
20	"1"	"1"	8	FALSE	-15	45	100	0	0	395.979797464	395.979797464	1.00481104851	309	470	420.116031522	374.010053419
20	"1"	"1"	8	FALSE	-15	45	100	0	0	395.979797464	395.979797464	1.03794813156	310	478	423.152509709	381.478640984
20	"1"	"1"	8	FALSE	-15	45	100	0	0	395.979797464	395.979797464	1.0717279911	311	485	425.930168851	387.981302723
20	"1"	"1"	8	FALSE	-15	45	100	0	0	395.979797464	395.979797464	1.10499095917	312	491	428.449008948	393.518038636
20	"1"	"1"	8	FALSE	-15	45	100	0	0	395.979797464	395.979797464	1.13851809502	308	495	425.620581823	398.417018122
20	"1"	"1"	8	FALSE	-15	45	100	0	0	395.979797464	395.979797464	1.17183709145	303	498	421.567409827	402.608890826
20	"1"	"1"	8	FALSE	-15	45	100	0	0	395.979797464	395.979797464	1.20512008667	299	499	417.962525567	404.610092833
20	"1"	"1"	8	FALSE	-15	45	100	0	0	395.979797464	395.979797464	1.23845005035	289	497	407.785629213	405.266431631
20	"1"	"1"	8	FALSE	-15	45	100	0	0	395.979797464	395.979797464	1.2715511322	284	494	402.179542947	403.662749378
20	"1"	"1"	8	FALSE	-15	45	100	0	0	395.979797464	395.979797464	1.3051879406	282	493	399.988872249	403.214461642
20	"1"	"1"	8	FALSE	-15	45	100	0	0	395.979797464	395.979797464	1.3385989666	278	490	395.348711809	401.351960343
20	"1"	"1"	8	FALSE	-15	45	100	0	0	395.979797464	395.979797464	1.37192702293	277	489	394.123966937	400.644853562
20	"1"	"1"	9	FALSE	-15	135	100	0	0	-395.979797464	395.979797464	0.00228095054626	-11	-5	-11.9192793147	-1.98261963532
20	"1"	"1"	9	FALSE	-15	135	100	0	0	-395.979797464	395.979797464	0.0338139533997	-8	-6	-9.28032088093	-3.72500259691
20	"1"	"1"	9	FALSE	-15	135	100	0	0	-395.979797464	395.979797464	0.0669379234314	-4	-5	-5.15779853067	-3.79435295104
20	"1"	"1"	9	FALSE	-15	135	100	0	0	-395.979797464	395.979797464	0.100513935089	5	-7	3.01789581573	-8.05557600954
20	"1"	"1"	9	FALSE	-15	135	100	0	0	-395.979797464	395.979797464	0.133750915527	11	-10	8.03699363815	-12.506267759
20	"1"	"1"	9	FALSE	-15	135	100	0	0	-395.979797464	395.979797464	0.167211055756	12	-10	9.00291946444	-12.7650868041
20	"1"	"1"	9	FALSE	-15	135	100	0	0	-395.979797464	395.979797464	0.200651884079	12	-10	9.00291946444	-12.7650868041
20	"1"	"1"	9	FALSE	-15	135	100	0	0	-395.979797464	395.979797464	0.233808994293	12	-10	9.00291946444	-12.7650868041
20	"1"	"1"	9	FALSE	-15	135	100	0	0	-395.979797464	395.979797464	0.267220973969	12	-10	9.00291946444	-12.7650868041
20	"1"	"1"	9	FALSE	-15	135	100	0	0	-395.979797464	395.979797464	0.299867868423	12	-10	9.00291946444	-12.7650868041
20	"1"	"1"	9	FALSE	-15	135	100	0	0	-395.979797464	395.979797464	0.33397102356	10	-6	8.10634399228	-8.38374540876
20	"1"	"1"	9	FALSE	-15	135	100	0	0	-395.979797464	395.979797464	0.367271900177	0	22	5.69401899226	21.2503681784
20	"1"	"1"	9	FALSE	-15	135	100	0	0	-395.979797464	395.979797464	0.4005818367	-17	60	-0.891596340763	62.3554733441
20	"1"	"1"	9	FALSE	-15	135	100	0	0	-395.979797464	395.979797464	0.434056997299	-47	86	-23.1400759568	95.2341161807
20	"1"	"1"	9	FALSE	-15	135	100	0	0	-395.979797464	395.979797464	0.467246055603	-89	126	-53.3561988568	144.741549127
20	"1"	"1"	9	FALSE	-15	135	100	0	0	-395.979797464	395.979797464	0.500550985336	-130	163	-83.3828530659	191.092385548
20	"1"	"1"	9	FALSE	-15	135	100	0	0	-395.979797464	395.979797464	0.53337597847	-172	201	-114.116614056	238.667966842
20	"1"	"1"	9	FALSE	-15	135	100	0	0	-395.979797464	395.979797464	0.567496061325	-210	222	-145.386595508	268.787532908
20	"1"	"1"	9	FALSE	-15	135	100	0	0	-395.979797464	395.979797464	0.600882053375	-238	233	-169.585509148	286.65965026
20	"1"	"1"	9	FALSE	-15	135	100	0	0	-395.979797464	395.979797464	0.634147882462	-271	240	-199.6493281	301.962159532
20	"1"	"1"	9	FALSE	-15	135	100	0	0	-395.979797464	395.979797464	0.667070865631	-307	251	-231.57564835	321.904829245
20	"1"	"1"	9	FALSE	-15	135	100	0	0	-395.979797464	395.979797464	0.700742959976	-350	266	-269.228173204	347.522935579
20	"1"	"1"	9	FALSE	-15	135	100	0	0	-395.979797464	395.979797464	0.734173059464	-383	273	-299.291992156	362.825444851
20	"1"	"1"	9	FALSE	-15	135	100	0	0	-395.979797464	395.979797464	0.767109870911	-414	279	-327.6827785	376.644390207
20	"1"	"1"	9	FALSE	-15	135	100	0	0	-395.979797464	395.979797464	0.800966024399	-432	284	-343.775348148	386.13276215
20	"1"	"1"	9	FALSE	-15	135	100	0	0	-395.979797464	395.979797464	0.834363937378	-442	285	-353.175787366	389.686878428
20	"1"	"1"	9	FALSE	-15	135	100	0	0	-395.979797464	395.979797464	0.867483854294	-448	285	-358.971342323	391.239792698
20	"1"	"1"	9	FALSE	-15	135	100	0	0	-395.979797464	395.979797464	0.900892972946	-453	285	-363.800971455	392.533887924
20	"1"	"1"	9	FALSE	-15	135	100	0	0	-395.979797464	395.979797464	0.934453010559	-453	286	-363.54215241	393.49981375
20	"1"	"1"	9	FALSE	-15	135	100	0	0	-395.979797464	395.979797464	0.967435836792	-453	286	-363.54215241	393.49981375
20	"1"	"1"	9	FALSE	-15	135	100	0	0	-395.979797464	395.979797464	1.00133395195	-458	288	-367.854143451	396.725760628
20	"1"	"1"	9	FALSE	-15	135	100	0	0	-395.979797464	395.979797464	1.03438901901	-463	289	-372.424953537	398.98578168
20	"1"	"1"	9	FALSE	-15	135	100	0	0	-395.979797464	395.979797464	1.06783795357	-469	290	-377.96168945	401.504621777
20	"1"	"1"	9	FALSE	-15	135	100	0	0	-395.979797464	395.979797464	1.10113286972	-479	287	-388.397404848	401.195034749
20	"1"	"1"	9	FALSE	-15	135	100	0	0	-395.979797464	395.979797464	1.13442897797	-487	286	-396.383630503	402.299661284
20	"1"	"1"	9	FALSE	-15	135	100	0	0	-395.979797464	395.979797464	1.16729283333	-491	287	-399.988514764	404.30086329
20	"1"	"1"	9	FALSE	-15	135	100	0	0	-395.979797464	395.979797464	1.20128703117	-493	287	-401.920366416	404.818501381
20	"1"	"1"	9	FALSE	-15	135	100	0	0	-395.979797464	395.979797464	1.23466396332	-494	286	-403.145111287	404.111394599
20	"1"	"1"	10	FALSE	-15	135	100	0	0	-395.979797464	395.979797464	0.00198698043823	-1	2	-0.448287736084	2.19067069768
20	"1"	"1"	10	FALSE	-15	135	100	0	0	-395.979797464	395.979797464	0.0374228954315	-1	2	-0.448287736084	2.19067069768
20	"1"	"1"	10	FALSE	-15	135	100	0	0	-395.979797464	395.979797464	0.0708129405975	-1	2	-0.448287736084	2.19067069768
20	"1"	"1"	10	FALSE	-15	135	100	0	0	-395.979797464	395.979797464	0.103782892227	-1	2	-0.448287736084	2.19067069768
20	"1"	"1"	10	FALSE	-15	135	100	0	0	-395.979797464	395.979797464	0.13743686676	-1	2	-0.448287736084	2.19067069768
20	"1"	"1"	10	FALSE	-15	135	100	0	0	-395.979797464	395.979797464	0.170816898346	-1	2	-0.448287736084	2.19067069768
20	"1"	"1"	10	FALSE	-15	135	100	0	0	-395.979797464	395.979797464	0.203558921814	-1	2	-0.448287736084	2.19067069768
20	"1"	"1"	10	FALSE	-15	135	100	0	0	-395.979797464	395.979797464	0.237567901611	-1	2	-0.448287736084	2.19067069768
20	"1"	"1"	10	FALSE	-15	135	100	0	0	-395.979797464	395.979797464	0.270927906036	-1	2	-0.448287736084	2.19067069768
20	"1"	"1"	10	FALSE	-15	135	100	0	0	-395.979797464	395.979797464	0.303750991821	-1	4	0.069350354121	4.12252235026
20	"1"	"1"	10	FALSE	-15	135	100	0	0	-395.979797464	395.979797464	0.337671995163	-1	18	3.69281698556	17.6454839183
20	"1"	"1"	10	FALSE	-15	135	100	0	0	-395.979797464	395.979797464	0.371064901352	-5	44	6.55840885307	43.7948315822
20	"1"	"1"	10	FALSE	-15	135	100	0	0	-395.979797464	395.979797464	0.40375494957	-22	73	-2.35657788588	76.2066043114
20	"1"	"1"	10	FALSE	-15	135	100	0	0	-395.979797464	395.979797464	0.437848806381	-55	100	-27.2440159356	110.82763011
20	"1"	"1"	10	FALSE	-15	135	100	0	0	-395.979797464	395.979797464	0.471208810806	-97	126	-61.0836054671	146.812101487
20	"1"	"1"	10	FALSE	-15	135	100	0	0	-395.979797464	395.979797464	0.504148960114	-148	167	-99.7342417587	199.614831665
20	"1"	"1"	10	FALSE	-15	135	100	0	0	-395.979797464	395.979797464	0.537915945053	-196	196	-138.592929113	240.049994793
20	"1"	"1"	10	FALSE	-15	135	100	0	0	-395.979797464	395.979797464	0.571278810501	-236	213	-172.830038397	266.823495644
20	"1"	"1"	10	FALSE	-15	135	100	0	0	-395.979797464	395.979797464	0.603935956955	-267	229	-198.632634291	290.301699263
20	"1"	"1"	10	FALSE	-15	135	100	0	0	-395.979797464	395.979797464	0.638000965118	-305	251	-229.643796697	321.387191155
20	"1"	"1"	10	FALSE	-15	135	100	0	0	-395.979797464	395.979797464	0.671356916428	-345	263	-265.175001208	343.331062874
20	"1"	"1"	10	FALSE	-15	135	100	0	0	-395.979797464	395.979797464	0.704666852951	-373	275	-289.115095803	362.169106053
20	"1"	"1"	10	FALSE	-15	135	100	0	0	-395.979797464	395.979797464	0.738065004349	-398	284	-310.933870054	377.332914617
20	"1"	"1"	10	FALSE	-15	135	100	0	0	-395.979797464	395.979797464	0.770987033844	-418	282	-330.77002467	380.577443866
20	"1"	"1"	10	FALSE	-15	135	100	0	0	-395.979797464	395.979797464	0.804774999619	-430	277	-343.655229811	378.853643276
20	"1"	"1"	10	FALSE	-15	135	100	0	0	-395.979797464	395.979797464	0.837442874908	-436	276	-349.709603814	379.44063172
20	"1"	"1"	10	FALSE	-15	135	100	0	0	-395.979797464	395.979797464	0.871493816376	-438	276	-351.641455466	379.958269811
20	"1"	"1"	10	FALSE	-15	135	100	0	0	-395.979797464	395.979797464	0.90477180481	-442	275	-355.763977817	380.027620165
20	"1"	"1"	10	FALSE	-15	135	100	0	0	-395.979797464	395.979797464	0.937600851059	-446	275	-359.627681122	381.062896345
20	"1"	"1"	10	FALSE	-15	135	100	0	0	-395.979797464	395.979797464	0.971576929092	-454	275	-367.355087732	383.133448706
20	"1"	"1"	10	FALSE	-15	135	100	0	0	-395.979797464	395.979797464	1.00477695465	-467	271	-380.947399654	382.634392987
20	"1"	"1"	10	FALSE	-15	135	100	0	0	-395.979797464	395.979797464	1.03816199303	-480	270	-393.763254441	385.033114747
20	"1"	"1"	10	FALSE	-15	135	100	0	0	-395.979797464	395.979797464	1.07159399986	-489	271	-402.197767833	388.328411979
20	"1"	"1"	11	FALSE	-15	45	100	0	0	395.979797464	395.979797464	0.00186395645142	-3	-9	-5.22714888479	-7.91687530129
20	"1"	"1"	11	FALSE	-15	45	100	0	0	395.979797464	395.979797464	0.0372920036316	-2	-8	-4.0024040134	-7.20976852011
20	"1"	"1"	11	FALSE	-15	45	100	0	0	395.979797464	395.979797464	0.070748090744	-2	-8	-4.0024040134	-7.20976852011
20	"1"	"1"	11	FALSE	-15	45	100	0	0	395.979797464	395.979797464	0.103764057159	-2	-8	-4.0024040134	-7.20976852011
20	"1"	"1"	11	FALSE	-15	45	100	0	0	395.979797464	395.979797464	0.137260913849	-2	-8	-4.0024040134	-7.20976852011
20	"1"	"1"	11	FALSE	-15	45	100	0	0	395.979797464	395.979797464	0.170722007751	-2	-8	-4.0024040134	-7.20976852011
20	"1"	"1"	11	FALSE	-15	45	100	0	0	395.979797464	395.979797464	0.204006910324	-2	-8	-4.0024040134	-7.20976852011
20	"1"	"1"	11	FALSE	-15	45	100	0	0	395.979797464	395.979797464	0.237476110458	-2	-8	-4.0024040134	-7.20976852011
20	"1"	"1"	11	FALSE	-15	45	100	0	0	395.979797464	395.979797464	0.270812034607	-2	-8	-4.0024040134	-7.20976852011
20	"1"	"1"	11	FALSE	-15	45	100	0	0	395.979797464	395.979797464	0.303719997406	-2	-8	-4.0024040134	-7.20976852011
20	"1"	"1"	11	FALSE	-15	45	100	0	0	395.979797464	395.979797464	0.337470054626	-2	-8	-4.0024040134	-7.20976852011
20	"1"	"1"	11	FALSE	-15	45	100	0	0	395.979797464	395.979797464	0.370743989944	-2	-6	-3.48476592319	-5.27791686753
20	"1"	"1"	11	FALSE	-15	45	100	0	0	395.979797464	395.979797464	0.404227018356	-1	6	0.586988444326	6.05437400284
20	"1"	"1"	11	FALSE	-15	45	100	0	0	395.979797464	395.979797464	0.437581062317	6	31	13.8189453559	28.3907863443
20	"1"	"1"	11	FALSE	-15	45	100	0	0	395.979797464	395.979797464	0.470920085907	19	72	36.9875619469	64.6290976359
20	"1"	"1"	11	FALSE	-15	45	100	0	0	395.979797464	395.979797464	0.504076957703	33	125	64.2279329054	112.199699798
20	"1"	"1"	11	FALSE	-15	45	100	0	0	395.979797464	395.979797464	0.537702083588	47	179	91.7271229089	160.736227786
20	"1"	"1"	11	FALSE	-15	45	100	0	0	395.979797464	395.979797464	0.571002960205	70	235	128.437283439	208.875236021
20	"1"	"1"	11	FALSE	-15	45	100	0	0	395.979797464	395.979797464	0.604383945465	100	274	167.509000987	238.781771893
20	"1"	"1"	11	FALSE	-15	45	100	0	0	395.979797464	395.979797464	0.637712955475	144	329	224.244784824	280.519654354
20	"1"	"1"	11	FALSE	-15	45	100	0	0	395.979797464	395.979797464	0.671159982681	170	355	256.088151481	298.904430665
20	"1"	"1"	11	FALSE	-15	45	100	0	0	395.979797464	395.979797464	0.7044069767	190	377	281.100686999	314.978417941
20	"1"	"1"	11	FALSE	-15	45	100	0	0	395.979797464	395.979797464	0.737844944	210	397	305.595584426	329.120553565
20	"1"	"1"	11	FALSE	-15	45	100	0	0	395.979797464	395.979797464	0.771245002747	220	406	317.584214095	335.225695551
20	"1"	"1"	11	FALSE	-15	45	100	0	0	395.979797464	395.979797464	0.804584026337	228	415	327.640992111	341.848475627
20	"1"	"1"	11	FALSE	-15	45	100	0	0	395.979797464	395.979797464	0.837789058685	240	423	341.302654388	346.470053696
20	"1"	"1"	11	FALSE	-15	45	100	0	0	395.979797464	395.979797464	0.871180057526	267	441	372.041394509	356.868604351
20	"1"	"1"	11	FALSE	-15	45	100	0	0	395.979797464	395.979797464	0.904578924179	289	454	396.656410274	363.731621101
20	"1"	"1"	11	FALSE	-15	45	100	0	0	395.979797464	395.979797464	0.937988042831	305	464	414.699413946	369.249774642
20	"1"	"1"	11	FALSE	-15	45	100	0	0	395.979797464	395.979797464	0.971331119537	312	471	423.272628045	374.19952211
20	"1"	"1"	11	FALSE	-15	45	100	0	0	395.979797464	395.979797464	1.0047249794	312	474	424.049085181	377.097299589
20	"1"	"1"	11	FALSE	-15	45	100	0	0	395.979797464	395.979797464	1.0380589962	312	476	424.566723271	379.029151242
20	"1"	"1"	11	FALSE	-15	45	100	0	0	395.979797464	395.979797464	1.07120513916	312	476	424.566723271	379.029151242
20	"1"	"1"	11	FALSE	-15	45	100	0	0	395.979797464	395.979797464	1.10463905334	312	476	424.566723271	379.029151242
20	"1"	"1"	11	FALSE	-15	45	100	0	0	395.979797464	395.979797464	1.13801908493	309	477	421.927764837	380.771534203
20	"1"	"1"	11	FALSE	-15	45	100	0	0	395.979797464	395.979797464	1.17144107819	304	479	417.615773796	383.997481081
20	"1"	"1"	11	FALSE	-15	45	100	0	0	395.979797464	395.979797464	1.20489001274	297	481	411.371931102	387.74106605
20	"1"	"1"	11	FALSE	-15	45	100	0	0	395.979797464	395.979797464	1.23821401596	293	484	408.284684932	391.674119709
20	"1"	"1"	11	FALSE	-15	45	100	0	0	395.979797464	395.979797464	1.27155804634	290	485	405.645726499	393.41650267
20	"1"	"1"	11	FALSE	-15	45	100	0	0	395.979797464	395.979797464	1.30485296249	287	485	402.74794902	394.192959806
20	"1"	"1"	11	FALSE	-15	45	100	0	0	395.979797464	395.979797464	1.33815908432	286	484	401.523204148	393.485853025
20	"1"	"1"	11	FALSE	-15	45	100	0	0	395.979797464	395.979797464	1.37165093422	284	484	399.591352496	394.003491115
20	"1"	"1"	12	FALSE	-15	90	100	0	0	3.42901103761e-14	560	0.00210213661194	0	2	0.517638090205	1.93185165258
20	"1"	"1"	12	FALSE	-15	90	100	0	0	3.42901103761e-14	560	0.0375690460205	0	2	0.517638090205	1.93185165258
20	"1"	"1"	12	FALSE	-15	90	100	0	0	3.42901103761e-14	560	0.0710380077362	0	2	0.517638090205	1.93185165258
20	"1"	"1"	12	FALSE	-15	90	100	0	0	3.42901103761e-14	560	0.104171991348	0	2	0.517638090205	1.93185165258
20	"1"	"1"	12	FALSE	-15	90	100	0	0	3.42901103761e-14	560	0.13764500618	0	2	0.517638090205	1.93185165258
20	"1"	"1"	12	FALSE	-15	90	100	0	0	3.42901103761e-14	560	0.170587062836	0	2	0.517638090205	1.93185165258
20	"1"	"1"	12	FALSE	-15	90	100	0	0	3.42901103761e-14	560	0.20436501503	0	2	0.517638090205	1.93185165258
20	"1"	"1"	12	FALSE	-15	90	100	0	0	3.42901103761e-14	560	0.237733125687	0	2	0.517638090205	1.93185165258
20	"1"	"1"	12	FALSE	-15	90	100	0	0	3.42901103761e-14	560	0.270925998688	0	2	0.517638090205	1.93185165258
20	"1"	"1"	12	FALSE	-15	90	100	0	0	3.42901103761e-14	560	0.303789138794	0	2	0.517638090205	1.93185165258
20	"1"	"1"	12	FALSE	-15	90	100	0	0	3.42901103761e-14	560	0.337847948074	0	2	0.517638090205	1.93185165258
20	"1"	"1"	12	FALSE	-15	90	100	0	0	3.42901103761e-14	560	0.37109208107	0	2	0.517638090205	1.93185165258
20	"1"	"1"	12	FALSE	-15	90	100	0	0	3.42901103761e-14	560	0.40394616127	0	2	0.517638090205	1.93185165258
20	"1"	"1"	12	FALSE	-15	90	100	0	0	3.42901103761e-14	560	0.437736988068	-1	2	-0.448287736084	2.19067069768
20	"1"	"1"	12	FALSE	-15	90	100	0	0	3.42901103761e-14	560	0.471120119095	-7	17	-2.36155701728	18.2324723626
20	"1"	"1"	12	FALSE	-15	90	100	0	0	3.42901103761e-14	560	0.50452709198	-19	71	0.0235615027866	73.4982955235
20	"1"	"1"	12	FALSE	-15	90	100	0	0	3.42901103761e-14	560	0.537769079208	-32	133	3.51330655739	136.75034434
20	"1"	"1"	12	FALSE	-15	90	100	0	0	3.42901103761e-14	560	0.57136797905	-41	183	7.76092637591	187.37600706
20	"1"	"1"	12	FALSE	-15	90	100	0	0	3.42901103761e-14	560	0.604611158371	-42	263	27.5005241578	264.908892208
20	"1"	"1"	12	FALSE	-15	90	100	0	0	3.42901103761e-14	560	0.63804602623	-42	336	46.3943144503	335.421477527
20	"1"	"1"	12	FALSE	-15	90	100	0	0	3.42901103761e-14	560	0.671370029449	-44	400	61.0268816843	397.7583685
20	"1"	"1"	12	FALSE	-15	90	100	0	0	3.42901103761e-14	560	0.704775094986	-43	439	72.0867502696	435.17065668
20	"1"	"1"	12	FALSE	-15	90	100	0	0	3.42901103761e-14	560	0.738183021545	-41	462	79.9714399595	456.869312595
20	"1"	"1"	12	FALSE	-15	90	100	0	0	3.42901103761e-14	560	0.77151799202	-45	476	79.7312032858	471.427550343
20	"1"	"1"	12	FALSE	-15	90	100	0	0	3.42901103761e-14	560	0.804245948792	-56	495	74.0235810536	492.627150539
20	"1"	"1"	12	FALSE	-15	90	100	0	0	3.42901103761e-14	560	0.838266134262	-73	529	66.4026895401	529.868552399
20	"1"	"1"	12	FALSE	-15	90	100	0	0	3.42901103761e-14	560	0.87161898613	-86	549	59.0220347004	552.551716512
20	"1"	"1"	12	FALSE	-15	90	100	0	0	3.42901103761e-14	560	0.904536008835	-94	560	54.1416375862	565.247452962
20	"1"	"1"	12	FALSE	-15	90	100	0	0	3.42901103761e-14	560	0.938301086426	-99	569	51.6413798607	575.234880624
20	"1"	"1"	12	FALSE	-15	90	100	0	0	3.42901103761e-14	560	0.971644163132	-103	572	48.5541336909	579.167934283
20	"1"	"1"	12	FALSE	-15	90	100	0	0	3.42901103761e-14	560	1.00487804413	-105	573	46.8811010834	580.651498199
20	"1"	"1"	12	FALSE	-15	90	100	0	0	3.42901103761e-14	560	1.03824114799	-107	573	44.9492494308	581.16913629
20	"1"	"1"	12	FALSE	-15	90	100	0	0	3.42901103761e-14	560	1.07108902931	-111	572	40.8267270806	581.238486644
20	"1"	"1"	12	FALSE	-15	90	100	0	0	3.42901103761e-14	560	1.10482096672	-121	566	29.614554547	578.031122137
20	"1"	"1"	12	FALSE	-15	90	100	0	0	3.42901103761e-14	560	1.13828897476	-125	561	24.4567560164	574.236769186
20	"1"	"1"	12	FALSE	-15	90	100	0	0	3.42901103761e-14	560	1.17175602913	-129	552	18.2636813053	566.57871293
20	"1"	"1"	12	FALSE	-15	90	100	0	0	3.42901103761e-14	560	1.20508098602	-134	542	10.8458617228	558.213549892
20	"1"	"1"	12	FALSE	-15	90	100	0	0	3.42901103761e-14	560	1.23831510544	-136	537	7.61991484474	553.901558851
20	"1"	"1"	12	FALSE	-15	90	100	0	0	3.42901103761e-14	560	1.27186012268	-135	538	8.84465971613	554.608665632
20	"1"	"1"	13	FALSE	-15	90	100	0	0	3.42901103761e-14	560	0.00226807594299	-1	-5	-2.2600210518	-4.57081008634
20	"1"	"1"	13	FALSE	-15	90	100	0	0	3.42901103761e-14	560	0.0373809337616	-1	-5	-2.2600210518	-4.57081008634
20	"1"	"1"	13	FALSE	-15	90	100	0	0	3.42901103761e-14	560	0.0706570148468	-1	-5	-2.2600210518	-4.57081008634
20	"1"	"1"	13	FALSE	-15	90	100	0	0	3.42901103761e-14	560	0.104048967361	-1	-5	-2.2600210518	-4.57081008634
20	"1"	"1"	13	FALSE	-15	90	100	0	0	3.42901103761e-14	560	0.137505054474	-1	-3	-1.7423829616	-2.63895843376
20	"1"	"1"	13	FALSE	-15	90	100	0	0	3.42901103761e-14	560	0.170783042908	-1	-3	-1.7423829616	-2.63895843376
20	"1"	"1"	13	FALSE	-15	90	100	0	0	3.42901103761e-14	560	0.204207897186	-1	-2	-1.48356391649	-1.67303260748
20	"1"	"1"	13	FALSE	-15	90	100	0	0	3.42901103761e-14	560	0.237576961517	0	1	0.258819045103	0.965925826289
20	"1"	"1"	13	FALSE	-15	90	100	0	0	3.42901103761e-14	560	0.270937919617	0	1	0.258819045103	0.965925826289
20	"1"	"1"	13	FALSE	-15	90	100	0	0	3.42901103761e-14	560	0.304227113724	0	1	0.258819045103	0.965925826289
20	"1"	"1"	13	FALSE	-15	90	100	0	0	3.42901103761e-14	560	0.337567090988	-1	0	-0.965925826289	0.258819045103
20	"1"	"1"	13	FALSE	-15	90	100	0	0	3.42901103761e-14	560	0.370973110199	-5	0	-4.82962913145	1.29409522551
20	"1"	"1"	13	FALSE	-15	90	100	0	0	3.42901103761e-14	560	0.404352903366	-13	8	-10.4864833809	11.0920541966
20	"1"	"1"	13	FALSE	-15	90	100	0	0	3.42901103761e-14	560	0.437519073486	-31	59	-14.6733769539	65.0130141492
20	"1"	"1"	13	FALSE	-15	90	100	0	0	3.42901103761e-14	560	0.471056938171	-43	127	-8.66479180241	133.801798878
20	"1"	"1"	13	FALSE	-15	90	100	0	0	3.42901103761e-14	560	0.504435062408	-53	205	1.8638354527	211.73220378
20	"1"	"1"	13	FALSE	-15	90	100	0	0	3.42901103761e-14	560	0.537719011307	-59	272	13.4091565168	278.002148412
20	"1"	"1"	13	FALSE	-15	90	100	0	0	3.42901103761e-14	560	0.571130037308	-65	345	26.5073918516	350.067648001
20	"1"	"1"	13	FALSE	-15	90	100	0	0	3.42901103761e-14	560	0.604391098022	-68	399	37.5858428082	403.004099756
20	"1"	"1"	13	FALSE	-15	90	100	0	0	3.42901103761e-14	560	0.637981891632	-72	446	45.8866346229	449.437889772
20	"1"	"1"	13	FALSE	-15	90	100	0	0	3.42901103761e-14	560	0.671236038208	-83	473	42.2495647515	478.364896578
20	"1"	"1"	13	FALSE	-15	90	100	0	0	3.42901103761e-14	560	0.704523086548	-92	506	42.0972608033	512.569820252
20	"1"	"1"	13	FALSE	-15	90	100	0	0	3.42901103761e-14	560	0.737972974777	-106	539	37.1153277236	548.068839151
20	"1"	"1"	13	FALSE	-15	90	100	0	0	3.42901103761e-14	560	0.771231889725	-113	553	33.977313571	563.403534034
20	"1"	"1"	13	FALSE	-15	90	100	0	0	3.42901103761e-14	560	0.804578065872	-121	561	28.3204593215	573.201493006
20	"1"	"1"	13	FALSE	-15	90	100	0	0	3.42901103761e-14	560	0.838062047958	-125	565	25.4920321968	578.100472491
20	"1"	"1"	13	FALSE	-15	90	100	0	0	3.42901103761e-14	560	0.871299982071	-127	567	24.0778186344	580.549962234
20	"1"	"1"	13	FALSE	-15	90	100	0	0	3.42901103761e-14	560	0.904723882675	-131	569	20.7317534195	583.517090067
20	"1"	"1"	13	FALSE	-15	90	100	0	0	3.42901103761e-14	560	0.938080072403	-133	569	18.7999017669	584.034728157
20	"1"	"1"	13	FALSE	-15	90	100	0	0	3.42901103761e-14	560	0.971472024918	-133	569	18.7999017669	584.034728157
20	"1"	"1"	13	FALSE	-15	90	100	0	0	3.42901103761e-14	560	1.00477290154	-138	562	12.1585393197	578.567342599
20	"1"	"1"	13	FALSE	-15	90	100	0	0	3.42901103761e-14	560	1.03821802139	-145	547	1.51477285916	565.89018852
20	"1"	"1"	13	FALSE	-15	90	100	0	0	3.42901103761e-14	560	1.07149410248	-150	537	-5.90304672331	557.525025483
20	"1"	"1"	13	FALSE	-15	90	100	0	0	3.42901103761e-14	560	1.1048541069	-150	534	-6.67950385861	554.627248004
20	"1"	"1"	14	FALSE	-15	135	100	0	0	-395.979797464	395.979797464	0.00205993652344	-2	-12	-5.03768019381	-11.0734718253
20	"1"	"1"	14	FALSE	-15	135	100	0	0	-395.979797464	395.979797464	0.0375530719757	-2	-12	-5.03768019381	-11.0734718253
20	"1"	"1"	14	FALSE	-15	135	100	0	0	-395.979797464	395.979797464	0.0707840919495	-2	-11	-4.77886114871	-10.107545999
20	"1"	"1"	14	FALSE	-15	135	100	0	0	-395.979797464	395.979797464	0.104224920273	-2	-11	-4.77886114871	-10.107545999
20	"1"	"1"	14	FALSE	-15	135	100	0	0	-395.979797464	395.979797464	0.137602090836	-2	-11	-4.77886114871	-10.107545999
20	"1"	"1"	14	FALSE	-15	135	100	0	0	-395.979797464	395.979797464	0.170566082001	-1	-8	-3.03647818711	-7.46858756521
20	"1"	"1"	14	FALSE	-15	135	100	0	0	-395.979797464	395.979797464	0.204236984253	0	-6	-1.55291427062	-5.79555495773
20	"1"	"1"	14	FALSE	-15	135	100	0	0	-395.979797464	395.979797464	0.237773895264	0	-6	-1.55291427062	-5.79555495773
20	"1"	"1"	14	FALSE	-15	135	100	0	0	-395.979797464	395.979797464	0.270987033844	0	-6	-1.55291427062	-5.79555495773
20	"1"	"1"	14	FALSE	-15	135	100	0	0	-395.979797464	395.979797464	0.304413080215	0	-6	-1.55291427062	-5.79555495773
20	"1"	"1"	14	FALSE	-15	135	100	0	0	-395.979797464	395.979797464	0.337686061859	-1	-6	-2.5188400969	-5.53673591263
20	"1"	"1"	14	FALSE	-15	135	100	0	0	-395.979797464	395.979797464	0.37036895752	-9	-5	-9.98742766211	-2.50025772552
20	"1"	"1"	14	FALSE	-15	135	100	0	0	-395.979797464	395.979797464	0.404382944107	-41	10	-37.0147684268	20.2708391121
20	"1"	"1"	14	FALSE	-15	135	100	0	0	-395.979797464	395.979797464	0.437746047974	-76	32	-65.1281533547	50.579873869
20	"1"	"1"	14	FALSE	-15	135	100	0	0	-395.979797464	395.979797464	0.470652103424	-127	85	-100.672961105	114.973713963
20	"1"	"1"	14	FALSE	-15	135	100	0	0	-395.979797464	395.979797464	0.504544019699	-175	146	-131.249439016	186.318503531
20	"1"	"1"	14	FALSE	-15	135	100	0	0	-395.979797464	395.979797464	0.537887096405	-215	201	-155.651424587	249.797185781
20	"1"	"1"	14	FALSE	-15	135	100	0	0	-395.979797464	395.979797464	0.570924043655	-252	241	-181.037918355	298.010523502
20	"1"	"1"	14	FALSE	-15	135	100	0	0	-395.979797464	395.979797464	0.60462808609	-286	258	-209.479472682	323.231110082
20	"1"	"1"	14	FALSE	-15	135	100	0	0	-395.979797464	395.979797464	0.637929916382	-328	269	-247.20134789	344.726694065
20	"1"	"1"	14	FALSE	-15	135	100	0	0	-395.979797464	395.979797464	0.671216011047	-361	278	-276.747528752	361.96105499
20	"1"	"1"	14	FALSE	-15	135	100	0	0	-395.979797464	395.979797464	0.704751968384	-396	284	-309.002018401	376.815276527
20	"1"	"1"	14	FALSE	-15	135	100	0	0	-395.979797464	395.979797464	0.738066911697	-421	291	-331.338430743	390.047233438
20	"1"	"1"	14	FALSE	-15	135	100	0	0	-395.979797464	395.979797464	0.771570920944	-434	294	-343.119009349	396.309658503
20	"1"	"1"	14	FALSE	-15	135	100	0	0	-395.979797464	395.979797464	0.804399013519	-445	293	-354.003012484	398.190742173
20	"1"	"1"	14	FALSE	-15	135	100	0	0	-395.979797464	395.979797464	0.838075876236	-452	292	-361.023312313	399.036549663
20	"1"	"1"	14	FALSE	-15	135	100	0	0	-395.979797464	395.979797464	0.871592998505	-457	292	-365.852941444	400.330644888
20	"1"	"1"	14	FALSE	-15	135	100	0	0	-395.979797464	395.979797464	0.904813051224	-460	292	-368.750718923	401.107102024
20	"1"	"1"	14	FALSE	-15	135	100	0	0	-395.979797464	395.979797464	0.93825507164	-466	293	-374.287454836	403.62594212
20	"1"	"1"	14	FALSE	-15	135	100	0	0	-395.979797464	395.979797464	0.971513986588	-473	295	-380.531297529	407.369527089
20	"1"	"1"	14	FALSE	-15	135	100	0	0	-395.979797464	395.979797464	1.00430488586	-474	296	-381.238404311	408.59427196
20	"1"	"1"	14	FALSE	-15	135	100	0	0	-395.979797464	395.979797464	1.03814792633	-474	295	-381.497223356	407.628346134
20	"1"	"1"	14	FALSE	-15	135	100	0	0	-395.979797464	395.979797464	1.07159090042	-473	294	-380.790116575	406.403601262
20	"1"	"1"	14	FALSE	-15	135	100	0	0	-395.979797464	395.979797464	1.10490202904	-473	293	-381.04893562	405.437675436
20	"1"	"1"	14	FALSE	-15	135	100	0	0	-395.979797464	395.979797464	1.13836598396	-473	292	-381.307754665	404.47174961
20	"1"	"1"	14	FALSE	-15	135	100	0	0	-395.979797464	395.979797464	1.17169094086	-475	290	-383.757244408	403.057536048
20	"1"	"1"	14	FALSE	-15	135	100	0	0	-395.979797464	395.979797464	1.20484209061	-477	288	-386.20673415	401.643322485
20	"1"	"1"	14	FALSE	-15	135	100	0	0	-395.979797464	395.979797464	1.2385020256	-477	286	-386.724372241	399.711470833
20	"1"	"1"	14	FALSE	-15	135	100	0	0	-395.979797464	395.979797464	1.27177405357	-479	284	-389.173861983	398.29725727
20	"1"	"1"	15	FALSE	-15	45	100	0	0	395.979797464	395.979797464	0.00195503234863	7	-3	5.98502364872	-4.70951079458
20	"1"	"1"	15	FALSE	-15	45	100	0	0	395.979797464	395.979797464	0.0374941825867	7	-3	5.98502364872	-4.70951079458
20	"1"	"1"	15	FALSE	-15	45	100	0	0	395.979797464	395.979797464	0.0707640647888	7	-3	5.98502364872	-4.70951079458
20	"1"	"1"	15	FALSE	-15	45	100	0	0	395.979797464	395.979797464	0.104142189026	7	-3	5.98502364872	-4.70951079458
20	"1"	"1"	15	FALSE	-15	45	100	0	0	395.979797464	395.979797464	0.136853218079	7	-3	5.98502364872	-4.70951079458
20	"1"	"1"	15	FALSE	-15	45	100	0	0	395.979797464	395.979797464	0.170899152756	7	-3	5.98502364872	-4.70951079458
20	"1"	"1"	15	FALSE	-15	45	100	0	0	395.979797464	395.979797464	0.204309225082	7	-3	5.98502364872	-4.70951079458
20	"1"	"1"	15	FALSE	-15	45	100	0	0	395.979797464	395.979797464	0.237418174744	7	-3	5.98502364872	-4.70951079458
20	"1"	"1"	15	FALSE	-15	45	100	0	0	395.979797464	395.979797464	0.270992994308	7	-3	5.98502364872	-4.70951079458
20	"1"	"1"	15	FALSE	-15	45	100	0	0	395.979797464	395.979797464	0.304350137711	7	-3	5.98502364872	-4.70951079458
20	"1"	"1"	15	FALSE	-15	45	100	0	0	395.979797464	395.979797464	0.337625026703	7	-2	6.24384269382	-3.7435849683
20	"1"	"1"	15	FALSE	-15	45	100	0	0	395.979797464	395.979797464	0.370812177658	9	7	10.5050657523	4.4321093781
20	"1"	"1"	15	FALSE	-15	45	100	0	0	395.979797464	395.979797464	0.40447306633	15	37	24.0651920631	31.8569698962
20	"1"	"1"	15	FALSE	-15	45	100	0	0	395.979797464	395.979797464	0.437806129456	24	80	43.8877434391	71.0624090207
20	"1"	"1"	15	FALSE	-15	45	100	0	0	395.979797464	395.979797464	0.471200227737	43	131	75.4401054389	115.407064304
20	"1"	"1"	15	FALSE	-15	45	100	0	0	395.979797464	395.979797464	0.504533052444	71	184	116.203437965	159.354199835
20	"1"	"1"	15	FALSE	-15	45	100	0	0	395.979797464	395.979797464	0.537875175476	108	237	165.660102929	200.971963959
20	"1"	"1"	15	FALSE	-15	45	100	0	0	395.979797464	395.979797464	0.57124710083	140	271	205.369576903	225.53123261
20	"1"	"1"	15	FALSE	-15	45	100	0	0	395.979797464	395.979797464	0.60426402092	171	303	243.595486961	248.417468653
20	"1"	"1"	15	FALSE	-15	45	100	0	0	395.979797464	395.979797464	0.637727022171	199	341	280.476533811	277.875716789
20	"1"	"1"	15	FALSE	-15	45	100	0	0	395.979797464	395.979797464	0.671213150024	216	365	303.108929941	296.658012853
20	"1"	"1"	15	FALSE	-15	45	100	0	0	395.979797464	395.979797464	0.704695224762	221	377	311.044387614	306.955027543
20	"1"	"1"	15	FALSE	-15	45	100	0	0	395.979797464	395.979797464	0.738117218018	221	383	312.597301884	312.750582501
20	"1"	"1"	15	FALSE	-15	45	100	0	0	395.979797464	395.979797464	0.77143907547	224	397	319.118545994	325.497086934
20	"1"	"1"	15	FALSE	-15	45	100	0	0	395.979797464	395.979797464	0.804682016373	233	409	330.917706972	334.758825443
20	"1"	"1"	15	FALSE	-15	45	100	0	0	395.979797464	395.979797464	0.838039159775	244	425	345.683995783	347.366629168
20	"1"	"1"	15	FALSE	-15	45	100	0	0	395.979797464	395.979797464	0.870801210403	267	449	374.11194687	364.596010961
20	"1"	"1"	15	FALSE	-15	45	100	0	0	395.979797464	395.979797464	0.904734134674	278	458	387.066502365	370.442333902
20	"1"	"1"	15	FALSE	-15	45	100	0	0	395.979797464	395.979797464	0.938194036484	287	467	398.089206208	376.806294933
20	"1"	"1"	15	FALSE	-15	45	100	0	0	395.979797464	395.979797464	0.971413135529	298	475	410.784942658	381.686692047
20	"1"	"1"	15	FALSE	-15	45	100	0	0	395.979797464	395.979797464	1.00425100327	305	481	419.099337712	385.670513689
20	"1"	"1"	15	FALSE	-15	45	100	0	0	395.979797464	395.979797464	1.03828716278	305	482	419.358156758	386.636439515
20	"1"	"1"	15	FALSE	-15	45	100	0	0	395.979797464	395.979797464	1.07168221474	304	484	418.909869021	388.827110213
20	"1"	"1"	15	FALSE	-15	45	100	0	0	395.979797464	395.979797464	1.10450601578	303	486	418.461581285	391.01778091
20	"1"	"1"	15	FALSE	-15	45	100	0	0	395.979797464	395.979797464	1.13830709457	300	487	415.822622852	392.760163872
20	"1"	"1"	15	FALSE	-15	45	100	0	0	395.979797464	395.979797464	1.17173504829	298	487	413.890771199	393.277801962
20	"1"	"1"	15	FALSE	-15	45	100	0	0	395.979797464	395.979797464	1.20453810692	298	487	413.890771199	393.277801962
20	"1"	"1"	15	FALSE	-15	45	100	0	0	395.979797464	395.979797464	1.23851799965	295	487	410.99299372	394.054259098
20	"1"	"1"	15	FALSE	-15	45	100	0	0	395.979797464	395.979797464	1.27186608315	287	482	401.971491884	391.295182327
20	"1"	"1"	15	FALSE	-15	45	100	0	0	395.979797464	395.979797464	1.30475711823	284	481	398.81489536	391.105713636
20	"1"	"1"	15	FALSE	-15	45	100	0	0	395.979797464	395.979797464	1.33834505081	282	481	396.883043708	391.623351726
20	"1"	"1"	15	FALSE	-15	45	100	0	0	395.979797464	395.979797464	1.37175822258	279	480	393.726447184	391.433883035
20	"1"	"1"	15	FALSE	-15	45	100	0	0	395.979797464	395.979797464	1.40504717827	276	480	390.828669705	392.21034017
20	"1"	"1"	16	FALSE	-15	45	100	0	0	395.979797464	395.979797464	0.00227403640747	-3	4	-1.86250129846	4.64016044046
20	"1"	"1"	16	FALSE	-15	45	100	0	0	395.979797464	395.979797464	0.0377411842346	-3	4	-1.86250129846	4.64016044046
20	"1"	"1"	16	FALSE	-15	45	100	0	0	395.979797464	395.979797464	0.071102142334	-3	4	-1.86250129846	4.64016044046
20	"1"	"1"	16	FALSE	-15	45	100	0	0	395.979797464	395.979797464	0.104423046112	-2	4	-0.896575472168	4.38134139536
20	"1"	"1"	16	FALSE	-15	45	100	0	0	395.979797464	395.979797464	0.137845039368	0	6	1.55291427062	5.79555495773
20	"1"	"1"	16	FALSE	-15	45	100	0	0	395.979797464	395.979797464	0.171068191528	1	7	2.77765914201	6.50266173892
20	"1"	"1"	16	FALSE	-15	45	100	0	0	395.979797464	395.979797464	0.204050064087	3	8	4.96832983969	6.950949475
20	"1"	"1"	16	FALSE	-15	45	100	0	0	395.979797464	395.979797464	0.237423181534	4	9	6.19307471108	7.65805625619
20	"1"	"1"	16	FALSE	-15	45	100	0	0	395.979797464	395.979797464	0.270755052567	4	9	6.19307471108	7.65805625619
20	"1"	"1"	16	FALSE	-15	45	100	0	0	395.979797464	395.979797464	0.304085016251	4	9	6.19307471108	7.65805625619
20	"1"	"1"	16	FALSE	-15	45	100	0	0	395.979797464	395.979797464	0.337451219559	4	9	6.19307471108	7.65805625619
20	"1"	"1"	16	FALSE	-15	45	100	0	0	395.979797464	395.979797464	0.370767116547	6	12	8.90138349896	10.0381956449
20	"1"	"1"	16	FALSE	-15	45	100	0	0	395.979797464	395.979797464	0.404178142548	10	20	14.8356391649	16.7303260748
20	"1"	"1"	16	FALSE	-15	45	100	0	0	395.979797464	395.979797464	0.437533140182	27	55	40.3150447904	46.1378062281
20	"1"	"1"	16	FALSE	-15	45	100	0	0	395.979797464	395.979797464	0.470944166183	45	91	67.0191952873	76.2523931627
20	"1"	"1"	16	FALSE	-15	45	100	0	0	395.979797464	395.979797464	0.504259109497	71	142	105.333038071	118.785315131
20	"1"	"1"	16	FALSE	-15	45	100	0	0	395.979797464	395.979797464	0.537584066391	104	215	156.102380631	180.756871961
20	"1"	"1"	16	FALSE	-15	45	100	0	0	395.979797464	395.979797464	0.571009159088	140	279	207.440129264	233.25863922
20	"1"	"1"	16	FALSE	-15	45	100	0	0	395.979797464	395.979797464	0.604381084442	176	329	255.154411266	272.237444911
20	"1"	"1"	16	FALSE	-15	45	100	0	0	395.979797464	395.979797464	0.637728214264	205	364	292.224926807	298.539096523
20	"1"	"1"	16	FALSE	-15	45	100	0	0	395.979797464	395.979797464	0.670939207077	233	397	327.811878431	323.167715528
20	"1"	"1"	16	FALSE	-15	45	100	0	0	395.979797464	395.979797464	0.704465150833	258	427	359.724595441	345.675014189
20	"1"	"1"	16	FALSE	-15	45	100	0	0	395.979797464	395.979797464	0.738201141357	269	441	373.973246162	356.350966261
20	"1"	"1"	16	FALSE	-15	45	100	0	0	395.979797464	395.979797464	0.771628141403	275	452	382.615810616	365.423236079
20	"1"	"1"	16	FALSE	-15	45	100	0	0	395.979797464	395.979797464	0.804958105087	278	462	388.101778546	374.306037207
20	"1"	"1"	16	FALSE	-15	45	100	0	0	395.979797464	395.979797464	0.838237047195	284	475	397.26198109	385.310158678
20	"1"	"1"	16	FALSE	-15	45	100	0	0	395.979797464	395.979797464	0.87096118927	289	486	404.938619717	394.641247542
20	"1"	"1"	16	FALSE	-15	45	100	0	0	395.979797464	395.979797464	0.904454231262	293	491	410.096418248	398.435600493
20	"1"	"1"	16	FALSE	-15	45	100	0	0	395.979797464	395.979797464	0.937925100327	295	494	412.804727036	400.815739882
20	"1"	"1"	16	FALSE	-15	45	100	0	0	395.979797464	395.979797464	0.971202135086	295	495	413.063546081	401.781665708
20	"1"	"1"	16	FALSE	-15	45	100	0	0	395.979797464	395.979797464	1.00461006165	295	494	412.804727036	400.815739882
20	"1"	"1"	16	FALSE	-15	45	100	0	0	395.979797464	395.979797464	1.03846907616	296	494	413.770652862	400.556920836
20	"1"	"1"	16	FALSE	-15	45	100	0	0	395.979797464	395.979797464	1.07180118561	296	494	413.770652862	400.556920836
20	"1"	"1"	16	FALSE	-15	45	100	0	0	395.979797464	395.979797464	1.10527205467	295	494	412.804727036	400.815739882
20	"1"	"1"	16	FALSE	-15	45	100	0	0	395.979797464	395.979797464	1.13861918449	293	492	410.355237293	399.401526319
20	"1"	"1"	16	FALSE	-15	45	100	0	0	395.979797464	395.979797464	1.17176008224	287	488	403.524406155	397.090737285
20	"1"	"1"	16	FALSE	-15	45	100	0	0	395.979797464	395.979797464	1.20528006554	282	484	397.659500843	394.521129205
20	"1"	"1"	16	FALSE	-15	45	100	0	0	395.979797464	395.979797464	1.23859715462	281	483	396.434755972	393.814022424
20	"1"	"1"	17	FALSE	-15	135	100	0	0	-395.979797464	395.979797464	0.00202298164368	-2	-1	-2.19067069768	-0.448287736084
20	"1"	"1"	17	FALSE	-15	135	100	0	0	-395.979797464	395.979797464	0.0378150939941	-2	-2	-2.44948974278	-1.41421356237
20	"1"	"1"	17	FALSE	-15	135	100	0	0	-395.979797464	395.979797464	0.0710420608521	-2	-2	-2.44948974278	-1.41421356237
20	"1"	"1"	17	FALSE	-15	135	100	0	0	-395.979797464	395.979797464	0.104369878769	-1	-2	-1.48356391649	-1.67303260748
20	"1"	"1"	17	FALSE	-15	135	100	0	0	-395.979797464	395.979797464	0.137649059296	0	-1	-0.258819045103	-0.965925826289
20	"1"	"1"	17	FALSE	-15	135	100	0	0	-395.979797464	395.979797464	0.17098402977	1	0	0.965925826289	-0.258819045103
20	"1"	"1"	17	FALSE	-15	135	100	0	0	-395.979797464	395.979797464	0.204523086548	2	1	2.19067069768	0.448287736084
20	"1"	"1"	17	FALSE	-15	135	100	0	0	-395.979797464	395.979797464	0.237722873688	2	1	2.19067069768	0.448287736084
20	"1"	"1"	17	FALSE	-15	135	100	0	0	-395.979797464	395.979797464	0.271048069	2	1	2.19067069768	0.448287736084
20	"1"	"1"	17	FALSE	-15	135	100	0	0	-395.979797464	395.979797464	0.304626941681	2	1	2.19067069768	0.448287736084
20	"1"	"1"	17	FALSE	-15	135	100	0	0	-395.979797464	395.979797464	0.337915897369	0	5	1.29409522551	4.82962913145
20	"1"	"1"	17	FALSE	-15	135	100	0	0	-395.979797464	395.979797464	0.371371030807	-14	38	-3.68783785415	40.3286480304
20	"1"	"1"	17	FALSE	-15	135	100	0	0	-395.979797464	395.979797464	0.404666900635	-34	78	-12.6535925758	84.142061984
20	"1"	"1"	17	FALSE	-15	135	100	0	0	-395.979797464	395.979797464	0.438061952591	-57	117	-24.7759438215	127.766007247
20	"1"	"1"	17	FALSE	-15	135	100	0	0	-395.979797464	395.979797464	0.471356868744	-91	166	-44.9352887053	183.896220268
20	"1"	"1"	17	FALSE	-15	135	100	0	0	-395.979797464	395.979797464	0.50469994545	-133	206	-75.1514116053	233.403653214
20	"1"	"1"	17	FALSE	-15	135	100	0	0	-395.979797464	395.979797464	0.538234949112	-177	225	-112.734586105	263.144281898
20	"1"	"1"	17	FALSE	-15	135	100	0	0	-395.979797464	395.979797464	0.571482896805	-230	245	-158.752273996	296.180207814
20	"1"	"1"	17	FALSE	-15	135	100	0	0	-395.979797464	395.979797464	0.604892969131	-278	262	-200.716789892	325.024261026
20	"1"	"1"	17	FALSE	-15	135	100	0	0	-395.979797464	395.979797464	0.638278961182	-318	279	-234.953899176	351.797761877
20	"1"	"1"	17	FALSE	-15	135	100	0	0	-395.979797464	395.979797464	0.671545982361	-348	288	-261.602302559	368.255665667
20	"1"	"1"	17	FALSE	-15	135	100	0	0	-395.979797464	395.979797464	0.704956054688	-372	290	-284.2668843	376.399174402
20	"1"	"1"	17	FALSE	-15	135	100	0	0	-395.979797464	395.979797464	0.738297939301	-387	291	-298.496952649	381.247385905
20	"1"	"1"	17	FALSE	-15	135	100	0	0	-395.979797464	395.979797464	0.77161192894	-400	292	-310.795169346	385.577959317
20	"1"	"1"	17	FALSE	-15	135	100	0	0	-395.979797464	395.979797464	0.805025100708	-415	290	-325.80169483	387.528393341
20	"1"	"1"	17	FALSE	-15	135	100	0	0	-395.979797464	395.979797464	0.838365077972	-425	291	-335.202134048	391.082509619
20	"1"	"1"	17	FALSE	-15	135	100	0	0	-395.979797464	395.979797464	0.871701002121	-433	293	-342.411902568	395.084913632
20	"1"	"1"	17	FALSE	-15	135	100	0	0	-395.979797464	395.979797464	0.905067920685	-440	290	-349.949840487	393.998869469
20	"1"	"1"	17	FALSE	-15	135	100	0	0	-395.979797464	395.979797464	0.93848490715	-446	289	-356.00421449	394.585857913
20	"1"	"1"	17	FALSE	-15	135	100	0	0	-395.979797464	395.979797464	0.971821069717	-451	287	-361.351481712	393.948101486
20	"1"	"1"	17	FALSE	-15	135	100	0	0	-395.979797464	395.979797464	1.00518703461	-458	283	-369.148238676	391.896131497
20	"1"	"1"	17	FALSE	-15	135	100	0	0	-395.979797464	395.979797464	1.03847193718	-463	280	-374.754324943	390.292449243
20	"1"	"1"	17	FALSE	-15	135	100	0	0	-395.979797464	395.979797464	1.07181096077	-465	280	-376.686176596	390.810087334
20	"1"	"1"	17	FALSE	-15	135	100	0	0	-395.979797464	395.979797464	1.10509705544	-466	279	-377.910921467	390.102980552
20	"1"	"1"	17	FALSE	-15	135	100	0	0	-395.979797464	395.979797464	1.13865399361	-468	278	-380.101592165	389.654692816
20	"1"	"1"	17	FALSE	-15	135	100	0	0	-395.979797464	395.979797464	1.17200803757	-469	278	-381.067517991	389.913511861
20	"1"	"1"	17	FALSE	-15	135	100	0	0	-395.979797464	395.979797464	1.20533299446	-471	277	-383.258188689	389.465224125
20	"1"	"1"	17	FALSE	-15	135	100	0	0	-395.979797464	395.979797464	1.23864102364	-474	276	-386.414785213	389.275755434
20	"1"	"1"	17	FALSE	-15	135	100	0	0	-395.979797464	395.979797464	1.27205896378	-475	277	-387.121891994	390.500500306
20	"1"	"1"	18	FALSE	-15	90	100	0	0	3.42901103761e-14	560	0.0017569065094	-1	-5	-2.2600210518	-4.57081008634
20	"1"	"1"	18	FALSE	-15	90	100	0	0	3.42901103761e-14	560	0.037458896637	0	-5	-1.29409522551	-4.82962913145
20	"1"	"1"	18	FALSE	-15	90	100	0	0	3.42901103761e-14	560	0.0709090232849	1	-5	-0.328169399223	-5.08844817655
20	"1"	"1"	18	FALSE	-15	90	100	0	0	3.42901103761e-14	560	0.104220867157	1	-5	-0.328169399223	-5.08844817655
20	"1"	"1"	18	FALSE	-15	90	100	0	0	3.42901103761e-14	560	0.137602090836	1	-4	-0.069350354121	-4.12252235026
20	"1"	"1"	18	FALSE	-15	90	100	0	0	3.42901103761e-14	560	0.170976877213	1	-4	-0.069350354121	-4.12252235026
20	"1"	"1"	18	FALSE	-15	90	100	0	0	3.42901103761e-14	560	0.204282045364	1	-4	-0.069350354121	-4.12252235026
20	"1"	"1"	18	FALSE	-15	90	100	0	0	3.42901103761e-14	560	0.237775087357	2	-3	1.15539451727	-3.41541556907
20	"1"	"1"	18	FALSE	-15	90	100	0	0	3.42901103761e-14	560	0.271065950394	2	-3	1.15539451727	-3.41541556907
20	"1"	"1"	18	FALSE	-15	90	100	0	0	3.42901103761e-14	560	0.304363012314	2	-3	1.15539451727	-3.41541556907
20	"1"	"1"	18	FALSE	-15	90	100	0	0	3.42901103761e-14	560	0.337648868561	2	-3	1.15539451727	-3.41541556907
20	"1"	"1"	18	FALSE	-15	90	100	0	0	3.42901103761e-14	560	0.371133089066	2	-3	1.15539451727	-3.41541556907
20	"1"	"1"	18	FALSE	-15	90	100	0	0	3.42901103761e-14	560	0.404493093491	2	-3	1.15539451727	-3.41541556907
20	"1"	"1"	18	FALSE	-15	90	100	0	0	3.42901103761e-14	560	0.437500953674	-3	11	-0.0507679827394	11.4016412245
20	"1"	"1"	18	FALSE	-15	90	100	0	0	3.42901103761e-14	560	0.470619916916	-13	47	-0.392540621939	48.7631614219
20	"1"	"1"	18	FALSE	-15	90	100	0	0	3.42901103761e-14	560	0.503953933716	-26	114	4.39129965817	116.84483937
20	"1"	"1"	18	FALSE	-15	90	100	0	0	3.42901103761e-14	560	0.537800073624	-37	181	11.1069915909	184.408879227
20	"1"	"1"	18	FALSE	-15	90	100	0	0	3.42901103761e-14	560	0.571287870407	-44	251	22.462843964	253.835420383
20	"1"	"1"	18	FALSE	-15	90	100	0	0	3.42901103761e-14	560	0.604186058044	-46	319	38.1306873784	320.036014661
20	"1"	"1"	18	FALSE	-15	90	100	0	0	3.42901103761e-14	560	0.637383937836	-51	367	45.7243724119	367.694549548
20	"1"	"1"	18	FALSE	-15	90	100	0	0	3.42901103761e-14	560	0.671436071396	-56	383	45.0358480021	384.443457994
20	"1"	"1"	18	FALSE	-15	90	100	0	0	3.42901103761e-14	560	0.704772949219	-59	395	45.2438990644	396.811025045
20	"1"	"1"	18	FALSE	-15	90	100	0	0	3.42901103761e-14	560	0.738312005997	-64	407	43.5200984742	409.696230186
20	"1"	"1"	18	FALSE	-15	90	100	0	0	3.42901103761e-14	560	0.771492958069	-74	418	36.7078497075	422.909604726
20	"1"	"1"	18	FALSE	-15	90	100	0	0	3.42901103761e-14	560	0.804853916168	-84	425	28.8603247603	432.259275961
20	"1"	"1"	18	FALSE	-15	90	100	0	0	3.42901103761e-14	560	0.838234901428	-91	433	24.1693963371	441.798415887
20	"1"	"1"	18	FALSE	-15	90	100	0	0	3.42901103761e-14	560	0.871605873108	-97	444	21.2208508755	453.976514247
20	"1"	"1"	18	FALSE	-15	90	100	0	0	3.42901103761e-14	560	0.904975891113	-104	457	17.8240176778	468.345283305
20	"1"	"1"	18	FALSE	-15	90	100	0	0	3.42901103761e-14	560	0.938365936279	-110	478	17.4636626672	490.182639927
20	"1"	"1"	18	FALSE	-15	90	100	0	0	3.42901103761e-14	560	0.971611022949	-117	509	18.7255722814	521.938073858
20	"1"	"1"	18	FALSE	-15	90	100	0	0	3.42901103761e-14	560	1.00493192673	-127	532	15.0191520558	546.742558314
20	"1"	"1"	18	FALSE	-15	90	100	0	0	3.42901103761e-14	560	1.03831887245	-138	539	6.20570128237	556.351048594
20	"1"	"1"	18	FALSE	-15	90	100	0	0	3.42901103761e-14	560	1.07175397873	-146	546	0.290027987772	565.183081739
20	"1"	"1"	18	FALSE	-15	90	100	0	0	3.42901103761e-14	560	1.10518598557	-152	550	-4.47025078955	570.599699315
20	"1"	"1"	18	FALSE	-15	90	100	0	0	3.42901103761e-14	560	1.13844394684	-153	551	-5.17735757074	571.824444186
20	"1"	"1"	18	FALSE	-15	90	100	0	0	3.42901103761e-14	560	1.17180204391	-150	552	-2.02076104677	572.013912877
20	"1"	"1"	19	FALSE	-15	90	100	0	0	3.42901103761e-14	560	0.00197196006775	3	3	3.67423461417	2.12132034356
20	"1"	"1"	19	FALSE	-15	90	100	0	0	3.42901103761e-14	560	0.0373830795288	3	3	3.67423461417	2.12132034356
20	"1"	"1"	19	FALSE	-15	90	100	0	0	3.42901103761e-14	560	0.0707340240479	3	3	3.67423461417	2.12132034356
20	"1"	"1"	19	FALSE	-15	90	100	0	0	3.42901103761e-14	560	0.104109048843	3	3	3.67423461417	2.12132034356
20	"1"	"1"	19	FALSE	-15	90	100	0	0	3.42901103761e-14	560	0.137444972992	3	3	3.67423461417	2.12132034356
20	"1"	"1"	19	FALSE	-15	90	100	0	0	3.42901103761e-14	560	0.170722961426	3	3	3.67423461417	2.12132034356
20	"1"	"1"	19	FALSE	-15	90	100	0	0	3.42901103761e-14	560	0.203523159027	3	2	3.41541556907	1.15539451727
20	"1"	"1"	19	FALSE	-15	90	100	0	0	3.42901103761e-14	560	0.237586021423	3	1	3.15659652397	0.189468690982
20	"1"	"1"	19	FALSE	-15	90	100	0	0	3.42901103761e-14	560	0.270953178406	3	1	3.15659652397	0.189468690982
20	"1"	"1"	19	FALSE	-15	90	100	0	0	3.42901103761e-14	560	0.304123163223	3	1	3.15659652397	0.189468690982
20	"1"	"1"	19	FALSE	-15	90	100	0	0	3.42901103761e-14	560	0.336990118027	3	1	3.15659652397	0.189468690982
20	"1"	"1"	19	FALSE	-15	90	100	0	0	3.42901103761e-14	560	0.371000051498	3	2	3.41541556907	1.15539451727
20	"1"	"1"	19	FALSE	-15	90	100	0	0	3.42901103761e-14	560	0.404242992401	-1	9	1.36344557963	8.9521514817
20	"1"	"1"	19	FALSE	-15	90	100	0	0	3.42901103761e-14	560	0.437577009201	-17	41	-5.80915819771	44.0028826446
20	"1"	"1"	19	FALSE	-15	90	100	0	0	3.42901103761e-14	560	0.471096038818	-36	105	-7.59733001064	110.739697384
20	"1"	"1"	19	FALSE	-15	90	100	0	0	3.42901103761e-14	560	0.503774166107	-46	165	-1.72744556738	171.283437412
20	"1"	"1"	19	FALSE	-15	90	100	0	0	3.42901103761e-14	560	0.537662029266	-51	238	12.3367155937	243.090117957
20	"1"	"1"	19	FALSE	-15	90	100	0	0	3.42901103761e-14	560	0.571313142776	-48	323	37.2341119062	324.417356056
20	"1"	"1"	19	FALSE	-15	90	100	0	0	3.42901103761e-14	560	0.604564189911	-43	380	56.8164266085	378.181032929
20	"1"	"1"	19	FALSE	-15	90	100	0	0	3.42901103761e-14	560	0.637875080109	-42	420	68.1351142389	416.559246936
20	"1"	"1"	19	FALSE	-15	90	100	0	0	3.42901103761e-14	560	0.670742988586	-39	451	79.056282116	445.726490415
20	"1"	"1"	19	FALSE	-15	90	100	0	0	3.42901103761e-14	560	0.704728126526	-39	472	84.4914820631	466.010932767
20	"1"	"1"	19	FALSE	-15	90	100	0	0	3.42901103761e-14	560	0.737934112549	-42	484	84.6995331255	478.378499818
20	"1"	"1"	19	FALSE	-15	90	100	0	0	3.42901103761e-14	560	0.771281003952	-48	495	81.7509876639	490.556598178
20	"1"	"1"	19	FALSE	-15	90	100	0	0	3.42901103761e-14	560	0.804408073425	-58	514	77.0092912579	511.497379329
20	"1"	"1"	19	FALSE	-15	90	100	0	0	3.42901103761e-14	560	0.837385177612	-69	524	68.9722976198	524.003647088
20	"1"	"1"	19	FALSE	-15	90	100	0	0	3.42901103761e-14	560	0.871288061142	-81	530	58.9341019749	532.905030587
20	"1"	"1"	19	FALSE	-15	90	100	0	0	3.42901103761e-14	560	0.904698133469	-89	536	52.7596096352	540.771137905
20	"1"	"1"	19	FALSE	-15	90	100	0	0	3.42901103761e-14	560	0.937476158142	-93	538	49.4135444203	543.738265738
20	"1"	"1"	19	FALSE	-15	90	100	0	0	3.42901103761e-14	560	0.971343040466	-98	540	45.101553379	546.964212616
20	"1"	"1"	19	FALSE	-15	90	100	0	0	3.42901103761e-14	560	1.00481796265	-102	540	41.2378500739	547.999488797
20	"1"	"1"	19	FALSE	-15	90	100	0	0	3.42901103761e-14	560	1.03766703606	-105	541	38.5988916401	549.741871758
20	"1"	"1"	19	FALSE	-15	90	100	0	0	3.42901103761e-14	560	1.07162213326	-108	541	35.7011141612	550.518328893
20	"1"	"1"	19	FALSE	-15	90	100	0	0	3.42901103761e-14	560	1.10496115685	-111	541	32.8033366824	551.294786029
20	"1"	"1"	19	FALSE	-15	90	100	0	0	3.42901103761e-14	560	1.13790297508	-115	541	28.9396333772	552.330062209
20	"1"	"1"	19	FALSE	-15	90	100	0	0	3.42901103761e-14	560	1.17164111137	-118	541	26.0418558984	553.106519344
20	"1"	"1"	19	FALSE	-15	90	100	0	0	3.42901103761e-14	560	1.20503807068	-120	541	24.1100042458	553.624157435
20	"1"	"1"	19	FALSE	-15	90	100	0	0	3.42901103761e-14	560	1.23837208748	-123	543	21.7298648571	556.332466223
20	"1"	"1"	19	FALSE	-15	90	100	0	0	3.42901103761e-14	560	1.27171206474	-125	545	20.3156512947	558.781955965
20	"1"	"1"	19	FALSE	-15	90	100	0	0	3.42901103761e-14	560	1.30499911308	-126	548	20.1261826038	561.938552489
20	"1"	"1"	19	FALSE	-15	90	100	0	0	3.42901103761e-14	560	1.33846116066	-127	549	19.4190758226	563.163297361
20	"1"	"1"	19	FALSE	-15	90	100	0	0	3.42901103761e-14	560	1.37168002129	-127	549	19.4190758226	563.163297361
20	"1"	"1"	19	FALSE	-15	90	100	0	0	3.42901103761e-14	560	1.40518903732	-127	549	19.4190758226	563.163297361
20	"1"	"1"	19	FALSE	-15	90	100	0	0	3.42901103761e-14	560	1.43854808807	-129	549	17.48722417	563.680935451
20	"1"	"1"	19	FALSE	-15	90	100	0	0	3.42901103761e-14	560	1.47194314003	-132	549	14.5894466911	564.457392586
20	"1"	"1"	19	FALSE	-15	90	100	0	0	3.42901103761e-14	560	1.50506997108	-133	548	13.3647018197	563.750285805
20	"1"	"1"	19	FALSE	-15	90	100	0	0	3.42901103761e-14	560	1.53858709335	-137	547	9.24217946948	563.819636159
20	"1"	"1"	19	FALSE	-15	90	100	0	0	3.42901103761e-14	560	1.5720000267	-140	546	6.08558294551	563.630167468
20	"1"	"1"	20	FALSE	-15	45	100	0	0	395.979797464	395.979797464	0.00164794921875	-3	-9	-5.22714888479	-7.91687530129
20	"1"	"1"	20	FALSE	-15	45	100	0	0	395.979797464	395.979797464	0.0366427898407	-2	-7	-3.7435849683	-6.24384269382
20	"1"	"1"	20	FALSE	-15	45	100	0	0	395.979797464	395.979797464	0.0699388980865	-2	-5	-3.22594687809	-4.31199104124
20	"1"	"1"	20	FALSE	-15	45	100	0	0	395.979797464	395.979797464	0.103332996368	0	-1	-0.258819045103	-0.965925826289
20	"1"	"1"	20	FALSE	-15	45	100	0	0	395.979797464	395.979797464	0.136711835861	1	0	0.965925826289	-0.258819045103
20	"1"	"1"	20	FALSE	-15	45	100	0	0	395.979797464	395.979797464	0.17019701004	1	0	0.965925826289	-0.258819045103
20	"1"	"1"	20	FALSE	-15	45	100	0	0	395.979797464	395.979797464	0.203493833542	1	0	0.965925826289	-0.258819045103
20	"1"	"1"	20	FALSE	-15	45	100	0	0	395.979797464	395.979797464	0.236809968948	1	0	0.965925826289	-0.258819045103
20	"1"	"1"	20	FALSE	-15	45	100	0	0	395.979797464	395.979797464	0.270135879517	0	-2	-0.517638090205	-1.93185165258
20	"1"	"1"	20	FALSE	-15	45	100	0	0	395.979797464	395.979797464	0.303529977798	0	-2	-0.517638090205	-1.93185165258
20	"1"	"1"	20	FALSE	-15	45	100	0	0	395.979797464	395.979797464	0.336833000183	-1	-2	-1.48356391649	-1.67303260748
20	"1"	"1"	20	FALSE	-15	45	100	0	0	395.979797464	395.979797464	0.370220899582	-1	-2	-1.48356391649	-1.67303260748
20	"1"	"1"	20	FALSE	-15	45	100	0	0	395.979797464	395.979797464	0.40355181694	-1	-2	-1.48356391649	-1.67303260748
20	"1"	"1"	20	FALSE	-15	45	100	0	0	395.979797464	395.979797464	0.43693780899	-7	20	-1.58509988197	21.1302498415
20	"1"	"1"	20	FALSE	-15	45	100	0	0	395.979797464	395.979797464	0.470242977142	-6	74	13.3570543799	73.031425416
20	"1"	"1"	20	FALSE	-15	45	100	0	0	395.979797464	395.979797464	0.503667831421	10	125	42.0116389007	118.152537835
20	"1"	"1"	20	FALSE	-15	45	100	0	0	395.979797464	395.979797464	0.537009000778	33	174	76.9100661154	159.530065286
20	"1"	"1"	20	FALSE	-15	45	100	0	0	395.979797464	395.979797464	0.570461988449	58	224	113.999164028	201.355880473
20	"1"	"1"	20	FALSE	-15	45	100	0	0	395.979797464	395.979797464	0.603688001633	89	281	158.695550214	248.390262173
20	"1"	"1"	20	FALSE	-15	45	100	0	0	395.979797464	395.979797464	0.637113809586	118	323	197.57779907	281.453394569
20	"1"	"1"	20	FALSE	-15	45	100	0	0	395.979797464	395.979797464	0.670481920242	137	346	221.883227807	298.752126717
20	"1"	"1"	20	FALSE	-15	45	100	0	0	395.979797464	395.979797464	0.704376935959	155	367	244.705092627	314.377826257
20	"1"	"1"	20	FALSE	-15	45	100	0	0	395.979797464	395.979797464	0.737768888474	165	381	257.987817522	325.312597374
20	"1"	"1"	20	FALSE	-15	45	100	0	0	395.979797464	395.979797464	0.771036863327	185	402	282.741533995	340.420658824
20	"1"	"1"	20	FALSE	-15	45	100	0	0	395.979797464	395.979797464	0.804449796677	206	431	310.531728655	362.997307839
20	"1"	"1"	20	FALSE	-15	45	100	0	0	395.979797464	395.979797464	0.837829828262	229	455	338.959679742	380.226689633
20	"1"	"1"	20	FALSE	-15	45	100	0	0	395.979797464	395.979797464	0.870806932449	241	466	353.397799153	387.746045181
20	"1"	"1"	20	FALSE	-15	45	100	0	0	395.979797464	395.979797464	0.904585838318	249	476	363.713396215	395.334751083
20	"1"	"1"	20	FALSE	-15	45	100	0	0	395.979797464	395.979797464	0.937720775604	262	492	380.411536678	407.424916717
20	"1"	"1"	20	FALSE	-15	45	100	0	0	395.979797464	395.979797464	0.97105383873	273	501	393.366092173	413.271239658
20	"1"	"1"	20	FALSE	-15	45	100	0	0	395.979797464	395.979797464	1.0039498806	275	503	395.815581916	414.68545322
20	"1"	"1"	20	FALSE	-15	45	100	0	0	395.979797464	395.979797464	1.03793382645	276	505	397.299145833	416.358485828
20	"1"	"1"	20	FALSE	-15	45	100	0	0	395.979797464	395.979797464	1.07117199898	279	507	400.714561402	417.513880345
20	"1"	"1"	20	FALSE	-15	45	100	0	0	395.979797464	395.979797464	1.10410380363	279	507	400.714561402	417.513880345
20	"1"	"1"	20	FALSE	-15	45	100	0	0	395.979797464	395.979797464	1.13736486435	280	507	401.680487228	417.2550613
20	"1"	"1"	20	FALSE	-15	45	100	0	0	395.979797464	395.979797464	1.17145586014	284	506	405.285371488	415.253859293
20	"1"	"1"	20	FALSE	-15	45	100	0	0	395.979797464	395.979797464	1.20469999313	287	501	406.889053741	409.647773026
20	"1"	"1"	20	FALSE	-15	45	100	0	0	395.979797464	395.979797464	1.23800086975	287	499	406.371415651	407.715921374
20	"1"	"1"	20	FALSE	-15	45	100	0	0	395.979797464	395.979797464	1.27105784416	289	497	407.785629213	405.266431631
20	"1"	"1"	20	FALSE	-15	45	100	0	0	395.979797464	395.979797464	1.30476880074	291	494	408.941023731	401.851016062
20	"1"	"1"	20	FALSE	-15	45	100	0	0	395.979797464	395.979797464	1.3382089138	290	488	406.422183634	396.314280149
20	"1"	"1"	20	FALSE	-15	45	100	0	0	395.979797464	395.979797464	1.37157082558	290	485	405.645726499	393.41650267
20	"1"	"1"	21	FALSE	-15	135	100	0	0	-395.979797464	395.979797464	0.00186204910278	7	4	7.79675696443	2.05196998944
20	"1"	"1"	21	FALSE	-15	135	100	0	0	-395.979797464	395.979797464	0.0375599861145	7	4	7.79675696443	2.05196998944
20	"1"	"1"	21	FALSE	-15	135	100	0	0	-395.979797464	395.979797464	0.0709159374237	7	4	7.79675696443	2.05196998944
20	"1"	"1"	21	FALSE	-15	135	100	0	0	-395.979797464	395.979797464	0.103853940964	7	4	7.79675696443	2.05196998944
20	"1"	"1"	21	FALSE	-15	135	100	0	0	-395.979797464	395.979797464	0.137227058411	7	4	7.79675696443	2.05196998944
20	"1"	"1"	21	FALSE	-15	135	100	0	0	-395.979797464	395.979797464	0.170370101929	7	4	7.79675696443	2.05196998944
20	"1"	"1"	21	FALSE	-15	135	100	0	0	-395.979797464	395.979797464	0.204476118088	5	3	5.60608626675	1.60368225335
20	"1"	"1"	21	FALSE	-15	135	100	0	0	-395.979797464	395.979797464	0.237540006638	4	1	4.12252235026	-0.069350354121
20	"1"	"1"	21	FALSE	-15	135	100	0	0	-395.979797464	395.979797464	0.271154165268	3	1	3.15659652397	0.189468690982
20	"1"	"1"	21	FALSE	-15	135	100	0	0	-395.979797464	395.979797464	0.304532051086	3	1	3.15659652397	0.189468690982
20	"1"	"1"	21	FALSE	-15	135	100	0	0	-395.979797464	395.979797464	0.337934970856	2	1	2.19067069768	0.448287736084
20	"1"	"1"	21	FALSE	-15	135	100	0	0	-395.979797464	395.979797464	0.371260166168	-3	13	0.466870107466	13.3334928771
20	"1"	"1"	21	FALSE	-15	135	100	0	0	-395.979797464	395.979797464	0.404624938965	-23	61	-6.42833225339	64.874313441
20	"1"	"1"	21	FALSE	-15	135	100	0	0	-395.979797464	395.979797464	0.437958955765	-55	97	-28.020473071	107.929852631
20	"1"	"1"	21	FALSE	-15	135	100	0	0	-395.979797464	395.979797464	0.470705032349	-88	124	-52.9079111207	142.550878429
20	"1"	"1"	21	FALSE	-15	135	100	0	0	-395.979797464	395.979797464	0.504683971405	-125	164	-78.2944048893	190.764216149
20	"1"	"1"	21	FALSE	-15	135	100	0	0	-395.979797464	395.979797464	0.538152933121	-165	199	-107.872771362	234.924381873
20	"1"	"1"	21	FALSE	-15	135	100	0	0	-395.979797464	395.979797464	0.571071147919	-200	219	-136.50379438	263.301564978
20	"1"	"1"	21	FALSE	-15	135	100	0	0	-395.979797464	395.979797464	0.604848146439	-238	241	-167.514956787	294.38705687
20	"1"	"1"	21	FALSE	-15	135	100	0	0	-395.979797464	395.979797464	0.638175010681	-275	257	-199.113107638	319.418174759
20	"1"	"1"	21	FALSE	-15	135	100	0	0	-395.979797464	395.979797464	0.671363115311	-314	263	-235.231300593	335.307672476
20	"1"	"1"	21	FALSE	-15	135	100	0	0	-395.979797464	395.979797464	0.704877138138	-343	266	-262.46669242	345.711202263
20	"1"	"1"	21	FALSE	-15	135	100	0	0	-395.979797464	395.979797464	0.738122940063	-373	269	-290.668010073	356.373551095
20	"1"	"1"	21	FALSE	-15	135	100	0	0	-395.979797464	395.979797464	0.771206140518	-395	267	-312.436016342	360.135718435
20	"1"	"1"	21	FALSE	-15	135	100	0	0	-395.979797464	395.979797464	0.804901123047	-405	267	-322.095274605	362.723908886
20	"1"	"1"	21	FALSE	-15	135	100	0	0	-395.979797464	395.979797464	0.838335037231	-419	268	-335.359417128	367.313301343
20	"1"	"1"	21	FALSE	-15	135	100	0	0	-395.979797464	395.979797464	0.871734142303	-428	269	-343.793930519	370.608598576
20	"1"	"1"	21	FALSE	-15	135	100	0	0	-395.979797464	395.979797464	0.905137062073	-438	272	-352.676731647	376.094566506
20	"1"	"1"	21	FALSE	-15	135	100	0	0	-395.979797464	395.979797464	0.938019037247	-443	274	-356.988722688	379.320513384
20	"1"	"1"	21	FALSE	-15	135	100	0	0	-395.979797464	395.979797464	0.971817970276	-452	275	-365.423236079	382.615810616
20	"1"	"1"	21	FALSE	-15	135	100	0	0	-395.979797464	395.979797464	1.00500893593	-462	275	-375.082494342	385.204001067
20	"1"	"1"	21	FALSE	-15	135	100	0	0	-395.979797464	395.979797464	1.03852701187	-468	277	-380.36041121	388.68876699
20	"1"	"1"	21	FALSE	-15	135	100	0	0	-395.979797464	395.979797464	1.07164907455	-471	279	-382.740550599	391.397075778
20	"1"	"1"	21	FALSE	-15	135	100	0	0	-395.979797464	395.979797464	1.1051940918	-475	279	-386.604253904	392.432351958
20	"1"	"1"	21	FALSE	-15	135	100	0	0	-395.979797464	395.979797464	1.13846993446	-477	280	-388.277286511	393.915915875
20	"1"	"1"	21	FALSE	-15	135	100	0	0	-395.979797464	395.979797464	1.17193698883	-480	280	-391.17506399	394.69237301
20	"1"	"1"	21	FALSE	-15	135	100	0	0	-395.979797464	395.979797464	1.20526099205	-483	281	-393.814022424	396.434755972
20	"1"	"1"	21	FALSE	-15	135	100	0	0	-395.979797464	395.979797464	1.2380771637	-485	282	-395.487055031	397.918319888
