"task_num"	"task_name"	"trial_type"	"trial_num"	"terminalfeedback_bool"	"rotation_angle"	"targetangle_deg"	"targetdistance_percmax"	"homex_px"	"homey_px"	"targetx_px"	"targety_px"	"time_s"	"mousex_px"	"mousey_px"	"cursorx_px"	"cursory_px"
9	"1"	"1"	1	FALSE	0	90	100	0	0	3.42901103761e-14	560	0.00189399719238	6	-4	6	-4
9	"1"	"1"	1	FALSE	0	90	100	0	0	3.42901103761e-14	560	0.0268559455872	7	-4	7	-4
9	"1"	"1"	1	FALSE	0	90	100	0	0	3.42901103761e-14	560	0.0601358413696	7	-4	7	-4
9	"1"	"1"	1	FALSE	0	90	100	0	0	3.42901103761e-14	560	0.0936589241028	7	-4	7	-4
9	"1"	"1"	1	FALSE	0	90	100	0	0	3.42901103761e-14	560	0.126629829407	7	-4	7	-4
9	"1"	"1"	1	FALSE	0	90	100	0	0	3.42901103761e-14	560	0.160331964493	7	-4	7	-4
9	"1"	"1"	1	FALSE	0	90	100	0	0	3.42901103761e-14	560	0.193879842758	7	-4	7	-4
9	"1"	"1"	1	FALSE	0	90	100	0	0	3.42901103761e-14	560	0.227188825607	7	-4	7	-4
9	"1"	"1"	1	FALSE	0	90	100	0	0	3.42901103761e-14	560	0.260608911514	7	-4	7	-4
9	"1"	"1"	1	FALSE	0	90	100	0	0	3.42901103761e-14	560	0.293985843658	7	-4	7	-4
9	"1"	"1"	1	FALSE	0	90	100	0	0	3.42901103761e-14	560	0.326962947845	7	-4	7	-4
9	"1"	"1"	1	FALSE	0	90	100	0	0	3.42901103761e-14	560	0.360728979111	7	-4	7	-4
9	"1"	"1"	1	FALSE	0	90	100	0	0	3.42901103761e-14	560	0.394124031067	7	-5	7	-5
9	"1"	"1"	1	FALSE	0	90	100	0	0	3.42901103761e-14	560	0.427397012711	7	-5	7	-5
9	"1"	"1"	1	FALSE	0	90	100	0	0	3.42901103761e-14	560	0.460688829422	7	-5	7	-5
9	"1"	"1"	1	FALSE	0	90	100	0	0	3.42901103761e-14	560	0.494061946869	9	-7	9	-7
9	"1"	"1"	1	FALSE	0	90	100	0	0	3.42901103761e-14	560	0.526839017868	10	-9	10	-9
9	"1"	"1"	1	FALSE	0	90	100	0	0	3.42901103761e-14	560	0.560887813568	12	-13	12	-13
9	"1"	"1"	1	FALSE	0	90	100	0	0	3.42901103761e-14	560	0.594250917435	14	-18	14	-18
9	"1"	"1"	1	FALSE	0	90	100	0	0	3.42901103761e-14	560	0.627622842789	16	-25	16	-25
9	"1"	"1"	1	FALSE	0	90	100	0	0	3.42901103761e-14	560	0.660946846008	18	-37	18	-37
9	"1"	"1"	1	FALSE	0	90	100	0	0	3.42901103761e-14	560	0.694200992584	18	-52	18	-52
9	"1"	"1"	1	FALSE	0	90	100	0	0	3.42901103761e-14	560	0.72762799263	18	-67	18	-67
9	"1"	"1"	1	FALSE	0	90	100	0	0	3.42901103761e-14	560	0.761019945145	17	-80	17	-80
9	"1"	"1"	1	FALSE	0	90	100	0	0	3.42901103761e-14	560	0.79391002655	17	-87	17	-87
9	"1"	"1"	1	FALSE	0	90	100	0	0	3.42901103761e-14	560	0.827718019485	18	-90	18	-90
9	"1"	"1"	1	FALSE	0	90	100	0	0	3.42901103761e-14	560	0.860445022583	18	-89	18	-89
9	"1"	"1"	1	FALSE	0	90	100	0	0	3.42901103761e-14	560	0.894481897354	20	-83	20	-83
9	"1"	"1"	1	FALSE	0	90	100	0	0	3.42901103761e-14	560	0.927722930908	23	-71	23	-71
9	"1"	"1"	1	FALSE	0	90	100	0	0	3.42901103761e-14	560	0.960739850998	24	-58	24	-58
9	"1"	"1"	1	FALSE	0	90	100	0	0	3.42901103761e-14	560	0.994573831558	25	-31	25	-31
9	"1"	"1"	1	FALSE	0	90	100	0	0	3.42901103761e-14	560	1.0279238224	24	-11	24	-11
9	"1"	"1"	1	FALSE	0	90	100	0	0	3.42901103761e-14	560	1.06125092506	24	18	24	18
9	"1"	"1"	1	FALSE	0	90	100	0	0	3.42901103761e-14	560	1.09460997581	23	48	23	48
9	"1"	"1"	1	FALSE	0	90	100	0	0	3.42901103761e-14	560	1.12744188309	19	74	19	74
9	"1"	"1"	1	FALSE	0	90	100	0	0	3.42901103761e-14	560	1.16132497787	15	108	15	108
9	"1"	"1"	1	FALSE	0	90	100	0	0	3.42901103761e-14	560	1.1944270134	11	137	11	137
9	"1"	"1"	1	FALSE	0	90	100	0	0	3.42901103761e-14	560	1.22803401947	5	172	5	172
9	"1"	"1"	1	FALSE	0	90	100	0	0	3.42901103761e-14	560	1.26126885414	0	210	0	210
9	"1"	"1"	1	FALSE	0	90	100	0	0	3.42901103761e-14	560	1.29413485527	0	250	0	250
9	"1"	"1"	1	FALSE	0	90	100	0	0	3.42901103761e-14	560	1.32812786102	-1	290	-1	290
9	"1"	"1"	1	FALSE	0	90	100	0	0	3.42901103761e-14	560	1.36142086983	-3	321	-3	321
9	"1"	"1"	1	FALSE	0	90	100	0	0	3.42901103761e-14	560	1.39416003227	-2	359	-2	359
9	"1"	"1"	1	FALSE	0	90	100	0	0	3.42901103761e-14	560	1.42814683914	-1	388	-1	388
9	"1"	"1"	1	FALSE	0	90	100	0	0	3.42901103761e-14	560	1.46155285835	-1	417	-1	417
9	"1"	"1"	1	FALSE	0	90	100	0	0	3.42901103761e-14	560	1.4943459034	1	441	1	441
9	"1"	"1"	1	FALSE	0	90	100	0	0	3.42901103761e-14	560	1.52827692032	-1	454	-1	454
9	"1"	"1"	1	FALSE	0	90	100	0	0	3.42901103761e-14	560	1.56136393547	-3	470	-3	470
9	"1"	"1"	1	FALSE	0	90	100	0	0	3.42901103761e-14	560	1.59442090988	-3	482	-3	482
9	"1"	"1"	1	FALSE	0	90	100	0	0	3.42901103761e-14	560	1.62830901146	-3	493	-3	493
9	"1"	"1"	1	FALSE	0	90	100	0	0	3.42901103761e-14	560	1.66156983376	-4	504	-4	504
9	"1"	"1"	1	FALSE	0	90	100	0	0	3.42901103761e-14	560	1.69461297989	-5	513	-5	513
9	"1"	"1"	1	FALSE	0	90	100	0	0	3.42901103761e-14	560	1.72827982903	-5	524	-5	524
9	"1"	"1"	1	FALSE	0	90	100	0	0	3.42901103761e-14	560	1.7615609169	-6	534	-6	534
9	"1"	"1"	1	FALSE	0	90	100	0	0	3.42901103761e-14	560	1.79475879669	-5	545	-5	545
9	"1"	"1"	1	FALSE	0	90	100	0	0	3.42901103761e-14	560	1.82849383354	-3	556	-3	556
9	"1"	"1"	1	FALSE	0	90	100	0	0	3.42901103761e-14	560	1.8617939949	-1	563	-1	563
9	"1"	"1"	1	FALSE	0	90	100	0	0	3.42901103761e-14	560	1.89490199089	1	566	1	566
9	"1"	"1"	2	FALSE	0	135	100	0	0	-395.979797464	395.979797464	0.00184798240662	-4	-5	-4	-5
9	"1"	"1"	2	FALSE	0	135	100	0	0	-395.979797464	395.979797464	0.0232579708099	-4	-5	-4	-5
9	"1"	"1"	2	FALSE	0	135	100	0	0	-395.979797464	395.979797464	0.0566649436951	-4	-5	-4	-5
9	"1"	"1"	2	FALSE	0	135	100	0	0	-395.979797464	395.979797464	0.0894529819489	-3	-4	-3	-4
9	"1"	"1"	2	FALSE	0	135	100	0	0	-395.979797464	395.979797464	0.123564958572	-2	-1	-2	-1
9	"1"	"1"	2	FALSE	0	135	100	0	0	-395.979797464	395.979797464	0.156793832779	-1	1	-1	1
9	"1"	"1"	2	FALSE	0	135	100	0	0	-395.979797464	395.979797464	0.189642906189	0	1	0	1
9	"1"	"1"	2	FALSE	0	135	100	0	0	-395.979797464	395.979797464	0.223428010941	0	1	0	1
9	"1"	"1"	2	FALSE	0	135	100	0	0	-395.979797464	395.979797464	0.256939888	0	1	0	1
9	"1"	"1"	2	FALSE	0	135	100	0	0	-395.979797464	395.979797464	0.290172815323	0	1	0	1
9	"1"	"1"	2	FALSE	0	135	100	0	0	-395.979797464	395.979797464	0.323529005051	0	1	0	1
9	"1"	"1"	2	FALSE	0	135	100	0	0	-395.979797464	395.979797464	0.356383800507	-1	1	-1	1
9	"1"	"1"	2	FALSE	0	135	100	0	0	-395.979797464	395.979797464	0.390469789505	-6	7	-6	7
9	"1"	"1"	2	FALSE	0	135	100	0	0	-395.979797464	395.979797464	0.42375087738	-13	13	-13	13
9	"1"	"1"	2	FALSE	0	135	100	0	0	-395.979797464	395.979797464	0.456743001938	-26	25	-26	25
9	"1"	"1"	2	FALSE	0	135	100	0	0	-395.979797464	395.979797464	0.490441799164	-39	39	-39	39
9	"1"	"1"	2	FALSE	0	135	100	0	0	-395.979797464	395.979797464	0.523725986481	-62	60	-62	60
9	"1"	"1"	2	FALSE	0	135	100	0	0	-395.979797464	395.979797464	0.557085990906	-89	82	-89	82
9	"1"	"1"	2	FALSE	0	135	100	0	0	-395.979797464	395.979797464	0.59054684639	-113	101	-113	101
9	"1"	"1"	2	FALSE	0	135	100	0	0	-395.979797464	395.979797464	0.623693943024	-141	124	-141	124
9	"1"	"1"	2	FALSE	0	135	100	0	0	-395.979797464	395.979797464	0.657257795334	-171	148	-171	148
9	"1"	"1"	2	FALSE	0	135	100	0	0	-395.979797464	395.979797464	0.690706014633	-202	172	-202	172
9	"1"	"1"	2	FALSE	0	135	100	0	0	-395.979797464	395.979797464	0.724017858505	-229	199	-229	199
9	"1"	"1"	2	FALSE	0	135	100	0	0	-395.979797464	395.979797464	0.757154941559	-251	222	-251	222
9	"1"	"1"	2	FALSE	0	135	100	0	0	-395.979797464	395.979797464	0.790625810623	-275	250	-275	250
9	"1"	"1"	2	FALSE	0	135	100	0	0	-395.979797464	395.979797464	0.823553800583	-294	273	-294	273
9	"1"	"1"	2	FALSE	0	135	100	0	0	-395.979797464	395.979797464	0.856733798981	-312	299	-312	299
9	"1"	"1"	2	FALSE	0	135	100	0	0	-395.979797464	395.979797464	0.890693902969	-329	320	-329	320
9	"1"	"1"	2	FALSE	0	135	100	0	0	-395.979797464	395.979797464	0.92417883873	-341	336	-341	336
9	"1"	"1"	2	FALSE	0	135	100	0	0	-395.979797464	395.979797464	0.95747590065	-352	353	-352	353
9	"1"	"1"	2	FALSE	0	135	100	0	0	-395.979797464	395.979797464	0.99073600769	-360	365	-360	365
9	"1"	"1"	2	FALSE	0	135	100	0	0	-395.979797464	395.979797464	1.0238199234	-368	376	-368	376
9	"1"	"1"	2	FALSE	0	135	100	0	0	-395.979797464	395.979797464	1.05739283562	-373	383	-373	383
9	"1"	"1"	2	FALSE	0	135	100	0	0	-395.979797464	395.979797464	1.09044599533	-376	390	-376	390
9	"1"	"1"	2	FALSE	0	135	100	0	0	-395.979797464	395.979797464	1.12430977821	-379	395	-379	395
9	"1"	"1"	2	FALSE	0	135	100	0	0	-395.979797464	395.979797464	1.15754795074	-381	398	-381	398
9	"1"	"1"	2	FALSE	0	135	100	0	0	-395.979797464	395.979797464	1.19100880623	-384	401	-384	401
9	"1"	"1"	2	FALSE	0	135	100	0	0	-395.979797464	395.979797464	1.22439885139	-386	404	-386	404
9	"1"	"1"	2	FALSE	0	135	100	0	0	-395.979797464	395.979797464	1.25762796402	-388	405	-388	405
9	"1"	"1"	3	FALSE	0	45	100	0	0	395.979797464	395.979797464	0.00184988975525	8	-10	8	-10
9	"1"	"1"	3	FALSE	0	45	100	0	0	395.979797464	395.979797464	0.0227379798889	7	-9	7	-9
9	"1"	"1"	3	FALSE	0	45	100	0	0	395.979797464	395.979797464	0.0561330318451	7	-7	7	-7
9	"1"	"1"	3	FALSE	0	45	100	0	0	395.979797464	395.979797464	0.089427947998	7	-6	7	-6
9	"1"	"1"	3	FALSE	0	45	100	0	0	395.979797464	395.979797464	0.12287402153	6	-6	6	-6
9	"1"	"1"	3	FALSE	0	45	100	0	0	395.979797464	395.979797464	0.156296014786	6	-5	6	-5
9	"1"	"1"	3	FALSE	0	45	100	0	0	395.979797464	395.979797464	0.189503908157	6	-5	6	-5
9	"1"	"1"	3	FALSE	0	45	100	0	0	395.979797464	395.979797464	0.222820997238	6	-5	6	-5
9	"1"	"1"	3	FALSE	0	45	100	0	0	395.979797464	395.979797464	0.25635099411	6	-5	6	-5
9	"1"	"1"	3	FALSE	0	45	100	0	0	395.979797464	395.979797464	0.289633989334	6	-5	6	-5
9	"1"	"1"	3	FALSE	0	45	100	0	0	395.979797464	395.979797464	0.323128938675	6	-5	6	-5
9	"1"	"1"	3	FALSE	0	45	100	0	0	395.979797464	395.979797464	0.356369018555	7	-5	7	-5
9	"1"	"1"	3	FALSE	0	45	100	0	0	395.979797464	395.979797464	0.389745950699	10	-1	10	-1
9	"1"	"1"	3	FALSE	0	45	100	0	0	395.979797464	395.979797464	0.422518014908	17	7	17	7
9	"1"	"1"	3	FALSE	0	45	100	0	0	395.979797464	395.979797464	0.456536054611	27	18	27	18
9	"1"	"1"	3	FALSE	0	45	100	0	0	395.979797464	395.979797464	0.489814996719	40	32	40	32
9	"1"	"1"	3	FALSE	0	45	100	0	0	395.979797464	395.979797464	0.523273944855	54	49	54	49
9	"1"	"1"	3	FALSE	0	45	100	0	0	395.979797464	395.979797464	0.55655503273	73	71	73	71
9	"1"	"1"	3	FALSE	0	45	100	0	0	395.979797464	395.979797464	0.589768886566	85	86	85	86
9	"1"	"1"	3	FALSE	0	45	100	0	0	395.979797464	395.979797464	0.623240947723	97	103	97	103
9	"1"	"1"	3	FALSE	0	45	100	0	0	395.979797464	395.979797464	0.656543016434	118	128	118	128
9	"1"	"1"	3	FALSE	0	45	100	0	0	395.979797464	395.979797464	0.689912080765	138	150	138	150
9	"1"	"1"	3	FALSE	0	45	100	0	0	395.979797464	395.979797464	0.723330020905	156	167	156	167
9	"1"	"1"	3	FALSE	0	45	100	0	0	395.979797464	395.979797464	0.756718873978	177	188	177	188
9	"1"	"1"	3	FALSE	0	45	100	0	0	395.979797464	395.979797464	0.790047883987	196	208	196	208
9	"1"	"1"	3	FALSE	0	45	100	0	0	395.979797464	395.979797464	0.823036909103	215	228	215	228
9	"1"	"1"	3	FALSE	0	45	100	0	0	395.979797464	395.979797464	0.856642961502	233	245	233	245
9	"1"	"1"	3	FALSE	0	45	100	0	0	395.979797464	395.979797464	0.88946390152	254	263	254	263
9	"1"	"1"	3	FALSE	0	45	100	0	0	395.979797464	395.979797464	0.923428058624	267	275	267	275
9	"1"	"1"	3	FALSE	0	45	100	0	0	395.979797464	395.979797464	0.956886053085	282	287	282	287
9	"1"	"1"	3	FALSE	0	45	100	0	0	395.979797464	395.979797464	0.990067958832	298	300	298	300
9	"1"	"1"	3	FALSE	0	45	100	0	0	395.979797464	395.979797464	1.02359485626	313	313	313	313
9	"1"	"1"	3	FALSE	0	45	100	0	0	395.979797464	395.979797464	1.0565829277	325	324	325	324
9	"1"	"1"	3	FALSE	0	45	100	0	0	395.979797464	395.979797464	1.09024095535	336	334	336	334
9	"1"	"1"	3	FALSE	0	45	100	0	0	395.979797464	395.979797464	1.12360191345	346	345	346	345
9	"1"	"1"	3	FALSE	0	45	100	0	0	395.979797464	395.979797464	1.1569609642	354	354	354	354
9	"1"	"1"	3	FALSE	0	45	100	0	0	395.979797464	395.979797464	1.18979096413	361	362	361	362
9	"1"	"1"	3	FALSE	0	45	100	0	0	395.979797464	395.979797464	1.22369790077	369	368	369	368
9	"1"	"1"	3	FALSE	0	45	100	0	0	395.979797464	395.979797464	1.25694894791	378	375	378	375
9	"1"	"1"	3	FALSE	0	45	100	0	0	395.979797464	395.979797464	1.29037189484	384	380	384	380
9	"1"	"1"	3	FALSE	0	45	100	0	0	395.979797464	395.979797464	1.32387304306	387	381	387	381
9	"1"	"1"	3	FALSE	0	45	100	0	0	395.979797464	395.979797464	1.35706186295	389	383	389	383
9	"1"	"1"	3	FALSE	0	45	100	0	0	395.979797464	395.979797464	1.39036607742	391	386	391	386
9	"1"	"1"	3	FALSE	0	45	100	0	0	395.979797464	395.979797464	1.42376589775	394	389	394	389
9	"1"	"1"	3	FALSE	0	45	100	0	0	395.979797464	395.979797464	1.45690488815	397	393	397	393
9	"1"	"1"	3	FALSE	0	45	100	0	0	395.979797464	395.979797464	1.49058198929	398	395	398	395
9	"1"	"1"	3	FALSE	0	45	100	0	0	395.979797464	395.979797464	1.52366685867	399	396	399	396
9	"1"	"1"	4	FALSE	0	90	100	0	0	3.42901103761e-14	560	0.00194096565247	9	-9	9	-9
9	"1"	"1"	4	FALSE	0	90	100	0	0	3.42901103761e-14	560	0.022027015686	9	-9	9	-9
9	"1"	"1"	4	FALSE	0	90	100	0	0	3.42901103761e-14	560	0.0557370185852	8	-9	8	-9
9	"1"	"1"	4	FALSE	0	90	100	0	0	3.42901103761e-14	560	0.0890560150146	7	-9	7	-9
9	"1"	"1"	4	FALSE	0	90	100	0	0	3.42901103761e-14	560	0.122189044952	7	-9	7	-9
9	"1"	"1"	4	FALSE	0	90	100	0	0	3.42901103761e-14	560	0.155550003052	7	-8	7	-8
9	"1"	"1"	4	FALSE	0	90	100	0	0	3.42901103761e-14	560	0.188874959946	6	-7	6	-7
9	"1"	"1"	4	FALSE	0	90	100	0	0	3.42901103761e-14	560	0.22193813324	6	-5	6	-5
9	"1"	"1"	4	FALSE	0	90	100	0	0	3.42901103761e-14	560	0.255867958069	6	-4	6	-4
9	"1"	"1"	4	FALSE	0	90	100	0	0	3.42901103761e-14	560	0.289250135422	6	-4	6	-4
9	"1"	"1"	4	FALSE	0	90	100	0	0	3.42901103761e-14	560	0.322531938553	6	-4	6	-4
9	"1"	"1"	4	FALSE	0	90	100	0	0	3.42901103761e-14	560	0.355941057205	6	-2	6	-2
9	"1"	"1"	4	FALSE	0	90	100	0	0	3.42901103761e-14	560	0.389073133469	6	4	6	4
9	"1"	"1"	4	FALSE	0	90	100	0	0	3.42901103761e-14	560	0.422708034515	9	18	9	18
9	"1"	"1"	4	FALSE	0	90	100	0	0	3.42901103761e-14	560	0.456048965454	12	41	12	41
9	"1"	"1"	4	FALSE	0	90	100	0	0	3.42901103761e-14	560	0.489334106445	14	62	14	62
9	"1"	"1"	4	FALSE	0	90	100	0	0	3.42901103761e-14	560	0.522629976273	14	89	14	89
9	"1"	"1"	4	FALSE	0	90	100	0	0	3.42901103761e-14	560	0.556045055389	17	119	17	119
9	"1"	"1"	4	FALSE	0	90	100	0	0	3.42901103761e-14	560	0.589594125748	18	144	18	144
9	"1"	"1"	4	FALSE	0	90	100	0	0	3.42901103761e-14	560	0.622842073441	17	173	17	173
9	"1"	"1"	4	FALSE	0	90	100	0	0	3.42901103761e-14	560	0.655957937241	16	206	16	206
9	"1"	"1"	4	FALSE	0	90	100	0	0	3.42901103761e-14	560	0.689373970032	18	240	18	240
9	"1"	"1"	4	FALSE	0	90	100	0	0	3.42901103761e-14	560	0.722754001617	18	267	18	267
9	"1"	"1"	4	FALSE	0	90	100	0	0	3.42901103761e-14	560	0.756165981293	14	297	14	297
9	"1"	"1"	4	FALSE	0	90	100	0	0	3.42901103761e-14	560	0.78964304924	11	325	11	325
9	"1"	"1"	4	FALSE	0	90	100	0	0	3.42901103761e-14	560	0.82302904129	9	349	9	349
9	"1"	"1"	4	FALSE	0	90	100	0	0	3.42901103761e-14	560	0.855968952179	6	375	6	375
9	"1"	"1"	4	FALSE	0	90	100	0	0	3.42901103761e-14	560	0.889712095261	3	393	3	393
9	"1"	"1"	4	FALSE	0	90	100	0	0	3.42901103761e-14	560	0.922904968262	-1	414	-1	414
9	"1"	"1"	4	FALSE	0	90	100	0	0	3.42901103761e-14	560	0.956418037415	-5	428	-5	428
9	"1"	"1"	4	FALSE	0	90	100	0	0	3.42901103761e-14	560	0.989649057388	-8	445	-8	445
9	"1"	"1"	4	FALSE	0	90	100	0	0	3.42901103761e-14	560	1.02309894562	-9	462	-9	462
9	"1"	"1"	4	FALSE	0	90	100	0	0	3.42901103761e-14	560	1.05626511574	-10	476	-10	476
9	"1"	"1"	4	FALSE	0	90	100	0	0	3.42901103761e-14	560	1.08931803703	-10	492	-10	492
9	"1"	"1"	4	FALSE	0	90	100	0	0	3.42901103761e-14	560	1.1231970787	-9	507	-9	507
9	"1"	"1"	4	FALSE	0	90	100	0	0	3.42901103761e-14	560	1.15653991699	-9	520	-9	520
9	"1"	"1"	4	FALSE	0	90	100	0	0	3.42901103761e-14	560	1.18937397003	-9	532	-9	532
9	"1"	"1"	4	FALSE	0	90	100	0	0	3.42901103761e-14	560	1.22330403328	-9	543	-9	543
9	"1"	"1"	4	FALSE	0	90	100	0	0	3.42901103761e-14	560	1.25662398338	-10	552	-10	552
9	"1"	"1"	4	FALSE	0	90	100	0	0	3.42901103761e-14	560	1.28985095024	-9	560	-9	560
9	"1"	"1"	4	FALSE	0	90	100	0	0	3.42901103761e-14	560	1.32329010963	-6	567	-6	567
9	"1"	"1"	4	FALSE	0	90	100	0	0	3.42901103761e-14	560	1.35660910606	-6	570	-6	570
9	"1"	"1"	4	FALSE	0	90	100	0	0	3.42901103761e-14	560	1.39004397392	-5	573	-5	573
9	"1"	"1"	4	FALSE	0	90	100	0	0	3.42901103761e-14	560	1.4232981205	-5	574	-5	574
9	"1"	"1"	4	FALSE	0	90	100	0	0	3.42901103761e-14	560	1.45687508583	-5	574	-5	574
9	"1"	"1"	4	FALSE	0	90	100	0	0	3.42901103761e-14	560	1.48990511894	-5	574	-5	574
9	"1"	"1"	5	FALSE	0	135	100	0	0	-395.979797464	395.979797464	0.00191307067871	-1	-13	-1	-13
9	"1"	"1"	5	FALSE	0	135	100	0	0	-395.979797464	395.979797464	0.0222840309143	-1	-13	-1	-13
9	"1"	"1"	5	FALSE	0	135	100	0	0	-395.979797464	395.979797464	0.055792093277	-1	-13	-1	-13
9	"1"	"1"	5	FALSE	0	135	100	0	0	-395.979797464	395.979797464	0.0891449451447	-1	-13	-1	-13
9	"1"	"1"	5	FALSE	0	135	100	0	0	-395.979797464	395.979797464	0.122215032578	-1	-13	-1	-13
9	"1"	"1"	5	FALSE	0	135	100	0	0	-395.979797464	395.979797464	0.155914068222	0	-12	0	-12
9	"1"	"1"	5	FALSE	0	135	100	0	0	-395.979797464	395.979797464	0.189166069031	1	-9	1	-9
9	"1"	"1"	5	FALSE	0	135	100	0	0	-395.979797464	395.979797464	0.222424030304	2	-7	2	-7
9	"1"	"1"	5	FALSE	0	135	100	0	0	-395.979797464	395.979797464	0.255296945572	2	-7	2	-7
9	"1"	"1"	5	FALSE	0	135	100	0	0	-395.979797464	395.979797464	0.289303064346	2	-6	2	-6
9	"1"	"1"	5	FALSE	0	135	100	0	0	-395.979797464	395.979797464	0.322689056396	1	-4	1	-4
9	"1"	"1"	5	FALSE	0	135	100	0	0	-395.979797464	395.979797464	0.356075048447	-1	0	-1	0
9	"1"	"1"	5	FALSE	0	135	100	0	0	-395.979797464	395.979797464	0.389405965805	-4	7	-4	7
9	"1"	"1"	5	FALSE	0	135	100	0	0	-395.979797464	395.979797464	0.422729969025	-9	15	-9	15
9	"1"	"1"	5	FALSE	0	135	100	0	0	-395.979797464	395.979797464	0.456028938293	-17	27	-17	27
9	"1"	"1"	5	FALSE	0	135	100	0	0	-395.979797464	395.979797464	0.489279985428	-27	39	-27	39
9	"1"	"1"	5	FALSE	0	135	100	0	0	-395.979797464	395.979797464	0.522130966187	-42	60	-42	60
9	"1"	"1"	5	FALSE	0	135	100	0	0	-395.979797464	395.979797464	0.556175947189	-59	79	-59	79
9	"1"	"1"	5	FALSE	0	135	100	0	0	-395.979797464	395.979797464	0.589607954025	-83	96	-83	96
9	"1"	"1"	5	FALSE	0	135	100	0	0	-395.979797464	395.979797464	0.622881889343	-105	116	-105	116
9	"1"	"1"	5	FALSE	0	135	100	0	0	-395.979797464	395.979797464	0.656213998795	-128	135	-128	135
9	"1"	"1"	5	FALSE	0	135	100	0	0	-395.979797464	395.979797464	0.689169883728	-155	156	-155	156
9	"1"	"1"	5	FALSE	0	135	100	0	0	-395.979797464	395.979797464	0.722531080246	-180	174	-180	174
9	"1"	"1"	5	FALSE	0	135	100	0	0	-395.979797464	395.979797464	0.756248950958	-199	194	-199	194
9	"1"	"1"	5	FALSE	0	135	100	0	0	-395.979797464	395.979797464	0.789788007736	-221	218	-221	218
9	"1"	"1"	5	FALSE	0	135	100	0	0	-395.979797464	395.979797464	0.82305598259	-239	240	-239	240
9	"1"	"1"	5	FALSE	0	135	100	0	0	-395.979797464	395.979797464	0.856345891953	-259	269	-259	269
9	"1"	"1"	5	FALSE	0	135	100	0	0	-395.979797464	395.979797464	0.889173030853	-276	298	-276	298
9	"1"	"1"	5	FALSE	0	135	100	0	0	-395.979797464	395.979797464	0.923049926758	-293	322	-293	322
9	"1"	"1"	5	FALSE	0	135	100	0	0	-395.979797464	395.979797464	0.956325054169	-309	343	-309	343
9	"1"	"1"	5	FALSE	0	135	100	0	0	-395.979797464	395.979797464	0.989281892776	-317	359	-317	359
9	"1"	"1"	5	FALSE	0	135	100	0	0	-395.979797464	395.979797464	1.02322697639	-325	371	-325	371
9	"1"	"1"	5	FALSE	0	135	100	0	0	-395.979797464	395.979797464	1.05648493767	-336	380	-336	380
9	"1"	"1"	5	FALSE	0	135	100	0	0	-395.979797464	395.979797464	1.08987402916	-343	384	-343	384
9	"1"	"1"	5	FALSE	0	135	100	0	0	-395.979797464	395.979797464	1.12306189537	-349	388	-349	388
9	"1"	"1"	5	FALSE	0	135	100	0	0	-395.979797464	395.979797464	1.15614199638	-353	390	-353	390
9	"1"	"1"	5	FALSE	0	135	100	0	0	-395.979797464	395.979797464	1.18932986259	-357	393	-357	393
9	"1"	"1"	5	FALSE	0	135	100	0	0	-395.979797464	395.979797464	1.22335290909	-359	395	-359	395
9	"1"	"1"	5	FALSE	0	135	100	0	0	-395.979797464	395.979797464	1.25653600693	-363	397	-363	397
9	"1"	"1"	5	FALSE	0	135	100	0	0	-395.979797464	395.979797464	1.28950691223	-367	399	-367	399
9	"1"	"1"	5	FALSE	0	135	100	0	0	-395.979797464	395.979797464	1.32345509529	-370	401	-370	401
9	"1"	"1"	5	FALSE	0	135	100	0	0	-395.979797464	395.979797464	1.35676789284	-374	402	-374	402
9	"1"	"1"	5	FALSE	0	135	100	0	0	-395.979797464	395.979797464	1.38991904259	-377	402	-377	402
9	"1"	"1"	5	FALSE	0	135	100	0	0	-395.979797464	395.979797464	1.42279291153	-380	402	-380	402
9	"1"	"1"	5	FALSE	0	135	100	0	0	-395.979797464	395.979797464	1.45684885979	-381	402	-381	402
9	"1"	"1"	5	FALSE	0	135	100	0	0	-395.979797464	395.979797464	1.49024701118	-383	402	-383	402
9	"1"	"1"	5	FALSE	0	135	100	0	0	-395.979797464	395.979797464	1.52295088768	-386	401	-386	401
9	"1"	"1"	5	FALSE	0	135	100	0	0	-395.979797464	395.979797464	1.55685186386	-388	401	-388	401
9	"1"	"1"	6	FALSE	0	45	100	0	0	395.979797464	395.979797464	0.00187802314758	-4	-12	-4	-12
9	"1"	"1"	6	FALSE	0	45	100	0	0	395.979797464	395.979797464	0.0226111412048	-4	-12	-4	-12
9	"1"	"1"	6	FALSE	0	45	100	0	0	395.979797464	395.979797464	0.0559639930725	-4	-13	-4	-13
9	"1"	"1"	6	FALSE	0	45	100	0	0	395.979797464	395.979797464	0.0892770290375	-3	-13	-3	-13
9	"1"	"1"	6	FALSE	0	45	100	0	0	395.979797464	395.979797464	0.122750043869	-3	-13	-3	-13
9	"1"	"1"	6	FALSE	0	45	100	0	0	395.979797464	395.979797464	0.155416965485	-4	-13	-4	-13
9	"1"	"1"	6	FALSE	0	45	100	0	0	395.979797464	395.979797464	0.189373970032	-3	-12	-3	-12
9	"1"	"1"	6	FALSE	0	45	100	0	0	395.979797464	395.979797464	0.22281908989	-3	-12	-3	-12
9	"1"	"1"	6	FALSE	0	45	100	0	0	395.979797464	395.979797464	0.255640029907	-4	-13	-4	-13
9	"1"	"1"	6	FALSE	0	45	100	0	0	395.979797464	395.979797464	0.289477109909	-3	-12	-3	-12
9	"1"	"1"	6	FALSE	0	45	100	0	0	395.979797464	395.979797464	0.322752952576	0	-9	0	-9
9	"1"	"1"	6	FALSE	0	45	100	0	0	395.979797464	395.979797464	0.356320142746	4	-5	4	-5
9	"1"	"1"	6	FALSE	0	45	100	0	0	395.979797464	395.979797464	0.389590978622	11	6	11	6
9	"1"	"1"	6	FALSE	0	45	100	0	0	395.979797464	395.979797464	0.422887086868	23	19	23	19
9	"1"	"1"	6	FALSE	0	45	100	0	0	395.979797464	395.979797464	0.456247091293	39	38	39	38
9	"1"	"1"	6	FALSE	0	45	100	0	0	395.979797464	395.979797464	0.489156961441	59	61	59	61
9	"1"	"1"	6	FALSE	0	45	100	0	0	395.979797464	395.979797464	0.522917985916	82	87	82	87
9	"1"	"1"	6	FALSE	0	45	100	0	0	395.979797464	395.979797464	0.556204080582	105	115	105	115
9	"1"	"1"	6	FALSE	0	45	100	0	0	395.979797464	395.979797464	0.589497089386	128	139	128	139
9	"1"	"1"	6	FALSE	0	45	100	0	0	395.979797464	395.979797464	0.622941017151	156	166	156	166
9	"1"	"1"	6	FALSE	0	45	100	0	0	395.979797464	395.979797464	0.65634894371	182	193	182	193
9	"1"	"1"	6	FALSE	0	45	100	0	0	395.979797464	395.979797464	0.6896879673	205	219	205	219
9	"1"	"1"	6	FALSE	0	45	100	0	0	395.979797464	395.979797464	0.723013162613	235	243	235	243
9	"1"	"1"	6	FALSE	0	45	100	0	0	395.979797464	395.979797464	0.756372928619	255	262	255	262
9	"1"	"1"	6	FALSE	0	45	100	0	0	395.979797464	395.979797464	0.790050029755	276	282	276	282
9	"1"	"1"	6	FALSE	0	45	100	0	0	395.979797464	395.979797464	0.823328018188	293	297	293	297
9	"1"	"1"	6	FALSE	0	45	100	0	0	395.979797464	395.979797464	0.856649160385	308	311	308	311
9	"1"	"1"	6	FALSE	0	45	100	0	0	395.979797464	395.979797464	0.889919042587	323	325	323	325
9	"1"	"1"	6	FALSE	0	45	100	0	0	395.979797464	395.979797464	0.92338514328	333	336	333	336
9	"1"	"1"	6	FALSE	0	45	100	0	0	395.979797464	395.979797464	0.956767082214	347	349	347	349
9	"1"	"1"	6	FALSE	0	45	100	0	0	395.979797464	395.979797464	0.990180015564	356	356	356	356
9	"1"	"1"	6	FALSE	0	45	100	0	0	395.979797464	395.979797464	1.0234670639	363	364	363	364
9	"1"	"1"	6	FALSE	0	45	100	0	0	395.979797464	395.979797464	1.05675911903	373	372	373	372
9	"1"	"1"	6	FALSE	0	45	100	0	0	395.979797464	395.979797464	1.09018397331	379	377	379	377
9	"1"	"1"	6	FALSE	0	45	100	0	0	395.979797464	395.979797464	1.12344694138	384	384	384	384
9	"1"	"1"	6	FALSE	0	45	100	0	0	395.979797464	395.979797464	1.15690302849	391	390	391	390
9	"1"	"1"	6	FALSE	0	45	100	0	0	395.979797464	395.979797464	1.19029998779	396	396	396	396
9	"1"	"1"	6	FALSE	0	45	100	0	0	395.979797464	395.979797464	1.22348999977	400	400	400	400
9	"1"	"1"	6	FALSE	0	45	100	0	0	395.979797464	395.979797464	1.25707101822	403	403	403	403
9	"1"	"1"	6	FALSE	0	45	100	0	0	395.979797464	395.979797464	1.29034399986	405	405	405	405
9	"1"	"1"	7	FALSE	0	90	100	0	0	3.42901103761e-14	560	0.00223302841187	8	11	8	11
9	"1"	"1"	7	FALSE	0	90	100	0	0	3.42901103761e-14	560	0.0220069885254	8	12	8	12
9	"1"	"1"	7	FALSE	0	90	100	0	0	3.42901103761e-14	560	0.055636882782	8	11	8	11
9	"1"	"1"	7	FALSE	0	90	100	0	0	3.42901103761e-14	560	0.0888910293579	8	11	8	11
9	"1"	"1"	7	FALSE	0	90	100	0	0	3.42901103761e-14	560	0.122175931931	8	11	8	11
9	"1"	"1"	7	FALSE	0	90	100	0	0	3.42901103761e-14	560	0.15579199791	8	11	8	11
9	"1"	"1"	7	FALSE	0	90	100	0	0	3.42901103761e-14	560	0.188942909241	8	11	8	11
9	"1"	"1"	7	FALSE	0	90	100	0	0	3.42901103761e-14	560	0.222229003906	8	9	8	9
9	"1"	"1"	7	FALSE	0	90	100	0	0	3.42901103761e-14	560	0.255874872208	8	6	8	6
9	"1"	"1"	7	FALSE	0	90	100	0	0	3.42901103761e-14	560	0.289135932922	8	5	8	5
9	"1"	"1"	7	FALSE	0	90	100	0	0	3.42901103761e-14	560	0.322228908539	8	4	8	4
9	"1"	"1"	7	FALSE	0	90	100	0	0	3.42901103761e-14	560	0.355901002884	8	5	8	5
9	"1"	"1"	7	FALSE	0	90	100	0	0	3.42901103761e-14	560	0.389214038849	9	8	9	8
9	"1"	"1"	7	FALSE	0	90	100	0	0	3.42901103761e-14	560	0.422550916672	12	17	12	17
9	"1"	"1"	7	FALSE	0	90	100	0	0	3.42901103761e-14	560	0.455955028534	17	31	17	31
9	"1"	"1"	7	FALSE	0	90	100	0	0	3.42901103761e-14	560	0.489120960236	21	48	21	48
9	"1"	"1"	7	FALSE	0	90	100	0	0	3.42901103761e-14	560	0.522104978561	25	70	25	70
9	"1"	"1"	7	FALSE	0	90	100	0	0	3.42901103761e-14	560	0.556069850922	29	91	29	91
9	"1"	"1"	7	FALSE	0	90	100	0	0	3.42901103761e-14	560	0.589216947556	32	112	32	112
9	"1"	"1"	7	FALSE	0	90	100	0	0	3.42901103761e-14	560	0.622082948685	33	133	33	133
9	"1"	"1"	7	FALSE	0	90	100	0	0	3.42901103761e-14	560	0.656077861786	35	161	35	161
9	"1"	"1"	7	FALSE	0	90	100	0	0	3.42901103761e-14	560	0.689265012741	37	190	37	190
9	"1"	"1"	7	FALSE	0	90	100	0	0	3.42901103761e-14	560	0.722278833389	36	213	36	213
9	"1"	"1"	7	FALSE	0	90	100	0	0	3.42901103761e-14	560	0.756098985672	35	243	35	243
9	"1"	"1"	7	FALSE	0	90	100	0	0	3.42901103761e-14	560	0.789525985718	36	272	36	272
9	"1"	"1"	7	FALSE	0	90	100	0	0	3.42901103761e-14	560	0.822458028793	35	300	35	300
9	"1"	"1"	7	FALSE	0	90	100	0	0	3.42901103761e-14	560	0.856271982193	33	324	33	324
9	"1"	"1"	7	FALSE	0	90	100	0	0	3.42901103761e-14	560	0.889568805695	31	352	31	352
9	"1"	"1"	7	FALSE	0	90	100	0	0	3.42901103761e-14	560	0.92284989357	27	379	27	379
9	"1"	"1"	7	FALSE	0	90	100	0	0	3.42901103761e-14	560	0.955919981003	25	401	25	401
9	"1"	"1"	7	FALSE	0	90	100	0	0	3.42901103761e-14	560	0.989630937576	24	430	24	430
9	"1"	"1"	7	FALSE	0	90	100	0	0	3.42901103761e-14	560	1.02298903465	22	448	22	448
9	"1"	"1"	7	FALSE	0	90	100	0	0	3.42901103761e-14	560	1.05624604225	19	465	19	465
9	"1"	"1"	7	FALSE	0	90	100	0	0	3.42901103761e-14	560	1.08961892128	16	478	16	478
9	"1"	"1"	7	FALSE	0	90	100	0	0	3.42901103761e-14	560	1.12297081947	12	492	12	492
9	"1"	"1"	7	FALSE	0	90	100	0	0	3.42901103761e-14	560	1.15647792816	7	504	7	504
9	"1"	"1"	7	FALSE	0	90	100	0	0	3.42901103761e-14	560	1.18987298012	3	513	3	513
9	"1"	"1"	7	FALSE	0	90	100	0	0	3.42901103761e-14	560	1.22322893143	-1	521	-1	521
9	"1"	"1"	7	FALSE	0	90	100	0	0	3.42901103761e-14	560	1.25621581078	-5	530	-5	530
9	"1"	"1"	7	FALSE	0	90	100	0	0	3.42901103761e-14	560	1.28995394707	-8	537	-8	537
9	"1"	"1"	7	FALSE	0	90	100	0	0	3.42901103761e-14	560	1.3231048584	-10	546	-10	546
9	"1"	"1"	7	FALSE	0	90	100	0	0	3.42901103761e-14	560	1.35602402687	-12	553	-12	553
9	"1"	"1"	7	FALSE	0	90	100	0	0	3.42901103761e-14	560	1.39004182816	-13	559	-13	559
9	"1"	"1"	7	FALSE	0	90	100	0	0	3.42901103761e-14	560	1.42331290245	-13	563	-13	563
9	"1"	"1"	7	FALSE	0	90	100	0	0	3.42901103761e-14	560	1.45617198944	-13	567	-13	567
9	"1"	"1"	7	FALSE	0	90	100	0	0	3.42901103761e-14	560	1.49003386497	-12	568	-12	568
9	"1"	"1"	7	FALSE	0	90	100	0	0	3.42901103761e-14	560	1.52290201187	-12	568	-12	568
9	"1"	"1"	8	FALSE	0	45	100	0	0	395.979797464	395.979797464	0.00175309181213	7	-8	7	-8
9	"1"	"1"	8	FALSE	0	45	100	0	0	395.979797464	395.979797464	0.0221130847931	7	-8	7	-8
9	"1"	"1"	8	FALSE	0	45	100	0	0	395.979797464	395.979797464	0.0553321838379	7	-8	7	-8
9	"1"	"1"	8	FALSE	0	45	100	0	0	395.979797464	395.979797464	0.0888350009918	7	-8	7	-8
9	"1"	"1"	8	FALSE	0	45	100	0	0	395.979797464	395.979797464	0.122371196747	7	-8	7	-8
9	"1"	"1"	8	FALSE	0	45	100	0	0	395.979797464	395.979797464	0.155657052994	5	-8	5	-8
9	"1"	"1"	8	FALSE	0	45	100	0	0	395.979797464	395.979797464	0.188924074173	3	-8	3	-8
9	"1"	"1"	8	FALSE	0	45	100	0	0	395.979797464	395.979797464	0.222468137741	2	-6	2	-6
9	"1"	"1"	8	FALSE	0	45	100	0	0	395.979797464	395.979797464	0.255773067474	1	-4	1	-4
9	"1"	"1"	8	FALSE	0	45	100	0	0	395.979797464	395.979797464	0.289170026779	1	-3	1	-3
9	"1"	"1"	8	FALSE	0	45	100	0	0	395.979797464	395.979797464	0.322272062302	1	-2	1	-2
9	"1"	"1"	8	FALSE	0	45	100	0	0	395.979797464	395.979797464	0.355847120285	2	1	2	1
9	"1"	"1"	8	FALSE	0	45	100	0	0	395.979797464	395.979797464	0.389223098755	7	8	7	8
9	"1"	"1"	8	FALSE	0	45	100	0	0	395.979797464	395.979797464	0.421996116638	17	20	17	20
9	"1"	"1"	8	FALSE	0	45	100	0	0	395.979797464	395.979797464	0.45584321022	29	35	29	35
9	"1"	"1"	8	FALSE	0	45	100	0	0	395.979797464	395.979797464	0.489153146744	51	60	51	60
9	"1"	"1"	8	FALSE	0	45	100	0	0	395.979797464	395.979797464	0.522565126419	72	82	72	82
9	"1"	"1"	8	FALSE	0	45	100	0	0	395.979797464	395.979797464	0.555874109268	91	103	91	103
9	"1"	"1"	8	FALSE	0	45	100	0	0	395.979797464	395.979797464	0.588642120361	115	128	115	128
9	"1"	"1"	8	FALSE	0	45	100	0	0	395.979797464	395.979797464	0.622740983963	135	151	135	151
9	"1"	"1"	8	FALSE	0	45	100	0	0	395.979797464	395.979797464	0.656085014343	159	178	159	178
9	"1"	"1"	8	FALSE	0	45	100	0	0	395.979797464	395.979797464	0.689355134964	182	203	182	203
9	"1"	"1"	8	FALSE	0	45	100	0	0	395.979797464	395.979797464	0.722218990326	202	230	202	230
9	"1"	"1"	8	FALSE	0	45	100	0	0	395.979797464	395.979797464	0.756157159805	232	259	232	259
9	"1"	"1"	8	FALSE	0	45	100	0	0	395.979797464	395.979797464	0.789552211761	254	282	254	282
9	"1"	"1"	8	FALSE	0	45	100	0	0	395.979797464	395.979797464	0.822442054749	277	306	277	306
9	"1"	"1"	8	FALSE	0	45	100	0	0	395.979797464	395.979797464	0.856218099594	300	329	300	329
9	"1"	"1"	8	FALSE	0	45	100	0	0	395.979797464	395.979797464	0.889418125153	317	347	317	347
9	"1"	"1"	8	FALSE	0	45	100	0	0	395.979797464	395.979797464	0.922936201096	332	361	332	361
9	"1"	"1"	8	FALSE	0	45	100	0	0	395.979797464	395.979797464	0.956372976303	352	381	352	381
9	"1"	"1"	8	FALSE	0	45	100	0	0	395.979797464	395.979797464	0.989683151245	369	393	369	393
9	"1"	"1"	8	FALSE	0	45	100	0	0	395.979797464	395.979797464	1.02297520638	380	402	380	402
9	"1"	"1"	8	FALSE	0	45	100	0	0	395.979797464	395.979797464	1.055727005	391	410	391	410
9	"1"	"1"	8	FALSE	0	45	100	0	0	395.979797464	395.979797464	1.08980298042	402	416	402	416
9	"1"	"1"	8	FALSE	0	45	100	0	0	395.979797464	395.979797464	1.12303304672	410	418	410	418
9	"1"	"1"	8	FALSE	0	45	100	0	0	395.979797464	395.979797464	1.15639805794	411	418	411	418
9	"1"	"1"	8	FALSE	0	45	100	0	0	395.979797464	395.979797464	1.18942308426	411	418	411	418
9	"1"	"1"	8	FALSE	0	45	100	0	0	395.979797464	395.979797464	1.22246718407	412	415	412	415
9	"1"	"1"	8	FALSE	0	45	100	0	0	395.979797464	395.979797464	1.25652599335	410	409	410	409
9	"1"	"1"	8	FALSE	0	45	100	0	0	395.979797464	395.979797464	1.2898311615	409	405	409	405
9	"1"	"1"	8	FALSE	0	45	100	0	0	395.979797464	395.979797464	1.32261419296	409	403	409	403
9	"1"	"1"	8	FALSE	0	45	100	0	0	395.979797464	395.979797464	1.35638904572	409	403	409	403
9	"1"	"1"	8	FALSE	0	45	100	0	0	395.979797464	395.979797464	1.38996315002	409	401	409	401
9	"1"	"1"	8	FALSE	0	45	100	0	0	395.979797464	395.979797464	1.42300200462	408	399	408	399
9	"1"	"1"	9	FALSE	0	135	100	0	0	-395.979797464	395.979797464	0.00197100639343	8	2	8	2
9	"1"	"1"	9	FALSE	0	135	100	0	0	-395.979797464	395.979797464	0.0222799777985	6	-1	6	-1
9	"1"	"1"	9	FALSE	0	135	100	0	0	-395.979797464	395.979797464	0.055988073349	4	-2	4	-2
9	"1"	"1"	9	FALSE	0	135	100	0	0	-395.979797464	395.979797464	0.0892820358276	4	-2	4	-2
9	"1"	"1"	9	FALSE	0	135	100	0	0	-395.979797464	395.979797464	0.122663021088	4	-2	4	-2
9	"1"	"1"	9	FALSE	0	135	100	0	0	-395.979797464	395.979797464	0.156002998352	4	-2	4	-2
9	"1"	"1"	9	FALSE	0	135	100	0	0	-395.979797464	395.979797464	0.188719987869	4	-2	4	-2
9	"1"	"1"	9	FALSE	0	135	100	0	0	-395.979797464	395.979797464	0.222711086273	4	-2	4	-2
9	"1"	"1"	9	FALSE	0	135	100	0	0	-395.979797464	395.979797464	0.255941152573	4	-2	4	-2
9	"1"	"1"	9	FALSE	0	135	100	0	0	-395.979797464	395.979797464	0.289475917816	4	-2	4	-2
9	"1"	"1"	9	FALSE	0	135	100	0	0	-395.979797464	395.979797464	0.322802066803	2	-2	2	-2
9	"1"	"1"	9	FALSE	0	135	100	0	0	-395.979797464	395.979797464	0.356073141098	-2	2	-2	2
9	"1"	"1"	9	FALSE	0	135	100	0	0	-395.979797464	395.979797464	0.389586925507	-9	9	-9	9
9	"1"	"1"	9	FALSE	0	135	100	0	0	-395.979797464	395.979797464	0.422804117203	-18	17	-18	17
9	"1"	"1"	9	FALSE	0	135	100	0	0	-395.979797464	395.979797464	0.456226110458	-34	26	-34	26
9	"1"	"1"	9	FALSE	0	135	100	0	0	-395.979797464	395.979797464	0.489599943161	-54	35	-54	35
9	"1"	"1"	9	FALSE	0	135	100	0	0	-395.979797464	395.979797464	0.52286195755	-75	47	-75	47
9	"1"	"1"	9	FALSE	0	135	100	0	0	-395.979797464	395.979797464	0.556082963943	-98	60	-98	60
9	"1"	"1"	9	FALSE	0	135	100	0	0	-395.979797464	395.979797464	0.589484930038	-122	75	-122	75
9	"1"	"1"	9	FALSE	0	135	100	0	0	-395.979797464	395.979797464	0.623008012772	-142	92	-142	92
9	"1"	"1"	9	FALSE	0	135	100	0	0	-395.979797464	395.979797464	0.656378984451	-170	110	-170	110
9	"1"	"1"	9	FALSE	0	135	100	0	0	-395.979797464	395.979797464	0.689641952515	-188	130	-188	130
9	"1"	"1"	9	FALSE	0	135	100	0	0	-395.979797464	395.979797464	0.723103046417	-209	157	-209	157
9	"1"	"1"	9	FALSE	0	135	100	0	0	-395.979797464	395.979797464	0.756283998489	-226	180	-226	180
9	"1"	"1"	9	FALSE	0	135	100	0	0	-395.979797464	395.979797464	0.789911031723	-245	208	-245	208
9	"1"	"1"	9	FALSE	0	135	100	0	0	-395.979797464	395.979797464	0.82316493988	-263	234	-263	234
9	"1"	"1"	9	FALSE	0	135	100	0	0	-395.979797464	395.979797464	0.856590032578	-277	255	-277	255
9	"1"	"1"	9	FALSE	0	135	100	0	0	-395.979797464	395.979797464	0.889822006226	-292	276	-292	276
9	"1"	"1"	9	FALSE	0	135	100	0	0	-395.979797464	395.979797464	0.923143148422	-306	297	-306	297
9	"1"	"1"	9	FALSE	0	135	100	0	0	-395.979797464	395.979797464	0.956573963165	-318	312	-318	312
9	"1"	"1"	9	FALSE	0	135	100	0	0	-395.979797464	395.979797464	0.989964962006	-330	329	-330	329
9	"1"	"1"	9	FALSE	0	135	100	0	0	-395.979797464	395.979797464	1.02331900597	-341	343	-341	343
9	"1"	"1"	9	FALSE	0	135	100	0	0	-395.979797464	395.979797464	1.05669403076	-352	358	-352	358
9	"1"	"1"	9	FALSE	0	135	100	0	0	-395.979797464	395.979797464	1.090031147	-360	370	-360	370
9	"1"	"1"	9	FALSE	0	135	100	0	0	-395.979797464	395.979797464	1.1233830452	-369	383	-369	383
9	"1"	"1"	9	FALSE	0	135	100	0	0	-395.979797464	395.979797464	1.15660405159	-377	391	-377	391
9	"1"	"1"	9	FALSE	0	135	100	0	0	-395.979797464	395.979797464	1.18962597847	-382	395	-382	395
9	"1"	"1"	9	FALSE	0	135	100	0	0	-395.979797464	395.979797464	1.22356200218	-388	397	-388	397
9	"1"	"1"	9	FALSE	0	135	100	0	0	-395.979797464	395.979797464	1.25687503815	-392	396	-392	396
9	"1"	"1"	9	FALSE	0	135	100	0	0	-395.979797464	395.979797464	1.29026293755	-395	394	-395	394
9	"1"	"1"	10	FALSE	0	90	100	0	0	3.42901103761e-14	560	0.00176596641541	-6	-1	-6	-1
9	"1"	"1"	10	FALSE	0	90	100	0	0	3.42901103761e-14	560	0.0217428207397	-6	-1	-6	-1
9	"1"	"1"	10	FALSE	0	90	100	0	0	3.42901103761e-14	560	0.0551538467407	-6	-1	-6	-1
9	"1"	"1"	10	FALSE	0	90	100	0	0	3.42901103761e-14	560	0.0886478424072	-6	-1	-6	-1
9	"1"	"1"	10	FALSE	0	90	100	0	0	3.42901103761e-14	560	0.12190079689	-6	-1	-6	-1
9	"1"	"1"	10	FALSE	0	90	100	0	0	3.42901103761e-14	560	0.155256986618	-5	-1	-5	-1
9	"1"	"1"	10	FALSE	0	90	100	0	0	3.42901103761e-14	560	0.188737869263	-5	-1	-5	-1
9	"1"	"1"	10	FALSE	0	90	100	0	0	3.42901103761e-14	560	0.222132921219	-5	0	-5	0
9	"1"	"1"	10	FALSE	0	90	100	0	0	3.42901103761e-14	560	0.25479388237	-3	4	-3	4
9	"1"	"1"	10	FALSE	0	90	100	0	0	3.42901103761e-14	560	0.288764953613	-1	9	-1	9
9	"1"	"1"	10	FALSE	0	90	100	0	0	3.42901103761e-14	560	0.322086811066	1	19	1	19
9	"1"	"1"	10	FALSE	0	90	100	0	0	3.42901103761e-14	560	0.355024814606	0	27	0	27
9	"1"	"1"	10	FALSE	0	90	100	0	0	3.42901103761e-14	560	0.388912916183	-2	41	-2	41
9	"1"	"1"	10	FALSE	0	90	100	0	0	3.42901103761e-14	560	0.422183990479	-2	65	-2	65
9	"1"	"1"	10	FALSE	0	90	100	0	0	3.42901103761e-14	560	0.455609798431	-1	91	-1	91
9	"1"	"1"	10	FALSE	0	90	100	0	0	3.42901103761e-14	560	0.488747835159	-2	119	-2	119
9	"1"	"1"	10	FALSE	0	90	100	0	0	3.42901103761e-14	560	0.522056818008	-1	147	-1	147
9	"1"	"1"	10	FALSE	0	90	100	0	0	3.42901103761e-14	560	0.555658817291	-1	180	-1	180
9	"1"	"1"	10	FALSE	0	90	100	0	0	3.42901103761e-14	560	0.588941812515	-4	213	-4	213
9	"1"	"1"	10	FALSE	0	90	100	0	0	3.42901103761e-14	560	0.622008800507	-4	242	-4	242
9	"1"	"1"	10	FALSE	0	90	100	0	0	3.42901103761e-14	560	0.655726909637	-3	273	-3	273
9	"1"	"1"	10	FALSE	0	90	100	0	0	3.42901103761e-14	560	0.689080953598	-5	303	-5	303
9	"1"	"1"	10	FALSE	0	90	100	0	0	3.42901103761e-14	560	0.722421884537	-5	331	-5	331
9	"1"	"1"	10	FALSE	0	90	100	0	0	3.42901103761e-14	560	0.755829811096	-3	353	-3	353
9	"1"	"1"	10	FALSE	0	90	100	0	0	3.42901103761e-14	560	0.789220809937	-3	378	-3	378
9	"1"	"1"	10	FALSE	0	90	100	0	0	3.42901103761e-14	560	0.822238922119	-5	399	-5	399
9	"1"	"1"	10	FALSE	0	90	100	0	0	3.42901103761e-14	560	0.855902910233	-4	419	-4	419
9	"1"	"1"	10	FALSE	0	90	100	0	0	3.42901103761e-14	560	0.889242887497	-3	440	-3	440
9	"1"	"1"	10	FALSE	0	90	100	0	0	3.42901103761e-14	560	0.922600984573	-2	462	-2	462
9	"1"	"1"	10	FALSE	0	90	100	0	0	3.42901103761e-14	560	0.955893993378	-3	475	-3	475
9	"1"	"1"	10	FALSE	0	90	100	0	0	3.42901103761e-14	560	0.989533901215	-2	488	-2	488
9	"1"	"1"	10	FALSE	0	90	100	0	0	3.42901103761e-14	560	1.02264380455	-3	501	-3	501
9	"1"	"1"	10	FALSE	0	90	100	0	0	3.42901103761e-14	560	1.05611395836	-4	513	-4	513
9	"1"	"1"	10	FALSE	0	90	100	0	0	3.42901103761e-14	560	1.08938288689	-4	524	-4	524
9	"1"	"1"	10	FALSE	0	90	100	0	0	3.42901103761e-14	560	1.12245488167	-3	533	-3	533
9	"1"	"1"	10	FALSE	0	90	100	0	0	3.42901103761e-14	560	1.1561229229	-2	542	-2	542
9	"1"	"1"	10	FALSE	0	90	100	0	0	3.42901103761e-14	560	1.18912792206	-1	548	-1	548
9	"1"	"1"	10	FALSE	0	90	100	0	0	3.42901103761e-14	560	1.22290492058	0	554	0	554
9	"1"	"1"	10	FALSE	0	90	100	0	0	3.42901103761e-14	560	1.25619792938	1	559	1	559
9	"1"	"1"	10	FALSE	0	90	100	0	0	3.42901103761e-14	560	1.28955578804	2	562	2	562
9	"1"	"1"	10	FALSE	0	90	100	0	0	3.42901103761e-14	560	1.32275080681	3	565	3	565
9	"1"	"1"	10	FALSE	0	90	100	0	0	3.42901103761e-14	560	1.35627889633	4	568	4	568
9	"1"	"1"	11	FALSE	0	45	100	0	0	395.979797464	395.979797464	0.00188899040222	-7	-10	-7	-10
9	"1"	"1"	11	FALSE	0	45	100	0	0	395.979797464	395.979797464	0.0219709873199	-7	-10	-7	-10
9	"1"	"1"	11	FALSE	0	45	100	0	0	395.979797464	395.979797464	0.0555510520935	-7	-10	-7	-10
9	"1"	"1"	11	FALSE	0	45	100	0	0	395.979797464	395.979797464	0.0888161659241	-6	-9	-6	-9
9	"1"	"1"	11	FALSE	0	45	100	0	0	395.979797464	395.979797464	0.122246026993	-4	-6	-4	-6
9	"1"	"1"	11	FALSE	0	45	100	0	0	395.979797464	395.979797464	0.155570983887	-4	-6	-4	-6
9	"1"	"1"	11	FALSE	0	45	100	0	0	395.979797464	395.979797464	0.188893079758	-4	-6	-4	-6
9	"1"	"1"	11	FALSE	0	45	100	0	0	395.979797464	395.979797464	0.222171068192	-4	-6	-4	-6
9	"1"	"1"	11	FALSE	0	45	100	0	0	395.979797464	395.979797464	0.255262136459	-4	-6	-4	-6
9	"1"	"1"	11	FALSE	0	45	100	0	0	395.979797464	395.979797464	0.289086103439	-4	-6	-4	-6
9	"1"	"1"	11	FALSE	0	45	100	0	0	395.979797464	395.979797464	0.322304964066	-2	-2	-2	-2
9	"1"	"1"	11	FALSE	0	45	100	0	0	395.979797464	395.979797464	0.355714082718	5	5	5	5
9	"1"	"1"	11	FALSE	0	45	100	0	0	395.979797464	395.979797464	0.389153957367	15	17	15	17
9	"1"	"1"	11	FALSE	0	45	100	0	0	395.979797464	395.979797464	0.422460079193	32	34	32	34
9	"1"	"1"	11	FALSE	0	45	100	0	0	395.979797464	395.979797464	0.455492973328	61	62	61	62
9	"1"	"1"	11	FALSE	0	45	100	0	0	395.979797464	395.979797464	0.48920416832	84	83	84	83
9	"1"	"1"	11	FALSE	0	45	100	0	0	395.979797464	395.979797464	0.522570133209	110	109	110	109
9	"1"	"1"	11	FALSE	0	45	100	0	0	395.979797464	395.979797464	0.555859088898	140	138	140	138
9	"1"	"1"	11	FALSE	0	45	100	0	0	395.979797464	395.979797464	0.589194059372	172	167	172	167
9	"1"	"1"	11	FALSE	0	45	100	0	0	395.979797464	395.979797464	0.622498035431	199	195	199	195
9	"1"	"1"	11	FALSE	0	45	100	0	0	395.979797464	395.979797464	0.655903100967	222	218	222	218
9	"1"	"1"	11	FALSE	0	45	100	0	0	395.979797464	395.979797464	0.689330101013	249	246	249	246
9	"1"	"1"	11	FALSE	0	45	100	0	0	395.979797464	395.979797464	0.722556114197	272	270	272	270
9	"1"	"1"	11	FALSE	0	45	100	0	0	395.979797464	395.979797464	0.755439043045	292	290	292	290
9	"1"	"1"	11	FALSE	0	45	100	0	0	395.979797464	395.979797464	0.789433002472	312	312	312	312
9	"1"	"1"	11	FALSE	0	45	100	0	0	395.979797464	395.979797464	0.82267999649	326	328	326	328
9	"1"	"1"	11	FALSE	0	45	100	0	0	395.979797464	395.979797464	0.855580091476	338	345	338	345
9	"1"	"1"	11	FALSE	0	45	100	0	0	395.979797464	395.979797464	0.889481067657	350	358	350	358
9	"1"	"1"	11	FALSE	0	45	100	0	0	395.979797464	395.979797464	0.922842979431	358	371	358	371
9	"1"	"1"	11	FALSE	0	45	100	0	0	395.979797464	395.979797464	0.955770969391	366	381	366	381
9	"1"	"1"	11	FALSE	0	45	100	0	0	395.979797464	395.979797464	0.989448070526	373	389	373	389
9	"1"	"1"	11	FALSE	0	45	100	0	0	395.979797464	395.979797464	1.02287602425	379	394	379	394
9	"1"	"1"	11	FALSE	0	45	100	0	0	395.979797464	395.979797464	1.05561900139	382	397	382	397
9	"1"	"1"	11	FALSE	0	45	100	0	0	395.979797464	395.979797464	1.08963608742	389	402	389	402
9	"1"	"1"	11	FALSE	0	45	100	0	0	395.979797464	395.979797464	1.12289810181	396	407	396	407
9	"1"	"1"	11	FALSE	0	45	100	0	0	395.979797464	395.979797464	1.1556801796	398	409	398	409
9	"1"	"1"	12	FALSE	0	135	100	0	0	-395.979797464	395.979797464	0.00184106826782	-8	-11	-8	-11
9	"1"	"1"	12	FALSE	0	135	100	0	0	-395.979797464	395.979797464	0.0222809314728	-8	-11	-8	-11
9	"1"	"1"	12	FALSE	0	135	100	0	0	-395.979797464	395.979797464	0.0556988716125	-8	-10	-8	-10
9	"1"	"1"	12	FALSE	0	135	100	0	0	-395.979797464	395.979797464	0.0890309810638	-8	-10	-8	-10
9	"1"	"1"	12	FALSE	0	135	100	0	0	-395.979797464	395.979797464	0.122536897659	-8	-10	-8	-10
9	"1"	"1"	12	FALSE	0	135	100	0	0	-395.979797464	395.979797464	0.155759096146	-8	-10	-8	-10
9	"1"	"1"	12	FALSE	0	135	100	0	0	-395.979797464	395.979797464	0.189199924469	-8	-10	-8	-10
9	"1"	"1"	12	FALSE	0	135	100	0	0	-395.979797464	395.979797464	0.222594022751	-9	-10	-9	-10
9	"1"	"1"	12	FALSE	0	135	100	0	0	-395.979797464	395.979797464	0.255968093872	-9	-10	-9	-10
9	"1"	"1"	12	FALSE	0	135	100	0	0	-395.979797464	395.979797464	0.289280891418	-9	-10	-9	-10
9	"1"	"1"	12	FALSE	0	135	100	0	0	-395.979797464	395.979797464	0.322745084763	-10	-10	-10	-10
9	"1"	"1"	12	FALSE	0	135	100	0	0	-395.979797464	395.979797464	0.355988025665	-12	-6	-12	-6
9	"1"	"1"	12	FALSE	0	135	100	0	0	-395.979797464	395.979797464	0.3893699646	-17	3	-17	3
9	"1"	"1"	12	FALSE	0	135	100	0	0	-395.979797464	395.979797464	0.422790050507	-25	15	-25	15
9	"1"	"1"	12	FALSE	0	135	100	0	0	-395.979797464	395.979797464	0.45615696907	-36	26	-36	26
9	"1"	"1"	12	FALSE	0	135	100	0	0	-395.979797464	395.979797464	0.489481925964	-52	44	-52	44
9	"1"	"1"	12	FALSE	0	135	100	0	0	-395.979797464	395.979797464	0.522792100906	-75	64	-75	64
9	"1"	"1"	12	FALSE	0	135	100	0	0	-395.979797464	395.979797464	0.556240081787	-98	84	-98	84
9	"1"	"1"	12	FALSE	0	135	100	0	0	-395.979797464	395.979797464	0.58952999115	-121	103	-121	103
9	"1"	"1"	12	FALSE	0	135	100	0	0	-395.979797464	395.979797464	0.622843980789	-146	125	-146	125
9	"1"	"1"	12	FALSE	0	135	100	0	0	-395.979797464	395.979797464	0.656215906143	-171	148	-171	148
9	"1"	"1"	12	FALSE	0	135	100	0	0	-395.979797464	395.979797464	0.689580917358	-193	168	-193	168
9	"1"	"1"	12	FALSE	0	135	100	0	0	-395.979797464	395.979797464	0.722784042358	-218	190	-218	190
9	"1"	"1"	12	FALSE	0	135	100	0	0	-395.979797464	395.979797464	0.756171941757	-240	212	-240	212
9	"1"	"1"	12	FALSE	0	135	100	0	0	-395.979797464	395.979797464	0.789598941803	-261	233	-261	233
9	"1"	"1"	12	FALSE	0	135	100	0	0	-395.979797464	395.979797464	0.822993040085	-280	253	-280	253
9	"1"	"1"	12	FALSE	0	135	100	0	0	-395.979797464	395.979797464	0.856343984604	-294	269	-294	269
9	"1"	"1"	12	FALSE	0	135	100	0	0	-395.979797464	395.979797464	0.889862060547	-309	287	-309	287
9	"1"	"1"	12	FALSE	0	135	100	0	0	-395.979797464	395.979797464	0.923084020615	-321	300	-321	300
9	"1"	"1"	12	FALSE	0	135	100	0	0	-395.979797464	395.979797464	0.956470966339	-333	317	-333	317
9	"1"	"1"	12	FALSE	0	135	100	0	0	-395.979797464	395.979797464	0.989835977554	-343	333	-343	333
9	"1"	"1"	12	FALSE	0	135	100	0	0	-395.979797464	395.979797464	1.02322697639	-350	344	-350	344
9	"1"	"1"	12	FALSE	0	135	100	0	0	-395.979797464	395.979797464	1.05661702156	-358	354	-358	354
9	"1"	"1"	12	FALSE	0	135	100	0	0	-395.979797464	395.979797464	1.08992791176	-364	361	-364	361
9	"1"	"1"	12	FALSE	0	135	100	0	0	-395.979797464	395.979797464	1.12326598167	-369	367	-369	367
9	"1"	"1"	12	FALSE	0	135	100	0	0	-395.979797464	395.979797464	1.1566889286	-372	372	-372	372
9	"1"	"1"	12	FALSE	0	135	100	0	0	-395.979797464	395.979797464	1.1901140213	-376	377	-376	377
9	"1"	"1"	12	FALSE	0	135	100	0	0	-395.979797464	395.979797464	1.22332787514	-379	381	-379	381
9	"1"	"1"	12	FALSE	0	135	100	0	0	-395.979797464	395.979797464	1.25666093826	-382	384	-382	384
9	"1"	"1"	12	FALSE	0	135	100	0	0	-395.979797464	395.979797464	1.29004597664	-387	387	-387	387
9	"1"	"1"	12	FALSE	0	135	100	0	0	-395.979797464	395.979797464	1.32340693474	-391	389	-391	389
9	"1"	"1"	12	FALSE	0	135	100	0	0	-395.979797464	395.979797464	1.35687804222	-394	393	-394	393
9	"1"	"1"	12	FALSE	0	135	100	0	0	-395.979797464	395.979797464	1.39015102386	-396	396	-396	396
9	"1"	"1"	12	FALSE	0	135	100	0	0	-395.979797464	395.979797464	1.42353487015	-397	399	-397	399
9	"1"	"1"	12	FALSE	0	135	100	0	0	-395.979797464	395.979797464	1.45681786537	-398	401	-398	401
9	"1"	"1"	12	FALSE	0	135	100	0	0	-395.979797464	395.979797464	1.49026799202	-398	403	-398	403
9	"1"	"1"	13	FALSE	0	135	100	0	0	-395.979797464	395.979797464	0.00197696685791	7	4	7	4
9	"1"	"1"	13	FALSE	0	135	100	0	0	-395.979797464	395.979797464	0.0220890045166	7	4	7	4
9	"1"	"1"	13	FALSE	0	135	100	0	0	-395.979797464	395.979797464	0.0556709766388	7	4	7	4
9	"1"	"1"	13	FALSE	0	135	100	0	0	-395.979797464	395.979797464	0.0887820720673	7	4	7	4
9	"1"	"1"	13	FALSE	0	135	100	0	0	-395.979797464	395.979797464	0.122251033783	7	4	7	4
9	"1"	"1"	13	FALSE	0	135	100	0	0	-395.979797464	395.979797464	0.155564069748	7	4	7	4
9	"1"	"1"	13	FALSE	0	135	100	0	0	-395.979797464	395.979797464	0.189112901688	7	4	7	4
9	"1"	"1"	13	FALSE	0	135	100	0	0	-395.979797464	395.979797464	0.222482919693	7	4	7	4
9	"1"	"1"	13	FALSE	0	135	100	0	0	-395.979797464	395.979797464	0.255836009979	7	4	7	4
9	"1"	"1"	13	FALSE	0	135	100	0	0	-395.979797464	395.979797464	0.289128065109	7	4	7	4
9	"1"	"1"	13	FALSE	0	135	100	0	0	-395.979797464	395.979797464	0.322447061539	6	5	6	5
9	"1"	"1"	13	FALSE	0	135	100	0	0	-395.979797464	395.979797464	0.355499982834	1	9	1	9
9	"1"	"1"	13	FALSE	0	135	100	0	0	-395.979797464	395.979797464	0.389200925827	-6	17	-6	17
9	"1"	"1"	13	FALSE	0	135	100	0	0	-395.979797464	395.979797464	0.422683954239	-16	29	-16	29
9	"1"	"1"	13	FALSE	0	135	100	0	0	-395.979797464	395.979797464	0.456093072891	-30	43	-30	43
9	"1"	"1"	13	FALSE	0	135	100	0	0	-395.979797464	395.979797464	0.489398956299	-45	58	-45	58
9	"1"	"1"	13	FALSE	0	135	100	0	0	-395.979797464	395.979797464	0.522677898407	-69	82	-69	82
9	"1"	"1"	13	FALSE	0	135	100	0	0	-395.979797464	395.979797464	0.55611205101	-94	103	-94	103
9	"1"	"1"	13	FALSE	0	135	100	0	0	-395.979797464	395.979797464	0.589455127716	-118	120	-118	120
9	"1"	"1"	13	FALSE	0	135	100	0	0	-395.979797464	395.979797464	0.622838020325	-148	142	-148	142
9	"1"	"1"	13	FALSE	0	135	100	0	0	-395.979797464	395.979797464	0.656021118164	-178	163	-178	163
9	"1"	"1"	13	FALSE	0	135	100	0	0	-395.979797464	395.979797464	0.68950009346	-208	186	-208	186
9	"1"	"1"	13	FALSE	0	135	100	0	0	-395.979797464	395.979797464	0.722840070724	-233	205	-233	205
9	"1"	"1"	13	FALSE	0	135	100	0	0	-395.979797464	395.979797464	0.756123065948	-263	227	-263	227
9	"1"	"1"	13	FALSE	0	135	100	0	0	-395.979797464	395.979797464	0.789562940598	-291	247	-291	247
9	"1"	"1"	13	FALSE	0	135	100	0	0	-395.979797464	395.979797464	0.822861909866	-312	265	-312	265
9	"1"	"1"	13	FALSE	0	135	100	0	0	-395.979797464	395.979797464	0.856200933456	-333	290	-333	290
9	"1"	"1"	13	FALSE	0	135	100	0	0	-395.979797464	395.979797464	0.889586925507	-351	311	-351	311
9	"1"	"1"	13	FALSE	0	135	100	0	0	-395.979797464	395.979797464	0.923084020615	-364	328	-364	328
9	"1"	"1"	13	FALSE	0	135	100	0	0	-395.979797464	395.979797464	0.956376075745	-374	345	-374	345
9	"1"	"1"	13	FALSE	0	135	100	0	0	-395.979797464	395.979797464	0.989726066589	-384	360	-384	360
9	"1"	"1"	13	FALSE	0	135	100	0	0	-395.979797464	395.979797464	1.02305912971	-392	375	-392	375
9	"1"	"1"	13	FALSE	0	135	100	0	0	-395.979797464	395.979797464	1.05638694763	-397	385	-397	385
9	"1"	"1"	13	FALSE	0	135	100	0	0	-395.979797464	395.979797464	1.08977890015	-400	393	-400	393
9	"1"	"1"	13	FALSE	0	135	100	0	0	-395.979797464	395.979797464	1.12318611145	-402	399	-402	399
9	"1"	"1"	13	FALSE	0	135	100	0	0	-395.979797464	395.979797464	1.15637898445	-403	404	-403	404
9	"1"	"1"	13	FALSE	0	135	100	0	0	-395.979797464	395.979797464	1.18990707397	-403	407	-403	407
9	"1"	"1"	13	FALSE	0	135	100	0	0	-395.979797464	395.979797464	1.22314405441	-403	409	-403	409
9	"1"	"1"	13	FALSE	0	135	100	0	0	-395.979797464	395.979797464	1.2566549778	-403	411	-403	411
9	"1"	"1"	13	FALSE	0	135	100	0	0	-395.979797464	395.979797464	1.28996396065	-403	411	-403	411
9	"1"	"1"	13	FALSE	0	135	100	0	0	-395.979797464	395.979797464	1.32343292236	-404	411	-404	411
9	"1"	"1"	13	FALSE	0	135	100	0	0	-395.979797464	395.979797464	1.35666394234	-404	410	-404	410
9	"1"	"1"	13	FALSE	0	135	100	0	0	-395.979797464	395.979797464	1.38999509811	-404	410	-404	410
9	"1"	"1"	13	FALSE	0	135	100	0	0	-395.979797464	395.979797464	1.42339396477	-403	410	-403	410
9	"1"	"1"	13	FALSE	0	135	100	0	0	-395.979797464	395.979797464	1.45674490929	-403	410	-403	410
9	"1"	"1"	13	FALSE	0	135	100	0	0	-395.979797464	395.979797464	1.48949694633	-402	410	-402	410
9	"1"	"1"	13	FALSE	0	135	100	0	0	-395.979797464	395.979797464	1.5227959156	-400	407	-400	407
9	"1"	"1"	13	FALSE	0	135	100	0	0	-395.979797464	395.979797464	1.55600190163	-398	404	-398	404
9	"1"	"1"	13	FALSE	0	135	100	0	0	-395.979797464	395.979797464	1.58935403824	-398	402	-398	402
9	"1"	"1"	14	FALSE	0	90	100	0	0	3.42901103761e-14	560	0.00190496444702	1	-2	1	-2
9	"1"	"1"	14	FALSE	0	90	100	0	0	3.42901103761e-14	560	0.0220060348511	1	-2	1	-2
9	"1"	"1"	14	FALSE	0	90	100	0	0	3.42901103761e-14	560	0.0552680492401	1	-1	1	-1
9	"1"	"1"	14	FALSE	0	90	100	0	0	3.42901103761e-14	560	0.0889630317688	1	-1	1	-1
9	"1"	"1"	14	FALSE	0	90	100	0	0	3.42901103761e-14	560	0.12243103981	1	-1	1	-1
9	"1"	"1"	14	FALSE	0	90	100	0	0	3.42901103761e-14	560	0.155214071274	1	-1	1	-1
9	"1"	"1"	14	FALSE	0	90	100	0	0	3.42901103761e-14	560	0.188969135284	1	-1	1	-1
9	"1"	"1"	14	FALSE	0	90	100	0	0	3.42901103761e-14	560	0.222371101379	1	-1	1	-1
9	"1"	"1"	14	FALSE	0	90	100	0	0	3.42901103761e-14	560	0.255834102631	1	-1	1	-1
9	"1"	"1"	14	FALSE	0	90	100	0	0	3.42901103761e-14	560	0.28911113739	1	-1	1	-1
9	"1"	"1"	14	FALSE	0	90	100	0	0	3.42901103761e-14	560	0.321906089783	1	-1	1	-1
9	"1"	"1"	14	FALSE	0	90	100	0	0	3.42901103761e-14	560	0.355973005295	1	0	1	0
9	"1"	"1"	14	FALSE	0	90	100	0	0	3.42901103761e-14	560	0.389261960983	1	8	1	8
9	"1"	"1"	14	FALSE	0	90	100	0	0	3.42901103761e-14	560	0.422029972076	1	21	1	21
9	"1"	"1"	14	FALSE	0	90	100	0	0	3.42901103761e-14	560	0.456020116806	0	33	0	33
9	"1"	"1"	14	FALSE	0	90	100	0	0	3.42901103761e-14	560	0.48936009407	-1	58	-1	58
9	"1"	"1"	14	FALSE	0	90	100	0	0	3.42901103761e-14	560	0.522390127182	-1	80	-1	80
9	"1"	"1"	14	FALSE	0	90	100	0	0	3.42901103761e-14	560	0.556113958359	-3	100	-3	100
9	"1"	"1"	14	FALSE	0	90	100	0	0	3.42901103761e-14	560	0.589360952377	-6	126	-6	126
9	"1"	"1"	14	FALSE	0	90	100	0	0	3.42901103761e-14	560	0.622269153595	-7	152	-7	152
9	"1"	"1"	14	FALSE	0	90	100	0	0	3.42901103761e-14	560	0.656221151352	-9	187	-9	187
9	"1"	"1"	14	FALSE	0	90	100	0	0	3.42901103761e-14	560	0.689410924911	-11	213	-11	213
9	"1"	"1"	14	FALSE	0	90	100	0	0	3.42901103761e-14	560	0.722950935364	-15	244	-15	244
9	"1"	"1"	14	FALSE	0	90	100	0	0	3.42901103761e-14	560	0.756230115891	-17	274	-17	274
9	"1"	"1"	14	FALSE	0	90	100	0	0	3.42901103761e-14	560	0.788963079453	-18	298	-18	298
9	"1"	"1"	14	FALSE	0	90	100	0	0	3.42901103761e-14	560	0.823012113571	-21	324	-21	324
9	"1"	"1"	14	FALSE	0	90	100	0	0	3.42901103761e-14	560	0.856059074402	-24	349	-24	349
9	"1"	"1"	14	FALSE	0	90	100	0	0	3.42901103761e-14	560	0.88968706131	-25	376	-25	376
9	"1"	"1"	14	FALSE	0	90	100	0	0	3.42901103761e-14	560	0.922963142395	-26	396	-26	396
9	"1"	"1"	14	FALSE	0	90	100	0	0	3.42901103761e-14	560	0.956295967102	-28	420	-28	420
9	"1"	"1"	14	FALSE	0	90	100	0	0	3.42901103761e-14	560	0.989145040512	-27	442	-27	442
9	"1"	"1"	14	FALSE	0	90	100	0	0	3.42901103761e-14	560	1.02309894562	-25	461	-25	461
9	"1"	"1"	14	FALSE	0	90	100	0	0	3.42901103761e-14	560	1.05646204948	-25	482	-25	482
9	"1"	"1"	14	FALSE	0	90	100	0	0	3.42901103761e-14	560	1.08965206146	-22	498	-22	498
9	"1"	"1"	14	FALSE	0	90	100	0	0	3.42901103761e-14	560	1.12263011932	-20	512	-20	512
9	"1"	"1"	14	FALSE	0	90	100	0	0	3.42901103761e-14	560	1.15624499321	-17	526	-17	526
9	"1"	"1"	14	FALSE	0	90	100	0	0	3.42901103761e-14	560	1.18985795975	-14	540	-14	540
9	"1"	"1"	14	FALSE	0	90	100	0	0	3.42901103761e-14	560	1.22310304642	-11	550	-11	550
9	"1"	"1"	14	FALSE	0	90	100	0	0	3.42901103761e-14	560	1.25608706474	-10	556	-10	556
9	"1"	"1"	14	FALSE	0	90	100	0	0	3.42901103761e-14	560	1.28936600685	-9	563	-9	563
9	"1"	"1"	14	FALSE	0	90	100	0	0	3.42901103761e-14	560	1.32324409485	-8	567	-8	567
9	"1"	"1"	14	FALSE	0	90	100	0	0	3.42901103761e-14	560	1.3568239212	-7	569	-7	569
9	"1"	"1"	14	FALSE	0	90	100	0	0	3.42901103761e-14	560	1.39009809494	-6	571	-6	571
9	"1"	"1"	14	FALSE	0	90	100	0	0	3.42901103761e-14	560	1.42338895798	-5	573	-5	573
9	"1"	"1"	14	FALSE	0	90	100	0	0	3.42901103761e-14	560	1.45659995079	-4	574	-4	574
9	"1"	"1"	14	FALSE	0	90	100	0	0	3.42901103761e-14	560	1.49011206627	-4	574	-4	574
9	"1"	"1"	14	FALSE	0	90	100	0	0	3.42901103761e-14	560	1.52294993401	-3	574	-3	574
9	"1"	"1"	14	FALSE	0	90	100	0	0	3.42901103761e-14	560	1.55686306953	-3	574	-3	574
9	"1"	"1"	15	FALSE	0	45	100	0	0	395.979797464	395.979797464	0.00187110900879	3	1	3	1
9	"1"	"1"	15	FALSE	0	45	100	0	0	395.979797464	395.979797464	0.0218288898468	3	1	3	1
9	"1"	"1"	15	FALSE	0	45	100	0	0	395.979797464	395.979797464	0.0551669597626	3	1	3	1
9	"1"	"1"	15	FALSE	0	45	100	0	0	395.979797464	395.979797464	0.088917016983	3	1	3	1
9	"1"	"1"	15	FALSE	0	45	100	0	0	395.979797464	395.979797464	0.122206926346	3	1	3	1
9	"1"	"1"	15	FALSE	0	45	100	0	0	395.979797464	395.979797464	0.155107021332	3	1	3	1
9	"1"	"1"	15	FALSE	0	45	100	0	0	395.979797464	395.979797464	0.188993930817	3	1	3	1
9	"1"	"1"	15	FALSE	0	45	100	0	0	395.979797464	395.979797464	0.222323894501	3	1	3	1
9	"1"	"1"	15	FALSE	0	45	100	0	0	395.979797464	395.979797464	0.255594968796	3	1	3	1
9	"1"	"1"	15	FALSE	0	45	100	0	0	395.979797464	395.979797464	0.289063930511	3	1	3	1
9	"1"	"1"	15	FALSE	0	45	100	0	0	395.979797464	395.979797464	0.32226395607	5	3	5	3
9	"1"	"1"	15	FALSE	0	45	100	0	0	395.979797464	395.979797464	0.355730056763	13	12	13	12
9	"1"	"1"	15	FALSE	0	45	100	0	0	395.979797464	395.979797464	0.388986110687	26	26	26	26
9	"1"	"1"	15	FALSE	0	45	100	0	0	395.979797464	395.979797464	0.42240190506	43	43	43	43
9	"1"	"1"	15	FALSE	0	45	100	0	0	395.979797464	395.979797464	0.455513954163	66	70	66	70
9	"1"	"1"	15	FALSE	0	45	100	0	0	395.979797464	395.979797464	0.489346027374	87	94	87	94
9	"1"	"1"	15	FALSE	0	45	100	0	0	395.979797464	395.979797464	0.522471904755	113	123	113	123
9	"1"	"1"	15	FALSE	0	45	100	0	0	395.979797464	395.979797464	0.555521011353	138	153	138	153
9	"1"	"1"	15	FALSE	0	45	100	0	0	395.979797464	395.979797464	0.589402914047	159	180	159	180
9	"1"	"1"	15	FALSE	0	45	100	0	0	395.979797464	395.979797464	0.622726917267	190	207	190	207
9	"1"	"1"	15	FALSE	0	45	100	0	0	395.979797464	395.979797464	0.656075000763	214	230	214	230
9	"1"	"1"	15	FALSE	0	45	100	0	0	395.979797464	395.979797464	0.689392089844	239	254	239	254
9	"1"	"1"	15	FALSE	0	45	100	0	0	395.979797464	395.979797464	0.722778081894	262	276	262	276
9	"1"	"1"	15	FALSE	0	45	100	0	0	395.979797464	395.979797464	0.756051063538	282	297	282	297
9	"1"	"1"	15	FALSE	0	45	100	0	0	395.979797464	395.979797464	0.789324045181	305	319	305	319
9	"1"	"1"	15	FALSE	0	45	100	0	0	395.979797464	395.979797464	0.822418928146	318	332	318	332
9	"1"	"1"	15	FALSE	0	45	100	0	0	395.979797464	395.979797464	0.856136083603	333	347	333	347
9	"1"	"1"	15	FALSE	0	45	100	0	0	395.979797464	395.979797464	0.888999938965	350	363	350	363
9	"1"	"1"	15	FALSE	0	45	100	0	0	395.979797464	395.979797464	0.922883987427	363	375	363	375
9	"1"	"1"	15	FALSE	0	45	100	0	0	395.979797464	395.979797464	0.956130027771	370	382	370	382
9	"1"	"1"	15	FALSE	0	45	100	0	0	395.979797464	395.979797464	0.988981962204	374	386	374	386
9	"1"	"1"	15	FALSE	0	45	100	0	0	395.979797464	395.979797464	1.02297902107	380	390	380	390
9	"1"	"1"	15	FALSE	0	45	100	0	0	395.979797464	395.979797464	1.05630898476	384	392	384	392
9	"1"	"1"	15	FALSE	0	45	100	0	0	395.979797464	395.979797464	1.0891160965	387	394	387	394
9	"1"	"1"	15	FALSE	0	45	100	0	0	395.979797464	395.979797464	1.12302494049	398	398	398	398
9	"1"	"1"	15	FALSE	0	45	100	0	0	395.979797464	395.979797464	1.15636992455	407	402	407	402
9	"1"	"1"	16	FALSE	0	45	100	0	0	395.979797464	395.979797464	0.00194501876831	-4	0	-4	0
9	"1"	"1"	16	FALSE	0	45	100	0	0	395.979797464	395.979797464	0.0220999717712	-4	0	-4	0
9	"1"	"1"	16	FALSE	0	45	100	0	0	395.979797464	395.979797464	0.0555839538574	-3	0	-3	0
9	"1"	"1"	16	FALSE	0	45	100	0	0	395.979797464	395.979797464	0.0889859199524	-3	0	-3	0
9	"1"	"1"	16	FALSE	0	45	100	0	0	395.979797464	395.979797464	0.122338056564	-3	0	-3	0
9	"1"	"1"	16	FALSE	0	45	100	0	0	395.979797464	395.979797464	0.155709981918	-3	0	-3	0
9	"1"	"1"	16	FALSE	0	45	100	0	0	395.979797464	395.979797464	0.189216136932	-3	0	-3	0
9	"1"	"1"	16	FALSE	0	45	100	0	0	395.979797464	395.979797464	0.222440004349	-3	0	-3	0
9	"1"	"1"	16	FALSE	0	45	100	0	0	395.979797464	395.979797464	0.255118131638	-3	1	-3	1
9	"1"	"1"	16	FALSE	0	45	100	0	0	395.979797464	395.979797464	0.288999080658	-3	1	-3	1
9	"1"	"1"	16	FALSE	0	45	100	0	0	395.979797464	395.979797464	0.322484016418	-3	1	-3	1
9	"1"	"1"	16	FALSE	0	45	100	0	0	395.979797464	395.979797464	0.355857133865	1	4	1	4
9	"1"	"1"	16	FALSE	0	45	100	0	0	395.979797464	395.979797464	0.388740062714	9	13	9	13
9	"1"	"1"	16	FALSE	0	45	100	0	0	395.979797464	395.979797464	0.422716140747	22	27	22	27
9	"1"	"1"	16	FALSE	0	45	100	0	0	395.979797464	395.979797464	0.455991029739	40	47	40	47
9	"1"	"1"	16	FALSE	0	45	100	0	0	395.979797464	395.979797464	0.48939204216	65	71	65	71
9	"1"	"1"	16	FALSE	0	45	100	0	0	395.979797464	395.979797464	0.522032022476	90	96	90	96
9	"1"	"1"	16	FALSE	0	45	100	0	0	395.979797464	395.979797464	0.556035041809	112	119	112	119
9	"1"	"1"	16	FALSE	0	45	100	0	0	395.979797464	395.979797464	0.589473009109	141	148	141	148
9	"1"	"1"	16	FALSE	0	45	100	0	0	395.979797464	395.979797464	0.62216591835	167	176	167	176
9	"1"	"1"	16	FALSE	0	45	100	0	0	395.979797464	395.979797464	0.656125068665	192	200	192	200
9	"1"	"1"	16	FALSE	0	45	100	0	0	395.979797464	395.979797464	0.689363956451	227	232	227	232
9	"1"	"1"	16	FALSE	0	45	100	0	0	395.979797464	395.979797464	0.722811937332	250	253	250	253
9	"1"	"1"	16	FALSE	0	45	100	0	0	395.979797464	395.979797464	0.756223917007	276	278	276	278
9	"1"	"1"	16	FALSE	0	45	100	0	0	395.979797464	395.979797464	0.788950920105	298	297	298	297
9	"1"	"1"	16	FALSE	0	45	100	0	0	395.979797464	395.979797464	0.822942018509	322	319	322	319
9	"1"	"1"	16	FALSE	0	45	100	0	0	395.979797464	395.979797464	0.856357097626	342	339	342	339
9	"1"	"1"	16	FALSE	0	45	100	0	0	395.979797464	395.979797464	0.889285087585	355	353	355	353
9	"1"	"1"	16	FALSE	0	45	100	0	0	395.979797464	395.979797464	0.92303109169	379	375	379	375
9	"1"	"1"	16	FALSE	0	45	100	0	0	395.979797464	395.979797464	0.95635008812	394	389	394	389
9	"1"	"1"	16	FALSE	0	45	100	0	0	395.979797464	395.979797464	0.989715099335	404	399	404	399
9	"1"	"1"	16	FALSE	0	45	100	0	0	395.979797464	395.979797464	1.02301907539	409	405	409	405
9	"1"	"1"	16	FALSE	0	45	100	0	0	395.979797464	395.979797464	1.05636405945	412	409	412	409
9	"1"	"1"	16	FALSE	0	45	100	0	0	395.979797464	395.979797464	1.08984708786	414	412	414	412
9	"1"	"1"	16	FALSE	0	45	100	0	0	395.979797464	395.979797464	1.12305593491	415	414	415	414
9	"1"	"1"	16	FALSE	0	45	100	0	0	395.979797464	395.979797464	1.15652012825	417	417	417	417
9	"1"	"1"	16	FALSE	0	45	100	0	0	395.979797464	395.979797464	1.18961596489	418	417	418	417
9	"1"	"1"	16	FALSE	0	45	100	0	0	395.979797464	395.979797464	1.22325110435	418	417	418	417
9	"1"	"1"	16	FALSE	0	45	100	0	0	395.979797464	395.979797464	1.25661301613	417	416	417	416
9	"1"	"1"	16	FALSE	0	45	100	0	0	395.979797464	395.979797464	1.2899119854	417	416	417	416
9	"1"	"1"	16	FALSE	0	45	100	0	0	395.979797464	395.979797464	1.32267403603	417	411	417	411
9	"1"	"1"	16	FALSE	0	45	100	0	0	395.979797464	395.979797464	1.35662412643	412	405	412	405
9	"1"	"1"	16	FALSE	0	45	100	0	0	395.979797464	395.979797464	1.3900821209	409	403	409	403
9	"1"	"1"	16	FALSE	0	45	100	0	0	395.979797464	395.979797464	1.42342495918	408	402	408	402
9	"1"	"1"	17	FALSE	0	90	100	0	0	3.42901103761e-14	560	0.00212001800537	5	2	5	2
9	"1"	"1"	17	FALSE	0	90	100	0	0	3.42901103761e-14	560	0.0217998027802	5	2	5	2
9	"1"	"1"	17	FALSE	0	90	100	0	0	3.42901103761e-14	560	0.055627822876	5	2	5	2
9	"1"	"1"	17	FALSE	0	90	100	0	0	3.42901103761e-14	560	0.0889868736267	6	2	6	2
9	"1"	"1"	17	FALSE	0	90	100	0	0	3.42901103761e-14	560	0.122224807739	5	2	5	2
9	"1"	"1"	17	FALSE	0	90	100	0	0	3.42901103761e-14	560	0.155486822128	5	2	5	2
9	"1"	"1"	17	FALSE	0	90	100	0	0	3.42901103761e-14	560	0.188359975815	5	2	5	2
9	"1"	"1"	17	FALSE	0	90	100	0	0	3.42901103761e-14	560	0.222425937653	5	2	5	2
9	"1"	"1"	17	FALSE	0	90	100	0	0	3.42901103761e-14	560	0.25563788414	5	2	5	2
9	"1"	"1"	17	FALSE	0	90	100	0	0	3.42901103761e-14	560	0.289026975632	5	2	5	2
9	"1"	"1"	17	FALSE	0	90	100	0	0	3.42901103761e-14	560	0.32181596756	5	2	5	2
9	"1"	"1"	17	FALSE	0	90	100	0	0	3.42901103761e-14	560	0.355291843414	5	5	5	5
9	"1"	"1"	17	FALSE	0	90	100	0	0	3.42901103761e-14	560	0.389165878296	5	15	5	15
9	"1"	"1"	17	FALSE	0	90	100	0	0	3.42901103761e-14	560	0.422613859177	7	28	7	28
9	"1"	"1"	17	FALSE	0	90	100	0	0	3.42901103761e-14	560	0.455854892731	9	50	9	50
9	"1"	"1"	17	FALSE	0	90	100	0	0	3.42901103761e-14	560	0.489259958267	10	73	10	73
9	"1"	"1"	17	FALSE	0	90	100	0	0	3.42901103761e-14	560	0.522531032562	10	98	10	98
9	"1"	"1"	17	FALSE	0	90	100	0	0	3.42901103761e-14	560	0.555830001831	11	122	11	122
9	"1"	"1"	17	FALSE	0	90	100	0	0	3.42901103761e-14	560	0.589331865311	10	151	10	151
9	"1"	"1"	17	FALSE	0	90	100	0	0	3.42901103761e-14	560	0.622440814972	12	186	12	186
9	"1"	"1"	17	FALSE	0	90	100	0	0	3.42901103761e-14	560	0.656039953232	15	219	15	219
9	"1"	"1"	17	FALSE	0	90	100	0	0	3.42901103761e-14	560	0.689429998398	15	254	15	254
9	"1"	"1"	17	FALSE	0	90	100	0	0	3.42901103761e-14	560	0.722383975983	12	287	12	287
9	"1"	"1"	17	FALSE	0	90	100	0	0	3.42901103761e-14	560	0.756263017654	8	318	8	318
9	"1"	"1"	17	FALSE	0	90	100	0	0	3.42901103761e-14	560	0.789423942566	4	341	4	341
9	"1"	"1"	17	FALSE	0	90	100	0	0	3.42901103761e-14	560	0.82285284996	1	368	1	368
9	"1"	"1"	17	FALSE	0	90	100	0	0	3.42901103761e-14	560	0.856272935867	0	392	0	392
9	"1"	"1"	17	FALSE	0	90	100	0	0	3.42901103761e-14	560	0.889539003372	-1	408	-1	408
9	"1"	"1"	17	FALSE	0	90	100	0	0	3.42901103761e-14	560	0.922955989838	-4	423	-4	423
9	"1"	"1"	17	FALSE	0	90	100	0	0	3.42901103761e-14	560	0.956149816513	-5	438	-5	438
9	"1"	"1"	17	FALSE	0	90	100	0	0	3.42901103761e-14	560	0.989086866379	-6	450	-6	450
9	"1"	"1"	17	FALSE	0	90	100	0	0	3.42901103761e-14	560	1.02232003212	-7	465	-7	465
9	"1"	"1"	17	FALSE	0	90	100	0	0	3.42901103761e-14	560	1.05576992035	-5	480	-5	480
9	"1"	"1"	17	FALSE	0	90	100	0	0	3.42901103761e-14	560	1.08976387978	-3	495	-3	495
9	"1"	"1"	17	FALSE	0	90	100	0	0	3.42901103761e-14	560	1.12306284904	-2	507	-2	507
9	"1"	"1"	17	FALSE	0	90	100	0	0	3.42901103761e-14	560	1.15627980232	0	520	0	520
9	"1"	"1"	17	FALSE	0	90	100	0	0	3.42901103761e-14	560	1.18984603882	1	530	1	530
9	"1"	"1"	17	FALSE	0	90	100	0	0	3.42901103761e-14	560	1.22314786911	2	538	2	538
9	"1"	"1"	17	FALSE	0	90	100	0	0	3.42901103761e-14	560	1.25615286827	2	546	2	546
9	"1"	"1"	17	FALSE	0	90	100	0	0	3.42901103761e-14	560	1.28975296021	3	553	3	553
9	"1"	"1"	17	FALSE	0	90	100	0	0	3.42901103761e-14	560	1.32327985764	4	558	4	558
9	"1"	"1"	17	FALSE	0	90	100	0	0	3.42901103761e-14	560	1.3566069603	4	560	4	560
9	"1"	"1"	17	FALSE	0	90	100	0	0	3.42901103761e-14	560	1.38989782333	4	563	4	563
9	"1"	"1"	18	FALSE	0	135	100	0	0	-395.979797464	395.979797464	0.00221705436707	-1	0	-1	0
9	"1"	"1"	18	FALSE	0	135	100	0	0	-395.979797464	395.979797464	0.0217349529266	-1	0	-1	0
9	"1"	"1"	18	FALSE	0	135	100	0	0	-395.979797464	395.979797464	0.055125951767	-1	0	-1	0
9	"1"	"1"	18	FALSE	0	135	100	0	0	-395.979797464	395.979797464	0.0886669158936	-1	0	-1	0
9	"1"	"1"	18	FALSE	0	135	100	0	0	-395.979797464	395.979797464	0.12204003334	-1	0	-1	0
9	"1"	"1"	18	FALSE	0	135	100	0	0	-395.979797464	395.979797464	0.155556917191	-1	1	-1	1
9	"1"	"1"	18	FALSE	0	135	100	0	0	-395.979797464	395.979797464	0.188216924667	-1	1	-1	1
9	"1"	"1"	18	FALSE	0	135	100	0	0	-395.979797464	395.979797464	0.222198963165	-1	0	-1	0
9	"1"	"1"	18	FALSE	0	135	100	0	0	-395.979797464	395.979797464	0.255573987961	-1	0	-1	0
9	"1"	"1"	18	FALSE	0	135	100	0	0	-395.979797464	395.979797464	0.288280963898	-1	0	-1	0
9	"1"	"1"	18	FALSE	0	135	100	0	0	-395.979797464	395.979797464	0.322329998016	-4	4	-4	4
9	"1"	"1"	18	FALSE	0	135	100	0	0	-395.979797464	395.979797464	0.355622053146	-9	9	-9	9
9	"1"	"1"	18	FALSE	0	135	100	0	0	-395.979797464	395.979797464	0.388504981995	-15	15	-15	15
9	"1"	"1"	18	FALSE	0	135	100	0	0	-395.979797464	395.979797464	0.422200918198	-27	26	-27	26
9	"1"	"1"	18	FALSE	0	135	100	0	0	-395.979797464	395.979797464	0.455432891846	-39	36	-39	36
9	"1"	"1"	18	FALSE	0	135	100	0	0	-395.979797464	395.979797464	0.48908996582	-60	56	-60	56
9	"1"	"1"	18	FALSE	0	135	100	0	0	-395.979797464	395.979797464	0.522425889969	-88	70	-88	70
9	"1"	"1"	18	FALSE	0	135	100	0	0	-395.979797464	395.979797464	0.555876970291	-112	87	-112	87
9	"1"	"1"	18	FALSE	0	135	100	0	0	-395.979797464	395.979797464	0.588824033737	-136	110	-136	110
9	"1"	"1"	18	FALSE	0	135	100	0	0	-395.979797464	395.979797464	0.622547864914	-159	128	-159	128
9	"1"	"1"	18	FALSE	0	135	100	0	0	-395.979797464	395.979797464	0.655860900879	-186	151	-186	151
9	"1"	"1"	18	FALSE	0	135	100	0	0	-395.979797464	395.979797464	0.689223051071	-211	176	-211	176
9	"1"	"1"	18	FALSE	0	135	100	0	0	-395.979797464	395.979797464	0.722195863724	-233	198	-233	198
9	"1"	"1"	18	FALSE	0	135	100	0	0	-395.979797464	395.979797464	0.755913972855	-258	224	-258	224
9	"1"	"1"	18	FALSE	0	135	100	0	0	-395.979797464	395.979797464	0.789402961731	-282	248	-282	248
9	"1"	"1"	18	FALSE	0	135	100	0	0	-395.979797464	395.979797464	0.822151899338	-307	269	-307	269
9	"1"	"1"	18	FALSE	0	135	100	0	0	-395.979797464	395.979797464	0.856050014496	-324	288	-324	288
9	"1"	"1"	18	FALSE	0	135	100	0	0	-395.979797464	395.979797464	0.889401912689	-338	311	-338	311
9	"1"	"1"	18	FALSE	0	135	100	0	0	-395.979797464	395.979797464	0.922564983368	-349	325	-349	325
9	"1"	"1"	18	FALSE	0	135	100	0	0	-395.979797464	395.979797464	0.955930948257	-359	339	-359	339
9	"1"	"1"	18	FALSE	0	135	100	0	0	-395.979797464	395.979797464	0.9894759655	-367	356	-367	356
9	"1"	"1"	18	FALSE	0	135	100	0	0	-395.979797464	395.979797464	1.02268099785	-372	367	-372	367
9	"1"	"1"	18	FALSE	0	135	100	0	0	-395.979797464	395.979797464	1.05619597435	-378	379	-378	379
9	"1"	"1"	18	FALSE	0	135	100	0	0	-395.979797464	395.979797464	1.08951592445	-381	389	-381	389
9	"1"	"1"	18	FALSE	0	135	100	0	0	-395.979797464	395.979797464	1.12225198746	-383	397	-383	397
9	"1"	"1"	18	FALSE	0	135	100	0	0	-395.979797464	395.979797464	1.15615296364	-386	402	-386	402
9	"1"	"1"	18	FALSE	0	135	100	0	0	-395.979797464	395.979797464	1.18950605392	-388	406	-388	406
9	"1"	"1"	18	FALSE	0	135	100	0	0	-395.979797464	395.979797464	1.22230505943	-389	409	-389	409
9	"1"	"1"	18	FALSE	0	135	100	0	0	-395.979797464	395.979797464	1.25629401207	-390	411	-390	411
9	"1"	"1"	18	FALSE	0	135	100	0	0	-395.979797464	395.979797464	1.28975605965	-392	412	-392	412
9	"1"	"1"	18	FALSE	0	135	100	0	0	-395.979797464	395.979797464	1.32302689552	-392	412	-392	412
9	"1"	"1"	18	FALSE	0	135	100	0	0	-395.979797464	395.979797464	1.35633897781	-392	412	-392	412
9	"1"	"1"	18	FALSE	0	135	100	0	0	-395.979797464	395.979797464	1.3891210556	-392	411	-392	411
9	"1"	"1"	18	FALSE	0	135	100	0	0	-395.979797464	395.979797464	1.42315387726	-393	406	-393	406
9	"1"	"1"	18	FALSE	0	135	100	0	0	-395.979797464	395.979797464	1.45645785332	-394	400	-394	400
9	"1"	"1"	18	FALSE	0	135	100	0	0	-395.979797464	395.979797464	1.4898788929	-394	397	-394	397
9	"1"	"1"	19	FALSE	0	90	100	0	0	3.42901103761e-14	560	0.00171208381653	-3	4	-3	4
9	"1"	"1"	19	FALSE	0	90	100	0	0	3.42901103761e-14	560	0.0225119590759	-3	4	-3	4
9	"1"	"1"	19	FALSE	0	90	100	0	0	3.42901103761e-14	560	0.0558640956879	-3	4	-3	4
9	"1"	"1"	19	FALSE	0	90	100	0	0	3.42901103761e-14	560	0.0886189937592	-3	4	-3	4
9	"1"	"1"	19	FALSE	0	90	100	0	0	3.42901103761e-14	560	0.122466087341	-3	4	-3	4
9	"1"	"1"	19	FALSE	0	90	100	0	0	3.42901103761e-14	560	0.155836105347	-2	3	-2	3
9	"1"	"1"	19	FALSE	0	90	100	0	0	3.42901103761e-14	560	0.189197063446	-3	3	-3	3
9	"1"	"1"	19	FALSE	0	90	100	0	0	3.42901103761e-14	560	0.222678899765	-3	4	-3	4
9	"1"	"1"	19	FALSE	0	90	100	0	0	3.42901103761e-14	560	0.255893945694	-3	4	-3	4
9	"1"	"1"	19	FALSE	0	90	100	0	0	3.42901103761e-14	560	0.289428949356	-4	9	-4	9
9	"1"	"1"	19	FALSE	0	90	100	0	0	3.42901103761e-14	560	0.322803974152	-6	19	-6	19
9	"1"	"1"	19	FALSE	0	90	100	0	0	3.42901103761e-14	560	0.356013059616	-6	37	-6	37
9	"1"	"1"	19	FALSE	0	90	100	0	0	3.42901103761e-14	560	0.389508962631	-8	62	-8	62
9	"1"	"1"	19	FALSE	0	90	100	0	0	3.42901103761e-14	560	0.422771930695	-11	84	-11	84
9	"1"	"1"	19	FALSE	0	90	100	0	0	3.42901103761e-14	560	0.456072092056	-13	121	-13	121
9	"1"	"1"	19	FALSE	0	90	100	0	0	3.42901103761e-14	560	0.489089012146	-15	150	-15	150
9	"1"	"1"	19	FALSE	0	90	100	0	0	3.42901103761e-14	560	0.522844076157	-16	185	-16	185
9	"1"	"1"	19	FALSE	0	90	100	0	0	3.42901103761e-14	560	0.556180000305	-19	219	-19	219
9	"1"	"1"	19	FALSE	0	90	100	0	0	3.42901103761e-14	560	0.589468955994	-24	248	-24	248
9	"1"	"1"	19	FALSE	0	90	100	0	0	3.42901103761e-14	560	0.622895956039	-29	282	-29	282
9	"1"	"1"	19	FALSE	0	90	100	0	0	3.42901103761e-14	560	0.655709981918	-31	312	-31	312
9	"1"	"1"	19	FALSE	0	90	100	0	0	3.42901103761e-14	560	0.689630031586	-30	348	-30	348
9	"1"	"1"	19	FALSE	0	90	100	0	0	3.42901103761e-14	560	0.723114013672	-29	385	-29	385
9	"1"	"1"	19	FALSE	0	90	100	0	0	3.42901103761e-14	560	0.7563560009	-29	420	-29	420
9	"1"	"1"	19	FALSE	0	90	100	0	0	3.42901103761e-14	560	0.789808034897	-27	451	-27	451
9	"1"	"1"	19	FALSE	0	90	100	0	0	3.42901103761e-14	560	0.822803974152	-25	477	-25	477
9	"1"	"1"	19	FALSE	0	90	100	0	0	3.42901103761e-14	560	0.85647892952	-18	506	-18	506
9	"1"	"1"	19	FALSE	0	90	100	0	0	3.42901103761e-14	560	0.889888048172	-11	528	-11	528
9	"1"	"1"	19	FALSE	0	90	100	0	0	3.42901103761e-14	560	0.923244953156	-8	538	-8	538
9	"1"	"1"	19	FALSE	0	90	100	0	0	3.42901103761e-14	560	0.956568002701	-6	549	-6	549
9	"1"	"1"	19	FALSE	0	90	100	0	0	3.42901103761e-14	560	0.989542961121	-1	557	-1	557
9	"1"	"1"	19	FALSE	0	90	100	0	0	3.42901103761e-14	560	1.02304196358	2	561	2	561
9	"1"	"1"	20	FALSE	0	45	100	0	0	395.979797464	395.979797464	0.00202012062073	-3	-13	-3	-13
9	"1"	"1"	20	FALSE	0	45	100	0	0	395.979797464	395.979797464	0.0217399597168	-3	-13	-3	-13
9	"1"	"1"	20	FALSE	0	45	100	0	0	395.979797464	395.979797464	0.0553960800171	-3	-13	-3	-13
9	"1"	"1"	20	FALSE	0	45	100	0	0	395.979797464	395.979797464	0.0888929367065	-2	-13	-2	-13
9	"1"	"1"	20	FALSE	0	45	100	0	0	395.979797464	395.979797464	0.122214078903	-1	-12	-1	-12
9	"1"	"1"	20	FALSE	0	45	100	0	0	395.979797464	395.979797464	0.15536403656	0	-10	0	-10
9	"1"	"1"	20	FALSE	0	45	100	0	0	395.979797464	395.979797464	0.188688993454	1	-8	1	-8
9	"1"	"1"	20	FALSE	0	45	100	0	0	395.979797464	395.979797464	0.222082138062	1	-8	1	-8
9	"1"	"1"	20	FALSE	0	45	100	0	0	395.979797464	395.979797464	0.255573987961	1	-8	1	-8
9	"1"	"1"	20	FALSE	0	45	100	0	0	395.979797464	395.979797464	0.288871049881	1	-8	1	-8
9	"1"	"1"	20	FALSE	0	45	100	0	0	395.979797464	395.979797464	0.322298049927	1	-6	1	-6
9	"1"	"1"	20	FALSE	0	45	100	0	0	395.979797464	395.979797464	0.355688095093	5	-1	5	-1
9	"1"	"1"	20	FALSE	0	45	100	0	0	395.979797464	395.979797464	0.388903141022	12	9	12	9
9	"1"	"1"	20	FALSE	0	45	100	0	0	395.979797464	395.979797464	0.422292947769	21	23	21	23
9	"1"	"1"	20	FALSE	0	45	100	0	0	395.979797464	395.979797464	0.455762147903	38	43	38	43
9	"1"	"1"	20	FALSE	0	45	100	0	0	395.979797464	395.979797464	0.489026069641	58	69	58	69
9	"1"	"1"	20	FALSE	0	45	100	0	0	395.979797464	395.979797464	0.522408008575	78	95	78	95
9	"1"	"1"	20	FALSE	0	45	100	0	0	395.979797464	395.979797464	0.555833101273	98	119	98	119
9	"1"	"1"	20	FALSE	0	45	100	0	0	395.979797464	395.979797464	0.589168071747	123	150	123	150
9	"1"	"1"	20	FALSE	0	45	100	0	0	395.979797464	395.979797464	0.622565984726	152	182	152	182
9	"1"	"1"	20	FALSE	0	45	100	0	0	395.979797464	395.979797464	0.65588593483	176	208	176	208
9	"1"	"1"	20	FALSE	0	45	100	0	0	395.979797464	395.979797464	0.689257144928	207	238	207	238
9	"1"	"1"	20	FALSE	0	45	100	0	0	395.979797464	395.979797464	0.722520112991	238	267	238	267
9	"1"	"1"	20	FALSE	0	45	100	0	0	395.979797464	395.979797464	0.75595498085	266	293	266	293
9	"1"	"1"	20	FALSE	0	45	100	0	0	395.979797464	395.979797464	0.789366006851	288	312	288	312
9	"1"	"1"	20	FALSE	0	45	100	0	0	395.979797464	395.979797464	0.822677135468	316	335	316	335
9	"1"	"1"	20	FALSE	0	45	100	0	0	395.979797464	395.979797464	0.855932950974	339	353	339	353
9	"1"	"1"	20	FALSE	0	45	100	0	0	395.979797464	395.979797464	0.889282941818	352	362	352	362
9	"1"	"1"	20	FALSE	0	45	100	0	0	395.979797464	395.979797464	0.922778129578	370	376	370	376
9	"1"	"1"	20	FALSE	0	45	100	0	0	395.979797464	395.979797464	0.956038951874	385	386	385	386
9	"1"	"1"	20	FALSE	0	45	100	0	0	395.979797464	395.979797464	0.98946595192	394	392	394	392
9	"1"	"1"	20	FALSE	0	45	100	0	0	395.979797464	395.979797464	1.02257108688	402	397	402	397
9	"1"	"1"	20	FALSE	0	45	100	0	0	395.979797464	395.979797464	1.0561850071	406	400	406	400
9	"1"	"1"	20	FALSE	0	45	100	0	0	395.979797464	395.979797464	1.08956503868	410	403	410	403
9	"1"	"1"	20	FALSE	0	45	100	0	0	395.979797464	395.979797464	1.1229300499	412	404	412	404
9	"1"	"1"	20	FALSE	0	45	100	0	0	395.979797464	395.979797464	1.15619707108	412	404	412	404
9	"1"	"1"	20	FALSE	0	45	100	0	0	395.979797464	395.979797464	1.18942308426	412	404	412	404
9	"1"	"1"	20	FALSE	0	45	100	0	0	395.979797464	395.979797464	1.22290015221	412	404	412	404
9	"1"	"1"	20	FALSE	0	45	100	0	0	395.979797464	395.979797464	1.25624012947	412	404	412	404
9	"1"	"1"	20	FALSE	0	45	100	0	0	395.979797464	395.979797464	1.289757967	412	404	412	404
9	"1"	"1"	20	FALSE	0	45	100	0	0	395.979797464	395.979797464	1.32307696342	411	404	411	404
9	"1"	"1"	20	FALSE	0	45	100	0	0	395.979797464	395.979797464	1.3562951088	411	402	411	402
9	"1"	"1"	20	FALSE	0	45	100	0	0	395.979797464	395.979797464	1.3891620636	410	401	410	401
9	"1"	"1"	20	FALSE	0	45	100	0	0	395.979797464	395.979797464	1.42309904099	410	401	410	401
9	"1"	"1"	20	FALSE	0	45	100	0	0	395.979797464	395.979797464	1.45652794838	410	401	410	401
9	"1"	"1"	20	FALSE	0	45	100	0	0	395.979797464	395.979797464	1.4894220829	409	400	409	400
9	"1"	"1"	20	FALSE	0	45	100	0	0	395.979797464	395.979797464	1.52322697639	407	397	407	397
9	"1"	"1"	20	FALSE	0	45	100	0	0	395.979797464	395.979797464	1.55647706985	405	395	405	395
9	"1"	"1"	20	FALSE	0	45	100	0	0	395.979797464	395.979797464	1.58942508698	403	393	403	393
9	"1"	"1"	20	FALSE	0	45	100	0	0	395.979797464	395.979797464	1.62324905396	402	392	402	392
9	"1"	"1"	20	FALSE	0	45	100	0	0	395.979797464	395.979797464	1.65667700768	400	391	400	391
9	"1"	"1"	21	FALSE	0	135	100	0	0	-395.979797464	395.979797464	0.00223898887634	4	6	4	6
9	"1"	"1"	21	FALSE	0	135	100	0	0	-395.979797464	395.979797464	0.0220749378204	3	5	3	5
9	"1"	"1"	21	FALSE	0	135	100	0	0	-395.979797464	395.979797464	0.0555498600006	3	5	3	5
9	"1"	"1"	21	FALSE	0	135	100	0	0	-395.979797464	395.979797464	0.0889208316803	3	5	3	5
9	"1"	"1"	21	FALSE	0	135	100	0	0	-395.979797464	395.979797464	0.122277975082	3	5	3	5
9	"1"	"1"	21	FALSE	0	135	100	0	0	-395.979797464	395.979797464	0.1555788517	3	5	3	5
9	"1"	"1"	21	FALSE	0	135	100	0	0	-395.979797464	395.979797464	0.188923835754	3	5	3	5
9	"1"	"1"	21	FALSE	0	135	100	0	0	-395.979797464	395.979797464	0.222376823425	3	5	3	5
9	"1"	"1"	21	FALSE	0	135	100	0	0	-395.979797464	395.979797464	0.255729913712	3	5	3	5
9	"1"	"1"	21	FALSE	0	135	100	0	0	-395.979797464	395.979797464	0.289151906967	3	5	3	5
9	"1"	"1"	21	FALSE	0	135	100	0	0	-395.979797464	395.979797464	0.322438001633	5	9	5	9
9	"1"	"1"	21	FALSE	0	135	100	0	0	-395.979797464	395.979797464	0.355885982513	7	14	7	14
9	"1"	"1"	21	FALSE	0	135	100	0	0	-395.979797464	395.979797464	0.389037847519	5	18	5	18
9	"1"	"1"	21	FALSE	0	135	100	0	0	-395.979797464	395.979797464	0.422626018524	1	24	1	24
9	"1"	"1"	21	FALSE	0	135	100	0	0	-395.979797464	395.979797464	0.455955028534	-6	33	-6	33
9	"1"	"1"	21	FALSE	0	135	100	0	0	-395.979797464	395.979797464	0.489293813705	-16	43	-16	43
9	"1"	"1"	21	FALSE	0	135	100	0	0	-395.979797464	395.979797464	0.522666931152	-33	56	-33	56
9	"1"	"1"	21	FALSE	0	135	100	0	0	-395.979797464	395.979797464	0.555953025818	-51	71	-51	71
9	"1"	"1"	21	FALSE	0	135	100	0	0	-395.979797464	395.979797464	0.589392900467	-77	90	-77	90
9	"1"	"1"	21	FALSE	0	135	100	0	0	-395.979797464	395.979797464	0.622714996338	-100	107	-100	107
9	"1"	"1"	21	FALSE	0	135	100	0	0	-395.979797464	395.979797464	0.656013011932	-119	124	-119	124
9	"1"	"1"	21	FALSE	0	135	100	0	0	-395.979797464	395.979797464	0.689463853836	-143	146	-143	146
9	"1"	"1"	21	FALSE	0	135	100	0	0	-395.979797464	395.979797464	0.722769021988	-169	166	-169	166
9	"1"	"1"	21	FALSE	0	135	100	0	0	-395.979797464	395.979797464	0.756183862686	-188	186	-188	186
9	"1"	"1"	21	FALSE	0	135	100	0	0	-395.979797464	395.979797464	0.789479017258	-209	209	-209	209
9	"1"	"1"	21	FALSE	0	135	100	0	0	-395.979797464	395.979797464	0.822916984558	-230	231	-230	231
9	"1"	"1"	21	FALSE	0	135	100	0	0	-395.979797464	395.979797464	0.856235980988	-248	252	-248	252
9	"1"	"1"	21	FALSE	0	135	100	0	0	-395.979797464	395.979797464	0.889528989792	-262	269	-262	269
9	"1"	"1"	21	FALSE	0	135	100	0	0	-395.979797464	395.979797464	0.922957897186	-275	283	-275	283
9	"1"	"1"	21	FALSE	0	135	100	0	0	-395.979797464	395.979797464	0.956243991852	-290	298	-290	298
9	"1"	"1"	21	FALSE	0	135	100	0	0	-395.979797464	395.979797464	0.989676952362	-301	310	-301	310
9	"1"	"1"	21	FALSE	0	135	100	0	0	-395.979797464	395.979797464	1.0229818821	-312	324	-312	324
9	"1"	"1"	21	FALSE	0	135	100	0	0	-395.979797464	395.979797464	1.05637788773	-324	335	-324	335
9	"1"	"1"	21	FALSE	0	135	100	0	0	-395.979797464	395.979797464	1.0897898674	-333	344	-333	344
9	"1"	"1"	21	FALSE	0	135	100	0	0	-395.979797464	395.979797464	1.12293386459	-339	353	-339	353
9	"1"	"1"	21	FALSE	0	135	100	0	0	-395.979797464	395.979797464	1.15646290779	-345	363	-345	363
9	"1"	"1"	21	FALSE	0	135	100	0	0	-395.979797464	395.979797464	1.18992185593	-352	372	-352	372
9	"1"	"1"	21	FALSE	0	135	100	0	0	-395.979797464	395.979797464	1.22301387787	-357	379	-357	379
9	"1"	"1"	21	FALSE	0	135	100	0	0	-395.979797464	395.979797464	1.25644302368	-361	386	-361	386
9	"1"	"1"	21	FALSE	0	135	100	0	0	-395.979797464	395.979797464	1.28979492188	-365	393	-365	393
9	"1"	"1"	21	FALSE	0	135	100	0	0	-395.979797464	395.979797464	1.32325696945	-369	397	-369	397
9	"1"	"1"	21	FALSE	0	135	100	0	0	-395.979797464	395.979797464	1.35657691956	-373	400	-373	400
9	"1"	"1"	21	FALSE	0	135	100	0	0	-395.979797464	395.979797464	1.38996696472	-377	401	-377	401
9	"1"	"1"	21	FALSE	0	135	100	0	0	-395.979797464	395.979797464	1.42338299751	-379	403	-379	403
9	"1"	"1"	21	FALSE	0	135	100	0	0	-395.979797464	395.979797464	1.45668983459	-380	403	-380	403
9	"1"	"1"	21	FALSE	0	135	100	0	0	-395.979797464	395.979797464	1.4900739193	-380	403	-380	403
9	"1"	"1"	21	FALSE	0	135	100	0	0	-395.979797464	395.979797464	1.5234618187	-383	404	-383	404
9	"1"	"1"	21	FALSE	0	135	100	0	0	-395.979797464	395.979797464	1.55673599243	-384	404	-384	404
9	"1"	"1"	21	FALSE	0	135	100	0	0	-395.979797464	395.979797464	1.59006285667	-384	404	-384	404
9	"1"	"1"	21	FALSE	0	135	100	0	0	-395.979797464	395.979797464	1.62350082397	-384	404	-384	404
9	"1"	"1"	21	FALSE	0	135	100	0	0	-395.979797464	395.979797464	1.65684199333	-384	404	-384	404
9	"1"	"1"	21	FALSE	0	135	100	0	0	-395.979797464	395.979797464	1.69029402733	-384	404	-384	404
9	"1"	"1"	21	FALSE	0	135	100	0	0	-395.979797464	395.979797464	1.72358489037	-384	404	-384	404
