"task_num"	"task_name"	"trial_type"	"trial_num"	"terminalfeedback_bool"	"rotation_angle"	"targetangle_deg"	"targetdistance_percmax"	"homex_px"	"homey_px"	"targetx_px"	"targety_px"	"time_s"	"mousex_px"	"mousey_px"	"cursorx_px"	"cursory_px"
1	"1"	"1"	1	FALSE	0	135	100	0	0	-395.979797464	395.979797464	7.90443181992	4	7	4	7
1	"1"	"1"	1	FALSE	0	135	100	0	0	-395.979797464	395.979797464	7.93749785423	4	6	4	6
1	"1"	"1"	1	FALSE	0	135	100	0	0	-395.979797464	395.979797464	7.97106289864	4	5	4	5
1	"1"	"1"	1	FALSE	0	135	100	0	0	-395.979797464	395.979797464	8.00419998169	3	4	3	4
1	"1"	"1"	1	FALSE	0	135	100	0	0	-395.979797464	395.979797464	8.0380089283	1	4	1	4
1	"1"	"1"	1	FALSE	0	135	100	0	0	-395.979797464	395.979797464	8.07106781006	1	4	1	4
1	"1"	"1"	1	FALSE	0	135	100	0	0	-395.979797464	395.979797464	8.10404682159	1	4	1	4
1	"1"	"1"	1	FALSE	0	135	100	0	0	-395.979797464	395.979797464	8.13802289963	2	4	2	4
1	"1"	"1"	1	FALSE	0	135	100	0	0	-395.979797464	395.979797464	8.17126584053	2	5	2	5
1	"1"	"1"	1	FALSE	0	135	100	0	0	-395.979797464	395.979797464	8.20425486565	2	5	2	5
1	"1"	"1"	1	FALSE	0	135	100	0	0	-395.979797464	395.979797464	8.23792982101	2	5	2	5
1	"1"	"1"	1	FALSE	0	135	100	0	0	-395.979797464	395.979797464	8.27111697197	2	5	2	5
1	"1"	"1"	1	FALSE	0	135	100	0	0	-395.979797464	395.979797464	8.30424594879	2	5	2	5
1	"1"	"1"	1	FALSE	0	135	100	0	0	-395.979797464	395.979797464	8.33768486977	2	5	2	5
1	"1"	"1"	1	FALSE	0	135	100	0	0	-395.979797464	395.979797464	8.37154698372	3	5	3	5
1	"1"	"1"	1	FALSE	0	135	100	0	0	-395.979797464	395.979797464	8.40485692024	3	5	3	5
1	"1"	"1"	1	FALSE	0	135	100	0	0	-395.979797464	395.979797464	8.43799686432	3	5	3	5
1	"1"	"1"	1	FALSE	0	135	100	0	0	-395.979797464	395.979797464	8.47137784958	3	5	3	5
1	"1"	"1"	1	FALSE	0	135	100	0	0	-395.979797464	395.979797464	8.50446200371	3	5	3	5
1	"1"	"1"	1	FALSE	0	135	100	0	0	-395.979797464	395.979797464	8.53818583488	3	5	3	5
1	"1"	"1"	1	FALSE	0	135	100	0	0	-395.979797464	395.979797464	8.57156896591	3	5	3	5
1	"1"	"1"	1	FALSE	0	135	100	0	0	-395.979797464	395.979797464	8.6049079895	3	5	3	5
1	"1"	"1"	1	FALSE	0	135	100	0	0	-395.979797464	395.979797464	8.63802099228	3	5	3	5
1	"1"	"1"	1	FALSE	0	135	100	0	0	-395.979797464	395.979797464	8.67147684097	3	5	3	5
1	"1"	"1"	1	FALSE	0	135	100	0	0	-395.979797464	395.979797464	8.70491981506	3	5	3	5
1	"1"	"1"	1	FALSE	0	135	100	0	0	-395.979797464	395.979797464	8.73800182343	3	5	3	5
1	"1"	"1"	1	FALSE	0	135	100	0	0	-395.979797464	395.979797464	8.77161192894	3	5	3	5
1	"1"	"1"	1	FALSE	0	135	100	0	0	-395.979797464	395.979797464	8.80507588387	3	5	3	5
1	"1"	"1"	1	FALSE	0	135	100	0	0	-395.979797464	395.979797464	8.83846592903	3	5	3	5
1	"1"	"1"	1	FALSE	0	135	100	0	0	-395.979797464	395.979797464	8.87163090706	3	5	3	5
1	"1"	"1"	1	FALSE	0	135	100	0	0	-395.979797464	395.979797464	8.9045279026	3	5	3	5
1	"1"	"1"	1	FALSE	0	135	100	0	0	-395.979797464	395.979797464	8.93837690353	3	5	3	5
1	"1"	"1"	1	FALSE	0	135	100	0	0	-395.979797464	395.979797464	8.97184681892	3	5	3	5
1	"1"	"1"	1	FALSE	0	135	100	0	0	-395.979797464	395.979797464	9.00451993942	3	5	3	5
1	"1"	"1"	1	FALSE	0	135	100	0	0	-395.979797464	395.979797464	9.03859591484	3	5	3	5
1	"1"	"1"	1	FALSE	0	135	100	0	0	-395.979797464	395.979797464	9.07198596001	3	5	3	5
1	"1"	"1"	1	FALSE	0	135	100	0	0	-395.979797464	395.979797464	9.10493993759	3	5	3	5
1	"1"	"1"	1	FALSE	0	135	100	0	0	-395.979797464	395.979797464	9.13863277435	3	5	3	5
1	"1"	"1"	1	FALSE	0	135	100	0	0	-395.979797464	395.979797464	9.1720058918	3	5	3	5
1	"1"	"1"	1	FALSE	0	135	100	0	0	-395.979797464	395.979797464	9.20526790619	3	5	3	5
1	"1"	"1"	1	FALSE	0	135	100	0	0	-395.979797464	395.979797464	9.23811888695	3	5	3	5
1	"1"	"1"	1	FALSE	0	135	100	0	0	-395.979797464	395.979797464	9.27214479446	3	5	3	5
1	"1"	"1"	1	FALSE	0	135	100	0	0	-395.979797464	395.979797464	9.30547881126	3	5	3	5
1	"1"	"1"	1	FALSE	0	135	100	0	0	-395.979797464	395.979797464	9.33870196342	3	5	3	5
1	"1"	"1"	1	FALSE	0	135	100	0	0	-395.979797464	395.979797464	9.37162399292	3	5	3	5
1	"1"	"1"	1	FALSE	0	135	100	0	0	-395.979797464	395.979797464	9.40544986725	3	5	3	5
1	"1"	"1"	1	FALSE	0	135	100	0	0	-395.979797464	395.979797464	9.43876886368	3	5	3	5
1	"1"	"1"	1	FALSE	0	135	100	0	0	-395.979797464	395.979797464	9.47157883644	3	5	3	5
1	"1"	"1"	1	FALSE	0	135	100	0	0	-395.979797464	395.979797464	9.50563383102	3	5	3	5
1	"1"	"1"	1	FALSE	0	135	100	0	0	-395.979797464	395.979797464	9.53893184662	3	8	3	8
1	"1"	"1"	1	FALSE	0	135	100	0	0	-395.979797464	395.979797464	9.57181096077	6	15	6	15
1	"1"	"1"	1	FALSE	0	135	100	0	0	-395.979797464	395.979797464	9.60565876961	5	22	5	22
1	"1"	"1"	1	FALSE	0	135	100	0	0	-395.979797464	395.979797464	9.63847088814	5	28	5	28
1	"1"	"1"	1	FALSE	0	135	100	0	0	-395.979797464	395.979797464	9.67201089859	4	34	4	34
1	"1"	"1"	1	FALSE	0	135	100	0	0	-395.979797464	395.979797464	9.70555686951	4	34	4	34
1	"1"	"1"	1	FALSE	0	135	100	0	0	-395.979797464	395.979797464	9.73872184753	4	34	4	34
1	"1"	"1"	1	FALSE	0	135	100	0	0	-395.979797464	395.979797464	9.77225089073	4	34	4	34
1	"1"	"1"	1	FALSE	0	135	100	0	0	-395.979797464	395.979797464	9.80557990074	4	34	4	34
1	"1"	"1"	1	FALSE	0	135	100	0	0	-395.979797464	395.979797464	9.83863782883	4	34	4	34
1	"1"	"1"	1	FALSE	0	135	100	0	0	-395.979797464	395.979797464	9.87229990959	4	34	4	34
1	"1"	"1"	1	FALSE	0	135	100	0	0	-395.979797464	395.979797464	9.90568685532	4	34	4	34
1	"1"	"1"	1	FALSE	0	135	100	0	0	-395.979797464	395.979797464	9.93900895119	4	34	4	34
1	"1"	"1"	1	FALSE	0	135	100	0	0	-395.979797464	395.979797464	9.97245979309	4	34	4	34
1	"1"	"1"	1	FALSE	0	135	100	0	0	-395.979797464	395.979797464	10.0056388378	4	34	4	34
1	"1"	"1"	1	FALSE	0	135	100	0	0	-395.979797464	395.979797464	10.0392758846	4	34	4	34
1	"1"	"1"	1	FALSE	0	135	100	0	0	-395.979797464	395.979797464	10.0726618767	4	34	4	34
1	"1"	"1"	1	FALSE	0	135	100	0	0	-395.979797464	395.979797464	10.1055669785	4	34	4	34
1	"1"	"1"	1	FALSE	0	135	100	0	0	-395.979797464	395.979797464	10.1394159794	4	34	4	34
1	"1"	"1"	1	FALSE	0	135	100	0	0	-395.979797464	395.979797464	10.1727359295	4	34	4	34
1	"1"	"1"	1	FALSE	0	135	100	0	0	-395.979797464	395.979797464	10.205701828	4	34	4	34
1	"1"	"1"	1	FALSE	0	135	100	0	0	-395.979797464	395.979797464	10.2392568588	4	34	4	34
1	"1"	"1"	1	FALSE	0	135	100	0	0	-395.979797464	395.979797464	10.2721908092	4	34	4	34
1	"1"	"1"	1	FALSE	0	135	100	0	0	-395.979797464	395.979797464	10.3061919212	4	34	4	34
1	"1"	"1"	1	FALSE	0	135	100	0	0	-395.979797464	395.979797464	10.3393909931	4	34	4	34
1	"1"	"1"	1	FALSE	0	135	100	0	0	-395.979797464	395.979797464	10.3722717762	4	34	4	34
1	"1"	"1"	1	FALSE	0	135	100	0	0	-395.979797464	395.979797464	10.4062099457	4	34	4	34
1	"1"	"1"	1	FALSE	0	135	100	0	0	-395.979797464	395.979797464	10.4395689964	4	34	4	34
1	"1"	"1"	1	FALSE	0	135	100	0	0	-395.979797464	395.979797464	10.4724049568	4	34	4	34
1	"1"	"1"	1	FALSE	0	135	100	0	0	-395.979797464	395.979797464	10.5063319206	4	34	4	34
1	"1"	"1"	1	FALSE	0	135	100	0	0	-395.979797464	395.979797464	10.539703846	4	34	4	34
1	"1"	"1"	1	FALSE	0	135	100	0	0	-395.979797464	395.979797464	10.5724899769	4	34	4	34
1	"1"	"1"	1	FALSE	0	135	100	0	0	-395.979797464	395.979797464	10.606276989	4	34	4	34
1	"1"	"1"	1	FALSE	0	135	100	0	0	-395.979797464	395.979797464	10.6397957802	4	34	4	34
1	"1"	"1"	1	FALSE	0	135	100	0	0	-395.979797464	395.979797464	10.6725809574	4	34	4	34
1	"1"	"1"	1	FALSE	0	135	100	0	0	-395.979797464	395.979797464	10.7064578533	4	34	4	34
1	"1"	"1"	1	FALSE	0	135	100	0	0	-395.979797464	395.979797464	10.7398297787	4	34	4	34
1	"1"	"1"	1	FALSE	0	135	100	0	0	-395.979797464	395.979797464	10.7728087902	4	34	4	34
1	"1"	"1"	1	FALSE	0	135	100	0	0	-395.979797464	395.979797464	10.8062849045	4	34	4	34
1	"1"	"1"	1	FALSE	0	135	100	0	0	-395.979797464	395.979797464	10.8398609161	4	34	4	34
1	"1"	"1"	1	FALSE	0	135	100	0	0	-395.979797464	395.979797464	10.8732488155	4	34	4	34
1	"1"	"1"	1	FALSE	0	135	100	0	0	-395.979797464	395.979797464	10.9059708118	4	34	4	34
1	"1"	"1"	1	FALSE	0	135	100	0	0	-395.979797464	395.979797464	10.9399459362	4	34	4	34
1	"1"	"1"	1	FALSE	0	135	100	0	0	-395.979797464	395.979797464	10.9732978344	4	34	4	34
1	"1"	"1"	1	FALSE	0	135	100	0	0	-395.979797464	395.979797464	11.0060429573	4	34	4	34
1	"1"	"1"	1	FALSE	0	135	100	0	0	-395.979797464	395.979797464	11.0399878025	4	34	4	34
1	"1"	"1"	1	FALSE	0	135	100	0	0	-395.979797464	395.979797464	11.0734307766	4	34	4	34
1	"1"	"1"	1	FALSE	0	135	100	0	0	-395.979797464	395.979797464	11.106140852	4	34	4	34
1	"1"	"1"	1	FALSE	0	135	100	0	0	-395.979797464	395.979797464	11.140141964	4	34	4	34
1	"1"	"1"	1	FALSE	0	135	100	0	0	-395.979797464	395.979797464	11.1733908653	4	34	4	34
1	"1"	"1"	1	FALSE	0	135	100	0	0	-395.979797464	395.979797464	11.2063879967	4	34	4	34
1	"1"	"1"	1	FALSE	0	135	100	0	0	-395.979797464	395.979797464	11.2399539948	60	-42	60	-42
1	"1"	"1"	1	FALSE	0	135	100	0	0	-395.979797464	395.979797464	11.2735059261	48	-33	48	-33
1	"1"	"1"	1	FALSE	0	135	100	0	0	-395.979797464	395.979797464	11.3066318035	34	-17	34	-17
1	"1"	"1"	1	FALSE	0	135	100	0	0	-395.979797464	395.979797464	11.3404188156	22	-2	22	-2
1	"1"	"1"	1	FALSE	0	135	100	0	0	-395.979797464	395.979797464	11.3737449646	11	11	11	11
1	"1"	"1"	1	FALSE	0	135	100	0	0	-395.979797464	395.979797464	11.4070549011	1	24	1	24
1	"1"	"1"	1	FALSE	0	135	100	0	0	-395.979797464	395.979797464	11.4398639202	-8	40	-8	40
1	"1"	"1"	1	FALSE	0	135	100	0	0	-395.979797464	395.979797464	11.4737238884	-18	50	-18	50
1	"1"	"1"	1	FALSE	0	135	100	0	0	-395.979797464	395.979797464	11.5072119236	-25	54	-25	54
1	"1"	"1"	1	FALSE	0	135	100	0	0	-395.979797464	395.979797464	11.5400137901	-33	61	-33	61
1	"1"	"1"	1	FALSE	0	135	100	0	0	-395.979797464	395.979797464	11.5737028122	-34	62	-34	62
1	"1"	"1"	1	FALSE	0	135	100	0	0	-395.979797464	395.979797464	11.6064667702	-39	61	-39	61
1	"1"	"1"	1	FALSE	0	135	100	0	0	-395.979797464	395.979797464	11.6403858662	-43	62	-43	62
1	"1"	"1"	1	FALSE	0	135	100	0	0	-395.979797464	395.979797464	11.6737239361	-43	62	-43	62
1	"1"	"1"	1	FALSE	0	135	100	0	0	-395.979797464	395.979797464	11.7070989609	-43	62	-43	62
1	"1"	"1"	1	FALSE	0	135	100	0	0	-395.979797464	395.979797464	11.7404229641	-43	62	-43	62
1	"1"	"1"	1	FALSE	0	135	100	0	0	-395.979797464	395.979797464	11.773788929	-43	62	-43	62
1	"1"	"1"	1	FALSE	0	135	100	0	0	-395.979797464	395.979797464	11.8067388535	-43	62	-43	62
1	"1"	"1"	1	FALSE	0	135	100	0	0	-395.979797464	395.979797464	11.8407149315	-43	62	-43	62
1	"1"	"1"	1	FALSE	0	135	100	0	0	-395.979797464	395.979797464	11.8740518093	-43	62	-43	62
1	"1"	"1"	1	FALSE	0	135	100	0	0	-395.979797464	395.979797464	11.9067738056	-43	62	-43	62
1	"1"	"1"	1	FALSE	0	135	100	0	0	-395.979797464	395.979797464	11.9407777786	-43	62	-43	62
1	"1"	"1"	1	FALSE	0	135	100	0	0	-395.979797464	395.979797464	11.9741179943	-43	62	-43	62
1	"1"	"1"	1	FALSE	0	135	100	0	0	-395.979797464	395.979797464	12.0070757866	-43	62	-43	62
1	"1"	"1"	1	FALSE	0	135	100	0	0	-395.979797464	395.979797464	12.040820837	-43	62	-43	62
1	"1"	"1"	1	FALSE	0	135	100	0	0	-395.979797464	395.979797464	12.0741658211	-17	17	-17	17
1	"1"	"1"	1	FALSE	0	135	100	0	0	-395.979797464	395.979797464	12.107478857	2	3	2	3
1	"1"	"1"	1	FALSE	0	135	100	0	0	-395.979797464	395.979797464	12.1408729553	16	-1	16	-1
1	"1"	"1"	1	FALSE	0	135	100	0	0	-395.979797464	395.979797464	12.1740729809	24	-1	24	-1
1	"1"	"1"	1	FALSE	0	135	100	0	0	-395.979797464	395.979797464	12.2075629234	30	3	30	3
1	"1"	"1"	1	FALSE	0	135	100	0	0	-395.979797464	395.979797464	12.2407619953	32	9	32	9
1	"1"	"1"	1	FALSE	0	135	100	0	0	-395.979797464	395.979797464	12.2739269733	33	16	33	16
1	"1"	"1"	1	FALSE	0	135	100	0	0	-395.979797464	395.979797464	12.3071739674	32	23	32	23
1	"1"	"1"	1	FALSE	0	135	100	0	0	-395.979797464	395.979797464	12.340793848	28	27	28	27
1	"1"	"1"	1	FALSE	0	135	100	0	0	-395.979797464	395.979797464	12.3744487762	22	29	22	29
1	"1"	"1"	1	FALSE	0	135	100	0	0	-395.979797464	395.979797464	12.4078178406	18	29	18	29
1	"1"	"1"	1	FALSE	0	135	100	0	0	-395.979797464	395.979797464	12.4411649704	14	29	14	29
1	"1"	"1"	1	FALSE	0	135	100	0	0	-395.979797464	395.979797464	12.4740669727	10	28	10	28
1	"1"	"1"	1	FALSE	0	135	100	0	0	-395.979797464	395.979797464	12.5073869228	7	28	7	28
1	"1"	"1"	1	FALSE	0	135	100	0	0	-395.979797464	395.979797464	12.5406169891	4	27	4	27
1	"1"	"1"	1	FALSE	0	135	100	0	0	-395.979797464	395.979797464	12.5746150017	0	27	0	27
1	"1"	"1"	1	FALSE	0	135	100	0	0	-395.979797464	395.979797464	12.6080589294	-3	27	-3	27
1	"1"	"1"	1	FALSE	0	135	100	0	0	-395.979797464	395.979797464	12.6409938335	-5	27	-5	27
1	"1"	"1"	1	FALSE	0	135	100	0	0	-395.979797464	395.979797464	12.6747889519	-8	28	-8	28
1	"1"	"1"	1	FALSE	0	135	100	0	0	-395.979797464	395.979797464	12.7080848217	-10	29	-10	29
1	"1"	"1"	1	FALSE	0	135	100	0	0	-395.979797464	395.979797464	12.7414309978	-12	30	-12	30
1	"1"	"1"	1	FALSE	0	135	100	0	0	-395.979797464	395.979797464	12.7741508484	-15	31	-15	31
1	"1"	"1"	1	FALSE	0	135	100	0	0	-395.979797464	395.979797464	12.8081088066	-18	32	-18	32
1	"1"	"1"	1	FALSE	0	135	100	0	0	-395.979797464	395.979797464	12.8416128159	-20	33	-20	33
1	"1"	"1"	1	FALSE	0	135	100	0	0	-395.979797464	395.979797464	12.8742768764	-23	34	-23	34
1	"1"	"1"	1	FALSE	0	135	100	0	0	-395.979797464	395.979797464	12.9082858562	-25	35	-25	35
1	"1"	"1"	1	FALSE	0	135	100	0	0	-395.979797464	395.979797464	12.9414339066	-29	35	-29	35
1	"1"	"1"	1	FALSE	0	135	100	0	0	-395.979797464	395.979797464	12.9748089314	-33	36	-33	36
1	"1"	"1"	1	FALSE	0	135	100	0	0	-395.979797464	395.979797464	13.0077388287	-40	37	-40	37
1	"1"	"1"	1	FALSE	0	135	100	0	0	-395.979797464	395.979797464	13.0417318344	-48	37	-48	37
1	"1"	"1"	1	FALSE	0	135	100	0	0	-395.979797464	395.979797464	13.0750849247	-60	38	-60	38
1	"1"	"1"	1	FALSE	0	135	100	0	0	-395.979797464	395.979797464	13.107916832	-63	38	-63	38
1	"1"	"1"	1	FALSE	0	135	100	0	0	-395.979797464	395.979797464	13.1417429447	-72	39	-72	39
1	"1"	"1"	1	FALSE	0	135	100	0	0	-395.979797464	395.979797464	13.1751418114	-76	40	-76	40
1	"1"	"1"	1	FALSE	0	135	100	0	0	-395.979797464	395.979797464	13.2083628178	-78	42	-78	42
1	"1"	"1"	1	FALSE	0	135	100	0	0	-395.979797464	395.979797464	13.2411627769	-82	43	-82	43
1	"1"	"1"	1	FALSE	0	135	100	0	0	-395.979797464	395.979797464	13.2751917839	-86	44	-86	44
1	"1"	"1"	1	FALSE	0	135	100	0	0	-395.979797464	395.979797464	13.3085098267	-90	45	-90	45
1	"1"	"1"	1	FALSE	0	135	100	0	0	-395.979797464	395.979797464	13.3413698673	-93	46	-93	46
1	"1"	"1"	1	FALSE	0	135	100	0	0	-395.979797464	395.979797464	13.3753569126	-95	45	-95	45
1	"1"	"1"	1	FALSE	0	135	100	0	0	-395.979797464	395.979797464	13.4085798264	-96	45	-96	45
1	"1"	"1"	1	FALSE	0	135	100	0	0	-395.979797464	395.979797464	13.4412748814	-96	44	-96	44
1	"1"	"1"	1	FALSE	0	135	100	0	0	-395.979797464	395.979797464	13.4752838612	-94	43	-94	43
1	"1"	"1"	1	FALSE	0	135	100	0	0	-395.979797464	395.979797464	13.5087440014	-91	42	-91	42
1	"1"	"1"	1	FALSE	0	135	100	0	0	-395.979797464	395.979797464	13.5421309471	-87	42	-87	42
1	"1"	"1"	1	FALSE	0	135	100	0	0	-395.979797464	395.979797464	13.5753848553	-83	43	-83	43
1	"1"	"1"	1	FALSE	0	135	100	0	0	-395.979797464	395.979797464	13.6085779667	-77	50	-77	50
1	"1"	"1"	1	FALSE	0	135	100	0	0	-395.979797464	395.979797464	13.6419909	-76	51	-76	51
1	"1"	"1"	1	FALSE	0	135	100	0	0	-395.979797464	395.979797464	13.675303936	-76	51	-76	51
1	"1"	"1"	1	FALSE	0	135	100	0	0	-395.979797464	395.979797464	13.7083539963	-76	51	-76	51
1	"1"	"1"	1	FALSE	0	135	100	0	0	-395.979797464	395.979797464	13.7420108318	-76	51	-76	51
1	"1"	"1"	1	FALSE	0	135	100	0	0	-395.979797464	395.979797464	13.7748179436	-76	51	-76	51
1	"1"	"1"	1	FALSE	0	135	100	0	0	-395.979797464	395.979797464	13.8087759018	-76	51	-76	51
1	"1"	"1"	1	FALSE	0	135	100	0	0	-395.979797464	395.979797464	13.842279911	-76	51	-76	51
1	"1"	"1"	1	FALSE	0	135	100	0	0	-395.979797464	395.979797464	13.875579834	-76	51	-76	51
1	"1"	"1"	1	FALSE	0	135	100	0	0	-395.979797464	395.979797464	13.9084448814	-76	51	-76	51
1	"1"	"1"	1	FALSE	0	135	100	0	0	-395.979797464	395.979797464	13.942278862	-76	51	-76	51
1	"1"	"1"	1	FALSE	0	135	100	0	0	-395.979797464	395.979797464	13.9756507874	-76	51	-76	51
1	"1"	"1"	1	FALSE	0	135	100	0	0	-395.979797464	395.979797464	14.0084798336	-76	51	-76	51
1	"1"	"1"	1	FALSE	0	135	100	0	0	-395.979797464	395.979797464	14.042350769	-76	51	-76	51
1	"1"	"1"	1	FALSE	0	135	100	0	0	-395.979797464	395.979797464	14.0757567883	-76	51	-76	51
1	"1"	"1"	1	FALSE	0	135	100	0	0	-395.979797464	395.979797464	14.1089639664	-76	51	-76	51
1	"1"	"1"	1	FALSE	0	135	100	0	0	-395.979797464	395.979797464	14.142441988	-76	51	-76	51
1	"1"	"1"	1	FALSE	0	135	100	0	0	-395.979797464	395.979797464	14.1753377914	-76	51	-76	51
1	"1"	"1"	1	FALSE	0	135	100	0	0	-395.979797464	395.979797464	14.2091357708	-76	51	-76	51
1	"1"	"1"	1	FALSE	0	135	100	0	0	-395.979797464	395.979797464	14.2424108982	-76	51	-76	51
1	"1"	"1"	1	FALSE	0	135	100	0	0	-395.979797464	395.979797464	14.275277853	-76	51	-76	51
1	"1"	"1"	1	FALSE	0	135	100	0	0	-395.979797464	395.979797464	14.3091928959	-76	51	-76	51
1	"1"	"1"	1	FALSE	0	135	100	0	0	-395.979797464	395.979797464	14.3426117897	-76	51	-76	51
1	"1"	"1"	1	FALSE	0	135	100	0	0	-395.979797464	395.979797464	14.3757297993	-76	51	-76	51
1	"1"	"1"	1	FALSE	0	135	100	0	0	-395.979797464	395.979797464	14.409309864	-76	51	-76	51
1	"1"	"1"	1	FALSE	0	135	100	0	0	-395.979797464	395.979797464	14.4426438808	-76	51	-76	51
1	"1"	"1"	1	FALSE	0	135	100	0	0	-395.979797464	395.979797464	14.4755449295	-76	51	-76	51
1	"1"	"1"	1	FALSE	0	135	100	0	0	-395.979797464	395.979797464	14.5093898773	-76	51	-76	51
1	"1"	"1"	1	FALSE	0	135	100	0	0	-395.979797464	395.979797464	14.542634964	-76	51	-76	51
1	"1"	"1"	1	FALSE	0	135	100	0	0	-395.979797464	395.979797464	14.5755717754	-76	51	-76	51
1	"1"	"1"	1	FALSE	0	135	100	0	0	-395.979797464	395.979797464	14.6094830036	-76	51	-76	51
1	"1"	"1"	1	FALSE	0	135	100	0	0	-395.979797464	395.979797464	14.6427919865	-76	51	-76	51
1	"1"	"1"	1	FALSE	0	135	100	0	0	-395.979797464	395.979797464	14.6761369705	-76	51	-76	51
1	"1"	"1"	1	FALSE	0	135	100	0	0	-395.979797464	395.979797464	14.7089159489	-76	51	-76	51
1	"1"	"1"	1	FALSE	0	135	100	0	0	-395.979797464	395.979797464	14.7427527905	-76	51	-76	51
1	"1"	"1"	1	FALSE	0	135	100	0	0	-395.979797464	395.979797464	14.7760977745	-76	51	-76	51
1	"1"	"1"	1	FALSE	0	135	100	0	0	-395.979797464	395.979797464	14.8091199398	-76	51	-76	51
1	"1"	"1"	1	FALSE	0	135	100	0	0	-395.979797464	395.979797464	14.842872858	-76	51	-76	51
1	"1"	"1"	1	FALSE	0	135	100	0	0	-395.979797464	395.979797464	14.8760688305	-76	51	-76	51
1	"1"	"1"	1	FALSE	0	135	100	0	0	-395.979797464	395.979797464	14.9096329212	-76	51	-76	51
1	"1"	"1"	1	FALSE	0	135	100	0	0	-395.979797464	395.979797464	14.9430439472	-76	51	-76	51
1	"1"	"1"	1	FALSE	0	135	100	0	0	-395.979797464	395.979797464	14.9757728577	-76	51	-76	51
1	"1"	"1"	1	FALSE	0	135	100	0	0	-395.979797464	395.979797464	15.0097727776	-76	51	-76	51
1	"1"	"1"	1	FALSE	0	135	100	0	0	-395.979797464	395.979797464	15.0431549549	-76	51	-76	51
1	"1"	"1"	1	FALSE	0	135	100	0	0	-395.979797464	395.979797464	15.0764877796	-76	51	-76	51
1	"1"	"1"	1	FALSE	0	135	100	0	0	-395.979797464	395.979797464	15.1095068455	-76	51	-76	51
1	"1"	"1"	1	FALSE	0	135	100	0	0	-395.979797464	395.979797464	15.1431028843	-76	51	-76	51
1	"1"	"1"	1	FALSE	0	135	100	0	0	-395.979797464	395.979797464	15.1761949062	-76	51	-76	51
1	"1"	"1"	1	FALSE	0	135	100	0	0	-395.979797464	395.979797464	15.2099478245	-76	51	-76	51
1	"1"	"1"	1	FALSE	0	135	100	0	0	-395.979797464	395.979797464	15.2433238029	-76	51	-76	51
1	"1"	"1"	1	FALSE	0	135	100	0	0	-395.979797464	395.979797464	15.2762858868	-76	51	-76	51
1	"1"	"1"	1	FALSE	0	135	100	0	0	-395.979797464	395.979797464	15.3100609779	-76	51	-76	51
1	"1"	"1"	1	FALSE	0	135	100	0	0	-395.979797464	395.979797464	15.3434197903	-76	51	-76	51
1	"1"	"1"	1	FALSE	0	135	100	0	0	-395.979797464	395.979797464	15.3766257763	-76	51	-76	51
1	"1"	"1"	1	FALSE	0	135	100	0	0	-395.979797464	395.979797464	15.410132885	-76	51	-76	51
1	"1"	"1"	1	FALSE	0	135	100	0	0	-395.979797464	395.979797464	15.4430649281	-76	51	-76	51
1	"1"	"1"	1	FALSE	0	135	100	0	0	-395.979797464	395.979797464	15.4767708778	-76	51	-76	51
1	"1"	"1"	1	FALSE	0	135	100	0	0	-395.979797464	395.979797464	15.5102458	-76	51	-76	51
1	"1"	"1"	1	FALSE	0	135	100	0	0	-395.979797464	395.979797464	15.5434188843	-76	51	-76	51
1	"1"	"1"	1	FALSE	0	135	100	0	0	-395.979797464	395.979797464	15.576613903	-76	51	-76	51
1	"1"	"1"	1	FALSE	0	135	100	0	0	-395.979797464	395.979797464	15.6102018356	-76	51	-76	51
1	"1"	"1"	1	FALSE	0	135	100	0	0	-395.979797464	395.979797464	15.6436109543	-76	51	-76	51
1	"1"	"1"	1	FALSE	0	135	100	0	0	-395.979797464	395.979797464	15.6766958237	-76	51	-76	51
1	"1"	"1"	1	FALSE	0	135	100	0	0	-395.979797464	395.979797464	15.7103497982	-76	51	-76	51
1	"1"	"1"	1	FALSE	0	135	100	0	0	-395.979797464	395.979797464	15.7430679798	-76	51	-76	51
1	"1"	"1"	1	FALSE	0	135	100	0	0	-395.979797464	395.979797464	15.7771408558	-76	51	-76	51
1	"1"	"1"	1	FALSE	0	135	100	0	0	-395.979797464	395.979797464	15.8104279041	-76	51	-76	51
1	"1"	"1"	1	FALSE	0	135	100	0	0	-395.979797464	395.979797464	15.843421936	-76	51	-76	51
1	"1"	"1"	1	FALSE	0	135	100	0	0	-395.979797464	395.979797464	15.8770668507	-76	51	-76	51
1	"1"	"1"	1	FALSE	0	135	100	0	0	-395.979797464	395.979797464	15.9101548195	-76	51	-76	51
1	"1"	"1"	1	FALSE	0	135	100	0	0	-395.979797464	395.979797464	15.9438698292	-76	51	-76	51
1	"1"	"1"	1	FALSE	0	135	100	0	0	-395.979797464	395.979797464	15.9770359993	-76	51	-76	51
1	"1"	"1"	1	FALSE	0	135	100	0	0	-395.979797464	395.979797464	16.0104269981	-76	51	-76	51
1	"1"	"1"	1	FALSE	0	135	100	0	0	-395.979797464	395.979797464	16.04327178	-76	51	-76	51
1	"1"	"1"	1	FALSE	0	135	100	0	0	-395.979797464	395.979797464	16.0771598816	-76	51	-76	51
1	"1"	"1"	1	FALSE	0	135	100	0	0	-395.979797464	395.979797464	16.1106288433	-76	51	-76	51
1	"1"	"1"	1	FALSE	0	135	100	0	0	-395.979797464	395.979797464	16.1438369751	-76	51	-76	51
1	"1"	"1"	1	FALSE	0	135	100	0	0	-395.979797464	395.979797464	16.1768419743	-76	51	-76	51
1	"1"	"1"	1	FALSE	0	135	100	0	0	-395.979797464	395.979797464	16.2099878788	-76	51	-76	51
1	"1"	"1"	1	FALSE	0	135	100	0	0	-395.979797464	395.979797464	16.2440788746	-76	51	-76	51
1	"1"	"1"	1	FALSE	0	135	100	0	0	-395.979797464	395.979797464	16.2774579525	-76	51	-76	51
1	"1"	"1"	1	FALSE	0	135	100	0	0	-395.979797464	395.979797464	16.3104438782	-76	51	-76	51
1	"1"	"1"	1	FALSE	0	135	100	0	0	-395.979797464	395.979797464	16.3439669609	-76	51	-76	51
1	"1"	"1"	1	FALSE	0	135	100	0	0	-395.979797464	395.979797464	16.3768398762	-76	51	-76	51
1	"1"	"1"	1	FALSE	0	135	100	0	0	-395.979797464	395.979797464	16.4108839035	-76	51	-76	51
1	"1"	"1"	1	FALSE	0	135	100	0	0	-395.979797464	395.979797464	16.4442858696	-76	51	-76	51
1	"1"	"1"	1	FALSE	0	135	100	0	0	-395.979797464	395.979797464	16.4772059917	-76	51	-76	51
1	"1"	"1"	1	FALSE	0	135	100	0	0	-395.979797464	395.979797464	16.5108528137	-76	51	-76	51
1	"1"	"1"	1	FALSE	0	135	100	0	0	-395.979797464	395.979797464	16.5442519188	-76	51	-76	51
1	"1"	"1"	1	FALSE	0	135	100	0	0	-395.979797464	395.979797464	16.5771398544	-76	51	-76	51
1	"1"	"1"	1	FALSE	0	135	100	0	0	-395.979797464	395.979797464	16.6110999584	-76	51	-76	51
1	"1"	"1"	1	FALSE	0	135	100	0	0	-395.979797464	395.979797464	16.6443288326	-76	51	-76	51
1	"1"	"1"	1	FALSE	0	135	100	0	0	-395.979797464	395.979797464	16.6776249409	-76	51	-76	51
1	"1"	"1"	1	FALSE	0	135	100	0	0	-395.979797464	395.979797464	16.7108769417	-76	51	-76	51
1	"1"	"1"	1	FALSE	0	135	100	0	0	-395.979797464	395.979797464	16.7438118458	-76	51	-76	51
1	"1"	"1"	1	FALSE	0	135	100	0	0	-395.979797464	395.979797464	16.7777459621	-76	51	-76	51
1	"1"	"1"	1	FALSE	0	135	100	0	0	-395.979797464	395.979797464	16.8110377789	-76	51	-76	51
1	"1"	"1"	1	FALSE	0	135	100	0	0	-395.979797464	395.979797464	16.8440377712	-76	51	-76	51
1	"1"	"1"	1	FALSE	0	135	100	0	0	-395.979797464	395.979797464	16.8774077892	-76	51	-76	51
1	"1"	"1"	1	FALSE	0	135	100	0	0	-395.979797464	395.979797464	16.9105558395	-76	51	-76	51
1	"1"	"1"	1	FALSE	0	135	100	0	0	-395.979797464	395.979797464	16.9446079731	-76	51	-76	51
1	"1"	"1"	1	FALSE	0	135	100	0	0	-395.979797464	395.979797464	16.9780139923	-76	51	-76	51
1	"1"	"1"	1	FALSE	0	135	100	0	0	-395.979797464	395.979797464	17.0107779503	-76	51	-76	51
1	"1"	"1"	1	FALSE	0	135	100	0	0	-395.979797464	395.979797464	17.0445189476	-76	51	-76	51
1	"1"	"1"	1	FALSE	0	135	100	0	0	-395.979797464	395.979797464	17.0778698921	-76	51	-76	51
1	"1"	"1"	1	FALSE	0	135	100	0	0	-395.979797464	395.979797464	17.1107339859	-76	51	-76	51
1	"1"	"1"	1	FALSE	0	135	100	0	0	-395.979797464	395.979797464	17.1447048187	-76	51	-76	51
1	"1"	"1"	1	FALSE	0	135	100	0	0	-395.979797464	395.979797464	17.1781327724	-76	51	-76	51
1	"1"	"1"	1	FALSE	0	135	100	0	0	-395.979797464	395.979797464	17.2114357948	-76	51	-76	51
1	"1"	"1"	1	FALSE	0	135	100	0	0	-395.979797464	395.979797464	17.2448379993	-76	51	-76	51
1	"1"	"1"	1	FALSE	0	135	100	0	0	-395.979797464	395.979797464	17.2782018185	-76	51	-76	51
1	"1"	"1"	1	FALSE	0	135	100	0	0	-395.979797464	395.979797464	17.3114118576	-76	51	-76	51
1	"1"	"1"	1	FALSE	0	135	100	0	0	-395.979797464	395.979797464	17.3449289799	-76	51	-76	51
1	"1"	"1"	1	FALSE	0	135	100	0	0	-395.979797464	395.979797464	17.3783249855	-76	51	-76	51
1	"1"	"1"	1	FALSE	0	135	100	0	0	-395.979797464	395.979797464	17.4112689495	-76	51	-76	51
1	"1"	"1"	1	FALSE	0	135	100	0	0	-395.979797464	395.979797464	17.4449789524	-76	51	-76	51
1	"1"	"1"	1	FALSE	0	135	100	0	0	-395.979797464	395.979797464	17.4783787727	-76	51	-76	51
1	"1"	"1"	1	FALSE	0	135	100	0	0	-395.979797464	395.979797464	17.511343956	-76	51	-76	51
1	"1"	"1"	1	FALSE	0	135	100	0	0	-395.979797464	395.979797464	17.5450348854	-76	51	-76	51
1	"1"	"1"	1	FALSE	0	135	100	0	0	-395.979797464	395.979797464	17.5784609318	-76	51	-76	51
1	"1"	"1"	1	FALSE	0	135	100	0	0	-395.979797464	395.979797464	17.6115748882	-76	51	-76	51
1	"1"	"1"	1	FALSE	0	135	100	0	0	-395.979797464	395.979797464	17.645293951	-76	51	-76	51
1	"1"	"1"	1	FALSE	0	135	100	0	0	-395.979797464	395.979797464	17.6784858704	-76	51	-76	51
1	"1"	"1"	1	FALSE	0	135	100	0	0	-395.979797464	395.979797464	17.7115638256	-76	51	-76	51
1	"1"	"1"	1	FALSE	0	135	100	0	0	-395.979797464	395.979797464	17.7450888157	-76	51	-76	51
1	"1"	"1"	1	FALSE	0	135	100	0	0	-395.979797464	395.979797464	17.7785658836	-76	51	-76	51
1	"1"	"1"	1	FALSE	0	135	100	0	0	-395.979797464	395.979797464	17.811342001	-76	51	-76	51
1	"1"	"1"	1	FALSE	0	135	100	0	0	-395.979797464	395.979797464	17.8453199863	-76	51	-76	51
1	"1"	"1"	1	FALSE	0	135	100	0	0	-395.979797464	395.979797464	17.878608942	-76	51	-76	51
1	"1"	"1"	1	FALSE	0	135	100	0	0	-395.979797464	395.979797464	17.9113857746	-76	51	-76	51
1	"1"	"1"	1	FALSE	0	135	100	0	0	-395.979797464	395.979797464	17.9453248978	-76	51	-76	51
1	"1"	"1"	1	FALSE	0	135	100	0	0	-395.979797464	395.979797464	17.9787409306	-76	51	-76	51
1	"1"	"1"	1	FALSE	0	135	100	0	0	-395.979797464	395.979797464	18.0119709969	-76	51	-76	51
1	"1"	"1"	1	FALSE	0	135	100	0	0	-395.979797464	395.979797464	18.0453338623	-76	51	-76	51
1	"1"	"1"	1	FALSE	0	135	100	0	0	-395.979797464	395.979797464	18.0788807869	-76	51	-76	51
1	"1"	"1"	1	FALSE	0	135	100	0	0	-395.979797464	395.979797464	18.1120398045	-76	51	-76	51
1	"1"	"1"	1	FALSE	0	135	100	0	0	-395.979797464	395.979797464	18.1453008652	-76	51	-76	51
1	"1"	"1"	1	FALSE	0	135	100	0	0	-395.979797464	395.979797464	18.178814888	-76	51	-76	51
1	"1"	"1"	1	FALSE	0	135	100	0	0	-395.979797464	395.979797464	18.2122809887	-76	51	-76	51
1	"1"	"1"	1	FALSE	0	135	100	0	0	-395.979797464	395.979797464	18.2455089092	-76	51	-76	51
1	"1"	"1"	1	FALSE	0	135	100	0	0	-395.979797464	395.979797464	18.2787277699	-76	51	-76	51
1	"1"	"1"	1	FALSE	0	135	100	0	0	-395.979797464	395.979797464	18.3116579056	-76	51	-76	51
1	"1"	"1"	1	FALSE	0	135	100	0	0	-395.979797464	395.979797464	18.3457129002	-76	51	-76	51
1	"1"	"1"	1	FALSE	0	135	100	0	0	-395.979797464	395.979797464	18.3789718151	-76	51	-76	51
1	"1"	"1"	1	FALSE	0	135	100	0	0	-395.979797464	395.979797464	18.4123129845	-76	51	-76	51
1	"1"	"1"	1	FALSE	0	135	100	0	0	-395.979797464	395.979797464	18.4451828003	-76	51	-76	51
1	"1"	"1"	1	FALSE	0	135	100	0	0	-395.979797464	395.979797464	18.478954792	-76	51	-76	51
1	"1"	"1"	1	FALSE	0	135	100	0	0	-395.979797464	395.979797464	18.5124058723	-76	51	-76	51
1	"1"	"1"	1	FALSE	0	135	100	0	0	-395.979797464	395.979797464	18.5458807945	-76	51	-76	51
1	"1"	"1"	1	FALSE	0	135	100	0	0	-395.979797464	395.979797464	18.5792119503	-76	51	-76	51
1	"1"	"1"	1	FALSE	0	135	100	0	0	-395.979797464	395.979797464	18.6125018597	-76	51	-76	51
1	"1"	"1"	1	FALSE	0	135	100	0	0	-395.979797464	395.979797464	18.6459028721	-76	51	-76	51
1	"1"	"1"	1	FALSE	0	135	100	0	0	-395.979797464	395.979797464	18.6792869568	-76	51	-76	51
1	"1"	"1"	1	FALSE	0	135	100	0	0	-395.979797464	395.979797464	18.7126398087	-76	51	-76	51
1	"1"	"1"	1	FALSE	0	135	100	0	0	-395.979797464	395.979797464	18.7458279133	-76	51	-76	51
1	"1"	"1"	1	FALSE	0	135	100	0	0	-395.979797464	395.979797464	18.7793369293	-76	51	-76	51
1	"1"	"1"	1	FALSE	0	135	100	0	0	-395.979797464	395.979797464	18.812420845	-76	51	-76	51
1	"1"	"1"	1	FALSE	0	135	100	0	0	-395.979797464	395.979797464	18.846159935	-76	51	-76	51
1	"1"	"1"	1	FALSE	0	135	100	0	0	-395.979797464	395.979797464	18.8794689178	-76	51	-76	51
1	"1"	"1"	1	FALSE	0	135	100	0	0	-395.979797464	395.979797464	18.9121959209	-76	51	-76	51
1	"1"	"1"	1	FALSE	0	135	100	0	0	-395.979797464	395.979797464	18.9461839199	-76	51	-76	51
1	"1"	"1"	1	FALSE	0	135	100	0	0	-395.979797464	395.979797464	18.9794809818	-76	51	-76	51
1	"1"	"1"	1	FALSE	0	135	100	0	0	-395.979797464	395.979797464	19.0126838684	-76	51	-76	51
1	"1"	"1"	1	FALSE	0	135	100	0	0	-395.979797464	395.979797464	19.0460209846	-76	51	-76	51
1	"1"	"1"	1	FALSE	0	135	100	0	0	-395.979797464	395.979797464	19.0796358585	-76	51	-76	51
1	"1"	"1"	1	FALSE	0	135	100	0	0	-395.979797464	395.979797464	19.112970829	-76	51	-76	51
1	"1"	"1"	1	FALSE	0	135	100	0	0	-395.979797464	395.979797464	19.1459848881	-76	51	-76	51
1	"1"	"1"	1	FALSE	0	135	100	0	0	-395.979797464	395.979797464	19.1796228886	-76	51	-76	51
1	"1"	"1"	1	FALSE	0	135	100	0	0	-395.979797464	395.979797464	19.212376833	-76	51	-76	51
1	"1"	"1"	1	FALSE	0	135	100	0	0	-395.979797464	395.979797464	19.2462668419	-76	51	-76	51
1	"1"	"1"	1	FALSE	0	135	100	0	0	-395.979797464	395.979797464	19.2797758579	-76	51	-76	51
1	"1"	"1"	1	FALSE	0	135	100	0	0	-395.979797464	395.979797464	19.312776804	-76	51	-76	51
1	"1"	"1"	1	FALSE	0	135	100	0	0	-395.979797464	395.979797464	19.3464388847	-76	51	-76	51
1	"1"	"1"	1	FALSE	0	135	100	0	0	-395.979797464	395.979797464	19.3798418045	-76	51	-76	51
1	"1"	"1"	1	FALSE	0	135	100	0	0	-395.979797464	395.979797464	19.4129068851	-76	51	-76	51
1	"1"	"1"	1	FALSE	0	135	100	0	0	-395.979797464	395.979797464	19.4464228153	-76	51	-76	51
1	"1"	"1"	1	FALSE	0	135	100	0	0	-395.979797464	395.979797464	19.4799227715	-76	51	-76	51
1	"1"	"1"	1	FALSE	0	135	100	0	0	-395.979797464	395.979797464	19.512611866	-76	51	-76	51
1	"1"	"1"	1	FALSE	0	135	100	0	0	-395.979797464	395.979797464	19.5464808941	-76	51	-76	51
1	"1"	"1"	1	FALSE	0	135	100	0	0	-395.979797464	395.979797464	19.5797858238	-76	51	-76	51
1	"1"	"1"	1	FALSE	0	135	100	0	0	-395.979797464	395.979797464	19.6132838726	-76	51	-76	51
1	"1"	"1"	1	FALSE	0	135	100	0	0	-395.979797464	395.979797464	19.6465978622	-76	51	-76	51
1	"1"	"1"	1	FALSE	0	135	100	0	0	-395.979797464	395.979797464	19.6800408363	-76	51	-76	51
1	"1"	"1"	1	FALSE	0	135	100	0	0	-395.979797464	395.979797464	19.7129249573	-76	51	-76	51
1	"1"	"1"	1	FALSE	0	135	100	0	0	-395.979797464	395.979797464	19.7467458248	-76	51	-76	51
1	"1"	"1"	1	FALSE	0	135	100	0	0	-395.979797464	395.979797464	19.7801749706	-76	51	-76	51
1	"1"	"1"	1	FALSE	0	135	100	0	0	-395.979797464	395.979797464	19.8134338856	-76	51	-76	51
1	"1"	"1"	1	FALSE	0	135	100	0	0	-395.979797464	395.979797464	19.8468558788	-76	51	-76	51
1	"1"	"1"	1	FALSE	0	135	100	0	0	-395.979797464	395.979797464	19.8800709248	-76	51	-76	51
1	"1"	"1"	1	FALSE	0	135	100	0	0	-395.979797464	395.979797464	19.9130368233	-76	51	-76	51
1	"1"	"1"	1	FALSE	0	135	100	0	0	-395.979797464	395.979797464	19.9468948841	-76	51	-76	51
1	"1"	"1"	1	FALSE	0	135	100	0	0	-395.979797464	395.979797464	19.9802777767	-76	51	-76	51
1	"1"	"1"	1	FALSE	0	135	100	0	0	-395.979797464	395.979797464	20.0129868984	-76	51	-76	51
1	"1"	"1"	1	FALSE	0	135	100	0	0	-395.979797464	395.979797464	20.0470459461	-76	51	-76	51
1	"1"	"1"	1	FALSE	0	135	100	0	0	-395.979797464	395.979797464	20.0803508759	-76	51	-76	51
1	"1"	"1"	1	FALSE	0	135	100	0	0	-395.979797464	395.979797464	20.113298893	-76	51	-76	51
1	"1"	"1"	1	FALSE	0	135	100	0	0	-395.979797464	395.979797464	20.1470658779	-76	51	-76	51
1	"1"	"1"	1	FALSE	0	135	100	0	0	-395.979797464	395.979797464	20.1804869175	-76	51	-76	51
1	"1"	"1"	1	FALSE	0	135	100	0	0	-395.979797464	395.979797464	20.2131447792	-76	51	-76	51
1	"1"	"1"	1	FALSE	0	135	100	0	0	-395.979797464	395.979797464	20.2472538948	-76	51	-76	51
1	"1"	"1"	1	FALSE	0	135	100	0	0	-395.979797464	395.979797464	20.280548811	-76	51	-76	51
1	"1"	"1"	1	FALSE	0	135	100	0	0	-395.979797464	395.979797464	20.3133809566	-76	51	-76	51
1	"1"	"1"	1	FALSE	0	135	100	0	0	-395.979797464	395.979797464	20.3472537994	-76	51	-76	51
1	"1"	"1"	1	FALSE	0	135	100	0	0	-395.979797464	395.979797464	20.3804409504	-76	51	-76	51
1	"1"	"1"	1	FALSE	0	135	100	0	0	-395.979797464	395.979797464	20.4134688377	-76	51	-76	51
1	"1"	"1"	1	FALSE	0	135	100	0	0	-395.979797464	395.979797464	20.4470918179	-76	51	-76	51
1	"1"	"1"	1	FALSE	0	135	100	0	0	-395.979797464	395.979797464	20.4806239605	-76	51	-76	51
1	"1"	"1"	1	FALSE	0	135	100	0	0	-395.979797464	395.979797464	20.5134558678	-76	51	-76	51
1	"1"	"1"	1	FALSE	0	135	100	0	0	-395.979797464	395.979797464	20.5473718643	-76	51	-76	51
1	"1"	"1"	1	FALSE	0	135	100	0	0	-395.979797464	395.979797464	20.5807769299	-76	51	-76	51
1	"1"	"1"	1	FALSE	0	135	100	0	0	-395.979797464	395.979797464	20.6135578156	-76	51	-76	51
1	"1"	"1"	1	FALSE	0	135	100	0	0	-395.979797464	395.979797464	20.6474838257	-76	51	-76	51
1	"1"	"1"	1	FALSE	0	135	100	0	0	-395.979797464	395.979797464	20.6808819771	-76	51	-76	51
1	"1"	"1"	1	FALSE	0	135	100	0	0	-395.979797464	395.979797464	20.7136278152	-76	51	-76	51
1	"1"	"1"	1	FALSE	0	135	100	0	0	-395.979797464	395.979797464	20.7476248741	-76	51	-76	51
1	"1"	"1"	1	FALSE	0	135	100	0	0	-395.979797464	395.979797464	20.7809407711	-76	51	-76	51
1	"1"	"1"	1	FALSE	0	135	100	0	0	-395.979797464	395.979797464	20.8138928413	-76	51	-76	51
1	"1"	"1"	1	FALSE	0	135	100	0	0	-395.979797464	395.979797464	20.8476188183	-76	51	-76	51
1	"1"	"1"	1	FALSE	0	135	100	0	0	-395.979797464	395.979797464	20.8810038567	-76	51	-76	51
1	"1"	"1"	1	FALSE	0	135	100	0	0	-395.979797464	395.979797464	20.9143388271	-76	51	-76	51
1	"1"	"1"	1	FALSE	0	135	100	0	0	-395.979797464	395.979797464	20.9476208687	-76	51	-76	51
1	"1"	"1"	1	FALSE	0	135	100	0	0	-395.979797464	395.979797464	20.9809978008	-76	51	-76	51
1	"1"	"1"	1	FALSE	0	135	100	0	0	-395.979797464	395.979797464	21.0140659809	-76	51	-76	51
1	"1"	"1"	1	FALSE	0	135	100	0	0	-395.979797464	395.979797464	21.0471348763	-76	51	-76	51
1	"1"	"1"	1	FALSE	0	135	100	0	0	-395.979797464	395.979797464	21.0810058117	-76	51	-76	51
1	"1"	"1"	1	FALSE	0	135	100	0	0	-395.979797464	395.979797464	21.114538908	-76	51	-76	51
1	"1"	"1"	1	FALSE	0	135	100	0	0	-395.979797464	395.979797464	21.1477627754	-76	51	-76	51
1	"1"	"1"	1	FALSE	0	135	100	0	0	-395.979797464	395.979797464	21.1806108952	-76	51	-76	51
1	"1"	"1"	1	FALSE	0	135	100	0	0	-395.979797464	395.979797464	21.2146308422	-76	51	-76	51
1	"1"	"1"	1	FALSE	0	135	100	0	0	-395.979797464	395.979797464	21.2479918003	-76	51	-76	51
1	"1"	"1"	1	FALSE	0	135	100	0	0	-395.979797464	395.979797464	21.2808728218	-76	51	-76	51
1	"1"	"1"	1	FALSE	0	135	100	0	0	-395.979797464	395.979797464	21.3145179749	-76	51	-76	51
1	"1"	"1"	1	FALSE	0	135	100	0	0	-395.979797464	395.979797464	21.3479897976	-76	51	-76	51
1	"1"	"1"	1	FALSE	0	135	100	0	0	-395.979797464	395.979797464	21.3811058998	-76	51	-76	51
1	"1"	"1"	1	FALSE	0	135	100	0	0	-395.979797464	395.979797464	21.4147508144	-76	51	-76	51
1	"1"	"1"	1	FALSE	0	135	100	0	0	-395.979797464	395.979797464	21.4480879307	-76	51	-76	51
1	"1"	"1"	1	FALSE	0	135	100	0	0	-395.979797464	395.979797464	21.4810979366	-76	51	-76	51
1	"1"	"1"	1	FALSE	0	135	100	0	0	-395.979797464	395.979797464	21.5146269798	-76	51	-76	51
1	"1"	"1"	1	FALSE	0	135	100	0	0	-395.979797464	395.979797464	21.5475559235	-76	51	-76	51
1	"1"	"1"	1	FALSE	0	135	100	0	0	-395.979797464	395.979797464	21.5815007687	-76	51	-76	51
1	"1"	"1"	1	FALSE	0	135	100	0	0	-395.979797464	395.979797464	21.6148738861	-76	51	-76	51
1	"1"	"1"	1	FALSE	0	135	100	0	0	-395.979797464	395.979797464	21.6481459141	-76	51	-76	51
1	"1"	"1"	1	FALSE	0	135	100	0	0	-395.979797464	395.979797464	21.6812739372	-76	51	-76	51
1	"1"	"1"	1	FALSE	0	135	100	0	0	-395.979797464	395.979797464	21.7149159908	-76	51	-76	51
1	"1"	"1"	1	FALSE	0	135	100	0	0	-395.979797464	395.979797464	21.7482829094	-76	51	-76	51
1	"1"	"1"	1	FALSE	0	135	100	0	0	-395.979797464	395.979797464	21.7816438675	-76	51	-76	51
1	"1"	"1"	1	FALSE	0	135	100	0	0	-395.979797464	395.979797464	21.8148748875	-76	51	-76	51
1	"1"	"1"	1	FALSE	0	135	100	0	0	-395.979797464	395.979797464	21.8484158516	-76	51	-76	51
1	"1"	"1"	1	FALSE	0	135	100	0	0	-395.979797464	395.979797464	21.8817718029	-76	51	-76	51
1	"1"	"1"	1	FALSE	0	135	100	0	0	-395.979797464	395.979797464	21.9145989418	-76	51	-76	51
1	"1"	"1"	1	FALSE	0	135	100	0	0	-395.979797464	395.979797464	21.9484558105	-16	3	-16	3
1	"1"	"1"	1	FALSE	0	135	100	0	0	-395.979797464	395.979797464	21.9816329479	-17	1	-17	1
1	"1"	"1"	1	FALSE	0	135	100	0	0	-395.979797464	395.979797464	22.0150258541	-16	-3	-16	-3
1	"1"	"1"	1	FALSE	0	135	100	0	0	-395.979797464	395.979797464	22.0479848385	-15	-9	-15	-9
1	"1"	"1"	1	FALSE	0	135	100	0	0	-395.979797464	395.979797464	22.0819039345	-15	-13	-15	-13
1	"1"	"1"	1	FALSE	0	135	100	0	0	-395.979797464	395.979797464	22.1153709888	-15	-10	-15	-10
1	"1"	"1"	1	FALSE	0	135	100	0	0	-395.979797464	395.979797464	22.1486349106	-14	-10	-14	-10
1	"1"	"1"	1	FALSE	0	135	100	0	0	-395.979797464	395.979797464	22.1814689636	-13	-10	-13	-10
1	"1"	"1"	1	FALSE	0	135	100	0	0	-395.979797464	395.979797464	22.2155277729	-12	-8	-12	-8
1	"1"	"1"	1	FALSE	0	135	100	0	0	-395.979797464	395.979797464	22.2488188744	-12	-5	-12	-5
1	"1"	"1"	1	FALSE	0	135	100	0	0	-395.979797464	395.979797464	22.2815928459	-13	-4	-13	-4
1	"1"	"1"	1	FALSE	0	135	100	0	0	-395.979797464	395.979797464	22.3153738976	-13	-3	-13	-3
1	"1"	"1"	1	FALSE	0	135	100	0	0	-395.979797464	395.979797464	22.3488388062	-14	-1	-14	-1
1	"1"	"1"	1	FALSE	0	135	100	0	0	-395.979797464	395.979797464	22.3821299076	-15	1	-15	1
1	"1"	"1"	1	FALSE	0	135	100	0	0	-395.979797464	395.979797464	22.4155399799	-16	5	-16	5
1	"1"	"1"	1	FALSE	0	135	100	0	0	-395.979797464	395.979797464	22.4490408897	-18	8	-18	8
1	"1"	"1"	1	FALSE	0	135	100	0	0	-395.979797464	395.979797464	22.482405901	-19	11	-19	11
1	"1"	"1"	1	FALSE	0	135	100	0	0	-395.979797464	395.979797464	22.5155208111	-21	14	-21	14
1	"1"	"1"	1	FALSE	0	135	100	0	0	-395.979797464	395.979797464	22.5487289429	-24	16	-24	16
1	"1"	"1"	1	FALSE	0	135	100	0	0	-395.979797464	395.979797464	22.5822799206	-26	17	-26	17
1	"1"	"1"	1	FALSE	0	135	100	0	0	-395.979797464	395.979797464	22.6157279015	-29	18	-29	18
1	"1"	"1"	1	FALSE	0	135	100	0	0	-395.979797464	395.979797464	22.6486878395	-32	18	-32	18
1	"1"	"1"	1	FALSE	0	135	100	0	0	-395.979797464	395.979797464	22.6817798615	-35	19	-35	19
1	"1"	"1"	1	FALSE	0	135	100	0	0	-395.979797464	395.979797464	22.7159469128	-37	20	-37	20
1	"1"	"1"	1	FALSE	0	135	100	0	0	-395.979797464	395.979797464	22.7490878105	-39	22	-39	22
1	"1"	"1"	1	FALSE	0	135	100	0	0	-395.979797464	395.979797464	22.7824349403	-42	24	-42	24
1	"1"	"1"	1	FALSE	0	135	100	0	0	-395.979797464	395.979797464	22.8151907921	-45	27	-45	27
1	"1"	"1"	1	FALSE	0	135	100	0	0	-395.979797464	395.979797464	22.8492729664	-50	30	-50	30
1	"1"	"1"	1	FALSE	0	135	100	0	0	-395.979797464	395.979797464	22.8826129436	-56	33	-56	33
1	"1"	"1"	1	FALSE	0	135	100	0	0	-395.979797464	395.979797464	22.9152848721	-61	35	-61	35
1	"1"	"1"	1	FALSE	0	135	100	0	0	-395.979797464	395.979797464	22.9491949081	-66	38	-66	38
1	"1"	"1"	1	FALSE	0	135	100	0	0	-395.979797464	395.979797464	22.9825639725	-69	40	-69	40
1	"1"	"1"	1	FALSE	0	135	100	0	0	-395.979797464	395.979797464	23.0153539181	-70	42	-70	42
1	"1"	"1"	1	FALSE	0	135	100	0	0	-395.979797464	395.979797464	23.0494198799	-70	43	-70	43
1	"1"	"1"	1	FALSE	0	135	100	0	0	-395.979797464	395.979797464	23.082780838	-68	44	-68	44
1	"1"	"1"	1	FALSE	0	135	100	0	0	-395.979797464	395.979797464	23.116093874	-67	43	-67	43
1	"1"	"1"	1	FALSE	0	135	100	0	0	-395.979797464	395.979797464	23.1494879723	-67	42	-67	42
1	"1"	"1"	1	FALSE	0	135	100	0	0	-395.979797464	395.979797464	23.1828119755	-66	41	-66	41
1	"1"	"1"	1	FALSE	0	135	100	0	0	-395.979797464	395.979797464	23.215734005	-65	41	-65	41
1	"1"	"1"	1	FALSE	0	135	100	0	0	-395.979797464	395.979797464	23.2496027946	-63	42	-63	42
1	"1"	"1"	1	FALSE	0	135	100	0	0	-395.979797464	395.979797464	23.282984972	-62	45	-62	45
1	"1"	"1"	1	FALSE	0	135	100	0	0	-395.979797464	395.979797464	23.316202879	-60	46	-60	46
1	"1"	"1"	1	FALSE	0	135	100	0	0	-395.979797464	395.979797464	23.3496258259	-60	46	-60	46
1	"1"	"1"	1	FALSE	0	135	100	0	0	-395.979797464	395.979797464	23.3829479218	-61	47	-61	47
1	"1"	"1"	1	FALSE	0	135	100	0	0	-395.979797464	395.979797464	23.4160709381	-61	47	-61	47
1	"1"	"1"	1	FALSE	0	135	100	0	0	-395.979797464	395.979797464	23.4496848583	-60	46	-60	46
1	"1"	"1"	1	FALSE	0	135	100	0	0	-395.979797464	395.979797464	23.4828879833	-59	47	-59	47
1	"1"	"1"	1	FALSE	0	135	100	0	0	-395.979797464	395.979797464	23.5157330036	-58	48	-58	48
1	"1"	"1"	1	FALSE	0	135	100	0	0	-395.979797464	395.979797464	23.5497829914	-58	47	-58	47
1	"1"	"1"	1	FALSE	0	135	100	0	0	-395.979797464	395.979797464	23.5830597878	-58	45	-58	45
1	"1"	"1"	1	FALSE	0	135	100	0	0	-395.979797464	395.979797464	23.616563797	-59	45	-59	45
1	"1"	"1"	1	FALSE	0	135	100	0	0	-395.979797464	395.979797464	23.6497569084	-58	46	-58	46
1	"1"	"1"	1	FALSE	0	135	100	0	0	-395.979797464	395.979797464	23.6829018593	-55	47	-55	47
1	"1"	"1"	1	FALSE	0	135	100	0	0	-395.979797464	395.979797464	23.7166068554	-52	50	-52	50
1	"1"	"1"	1	FALSE	0	135	100	0	0	-395.979797464	395.979797464	23.7496469021	-51	51	-51	51
1	"1"	"1"	1	FALSE	0	135	100	0	0	-395.979797464	395.979797464	23.7833588123	-52	50	-52	50
1	"1"	"1"	1	FALSE	0	135	100	0	0	-395.979797464	395.979797464	23.8165309429	-52	49	-52	49
1	"1"	"1"	1	FALSE	0	135	100	0	0	-395.979797464	395.979797464	23.850030899	-54	48	-54	48
1	"1"	"1"	1	FALSE	0	135	100	0	0	-395.979797464	395.979797464	23.8827719688	-55	47	-55	47
1	"1"	"1"	1	FALSE	0	135	100	0	0	-395.979797464	395.979797464	23.9167158604	-56	47	-56	47
1	"1"	"1"	1	FALSE	0	135	100	0	0	-395.979797464	395.979797464	23.9500799179	-55	46	-55	46
1	"1"	"1"	1	FALSE	0	135	100	0	0	-395.979797464	395.979797464	23.9830758572	-55	47	-55	47
1	"1"	"1"	1	FALSE	0	135	100	0	0	-395.979797464	395.979797464	24.0165939331	-55	47	-55	47
1	"1"	"1"	1	FALSE	0	135	100	0	0	-395.979797464	395.979797464	24.0495998859	-55	47	-55	47
1	"1"	"1"	1	FALSE	0	135	100	0	0	-395.979797464	395.979797464	24.0835978985	-55	46	-55	46
1	"1"	"1"	1	FALSE	0	135	100	0	0	-395.979797464	395.979797464	24.1167168617	-55	47	-55	47
1	"1"	"1"	1	FALSE	0	135	100	0	0	-395.979797464	395.979797464	24.1501648426	-55	46	-55	46
1	"1"	"1"	1	FALSE	0	135	100	0	0	-395.979797464	395.979797464	24.1835579872	-55	45	-55	45
1	"1"	"1"	1	FALSE	0	135	100	0	0	-395.979797464	395.979797464	24.2162878513	-55	45	-55	45
1	"1"	"1"	1	FALSE	0	135	100	0	0	-395.979797464	395.979797464	24.2501649857	-56	45	-56	45
1	"1"	"1"	1	FALSE	0	135	100	0	0	-395.979797464	395.979797464	24.2836318016	-56	45	-56	45
1	"1"	"1"	1	FALSE	0	135	100	0	0	-395.979797464	395.979797464	24.3163058758	-57	44	-57	44
1	"1"	"1"	1	FALSE	0	135	100	0	0	-395.979797464	395.979797464	24.3504149914	-57	44	-57	44
1	"1"	"1"	1	FALSE	0	135	100	0	0	-395.979797464	395.979797464	24.3835477829	-57	44	-57	44
1	"1"	"1"	1	FALSE	0	135	100	0	0	-395.979797464	395.979797464	24.4167909622	-57	44	-57	44
1	"1"	"1"	1	FALSE	0	135	100	0	0	-395.979797464	395.979797464	24.4504199028	-57	44	-57	44
1	"1"	"1"	1	FALSE	0	135	100	0	0	-395.979797464	395.979797464	24.4836659431	-58	44	-58	44
1	"1"	"1"	1	FALSE	0	135	100	0	0	-395.979797464	395.979797464	24.5169019699	-58	43	-58	43
1	"1"	"1"	1	FALSE	0	135	100	0	0	-395.979797464	395.979797464	24.5505290031	-58	42	-58	42
1	"1"	"1"	1	FALSE	0	135	100	0	0	-395.979797464	395.979797464	24.5838308334	-58	42	-58	42
1	"1"	"1"	1	FALSE	0	135	100	0	0	-395.979797464	395.979797464	24.6167619228	-58	43	-58	43
1	"1"	"1"	1	FALSE	0	135	100	0	0	-395.979797464	395.979797464	24.6506028175	-58	42	-58	42
1	"1"	"1"	1	FALSE	0	135	100	0	0	-395.979797464	395.979797464	24.6835458279	-58	42	-58	42
1	"1"	"1"	1	FALSE	0	135	100	0	0	-395.979797464	395.979797464	24.7174129486	-59	42	-59	42
1	"1"	"1"	1	FALSE	0	135	100	0	0	-395.979797464	395.979797464	24.7507410049	-59	42	-59	42
1	"1"	"1"	1	FALSE	0	135	100	0	0	-395.979797464	395.979797464	24.7840099335	-59	43	-59	43
1	"1"	"1"	1	FALSE	0	135	100	0	0	-395.979797464	395.979797464	24.8173348904	-59	42	-59	42
1	"1"	"1"	1	FALSE	0	135	100	0	0	-395.979797464	395.979797464	24.850673914	-60	42	-60	42
1	"1"	"1"	1	FALSE	0	135	100	0	0	-395.979797464	395.979797464	24.8842048645	-60	42	-60	42
1	"1"	"1"	1	FALSE	0	135	100	0	0	-395.979797464	395.979797464	24.9171628952	-61	43	-61	43
1	"1"	"1"	1	FALSE	0	135	100	0	0	-395.979797464	395.979797464	24.9508199692	-61	43	-61	43
1	"1"	"1"	1	FALSE	0	135	100	0	0	-395.979797464	395.979797464	24.9837229252	-60	46	-60	46
1	"1"	"1"	1	FALSE	0	135	100	0	0	-395.979797464	395.979797464	25.0173969269	-61	46	-61	46
1	"1"	"1"	1	FALSE	0	135	100	0	0	-395.979797464	395.979797464	25.0509278774	-62	45	-62	45
1	"1"	"1"	1	FALSE	0	135	100	0	0	-395.979797464	395.979797464	25.0842978954	-62	46	-62	46
1	"1"	"1"	1	FALSE	0	135	100	0	0	-395.979797464	395.979797464	25.1176769733	-62	46	-62	46
1	"1"	"1"	1	FALSE	0	135	100	0	0	-395.979797464	395.979797464	25.151088953	-62	46	-62	46
1	"1"	"1"	1	FALSE	0	135	100	0	0	-395.979797464	395.979797464	25.1842689514	-62	46	-62	46
1	"1"	"1"	1	FALSE	0	135	100	0	0	-395.979797464	395.979797464	25.2177608013	-62	46	-62	46
1	"1"	"1"	1	FALSE	0	135	100	0	0	-395.979797464	395.979797464	25.2510828972	-62	46	-62	46
1	"1"	"1"	1	FALSE	0	135	100	0	0	-395.979797464	395.979797464	25.2845189571	-62	46	-62	46
1	"1"	"1"	1	FALSE	0	135	100	0	0	-395.979797464	395.979797464	25.3176209927	-63	46	-63	46
1	"1"	"1"	1	FALSE	0	135	100	0	0	-395.979797464	395.979797464	25.3512029648	-64	47	-64	47
1	"1"	"1"	1	FALSE	0	135	100	0	0	-395.979797464	395.979797464	25.3846478462	-68	48	-68	48
1	"1"	"1"	1	FALSE	0	135	100	0	0	-395.979797464	395.979797464	25.4179368019	-74	51	-74	51
1	"1"	"1"	1	FALSE	0	135	100	0	0	-395.979797464	395.979797464	25.4512608051	-80	55	-80	55
1	"1"	"1"	1	FALSE	0	135	100	0	0	-395.979797464	395.979797464	25.4846429825	-89	57	-89	57
1	"1"	"1"	1	FALSE	0	135	100	0	0	-395.979797464	395.979797464	25.5180408955	-101	65	-101	65
1	"1"	"1"	1	FALSE	0	135	100	0	0	-395.979797464	395.979797464	25.5514369011	-123	78	-123	78
1	"1"	"1"	1	FALSE	0	135	100	0	0	-395.979797464	395.979797464	25.5847108364	-152	95	-152	95
1	"1"	"1"	1	FALSE	0	135	100	0	0	-395.979797464	395.979797464	25.617415905	-177	112	-177	112
1	"1"	"1"	1	FALSE	0	135	100	0	0	-395.979797464	395.979797464	25.6506268978	-198	126	-198	126
1	"1"	"1"	1	FALSE	0	135	100	0	0	-395.979797464	395.979797464	25.6839768887	-231	155	-231	155
1	"1"	"1"	1	FALSE	0	135	100	0	0	-395.979797464	395.979797464	25.717787981	-259	182	-259	182
1	"1"	"1"	1	FALSE	0	135	100	0	0	-395.979797464	395.979797464	25.7507269382	-274	192	-274	192
1	"1"	"1"	1	FALSE	0	135	100	0	0	-395.979797464	395.979797464	25.7840998173	-288	207	-288	207
1	"1"	"1"	1	FALSE	0	135	100	0	0	-395.979797464	395.979797464	25.8177878857	-288	207	-288	207
1	"1"	"1"	1	FALSE	0	135	100	0	0	-395.979797464	395.979797464	25.8514568806	-288	207	-288	207
1	"1"	"1"	1	FALSE	0	135	100	0	0	-395.979797464	395.979797464	25.884968996	-366	311	-366	311
1	"1"	"1"	1	FALSE	0	135	100	0	0	-395.979797464	395.979797464	25.9183249474	-379	330	-379	330
1	"1"	"1"	1	FALSE	0	135	100	0	0	-395.979797464	395.979797464	25.9516639709	-388	347	-388	347
1	"1"	"1"	1	FALSE	0	135	100	0	0	-395.979797464	395.979797464	25.9850158691	-396	362	-396	362
1	"1"	"1"	1	FALSE	0	135	100	0	0	-395.979797464	395.979797464	26.0183429718	-406	379	-406	379
1	"1"	"1"	1	FALSE	0	135	100	0	0	-395.979797464	395.979797464	26.0517067909	-411	389	-411	389
1	"1"	"1"	1	FALSE	0	135	100	0	0	-395.979797464	395.979797464	26.0851149559	-413	393	-413	393
1	"1"	"1"	1	FALSE	0	135	100	0	0	-395.979797464	395.979797464	26.1185648441	-415	397	-415	397
1	"1"	"1"	1	FALSE	0	135	100	0	0	-395.979797464	395.979797464	26.1518218517	-417	403	-417	403
1	"1"	"1"	1	FALSE	0	135	100	0	0	-395.979797464	395.979797464	26.1851379871	-419	408	-419	408
1	"1"	"1"	1	FALSE	0	135	100	0	0	-395.979797464	395.979797464	26.2185897827	-419	413	-419	413
1	"1"	"1"	1	FALSE	0	135	100	0	0	-395.979797464	395.979797464	26.251860857	-416	416	-416	416
1	"1"	"1"	1	FALSE	0	135	100	0	0	-395.979797464	395.979797464	26.2852900028	-412	417	-412	417
1	"1"	"1"	1	FALSE	0	135	100	0	0	-395.979797464	395.979797464	26.3185389042	-408	417	-408	417
1	"1"	"1"	1	FALSE	0	135	100	0	0	-395.979797464	395.979797464	26.351831913	-404	417	-404	417
1	"1"	"1"	1	FALSE	0	135	100	0	0	-395.979797464	395.979797464	26.3853209019	-401	418	-401	418
1	"1"	"1"	1	FALSE	0	135	100	0	0	-395.979797464	395.979797464	26.4186348915	-399	416	-399	416
1	"1"	"1"	1	FALSE	0	135	100	0	0	-395.979797464	395.979797464	26.4520487785	-397	414	-397	414
1	"1"	"1"	1	FALSE	0	135	100	0	0	-395.979797464	395.979797464	26.485450983	-396	411	-396	411
1	"1"	"1"	1	FALSE	0	135	100	0	0	-395.979797464	395.979797464	26.5187108517	-396	408	-396	408
1	"1"	"1"	1	FALSE	0	135	100	0	0	-395.979797464	395.979797464	26.5521378517	-395	405	-395	405
1	"1"	"1"	2	FALSE	0	45	100	0	0	395.979797464	395.979797464	0.00215888023376	4	6	4	6
1	"1"	"1"	2	FALSE	0	45	100	0	0	395.979797464	395.979797464	0.0355458259583	4	6	4	6
1	"1"	"1"	2	FALSE	0	45	100	0	0	395.979797464	395.979797464	0.0689408779144	4	6	4	6
1	"1"	"1"	2	FALSE	0	45	100	0	0	395.979797464	395.979797464	0.102401971817	4	5	4	5
1	"1"	"1"	2	FALSE	0	45	100	0	0	395.979797464	395.979797464	0.135660886765	4	5	4	5
1	"1"	"1"	2	FALSE	0	45	100	0	0	395.979797464	395.979797464	0.168987989426	4	5	4	5
1	"1"	"1"	2	FALSE	0	45	100	0	0	395.979797464	395.979797464	0.202342987061	3	4	3	4
1	"1"	"1"	2	FALSE	0	45	100	0	0	395.979797464	395.979797464	0.235720872879	2	3	2	3
1	"1"	"1"	2	FALSE	0	45	100	0	0	395.979797464	395.979797464	0.26913189888	3	3	3	3
1	"1"	"1"	2	FALSE	0	45	100	0	0	395.979797464	395.979797464	0.302466869354	4	3	4	3
1	"1"	"1"	2	FALSE	0	45	100	0	0	395.979797464	395.979797464	0.335835933685	4	3	4	3
1	"1"	"1"	2	FALSE	0	45	100	0	0	395.979797464	395.979797464	0.369210004807	5	4	5	4
1	"1"	"1"	2	FALSE	0	45	100	0	0	395.979797464	395.979797464	0.402565956116	6	4	6	4
1	"1"	"1"	2	FALSE	0	45	100	0	0	395.979797464	395.979797464	0.43584895134	5	4	5	4
1	"1"	"1"	2	FALSE	0	45	100	0	0	395.979797464	395.979797464	0.4692029953	5	4	5	4
1	"1"	"1"	2	FALSE	0	45	100	0	0	395.979797464	395.979797464	0.502386808395	5	4	5	4
1	"1"	"1"	2	FALSE	0	45	100	0	0	395.979797464	395.979797464	0.536000013351	5	3	5	3
1	"1"	"1"	2	FALSE	0	45	100	0	0	395.979797464	395.979797464	0.569283008575	6	2	6	2
1	"1"	"1"	2	FALSE	0	45	100	0	0	395.979797464	395.979797464	0.602691888809	10	4	10	4
1	"1"	"1"	2	FALSE	0	45	100	0	0	395.979797464	395.979797464	0.636121988297	16	8	16	8
1	"1"	"1"	2	FALSE	0	45	100	0	0	395.979797464	395.979797464	0.669396877289	35	21	35	21
1	"1"	"1"	2	FALSE	0	45	100	0	0	395.979797464	395.979797464	0.702747821808	62	40	62	40
1	"1"	"1"	2	FALSE	0	45	100	0	0	395.979797464	395.979797464	0.736224889755	93	61	93	61
1	"1"	"1"	2	FALSE	0	45	100	0	0	395.979797464	395.979797464	0.769510984421	120	77	120	77
1	"1"	"1"	2	FALSE	0	45	100	0	0	395.979797464	395.979797464	0.802604913712	153	97	153	97
1	"1"	"1"	2	FALSE	0	45	100	0	0	395.979797464	395.979797464	0.836250782013	183	114	183	114
1	"1"	"1"	2	FALSE	0	45	100	0	0	395.979797464	395.979797464	0.86958694458	211	131	211	131
1	"1"	"1"	2	FALSE	0	45	100	0	0	395.979797464	395.979797464	0.902904987335	234	148	234	148
1	"1"	"1"	2	FALSE	0	45	100	0	0	395.979797464	395.979797464	0.936268806458	255	165	255	165
1	"1"	"1"	2	FALSE	0	45	100	0	0	395.979797464	395.979797464	0.969662904739	270	181	270	181
1	"1"	"1"	2	FALSE	0	45	100	0	0	395.979797464	395.979797464	1.00298190117	288	205	288	205
1	"1"	"1"	2	FALSE	0	45	100	0	0	395.979797464	395.979797464	1.0363278389	297	218	297	218
1	"1"	"1"	2	FALSE	0	45	100	0	0	395.979797464	395.979797464	1.06971597672	308	238	308	238
1	"1"	"1"	2	FALSE	0	45	100	0	0	395.979797464	395.979797464	1.10310387611	316	256	316	256
1	"1"	"1"	2	FALSE	0	45	100	0	0	395.979797464	395.979797464	1.13640284538	321	270	321	270
1	"1"	"1"	2	FALSE	0	45	100	0	0	395.979797464	395.979797464	1.16982293129	327	287	327	287
1	"1"	"1"	2	FALSE	0	45	100	0	0	395.979797464	395.979797464	1.20312595367	333	302	333	302
1	"1"	"1"	2	FALSE	0	45	100	0	0	395.979797464	395.979797464	1.2364449501	337	312	337	312
1	"1"	"1"	2	FALSE	0	45	100	0	0	395.979797464	395.979797464	1.26976490021	342	324	342	324
1	"1"	"1"	2	FALSE	0	45	100	0	0	395.979797464	395.979797464	1.3032348156	348	333	348	333
1	"1"	"1"	2	FALSE	0	45	100	0	0	395.979797464	395.979797464	1.33646893501	352	341	352	341
1	"1"	"1"	2	FALSE	0	45	100	0	0	395.979797464	395.979797464	1.36982989311	354	346	354	346
1	"1"	"1"	2	FALSE	0	45	100	0	0	395.979797464	395.979797464	1.40316486359	358	352	358	352
1	"1"	"1"	2	FALSE	0	45	100	0	0	395.979797464	395.979797464	1.43645882607	362	358	362	358
1	"1"	"1"	2	FALSE	0	45	100	0	0	395.979797464	395.979797464	1.46999692917	364	361	364	361
1	"1"	"1"	2	FALSE	0	45	100	0	0	395.979797464	395.979797464	1.50340080261	368	365	368	365
1	"1"	"1"	2	FALSE	0	45	100	0	0	395.979797464	395.979797464	1.53663492203	370	369	370	369
1	"1"	"1"	2	FALSE	0	45	100	0	0	395.979797464	395.979797464	1.57015180588	373	375	373	375
1	"1"	"1"	2	FALSE	0	45	100	0	0	395.979797464	395.979797464	1.60342884064	377	379	377	379
1	"1"	"1"	2	FALSE	0	45	100	0	0	395.979797464	395.979797464	1.63660693169	380	383	380	383
1	"1"	"1"	2	FALSE	0	45	100	0	0	395.979797464	395.979797464	1.66969680786	382	388	382	388
1	"1"	"1"	2	FALSE	0	45	100	0	0	395.979797464	395.979797464	1.70331096649	384	391	384	391
1	"1"	"1"	2	FALSE	0	45	100	0	0	395.979797464	395.979797464	1.73680877686	386	395	386	395
1	"1"	"1"	2	FALSE	0	45	100	0	0	395.979797464	395.979797464	1.76958179474	387	397	387	397
1	"1"	"1"	2	FALSE	0	45	100	0	0	395.979797464	395.979797464	1.80358099937	388	399	388	399
1	"1"	"1"	3	FALSE	0	90	100	0	0	3.42901103761e-14	560	0.00214195251465	9	7	9	7
1	"1"	"1"	3	FALSE	0	90	100	0	0	3.42901103761e-14	560	0.0216360092163	8	6	8	6
1	"1"	"1"	3	FALSE	0	90	100	0	0	3.42901103761e-14	560	0.0554330348969	7	4	7	4
1	"1"	"1"	3	FALSE	0	90	100	0	0	3.42901103761e-14	560	0.0885560512543	6	2	6	2
1	"1"	"1"	3	FALSE	0	90	100	0	0	3.42901103761e-14	560	0.122121095657	5	0	5	0
1	"1"	"1"	3	FALSE	0	90	100	0	0	3.42901103761e-14	560	0.155303001404	4	0	4	0
1	"1"	"1"	3	FALSE	0	90	100	0	0	3.42901103761e-14	560	0.188760995865	4	0	4	0
1	"1"	"1"	3	FALSE	0	90	100	0	0	3.42901103761e-14	560	0.222074985504	4	0	4	0
1	"1"	"1"	3	FALSE	0	90	100	0	0	3.42901103761e-14	560	0.255537986755	4	0	4	0
1	"1"	"1"	3	FALSE	0	90	100	0	0	3.42901103761e-14	560	0.288954019547	4	0	4	0
1	"1"	"1"	3	FALSE	0	90	100	0	0	3.42901103761e-14	560	0.322211027145	4	0	4	0
1	"1"	"1"	3	FALSE	0	90	100	0	0	3.42901103761e-14	560	0.355713129044	4	2	4	2
1	"1"	"1"	3	FALSE	0	90	100	0	0	3.42901103761e-14	560	0.389157056808	4	9	4	9
1	"1"	"1"	3	FALSE	0	90	100	0	0	3.42901103761e-14	560	0.42236995697	8	29	8	29
1	"1"	"1"	3	FALSE	0	90	100	0	0	3.42901103761e-14	560	0.455739021301	13	57	13	57
1	"1"	"1"	3	FALSE	0	90	100	0	0	3.42901103761e-14	560	0.489135980606	16	80	16	80
1	"1"	"1"	3	FALSE	0	90	100	0	0	3.42901103761e-14	560	0.522462129593	20	116	20	116
1	"1"	"1"	3	FALSE	0	90	100	0	0	3.42901103761e-14	560	0.555833101273	23	144	23	144
1	"1"	"1"	3	FALSE	0	90	100	0	0	3.42901103761e-14	560	0.589240074158	24	170	24	170
1	"1"	"1"	3	FALSE	0	90	100	0	0	3.42901103761e-14	560	0.622550010681	29	209	29	209
1	"1"	"1"	3	FALSE	0	90	100	0	0	3.42901103761e-14	560	0.655915021896	34	241	34	241
1	"1"	"1"	3	FALSE	0	90	100	0	0	3.42901103761e-14	560	0.689285039902	35	274	35	274
1	"1"	"1"	3	FALSE	0	90	100	0	0	3.42901103761e-14	560	0.722567081451	32	299	32	299
1	"1"	"1"	3	FALSE	0	90	100	0	0	3.42901103761e-14	560	0.755816936493	28	326	28	326
1	"1"	"1"	3	FALSE	0	90	100	0	0	3.42901103761e-14	560	0.789291143417	26	350	26	350
1	"1"	"1"	3	FALSE	0	90	100	0	0	3.42901103761e-14	560	0.822772026062	25	372	25	372
1	"1"	"1"	3	FALSE	0	90	100	0	0	3.42901103761e-14	560	0.856023073196	24	386	24	386
1	"1"	"1"	3	FALSE	0	90	100	0	0	3.42901103761e-14	560	0.889492034912	22	399	22	399
1	"1"	"1"	3	FALSE	0	90	100	0	0	3.42901103761e-14	560	0.922799110413	20	412	20	412
1	"1"	"1"	3	FALSE	0	90	100	0	0	3.42901103761e-14	560	0.956153154373	19	424	19	424
1	"1"	"1"	3	FALSE	0	90	100	0	0	3.42901103761e-14	560	0.989571094513	19	433	19	433
1	"1"	"1"	3	FALSE	0	90	100	0	0	3.42901103761e-14	560	1.02289605141	19	441	19	441
1	"1"	"1"	3	FALSE	0	90	100	0	0	3.42901103761e-14	560	1.05612111092	19	449	19	449
1	"1"	"1"	3	FALSE	0	90	100	0	0	3.42901103761e-14	560	1.08957910538	17	461	17	461
1	"1"	"1"	3	FALSE	0	90	100	0	0	3.42901103761e-14	560	1.12288498878	16	470	16	470
1	"1"	"1"	3	FALSE	0	90	100	0	0	3.42901103761e-14	560	1.15635704994	16	481	16	481
1	"1"	"1"	3	FALSE	0	90	100	0	0	3.42901103761e-14	560	1.18961596489	13	493	13	493
1	"1"	"1"	3	FALSE	0	90	100	0	0	3.42901103761e-14	560	1.22288703918	11	501	11	501
1	"1"	"1"	3	FALSE	0	90	100	0	0	3.42901103761e-14	560	1.25638794899	8	511	8	511
1	"1"	"1"	3	FALSE	0	90	100	0	0	3.42901103761e-14	560	1.28971815109	6	517	6	517
1	"1"	"1"	3	FALSE	0	90	100	0	0	3.42901103761e-14	560	1.32308316231	4	524	4	524
1	"1"	"1"	3	FALSE	0	90	100	0	0	3.42901103761e-14	560	1.35636997223	3	530	3	530
1	"1"	"1"	3	FALSE	0	90	100	0	0	3.42901103761e-14	560	1.38985514641	2	536	2	536
1	"1"	"1"	3	FALSE	0	90	100	0	0	3.42901103761e-14	560	1.42322015762	1	542	1	542
1	"1"	"1"	3	FALSE	0	90	100	0	0	3.42901103761e-14	560	1.45654416084	0	547	0	547
1	"1"	"1"	3	FALSE	0	90	100	0	0	3.42901103761e-14	560	1.48989796638	0	552	0	552
1	"1"	"1"	3	FALSE	0	90	100	0	0	3.42901103761e-14	560	1.52329397202	0	556	0	556
1	"1"	"1"	3	FALSE	0	90	100	0	0	3.42901103761e-14	560	1.55661797523	0	558	0	558
1	"1"	"1"	4	FALSE	0	135	100	0	0	-395.979797464	395.979797464	0.00198984146118	-1	-6	-1	-6
1	"1"	"1"	4	FALSE	0	135	100	0	0	-395.979797464	395.979797464	0.022088766098	-1	-6	-1	-6
1	"1"	"1"	4	FALSE	0	135	100	0	0	-395.979797464	395.979797464	0.0556488037109	-1	-6	-1	-6
1	"1"	"1"	4	FALSE	0	135	100	0	0	-395.979797464	395.979797464	0.0890698432922	-1	-6	-1	-6
1	"1"	"1"	4	FALSE	0	135	100	0	0	-395.979797464	395.979797464	0.122454881668	-1	-6	-1	-6
1	"1"	"1"	4	FALSE	0	135	100	0	0	-395.979797464	395.979797464	0.155835866928	-1	-6	-1	-6
1	"1"	"1"	4	FALSE	0	135	100	0	0	-395.979797464	395.979797464	0.189200878143	-1	-6	-1	-6
1	"1"	"1"	4	FALSE	0	135	100	0	0	-395.979797464	395.979797464	0.22239780426	-1	-6	-1	-6
1	"1"	"1"	4	FALSE	0	135	100	0	0	-395.979797464	395.979797464	0.25576376915	-1	-6	-1	-6
1	"1"	"1"	4	FALSE	0	135	100	0	0	-395.979797464	395.979797464	0.289168834686	-1	-6	-1	-6
1	"1"	"1"	4	FALSE	0	135	100	0	0	-395.979797464	395.979797464	0.322668790817	-1	-6	-1	-6
1	"1"	"1"	4	FALSE	0	135	100	0	0	-395.979797464	395.979797464	0.355963945389	-5	1	-5	1
1	"1"	"1"	4	FALSE	0	135	100	0	0	-395.979797464	395.979797464	0.389021873474	-14	20	-14	20
1	"1"	"1"	4	FALSE	0	135	100	0	0	-395.979797464	395.979797464	0.422602891922	-28	44	-28	44
1	"1"	"1"	4	FALSE	0	135	100	0	0	-395.979797464	395.979797464	0.456040859222	-44	67	-44	67
1	"1"	"1"	4	FALSE	0	135	100	0	0	-395.979797464	395.979797464	0.489424943924	-60	89	-60	89
1	"1"	"1"	4	FALSE	0	135	100	0	0	-395.979797464	395.979797464	0.522732973099	-83	110	-83	110
1	"1"	"1"	4	FALSE	0	135	100	0	0	-395.979797464	395.979797464	0.55598282814	-102	127	-102	127
1	"1"	"1"	4	FALSE	0	135	100	0	0	-395.979797464	395.979797464	0.58882689476	-126	149	-126	149
1	"1"	"1"	4	FALSE	0	135	100	0	0	-395.979797464	395.979797464	0.622842788696	-147	165	-147	165
1	"1"	"1"	4	FALSE	0	135	100	0	0	-395.979797464	395.979797464	0.656189918518	-174	180	-174	180
1	"1"	"1"	4	FALSE	0	135	100	0	0	-395.979797464	395.979797464	0.689559936523	-200	196	-200	196
1	"1"	"1"	4	FALSE	0	135	100	0	0	-395.979797464	395.979797464	0.722496986389	-220	208	-220	208
1	"1"	"1"	4	FALSE	0	135	100	0	0	-395.979797464	395.979797464	0.756198883057	-241	222	-241	222
1	"1"	"1"	4	FALSE	0	135	100	0	0	-395.979797464	395.979797464	0.789601802826	-255	232	-255	232
1	"1"	"1"	4	FALSE	0	135	100	0	0	-395.979797464	395.979797464	0.823064804077	-271	243	-271	243
1	"1"	"1"	4	FALSE	0	135	100	0	0	-395.979797464	395.979797464	0.855932950974	-281	252	-281	252
1	"1"	"1"	4	FALSE	0	135	100	0	0	-395.979797464	395.979797464	0.889704942703	-292	262	-292	262
1	"1"	"1"	4	FALSE	0	135	100	0	0	-395.979797464	395.979797464	0.923007965088	-301	272	-301	272
1	"1"	"1"	4	FALSE	0	135	100	0	0	-395.979797464	395.979797464	0.956317901611	-308	281	-308	281
1	"1"	"1"	4	FALSE	0	135	100	0	0	-395.979797464	395.979797464	0.989384889603	-317	292	-317	292
1	"1"	"1"	4	FALSE	0	135	100	0	0	-395.979797464	395.979797464	1.02311897278	-325	304	-325	304
1	"1"	"1"	4	FALSE	0	135	100	0	0	-395.979797464	395.979797464	1.05650186539	-332	316	-332	316
1	"1"	"1"	4	FALSE	0	135	100	0	0	-395.979797464	395.979797464	1.08923697472	-341	327	-341	327
1	"1"	"1"	4	FALSE	0	135	100	0	0	-395.979797464	395.979797464	1.12260699272	-348	335	-348	335
1	"1"	"1"	4	FALSE	0	135	100	0	0	-395.979797464	395.979797464	1.15577292442	-355	344	-355	344
1	"1"	"1"	4	FALSE	0	135	100	0	0	-395.979797464	395.979797464	1.18917489052	-360	351	-360	351
1	"1"	"1"	4	FALSE	0	135	100	0	0	-395.979797464	395.979797464	1.22256684303	-367	359	-367	359
1	"1"	"1"	4	FALSE	0	135	100	0	0	-395.979797464	395.979797464	1.25582098961	-375	366	-375	366
1	"1"	"1"	4	FALSE	0	135	100	0	0	-395.979797464	395.979797464	1.28917479515	-380	372	-380	372
1	"1"	"1"	4	FALSE	0	135	100	0	0	-395.979797464	395.979797464	1.3225209713	-387	378	-387	378
1	"1"	"1"	4	FALSE	0	135	100	0	0	-395.979797464	395.979797464	1.35590076447	-391	383	-391	383
1	"1"	"1"	4	FALSE	0	135	100	0	0	-395.979797464	395.979797464	1.38925480843	-395	387	-395	387
1	"1"	"1"	4	FALSE	0	135	100	0	0	-395.979797464	395.979797464	1.42262291908	-397	390	-397	390
1	"1"	"1"	4	FALSE	0	135	100	0	0	-395.979797464	395.979797464	1.4559648037	-398	391	-398	391
1	"1"	"1"	5	FALSE	0	45	100	0	0	395.979797464	395.979797464	0.0014009475708	-6	-3	-6	-3
1	"1"	"1"	5	FALSE	0	45	100	0	0	395.979797464	395.979797464	0.0219588279724	-6	-3	-6	-3
1	"1"	"1"	5	FALSE	0	45	100	0	0	395.979797464	395.979797464	0.0554800033569	-6	-3	-6	-3
1	"1"	"1"	5	FALSE	0	45	100	0	0	395.979797464	395.979797464	0.088595867157	-6	-3	-6	-3
1	"1"	"1"	5	FALSE	0	45	100	0	0	395.979797464	395.979797464	0.122016906738	-6	-3	-6	-3
1	"1"	"1"	5	FALSE	0	45	100	0	0	395.979797464	395.979797464	0.155267000198	-6	-3	-6	-3
1	"1"	"1"	5	FALSE	0	45	100	0	0	395.979797464	395.979797464	0.188641786575	-6	-3	-6	-3
1	"1"	"1"	5	FALSE	0	45	100	0	0	395.979797464	395.979797464	0.22212100029	-6	-3	-6	-3
1	"1"	"1"	5	FALSE	0	45	100	0	0	395.979797464	395.979797464	0.255499839783	-6	-3	-6	-3
1	"1"	"1"	5	FALSE	0	45	100	0	0	395.979797464	395.979797464	0.288822889328	-3	0	-3	0
1	"1"	"1"	5	FALSE	0	45	100	0	0	395.979797464	395.979797464	0.322188854218	8	14	8	14
1	"1"	"1"	5	FALSE	0	45	100	0	0	395.979797464	395.979797464	0.355618953705	31	42	31	42
1	"1"	"1"	5	FALSE	0	45	100	0	0	395.979797464	395.979797464	0.388880968094	53	68	53	68
1	"1"	"1"	5	FALSE	0	45	100	0	0	395.979797464	395.979797464	0.422235012054	79	104	79	104
1	"1"	"1"	5	FALSE	0	45	100	0	0	395.979797464	395.979797464	0.455590963364	108	140	108	140
1	"1"	"1"	5	FALSE	0	45	100	0	0	395.979797464	395.979797464	0.488950967789	134	168	134	168
1	"1"	"1"	5	FALSE	0	45	100	0	0	395.979797464	395.979797464	0.522326946259	162	196	162	196
1	"1"	"1"	5	FALSE	0	45	100	0	0	395.979797464	395.979797464	0.555763959885	189	218	189	218
1	"1"	"1"	5	FALSE	0	45	100	0	0	395.979797464	395.979797464	0.589193820953	212	235	212	235
1	"1"	"1"	5	FALSE	0	45	100	0	0	395.979797464	395.979797464	0.622375011444	224	243	224	243
1	"1"	"1"	5	FALSE	0	45	100	0	0	395.979797464	395.979797464	0.655786991119	239	251	239	251
1	"1"	"1"	5	FALSE	0	45	100	0	0	395.979797464	395.979797464	0.689105987549	251	255	251	255
1	"1"	"1"	5	FALSE	0	45	100	0	0	395.979797464	395.979797464	0.722543001175	260	257	260	257
1	"1"	"1"	5	FALSE	0	45	100	0	0	395.979797464	395.979797464	0.755948781967	272	260	272	260
1	"1"	"1"	5	FALSE	0	45	100	0	0	395.979797464	395.979797464	0.789188861847	286	264	286	264
1	"1"	"1"	5	FALSE	0	45	100	0	0	395.979797464	395.979797464	0.822529792786	296	268	296	268
1	"1"	"1"	5	FALSE	0	45	100	0	0	395.979797464	395.979797464	0.855915784836	309	273	309	273
1	"1"	"1"	5	FALSE	0	45	100	0	0	395.979797464	395.979797464	0.889295816422	321	281	321	281
1	"1"	"1"	5	FALSE	0	45	100	0	0	395.979797464	395.979797464	0.922635793686	331	289	331	289
1	"1"	"1"	5	FALSE	0	45	100	0	0	395.979797464	395.979797464	0.956077814102	338	298	338	298
1	"1"	"1"	5	FALSE	0	45	100	0	0	395.979797464	395.979797464	0.989440917969	345	308	345	308
1	"1"	"1"	5	FALSE	0	45	100	0	0	395.979797464	395.979797464	1.02270793915	351	317	351	317
1	"1"	"1"	5	FALSE	0	45	100	0	0	395.979797464	395.979797464	1.05606889725	356	326	356	326
1	"1"	"1"	5	FALSE	0	45	100	0	0	395.979797464	395.979797464	1.08943891525	362	337	362	337
1	"1"	"1"	5	FALSE	0	45	100	0	0	395.979797464	395.979797464	1.12280893326	367	345	367	345
1	"1"	"1"	5	FALSE	0	45	100	0	0	395.979797464	395.979797464	1.15619277954	371	356	371	356
1	"1"	"1"	5	FALSE	0	45	100	0	0	395.979797464	395.979797464	1.18948078156	375	365	375	365
1	"1"	"1"	5	FALSE	0	45	100	0	0	395.979797464	395.979797464	1.22286391258	379	373	379	373
1	"1"	"1"	5	FALSE	0	45	100	0	0	395.979797464	395.979797464	1.25621390343	384	380	384	380
1	"1"	"1"	5	FALSE	0	45	100	0	0	395.979797464	395.979797464	1.28954195976	389	385	389	385
1	"1"	"1"	5	FALSE	0	45	100	0	0	395.979797464	395.979797464	1.32293391228	395	392	395	392
1	"1"	"1"	5	FALSE	0	45	100	0	0	395.979797464	395.979797464	1.35629296303	400	397	400	397
1	"1"	"1"	5	FALSE	0	45	100	0	0	395.979797464	395.979797464	1.38984799385	402	400	402	400
1	"1"	"1"	5	FALSE	0	45	100	0	0	395.979797464	395.979797464	1.42322683334	403	401	403	401
1	"1"	"1"	6	FALSE	0	90	100	0	0	3.42901103761e-14	560	0.00138807296753	1	4	1	4
1	"1"	"1"	6	FALSE	0	90	100	0	0	3.42901103761e-14	560	0.0216081142426	1	4	1	4
1	"1"	"1"	6	FALSE	0	90	100	0	0	3.42901103761e-14	560	0.0551011562347	1	4	1	4
1	"1"	"1"	6	FALSE	0	90	100	0	0	3.42901103761e-14	560	0.0882661342621	1	4	1	4
1	"1"	"1"	6	FALSE	0	90	100	0	0	3.42901103761e-14	560	0.12162399292	1	4	1	4
1	"1"	"1"	6	FALSE	0	90	100	0	0	3.42901103761e-14	560	0.154936075211	1	4	1	4
1	"1"	"1"	6	FALSE	0	90	100	0	0	3.42901103761e-14	560	0.188296079636	1	4	1	4
1	"1"	"1"	6	FALSE	0	90	100	0	0	3.42901103761e-14	560	0.221994161606	1	4	1	4
1	"1"	"1"	6	FALSE	0	90	100	0	0	3.42901103761e-14	560	0.255300045013	1	4	1	4
1	"1"	"1"	6	FALSE	0	90	100	0	0	3.42901103761e-14	560	0.288430213928	1	5	1	5
1	"1"	"1"	6	FALSE	0	90	100	0	0	3.42901103761e-14	560	0.321788072586	0	12	0	12
1	"1"	"1"	6	FALSE	0	90	100	0	0	3.42901103761e-14	560	0.355156183243	-1	40	-1	40
1	"1"	"1"	6	FALSE	0	90	100	0	0	3.42901103761e-14	560	0.38850402832	0	77	0	77
1	"1"	"1"	6	FALSE	0	90	100	0	0	3.42901103761e-14	560	0.421912193298	1	116	1	116
1	"1"	"1"	6	FALSE	0	90	100	0	0	3.42901103761e-14	560	0.45522403717	2	153	2	153
1	"1"	"1"	6	FALSE	0	90	100	0	0	3.42901103761e-14	560	0.488682031631	2	183	2	183
1	"1"	"1"	6	FALSE	0	90	100	0	0	3.42901103761e-14	560	0.522055149078	2	214	2	214
1	"1"	"1"	6	FALSE	0	90	100	0	0	3.42901103761e-14	560	0.555294036865	1	241	1	241
1	"1"	"1"	6	FALSE	0	90	100	0	0	3.42901103761e-14	560	0.58868598938	-3	273	-3	273
1	"1"	"1"	6	FALSE	0	90	100	0	0	3.42901103761e-14	560	0.622037172318	-9	300	-9	300
1	"1"	"1"	6	FALSE	0	90	100	0	0	3.42901103761e-14	560	0.65559220314	-14	322	-14	322
1	"1"	"1"	6	FALSE	0	90	100	0	0	3.42901103761e-14	560	0.689549207687	-19	344	-19	344
1	"1"	"1"	6	FALSE	0	90	100	0	0	3.42901103761e-14	560	0.722861051559	-23	357	-23	357
1	"1"	"1"	6	FALSE	0	90	100	0	0	3.42901103761e-14	560	0.756181001663	-28	373	-28	373
1	"1"	"1"	6	FALSE	0	90	100	0	0	3.42901103761e-14	560	0.788999080658	-32	387	-32	387
1	"1"	"1"	6	FALSE	0	90	100	0	0	3.42901103761e-14	560	0.822860002518	-35	398	-35	398
1	"1"	"1"	6	FALSE	0	90	100	0	0	3.42901103761e-14	560	0.856218099594	-35	411	-35	411
1	"1"	"1"	6	FALSE	0	90	100	0	0	3.42901103761e-14	560	0.889531135559	-34	424	-34	424
1	"1"	"1"	6	FALSE	0	90	100	0	0	3.42901103761e-14	560	0.922379016876	-32	439	-32	439
1	"1"	"1"	6	FALSE	0	90	100	0	0	3.42901103761e-14	560	0.956384181976	-29	454	-29	454
1	"1"	"1"	6	FALSE	0	90	100	0	0	3.42901103761e-14	560	0.989789009094	-26	471	-26	471
1	"1"	"1"	6	FALSE	0	90	100	0	0	3.42901103761e-14	560	1.02267813683	-22	487	-22	487
1	"1"	"1"	6	FALSE	0	90	100	0	0	3.42901103761e-14	560	1.05656504631	-20	501	-20	501
1	"1"	"1"	6	FALSE	0	90	100	0	0	3.42901103761e-14	560	1.08968520164	-18	517	-18	517
1	"1"	"1"	6	FALSE	0	90	100	0	0	3.42901103761e-14	560	1.12282514572	-18	532	-18	532
1	"1"	"1"	6	FALSE	0	90	100	0	0	3.42901103761e-14	560	1.15590906143	-18	543	-18	543
1	"1"	"1"	6	FALSE	0	90	100	0	0	3.42901103761e-14	560	1.18989920616	-17	554	-17	554
1	"1"	"1"	6	FALSE	0	90	100	0	0	3.42901103761e-14	560	1.22319817543	-18	563	-18	563
1	"1"	"1"	6	FALSE	0	90	100	0	0	3.42901103761e-14	560	1.25661802292	-17	571	-17	571
1	"1"	"1"	6	FALSE	0	90	100	0	0	3.42901103761e-14	560	1.29001808167	-17	577	-17	577
1	"1"	"1"	6	FALSE	0	90	100	0	0	3.42901103761e-14	560	1.32337212563	-17	578	-17	578
1	"1"	"1"	6	FALSE	0	90	100	0	0	3.42901103761e-14	560	1.35668301582	-17	578	-17	578
1	"1"	"1"	6	FALSE	0	90	100	0	0	3.42901103761e-14	560	1.39011502266	-16	578	-16	578
1	"1"	"1"	6	FALSE	0	90	100	0	0	3.42901103761e-14	560	1.42342019081	-16	578	-16	578
1	"1"	"1"	6	FALSE	0	90	100	0	0	3.42901103761e-14	560	1.45620203018	-16	576	-16	576
1	"1"	"1"	6	FALSE	0	90	100	0	0	3.42901103761e-14	560	1.49011707306	-15	573	-15	573
1	"1"	"1"	6	FALSE	0	90	100	0	0	3.42901103761e-14	560	1.5235080719	-13	568	-13	568
1	"1"	"1"	6	FALSE	0	90	100	0	0	3.42901103761e-14	560	1.55624318123	-12	565	-12	565
