"task_num"	"task_name"	"trial_type"	"trial_num"	"terminalfeedback_bool"	"rotation_angle"	"targetangle_deg"	"targetdistance_percmax"	"homex_px"	"homey_px"	"targetx_px"	"targety_px"	"time_s"	"mousex_px"	"mousey_px"	"cursorx_px"	"cursory_px"
"1"	1	1	1	1	0	0	45	100	0	0	395.979797464	395.979797464	1551801431.91	-2	0	-2	0
"2"	1	1	1	1	0	0	45	100	0	0	395.979797464	395.979797464	1551801431.95	-1	2	-1	2
"3"	1	1	1	1	0	0	45	100	0	0	395.979797464	395.979797464	1551801431.98	-3	4	-3	4
"4"	1	1	1	1	0	0	45	100	0	0	395.979797464	395.979797464	1551801432.01	-2	6	-2	6
"5"	1	1	1	1	0	0	45	100	0	0	395.979797464	395.979797464	1551801432.05	-2	7	-2	7
"6"	1	1	1	1	0	0	45	100	0	0	395.979797464	395.979797464	1551801432.08	-2	7	-2	7
"7"	1	1	1	1	0	0	45	100	0	0	395.979797464	395.979797464	1551801432.11	-2	7	-2	7
"8"	1	1	1	1	0	0	45	100	0	0	395.979797464	395.979797464	1551801432.15	-2	7	-2	7
"9"	1	1	1	1	0	0	45	100	0	0	395.979797464	395.979797464	1551801432.18	-2	7	-2	7
"10"	1	1	1	1	0	0	45	100	0	0	395.979797464	395.979797464	1551801432.21	-2	7	-2	7
"11"	1	1	1	1	0	0	45	100	0	0	395.979797464	395.979797464	1551801432.25	-2	5	-2	5
"12"	1	1	1	1	0	0	45	100	0	0	395.979797464	395.979797464	1551801432.28	-2	-3	-2	-3
"13"	1	1	1	1	0	0	45	100	0	0	395.979797464	395.979797464	1551801432.31	-1	-5	-1	-5
"14"	1	1	1	1	0	0	45	100	0	0	395.979797464	395.979797464	1551801432.35	-1	-6	-1	-6
"15"	1	1	1	1	0	0	45	100	0	0	395.979797464	395.979797464	1551801432.38	-1	-6	-1	-6
"16"	1	1	1	1	0	0	45	100	0	0	395.979797464	395.979797464	1551801432.41	-1	-6	-1	-6
"17"	1	1	1	1	0	0	45	100	0	0	395.979797464	395.979797464	1551801432.45	-1	-6	-1	-6
"18"	1	1	1	1	0	0	45	100	0	0	395.979797464	395.979797464	1551801432.48	-1	-6	-1	-6
"19"	1	1	1	1	0	0	45	100	0	0	395.979797464	395.979797464	1551801432.51	-1	-6	-1	-6
"20"	1	1	1	1	0	0	45	100	0	0	395.979797464	395.979797464	1551801432.55	-1	-3	-1	-3
"21"	1	1	1	1	0	0	45	100	0	0	395.979797464	395.979797464	1551801432.58	-1	-1	-1	-1
"22"	1	1	1	1	0	0	45	100	0	0	395.979797464	395.979797464	1551801432.61	-4	-2	-4	-2
"23"	1	1	1	1	0	0	45	100	0	0	395.979797464	395.979797464	1551801432.65	-16	-12	-16	-12
"24"	1	1	1	1	0	0	45	100	0	0	395.979797464	395.979797464	1551801432.68	-22	-13	-22	-13
"25"	1	1	1	1	0	0	45	100	0	0	395.979797464	395.979797464	1551801432.71	-23	-11	-23	-11
"26"	1	1	1	1	0	0	45	100	0	0	395.979797464	395.979797464	1551801432.75	-24	-2	-24	-2
"27"	1	1	1	1	0	0	45	100	0	0	395.979797464	395.979797464	1551801432.78	-23	8	-23	8
"28"	1	1	1	1	0	0	45	100	0	0	395.979797464	395.979797464	1551801432.81	-18	19	-18	19
"29"	1	1	1	1	0	0	45	100	0	0	395.979797464	395.979797464	1551801432.85	-7	36	-7	36
"30"	1	1	1	1	0	0	45	100	0	0	395.979797464	395.979797464	1551801432.88	-7	36	-7	36
"31"	1	1	1	1	0	0	45	100	0	0	395.979797464	395.979797464	1551801432.91	-7	36	-7	36
"32"	1	1	1	1	0	0	45	100	0	0	395.979797464	395.979797464	1551801432.95	-7	36	-7	36
"33"	1	1	1	1	0	0	45	100	0	0	395.979797464	395.979797464	1551801432.98	-7	36	-7	36
"34"	1	1	1	1	0	0	45	100	0	0	395.979797464	395.979797464	1551801433.01	-7	36	-7	36
"35"	1	1	1	1	0	0	45	100	0	0	395.979797464	395.979797464	1551801433.05	-7	36	-7	36
"36"	1	1	1	1	0	0	45	100	0	0	395.979797464	395.979797464	1551801433.08	-7	36	-7	36
"37"	1	1	1	1	0	0	45	100	0	0	395.979797464	395.979797464	1551801433.11	-7	36	-7	36
"38"	1	1	1	1	0	0	45	100	0	0	395.979797464	395.979797464	1551801433.15	-7	36	-7	36
"39"	1	1	1	1	0	0	45	100	0	0	395.979797464	395.979797464	1551801433.18	-7	36	-7	36
"40"	1	1	1	1	0	0	45	100	0	0	395.979797464	395.979797464	1551801433.21	-7	36	-7	36
"41"	1	1	1	1	0	0	45	100	0	0	395.979797464	395.979797464	1551801433.25	-7	36	-7	36
"42"	1	1	1	1	0	0	45	100	0	0	395.979797464	395.979797464	1551801433.28	-7	36	-7	36
"43"	1	1	1	1	0	0	45	100	0	0	395.979797464	395.979797464	1551801433.31	-7	36	-7	36
"44"	1	1	1	1	0	0	45	100	0	0	395.979797464	395.979797464	1551801433.35	-7	36	-7	36
"45"	1	1	1	1	0	0	45	100	0	0	395.979797464	395.979797464	1551801433.38	-7	36	-7	36
"46"	1	1	1	1	0	0	45	100	0	0	395.979797464	395.979797464	1551801433.41	-7	36	-7	36
"47"	1	1	1	1	0	0	45	100	0	0	395.979797464	395.979797464	1551801433.45	-7	36	-7	36
"48"	1	1	1	1	0	0	45	100	0	0	395.979797464	395.979797464	1551801433.48	-7	36	-7	36
"49"	1	1	1	1	0	0	45	100	0	0	395.979797464	395.979797464	1551801433.51	-7	36	-7	36
"50"	1	1	1	1	0	0	45	100	0	0	395.979797464	395.979797464	1551801433.55	-7	36	-7	36
"51"	1	1	1	1	0	0	45	100	0	0	395.979797464	395.979797464	1551801433.58	-7	36	-7	36
"52"	1	1	1	1	0	0	45	100	0	0	395.979797464	395.979797464	1551801433.61	-7	36	-7	36
"53"	1	1	1	1	0	0	45	100	0	0	395.979797464	395.979797464	1551801433.65	-7	36	-7	36
"54"	1	1	1	1	0	0	45	100	0	0	395.979797464	395.979797464	1551801433.68	-7	36	-7	36
"55"	1	1	1	1	0	0	45	100	0	0	395.979797464	395.979797464	1551801433.71	-7	36	-7	36
"56"	1	1	1	1	0	0	45	100	0	0	395.979797464	395.979797464	1551801433.75	-7	36	-7	36
"57"	1	1	1	1	0	0	45	100	0	0	395.979797464	395.979797464	1551801433.78	-7	36	-7	36
"58"	1	1	1	1	0	0	45	100	0	0	395.979797464	395.979797464	1551801433.81	639	625	639	625
"59"	1	1	1	1	0	0	45	100	0	0	395.979797464	395.979797464	1551801433.85	634	625	634	625
"60"	1	1	1	1	0	0	45	100	0	0	395.979797464	395.979797464	1551801433.88	628	622	628	622
"61"	1	1	1	1	0	0	45	100	0	0	395.979797464	395.979797464	1551801433.91	625	619	625	619
"62"	1	1	1	1	0	0	45	100	0	0	395.979797464	395.979797464	1551801433.95	627	617	627	617
"63"	1	1	1	1	0	0	45	100	0	0	395.979797464	395.979797464	1551801433.98	629	619	629	619
"64"	1	1	1	1	0	0	45	100	0	0	395.979797464	395.979797464	1551801434.01	629	619	629	619
"65"	1	1	1	1	0	0	45	100	0	0	395.979797464	395.979797464	1551801434.05	629	619	629	619
"66"	1	1	1	1	0	0	45	100	0	0	395.979797464	395.979797464	1551801434.08	629	619	629	619
"67"	1	1	1	1	0	0	45	100	0	0	395.979797464	395.979797464	1551801434.11	629	619	629	619
"68"	1	1	1	1	0	0	45	100	0	0	395.979797464	395.979797464	1551801434.15	622	613	622	613
"69"	1	1	1	1	0	0	45	100	0	0	395.979797464	395.979797464	1551801434.18	575	586	575	586
"70"	1	1	1	1	0	0	45	100	0	0	395.979797464	395.979797464	1551801434.21	560	575	560	575
"71"	1	1	1	1	0	0	45	100	0	0	395.979797464	395.979797464	1551801434.25	559	565	559	565
"72"	1	1	1	1	0	0	45	100	0	0	395.979797464	395.979797464	1551801434.28	552	546	552	546
"73"	1	1	1	1	0	0	45	100	0	0	395.979797464	395.979797464	1551801434.31	537	520	537	520
"74"	1	1	1	1	0	0	45	100	0	0	395.979797464	395.979797464	1551801434.35	523	510	523	510
"75"	1	1	1	1	0	0	45	100	0	0	395.979797464	395.979797464	1551801434.38	516	504	516	504
"76"	1	1	1	1	0	0	45	100	0	0	395.979797464	395.979797464	1551801434.41	509	492	509	492
"77"	1	1	1	1	0	0	45	100	0	0	395.979797464	395.979797464	1551801434.45	491	474	491	474
"78"	1	1	1	1	0	0	45	100	0	0	395.979797464	395.979797464	1551801434.48	476	463	476	463
"79"	1	1	1	1	0	0	45	100	0	0	395.979797464	395.979797464	1551801434.51	450	447	450	447
"80"	1	1	1	1	0	0	45	100	0	0	395.979797464	395.979797464	1551801434.55	440	438	440	438
"81"	1	1	1	1	0	0	45	100	0	0	395.979797464	395.979797464	1551801434.58	430	430	430	430
"82"	1	1	1	1	0	0	45	100	0	0	395.979797464	395.979797464	1551801434.61	422	423	422	423
"83"	1	1	1	1	0	0	45	100	0	0	395.979797464	395.979797464	1551801434.65	409	407	409	407
"84"	1	1	1	1	0	0	45	100	0	0	395.979797464	395.979797464	1551801434.68	396	395	396	395
"85"	1	1	1	1	0	0	45	100	0	0	395.979797464	395.979797464	1551801434.71	389	393	389	393
"86"	1	1	1	1	0	0	45	100	0	0	395.979797464	395.979797464	1551801434.75	381	391	381	391
"87"	1	1	1	1	0	0	45	100	0	0	395.979797464	395.979797464	1551801434.78	376	389	376	389
"88"	1	1	1	1	0	0	45	100	0	0	395.979797464	395.979797464	1551801434.81	376	388	376	388
"89"	1	1	1	1	0	0	45	100	0	0	395.979797464	395.979797464	1551801434.85	374	382	374	382
"90"	1	1	1	1	0	0	45	100	0	0	395.979797464	395.979797464	1551801434.88	375	377	375	377
"91"	1	1	1	1	0	0	45	100	0	0	395.979797464	395.979797464	1551801434.91	380	383	380	383
"92"	1	1	1	1	0	0	45	100	0	0	395.979797464	395.979797464	1551801434.95	386	394	386	394
"93"	1	1	1	1	0	0	45	100	0	0	395.979797464	395.979797464	1551801434.98	392	399	392	399
"94"	1	1	1	2	0	0	90	100	0	0	3.42901103761e-14	560	1551801436.59	4	8	4	8
"95"	1	1	1	2	0	0	90	100	0	0	3.42901103761e-14	560	1551801436.62	4	8	4	8
"96"	1	1	1	2	0	0	90	100	0	0	3.42901103761e-14	560	1551801436.65	4	8	4	8
"97"	1	1	1	2	0	0	90	100	0	0	3.42901103761e-14	560	1551801436.68	4	2	4	2
"98"	1	1	1	2	0	0	90	100	0	0	3.42901103761e-14	560	1551801436.72	5	-2	5	-2
"99"	1	1	1	2	0	0	90	100	0	0	3.42901103761e-14	560	1551801436.75	5	-2	5	-2
"100"	1	1	1	2	0	0	90	100	0	0	3.42901103761e-14	560	1551801436.78	5	-2	5	-2
"101"	1	1	1	2	0	0	90	100	0	0	3.42901103761e-14	560	1551801436.82	5	-2	5	-2
"102"	1	1	1	2	0	0	90	100	0	0	3.42901103761e-14	560	1551801436.85	4	-3	4	-3
"103"	1	1	1	2	0	0	90	100	0	0	3.42901103761e-14	560	1551801436.88	4	-3	4	-3
"104"	1	1	1	2	0	0	90	100	0	0	3.42901103761e-14	560	1551801436.92	4	-3	4	-3
"105"	1	1	1	2	0	0	90	100	0	0	3.42901103761e-14	560	1551801436.95	4	-2	4	-2
"106"	1	1	1	2	0	0	90	100	0	0	3.42901103761e-14	560	1551801436.98	-8	15	-8	15
"107"	1	1	1	2	0	0	90	100	0	0	3.42901103761e-14	560	1551801437.02	-21	67	-21	67
"108"	1	1	1	2	0	0	90	100	0	0	3.42901103761e-14	560	1551801437.05	-25	134	-25	134
"109"	1	1	1	2	0	0	90	100	0	0	3.42901103761e-14	560	1551801437.08	-29	206	-29	206
"110"	1	1	1	2	0	0	90	100	0	0	3.42901103761e-14	560	1551801437.12	-28	254	-28	254
"111"	1	1	1	2	0	0	90	100	0	0	3.42901103761e-14	560	1551801437.15	-22	281	-22	281
"112"	1	1	1	2	0	0	90	100	0	0	3.42901103761e-14	560	1551801437.18	-10	328	-10	328
"113"	1	1	1	2	0	0	90	100	0	0	3.42901103761e-14	560	1551801437.22	28	378	28	378
"114"	1	1	1	2	0	0	90	100	0	0	3.42901103761e-14	560	1551801437.25	45	399	45	399
"115"	1	1	1	2	0	0	90	100	0	0	3.42901103761e-14	560	1551801437.28	44	406	44	406
"116"	1	1	1	2	0	0	90	100	0	0	3.42901103761e-14	560	1551801437.32	43	413	43	413
"117"	1	1	1	2	0	0	90	100	0	0	3.42901103761e-14	560	1551801437.35	39	425	39	425
"118"	1	1	1	2	0	0	90	100	0	0	3.42901103761e-14	560	1551801437.38	35	435	35	435
"119"	1	1	1	2	0	0	90	100	0	0	3.42901103761e-14	560	1551801437.42	34	453	34	453
"120"	1	1	1	2	0	0	90	100	0	0	3.42901103761e-14	560	1551801437.45	23	470	23	470
"121"	1	1	1	2	0	0	90	100	0	0	3.42901103761e-14	560	1551801437.48	17	483	17	483
"122"	1	1	1	2	0	0	90	100	0	0	3.42901103761e-14	560	1551801437.52	17	490	17	490
"123"	1	1	1	2	0	0	90	100	0	0	3.42901103761e-14	560	1551801437.55	9	495	9	495
"124"	1	1	1	2	0	0	90	100	0	0	3.42901103761e-14	560	1551801437.58	3	502	3	502
"125"	1	1	1	2	0	0	90	100	0	0	3.42901103761e-14	560	1551801437.62	2	508	2	508
"126"	1	1	1	2	0	0	90	100	0	0	3.42901103761e-14	560	1551801437.65	0	512	0	512
"127"	1	1	1	2	0	0	90	100	0	0	3.42901103761e-14	560	1551801437.68	0	518	0	518
"128"	1	1	1	2	0	0	90	100	0	0	3.42901103761e-14	560	1551801437.72	0	523	0	523
"129"	1	1	1	2	0	0	90	100	0	0	3.42901103761e-14	560	1551801437.75	-3	525	-3	525
"130"	1	1	1	2	0	0	90	100	0	0	3.42901103761e-14	560	1551801437.78	-7	528	-7	528
"131"	1	1	1	2	0	0	90	100	0	0	3.42901103761e-14	560	1551801437.82	-6	532	-6	532
"132"	1	1	1	2	0	0	90	100	0	0	3.42901103761e-14	560	1551801437.85	-2	537	-2	537
"133"	1	1	1	2	0	0	90	100	0	0	3.42901103761e-14	560	1551801437.88	-2	543	-2	543
"134"	1	1	1	2	0	0	90	100	0	0	3.42901103761e-14	560	1551801437.92	-1	551	-1	551
"135"	1	1	1	2	0	0	90	100	0	0	3.42901103761e-14	560	1551801437.95	-1	554	-1	554
"136"	1	1	1	2	0	0	90	100	0	0	3.42901103761e-14	560	1551801437.98	-3	556	-3	556
"137"	1	1	1	2	0	0	90	100	0	0	3.42901103761e-14	560	1551801438.02	-1	559	-1	559
"138"	1	1	1	2	0	0	90	100	0	0	3.42901103761e-14	560	1551801438.05	-1	561	-1	561
"139"	1	1	1	3	0	0	135	100	0	0	-395.979797464	395.979797464	1551801439.3	-4	1	-4	1
"140"	1	1	1	3	0	0	135	100	0	0	-395.979797464	395.979797464	1551801439.32	-2	-3	-2	-3
"141"	1	1	1	3	0	0	135	100	0	0	-395.979797464	395.979797464	1551801439.35	-2	-4	-2	-4
"142"	1	1	1	3	0	0	135	100	0	0	-395.979797464	395.979797464	1551801439.39	-1	-4	-1	-4
"143"	1	1	1	3	0	0	135	100	0	0	-395.979797464	395.979797464	1551801439.42	-2	-3	-2	-3
"144"	1	1	1	3	0	0	135	100	0	0	-395.979797464	395.979797464	1551801439.45	-2	-3	-2	-3
"145"	1	1	1	3	0	0	135	100	0	0	-395.979797464	395.979797464	1551801439.49	-2	-3	-2	-3
"146"	1	1	1	3	0	0	135	100	0	0	-395.979797464	395.979797464	1551801439.52	-2	-3	-2	-3
"147"	1	1	1	3	0	0	135	100	0	0	-395.979797464	395.979797464	1551801439.55	-1	-3	-1	-3
"148"	1	1	1	3	0	0	135	100	0	0	-395.979797464	395.979797464	1551801439.59	-1	-3	-1	-3
"149"	1	1	1	3	0	0	135	100	0	0	-395.979797464	395.979797464	1551801439.62	-1	-3	-1	-3
"150"	1	1	1	3	0	0	135	100	0	0	-395.979797464	395.979797464	1551801439.65	-1	-3	-1	-3
"151"	1	1	1	3	0	0	135	100	0	0	-395.979797464	395.979797464	1551801439.69	-1	1	-1	1
"152"	1	1	1	3	0	0	135	100	0	0	-395.979797464	395.979797464	1551801439.72	-22	40	-22	40
"153"	1	1	1	3	0	0	135	100	0	0	-395.979797464	395.979797464	1551801439.75	-58	81	-58	81
"154"	1	1	1	3	0	0	135	100	0	0	-395.979797464	395.979797464	1551801439.79	-58	81	-58	81
"155"	1	1	1	3	0	0	135	100	0	0	-395.979797464	395.979797464	1551801439.82	-58	81	-58	81
"156"	1	1	1	3	0	0	135	100	0	0	-395.979797464	395.979797464	1551801439.85	-58	81	-58	81
"157"	1	1	1	3	0	0	135	100	0	0	-395.979797464	395.979797464	1551801439.89	-58	81	-58	81
"158"	1	1	1	3	0	0	135	100	0	0	-395.979797464	395.979797464	1551801439.92	-58	81	-58	81
"159"	1	1	1	3	0	0	135	100	0	0	-395.979797464	395.979797464	1551801439.95	-58	81	-58	81
"160"	1	1	1	3	0	0	135	100	0	0	-395.979797464	395.979797464	1551801439.99	-58	81	-58	81
"161"	1	1	1	3	0	0	135	100	0	0	-395.979797464	395.979797464	1551801440.02	-58	81	-58	81
"162"	1	1	1	3	0	0	135	100	0	0	-395.979797464	395.979797464	1551801440.05	-58	81	-58	81
"163"	1	1	1	3	0	0	135	100	0	0	-395.979797464	395.979797464	1551801440.09	-58	81	-58	81
"164"	1	1	1	3	0	0	135	100	0	0	-395.979797464	395.979797464	1551801440.12	-58	81	-58	81
"165"	1	1	1	3	0	0	135	100	0	0	-395.979797464	395.979797464	1551801440.15	-58	81	-58	81
"166"	1	1	1	3	0	0	135	100	0	0	-395.979797464	395.979797464	1551801440.19	-58	81	-58	81
"167"	1	1	1	3	0	0	135	100	0	0	-395.979797464	395.979797464	1551801440.22	-58	81	-58	81
"168"	1	1	1	3	0	0	135	100	0	0	-395.979797464	395.979797464	1551801440.25	-58	81	-58	81
"169"	1	1	1	3	0	0	135	100	0	0	-395.979797464	395.979797464	1551801440.29	-492	427	-492	427
"170"	1	1	1	3	0	0	135	100	0	0	-395.979797464	395.979797464	1551801440.32	-493	422	-493	422
"171"	1	1	1	3	0	0	135	100	0	0	-395.979797464	395.979797464	1551801440.35	-488	411	-488	411
"172"	1	1	1	3	0	0	135	100	0	0	-395.979797464	395.979797464	1551801440.39	-484	406	-484	406
"173"	1	1	1	3	0	0	135	100	0	0	-395.979797464	395.979797464	1551801440.42	-484	406	-484	406
"174"	1	1	1	3	0	0	135	100	0	0	-395.979797464	395.979797464	1551801440.45	-482	406	-482	406
"175"	1	1	1	3	0	0	135	100	0	0	-395.979797464	395.979797464	1551801440.49	-482	406	-482	406
"176"	1	1	1	3	0	0	135	100	0	0	-395.979797464	395.979797464	1551801440.52	-483	406	-483	406
"177"	1	1	1	3	0	0	135	100	0	0	-395.979797464	395.979797464	1551801440.55	-483	407	-483	407
"178"	1	1	1	3	0	0	135	100	0	0	-395.979797464	395.979797464	1551801440.59	-481	406	-481	406
"179"	1	1	1	3	0	0	135	100	0	0	-395.979797464	395.979797464	1551801440.62	-473	407	-473	407
"180"	1	1	1	3	0	0	135	100	0	0	-395.979797464	395.979797464	1551801440.65	-460	408	-460	408
"181"	1	1	1	3	0	0	135	100	0	0	-395.979797464	395.979797464	1551801440.69	-446	411	-446	411
"182"	1	1	1	3	0	0	135	100	0	0	-395.979797464	395.979797464	1551801440.72	-433	416	-433	416
"183"	1	1	1	3	0	0	135	100	0	0	-395.979797464	395.979797464	1551801440.75	-424	418	-424	418
"184"	1	1	1	3	0	0	135	100	0	0	-395.979797464	395.979797464	1551801440.79	-410	419	-410	419
"185"	1	1	1	3	0	0	135	100	0	0	-395.979797464	395.979797464	1551801440.82	-401	419	-401	419
"186"	1	1	1	3	0	0	135	100	0	0	-395.979797464	395.979797464	1551801440.85	-398	418	-398	418
"187"	1	1	1	3	0	0	135	100	0	0	-395.979797464	395.979797464	1551801440.89	-398	418	-398	418
"188"	1	1	1	3	0	0	135	100	0	0	-395.979797464	395.979797464	1551801440.92	-396	417	-396	417
"189"	1	1	1	3	0	0	135	100	0	0	-395.979797464	395.979797464	1551801440.95	-395	414	-395	414
"190"	1	1	1	3	0	0	135	100	0	0	-395.979797464	395.979797464	1551801440.99	-393	411	-393	411
"191"	1	1	1	3	0	0	135	100	0	0	-395.979797464	395.979797464	1551801441.02	-388	406	-388	406
"192"	1	1	1	3	0	0	135	100	0	0	-395.979797464	395.979797464	1551801441.05	-385	405	-385	405
"193"	1	1	1	3	0	0	135	100	0	0	-395.979797464	395.979797464	1551801441.09	-385	405	-385	405
"194"	1	1	1	3	0	0	135	100	0	0	-395.979797464	395.979797464	1551801441.12	-386	403	-386	403
"195"	1	1	1	3	0	0	135	100	0	0	-395.979797464	395.979797464	1551801441.15	-387	399	-387	399
"196"	1	1	1	3	0	0	135	100	0	0	-395.979797464	395.979797464	1551801441.19	-388	397	-388	397
"197"	1	1	1	4	0	0	90	100	0	0	3.42901103761e-14	560	1551801442.6	8	-4	8	-4
"198"	1	1	1	4	0	0	90	100	0	0	3.42901103761e-14	560	1551801442.62	8	-4	8	-4
"199"	1	1	1	4	0	0	90	100	0	0	3.42901103761e-14	560	1551801442.65	8	-4	8	-4
"200"	1	1	1	4	0	0	90	100	0	0	3.42901103761e-14	560	1551801442.69	8	-4	8	-4
"201"	1	1	1	4	0	0	90	100	0	0	3.42901103761e-14	560	1551801442.72	8	-4	8	-4
"202"	1	1	1	4	0	0	90	100	0	0	3.42901103761e-14	560	1551801442.75	8	-4	8	-4
"203"	1	1	1	4	0	0	90	100	0	0	3.42901103761e-14	560	1551801442.79	6	-3	6	-3
"204"	1	1	1	4	0	0	90	100	0	0	3.42901103761e-14	560	1551801442.82	5	-2	5	-2
"205"	1	1	1	4	0	0	90	100	0	0	3.42901103761e-14	560	1551801442.85	5	-2	5	-2
"206"	1	1	1	4	0	0	90	100	0	0	3.42901103761e-14	560	1551801442.89	5	-2	5	-2
"207"	1	1	1	4	0	0	90	100	0	0	3.42901103761e-14	560	1551801442.92	5	-2	5	-2
"208"	1	1	1	4	0	0	90	100	0	0	3.42901103761e-14	560	1551801442.95	5	-1	5	-1
"209"	1	1	1	4	0	0	90	100	0	0	3.42901103761e-14	560	1551801442.99	-7	33	-7	33
"210"	1	1	1	4	0	0	90	100	0	0	3.42901103761e-14	560	1551801443.02	-28	106	-28	106
"211"	1	1	1	4	0	0	90	100	0	0	3.42901103761e-14	560	1551801443.05	-39	206	-39	206
"212"	1	1	1	4	0	0	90	100	0	0	3.42901103761e-14	560	1551801443.09	-37	261	-37	261
"213"	1	1	1	4	0	0	90	100	0	0	3.42901103761e-14	560	1551801443.12	-28	390	-28	390
"214"	1	1	1	4	0	0	90	100	0	0	3.42901103761e-14	560	1551801443.15	-18	422	-18	422
"215"	1	1	1	4	0	0	90	100	0	0	3.42901103761e-14	560	1551801443.19	-1	465	-1	465
"216"	1	1	1	4	0	0	90	100	0	0	3.42901103761e-14	560	1551801443.22	-5	473	-5	473
"217"	1	1	1	4	0	0	90	100	0	0	3.42901103761e-14	560	1551801443.25	-6	477	-6	477
"218"	1	1	1	4	0	0	90	100	0	0	3.42901103761e-14	560	1551801443.29	-8	486	-8	486
"219"	1	1	1	4	0	0	90	100	0	0	3.42901103761e-14	560	1551801443.32	-4	500	-4	500
"220"	1	1	1	4	0	0	90	100	0	0	3.42901103761e-14	560	1551801443.35	1	515	1	515
"221"	1	1	1	4	0	0	90	100	0	0	3.42901103761e-14	560	1551801443.39	1	523	1	523
"222"	1	1	1	4	0	0	90	100	0	0	3.42901103761e-14	560	1551801443.42	-1	528	-1	528
"223"	1	1	1	4	0	0	90	100	0	0	3.42901103761e-14	560	1551801443.45	-7	531	-7	531
"224"	1	1	1	4	0	0	90	100	0	0	3.42901103761e-14	560	1551801443.49	-4	536	-4	536
"225"	1	1	1	4	0	0	90	100	0	0	3.42901103761e-14	560	1551801443.52	-3	538	-3	538
"226"	1	1	1	4	0	0	90	100	0	0	3.42901103761e-14	560	1551801443.56	-5	541	-5	541
"227"	1	1	1	4	0	0	90	100	0	0	3.42901103761e-14	560	1551801443.59	-8	546	-8	546
"228"	1	1	1	4	0	0	90	100	0	0	3.42901103761e-14	560	1551801443.62	-9	550	-9	550
"229"	1	1	1	5	0	0	45	100	0	0	395.979797464	395.979797464	1551801444.77	-2	-9	-2	-9
"230"	1	1	1	5	0	0	45	100	0	0	395.979797464	395.979797464	1551801444.79	-1	-9	-1	-9
"231"	1	1	1	5	0	0	45	100	0	0	395.979797464	395.979797464	1551801444.82	0	-8	0	-8
"232"	1	1	1	5	0	0	45	100	0	0	395.979797464	395.979797464	1551801444.86	0	-8	0	-8
"233"	1	1	1	5	0	0	45	100	0	0	395.979797464	395.979797464	1551801444.89	0	-8	0	-8
"234"	1	1	1	5	0	0	45	100	0	0	395.979797464	395.979797464	1551801444.92	0	-7	0	-7
"235"	1	1	1	5	0	0	45	100	0	0	395.979797464	395.979797464	1551801444.96	0	-7	0	-7
"236"	1	1	1	5	0	0	45	100	0	0	395.979797464	395.979797464	1551801444.99	0	-7	0	-7
"237"	1	1	1	5	0	0	45	100	0	0	395.979797464	395.979797464	1551801445.02	0	-7	0	-7
"238"	1	1	1	5	0	0	45	100	0	0	395.979797464	395.979797464	1551801445.06	0	-7	0	-7
"239"	1	1	1	5	0	0	45	100	0	0	395.979797464	395.979797464	1551801445.09	0	-7	0	-7
"240"	1	1	1	5	0	0	45	100	0	0	395.979797464	395.979797464	1551801445.12	-2	4	-2	4
"241"	1	1	1	5	0	0	45	100	0	0	395.979797464	395.979797464	1551801445.16	-6	30	-6	30
"242"	1	1	1	5	0	0	45	100	0	0	395.979797464	395.979797464	1551801445.19	0	77	0	77
"243"	1	1	1	5	0	0	45	100	0	0	395.979797464	395.979797464	1551801445.22	15	134	15	134
"244"	1	1	1	5	0	0	45	100	0	0	395.979797464	395.979797464	1551801445.26	54	216	54	216
"245"	1	1	1	5	0	0	45	100	0	0	395.979797464	395.979797464	1551801445.29	105	282	105	282
"246"	1	1	1	5	0	0	45	100	0	0	395.979797464	395.979797464	1551801445.32	156	327	156	327
"247"	1	1	1	5	0	0	45	100	0	0	395.979797464	395.979797464	1551801445.36	212	389	212	389
"248"	1	1	1	5	0	0	45	100	0	0	395.979797464	395.979797464	1551801445.39	267	427	267	427
"249"	1	1	1	5	0	0	45	100	0	0	395.979797464	395.979797464	1551801445.42	301	438	301	438
"250"	1	1	1	5	0	0	45	100	0	0	395.979797464	395.979797464	1551801445.46	305	441	305	441
"251"	1	1	1	5	0	0	45	100	0	0	395.979797464	395.979797464	1551801445.49	316	440	316	440
"252"	1	1	1	5	0	0	45	100	0	0	395.979797464	395.979797464	1551801445.52	330	434	330	434
"253"	1	1	1	5	0	0	45	100	0	0	395.979797464	395.979797464	1551801445.56	339	431	339	431
"254"	1	1	1	5	0	0	45	100	0	0	395.979797464	395.979797464	1551801445.59	352	431	352	431
"255"	1	1	1	5	0	0	45	100	0	0	395.979797464	395.979797464	1551801445.62	358	426	358	426
"256"	1	1	1	5	0	0	45	100	0	0	395.979797464	395.979797464	1551801445.66	363	418	363	418
"257"	1	1	1	5	0	0	45	100	0	0	395.979797464	395.979797464	1551801445.69	365	411	365	411
"258"	1	1	1	5	0	0	45	100	0	0	395.979797464	395.979797464	1551801445.72	367	397	367	397
"259"	1	1	1	5	0	0	45	100	0	0	395.979797464	395.979797464	1551801445.76	370	385	370	385
"260"	1	1	1	5	0	0	45	100	0	0	395.979797464	395.979797464	1551801445.79	374	387	374	387
"261"	1	1	1	5	0	0	45	100	0	0	395.979797464	395.979797464	1551801445.82	389	393	389	393
"262"	1	1	1	5	0	0	45	100	0	0	395.979797464	395.979797464	1551801445.86	395	394	395	394
"263"	1	1	1	5	0	0	45	100	0	0	395.979797464	395.979797464	1551801445.89	397	392	397	392
"264"	1	1	1	5	0	0	45	100	0	0	395.979797464	395.979797464	1551801445.92	402	388	402	388
"265"	1	1	1	5	0	0	45	100	0	0	395.979797464	395.979797464	1551801445.96	408	381	408	381
"266"	1	1	1	5	0	0	45	100	0	0	395.979797464	395.979797464	1551801445.99	408	378	408	378
"267"	1	1	1	5	0	0	45	100	0	0	395.979797464	395.979797464	1551801446.02	409	378	409	378
"268"	1	1	1	5	0	0	45	100	0	0	395.979797464	395.979797464	1551801446.06	409	378	409	378
"269"	1	1	1	5	0	0	45	100	0	0	395.979797464	395.979797464	1551801446.09	409	378	409	378
"270"	1	1	1	5	0	0	45	100	0	0	395.979797464	395.979797464	1551801446.12	409	378	409	378
"271"	1	1	1	5	0	0	45	100	0	0	395.979797464	395.979797464	1551801446.16	409	379	409	379
"272"	1	1	1	5	0	0	45	100	0	0	395.979797464	395.979797464	1551801446.19	402	382	402	382
"273"	1	1	1	5	0	0	45	100	0	0	395.979797464	395.979797464	1551801446.22	397	387	397	387
"274"	1	1	1	6	0	0	135	100	0	0	-395.979797464	395.979797464	1551801447.37	-3	-8	-3	-8
"275"	1	1	1	6	0	0	135	100	0	0	-395.979797464	395.979797464	1551801447.39	-3	-8	-3	-8
"276"	1	1	1	6	0	0	135	100	0	0	-395.979797464	395.979797464	1551801447.42	-3	-8	-3	-8
"277"	1	1	1	6	0	0	135	100	0	0	-395.979797464	395.979797464	1551801447.46	-3	-8	-3	-8
"278"	1	1	1	6	0	0	135	100	0	0	-395.979797464	395.979797464	1551801447.49	-3	-8	-3	-8
"279"	1	1	1	6	0	0	135	100	0	0	-395.979797464	395.979797464	1551801447.52	-3	-8	-3	-8
"280"	1	1	1	6	0	0	135	100	0	0	-395.979797464	395.979797464	1551801447.56	-3	-8	-3	-8
"281"	1	1	1	6	0	0	135	100	0	0	-395.979797464	395.979797464	1551801447.59	-2	-8	-2	-8
"282"	1	1	1	6	0	0	135	100	0	0	-395.979797464	395.979797464	1551801447.62	0	-6	0	-6
"283"	1	1	1	6	0	0	135	100	0	0	-395.979797464	395.979797464	1551801447.66	0	-6	0	-6
"284"	1	1	1	6	0	0	135	100	0	0	-395.979797464	395.979797464	1551801447.69	0	-5	0	-5
"285"	1	1	1	6	0	0	135	100	0	0	-395.979797464	395.979797464	1551801447.72	-17	15	-17	15
"286"	1	1	1	6	0	0	135	100	0	0	-395.979797464	395.979797464	1551801447.76	-48	50	-48	50
"287"	1	1	1	6	0	0	135	100	0	0	-395.979797464	395.979797464	1551801447.79	-91	89	-91	89
"288"	1	1	1	6	0	0	135	100	0	0	-395.979797464	395.979797464	1551801447.82	-138	132	-138	132
"289"	1	1	1	6	0	0	135	100	0	0	-395.979797464	395.979797464	1551801447.86	-175	189	-175	189
"290"	1	1	1	6	0	0	135	100	0	0	-395.979797464	395.979797464	1551801447.89	-200	203	-200	203
"291"	1	1	1	6	0	0	135	100	0	0	-395.979797464	395.979797464	1551801447.92	-237	211	-237	211
"292"	1	1	1	6	0	0	135	100	0	0	-395.979797464	395.979797464	1551801447.96	-257	234	-257	234
"293"	1	1	1	6	0	0	135	100	0	0	-395.979797464	395.979797464	1551801447.99	-269	241	-269	241
"294"	1	1	1	6	0	0	135	100	0	0	-395.979797464	395.979797464	1551801448.03	-305	243	-305	243
"295"	1	1	1	6	0	0	135	100	0	0	-395.979797464	395.979797464	1551801448.06	-320	253	-320	253
"296"	1	1	1	6	0	0	135	100	0	0	-395.979797464	395.979797464	1551801448.09	-338	263	-338	263
"297"	1	1	1	6	0	0	135	100	0	0	-395.979797464	395.979797464	1551801448.13	-366	264	-366	264
"298"	1	1	1	6	0	0	135	100	0	0	-395.979797464	395.979797464	1551801448.16	-376	275	-376	275
"299"	1	1	1	6	0	0	135	100	0	0	-395.979797464	395.979797464	1551801448.19	-386	287	-386	287
"300"	1	1	1	6	0	0	135	100	0	0	-395.979797464	395.979797464	1551801448.23	-395	296	-395	296
"301"	1	1	1	6	0	0	135	100	0	0	-395.979797464	395.979797464	1551801448.26	-402	309	-402	309
"302"	1	1	1	6	0	0	135	100	0	0	-395.979797464	395.979797464	1551801448.29	-405	321	-405	321
"303"	1	1	1	6	0	0	135	100	0	0	-395.979797464	395.979797464	1551801448.33	-408	331	-408	331
"304"	1	1	1	6	0	0	135	100	0	0	-395.979797464	395.979797464	1551801448.36	-406	349	-406	349
"305"	1	1	1	6	0	0	135	100	0	0	-395.979797464	395.979797464	1551801448.39	-399	361	-399	361
"306"	1	1	1	6	0	0	135	100	0	0	-395.979797464	395.979797464	1551801448.43	-393	375	-393	375
"307"	1	1	1	6	0	0	135	100	0	0	-395.979797464	395.979797464	1551801448.46	-389	385	-389	385
"308"	1	1	1	6	0	0	135	100	0	0	-395.979797464	395.979797464	1551801448.49	-382	396	-382	396
"309"	1	1	1	6	0	0	135	100	0	0	-395.979797464	395.979797464	1551801448.53	-382	398	-382	398
"310"	1	1	1	6	0	0	135	100	0	0	-395.979797464	395.979797464	1551801448.56	-378	400	-378	400
"311"	1	1	1	6	0	0	135	100	0	0	-395.979797464	395.979797464	1551801448.59	-368	408	-368	408
"312"	1	1	1	6	0	0	135	100	0	0	-395.979797464	395.979797464	1551801448.63	-368	409	-368	409
"313"	1	1	1	6	0	0	135	100	0	0	-395.979797464	395.979797464	1551801448.66	-368	410	-368	410
"314"	1	1	1	6	0	0	135	100	0	0	-395.979797464	395.979797464	1551801448.69	-369	411	-369	411
"315"	1	1	1	6	0	0	135	100	0	0	-395.979797464	395.979797464	1551801448.73	-369	411	-369	411
"316"	1	1	1	6	0	0	135	100	0	0	-395.979797464	395.979797464	1551801448.76	-369	410	-369	410
"317"	1	1	1	6	0	0	135	100	0	0	-395.979797464	395.979797464	1551801448.79	-374	405	-374	405
"318"	1	1	1	6	0	0	135	100	0	0	-395.979797464	395.979797464	1551801448.83	-383	400	-383	400
"319"	1	1	1	7	0	0	90	100	0	0	3.42901103761e-14	560	1551801450.29	-8	-3	-8	-3
"320"	1	1	1	7	0	0	90	100	0	0	3.42901103761e-14	560	1551801450.33	-8	-3	-8	-3
"321"	1	1	1	7	0	0	90	100	0	0	3.42901103761e-14	560	1551801450.36	-6	1	-6	1
"322"	1	1	1	7	0	0	90	100	0	0	3.42901103761e-14	560	1551801450.39	-4	3	-4	3
"323"	1	1	1	7	0	0	90	100	0	0	3.42901103761e-14	560	1551801450.43	-3	3	-3	3
"324"	1	1	1	7	0	0	90	100	0	0	3.42901103761e-14	560	1551801450.46	1	7	1	7
"325"	1	1	1	7	0	0	90	100	0	0	3.42901103761e-14	560	1551801450.49	1	7	1	7
"326"	1	1	1	7	0	0	90	100	0	0	3.42901103761e-14	560	1551801450.53	1	6	1	6
"327"	1	1	1	7	0	0	90	100	0	0	3.42901103761e-14	560	1551801450.56	1	6	1	6
"328"	1	1	1	7	0	0	90	100	0	0	3.42901103761e-14	560	1551801450.59	1	6	1	6
"329"	1	1	1	7	0	0	90	100	0	0	3.42901103761e-14	560	1551801450.63	1	7	1	7
"330"	1	1	1	7	0	0	90	100	0	0	3.42901103761e-14	560	1551801450.66	-5	23	-5	23
"331"	1	1	1	7	0	0	90	100	0	0	3.42901103761e-14	560	1551801450.69	-13	76	-13	76
"332"	1	1	1	7	0	0	90	100	0	0	3.42901103761e-14	560	1551801450.73	-22	126	-22	126
"333"	1	1	1	7	0	0	90	100	0	0	3.42901103761e-14	560	1551801450.76	-22	126	-22	126
"334"	1	1	1	7	0	0	90	100	0	0	3.42901103761e-14	560	1551801450.79	-22	126	-22	126
"335"	1	1	1	7	0	0	90	100	0	0	3.42901103761e-14	560	1551801450.83	-22	126	-22	126
"336"	1	1	1	7	0	0	90	100	0	0	3.42901103761e-14	560	1551801450.86	-22	126	-22	126
"337"	1	1	1	7	0	0	90	100	0	0	3.42901103761e-14	560	1551801450.89	-22	126	-22	126
"338"	1	1	1	7	0	0	90	100	0	0	3.42901103761e-14	560	1551801450.93	-22	126	-22	126
"339"	1	1	1	7	0	0	90	100	0	0	3.42901103761e-14	560	1551801450.96	-22	126	-22	126
"340"	1	1	1	7	0	0	90	100	0	0	3.42901103761e-14	560	1551801450.99	-41	506	-41	506
"341"	1	1	1	7	0	0	90	100	0	0	3.42901103761e-14	560	1551801451.03	-43	518	-43	518
"342"	1	1	1	7	0	0	90	100	0	0	3.42901103761e-14	560	1551801451.06	-44	520	-44	520
"343"	1	1	1	7	0	0	90	100	0	0	3.42901103761e-14	560	1551801451.09	-49	519	-49	519
"344"	1	1	1	7	0	0	90	100	0	0	3.42901103761e-14	560	1551801451.13	-54	520	-54	520
"345"	1	1	1	7	0	0	90	100	0	0	3.42901103761e-14	560	1551801451.16	-53	521	-53	521
"346"	1	1	1	7	0	0	90	100	0	0	3.42901103761e-14	560	1551801451.19	-56	518	-56	518
"347"	1	1	1	7	0	0	90	100	0	0	3.42901103761e-14	560	1551801451.23	-53	515	-53	515
"348"	1	1	1	7	0	0	90	100	0	0	3.42901103761e-14	560	1551801451.26	-50	512	-50	512
"349"	1	1	1	7	0	0	90	100	0	0	3.42901103761e-14	560	1551801451.29	-48	512	-48	512
"350"	1	1	1	7	0	0	90	100	0	0	3.42901103761e-14	560	1551801451.33	-46	513	-46	513
"351"	1	1	1	7	0	0	90	100	0	0	3.42901103761e-14	560	1551801451.36	-40	517	-40	517
"352"	1	1	1	7	0	0	90	100	0	0	3.42901103761e-14	560	1551801451.39	-34	520	-34	520
"353"	1	1	1	7	0	0	90	100	0	0	3.42901103761e-14	560	1551801451.43	-29	521	-29	521
"354"	1	1	1	7	0	0	90	100	0	0	3.42901103761e-14	560	1551801451.46	-20	526	-20	526
"355"	1	1	1	7	0	0	90	100	0	0	3.42901103761e-14	560	1551801451.49	-19	531	-19	531
"356"	1	1	1	7	0	0	90	100	0	0	3.42901103761e-14	560	1551801451.53	-15	536	-15	536
"357"	1	1	1	7	0	0	90	100	0	0	3.42901103761e-14	560	1551801451.56	-9	541	-9	541
"358"	1	1	1	7	0	0	90	100	0	0	3.42901103761e-14	560	1551801451.59	-8	544	-8	544
"359"	1	1	1	7	0	0	90	100	0	0	3.42901103761e-14	560	1551801451.63	-4	546	-4	546
"360"	1	1	1	7	0	0	90	100	0	0	3.42901103761e-14	560	1551801451.66	-1	549	-1	549
"361"	1	1	1	7	0	0	90	100	0	0	3.42901103761e-14	560	1551801451.69	0	552	0	552
"362"	1	1	1	7	0	0	90	100	0	0	3.42901103761e-14	560	1551801451.73	1	554	1	554
"363"	1	1	1	8	0	0	135	100	0	0	-395.979797464	395.979797464	1551801453.01	1	3	1	3
"364"	1	1	1	8	0	0	135	100	0	0	-395.979797464	395.979797464	1551801453.03	1	1	1	1
"365"	1	1	1	8	0	0	135	100	0	0	-395.979797464	395.979797464	1551801453.06	0	-2	0	-2
"366"	1	1	1	8	0	0	135	100	0	0	-395.979797464	395.979797464	1551801453.1	1	-14	1	-14
"367"	1	1	1	8	0	0	135	100	0	0	-395.979797464	395.979797464	1551801453.13	1	-15	1	-15
"368"	1	1	1	8	0	0	135	100	0	0	-395.979797464	395.979797464	1551801453.16	1	-15	1	-15
"369"	1	1	1	8	0	0	135	100	0	0	-395.979797464	395.979797464	1551801453.2	1	-15	1	-15
"370"	1	1	1	8	0	0	135	100	0	0	-395.979797464	395.979797464	1551801453.23	1	-15	1	-15
"371"	1	1	1	8	0	0	135	100	0	0	-395.979797464	395.979797464	1551801453.26	1	-15	1	-15
"372"	1	1	1	8	0	0	135	100	0	0	-395.979797464	395.979797464	1551801453.3	1	-15	1	-15
"373"	1	1	1	8	0	0	135	100	0	0	-395.979797464	395.979797464	1551801453.33	1	-15	1	-15
"374"	1	1	1	8	0	0	135	100	0	0	-395.979797464	395.979797464	1551801453.36	1	-15	1	-15
"375"	1	1	1	8	0	0	135	100	0	0	-395.979797464	395.979797464	1551801453.4	1	-14	1	-14
"376"	1	1	1	8	0	0	135	100	0	0	-395.979797464	395.979797464	1551801453.43	-10	-7	-10	-7
"377"	1	1	1	8	0	0	135	100	0	0	-395.979797464	395.979797464	1551801453.46	-42	13	-42	13
"378"	1	1	1	8	0	0	135	100	0	0	-395.979797464	395.979797464	1551801453.5	-89	42	-89	42
"379"	1	1	1	8	0	0	135	100	0	0	-395.979797464	395.979797464	1551801453.53	-136	66	-136	66
"380"	1	1	1	8	0	0	135	100	0	0	-395.979797464	395.979797464	1551801453.56	-179	103	-179	103
"381"	1	1	1	8	0	0	135	100	0	0	-395.979797464	395.979797464	1551801453.6	-221	141	-221	141
"382"	1	1	1	8	0	0	135	100	0	0	-395.979797464	395.979797464	1551801453.63	-248	178	-248	178
"383"	1	1	1	8	0	0	135	100	0	0	-395.979797464	395.979797464	1551801453.66	-281	215	-281	215
"384"	1	1	1	8	0	0	135	100	0	0	-395.979797464	395.979797464	1551801453.7	-297	228	-297	228
"385"	1	1	1	8	0	0	135	100	0	0	-395.979797464	395.979797464	1551801453.73	-306	239	-306	239
"386"	1	1	1	8	0	0	135	100	0	0	-395.979797464	395.979797464	1551801453.76	-318	257	-318	257
"387"	1	1	1	8	0	0	135	100	0	0	-395.979797464	395.979797464	1551801453.8	-333	279	-333	279
"388"	1	1	1	8	0	0	135	100	0	0	-395.979797464	395.979797464	1551801453.83	-343	297	-343	297
"389"	1	1	1	8	0	0	135	100	0	0	-395.979797464	395.979797464	1551801453.86	-351	307	-351	307
"390"	1	1	1	8	0	0	135	100	0	0	-395.979797464	395.979797464	1551801453.9	-359	324	-359	324
"391"	1	1	1	8	0	0	135	100	0	0	-395.979797464	395.979797464	1551801453.93	-360	337	-360	337
"392"	1	1	1	8	0	0	135	100	0	0	-395.979797464	395.979797464	1551801453.96	-365	349	-365	349
"393"	1	1	1	8	0	0	135	100	0	0	-395.979797464	395.979797464	1551801454	-372	365	-372	365
"394"	1	1	1	8	0	0	135	100	0	0	-395.979797464	395.979797464	1551801454.03	-377	376	-377	376
"395"	1	1	1	8	0	0	135	100	0	0	-395.979797464	395.979797464	1551801454.06	-382	382	-382	382
"396"	1	1	1	8	0	0	135	100	0	0	-395.979797464	395.979797464	1551801454.1	-384	385	-384	385
"397"	1	1	1	8	0	0	135	100	0	0	-395.979797464	395.979797464	1551801454.13	-386	390	-386	390
"398"	1	1	1	8	0	0	135	100	0	0	-395.979797464	395.979797464	1551801454.16	-389	394	-389	394
"399"	1	1	1	8	0	0	135	100	0	0	-395.979797464	395.979797464	1551801454.2	-392	396	-392	396
"400"	1	1	1	8	0	0	135	100	0	0	-395.979797464	395.979797464	1551801454.23	-395	399	-395	399
"401"	1	1	1	9	0	0	45	100	0	0	395.979797464	395.979797464	1551801455.81	0	-10	0	-10
"402"	1	1	1	9	0	0	45	100	0	0	395.979797464	395.979797464	1551801455.83	0	-10	0	-10
"403"	1	1	1	9	0	0	45	100	0	0	395.979797464	395.979797464	1551801455.86	0	-10	0	-10
"404"	1	1	1	9	0	0	45	100	0	0	395.979797464	395.979797464	1551801455.9	0	-10	0	-10
"405"	1	1	1	9	0	0	45	100	0	0	395.979797464	395.979797464	1551801455.93	0	-9	0	-9
"406"	1	1	1	9	0	0	45	100	0	0	395.979797464	395.979797464	1551801455.96	0	-8	0	-8
"407"	1	1	1	9	0	0	45	100	0	0	395.979797464	395.979797464	1551801456	0	-8	0	-8
"408"	1	1	1	9	0	0	45	100	0	0	395.979797464	395.979797464	1551801456.03	-1	-8	-1	-8
"409"	1	1	1	9	0	0	45	100	0	0	395.979797464	395.979797464	1551801456.06	-1	-8	-1	-8
"410"	1	1	1	9	0	0	45	100	0	0	395.979797464	395.979797464	1551801456.1	-1	-8	-1	-8
"411"	1	1	1	9	0	0	45	100	0	0	395.979797464	395.979797464	1551801456.13	-1	-8	-1	-8
"412"	1	1	1	9	0	0	45	100	0	0	395.979797464	395.979797464	1551801456.16	1	-6	1	-6
"413"	1	1	1	9	0	0	45	100	0	0	395.979797464	395.979797464	1551801456.2	11	8	11	8
"414"	1	1	1	9	0	0	45	100	0	0	395.979797464	395.979797464	1551801456.23	23	22	23	22
"415"	1	1	1	9	0	0	45	100	0	0	395.979797464	395.979797464	1551801456.26	49	48	49	48
"416"	1	1	1	9	0	0	45	100	0	0	395.979797464	395.979797464	1551801456.3	76	76	76	76
"417"	1	1	1	9	0	0	45	100	0	0	395.979797464	395.979797464	1551801456.33	110	109	110	109
"418"	1	1	1	9	0	0	45	100	0	0	395.979797464	395.979797464	1551801456.36	142	145	142	145
"419"	1	1	1	9	0	0	45	100	0	0	395.979797464	395.979797464	1551801456.4	169	175	169	175
"420"	1	1	1	9	0	0	45	100	0	0	395.979797464	395.979797464	1551801456.43	190	198	190	198
"421"	1	1	1	9	0	0	45	100	0	0	395.979797464	395.979797464	1551801456.46	202	211	202	211
"422"	1	1	1	9	0	0	45	100	0	0	395.979797464	395.979797464	1551801456.5	217	225	217	225
"423"	1	1	1	9	0	0	45	100	0	0	395.979797464	395.979797464	1551801456.53	226	237	226	237
"424"	1	1	1	9	0	0	45	100	0	0	395.979797464	395.979797464	1551801456.57	230	243	230	243
"425"	1	1	1	9	0	0	45	100	0	0	395.979797464	395.979797464	1551801456.6	237	252	237	252
"426"	1	1	1	9	0	0	45	100	0	0	395.979797464	395.979797464	1551801456.63	245	262	245	262
"427"	1	1	1	9	0	0	45	100	0	0	395.979797464	395.979797464	1551801456.66	252	270	252	270
"428"	1	1	1	9	0	0	45	100	0	0	395.979797464	395.979797464	1551801456.7	262	277	262	277
"429"	1	1	1	9	0	0	45	100	0	0	395.979797464	395.979797464	1551801456.73	273	288	273	288
"430"	1	1	1	9	0	0	45	100	0	0	395.979797464	395.979797464	1551801456.77	285	300	285	300
"431"	1	1	1	9	0	0	45	100	0	0	395.979797464	395.979797464	1551801456.8	293	307	293	307
"432"	1	1	1	9	0	0	45	100	0	0	395.979797464	395.979797464	1551801456.83	302	314	302	314
"433"	1	1	1	9	0	0	45	100	0	0	395.979797464	395.979797464	1551801456.87	311	320	311	320
"434"	1	1	1	9	0	0	45	100	0	0	395.979797464	395.979797464	1551801456.9	322	327	322	327
"435"	1	1	1	9	0	0	45	100	0	0	395.979797464	395.979797464	1551801456.93	331	332	331	332
"436"	1	1	1	9	0	0	45	100	0	0	395.979797464	395.979797464	1551801456.97	338	338	338	338
"437"	1	1	1	9	0	0	45	100	0	0	395.979797464	395.979797464	1551801457	349	348	349	348
"438"	1	1	1	9	0	0	45	100	0	0	395.979797464	395.979797464	1551801457.03	357	354	357	354
"439"	1	1	1	9	0	0	45	100	0	0	395.979797464	395.979797464	1551801457.07	368	360	368	360
"440"	1	1	1	9	0	0	45	100	0	0	395.979797464	395.979797464	1551801457.1	376	364	376	364
"441"	1	1	1	9	0	0	45	100	0	0	395.979797464	395.979797464	1551801457.13	381	367	381	367
"442"	1	1	1	9	0	0	45	100	0	0	395.979797464	395.979797464	1551801457.17	387	371	387	371
"443"	1	1	1	9	0	0	45	100	0	0	395.979797464	395.979797464	1551801457.2	391	376	391	376
"444"	1	1	1	9	0	0	45	100	0	0	395.979797464	395.979797464	1551801457.23	398	385	398	385
"445"	1	1	1	9	0	0	45	100	0	0	395.979797464	395.979797464	1551801457.27	401	392	401	392
"446"	1	1	1	9	0	0	45	100	0	0	395.979797464	395.979797464	1551801457.3	403	397	403	397
"447"	1	1	1	9	0	0	45	100	0	0	395.979797464	395.979797464	1551801457.33	405	402	405	402
"448"	1	1	1	9	0	0	45	100	0	0	395.979797464	395.979797464	1551801457.37	406	403	406	403
"449"	1	1	1	9	0	0	45	100	0	0	395.979797464	395.979797464	1551801457.4	406	405	406	405
"450"	1	1	1	9	0	0	45	100	0	0	395.979797464	395.979797464	1551801457.43	406	406	406	406
"451"	1	1	1	9	0	0	45	100	0	0	395.979797464	395.979797464	1551801457.47	406	406	406	406
"452"	1	1	1	9	0	0	45	100	0	0	395.979797464	395.979797464	1551801457.5	406	406	406	406
"453"	1	1	1	9	0	0	45	100	0	0	395.979797464	395.979797464	1551801457.53	406	406	406	406
"454"	1	1	1	9	0	0	45	100	0	0	395.979797464	395.979797464	1551801457.57	405	405	405	405
"455"	1	1	1	9	0	0	45	100	0	0	395.979797464	395.979797464	1551801457.6	403	403	403	403
"456"	1	1	1	9	0	0	45	100	0	0	395.979797464	395.979797464	1551801457.63	390	397	390	397
"457"	1	1	1	9	0	0	45	100	0	0	395.979797464	395.979797464	1551801457.67	385	391	385	391
