"task_num"	"task_name"	"trial_type"	"trial_num"	"terminalfeedback_bool"	"rotation_angle"	"targetangle_deg"	"targetdistance_percmax"	"homex_px"	"homey_px"	"targetx_px"	"targety_px"	"time_s"	"mousex_px"	"mousey_px"	"cursorx_px"	"cursory_px"
9	"1"	"1"	1	FALSE	0	135	100	0	0	-395.979797464	395.979797464	1.13171386719	2	12	2	12
9	"1"	"1"	1	FALSE	0	135	100	0	0	-395.979797464	395.979797464	1.16493201256	2	12	2	12
9	"1"	"1"	1	FALSE	0	135	100	0	0	-395.979797464	395.979797464	1.19785284996	2	12	2	12
9	"1"	"1"	1	FALSE	0	135	100	0	0	-395.979797464	395.979797464	1.23154687881	2	12	2	12
9	"1"	"1"	1	FALSE	0	135	100	0	0	-395.979797464	395.979797464	1.26517486572	2	11	2	11
9	"1"	"1"	1	FALSE	0	135	100	0	0	-395.979797464	395.979797464	1.29844880104	1	7	1	7
9	"1"	"1"	1	FALSE	0	135	100	0	0	-395.979797464	395.979797464	1.33183789253	1	2	1	2
9	"1"	"1"	1	FALSE	0	135	100	0	0	-395.979797464	395.979797464	1.36514186859	1	-1	1	-1
9	"1"	"1"	1	FALSE	0	135	100	0	0	-395.979797464	395.979797464	1.39853096008	1	-2	1	-2
9	"1"	"1"	1	FALSE	0	135	100	0	0	-395.979797464	395.979797464	1.43133497238	2	-2	2	-2
9	"1"	"1"	1	FALSE	0	135	100	0	0	-395.979797464	395.979797464	1.46524786949	2	-2	2	-2
9	"1"	"1"	1	FALSE	0	135	100	0	0	-395.979797464	395.979797464	1.49848198891	2	-2	2	-2
9	"1"	"1"	1	FALSE	0	135	100	0	0	-395.979797464	395.979797464	1.53194379807	2	-2	2	-2
9	"1"	"1"	1	FALSE	0	135	100	0	0	-395.979797464	395.979797464	1.56535291672	-3	5	-3	5
9	"1"	"1"	1	FALSE	0	135	100	0	0	-395.979797464	395.979797464	1.59860181808	-11	14	-11	14
9	"1"	"1"	1	FALSE	0	135	100	0	0	-395.979797464	395.979797464	1.63178491592	-36	38	-36	38
9	"1"	"1"	1	FALSE	0	135	100	0	0	-395.979797464	395.979797464	1.66545796394	-58	56	-58	56
9	"1"	"1"	1	FALSE	0	135	100	0	0	-395.979797464	395.979797464	1.69883298874	-85	79	-85	79
9	"1"	"1"	1	FALSE	0	135	100	0	0	-395.979797464	395.979797464	1.73179793358	-114	103	-114	103
9	"1"	"1"	1	FALSE	0	135	100	0	0	-395.979797464	395.979797464	1.76555681229	-141	122	-141	122
9	"1"	"1"	1	FALSE	0	135	100	0	0	-395.979797464	395.979797464	1.79872989655	-177	147	-177	147
9	"1"	"1"	1	FALSE	0	135	100	0	0	-395.979797464	395.979797464	1.83182382584	-208	171	-208	171
9	"1"	"1"	1	FALSE	0	135	100	0	0	-395.979797464	395.979797464	1.86554694176	-241	200	-241	200
9	"1"	"1"	1	FALSE	0	135	100	0	0	-395.979797464	395.979797464	1.8989470005	-272	227	-272	227
9	"1"	"1"	1	FALSE	0	135	100	0	0	-395.979797464	395.979797464	1.93184685707	-304	253	-304	253
9	"1"	"1"	1	FALSE	0	135	100	0	0	-395.979797464	395.979797464	1.96571493149	-329	276	-329	276
9	"1"	"1"	1	FALSE	0	135	100	0	0	-395.979797464	395.979797464	1.99901986122	-340	287	-340	287
9	"1"	"1"	1	FALSE	0	135	100	0	0	-395.979797464	395.979797464	2.0317440033	-351	299	-351	299
9	"1"	"1"	1	FALSE	0	135	100	0	0	-395.979797464	395.979797464	2.06547379494	-356	305	-356	305
9	"1"	"1"	1	FALSE	0	135	100	0	0	-395.979797464	395.979797464	2.09885883331	-358	309	-358	309
9	"1"	"1"	1	FALSE	0	135	100	0	0	-395.979797464	395.979797464	2.13176393509	-359	312	-359	312
9	"1"	"1"	1	FALSE	0	135	100	0	0	-395.979797464	395.979797464	2.16572999954	-359	315	-359	315
9	"1"	"1"	1	FALSE	0	135	100	0	0	-395.979797464	395.979797464	2.1991648674	-359	326	-359	326
9	"1"	"1"	1	FALSE	0	135	100	0	0	-395.979797464	395.979797464	2.23210000992	-361	337	-361	337
9	"1"	"1"	1	FALSE	0	135	100	0	0	-395.979797464	395.979797464	2.2652759552	-365	352	-365	352
9	"1"	"1"	1	FALSE	0	135	100	0	0	-395.979797464	395.979797464	2.29887986183	-372	367	-372	367
9	"1"	"1"	1	FALSE	0	135	100	0	0	-395.979797464	395.979797464	2.33240890503	-376	377	-376	377
9	"1"	"1"	1	FALSE	0	135	100	0	0	-395.979797464	395.979797464	2.36595988274	-381	384	-381	384
9	"1"	"1"	1	FALSE	0	135	100	0	0	-395.979797464	395.979797464	2.39923596382	-385	387	-385	387
9	"1"	"1"	1	FALSE	0	135	100	0	0	-395.979797464	395.979797464	2.43252301216	-389	389	-389	389
9	"1"	"1"	1	FALSE	0	135	100	0	0	-395.979797464	395.979797464	2.46598482132	-392	391	-392	391
9	"1"	"1"	1	FALSE	0	135	100	0	0	-395.979797464	395.979797464	2.49929285049	-394	392	-394	392
9	"1"	"1"	1	FALSE	0	135	100	0	0	-395.979797464	395.979797464	2.53266382217	-395	394	-395	394
9	"1"	"1"	1	FALSE	0	135	100	0	0	-395.979797464	395.979797464	2.56608986855	-396	396	-396	396
9	"1"	"1"	1	FALSE	0	135	100	0	0	-395.979797464	395.979797464	2.59926080704	-397	397	-397	397
9	"1"	"1"	2	FALSE	0	90	100	0	0	3.42901103761e-14	560	0.00207805633545	-1	-6	-1	-6
9	"1"	"1"	2	FALSE	0	90	100	0	0	3.42901103761e-14	560	0.0235149860382	-1	-6	-1	-6
9	"1"	"1"	2	FALSE	0	90	100	0	0	3.42901103761e-14	560	0.0570769309998	-1	-6	-1	-6
9	"1"	"1"	2	FALSE	0	90	100	0	0	3.42901103761e-14	560	0.0897409915924	-1	-6	-1	-6
9	"1"	"1"	2	FALSE	0	90	100	0	0	3.42901103761e-14	560	0.123821973801	-1	-6	-1	-6
9	"1"	"1"	2	FALSE	0	90	100	0	0	3.42901103761e-14	560	0.157121896744	-1	-6	-1	-6
9	"1"	"1"	2	FALSE	0	90	100	0	0	3.42901103761e-14	560	0.190156936646	-1	-6	-1	-6
9	"1"	"1"	2	FALSE	0	90	100	0	0	3.42901103761e-14	560	0.22386598587	-1	-6	-1	-6
9	"1"	"1"	2	FALSE	0	90	100	0	0	3.42901103761e-14	560	0.257287025452	-1	-6	-1	-6
9	"1"	"1"	2	FALSE	0	90	100	0	0	3.42901103761e-14	560	0.29048204422	-1	-5	-1	-5
9	"1"	"1"	2	FALSE	0	90	100	0	0	3.42901103761e-14	560	0.324016094208	-3	-1	-3	-1
9	"1"	"1"	2	FALSE	0	90	100	0	0	3.42901103761e-14	560	0.357410907745	-5	15	-5	15
9	"1"	"1"	2	FALSE	0	90	100	0	0	3.42901103761e-14	560	0.39044213295	-9	48	-9	48
9	"1"	"1"	2	FALSE	0	90	100	0	0	3.42901103761e-14	560	0.424061059952	-13	81	-13	81
9	"1"	"1"	2	FALSE	0	90	100	0	0	3.42901103761e-14	560	0.457345962524	-16	125	-16	125
9	"1"	"1"	2	FALSE	0	90	100	0	0	3.42901103761e-14	560	0.490080118179	-19	170	-19	170
9	"1"	"1"	2	FALSE	0	90	100	0	0	3.42901103761e-14	560	0.524025917053	-20	208	-20	208
9	"1"	"1"	2	FALSE	0	90	100	0	0	3.42901103761e-14	560	0.55752491951	-21	260	-21	260
9	"1"	"1"	2	FALSE	0	90	100	0	0	3.42901103761e-14	560	0.590528011322	-21	296	-21	296
9	"1"	"1"	2	FALSE	0	90	100	0	0	3.42901103761e-14	560	0.624217033386	-17	332	-17	332
9	"1"	"1"	2	FALSE	0	90	100	0	0	3.42901103761e-14	560	0.657236099243	-12	358	-12	358
9	"1"	"1"	2	FALSE	0	90	100	0	0	3.42901103761e-14	560	0.690896034241	-11	385	-11	385
9	"1"	"1"	2	FALSE	0	90	100	0	0	3.42901103761e-14	560	0.724180936813	-8	407	-8	407
9	"1"	"1"	2	FALSE	0	90	100	0	0	3.42901103761e-14	560	0.757550954819	-7	419	-7	419
9	"1"	"1"	2	FALSE	0	90	100	0	0	3.42901103761e-14	560	0.790723085403	-6	434	-6	434
9	"1"	"1"	2	FALSE	0	90	100	0	0	3.42901103761e-14	560	0.8238530159	-5	447	-5	447
9	"1"	"1"	2	FALSE	0	90	100	0	0	3.42901103761e-14	560	0.857146978378	-5	454	-5	454
9	"1"	"1"	2	FALSE	0	90	100	0	0	3.42901103761e-14	560	0.890547037125	-5	462	-5	462
9	"1"	"1"	2	FALSE	0	90	100	0	0	3.42901103761e-14	560	0.924226999283	-5	472	-5	472
9	"1"	"1"	2	FALSE	0	90	100	0	0	3.42901103761e-14	560	0.957727909088	-7	481	-7	481
9	"1"	"1"	2	FALSE	0	90	100	0	0	3.42901103761e-14	560	0.990868091583	-8	490	-8	490
9	"1"	"1"	2	FALSE	0	90	100	0	0	3.42901103761e-14	560	1.02452802658	-8	501	-8	501
9	"1"	"1"	2	FALSE	0	90	100	0	0	3.42901103761e-14	560	1.05790901184	-8	510	-8	510
9	"1"	"1"	2	FALSE	0	90	100	0	0	3.42901103761e-14	560	1.09124803543	-8	517	-8	517
9	"1"	"1"	2	FALSE	0	90	100	0	0	3.42901103761e-14	560	1.12460613251	-7	526	-7	526
9	"1"	"1"	2	FALSE	0	90	100	0	0	3.42901103761e-14	560	1.15770411491	-6	532	-6	532
9	"1"	"1"	2	FALSE	0	90	100	0	0	3.42901103761e-14	560	1.19136595726	-6	536	-6	536
9	"1"	"1"	2	FALSE	0	90	100	0	0	3.42901103761e-14	560	1.22463393211	-5	541	-5	541
9	"1"	"1"	2	FALSE	0	90	100	0	0	3.42901103761e-14	560	1.25806498528	-4	545	-4	545
9	"1"	"1"	2	FALSE	0	90	100	0	0	3.42901103761e-14	560	1.29143404961	-3	548	-3	548
9	"1"	"1"	2	FALSE	0	90	100	0	0	3.42901103761e-14	560	1.32476902008	-2	550	-2	550
9	"1"	"1"	2	FALSE	0	90	100	0	0	3.42901103761e-14	560	1.35818004608	-2	553	-2	553
9	"1"	"1"	2	FALSE	0	90	100	0	0	3.42901103761e-14	560	1.3913769722	-1	555	-1	555
9	"1"	"1"	2	FALSE	0	90	100	0	0	3.42901103761e-14	560	1.42481899261	-1	557	-1	557
9	"1"	"1"	2	FALSE	0	90	100	0	0	3.42901103761e-14	560	1.45753312111	0	559	0	559
9	"1"	"1"	3	FALSE	0	45	100	0	0	395.979797464	395.979797464	0.00206804275513	2	5	2	5
9	"1"	"1"	3	FALSE	0	45	100	0	0	395.979797464	395.979797464	0.0224659442902	2	5	2	5
9	"1"	"1"	3	FALSE	0	45	100	0	0	395.979797464	395.979797464	0.0559740066528	2	5	2	5
9	"1"	"1"	3	FALSE	0	45	100	0	0	395.979797464	395.979797464	0.0893580913544	2	5	2	5
9	"1"	"1"	3	FALSE	0	45	100	0	0	395.979797464	395.979797464	0.122334957123	2	5	2	5
9	"1"	"1"	3	FALSE	0	45	100	0	0	395.979797464	395.979797464	0.156084060669	2	5	2	5
9	"1"	"1"	3	FALSE	0	45	100	0	0	395.979797464	395.979797464	0.189290046692	2	5	2	5
9	"1"	"1"	3	FALSE	0	45	100	0	0	395.979797464	395.979797464	0.222774982452	2	5	2	5
9	"1"	"1"	3	FALSE	0	45	100	0	0	395.979797464	395.979797464	0.256103038788	2	5	2	5
9	"1"	"1"	3	FALSE	0	45	100	0	0	395.979797464	395.979797464	0.289548873901	2	5	2	5
9	"1"	"1"	3	FALSE	0	45	100	0	0	395.979797464	395.979797464	0.322751998901	2	5	2	5
9	"1"	"1"	3	FALSE	0	45	100	0	0	395.979797464	395.979797464	0.356204986572	2	5	2	5
9	"1"	"1"	3	FALSE	0	45	100	0	0	395.979797464	395.979797464	0.389394044876	5	9	5	9
9	"1"	"1"	3	FALSE	0	45	100	0	0	395.979797464	395.979797464	0.422460079193	16	21	16	21
9	"1"	"1"	3	FALSE	0	45	100	0	0	395.979797464	395.979797464	0.456116914749	40	40	40	40
9	"1"	"1"	3	FALSE	0	45	100	0	0	395.979797464	395.979797464	0.489701986313	76	64	76	64
9	"1"	"1"	3	FALSE	0	45	100	0	0	395.979797464	395.979797464	0.523060083389	120	97	120	97
9	"1"	"1"	3	FALSE	0	45	100	0	0	395.979797464	395.979797464	0.556392908096	167	135	167	135
9	"1"	"1"	3	FALSE	0	45	100	0	0	395.979797464	395.979797464	0.589766025543	210	175	210	175
9	"1"	"1"	3	FALSE	0	45	100	0	0	395.979797464	395.979797464	0.623069047928	243	208	243	208
9	"1"	"1"	3	FALSE	0	45	100	0	0	395.979797464	395.979797464	0.656446933746	276	242	276	242
9	"1"	"1"	3	FALSE	0	45	100	0	0	395.979797464	395.979797464	0.689713001251	302	272	302	272
9	"1"	"1"	3	FALSE	0	45	100	0	0	395.979797464	395.979797464	0.723092079163	319	293	319	293
9	"1"	"1"	3	FALSE	0	45	100	0	0	395.979797464	395.979797464	0.756175994873	330	307	330	307
9	"1"	"1"	3	FALSE	0	45	100	0	0	395.979797464	395.979797464	0.789918899536	341	323	341	323
9	"1"	"1"	3	FALSE	0	45	100	0	0	395.979797464	395.979797464	0.823309898376	351	336	351	336
9	"1"	"1"	3	FALSE	0	45	100	0	0	395.979797464	395.979797464	0.856560945511	359	344	359	344
9	"1"	"1"	3	FALSE	0	45	100	0	0	395.979797464	395.979797464	0.890084981918	367	349	367	349
9	"1"	"1"	3	FALSE	0	45	100	0	0	395.979797464	395.979797464	0.923285007477	374	354	374	354
9	"1"	"1"	3	FALSE	0	45	100	0	0	395.979797464	395.979797464	0.956645011902	381	358	381	358
9	"1"	"1"	3	FALSE	0	45	100	0	0	395.979797464	395.979797464	0.990160942078	385	363	385	363
9	"1"	"1"	3	FALSE	0	45	100	0	0	395.979797464	395.979797464	1.02338004112	391	372	391	372
9	"1"	"1"	3	FALSE	0	45	100	0	0	395.979797464	395.979797464	1.05685305595	395	380	395	380
9	"1"	"1"	3	FALSE	0	45	100	0	0	395.979797464	395.979797464	1.09025907516	399	386	399	386
9	"1"	"1"	3	FALSE	0	45	100	0	0	395.979797464	395.979797464	1.12357807159	402	392	402	392
9	"1"	"1"	3	FALSE	0	45	100	0	0	395.979797464	395.979797464	1.15685009956	404	399	404	399
9	"1"	"1"	3	FALSE	0	45	100	0	0	395.979797464	395.979797464	1.19023108482	405	403	405	403
9	"1"	"1"	3	FALSE	0	45	100	0	0	395.979797464	395.979797464	1.2236430645	406	406	406	406
9	"1"	"1"	3	FALSE	0	45	100	0	0	395.979797464	395.979797464	1.2570040226	406	407	406	407
9	"1"	"1"	3	FALSE	0	45	100	0	0	395.979797464	395.979797464	1.29024410248	406	407	406	407
9	"1"	"1"	3	FALSE	0	45	100	0	0	395.979797464	395.979797464	1.32359290123	406	407	406	407
9	"1"	"1"	3	FALSE	0	45	100	0	0	395.979797464	395.979797464	1.35707688332	406	406	406	406
9	"1"	"1"	3	FALSE	0	45	100	0	0	395.979797464	395.979797464	1.39029407501	406	406	406	406
9	"1"	"1"	4	FALSE	0	90	100	0	0	3.42901103761e-14	560	0.00205302238464	2	-6	2	-6
9	"1"	"1"	4	FALSE	0	90	100	0	0	3.42901103761e-14	560	0.0224409103394	2	-6	2	-6
9	"1"	"1"	4	FALSE	0	90	100	0	0	3.42901103761e-14	560	0.0559260845184	2	-6	2	-6
9	"1"	"1"	4	FALSE	0	90	100	0	0	3.42901103761e-14	560	0.0894210338593	2	-6	2	-6
9	"1"	"1"	4	FALSE	0	90	100	0	0	3.42901103761e-14	560	0.122563123703	0	-3	0	-3
9	"1"	"1"	4	FALSE	0	90	100	0	0	3.42901103761e-14	560	0.156053066254	-1	-1	-1	-1
9	"1"	"1"	4	FALSE	0	90	100	0	0	3.42901103761e-14	560	0.189426898956	-1	-1	-1	-1
9	"1"	"1"	4	FALSE	0	90	100	0	0	3.42901103761e-14	560	0.222745895386	-1	-1	-1	-1
9	"1"	"1"	4	FALSE	0	90	100	0	0	3.42901103761e-14	560	0.256102085114	-1	-1	-1	-1
9	"1"	"1"	4	FALSE	0	90	100	0	0	3.42901103761e-14	560	0.289453983307	-1	-1	-1	-1
9	"1"	"1"	4	FALSE	0	90	100	0	0	3.42901103761e-14	560	0.322911024094	-1	-1	-1	-1
9	"1"	"1"	4	FALSE	0	90	100	0	0	3.42901103761e-14	560	0.356167078018	-1	-1	-1	-1
9	"1"	"1"	4	FALSE	0	90	100	0	0	3.42901103761e-14	560	0.389508008957	-1	0	-1	0
9	"1"	"1"	4	FALSE	0	90	100	0	0	3.42901103761e-14	560	0.422928094864	-1	6	-1	6
9	"1"	"1"	4	FALSE	0	90	100	0	0	3.42901103761e-14	560	0.456079959869	2	25	2	25
9	"1"	"1"	4	FALSE	0	90	100	0	0	3.42901103761e-14	560	0.488989114761	7	54	7	54
9	"1"	"1"	4	FALSE	0	90	100	0	0	3.42901103761e-14	560	0.522757053375	12	92	12	92
9	"1"	"1"	4	FALSE	0	90	100	0	0	3.42901103761e-14	560	0.556397914886	15	131	15	131
9	"1"	"1"	4	FALSE	0	90	100	0	0	3.42901103761e-14	560	0.589827060699	19	175	19	175
9	"1"	"1"	4	FALSE	0	90	100	0	0	3.42901103761e-14	560	0.623003959656	18	219	18	219
9	"1"	"1"	4	FALSE	0	90	100	0	0	3.42901103761e-14	560	0.656424045563	16	264	16	264
9	"1"	"1"	4	FALSE	0	90	100	0	0	3.42901103761e-14	560	0.689634084702	13	310	13	310
9	"1"	"1"	4	FALSE	0	90	100	0	0	3.42901103761e-14	560	0.723145961761	12	347	12	347
9	"1"	"1"	4	FALSE	0	90	100	0	0	3.42901103761e-14	560	0.75661611557	11	385	11	385
9	"1"	"1"	4	FALSE	0	90	100	0	0	3.42901103761e-14	560	0.789928913116	10	412	10	412
9	"1"	"1"	4	FALSE	0	90	100	0	0	3.42901103761e-14	560	0.823250055313	9	436	9	436
9	"1"	"1"	4	FALSE	0	90	100	0	0	3.42901103761e-14	560	0.856661081314	8	452	8	452
9	"1"	"1"	4	FALSE	0	90	100	0	0	3.42901103761e-14	560	0.889966011047	8	465	8	465
9	"1"	"1"	4	FALSE	0	90	100	0	0	3.42901103761e-14	560	0.923408985138	7	479	7	479
9	"1"	"1"	4	FALSE	0	90	100	0	0	3.42901103761e-14	560	0.956526041031	6	487	6	487
9	"1"	"1"	4	FALSE	0	90	100	0	0	3.42901103761e-14	560	0.990072011948	6	496	6	496
9	"1"	"1"	4	FALSE	0	90	100	0	0	3.42901103761e-14	560	1.02342510223	6	505	6	505
9	"1"	"1"	4	FALSE	0	90	100	0	0	3.42901103761e-14	560	1.05685210228	6	513	6	513
9	"1"	"1"	4	FALSE	0	90	100	0	0	3.42901103761e-14	560	1.09019994736	6	522	6	522
9	"1"	"1"	4	FALSE	0	90	100	0	0	3.42901103761e-14	560	1.12341690063	5	530	5	530
9	"1"	"1"	4	FALSE	0	90	100	0	0	3.42901103761e-14	560	1.1568710804	4	538	4	538
9	"1"	"1"	4	FALSE	0	90	100	0	0	3.42901103761e-14	560	1.19022011757	4	544	4	544
9	"1"	"1"	4	FALSE	0	90	100	0	0	3.42901103761e-14	560	1.22331905365	3	549	3	549
9	"1"	"1"	4	FALSE	0	90	100	0	0	3.42901103761e-14	560	1.25690412521	3	551	3	551
9	"1"	"1"	4	FALSE	0	90	100	0	0	3.42901103761e-14	560	1.2904291153	2	552	2	552
9	"1"	"1"	5	FALSE	0	135	100	0	0	-395.979797464	395.979797464	0.00219392776489	0	6	0	6
9	"1"	"1"	5	FALSE	0	135	100	0	0	-395.979797464	395.979797464	0.0224840641022	0	4	0	4
9	"1"	"1"	5	FALSE	0	135	100	0	0	-395.979797464	395.979797464	0.0560529232025	0	3	0	3
9	"1"	"1"	5	FALSE	0	135	100	0	0	-395.979797464	395.979797464	0.0895130634308	0	2	0	2
9	"1"	"1"	5	FALSE	0	135	100	0	0	-395.979797464	395.979797464	0.122718095779	0	2	0	2
9	"1"	"1"	5	FALSE	0	135	100	0	0	-395.979797464	395.979797464	0.156217098236	0	1	0	1
9	"1"	"1"	5	FALSE	0	135	100	0	0	-395.979797464	395.979797464	0.189446926117	0	1	0	1
9	"1"	"1"	5	FALSE	0	135	100	0	0	-395.979797464	395.979797464	0.22288608551	0	1	0	1
9	"1"	"1"	5	FALSE	0	135	100	0	0	-395.979797464	395.979797464	0.256221055984	0	2	0	2
9	"1"	"1"	5	FALSE	0	135	100	0	0	-395.979797464	395.979797464	0.289582967758	0	2	0	2
9	"1"	"1"	5	FALSE	0	135	100	0	0	-395.979797464	395.979797464	0.322943925858	0	2	0	2
9	"1"	"1"	5	FALSE	0	135	100	0	0	-395.979797464	395.979797464	0.356285095215	0	2	0	2
9	"1"	"1"	5	FALSE	0	135	100	0	0	-395.979797464	395.979797464	0.389571905136	0	2	0	2
9	"1"	"1"	5	FALSE	0	135	100	0	0	-395.979797464	395.979797464	0.423039913177	0	4	0	4
9	"1"	"1"	5	FALSE	0	135	100	0	0	-395.979797464	395.979797464	0.456394910812	-3	13	-3	13
9	"1"	"1"	5	FALSE	0	135	100	0	0	-395.979797464	395.979797464	0.489833116531	-14	30	-14	30
9	"1"	"1"	5	FALSE	0	135	100	0	0	-395.979797464	395.979797464	0.523148059845	-37	52	-37	52
9	"1"	"1"	5	FALSE	0	135	100	0	0	-395.979797464	395.979797464	0.556576967239	-65	74	-65	74
9	"1"	"1"	5	FALSE	0	135	100	0	0	-395.979797464	395.979797464	0.589854955673	-95	97	-95	97
9	"1"	"1"	5	FALSE	0	135	100	0	0	-395.979797464	395.979797464	0.623100996017	-123	117	-123	117
9	"1"	"1"	5	FALSE	0	135	100	0	0	-395.979797464	395.979797464	0.656491994858	-158	139	-158	139
9	"1"	"1"	5	FALSE	0	135	100	0	0	-395.979797464	395.979797464	0.689898014069	-193	159	-193	159
9	"1"	"1"	5	FALSE	0	135	100	0	0	-395.979797464	395.979797464	0.72305393219	-225	178	-225	178
9	"1"	"1"	5	FALSE	0	135	100	0	0	-395.979797464	395.979797464	0.756633996964	-261	203	-261	203
9	"1"	"1"	5	FALSE	0	135	100	0	0	-395.979797464	395.979797464	0.78998708725	-292	226	-292	226
9	"1"	"1"	5	FALSE	0	135	100	0	0	-395.979797464	395.979797464	0.82343006134	-319	247	-319	247
9	"1"	"1"	5	FALSE	0	135	100	0	0	-395.979797464	395.979797464	0.856732130051	-338	263	-338	263
9	"1"	"1"	5	FALSE	0	135	100	0	0	-395.979797464	395.979797464	0.89010310173	-353	276	-353	276
9	"1"	"1"	5	FALSE	0	135	100	0	0	-395.979797464	395.979797464	0.923444032669	-364	293	-364	293
9	"1"	"1"	5	FALSE	0	135	100	0	0	-395.979797464	395.979797464	0.956866025925	-372	305	-372	305
9	"1"	"1"	5	FALSE	0	135	100	0	0	-395.979797464	395.979797464	0.990077018738	-377	319	-377	319
9	"1"	"1"	5	FALSE	0	135	100	0	0	-395.979797464	395.979797464	1.02343606949	-379	331	-379	331
9	"1"	"1"	5	FALSE	0	135	100	0	0	-395.979797464	395.979797464	1.0568459034	-380	340	-380	340
9	"1"	"1"	5	FALSE	0	135	100	0	0	-395.979797464	395.979797464	1.09027504921	-382	347	-382	347
9	"1"	"1"	5	FALSE	0	135	100	0	0	-395.979797464	395.979797464	1.1235909462	-384	354	-384	354
9	"1"	"1"	5	FALSE	0	135	100	0	0	-395.979797464	395.979797464	1.15689206123	-386	361	-386	361
9	"1"	"1"	5	FALSE	0	135	100	0	0	-395.979797464	395.979797464	1.19031906128	-388	367	-388	367
9	"1"	"1"	5	FALSE	0	135	100	0	0	-395.979797464	395.979797464	1.22358107567	-390	373	-390	373
9	"1"	"1"	5	FALSE	0	135	100	0	0	-395.979797464	395.979797464	1.25698399544	-392	377	-392	377
9	"1"	"1"	5	FALSE	0	135	100	0	0	-395.979797464	395.979797464	1.29040694237	-393	381	-393	381
9	"1"	"1"	5	FALSE	0	135	100	0	0	-395.979797464	395.979797464	1.32376194	-395	384	-395	384
9	"1"	"1"	5	FALSE	0	135	100	0	0	-395.979797464	395.979797464	1.35712909698	-395	387	-395	387
9	"1"	"1"	5	FALSE	0	135	100	0	0	-395.979797464	395.979797464	1.39046406746	-396	389	-396	389
9	"1"	"1"	6	FALSE	0	45	100	0	0	395.979797464	395.979797464	0.00188803672791	-3	1	-3	1
9	"1"	"1"	6	FALSE	0	45	100	0	0	395.979797464	395.979797464	0.0224339962006	-3	1	-3	1
9	"1"	"1"	6	FALSE	0	45	100	0	0	395.979797464	395.979797464	0.0559868812561	-3	0	-3	0
9	"1"	"1"	6	FALSE	0	45	100	0	0	395.979797464	395.979797464	0.0894479751587	-1	-2	-1	-2
9	"1"	"1"	6	FALSE	0	45	100	0	0	395.979797464	395.979797464	0.122685909271	-1	-3	-1	-3
9	"1"	"1"	6	FALSE	0	45	100	0	0	395.979797464	395.979797464	0.155967950821	-1	-3	-1	-3
9	"1"	"1"	6	FALSE	0	45	100	0	0	395.979797464	395.979797464	0.189414024353	-1	-3	-1	-3
9	"1"	"1"	6	FALSE	0	45	100	0	0	395.979797464	395.979797464	0.222826004028	-1	-3	-1	-3
9	"1"	"1"	6	FALSE	0	45	100	0	0	395.979797464	395.979797464	0.256170034409	-1	-3	-1	-3
9	"1"	"1"	6	FALSE	0	45	100	0	0	395.979797464	395.979797464	0.28914308548	-1	-3	-1	-3
9	"1"	"1"	6	FALSE	0	45	100	0	0	395.979797464	395.979797464	0.322882890701	-1	-2	-1	-2
9	"1"	"1"	6	FALSE	0	45	100	0	0	395.979797464	395.979797464	0.356052875519	2	3	2	3
9	"1"	"1"	6	FALSE	0	45	100	0	0	395.979797464	395.979797464	0.389582872391	8	14	8	14
9	"1"	"1"	6	FALSE	0	45	100	0	0	395.979797464	395.979797464	0.422929048538	25	39	25	39
9	"1"	"1"	6	FALSE	0	45	100	0	0	395.979797464	395.979797464	0.456398963928	45	66	45	66
9	"1"	"1"	6	FALSE	0	45	100	0	0	395.979797464	395.979797464	0.489691972733	76	102	76	102
9	"1"	"1"	6	FALSE	0	45	100	0	0	395.979797464	395.979797464	0.523024082184	113	130	113	130
9	"1"	"1"	6	FALSE	0	45	100	0	0	395.979797464	395.979797464	0.556415081024	152	161	152	161
9	"1"	"1"	6	FALSE	0	45	100	0	0	395.979797464	395.979797464	0.589735031128	191	189	191	189
9	"1"	"1"	6	FALSE	0	45	100	0	0	395.979797464	395.979797464	0.622811079025	222	213	222	213
9	"1"	"1"	6	FALSE	0	45	100	0	0	395.979797464	395.979797464	0.656478881836	255	245	255	245
9	"1"	"1"	6	FALSE	0	45	100	0	0	395.979797464	395.979797464	0.689810991287	284	269	284	269
9	"1"	"1"	6	FALSE	0	45	100	0	0	395.979797464	395.979797464	0.722560882568	304	288	304	288
9	"1"	"1"	6	FALSE	0	45	100	0	0	395.979797464	395.979797464	0.756573915482	322	310	322	310
9	"1"	"1"	6	FALSE	0	45	100	0	0	395.979797464	395.979797464	0.789979934692	334	323	334	323
9	"1"	"1"	6	FALSE	0	45	100	0	0	395.979797464	395.979797464	0.823230028152	343	330	343	330
9	"1"	"1"	6	FALSE	0	45	100	0	0	395.979797464	395.979797464	0.856261014938	345	334	345	334
9	"1"	"1"	6	FALSE	0	45	100	0	0	395.979797464	395.979797464	0.889858007431	350	343	350	343
9	"1"	"1"	6	FALSE	0	45	100	0	0	395.979797464	395.979797464	0.922781944275	356	351	356	351
9	"1"	"1"	6	FALSE	0	45	100	0	0	395.979797464	395.979797464	0.956671953201	361	359	361	359
9	"1"	"1"	6	FALSE	0	45	100	0	0	395.979797464	395.979797464	0.990048885345	369	370	369	370
9	"1"	"1"	6	FALSE	0	45	100	0	0	395.979797464	395.979797464	1.0228998661	376	378	376	378
9	"1"	"1"	6	FALSE	0	45	100	0	0	395.979797464	395.979797464	1.05679297447	383	386	383	386
9	"1"	"1"	6	FALSE	0	45	100	0	0	395.979797464	395.979797464	1.09019589424	386	393	386	393
9	"1"	"1"	6	FALSE	0	45	100	0	0	395.979797464	395.979797464	1.12352204323	389	398	389	398
9	"1"	"1"	6	FALSE	0	45	100	0	0	395.979797464	395.979797464	1.15684986115	389	400	389	400
9	"1"	"1"	7	FALSE	0	90	100	0	0	3.42901103761e-14	560	0.00207614898682	5	7	5	7
9	"1"	"1"	7	FALSE	0	90	100	0	0	3.42901103761e-14	560	0.0227761268616	4	6	4	6
9	"1"	"1"	7	FALSE	0	90	100	0	0	3.42901103761e-14	560	0.0560331344604	1	3	1	3
9	"1"	"1"	7	FALSE	0	90	100	0	0	3.42901103761e-14	560	0.0895431041718	-1	0	-1	0
9	"1"	"1"	7	FALSE	0	90	100	0	0	3.42901103761e-14	560	0.12278008461	-1	-1	-1	-1
9	"1"	"1"	7	FALSE	0	90	100	0	0	3.42901103761e-14	560	0.156258106232	-1	-1	-1	-1
9	"1"	"1"	7	FALSE	0	90	100	0	0	3.42901103761e-14	560	0.189723968506	-1	-1	-1	-1
9	"1"	"1"	7	FALSE	0	90	100	0	0	3.42901103761e-14	560	0.222465991974	-1	-1	-1	-1
9	"1"	"1"	7	FALSE	0	90	100	0	0	3.42901103761e-14	560	0.256375074387	-1	-1	-1	-1
9	"1"	"1"	7	FALSE	0	90	100	0	0	3.42901103761e-14	560	0.289525032043	-1	-1	-1	-1
9	"1"	"1"	7	FALSE	0	90	100	0	0	3.42901103761e-14	560	0.322900056839	-1	-1	-1	-1
9	"1"	"1"	7	FALSE	0	90	100	0	0	3.42901103761e-14	560	0.355924129486	-1	1	-1	1
9	"1"	"1"	7	FALSE	0	90	100	0	0	3.42901103761e-14	560	0.389872074127	0	9	0	9
9	"1"	"1"	7	FALSE	0	90	100	0	0	3.42901103761e-14	560	0.4231300354	1	39	1	39
9	"1"	"1"	7	FALSE	0	90	100	0	0	3.42901103761e-14	560	0.456420183182	6	82	6	82
9	"1"	"1"	7	FALSE	0	90	100	0	0	3.42901103761e-14	560	0.489889144897	10	132	10	132
9	"1"	"1"	7	FALSE	0	90	100	0	0	3.42901103761e-14	560	0.52314209938	15	194	15	194
9	"1"	"1"	7	FALSE	0	90	100	0	0	3.42901103761e-14	560	0.556265115738	23	253	23	253
9	"1"	"1"	7	FALSE	0	90	100	0	0	3.42901103761e-14	560	0.589869022369	25	305	25	305
9	"1"	"1"	7	FALSE	0	90	100	0	0	3.42901103761e-14	560	0.623267173767	21	350	21	350
9	"1"	"1"	7	FALSE	0	90	100	0	0	3.42901103761e-14	560	0.656718969345	17	381	17	381
9	"1"	"1"	7	FALSE	0	90	100	0	0	3.42901103761e-14	560	0.690039157867	13	410	13	410
9	"1"	"1"	7	FALSE	0	90	100	0	0	3.42901103761e-14	560	0.7233979702	10	431	10	431
9	"1"	"1"	7	FALSE	0	90	100	0	0	3.42901103761e-14	560	0.75620508194	10	448	10	448
9	"1"	"1"	7	FALSE	0	90	100	0	0	3.42901103761e-14	560	0.790133953094	10	464	10	464
9	"1"	"1"	7	FALSE	0	90	100	0	0	3.42901103761e-14	560	0.823296070099	9	476	9	476
9	"1"	"1"	7	FALSE	0	90	100	0	0	3.42901103761e-14	560	0.856386184692	8	488	8	488
9	"1"	"1"	7	FALSE	0	90	100	0	0	3.42901103761e-14	560	0.890242099762	7	497	7	497
9	"1"	"1"	7	FALSE	0	90	100	0	0	3.42901103761e-14	560	0.923532009125	7	503	7	503
9	"1"	"1"	7	FALSE	0	90	100	0	0	3.42901103761e-14	560	0.95644402504	7	510	7	510
9	"1"	"1"	7	FALSE	0	90	100	0	0	3.42901103761e-14	560	0.990208148956	7	515	7	515
9	"1"	"1"	7	FALSE	0	90	100	0	0	3.42901103761e-14	560	1.02297711372	7	522	7	522
9	"1"	"1"	7	FALSE	0	90	100	0	0	3.42901103761e-14	560	1.05697607994	7	528	7	528
9	"1"	"1"	7	FALSE	0	90	100	0	0	3.42901103761e-14	560	1.090280056	6	534	6	534
9	"1"	"1"	7	FALSE	0	90	100	0	0	3.42901103761e-14	560	1.123016119	5	539	5	539
9	"1"	"1"	7	FALSE	0	90	100	0	0	3.42901103761e-14	560	1.15677213669	5	543	5	543
9	"1"	"1"	7	FALSE	0	90	100	0	0	3.42901103761e-14	560	1.19044613838	4	546	4	546
9	"1"	"1"	8	FALSE	0	45	100	0	0	395.979797464	395.979797464	0.00195384025574	-4	-7	-4	-7
9	"1"	"1"	8	FALSE	0	45	100	0	0	395.979797464	395.979797464	0.0386939048767	-4	-4	-4	-4
9	"1"	"1"	8	FALSE	0	45	100	0	0	395.979797464	395.979797464	0.0720858573914	-3	1	-3	1
9	"1"	"1"	8	FALSE	0	45	100	0	0	395.979797464	395.979797464	0.105432033539	-2	7	-2	7
9	"1"	"1"	8	FALSE	0	45	100	0	0	395.979797464	395.979797464	0.138715982437	-2	13	-2	13
9	"1"	"1"	8	FALSE	0	45	100	0	0	395.979797464	395.979797464	0.171789884567	-2	22	-2	22
9	"1"	"1"	8	FALSE	0	45	100	0	0	395.979797464	395.979797464	0.205288887024	-2	28	-2	28
9	"1"	"1"	8	FALSE	0	45	100	0	0	395.979797464	395.979797464	0.238641023636	-2	34	-2	34
9	"1"	"1"	8	FALSE	0	45	100	0	0	395.979797464	395.979797464	0.271452903748	-3	43	-3	43
9	"1"	"1"	8	FALSE	0	45	100	0	0	395.979797464	395.979797464	0.305527925491	-3	50	-3	50
9	"1"	"1"	8	FALSE	0	45	100	0	0	395.979797464	395.979797464	0.338855028152	-3	54	-3	54
9	"1"	"1"	8	FALSE	0	45	100	0	0	395.979797464	395.979797464	0.371944904327	-2	60	-2	60
9	"1"	"1"	8	FALSE	0	45	100	0	0	395.979797464	395.979797464	0.40557384491	9	75	9	75
9	"1"	"1"	8	FALSE	0	45	100	0	0	395.979797464	395.979797464	0.438950061798	33	103	33	103
9	"1"	"1"	8	FALSE	0	45	100	0	0	395.979797464	395.979797464	0.471942901611	66	142	66	142
9	"1"	"1"	8	FALSE	0	45	100	0	0	395.979797464	395.979797464	0.505660057068	102	182	102	182
9	"1"	"1"	8	FALSE	0	45	100	0	0	395.979797464	395.979797464	0.539120912552	131	212	131	212
9	"1"	"1"	8	FALSE	0	45	100	0	0	395.979797464	395.979797464	0.572314977646	166	235	166	235
9	"1"	"1"	8	FALSE	0	45	100	0	0	395.979797464	395.979797464	0.605685949326	196	250	196	250
9	"1"	"1"	8	FALSE	0	45	100	0	0	395.979797464	395.979797464	0.639096975327	219	261	219	261
9	"1"	"1"	8	FALSE	0	45	100	0	0	395.979797464	395.979797464	0.672481060028	242	271	242	271
9	"1"	"1"	8	FALSE	0	45	100	0	0	395.979797464	395.979797464	0.705241918564	259	277	259	277
9	"1"	"1"	8	FALSE	0	45	100	0	0	395.979797464	395.979797464	0.739148855209	274	284	274	284
9	"1"	"1"	8	FALSE	0	45	100	0	0	395.979797464	395.979797464	0.772585868835	294	295	294	295
9	"1"	"1"	8	FALSE	0	45	100	0	0	395.979797464	395.979797464	0.80585193634	315	309	315	309
9	"1"	"1"	8	FALSE	0	45	100	0	0	395.979797464	395.979797464	0.839223861694	333	320	333	320
9	"1"	"1"	8	FALSE	0	45	100	0	0	395.979797464	395.979797464	0.872664928436	346	330	346	330
9	"1"	"1"	8	FALSE	0	45	100	0	0	395.979797464	395.979797464	0.906028032303	367	348	367	348
9	"1"	"1"	8	FALSE	0	45	100	0	0	395.979797464	395.979797464	0.939208030701	381	361	381	361
9	"1"	"1"	8	FALSE	0	45	100	0	0	395.979797464	395.979797464	0.972651958466	394	372	394	372
9	"1"	"1"	8	FALSE	0	45	100	0	0	395.979797464	395.979797464	1.00594592094	405	383	405	383
9	"1"	"1"	8	FALSE	0	45	100	0	0	395.979797464	395.979797464	1.03912305832	411	390	411	390
9	"1"	"1"	8	FALSE	0	45	100	0	0	395.979797464	395.979797464	1.07225084305	414	394	414	394
9	"1"	"1"	8	FALSE	0	45	100	0	0	395.979797464	395.979797464	1.10613083839	416	397	416	397
9	"1"	"1"	8	FALSE	0	45	100	0	0	395.979797464	395.979797464	1.13948702812	417	402	417	402
9	"1"	"1"	8	FALSE	0	45	100	0	0	395.979797464	395.979797464	1.17279601097	416	407	416	407
9	"1"	"1"	8	FALSE	0	45	100	0	0	395.979797464	395.979797464	1.20614790916	415	408	415	408
9	"1"	"1"	8	FALSE	0	45	100	0	0	395.979797464	395.979797464	1.23968505859	412	408	412	408
9	"1"	"1"	8	FALSE	0	45	100	0	0	395.979797464	395.979797464	1.27260088921	408	407	408	407
9	"1"	"1"	8	FALSE	0	45	100	0	0	395.979797464	395.979797464	1.30631685257	403	405	403	405
9	"1"	"1"	8	FALSE	0	45	100	0	0	395.979797464	395.979797464	1.33959984779	400	403	400	403
9	"1"	"1"	8	FALSE	0	45	100	0	0	395.979797464	395.979797464	1.37266588211	399	402	399	402
9	"1"	"1"	9	FALSE	0	135	100	0	0	-395.979797464	395.979797464	0.00189208984375	2	0	2	0
9	"1"	"1"	9	FALSE	0	135	100	0	0	-395.979797464	395.979797464	0.0221970081329	1	0	1	0
9	"1"	"1"	9	FALSE	0	135	100	0	0	-395.979797464	395.979797464	0.0557589530945	1	0	1	0
9	"1"	"1"	9	FALSE	0	135	100	0	0	-395.979797464	395.979797464	0.0891079902649	1	0	1	0
9	"1"	"1"	9	FALSE	0	135	100	0	0	-395.979797464	395.979797464	0.121896982193	1	0	1	0
9	"1"	"1"	9	FALSE	0	135	100	0	0	-395.979797464	395.979797464	0.155900001526	1	0	1	0
9	"1"	"1"	9	FALSE	0	135	100	0	0	-395.979797464	395.979797464	0.189147949219	1	0	1	0
9	"1"	"1"	9	FALSE	0	135	100	0	0	-395.979797464	395.979797464	0.222028017044	1	0	1	0
9	"1"	"1"	9	FALSE	0	135	100	0	0	-395.979797464	395.979797464	0.256062030792	1	0	1	0
9	"1"	"1"	9	FALSE	0	135	100	0	0	-395.979797464	395.979797464	0.289386987686	1	1	1	1
9	"1"	"1"	9	FALSE	0	135	100	0	0	-395.979797464	395.979797464	0.322082042694	1	1	1	1
9	"1"	"1"	9	FALSE	0	135	100	0	0	-395.979797464	395.979797464	0.355876922607	-3	3	-3	3
9	"1"	"1"	9	FALSE	0	135	100	0	0	-395.979797464	395.979797464	0.389406919479	-13	11	-13	11
9	"1"	"1"	9	FALSE	0	135	100	0	0	-395.979797464	395.979797464	0.4227039814	-36	26	-36	26
9	"1"	"1"	9	FALSE	0	135	100	0	0	-395.979797464	395.979797464	0.455672025681	-65	45	-65	45
9	"1"	"1"	9	FALSE	0	135	100	0	0	-395.979797464	395.979797464	0.489582061768	-108	72	-108	72
9	"1"	"1"	9	FALSE	0	135	100	0	0	-395.979797464	395.979797464	0.522944927216	-147	97	-147	97
9	"1"	"1"	9	FALSE	0	135	100	0	0	-395.979797464	395.979797464	0.555974006653	-182	126	-182	126
9	"1"	"1"	9	FALSE	0	135	100	0	0	-395.979797464	395.979797464	0.589656114578	-211	153	-211	153
9	"1"	"1"	9	FALSE	0	135	100	0	0	-395.979797464	395.979797464	0.622926950455	-247	182	-247	182
9	"1"	"1"	9	FALSE	0	135	100	0	0	-395.979797464	395.979797464	0.656373023987	-277	211	-277	211
9	"1"	"1"	9	FALSE	0	135	100	0	0	-395.979797464	395.979797464	0.689743995667	-294	232	-294	232
9	"1"	"1"	9	FALSE	0	135	100	0	0	-395.979797464	395.979797464	0.72297501564	-305	247	-305	247
9	"1"	"1"	9	FALSE	0	135	100	0	0	-395.979797464	395.979797464	0.756469011307	-315	263	-315	263
9	"1"	"1"	9	FALSE	0	135	100	0	0	-395.979797464	395.979797464	0.789350986481	-322	277	-322	277
9	"1"	"1"	9	FALSE	0	135	100	0	0	-395.979797464	395.979797464	0.823215007782	-327	291	-327	291
9	"1"	"1"	9	FALSE	0	135	100	0	0	-395.979797464	395.979797464	0.856546878815	-331	303	-331	303
9	"1"	"1"	9	FALSE	0	135	100	0	0	-395.979797464	395.979797464	0.889395952225	-333	315	-333	315
9	"1"	"1"	9	FALSE	0	135	100	0	0	-395.979797464	395.979797464	0.923185110092	-335	325	-335	325
9	"1"	"1"	9	FALSE	0	135	100	0	0	-395.979797464	395.979797464	0.95654797554	-337	334	-337	334
9	"1"	"1"	9	FALSE	0	135	100	0	0	-395.979797464	395.979797464	0.989573955536	-340	343	-340	343
9	"1"	"1"	9	FALSE	0	135	100	0	0	-395.979797464	395.979797464	1.02336502075	-344	349	-344	349
9	"1"	"1"	9	FALSE	0	135	100	0	0	-395.979797464	395.979797464	1.0567150116	-348	357	-348	357
9	"1"	"1"	9	FALSE	0	135	100	0	0	-395.979797464	395.979797464	1.09004807472	-352	363	-352	363
9	"1"	"1"	9	FALSE	0	135	100	0	0	-395.979797464	395.979797464	1.12299108505	-357	369	-357	369
9	"1"	"1"	9	FALSE	0	135	100	0	0	-395.979797464	395.979797464	1.15662789345	-362	373	-362	373
9	"1"	"1"	9	FALSE	0	135	100	0	0	-395.979797464	395.979797464	1.1900780201	-369	376	-369	376
9	"1"	"1"	9	FALSE	0	135	100	0	0	-395.979797464	395.979797464	1.22290301323	-374	377	-374	377
9	"1"	"1"	9	FALSE	0	135	100	0	0	-395.979797464	395.979797464	1.25679588318	-377	378	-377	378
9	"1"	"1"	9	FALSE	0	135	100	0	0	-395.979797464	395.979797464	1.29005789757	-381	380	-381	380
9	"1"	"1"	9	FALSE	0	135	100	0	0	-395.979797464	395.979797464	1.32309293747	-384	382	-384	382
9	"1"	"1"	9	FALSE	0	135	100	0	0	-395.979797464	395.979797464	1.35698008537	-387	384	-387	384
9	"1"	"1"	9	FALSE	0	135	100	0	0	-395.979797464	395.979797464	1.39015197754	-389	385	-389	385
9	"1"	"1"	9	FALSE	0	135	100	0	0	-395.979797464	395.979797464	1.42348790169	-392	387	-392	387
9	"1"	"1"	9	FALSE	0	135	100	0	0	-395.979797464	395.979797464	1.45703101158	-393	389	-393	389
9	"1"	"1"	9	FALSE	0	135	100	0	0	-395.979797464	395.979797464	1.48997497559	-394	390	-394	390
9	"1"	"1"	10	FALSE	0	45	100	0	0	395.979797464	395.979797464	0.00210905075073	0	4	0	4
9	"1"	"1"	10	FALSE	0	45	100	0	0	395.979797464	395.979797464	0.021656036377	0	4	0	4
9	"1"	"1"	10	FALSE	0	45	100	0	0	395.979797464	395.979797464	0.0553979873657	0	4	0	4
9	"1"	"1"	10	FALSE	0	45	100	0	0	395.979797464	395.979797464	0.088809967041	0	4	0	4
9	"1"	"1"	10	FALSE	0	45	100	0	0	395.979797464	395.979797464	0.122115135193	0	4	0	4
9	"1"	"1"	10	FALSE	0	45	100	0	0	395.979797464	395.979797464	0.155545949936	0	4	0	4
9	"1"	"1"	10	FALSE	0	45	100	0	0	395.979797464	395.979797464	0.188930988312	0	4	0	4
9	"1"	"1"	10	FALSE	0	45	100	0	0	395.979797464	395.979797464	0.222357988358	0	4	0	4
9	"1"	"1"	10	FALSE	0	45	100	0	0	395.979797464	395.979797464	0.255519151688	0	4	0	4
9	"1"	"1"	10	FALSE	0	45	100	0	0	395.979797464	395.979797464	0.289016008377	1	8	1	8
9	"1"	"1"	10	FALSE	0	45	100	0	0	395.979797464	395.979797464	0.322397947311	7	18	7	18
9	"1"	"1"	10	FALSE	0	45	100	0	0	395.979797464	395.979797464	0.355731010437	19	31	19	31
9	"1"	"1"	10	FALSE	0	45	100	0	0	395.979797464	395.979797464	0.389125108719	49	59	49	59
9	"1"	"1"	10	FALSE	0	45	100	0	0	395.979797464	395.979797464	0.422322034836	84	90	84	90
9	"1"	"1"	10	FALSE	0	45	100	0	0	395.979797464	395.979797464	0.455862045288	118	119	118	119
9	"1"	"1"	10	FALSE	0	45	100	0	0	395.979797464	395.979797464	0.489146947861	162	156	162	156
9	"1"	"1"	10	FALSE	0	45	100	0	0	395.979797464	395.979797464	0.522562026978	208	194	208	194
9	"1"	"1"	10	FALSE	0	45	100	0	0	395.979797464	395.979797464	0.555835008621	254	228	254	228
9	"1"	"1"	10	FALSE	0	45	100	0	0	395.979797464	395.979797464	0.588957071304	291	254	291	254
9	"1"	"1"	10	FALSE	0	45	100	0	0	395.979797464	395.979797464	0.62195110321	327	278	327	278
9	"1"	"1"	10	FALSE	0	45	100	0	0	395.979797464	395.979797464	0.655987024307	352	293	352	293
9	"1"	"1"	10	FALSE	0	45	100	0	0	395.979797464	395.979797464	0.689363956451	370	307	370	307
9	"1"	"1"	10	FALSE	0	45	100	0	0	395.979797464	395.979797464	0.722234964371	381	317	381	317
9	"1"	"1"	10	FALSE	0	45	100	0	0	395.979797464	395.979797464	0.756159067154	386	324	386	324
9	"1"	"1"	10	FALSE	0	45	100	0	0	395.979797464	395.979797464	0.789494037628	390	336	390	336
9	"1"	"1"	10	FALSE	0	45	100	0	0	395.979797464	395.979797464	0.822783946991	393	348	393	348
9	"1"	"1"	10	FALSE	0	45	100	0	0	395.979797464	395.979797464	0.856107950211	393	363	393	363
9	"1"	"1"	10	FALSE	0	45	100	0	0	395.979797464	395.979797464	0.889490127563	392	376	392	376
9	"1"	"1"	10	FALSE	0	45	100	0	0	395.979797464	395.979797464	0.922512054443	392	383	392	383
9	"1"	"1"	10	FALSE	0	45	100	0	0	395.979797464	395.979797464	0.956238031387	393	389	393	389
9	"1"	"1"	10	FALSE	0	45	100	0	0	395.979797464	395.979797464	0.989479064941	393	393	393	393
9	"1"	"1"	10	FALSE	0	45	100	0	0	395.979797464	395.979797464	1.02228808403	393	395	393	395
9	"1"	"1"	10	FALSE	0	45	100	0	0	395.979797464	395.979797464	1.05619001389	394	398	394	398
9	"1"	"1"	10	FALSE	0	45	100	0	0	395.979797464	395.979797464	1.08953595161	395	400	395	400
9	"1"	"1"	10	FALSE	0	45	100	0	0	395.979797464	395.979797464	1.12235403061	396	401	396	401
9	"1"	"1"	11	FALSE	0	90	100	0	0	3.42901103761e-14	560	0.00168585777283	-3	3	-3	3
9	"1"	"1"	11	FALSE	0	90	100	0	0	3.42901103761e-14	560	0.0226418972015	-3	3	-3	3
9	"1"	"1"	11	FALSE	0	90	100	0	0	3.42901103761e-14	560	0.0561068058014	-3	3	-3	3
9	"1"	"1"	11	FALSE	0	90	100	0	0	3.42901103761e-14	560	0.0889778137207	-3	3	-3	3
9	"1"	"1"	11	FALSE	0	90	100	0	0	3.42901103761e-14	560	0.122758865356	-3	2	-3	2
9	"1"	"1"	11	FALSE	0	90	100	0	0	3.42901103761e-14	560	0.155661821365	-3	2	-3	2
9	"1"	"1"	11	FALSE	0	90	100	0	0	3.42901103761e-14	560	0.189190864563	-3	3	-3	3
9	"1"	"1"	11	FALSE	0	90	100	0	0	3.42901103761e-14	560	0.222842931747	-3	3	-3	3
9	"1"	"1"	11	FALSE	0	90	100	0	0	3.42901103761e-14	560	0.256259918213	-3	3	-3	3
9	"1"	"1"	11	FALSE	0	90	100	0	0	3.42901103761e-14	560	0.289627790451	-3	6	-3	6
9	"1"	"1"	11	FALSE	0	90	100	0	0	3.42901103761e-14	560	0.3223528862	-6	33	-6	33
9	"1"	"1"	11	FALSE	0	90	100	0	0	3.42901103761e-14	560	0.356240987778	-10	69	-10	69
9	"1"	"1"	11	FALSE	0	90	100	0	0	3.42901103761e-14	560	0.389766931534	-13	120	-13	120
9	"1"	"1"	11	FALSE	0	90	100	0	0	3.42901103761e-14	560	0.423085927963	-15	171	-15	171
9	"1"	"1"	11	FALSE	0	90	100	0	0	3.42901103761e-14	560	0.456452846527	-15	210	-15	210
9	"1"	"1"	11	FALSE	0	90	100	0	0	3.42901103761e-14	560	0.489696979523	-16	251	-16	251
9	"1"	"1"	11	FALSE	0	90	100	0	0	3.42901103761e-14	560	0.523043870926	-19	292	-19	292
9	"1"	"1"	11	FALSE	0	90	100	0	0	3.42901103761e-14	560	0.555990934372	-23	324	-23	324
9	"1"	"1"	11	FALSE	0	90	100	0	0	3.42901103761e-14	560	0.58976984024	-24	361	-24	361
9	"1"	"1"	11	FALSE	0	90	100	0	0	3.42901103761e-14	560	0.623263835907	-20	386	-20	386
9	"1"	"1"	11	FALSE	0	90	100	0	0	3.42901103761e-14	560	0.656903982162	-15	408	-15	408
9	"1"	"1"	11	FALSE	0	90	100	0	0	3.42901103761e-14	560	0.689759016037	-12	426	-12	426
9	"1"	"1"	11	FALSE	0	90	100	0	0	3.42901103761e-14	560	0.722829818726	-10	441	-10	441
9	"1"	"1"	11	FALSE	0	90	100	0	0	3.42901103761e-14	560	0.756676912308	-7	457	-7	457
9	"1"	"1"	11	FALSE	0	90	100	0	0	3.42901103761e-14	560	0.790042877197	-6	468	-6	468
9	"1"	"1"	11	FALSE	0	90	100	0	0	3.42901103761e-14	560	0.823366880417	-5	481	-5	481
9	"1"	"1"	11	FALSE	0	90	100	0	0	3.42901103761e-14	560	0.856289863586	-4	490	-4	490
9	"1"	"1"	11	FALSE	0	90	100	0	0	3.42901103761e-14	560	0.890105009079	-4	497	-4	497
9	"1"	"1"	11	FALSE	0	90	100	0	0	3.42901103761e-14	560	0.923411846161	-4	504	-4	504
9	"1"	"1"	11	FALSE	0	90	100	0	0	3.42901103761e-14	560	0.956729888916	-4	509	-4	509
9	"1"	"1"	11	FALSE	0	90	100	0	0	3.42901103761e-14	560	0.990020990372	-4	514	-4	514
9	"1"	"1"	11	FALSE	0	90	100	0	0	3.42901103761e-14	560	1.02299189568	-4	518	-4	518
9	"1"	"1"	11	FALSE	0	90	100	0	0	3.42901103761e-14	560	1.05685186386	-4	523	-4	523
9	"1"	"1"	11	FALSE	0	90	100	0	0	3.42901103761e-14	560	1.09026694298	-5	529	-5	529
9	"1"	"1"	11	FALSE	0	90	100	0	0	3.42901103761e-14	560	1.12309789658	-5	533	-5	533
9	"1"	"1"	11	FALSE	0	90	100	0	0	3.42901103761e-14	560	1.15696787834	-6	539	-6	539
9	"1"	"1"	11	FALSE	0	90	100	0	0	3.42901103761e-14	560	1.19036102295	-6	546	-6	546
9	"1"	"1"	11	FALSE	0	90	100	0	0	3.42901103761e-14	560	1.22346401215	-6	552	-6	552
9	"1"	"1"	11	FALSE	0	90	100	0	0	3.42901103761e-14	560	1.25686097145	-6	558	-6	558
9	"1"	"1"	11	FALSE	0	90	100	0	0	3.42901103761e-14	560	1.28972887993	-5	564	-5	564
9	"1"	"1"	11	FALSE	0	90	100	0	0	3.42901103761e-14	560	1.32380390167	-5	567	-5	567
9	"1"	"1"	12	FALSE	0	135	100	0	0	-395.979797464	395.979797464	0.00201797485352	4	-1	4	-1
9	"1"	"1"	12	FALSE	0	135	100	0	0	-395.979797464	395.979797464	0.0224220752716	4	-1	4	-1
9	"1"	"1"	12	FALSE	0	135	100	0	0	-395.979797464	395.979797464	0.0560290813446	3	-1	3	-1
9	"1"	"1"	12	FALSE	0	135	100	0	0	-395.979797464	395.979797464	0.0893211364746	3	-1	3	-1
9	"1"	"1"	12	FALSE	0	135	100	0	0	-395.979797464	395.979797464	0.122709035873	3	-1	3	-1
9	"1"	"1"	12	FALSE	0	135	100	0	0	-395.979797464	395.979797464	0.156073093414	3	-1	3	-1
9	"1"	"1"	12	FALSE	0	135	100	0	0	-395.979797464	395.979797464	0.189280033112	1	1	1	1
9	"1"	"1"	12	FALSE	0	135	100	0	0	-395.979797464	395.979797464	0.222190141678	-4	5	-4	5
9	"1"	"1"	12	FALSE	0	135	100	0	0	-395.979797464	395.979797464	0.256211996078	-15	13	-15	13
9	"1"	"1"	12	FALSE	0	135	100	0	0	-395.979797464	395.979797464	0.289572000504	-42	36	-42	36
9	"1"	"1"	12	FALSE	0	135	100	0	0	-395.979797464	395.979797464	0.32232093811	-76	64	-76	64
9	"1"	"1"	12	FALSE	0	135	100	0	0	-395.979797464	395.979797464	0.356215953827	-110	87	-110	87
9	"1"	"1"	12	FALSE	0	135	100	0	0	-395.979797464	395.979797464	0.389604091644	-150	111	-150	111
9	"1"	"1"	12	FALSE	0	135	100	0	0	-395.979797464	395.979797464	0.422799110413	-183	126	-183	126
9	"1"	"1"	12	FALSE	0	135	100	0	0	-395.979797464	395.979797464	0.456359148026	-217	143	-217	143
9	"1"	"1"	12	FALSE	0	135	100	0	0	-395.979797464	395.979797464	0.489354133606	-246	163	-246	163
9	"1"	"1"	12	FALSE	0	135	100	0	0	-395.979797464	395.979797464	0.523041963577	-266	183	-266	183
9	"1"	"1"	12	FALSE	0	135	100	0	0	-395.979797464	395.979797464	0.556447982788	-288	213	-288	213
9	"1"	"1"	12	FALSE	0	135	100	0	0	-395.979797464	395.979797464	0.589774131775	-303	239	-303	239
9	"1"	"1"	12	FALSE	0	135	100	0	0	-395.979797464	395.979797464	0.622944116592	-319	270	-319	270
9	"1"	"1"	12	FALSE	0	135	100	0	0	-395.979797464	395.979797464	0.656013965607	-334	298	-334	298
9	"1"	"1"	12	FALSE	0	135	100	0	0	-395.979797464	395.979797464	0.689857959747	-345	320	-345	320
9	"1"	"1"	12	FALSE	0	135	100	0	0	-395.979797464	395.979797464	0.723199129105	-354	338	-354	338
9	"1"	"1"	12	FALSE	0	135	100	0	0	-395.979797464	395.979797464	0.756500959396	-362	351	-362	351
9	"1"	"1"	12	FALSE	0	135	100	0	0	-395.979797464	395.979797464	0.789525032043	-370	364	-370	364
9	"1"	"1"	12	FALSE	0	135	100	0	0	-395.979797464	395.979797464	0.822678089142	-376	374	-376	374
9	"1"	"1"	12	FALSE	0	135	100	0	0	-395.979797464	395.979797464	0.856605052948	-379	380	-379	380
9	"1"	"1"	12	FALSE	0	135	100	0	0	-395.979797464	395.979797464	0.890042066574	-382	384	-382	384
9	"1"	"1"	12	FALSE	0	135	100	0	0	-395.979797464	395.979797464	0.923344135284	-382	385	-382	385
9	"1"	"1"	12	FALSE	0	135	100	0	0	-395.979797464	395.979797464	0.956736087799	-382	385	-382	385
9	"1"	"1"	12	FALSE	0	135	100	0	0	-395.979797464	395.979797464	0.990025997162	-382	385	-382	385
9	"1"	"1"	12	FALSE	0	135	100	0	0	-395.979797464	395.979797464	1.02341794968	-383	386	-383	386
9	"1"	"1"	12	FALSE	0	135	100	0	0	-395.979797464	395.979797464	1.0567741394	-384	387	-384	387
9	"1"	"1"	12	FALSE	0	135	100	0	0	-395.979797464	395.979797464	1.09023714066	-385	389	-385	389
9	"1"	"1"	12	FALSE	0	135	100	0	0	-395.979797464	395.979797464	1.12363004684	-387	392	-387	392
9	"1"	"1"	12	FALSE	0	135	100	0	0	-395.979797464	395.979797464	1.15649914742	-389	394	-389	394
9	"1"	"1"	12	FALSE	0	135	100	0	0	-395.979797464	395.979797464	1.19028806686	-391	398	-391	398
9	"1"	"1"	12	FALSE	0	135	100	0	0	-395.979797464	395.979797464	1.2236289978	-393	400	-393	400
9	"1"	"1"	13	FALSE	0	135	100	0	0	-395.979797464	395.979797464	0.00181794166565	3	-10	3	-10
9	"1"	"1"	13	FALSE	0	135	100	0	0	-395.979797464	395.979797464	0.0223319530487	3	-10	3	-10
9	"1"	"1"	13	FALSE	0	135	100	0	0	-395.979797464	395.979797464	0.0557971000671	3	-10	3	-10
9	"1"	"1"	13	FALSE	0	135	100	0	0	-395.979797464	395.979797464	0.088653087616	3	-10	3	-10
9	"1"	"1"	13	FALSE	0	135	100	0	0	-395.979797464	395.979797464	0.122584104538	3	-10	3	-10
9	"1"	"1"	13	FALSE	0	135	100	0	0	-395.979797464	395.979797464	0.156027078629	3	-10	3	-10
9	"1"	"1"	13	FALSE	0	135	100	0	0	-395.979797464	395.979797464	0.188744068146	3	-10	3	-10
9	"1"	"1"	13	FALSE	0	135	100	0	0	-395.979797464	395.979797464	0.222744941711	3	-9	3	-9
9	"1"	"1"	13	FALSE	0	135	100	0	0	-395.979797464	395.979797464	0.255987882614	2	-7	2	-7
9	"1"	"1"	13	FALSE	0	135	100	0	0	-395.979797464	395.979797464	0.289412975311	1	-6	1	-6
9	"1"	"1"	13	FALSE	0	135	100	0	0	-395.979797464	395.979797464	0.322838068008	1	-6	1	-6
9	"1"	"1"	13	FALSE	0	135	100	0	0	-395.979797464	395.979797464	0.356189012527	1	-6	1	-6
9	"1"	"1"	13	FALSE	0	135	100	0	0	-395.979797464	395.979797464	0.389643907547	2	-6	2	-6
9	"1"	"1"	13	FALSE	0	135	100	0	0	-395.979797464	395.979797464	0.422931909561	5	-4	5	-4
9	"1"	"1"	13	FALSE	0	135	100	0	0	-395.979797464	395.979797464	0.456166028976	11	2	11	2
9	"1"	"1"	13	FALSE	0	135	100	0	0	-395.979797464	395.979797464	0.489742994308	19	10	19	10
9	"1"	"1"	13	FALSE	0	135	100	0	0	-395.979797464	395.979797464	0.522900104523	24	17	24	17
9	"1"	"1"	13	FALSE	0	135	100	0	0	-395.979797464	395.979797464	0.556263923645	21	25	21	25
9	"1"	"1"	13	FALSE	0	135	100	0	0	-395.979797464	395.979797464	0.589683055878	1	41	1	41
9	"1"	"1"	13	FALSE	0	135	100	0	0	-395.979797464	395.979797464	0.623140096664	-35	62	-35	62
9	"1"	"1"	13	FALSE	0	135	100	0	0	-395.979797464	395.979797464	0.656167984009	-80	85	-80	85
9	"1"	"1"	13	FALSE	0	135	100	0	0	-395.979797464	395.979797464	0.689757108688	-120	108	-120	108
9	"1"	"1"	13	FALSE	0	135	100	0	0	-395.979797464	395.979797464	0.722806930542	-162	137	-162	137
9	"1"	"1"	13	FALSE	0	135	100	0	0	-395.979797464	395.979797464	0.756457090378	-199	171	-199	171
9	"1"	"1"	13	FALSE	0	135	100	0	0	-395.979797464	395.979797464	0.789886951447	-227	205	-227	205
9	"1"	"1"	13	FALSE	0	135	100	0	0	-395.979797464	395.979797464	0.823291063309	-245	231	-245	231
9	"1"	"1"	13	FALSE	0	135	100	0	0	-395.979797464	395.979797464	0.856113910675	-264	258	-264	258
9	"1"	"1"	13	FALSE	0	135	100	0	0	-395.979797464	395.979797464	0.889910936356	-275	278	-275	278
9	"1"	"1"	13	FALSE	0	135	100	0	0	-395.979797464	395.979797464	0.923460960388	-281	290	-281	290
9	"1"	"1"	13	FALSE	0	135	100	0	0	-395.979797464	395.979797464	0.956307888031	-290	304	-290	304
9	"1"	"1"	13	FALSE	0	135	100	0	0	-395.979797464	395.979797464	0.989880084991	-301	316	-301	316
9	"1"	"1"	13	FALSE	0	135	100	0	0	-395.979797464	395.979797464	1.02273106575	-311	323	-311	323
9	"1"	"1"	13	FALSE	0	135	100	0	0	-395.979797464	395.979797464	1.05682611465	-323	332	-323	332
9	"1"	"1"	13	FALSE	0	135	100	0	0	-395.979797464	395.979797464	1.0900759697	-335	338	-335	338
9	"1"	"1"	13	FALSE	0	135	100	0	0	-395.979797464	395.979797464	1.12334609032	-347	346	-347	346
9	"1"	"1"	13	FALSE	0	135	100	0	0	-395.979797464	395.979797464	1.15613889694	-358	353	-358	353
9	"1"	"1"	13	FALSE	0	135	100	0	0	-395.979797464	395.979797464	1.19011592865	-371	361	-371	361
9	"1"	"1"	13	FALSE	0	135	100	0	0	-395.979797464	395.979797464	1.22352600098	-382	367	-382	367
9	"1"	"1"	13	FALSE	0	135	100	0	0	-395.979797464	395.979797464	1.25649905205	-388	372	-388	372
9	"1"	"1"	13	FALSE	0	135	100	0	0	-395.979797464	395.979797464	1.29014992714	-393	377	-393	377
9	"1"	"1"	13	FALSE	0	135	100	0	0	-395.979797464	395.979797464	1.32363295555	-395	380	-395	380
9	"1"	"1"	13	FALSE	0	135	100	0	0	-395.979797464	395.979797464	1.35689902306	-397	384	-397	384
9	"1"	"1"	13	FALSE	0	135	100	0	0	-395.979797464	395.979797464	1.38984489441	-398	389	-398	389
9	"1"	"1"	13	FALSE	0	135	100	0	0	-395.979797464	395.979797464	1.42305707932	-399	391	-399	391
9	"1"	"1"	13	FALSE	0	135	100	0	0	-395.979797464	395.979797464	1.45710492134	-400	393	-400	393
9	"1"	"1"	14	FALSE	0	45	100	0	0	395.979797464	395.979797464	0.00202703475952	-1	0	-1	0
9	"1"	"1"	14	FALSE	0	45	100	0	0	395.979797464	395.979797464	0.0219659805298	-1	0	-1	0
9	"1"	"1"	14	FALSE	0	45	100	0	0	395.979797464	395.979797464	0.055370092392	-1	0	-1	0
9	"1"	"1"	14	FALSE	0	45	100	0	0	395.979797464	395.979797464	0.0886778831482	-1	0	-1	0
9	"1"	"1"	14	FALSE	0	45	100	0	0	395.979797464	395.979797464	0.122226953506	-1	0	-1	0
9	"1"	"1"	14	FALSE	0	45	100	0	0	395.979797464	395.979797464	0.155402898788	-1	0	-1	0
9	"1"	"1"	14	FALSE	0	45	100	0	0	395.979797464	395.979797464	0.18948507309	-1	0	-1	0
9	"1"	"1"	14	FALSE	0	45	100	0	0	395.979797464	395.979797464	0.222758054733	-1	0	-1	0
9	"1"	"1"	14	FALSE	0	45	100	0	0	395.979797464	395.979797464	0.255845069885	-1	0	-1	0
9	"1"	"1"	14	FALSE	0	45	100	0	0	395.979797464	395.979797464	0.289618015289	1	4	1	4
9	"1"	"1"	14	FALSE	0	45	100	0	0	395.979797464	395.979797464	0.322968959808	12	22	12	22
9	"1"	"1"	14	FALSE	0	45	100	0	0	395.979797464	395.979797464	0.356204986572	38	51	38	51
9	"1"	"1"	14	FALSE	0	45	100	0	0	395.979797464	395.979797464	0.389723062515	73	83	73	83
9	"1"	"1"	14	FALSE	0	45	100	0	0	395.979797464	395.979797464	0.422889947891	111	121	111	121
9	"1"	"1"	14	FALSE	0	45	100	0	0	395.979797464	395.979797464	0.456270933151	142	154	142	154
9	"1"	"1"	14	FALSE	0	45	100	0	0	395.979797464	395.979797464	0.489692926407	177	193	177	193
9	"1"	"1"	14	FALSE	0	45	100	0	0	395.979797464	395.979797464	0.5231320858	212	228	212	228
9	"1"	"1"	14	FALSE	0	45	100	0	0	395.979797464	395.979797464	0.556364059448	240	252	240	252
9	"1"	"1"	14	FALSE	0	45	100	0	0	395.979797464	395.979797464	0.589498996735	269	274	269	274
9	"1"	"1"	14	FALSE	0	45	100	0	0	395.979797464	395.979797464	0.622934103012	290	293	290	293
9	"1"	"1"	14	FALSE	0	45	100	0	0	395.979797464	395.979797464	0.65588092804	312	308	312	308
9	"1"	"1"	14	FALSE	0	45	100	0	0	395.979797464	395.979797464	0.689838886261	324	320	324	320
9	"1"	"1"	14	FALSE	0	45	100	0	0	395.979797464	395.979797464	0.723268032074	337	337	337	337
9	"1"	"1"	14	FALSE	0	45	100	0	0	395.979797464	395.979797464	0.756625890732	352	350	352	350
9	"1"	"1"	14	FALSE	0	45	100	0	0	395.979797464	395.979797464	0.789423942566	365	360	365	360
9	"1"	"1"	14	FALSE	0	45	100	0	0	395.979797464	395.979797464	0.823283910751	376	368	376	368
9	"1"	"1"	14	FALSE	0	45	100	0	0	395.979797464	395.979797464	0.856667041779	383	373	383	373
9	"1"	"1"	14	FALSE	0	45	100	0	0	395.979797464	395.979797464	0.890094995499	387	379	387	379
9	"1"	"1"	14	FALSE	0	45	100	0	0	395.979797464	395.979797464	0.923372983932	391	383	391	383
9	"1"	"1"	14	FALSE	0	45	100	0	0	395.979797464	395.979797464	0.956625938416	394	386	394	386
9	"1"	"1"	14	FALSE	0	45	100	0	0	395.979797464	395.979797464	0.989670038223	396	389	396	389
9	"1"	"1"	14	FALSE	0	45	100	0	0	395.979797464	395.979797464	1.02343201637	398	391	398	391
9	"1"	"1"	14	FALSE	0	45	100	0	0	395.979797464	395.979797464	1.05683898926	398	393	398	393
9	"1"	"1"	15	FALSE	0	90	100	0	0	3.42901103761e-14	560	0.00206303596497	-6	-4	-6	-4
9	"1"	"1"	15	FALSE	0	90	100	0	0	3.42901103761e-14	560	0.0222651958466	-6	-4	-6	-4
9	"1"	"1"	15	FALSE	0	90	100	0	0	3.42901103761e-14	560	0.055762052536	-4	-3	-4	-3
9	"1"	"1"	15	FALSE	0	90	100	0	0	3.42901103761e-14	560	0.088721036911	-2	-4	-2	-4
9	"1"	"1"	15	FALSE	0	90	100	0	0	3.42901103761e-14	560	0.122595071793	0	-5	0	-5
9	"1"	"1"	15	FALSE	0	90	100	0	0	3.42901103761e-14	560	0.156005144119	1	-6	1	-6
9	"1"	"1"	15	FALSE	0	90	100	0	0	3.42901103761e-14	560	0.189073085785	1	-6	1	-6
9	"1"	"1"	15	FALSE	0	90	100	0	0	3.42901103761e-14	560	0.2227871418	1	-6	1	-6
9	"1"	"1"	15	FALSE	0	90	100	0	0	3.42901103761e-14	560	0.256060123444	1	-6	1	-6
9	"1"	"1"	15	FALSE	0	90	100	0	0	3.42901103761e-14	560	0.289461135864	1	-6	1	-6
9	"1"	"1"	15	FALSE	0	90	100	0	0	3.42901103761e-14	560	0.322548151016	-1	-3	-1	-3
9	"1"	"1"	15	FALSE	0	90	100	0	0	3.42901103761e-14	560	0.355480194092	-5	7	-5	7
9	"1"	"1"	15	FALSE	0	90	100	0	0	3.42901103761e-14	560	0.38956618309	-11	34	-11	34
9	"1"	"1"	15	FALSE	0	90	100	0	0	3.42901103761e-14	560	0.422842979431	-11	64	-11	64
9	"1"	"1"	15	FALSE	0	90	100	0	0	3.42901103761e-14	560	0.456222057343	-10	106	-10	106
9	"1"	"1"	15	FALSE	0	90	100	0	0	3.42901103761e-14	560	0.48895406723	-4	147	-4	147
9	"1"	"1"	15	FALSE	0	90	100	0	0	3.42901103761e-14	560	0.522943019867	1	199	1	199
9	"1"	"1"	15	FALSE	0	90	100	0	0	3.42901103761e-14	560	0.556343078613	4	254	4	254
9	"1"	"1"	15	FALSE	0	90	100	0	0	3.42901103761e-14	560	0.589621067047	7	299	7	299
9	"1"	"1"	15	FALSE	0	90	100	0	0	3.42901103761e-14	560	0.623043060303	9	345	9	345
9	"1"	"1"	15	FALSE	0	90	100	0	0	3.42901103761e-14	560	0.656364202499	6	382	6	382
9	"1"	"1"	15	FALSE	0	90	100	0	0	3.42901103761e-14	560	0.689841985703	2	412	2	412
9	"1"	"1"	15	FALSE	0	90	100	0	0	3.42901103761e-14	560	0.722633123398	-1	432	-1	432
9	"1"	"1"	15	FALSE	0	90	100	0	0	3.42901103761e-14	560	0.756474018097	-3	444	-3	444
9	"1"	"1"	15	FALSE	0	90	100	0	0	3.42901103761e-14	560	0.789895057678	-6	459	-6	459
9	"1"	"1"	15	FALSE	0	90	100	0	0	3.42901103761e-14	560	0.823203086853	-7	470	-7	470
9	"1"	"1"	15	FALSE	0	90	100	0	0	3.42901103761e-14	560	0.856462001801	-7	480	-7	480
9	"1"	"1"	15	FALSE	0	90	100	0	0	3.42901103761e-14	560	0.889582157135	-6	487	-6	487
9	"1"	"1"	15	FALSE	0	90	100	0	0	3.42901103761e-14	560	0.923289060593	-7	492	-7	492
9	"1"	"1"	15	FALSE	0	90	100	0	0	3.42901103761e-14	560	0.956533193588	-7	497	-7	497
9	"1"	"1"	15	FALSE	0	90	100	0	0	3.42901103761e-14	560	0.989984989166	-6	501	-6	501
9	"1"	"1"	15	FALSE	0	90	100	0	0	3.42901103761e-14	560	1.02327418327	-4	507	-4	507
9	"1"	"1"	15	FALSE	0	90	100	0	0	3.42901103761e-14	560	1.05667614937	-3	513	-3	513
9	"1"	"1"	15	FALSE	0	90	100	0	0	3.42901103761e-14	560	1.09006714821	-2	518	-2	518
9	"1"	"1"	15	FALSE	0	90	100	0	0	3.42901103761e-14	560	1.12342119217	-2	522	-2	522
9	"1"	"1"	15	FALSE	0	90	100	0	0	3.42901103761e-14	560	1.1568300724	-2	527	-2	527
9	"1"	"1"	15	FALSE	0	90	100	0	0	3.42901103761e-14	560	1.1898829937	-2	532	-2	532
9	"1"	"1"	15	FALSE	0	90	100	0	0	3.42901103761e-14	560	1.22347211838	-2	537	-2	537
9	"1"	"1"	15	FALSE	0	90	100	0	0	3.42901103761e-14	560	1.25685119629	-2	541	-2	541
9	"1"	"1"	15	FALSE	0	90	100	0	0	3.42901103761e-14	560	1.28972506523	-2	545	-2	545
9	"1"	"1"	15	FALSE	0	90	100	0	0	3.42901103761e-14	560	1.32359719276	-2	548	-2	548
9	"1"	"1"	15	FALSE	0	90	100	0	0	3.42901103761e-14	560	1.3569381237	-2	551	-2	551
9	"1"	"1"	16	FALSE	0	135	100	0	0	-395.979797464	395.979797464	0.00168704986572	-3	1	-3	1
9	"1"	"1"	16	FALSE	0	135	100	0	0	-395.979797464	395.979797464	0.0222270488739	-3	1	-3	1
9	"1"	"1"	16	FALSE	0	135	100	0	0	-395.979797464	395.979797464	0.0557961463928	-3	1	-3	1
9	"1"	"1"	16	FALSE	0	135	100	0	0	-395.979797464	395.979797464	0.088546037674	-3	1	-3	1
9	"1"	"1"	16	FALSE	0	135	100	0	0	-395.979797464	395.979797464	0.122594118118	-3	1	-3	1
9	"1"	"1"	16	FALSE	0	135	100	0	0	-395.979797464	395.979797464	0.155929088593	-3	1	-3	1
9	"1"	"1"	16	FALSE	0	135	100	0	0	-395.979797464	395.979797464	0.188851118088	-3	1	-3	1
9	"1"	"1"	16	FALSE	0	135	100	0	0	-395.979797464	395.979797464	0.222733020782	-3	1	-3	1
9	"1"	"1"	16	FALSE	0	135	100	0	0	-395.979797464	395.979797464	0.255945920944	-4	1	-4	1
9	"1"	"1"	16	FALSE	0	135	100	0	0	-395.979797464	395.979797464	0.289094924927	-4	1	-4	1
9	"1"	"1"	16	FALSE	0	135	100	0	0	-395.979797464	395.979797464	0.322683095932	-4	2	-4	2
9	"1"	"1"	16	FALSE	0	135	100	0	0	-395.979797464	395.979797464	0.355781078339	-6	5	-6	5
9	"1"	"1"	16	FALSE	0	135	100	0	0	-395.979797464	395.979797464	0.389560937881	-16	18	-16	18
9	"1"	"1"	16	FALSE	0	135	100	0	0	-395.979797464	395.979797464	0.422811985016	-44	45	-44	45
9	"1"	"1"	16	FALSE	0	135	100	0	0	-395.979797464	395.979797464	0.456125020981	-73	70	-73	70
9	"1"	"1"	16	FALSE	0	135	100	0	0	-395.979797464	395.979797464	0.489521026611	-110	102	-110	102
9	"1"	"1"	16	FALSE	0	135	100	0	0	-395.979797464	395.979797464	0.523000001907	-147	132	-147	132
9	"1"	"1"	16	FALSE	0	135	100	0	0	-395.979797464	395.979797464	0.556054115295	-184	164	-184	164
9	"1"	"1"	16	FALSE	0	135	100	0	0	-395.979797464	395.979797464	0.589590072632	-218	191	-218	191
9	"1"	"1"	16	FALSE	0	135	100	0	0	-395.979797464	395.979797464	0.623008966446	-251	219	-251	219
9	"1"	"1"	16	FALSE	0	135	100	0	0	-395.979797464	395.979797464	0.656209945679	-277	247	-277	247
9	"1"	"1"	16	FALSE	0	135	100	0	0	-395.979797464	395.979797464	0.68959903717	-295	269	-295	269
9	"1"	"1"	16	FALSE	0	135	100	0	0	-395.979797464	395.979797464	0.722409963608	-314	293	-314	293
9	"1"	"1"	16	FALSE	0	135	100	0	0	-395.979797464	395.979797464	0.756340026855	-331	313	-331	313
9	"1"	"1"	16	FALSE	0	135	100	0	0	-395.979797464	395.979797464	0.789786100388	-342	327	-342	327
9	"1"	"1"	16	FALSE	0	135	100	0	0	-395.979797464	395.979797464	0.822515010834	-350	339	-350	339
9	"1"	"1"	16	FALSE	0	135	100	0	0	-395.979797464	395.979797464	0.856449127197	-357	351	-357	351
9	"1"	"1"	16	FALSE	0	135	100	0	0	-395.979797464	395.979797464	0.889950037003	-362	359	-362	359
9	"1"	"1"	16	FALSE	0	135	100	0	0	-395.979797464	395.979797464	0.922796010971	-365	364	-365	364
9	"1"	"1"	16	FALSE	0	135	100	0	0	-395.979797464	395.979797464	0.95658993721	-367	368	-367	368
9	"1"	"1"	16	FALSE	0	135	100	0	0	-395.979797464	395.979797464	0.989925146103	-369	370	-369	370
9	"1"	"1"	16	FALSE	0	135	100	0	0	-395.979797464	395.979797464	1.02263903618	-370	372	-370	372
9	"1"	"1"	16	FALSE	0	135	100	0	0	-395.979797464	395.979797464	1.05671405792	-372	374	-372	374
9	"1"	"1"	16	FALSE	0	135	100	0	0	-395.979797464	395.979797464	1.09005308151	-376	377	-376	377
9	"1"	"1"	16	FALSE	0	135	100	0	0	-395.979797464	395.979797464	1.12311792374	-380	381	-380	381
9	"1"	"1"	16	FALSE	0	135	100	0	0	-395.979797464	395.979797464	1.15683698654	-383	385	-383	385
9	"1"	"1"	16	FALSE	0	135	100	0	0	-395.979797464	395.979797464	1.19013214111	-385	390	-385	390
9	"1"	"1"	16	FALSE	0	135	100	0	0	-395.979797464	395.979797464	1.22327494621	-388	393	-388	393
9	"1"	"1"	16	FALSE	0	135	100	0	0	-395.979797464	395.979797464	1.25679707527	-390	396	-390	396
9	"1"	"1"	16	FALSE	0	135	100	0	0	-395.979797464	395.979797464	1.29018902779	-392	397	-392	397
9	"1"	"1"	16	FALSE	0	135	100	0	0	-395.979797464	395.979797464	1.32356214523	-393	398	-393	398
9	"1"	"1"	17	FALSE	0	45	100	0	0	395.979797464	395.979797464	0.00216293334961	3	1	3	1
9	"1"	"1"	17	FALSE	0	45	100	0	0	395.979797464	395.979797464	0.0224969387054	2	1	2	1
9	"1"	"1"	17	FALSE	0	45	100	0	0	395.979797464	395.979797464	0.0559318065643	2	2	2	2
9	"1"	"1"	17	FALSE	0	45	100	0	0	395.979797464	395.979797464	0.0893199443817	2	2	2	2
9	"1"	"1"	17	FALSE	0	45	100	0	0	395.979797464	395.979797464	0.122679948807	2	2	2	2
9	"1"	"1"	17	FALSE	0	45	100	0	0	395.979797464	395.979797464	0.155995845795	2	2	2	2
9	"1"	"1"	17	FALSE	0	45	100	0	0	395.979797464	395.979797464	0.189396858215	2	2	2	2
9	"1"	"1"	17	FALSE	0	45	100	0	0	395.979797464	395.979797464	0.222607851028	2	2	2	2
9	"1"	"1"	17	FALSE	0	45	100	0	0	395.979797464	395.979797464	0.256161928177	2	2	2	2
9	"1"	"1"	17	FALSE	0	45	100	0	0	395.979797464	395.979797464	0.289441823959	2	2	2	2
9	"1"	"1"	17	FALSE	0	45	100	0	0	395.979797464	395.979797464	0.322741985321	2	2	2	2
9	"1"	"1"	17	FALSE	0	45	100	0	0	395.979797464	395.979797464	0.356282949448	4	8	4	8
9	"1"	"1"	17	FALSE	0	45	100	0	0	395.979797464	395.979797464	0.389550924301	11	18	11	18
9	"1"	"1"	17	FALSE	0	45	100	0	0	395.979797464	395.979797464	0.42295384407	30	41	30	41
9	"1"	"1"	17	FALSE	0	45	100	0	0	395.979797464	395.979797464	0.456172943115	60	73	60	73
9	"1"	"1"	17	FALSE	0	45	100	0	0	395.979797464	395.979797464	0.489647865295	105	111	105	111
9	"1"	"1"	17	FALSE	0	45	100	0	0	395.979797464	395.979797464	0.522971868515	153	148	153	148
9	"1"	"1"	17	FALSE	0	45	100	0	0	395.979797464	395.979797464	0.556298971176	194	184	194	184
9	"1"	"1"	17	FALSE	0	45	100	0	0	395.979797464	395.979797464	0.589605808258	229	225	229	225
9	"1"	"1"	17	FALSE	0	45	100	0	0	395.979797464	395.979797464	0.62292599678	259	255	259	255
9	"1"	"1"	17	FALSE	0	45	100	0	0	395.979797464	395.979797464	0.656461954117	295	281	295	281
9	"1"	"1"	17	FALSE	0	45	100	0	0	395.979797464	395.979797464	0.689812898636	326	305	326	305
9	"1"	"1"	17	FALSE	0	45	100	0	0	395.979797464	395.979797464	0.723166942596	349	326	349	326
9	"1"	"1"	17	FALSE	0	45	100	0	0	395.979797464	395.979797464	0.756507873535	373	344	373	344
9	"1"	"1"	17	FALSE	0	45	100	0	0	395.979797464	395.979797464	0.789869785309	382	354	382	354
9	"1"	"1"	17	FALSE	0	45	100	0	0	395.979797464	395.979797464	0.823288917542	390	368	390	368
9	"1"	"1"	17	FALSE	0	45	100	0	0	395.979797464	395.979797464	0.856606960297	394	375	394	375
9	"1"	"1"	17	FALSE	0	45	100	0	0	395.979797464	395.979797464	0.889894962311	395	377	395	377
9	"1"	"1"	17	FALSE	0	45	100	0	0	395.979797464	395.979797464	0.923321008682	395	377	395	377
9	"1"	"1"	17	FALSE	0	45	100	0	0	395.979797464	395.979797464	0.956659793854	395	378	395	378
9	"1"	"1"	17	FALSE	0	45	100	0	0	395.979797464	395.979797464	0.990085840225	395	380	395	380
9	"1"	"1"	17	FALSE	0	45	100	0	0	395.979797464	395.979797464	1.02328586578	395	381	395	381
9	"1"	"1"	17	FALSE	0	45	100	0	0	395.979797464	395.979797464	1.05668091774	394	381	394	381
9	"1"	"1"	17	FALSE	0	45	100	0	0	395.979797464	395.979797464	1.08998394012	395	381	395	381
9	"1"	"1"	17	FALSE	0	45	100	0	0	395.979797464	395.979797464	1.12352991104	395	382	395	382
9	"1"	"1"	17	FALSE	0	45	100	0	0	395.979797464	395.979797464	1.15683197975	396	385	396	385
9	"1"	"1"	17	FALSE	0	45	100	0	0	395.979797464	395.979797464	1.19014286995	397	388	397	388
9	"1"	"1"	17	FALSE	0	45	100	0	0	395.979797464	395.979797464	1.22358798981	399	392	399	392
9	"1"	"1"	18	FALSE	0	90	100	0	0	3.42901103761e-14	560	0.00197696685791	-3	0	-3	0
9	"1"	"1"	18	FALSE	0	90	100	0	0	3.42901103761e-14	560	0.0226039886475	-3	0	-3	0
9	"1"	"1"	18	FALSE	0	90	100	0	0	3.42901103761e-14	560	0.0561928749084	-3	0	-3	0
9	"1"	"1"	18	FALSE	0	90	100	0	0	3.42901103761e-14	560	0.0894770622253	-3	0	-3	0
9	"1"	"1"	18	FALSE	0	90	100	0	0	3.42901103761e-14	560	0.122814893723	-3	0	-3	0
9	"1"	"1"	18	FALSE	0	90	100	0	0	3.42901103761e-14	560	0.156273841858	-2	1	-2	1
9	"1"	"1"	18	FALSE	0	90	100	0	0	3.42901103761e-14	560	0.189659833908	-2	3	-2	3
9	"1"	"1"	18	FALSE	0	90	100	0	0	3.42901103761e-14	560	0.22299695015	-2	6	-2	6
9	"1"	"1"	18	FALSE	0	90	100	0	0	3.42901103761e-14	560	0.256191015244	-2	11	-2	11
9	"1"	"1"	18	FALSE	0	90	100	0	0	3.42901103761e-14	560	0.289693832397	-2	17	-2	17
9	"1"	"1"	18	FALSE	0	90	100	0	0	3.42901103761e-14	560	0.3230240345	-2	28	-2	28
9	"1"	"1"	18	FALSE	0	90	100	0	0	3.42901103761e-14	560	0.356377840042	-2	46	-2	46
9	"1"	"1"	18	FALSE	0	90	100	0	0	3.42901103761e-14	560	0.389602899551	-1	82	-1	82
9	"1"	"1"	18	FALSE	0	90	100	0	0	3.42901103761e-14	560	0.423053026199	1	125	1	125
9	"1"	"1"	18	FALSE	0	90	100	0	0	3.42901103761e-14	560	0.456434965134	4	165	4	165
9	"1"	"1"	18	FALSE	0	90	100	0	0	3.42901103761e-14	560	0.489551067352	9	215	9	215
9	"1"	"1"	18	FALSE	0	90	100	0	0	3.42901103761e-14	560	0.523191928864	14	266	14	266
9	"1"	"1"	18	FALSE	0	90	100	0	0	3.42901103761e-14	560	0.556566953659	15	312	15	312
9	"1"	"1"	18	FALSE	0	90	100	0	0	3.42901103761e-14	560	0.589973926544	15	348	15	348
9	"1"	"1"	18	FALSE	0	90	100	0	0	3.42901103761e-14	560	0.623250961304	12	383	12	383
9	"1"	"1"	18	FALSE	0	90	100	0	0	3.42901103761e-14	560	0.656677961349	9	412	9	412
9	"1"	"1"	18	FALSE	0	90	100	0	0	3.42901103761e-14	560	0.690026044846	6	435	6	435
9	"1"	"1"	18	FALSE	0	90	100	0	0	3.42901103761e-14	560	0.723392009735	3	454	3	454
9	"1"	"1"	18	FALSE	0	90	100	0	0	3.42901103761e-14	560	0.756571054459	0	468	0	468
9	"1"	"1"	18	FALSE	0	90	100	0	0	3.42901103761e-14	560	0.790089845657	-3	477	-3	477
9	"1"	"1"	18	FALSE	0	90	100	0	0	3.42901103761e-14	560	0.823446989059	-7	485	-7	485
9	"1"	"1"	18	FALSE	0	90	100	0	0	3.42901103761e-14	560	0.856716871262	-9	490	-9	490
9	"1"	"1"	18	FALSE	0	90	100	0	0	3.42901103761e-14	560	0.890215873718	-10	496	-10	496
9	"1"	"1"	18	FALSE	0	90	100	0	0	3.42901103761e-14	560	0.923502922058	-10	502	-10	502
9	"1"	"1"	18	FALSE	0	90	100	0	0	3.42901103761e-14	560	0.956857919693	-8	511	-8	511
9	"1"	"1"	18	FALSE	0	90	100	0	0	3.42901103761e-14	560	0.990218877792	-6	521	-6	521
9	"1"	"1"	18	FALSE	0	90	100	0	0	3.42901103761e-14	560	1.02354001999	-3	529	-3	529
9	"1"	"1"	18	FALSE	0	90	100	0	0	3.42901103761e-14	560	1.05693888664	-1	538	-1	538
9	"1"	"1"	18	FALSE	0	90	100	0	0	3.42901103761e-14	560	1.09031295776	1	547	1	547
9	"1"	"1"	18	FALSE	0	90	100	0	0	3.42901103761e-14	560	1.12368798256	4	555	4	555
9	"1"	"1"	18	FALSE	0	90	100	0	0	3.42901103761e-14	560	1.15693497658	5	560	5	560
9	"1"	"1"	19	FALSE	0	90	100	0	0	3.42901103761e-14	560	0.00208306312561	-2	-11	-2	-11
9	"1"	"1"	19	FALSE	0	90	100	0	0	3.42901103761e-14	560	0.0226240158081	-1	-10	-1	-10
9	"1"	"1"	19	FALSE	0	90	100	0	0	3.42901103761e-14	560	0.0560669898987	-1	-10	-1	-10
9	"1"	"1"	19	FALSE	0	90	100	0	0	3.42901103761e-14	560	0.0893402099609	-1	-10	-1	-10
9	"1"	"1"	19	FALSE	0	90	100	0	0	3.42901103761e-14	560	0.122769117355	-1	-10	-1	-10
9	"1"	"1"	19	FALSE	0	90	100	0	0	3.42901103761e-14	560	0.15608716011	-1	-10	-1	-10
9	"1"	"1"	19	FALSE	0	90	100	0	0	3.42901103761e-14	560	0.189469099045	-1	-10	-1	-10
9	"1"	"1"	19	FALSE	0	90	100	0	0	3.42901103761e-14	560	0.222747087479	-1	-10	-1	-10
9	"1"	"1"	19	FALSE	0	90	100	0	0	3.42901103761e-14	560	0.256192207336	-1	-10	-1	-10
9	"1"	"1"	19	FALSE	0	90	100	0	0	3.42901103761e-14	560	0.289508104324	-1	-10	-1	-10
9	"1"	"1"	19	FALSE	0	90	100	0	0	3.42901103761e-14	560	0.322913169861	-5	-5	-5	-5
9	"1"	"1"	19	FALSE	0	90	100	0	0	3.42901103761e-14	560	0.356292009354	-13	5	-13	5
9	"1"	"1"	19	FALSE	0	90	100	0	0	3.42901103761e-14	560	0.38965511322	-24	23	-24	23
9	"1"	"1"	19	FALSE	0	90	100	0	0	3.42901103761e-14	560	0.422639131546	-33	47	-33	47
9	"1"	"1"	19	FALSE	0	90	100	0	0	3.42901103761e-14	560	0.456368207932	-37	88	-37	88
9	"1"	"1"	19	FALSE	0	90	100	0	0	3.42901103761e-14	560	0.489683151245	-33	128	-33	128
9	"1"	"1"	19	FALSE	0	90	100	0	0	3.42901103761e-14	560	0.523102045059	-22	174	-22	174
9	"1"	"1"	19	FALSE	0	90	100	0	0	3.42901103761e-14	560	0.556427001953	-8	218	-8	218
9	"1"	"1"	19	FALSE	0	90	100	0	0	3.42901103761e-14	560	0.589686155319	3	257	3	257
9	"1"	"1"	19	FALSE	0	90	100	0	0	3.42901103761e-14	560	0.623174190521	12	302	12	302
9	"1"	"1"	19	FALSE	0	90	100	0	0	3.42901103761e-14	560	0.65630197525	16	344	16	344
9	"1"	"1"	19	FALSE	0	90	100	0	0	3.42901103761e-14	560	0.689869165421	16	376	16	376
9	"1"	"1"	19	FALSE	0	90	100	0	0	3.42901103761e-14	560	0.723173141479	15	409	15	409
9	"1"	"1"	19	FALSE	0	90	100	0	0	3.42901103761e-14	560	0.756568193436	12	435	12	435
9	"1"	"1"	19	FALSE	0	90	100	0	0	3.42901103761e-14	560	0.789842128754	8	457	8	457
9	"1"	"1"	19	FALSE	0	90	100	0	0	3.42901103761e-14	560	0.82331609726	6	470	6	470
9	"1"	"1"	19	FALSE	0	90	100	0	0	3.42901103761e-14	560	0.856580018997	2	484	2	484
9	"1"	"1"	19	FALSE	0	90	100	0	0	3.42901103761e-14	560	0.889923095703	0	495	0	495
9	"1"	"1"	19	FALSE	0	90	100	0	0	3.42901103761e-14	560	0.92342710495	-1	504	-1	504
9	"1"	"1"	19	FALSE	0	90	100	0	0	3.42901103761e-14	560	0.956730127335	-2	512	-2	512
9	"1"	"1"	19	FALSE	0	90	100	0	0	3.42901103761e-14	560	0.990145206451	-2	521	-2	521
9	"1"	"1"	19	FALSE	0	90	100	0	0	3.42901103761e-14	560	1.02347302437	-2	528	-2	528
9	"1"	"1"	19	FALSE	0	90	100	0	0	3.42901103761e-14	560	1.05676913261	-2	535	-2	535
9	"1"	"1"	19	FALSE	0	90	100	0	0	3.42901103761e-14	560	1.09009003639	-1	544	-1	544
9	"1"	"1"	19	FALSE	0	90	100	0	0	3.42901103761e-14	560	1.12344408035	0	550	0	550
9	"1"	"1"	19	FALSE	0	90	100	0	0	3.42901103761e-14	560	1.15681600571	0	554	0	554
9	"1"	"1"	19	FALSE	0	90	100	0	0	3.42901103761e-14	560	1.19028520584	0	556	0	556
9	"1"	"1"	19	FALSE	0	90	100	0	0	3.42901103761e-14	560	1.22360014915	-1	557	-1	557
9	"1"	"1"	20	FALSE	0	135	100	0	0	-395.979797464	395.979797464	0.00179505348206	-6	2	-6	2
9	"1"	"1"	20	FALSE	0	135	100	0	0	-395.979797464	395.979797464	0.0225660800934	-6	2	-6	2
9	"1"	"1"	20	FALSE	0	135	100	0	0	-395.979797464	395.979797464	0.0559599399567	-6	2	-6	2
9	"1"	"1"	20	FALSE	0	135	100	0	0	-395.979797464	395.979797464	0.0894029140472	-6	2	-6	2
9	"1"	"1"	20	FALSE	0	135	100	0	0	-395.979797464	395.979797464	0.122675895691	-6	2	-6	2
9	"1"	"1"	20	FALSE	0	135	100	0	0	-395.979797464	395.979797464	0.155611991882	-6	2	-6	2
9	"1"	"1"	20	FALSE	0	135	100	0	0	-395.979797464	395.979797464	0.189363002777	-6	2	-6	2
9	"1"	"1"	20	FALSE	0	135	100	0	0	-395.979797464	395.979797464	0.222609043121	-6	2	-6	2
9	"1"	"1"	20	FALSE	0	135	100	0	0	-395.979797464	395.979797464	0.255481958389	-6	2	-6	2
9	"1"	"1"	20	FALSE	0	135	100	0	0	-395.979797464	395.979797464	0.289571046829	-6	3	-6	3
9	"1"	"1"	20	FALSE	0	135	100	0	0	-395.979797464	395.979797464	0.322902917862	-10	6	-10	6
9	"1"	"1"	20	FALSE	0	135	100	0	0	-395.979797464	395.979797464	0.355767965317	-26	20	-26	20
9	"1"	"1"	20	FALSE	0	135	100	0	0	-395.979797464	395.979797464	0.389624118805	-51	44	-51	44
9	"1"	"1"	20	FALSE	0	135	100	0	0	-395.979797464	395.979797464	0.422837972641	-83	73	-83	73
9	"1"	"1"	20	FALSE	0	135	100	0	0	-395.979797464	395.979797464	0.456096887589	-120	103	-120	103
9	"1"	"1"	20	FALSE	0	135	100	0	0	-395.979797464	395.979797464	0.489622116089	-155	130	-155	130
9	"1"	"1"	20	FALSE	0	135	100	0	0	-395.979797464	395.979797464	0.522409915924	-192	164	-192	164
9	"1"	"1"	20	FALSE	0	135	100	0	0	-395.979797464	395.979797464	0.556215047836	-224	197	-224	197
9	"1"	"1"	20	FALSE	0	135	100	0	0	-395.979797464	395.979797464	0.589550971985	-250	232	-250	232
9	"1"	"1"	20	FALSE	0	135	100	0	0	-395.979797464	395.979797464	0.623054981232	-283	266	-283	266
9	"1"	"1"	20	FALSE	0	135	100	0	0	-395.979797464	395.979797464	0.656471967697	-305	292	-305	292
9	"1"	"1"	20	FALSE	0	135	100	0	0	-395.979797464	395.979797464	0.68918299675	-326	317	-326	317
9	"1"	"1"	20	FALSE	0	135	100	0	0	-395.979797464	395.979797464	0.723170042038	-344	336	-344	336
9	"1"	"1"	20	FALSE	0	135	100	0	0	-395.979797464	395.979797464	0.756531000137	-361	354	-361	354
9	"1"	"1"	20	FALSE	0	135	100	0	0	-395.979797464	395.979797464	0.789390087128	-374	369	-374	369
9	"1"	"1"	20	FALSE	0	135	100	0	0	-395.979797464	395.979797464	0.823270082474	-387	381	-387	381
9	"1"	"1"	20	FALSE	0	135	100	0	0	-395.979797464	395.979797464	0.856620073318	-397	393	-397	393
9	"1"	"1"	20	FALSE	0	135	100	0	0	-395.979797464	395.979797464	0.88987994194	-404	399	-404	399
9	"1"	"1"	20	FALSE	0	135	100	0	0	-395.979797464	395.979797464	0.923321008682	-406	403	-406	403
9	"1"	"1"	21	FALSE	0	45	100	0	0	395.979797464	395.979797464	0.00208401679993	-1	9	-1	9
9	"1"	"1"	21	FALSE	0	45	100	0	0	395.979797464	395.979797464	0.0220608711243	-1	9	-1	9
9	"1"	"1"	21	FALSE	0	45	100	0	0	395.979797464	395.979797464	0.0556039810181	-1	9	-1	9
9	"1"	"1"	21	FALSE	0	45	100	0	0	395.979797464	395.979797464	0.0890338420868	-1	9	-1	9
9	"1"	"1"	21	FALSE	0	45	100	0	0	395.979797464	395.979797464	0.122573852539	-1	9	-1	9
9	"1"	"1"	21	FALSE	0	45	100	0	0	395.979797464	395.979797464	0.155961990356	-1	9	-1	9
9	"1"	"1"	21	FALSE	0	45	100	0	0	395.979797464	395.979797464	0.189229011536	-1	9	-1	9
9	"1"	"1"	21	FALSE	0	45	100	0	0	395.979797464	395.979797464	0.222524881363	-1	9	-1	9
9	"1"	"1"	21	FALSE	0	45	100	0	0	395.979797464	395.979797464	0.255936861038	-1	9	-1	9
9	"1"	"1"	21	FALSE	0	45	100	0	0	395.979797464	395.979797464	0.289433002472	-1	9	-1	9
9	"1"	"1"	21	FALSE	0	45	100	0	0	395.979797464	395.979797464	0.322592020035	-1	9	-1	9
9	"1"	"1"	21	FALSE	0	45	100	0	0	395.979797464	395.979797464	0.356140851974	-1	10	-1	10
9	"1"	"1"	21	FALSE	0	45	100	0	0	395.979797464	395.979797464	0.38939499855	4	15	4	15
9	"1"	"1"	21	FALSE	0	45	100	0	0	395.979797464	395.979797464	0.422795057297	16	26	16	26
9	"1"	"1"	21	FALSE	0	45	100	0	0	395.979797464	395.979797464	0.456145048141	48	53	48	53
9	"1"	"1"	21	FALSE	0	45	100	0	0	395.979797464	395.979797464	0.48938703537	87	89	87	89
9	"1"	"1"	21	FALSE	0	45	100	0	0	395.979797464	395.979797464	0.522873878479	124	128	124	128
9	"1"	"1"	21	FALSE	0	45	100	0	0	395.979797464	395.979797464	0.556234836578	171	169	171	169
9	"1"	"1"	21	FALSE	0	45	100	0	0	395.979797464	395.979797464	0.589622974396	213	204	213	204
9	"1"	"1"	21	FALSE	0	45	100	0	0	395.979797464	395.979797464	0.622958898544	249	235	249	235
9	"1"	"1"	21	FALSE	0	45	100	0	0	395.979797464	395.979797464	0.65633392334	276	264	276	264
9	"1"	"1"	21	FALSE	0	45	100	0	0	395.979797464	395.979797464	0.68967294693	304	292	304	292
9	"1"	"1"	21	FALSE	0	45	100	0	0	395.979797464	395.979797464	0.723038911819	327	316	327	316
9	"1"	"1"	21	FALSE	0	45	100	0	0	395.979797464	395.979797464	0.756341934204	345	338	345	338
9	"1"	"1"	21	FALSE	0	45	100	0	0	395.979797464	395.979797464	0.789752960205	358	352	358	352
9	"1"	"1"	21	FALSE	0	45	100	0	0	395.979797464	395.979797464	0.823118925095	372	364	372	364
9	"1"	"1"	21	FALSE	0	45	100	0	0	395.979797464	395.979797464	0.856518030167	383	373	383	373
9	"1"	"1"	21	FALSE	0	45	100	0	0	395.979797464	395.979797464	0.889866828918	392	379	392	379
9	"1"	"1"	21	FALSE	0	45	100	0	0	395.979797464	395.979797464	0.923194885254	398	384	398	384
9	"1"	"1"	21	FALSE	0	45	100	0	0	395.979797464	395.979797464	0.956521034241	404	389	404	389
9	"1"	"1"	21	FALSE	0	45	100	0	0	395.979797464	395.979797464	0.989941835403	408	393	408	393
9	"1"	"1"	21	FALSE	0	45	100	0	0	395.979797464	395.979797464	1.02323889732	410	398	410	398
9	"1"	"1"	21	FALSE	0	45	100	0	0	395.979797464	395.979797464	1.05664205551	412	404	412	404
9	"1"	"1"	21	FALSE	0	45	100	0	0	395.979797464	395.979797464	1.09002590179	413	407	413	407
9	"1"	"1"	21	FALSE	0	45	100	0	0	395.979797464	395.979797464	1.1233279705	413	408	413	408
9	"1"	"1"	21	FALSE	0	45	100	0	0	395.979797464	395.979797464	1.15670800209	413	407	413	407
9	"1"	"1"	21	FALSE	0	45	100	0	0	395.979797464	395.979797464	1.19000482559	413	407	413	407
9	"1"	"1"	21	FALSE	0	45	100	0	0	395.979797464	395.979797464	1.22343683243	412	407	412	407
9	"1"	"1"	21	FALSE	0	45	100	0	0	395.979797464	395.979797464	1.2567050457	410	405	410	405
9	"1"	"1"	21	FALSE	0	45	100	0	0	395.979797464	395.979797464	1.29014492035	408	403	408	403
9	"1"	"1"	21	FALSE	0	45	100	0	0	395.979797464	395.979797464	1.3235180378	406	402	406	402
