"task_num"	"task_name"	"trial_type"	"trial_num"	"terminalfeedback_bool"	"rotation_angle"	"targetangle_deg"	"targetdistance_percmax"	"homex_px"	"homey_px"	"targetx_px"	"targety_px"	"time_s"	"mousex_px"	"mousey_px"	"cursorx_px"	"cursory_px"
1	"1"	"1"	1	FALSE	0	45	100	0	0	395.979797464	395.979797464	15.8150498867	-1	0	-1	0
1	"1"	"1"	1	FALSE	0	45	100	0	0	395.979797464	395.979797464	15.8483359814	-1	1	-1	1
1	"1"	"1"	1	FALSE	0	45	100	0	0	395.979797464	395.979797464	15.8817420006	-1	1	-1	1
1	"1"	"1"	1	FALSE	0	45	100	0	0	395.979797464	395.979797464	15.9150960445	-1	2	-1	2
1	"1"	"1"	1	FALSE	0	45	100	0	0	395.979797464	395.979797464	15.9484839439	-1	2	-1	2
1	"1"	"1"	1	FALSE	0	45	100	0	0	395.979797464	395.979797464	15.981844902	-1	3	-1	3
1	"1"	"1"	1	FALSE	0	45	100	0	0	395.979797464	395.979797464	16.0150749683	0	3	0	3
1	"1"	"1"	1	FALSE	0	45	100	0	0	395.979797464	395.979797464	16.0485420227	1	3	1	3
1	"1"	"1"	1	FALSE	0	45	100	0	0	395.979797464	395.979797464	16.0818769932	2	3	2	3
1	"1"	"1"	1	FALSE	0	45	100	0	0	395.979797464	395.979797464	16.1153109074	3	3	3	3
1	"1"	"1"	1	FALSE	0	45	100	0	0	395.979797464	395.979797464	16.1486260891	4	3	4	3
1	"1"	"1"	1	FALSE	0	45	100	0	0	395.979797464	395.979797464	16.1820259094	5	3	5	3
1	"1"	"1"	1	FALSE	0	45	100	0	0	395.979797464	395.979797464	16.2153859138	6	2	6	2
1	"1"	"1"	1	FALSE	0	45	100	0	0	395.979797464	395.979797464	16.2487318516	7	2	7	2
1	"1"	"1"	1	FALSE	0	45	100	0	0	395.979797464	395.979797464	16.281842947	7	2	7	2
1	"1"	"1"	1	FALSE	0	45	100	0	0	395.979797464	395.979797464	16.3153820038	7	2	7	2
1	"1"	"1"	1	FALSE	0	45	100	0	0	395.979797464	395.979797464	16.3488619328	7	2	7	2
1	"1"	"1"	1	FALSE	0	45	100	0	0	395.979797464	395.979797464	16.3819000721	8	1	8	1
1	"1"	"1"	1	FALSE	0	45	100	0	0	395.979797464	395.979797464	16.4154789448	8	1	8	1
1	"1"	"1"	1	FALSE	0	45	100	0	0	395.979797464	395.979797464	16.4488070011	8	0	8	0
1	"1"	"1"	1	FALSE	0	45	100	0	0	395.979797464	395.979797464	16.4821779728	8	0	8	0
1	"1"	"1"	1	FALSE	0	45	100	0	0	395.979797464	395.979797464	16.5149168968	8	0	8	0
1	"1"	"1"	1	FALSE	0	45	100	0	0	395.979797464	395.979797464	16.5489490032	7	-1	7	-1
1	"1"	"1"	1	FALSE	0	45	100	0	0	395.979797464	395.979797464	16.5820970535	7	-1	7	-1
1	"1"	"1"	1	FALSE	0	45	100	0	0	395.979797464	395.979797464	16.6155860424	6	-1	6	-1
1	"1"	"1"	1	FALSE	0	45	100	0	0	395.979797464	395.979797464	16.6487579346	6	-1	6	-1
1	"1"	"1"	1	FALSE	0	45	100	0	0	395.979797464	395.979797464	16.6822249889	6	-2	6	-2
1	"1"	"1"	1	FALSE	0	45	100	0	0	395.979797464	395.979797464	16.7157180309	6	-2	6	-2
1	"1"	"1"	1	FALSE	0	45	100	0	0	395.979797464	395.979797464	16.7490398884	6	-3	6	-3
1	"1"	"1"	1	FALSE	0	45	100	0	0	395.979797464	395.979797464	16.7820899487	6	-3	6	-3
1	"1"	"1"	1	FALSE	0	45	100	0	0	395.979797464	395.979797464	16.8157548904	6	-3	6	-3
1	"1"	"1"	1	FALSE	0	45	100	0	0	395.979797464	395.979797464	16.8491499424	6	-3	6	-3
1	"1"	"1"	1	FALSE	0	45	100	0	0	395.979797464	395.979797464	16.8818340302	6	-3	6	-3
1	"1"	"1"	1	FALSE	0	45	100	0	0	395.979797464	395.979797464	16.915763855	6	-3	6	-3
1	"1"	"1"	1	FALSE	0	45	100	0	0	395.979797464	395.979797464	16.9491589069	6	-3	6	-3
1	"1"	"1"	1	FALSE	0	45	100	0	0	395.979797464	395.979797464	16.9818708897	6	-3	6	-3
1	"1"	"1"	1	FALSE	0	45	100	0	0	395.979797464	395.979797464	17.0158650875	6	-3	6	-3
1	"1"	"1"	1	FALSE	0	45	100	0	0	395.979797464	395.979797464	17.049366951	6	-3	6	-3
1	"1"	"1"	1	FALSE	0	45	100	0	0	395.979797464	395.979797464	17.0820598602	5	-3	5	-3
1	"1"	"1"	1	FALSE	0	45	100	0	0	395.979797464	395.979797464	17.1159880161	5	-3	5	-3
1	"1"	"1"	1	FALSE	0	45	100	0	0	395.979797464	395.979797464	17.1492760181	5	-3	5	-3
1	"1"	"1"	1	FALSE	0	45	100	0	0	395.979797464	395.979797464	17.1821110249	5	-3	5	-3
1	"1"	"1"	1	FALSE	0	45	100	0	0	395.979797464	395.979797464	17.2155799866	5	-3	5	-3
1	"1"	"1"	1	FALSE	0	45	100	0	0	395.979797464	395.979797464	17.2486629486	5	-3	5	-3
1	"1"	"1"	1	FALSE	0	45	100	0	0	395.979797464	395.979797464	17.2820429802	5	-3	5	-3
1	"1"	"1"	1	FALSE	0	45	100	0	0	395.979797464	395.979797464	17.315363884	5	-3	5	-3
1	"1"	"1"	1	FALSE	0	45	100	0	0	395.979797464	395.979797464	17.3486618996	5	-3	5	-3
1	"1"	"1"	1	FALSE	0	45	100	0	0	395.979797464	395.979797464	17.3820478916	5	-3	5	-3
1	"1"	"1"	1	FALSE	0	45	100	0	0	395.979797464	395.979797464	17.4153790474	5	-3	5	-3
1	"1"	"1"	1	FALSE	0	45	100	0	0	395.979797464	395.979797464	17.4487528801	5	-3	5	-3
1	"1"	"1"	1	FALSE	0	45	100	0	0	395.979797464	395.979797464	17.4820849895	5	-3	5	-3
1	"1"	"1"	1	FALSE	0	45	100	0	0	395.979797464	395.979797464	17.5154540539	5	-3	5	-3
1	"1"	"1"	1	FALSE	0	45	100	0	0	395.979797464	395.979797464	17.5488319397	5	-3	5	-3
1	"1"	"1"	1	FALSE	0	45	100	0	0	395.979797464	395.979797464	17.5821709633	5	-3	5	-3
1	"1"	"1"	1	FALSE	0	45	100	0	0	395.979797464	395.979797464	17.6155469418	5	-3	5	-3
1	"1"	"1"	1	FALSE	0	45	100	0	0	395.979797464	395.979797464	17.6489369869	5	-3	5	-3
1	"1"	"1"	1	FALSE	0	45	100	0	0	395.979797464	395.979797464	17.6825060844	5	-3	5	-3
1	"1"	"1"	1	FALSE	0	45	100	0	0	395.979797464	395.979797464	17.7158858776	5	-3	5	-3
1	"1"	"1"	1	FALSE	0	45	100	0	0	395.979797464	395.979797464	17.7492539883	6	-4	6	-4
1	"1"	"1"	1	FALSE	0	45	100	0	0	395.979797464	395.979797464	17.7824158669	6	-4	6	-4
1	"1"	"1"	1	FALSE	0	45	100	0	0	395.979797464	395.979797464	17.8170859814	7	-1	7	-1
1	"1"	"1"	1	FALSE	0	45	100	0	0	395.979797464	395.979797464	17.849132061	16	7	16	7
1	"1"	"1"	1	FALSE	0	45	100	0	0	395.979797464	395.979797464	17.8825500011	42	28	42	28
1	"1"	"1"	1	FALSE	0	45	100	0	0	395.979797464	395.979797464	17.9158449173	70	47	70	47
1	"1"	"1"	1	FALSE	0	45	100	0	0	395.979797464	395.979797464	17.9491930008	105	76	105	76
1	"1"	"1"	1	FALSE	0	45	100	0	0	395.979797464	395.979797464	17.9827179909	124	91	124	91
1	"1"	"1"	1	FALSE	0	45	100	0	0	395.979797464	395.979797464	18.0162980556	164	122	164	122
1	"1"	"1"	1	FALSE	0	45	100	0	0	395.979797464	395.979797464	18.0495450497	185	136	185	136
1	"1"	"1"	1	FALSE	0	45	100	0	0	395.979797464	395.979797464	18.0828640461	185	136	185	136
1	"1"	"1"	1	FALSE	0	45	100	0	0	395.979797464	395.979797464	18.1158969402	185	136	185	136
1	"1"	"1"	1	FALSE	0	45	100	0	0	395.979797464	395.979797464	18.1497468948	185	136	185	136
1	"1"	"1"	1	FALSE	0	45	100	0	0	395.979797464	395.979797464	18.1833229065	185	136	185	136
1	"1"	"1"	1	FALSE	0	45	100	0	0	395.979797464	395.979797464	18.2165460587	185	136	185	136
1	"1"	"1"	1	FALSE	0	45	100	0	0	395.979797464	395.979797464	18.2496249676	185	136	185	136
1	"1"	"1"	1	FALSE	0	45	100	0	0	395.979797464	395.979797464	18.2835130692	185	136	185	136
1	"1"	"1"	1	FALSE	0	45	100	0	0	395.979797464	395.979797464	18.3169100285	185	136	185	136
1	"1"	"1"	1	FALSE	0	45	100	0	0	395.979797464	395.979797464	18.3498749733	185	136	185	136
1	"1"	"1"	1	FALSE	0	45	100	0	0	395.979797464	395.979797464	18.3836770058	185	136	185	136
1	"1"	"1"	1	FALSE	0	45	100	0	0	395.979797464	395.979797464	18.4168739319	185	136	185	136
1	"1"	"1"	1	FALSE	0	45	100	0	0	395.979797464	395.979797464	18.4503200054	185	136	185	136
1	"1"	"1"	1	FALSE	0	45	100	0	0	395.979797464	395.979797464	18.4832639694	185	136	185	136
1	"1"	"1"	1	FALSE	0	45	100	0	0	395.979797464	395.979797464	18.5170679092	185	136	185	136
1	"1"	"1"	1	FALSE	0	45	100	0	0	395.979797464	395.979797464	18.5503618717	185	136	185	136
1	"1"	"1"	1	FALSE	0	45	100	0	0	395.979797464	395.979797464	18.5832219124	185	136	185	136
1	"1"	"1"	1	FALSE	0	45	100	0	0	395.979797464	395.979797464	18.6171009541	185	136	185	136
1	"1"	"1"	1	FALSE	0	45	100	0	0	395.979797464	395.979797464	18.6501970291	185	136	185	136
1	"1"	"1"	1	FALSE	0	45	100	0	0	395.979797464	395.979797464	18.6838669777	185	136	185	136
1	"1"	"1"	1	FALSE	0	45	100	0	0	395.979797464	395.979797464	18.7171630859	185	136	185	136
1	"1"	"1"	1	FALSE	0	45	100	0	0	395.979797464	395.979797464	18.7504789829	185	136	185	136
1	"1"	"1"	1	FALSE	0	45	100	0	0	395.979797464	395.979797464	18.7838869095	185	136	185	136
1	"1"	"1"	1	FALSE	0	45	100	0	0	395.979797464	395.979797464	18.8172838688	185	136	185	136
1	"1"	"1"	1	FALSE	0	45	100	0	0	395.979797464	395.979797464	18.8505330086	185	136	185	136
1	"1"	"1"	1	FALSE	0	45	100	0	0	395.979797464	395.979797464	18.8834528923	185	136	185	136
1	"1"	"1"	1	FALSE	0	45	100	0	0	395.979797464	395.979797464	18.9173789024	185	136	185	136
1	"1"	"1"	1	FALSE	0	45	100	0	0	395.979797464	395.979797464	18.9507269859	185	136	185	136
1	"1"	"1"	1	FALSE	0	45	100	0	0	395.979797464	395.979797464	18.983538866	185	136	185	136
1	"1"	"1"	1	FALSE	0	45	100	0	0	395.979797464	395.979797464	19.0174200535	185	136	185	136
1	"1"	"1"	1	FALSE	0	45	100	0	0	395.979797464	395.979797464	19.0506210327	185	136	185	136
1	"1"	"1"	1	FALSE	0	45	100	0	0	395.979797464	395.979797464	19.0835080147	185	136	185	136
1	"1"	"1"	1	FALSE	0	45	100	0	0	395.979797464	395.979797464	19.1175370216	185	136	185	136
1	"1"	"1"	1	FALSE	0	45	100	0	0	395.979797464	395.979797464	19.1507120132	185	136	185	136
1	"1"	"1"	1	FALSE	0	45	100	0	0	395.979797464	395.979797464	19.1837999821	185	136	185	136
1	"1"	"1"	1	FALSE	0	45	100	0	0	395.979797464	395.979797464	19.2175869942	185	136	185	136
1	"1"	"1"	1	FALSE	0	45	100	0	0	395.979797464	395.979797464	19.2509729862	185	136	185	136
1	"1"	"1"	1	FALSE	0	45	100	0	0	395.979797464	395.979797464	19.2842049599	185	136	185	136
1	"1"	"1"	1	FALSE	0	45	100	0	0	395.979797464	395.979797464	19.3174710274	185	136	185	136
1	"1"	"1"	1	FALSE	0	45	100	0	0	395.979797464	395.979797464	19.3510160446	185	136	185	136
1	"1"	"1"	1	FALSE	0	45	100	0	0	395.979797464	395.979797464	19.3843948841	185	136	185	136
1	"1"	"1"	1	FALSE	0	45	100	0	0	395.979797464	395.979797464	19.4176139832	185	136	185	136
1	"1"	"1"	1	FALSE	0	45	100	0	0	395.979797464	395.979797464	19.4511170387	185	136	185	136
1	"1"	"1"	1	FALSE	0	45	100	0	0	395.979797464	395.979797464	19.4844579697	185	136	185	136
1	"1"	"1"	1	FALSE	0	45	100	0	0	395.979797464	395.979797464	19.5174739361	185	136	185	136
1	"1"	"1"	1	FALSE	0	45	100	0	0	395.979797464	395.979797464	19.5512259007	185	136	185	136
1	"1"	"1"	1	FALSE	0	45	100	0	0	395.979797464	395.979797464	19.584471941	185	136	185	136
1	"1"	"1"	1	FALSE	0	45	100	0	0	395.979797464	395.979797464	19.6175260544	185	136	185	136
1	"1"	"1"	1	FALSE	0	45	100	0	0	395.979797464	395.979797464	19.6505949497	185	136	185	136
1	"1"	"1"	1	FALSE	0	45	100	0	0	395.979797464	395.979797464	19.6845080853	185	136	185	136
1	"1"	"1"	1	FALSE	0	45	100	0	0	395.979797464	395.979797464	19.7178940773	185	136	185	136
1	"1"	"1"	1	FALSE	0	45	100	0	0	395.979797464	395.979797464	19.7506480217	185	136	185	136
1	"1"	"1"	1	FALSE	0	45	100	0	0	395.979797464	395.979797464	19.7847120762	185	136	185	136
1	"1"	"1"	1	FALSE	0	45	100	0	0	395.979797464	395.979797464	19.8180730343	185	136	185	136
1	"1"	"1"	1	FALSE	0	45	100	0	0	395.979797464	395.979797464	19.8507418633	185	136	185	136
1	"1"	"1"	1	FALSE	0	45	100	0	0	395.979797464	395.979797464	19.8848528862	185	136	185	136
1	"1"	"1"	1	FALSE	0	45	100	0	0	395.979797464	395.979797464	19.9181540012	185	136	185	136
1	"1"	"1"	1	FALSE	0	45	100	0	0	395.979797464	395.979797464	19.9514899254	185	136	185	136
1	"1"	"1"	1	FALSE	0	45	100	0	0	395.979797464	395.979797464	19.9847180843	185	136	185	136
1	"1"	"1"	1	FALSE	0	45	100	0	0	395.979797464	395.979797464	20.0181119442	185	136	185	136
1	"1"	"1"	1	FALSE	0	45	100	0	0	395.979797464	395.979797464	20.0509178638	185	136	185	136
1	"1"	"1"	1	FALSE	0	45	100	0	0	395.979797464	395.979797464	20.0849878788	185	136	185	136
1	"1"	"1"	1	FALSE	0	45	100	0	0	395.979797464	395.979797464	20.1182849407	185	136	185	136
1	"1"	"1"	1	FALSE	0	45	100	0	0	395.979797464	395.979797464	20.1516599655	185	136	185	136
1	"1"	"1"	1	FALSE	0	45	100	0	0	395.979797464	395.979797464	20.1849830151	185	136	185	136
1	"1"	"1"	1	FALSE	0	45	100	0	0	395.979797464	395.979797464	20.2183420658	185	136	185	136
1	"1"	"1"	1	FALSE	0	45	100	0	0	395.979797464	395.979797464	20.2512130737	185	136	185	136
1	"1"	"1"	1	FALSE	0	45	100	0	0	395.979797464	395.979797464	20.2851159573	185	136	185	136
1	"1"	"1"	1	FALSE	0	45	100	0	0	395.979797464	395.979797464	20.3183679581	185	136	185	136
1	"1"	"1"	1	FALSE	0	45	100	0	0	395.979797464	395.979797464	20.3519010544	543	263	543	263
1	"1"	"1"	1	FALSE	0	45	100	0	0	395.979797464	395.979797464	20.3852858543	563	282	563	282
1	"1"	"1"	1	FALSE	0	45	100	0	0	395.979797464	395.979797464	20.4184658527	579	303	579	303
1	"1"	"1"	1	FALSE	0	45	100	0	0	395.979797464	395.979797464	20.4519059658	590	314	590	314
1	"1"	"1"	1	FALSE	0	45	100	0	0	395.979797464	395.979797464	20.4852039814	603	326	603	326
1	"1"	"1"	1	FALSE	0	45	100	0	0	395.979797464	395.979797464	20.5185918808	613	340	613	340
1	"1"	"1"	1	FALSE	0	45	100	0	0	395.979797464	395.979797464	20.5514609814	619	348	619	348
1	"1"	"1"	1	FALSE	0	45	100	0	0	395.979797464	395.979797464	20.5853700638	621	354	621	354
1	"1"	"1"	1	FALSE	0	45	100	0	0	395.979797464	395.979797464	20.6180958748	618	358	618	358
1	"1"	"1"	1	FALSE	0	45	100	0	0	395.979797464	395.979797464	20.6520900726	611	360	611	360
1	"1"	"1"	1	FALSE	0	45	100	0	0	395.979797464	395.979797464	20.6854989529	599	361	599	361
1	"1"	"1"	1	FALSE	0	45	100	0	0	395.979797464	395.979797464	20.7188079357	586	362	586	362
1	"1"	"1"	1	FALSE	0	45	100	0	0	395.979797464	395.979797464	20.7515699863	573	362	573	362
1	"1"	"1"	1	FALSE	0	45	100	0	0	395.979797464	395.979797464	20.7854058743	564	362	564	362
1	"1"	"1"	1	FALSE	0	45	100	0	0	395.979797464	395.979797464	20.818721056	551	361	551	361
1	"1"	"1"	1	FALSE	0	45	100	0	0	395.979797464	395.979797464	20.8516829014	541	361	541	361
1	"1"	"1"	1	FALSE	0	45	100	0	0	395.979797464	395.979797464	20.8855979443	534	362	534	362
1	"1"	"1"	1	FALSE	0	45	100	0	0	395.979797464	395.979797464	20.9190170765	527	361	527	361
1	"1"	"1"	1	FALSE	0	45	100	0	0	395.979797464	395.979797464	20.9523429871	520	360	520	360
1	"1"	"1"	1	FALSE	0	45	100	0	0	395.979797464	395.979797464	20.9855520725	513	357	513	357
1	"1"	"1"	1	FALSE	0	45	100	0	0	395.979797464	395.979797464	21.0185120106	505	356	505	356
1	"1"	"1"	1	FALSE	0	45	100	0	0	395.979797464	395.979797464	21.0524339676	498	355	498	355
1	"1"	"1"	1	FALSE	0	45	100	0	0	395.979797464	395.979797464	21.0857670307	490	354	490	354
1	"1"	"1"	1	FALSE	0	45	100	0	0	395.979797464	395.979797464	21.1185560226	483	352	483	352
1	"1"	"1"	1	FALSE	0	45	100	0	0	395.979797464	395.979797464	21.1524569988	473	351	473	351
1	"1"	"1"	1	FALSE	0	45	100	0	0	395.979797464	395.979797464	21.1857769489	460	352	460	352
1	"1"	"1"	1	FALSE	0	45	100	0	0	395.979797464	395.979797464	21.2186698914	449	354	449	354
1	"1"	"1"	1	FALSE	0	45	100	0	0	395.979797464	395.979797464	21.2525680065	438	355	438	355
1	"1"	"1"	1	FALSE	0	45	100	0	0	395.979797464	395.979797464	21.2859110832	430	359	430	359
1	"1"	"1"	1	FALSE	0	45	100	0	0	395.979797464	395.979797464	21.3188588619	421	362	421	362
1	"1"	"1"	1	FALSE	0	45	100	0	0	395.979797464	395.979797464	21.3526630402	412	368	412	368
1	"1"	"1"	1	FALSE	0	45	100	0	0	395.979797464	395.979797464	21.3860599995	404	372	404	372
1	"1"	"1"	1	FALSE	0	45	100	0	0	395.979797464	395.979797464	21.4190058708	399	378	399	378
1	"1"	"1"	1	FALSE	0	45	100	0	0	395.979797464	395.979797464	21.4525229931	397	385	397	385
1	"1"	"1"	1	FALSE	0	45	100	0	0	395.979797464	395.979797464	21.4854578972	397	389	397	389
1	"1"	"1"	1	FALSE	0	45	100	0	0	395.979797464	395.979797464	21.5186798573	400	393	400	393
1	"1"	"1"	1	FALSE	0	45	100	0	0	395.979797464	395.979797464	21.5523998737	401	394	401	394
1	"1"	"1"	1	FALSE	0	45	100	0	0	395.979797464	395.979797464	21.58604002	406	396	406	396
1	"1"	"1"	1	FALSE	0	45	100	0	0	395.979797464	395.979797464	21.6195628643	409	401	409	401
1	"1"	"1"	1	FALSE	0	45	100	0	0	395.979797464	395.979797464	21.6522078514	411	401	411	401
1	"1"	"1"	1	FALSE	0	45	100	0	0	395.979797464	395.979797464	21.6860609055	413	402	413	402
1	"1"	"1"	1	FALSE	0	45	100	0	0	395.979797464	395.979797464	21.7196660042	415	400	415	400
1	"1"	"1"	1	FALSE	0	45	100	0	0	395.979797464	395.979797464	21.7528998852	415	401	415	401
1	"1"	"1"	1	FALSE	0	45	100	0	0	395.979797464	395.979797464	21.7863149643	415	400	415	400
1	"1"	"1"	1	FALSE	0	45	100	0	0	395.979797464	395.979797464	21.8190839291	414	401	414	401
1	"1"	"1"	1	FALSE	0	45	100	0	0	395.979797464	395.979797464	21.8530509472	414	400	414	400
1	"1"	"1"	1	FALSE	0	45	100	0	0	395.979797464	395.979797464	21.8863539696	414	401	414	401
1	"1"	"1"	1	FALSE	0	45	100	0	0	395.979797464	395.979797464	21.9197020531	414	402	414	402
1	"1"	"1"	1	FALSE	0	45	100	0	0	395.979797464	395.979797464	21.9524469376	414	402	414	402
1	"1"	"1"	1	FALSE	0	45	100	0	0	395.979797464	395.979797464	21.9862949848	414	401	414	401
1	"1"	"1"	1	FALSE	0	45	100	0	0	395.979797464	395.979797464	22.0197360516	414	400	414	400
1	"1"	"1"	1	FALSE	0	45	100	0	0	395.979797464	395.979797464	22.0528860092	415	400	415	400
1	"1"	"1"	1	FALSE	0	45	100	0	0	395.979797464	395.979797464	22.0865449905	415	399	415	399
1	"1"	"1"	1	FALSE	0	45	100	0	0	395.979797464	395.979797464	22.1198010445	415	397	415	397
1	"1"	"1"	1	FALSE	0	45	100	0	0	395.979797464	395.979797464	22.1528570652	413	397	413	397
1	"1"	"1"	1	FALSE	0	45	100	0	0	395.979797464	395.979797464	22.1866369247	411	395	411	395
1	"1"	"1"	1	FALSE	0	45	100	0	0	395.979797464	395.979797464	22.2198479176	409	392	409	392
1	"1"	"1"	1	FALSE	0	45	100	0	0	395.979797464	395.979797464	22.2529850006	407	394	407	394
1	"1"	"1"	1	FALSE	0	45	100	0	0	395.979797464	395.979797464	22.2877459526	405	393	405	393
1	"1"	"1"	1	FALSE	0	45	100	0	0	395.979797464	395.979797464	22.3199269772	402	392	402	392
1	"1"	"1"	1	FALSE	0	45	100	0	0	395.979797464	395.979797464	22.353402853	399	390	399	390
1	"1"	"1"	1	FALSE	0	45	100	0	0	395.979797464	395.979797464	22.3862550259	397	390	397	390
1	"1"	"1"	2	FALSE	0	135	100	0	0	-395.979797464	395.979797464	0.00225901603699	-4	-4	-4	-4
1	"1"	"1"	2	FALSE	0	135	100	0	0	-395.979797464	395.979797464	0.0380959510803	-3	-3	-3	-3
1	"1"	"1"	2	FALSE	0	135	100	0	0	-395.979797464	395.979797464	0.0713801383972	-2	-1	-2	-1
1	"1"	"1"	2	FALSE	0	135	100	0	0	-395.979797464	395.979797464	0.104700088501	-2	0	-2	0
1	"1"	"1"	2	FALSE	0	135	100	0	0	-395.979797464	395.979797464	0.138090133667	-2	2	-2	2
1	"1"	"1"	2	FALSE	0	135	100	0	0	-395.979797464	395.979797464	0.171287059784	-2	3	-2	3
1	"1"	"1"	2	FALSE	0	135	100	0	0	-395.979797464	395.979797464	0.204842090607	-2	4	-2	4
1	"1"	"1"	2	FALSE	0	135	100	0	0	-395.979797464	395.979797464	0.238106966019	-2	4	-2	4
1	"1"	"1"	2	FALSE	0	135	100	0	0	-395.979797464	395.979797464	0.271480083466	-2	4	-2	4
1	"1"	"1"	2	FALSE	0	135	100	0	0	-395.979797464	395.979797464	0.304795026779	-2	4	-2	4
1	"1"	"1"	2	FALSE	0	135	100	0	0	-395.979797464	395.979797464	0.338251113892	-2	4	-2	4
1	"1"	"1"	2	FALSE	0	135	100	0	0	-395.979797464	395.979797464	0.371680021286	-2	4	-2	4
1	"1"	"1"	2	FALSE	0	135	100	0	0	-395.979797464	395.979797464	0.405003070831	-2	4	-2	4
1	"1"	"1"	2	FALSE	0	135	100	0	0	-395.979797464	395.979797464	0.438275098801	-2	4	-2	4
1	"1"	"1"	2	FALSE	0	135	100	0	0	-395.979797464	395.979797464	0.471364974976	-2	4	-2	4
1	"1"	"1"	2	FALSE	0	135	100	0	0	-395.979797464	395.979797464	0.505068063736	-2	4	-2	4
1	"1"	"1"	2	FALSE	0	135	100	0	0	-395.979797464	395.979797464	0.538464069366	-4	4	-4	4
1	"1"	"1"	2	FALSE	0	135	100	0	0	-395.979797464	395.979797464	0.571767091751	-11	6	-11	6
1	"1"	"1"	2	FALSE	0	135	100	0	0	-395.979797464	395.979797464	0.6049721241	-22	10	-22	10
1	"1"	"1"	2	FALSE	0	135	100	0	0	-395.979797464	395.979797464	0.638502120972	-44	21	-44	21
1	"1"	"1"	2	FALSE	0	135	100	0	0	-395.979797464	395.979797464	0.671653985977	-67	33	-67	33
1	"1"	"1"	2	FALSE	0	135	100	0	0	-395.979797464	395.979797464	0.705247163773	-96	47	-96	47
1	"1"	"1"	2	FALSE	0	135	100	0	0	-395.979797464	395.979797464	0.738576173782	-123	61	-123	61
1	"1"	"1"	2	FALSE	0	135	100	0	0	-395.979797464	395.979797464	0.77191901207	-154	78	-154	78
1	"1"	"1"	2	FALSE	0	135	100	0	0	-395.979797464	395.979797464	0.805281162262	-184	96	-184	96
1	"1"	"1"	2	FALSE	0	135	100	0	0	-395.979797464	395.979797464	0.838717937469	-209	112	-209	112
1	"1"	"1"	2	FALSE	0	135	100	0	0	-395.979797464	395.979797464	0.872055053711	-235	132	-235	132
1	"1"	"1"	2	FALSE	0	135	100	0	0	-395.979797464	395.979797464	0.905158042908	-255	152	-255	152
1	"1"	"1"	2	FALSE	0	135	100	0	0	-395.979797464	395.979797464	0.938730955124	-270	168	-270	168
1	"1"	"1"	2	FALSE	0	135	100	0	0	-395.979797464	395.979797464	0.972144126892	-287	190	-287	190
1	"1"	"1"	2	FALSE	0	135	100	0	0	-395.979797464	395.979797464	1.00544309616	-298	203	-298	203
1	"1"	"1"	2	FALSE	0	135	100	0	0	-395.979797464	395.979797464	1.03880500793	-312	221	-312	221
1	"1"	"1"	2	FALSE	0	135	100	0	0	-395.979797464	395.979797464	1.0721321106	-324	236	-324	236
1	"1"	"1"	2	FALSE	0	135	100	0	0	-395.979797464	395.979797464	1.10549902916	-339	254	-339	254
1	"1"	"1"	2	FALSE	0	135	100	0	0	-395.979797464	395.979797464	1.13881611824	-352	272	-352	272
1	"1"	"1"	2	FALSE	0	135	100	0	0	-395.979797464	395.979797464	1.17228913307	-362	289	-362	289
1	"1"	"1"	2	FALSE	0	135	100	0	0	-395.979797464	395.979797464	1.20559310913	-372	303	-372	303
1	"1"	"1"	2	FALSE	0	135	100	0	0	-395.979797464	395.979797464	1.23888397217	-378	314	-378	314
1	"1"	"1"	2	FALSE	0	135	100	0	0	-395.979797464	395.979797464	1.27220916748	-382	325	-382	325
1	"1"	"1"	2	FALSE	0	135	100	0	0	-395.979797464	395.979797464	1.30556702614	-384	332	-384	332
1	"1"	"1"	2	FALSE	0	135	100	0	0	-395.979797464	395.979797464	1.33907294273	-385	339	-385	339
1	"1"	"1"	2	FALSE	0	135	100	0	0	-395.979797464	395.979797464	1.372423172	-385	345	-385	345
1	"1"	"1"	2	FALSE	0	135	100	0	0	-395.979797464	395.979797464	1.40560603142	-386	350	-386	350
1	"1"	"1"	2	FALSE	0	135	100	0	0	-395.979797464	395.979797464	1.43914198875	-387	356	-387	356
1	"1"	"1"	2	FALSE	0	135	100	0	0	-395.979797464	395.979797464	1.47239208221	-389	364	-389	364
1	"1"	"1"	2	FALSE	0	135	100	0	0	-395.979797464	395.979797464	1.50586795807	-392	374	-392	374
1	"1"	"1"	2	FALSE	0	135	100	0	0	-395.979797464	395.979797464	1.53914308548	-395	383	-395	383
1	"1"	"1"	2	FALSE	0	135	100	0	0	-395.979797464	395.979797464	1.57253193855	-398	391	-398	391
1	"1"	"1"	2	FALSE	0	135	100	0	0	-395.979797464	395.979797464	1.60587406158	-402	398	-402	398
1	"1"	"1"	2	FALSE	0	135	100	0	0	-395.979797464	395.979797464	1.63926506042	-404	402	-404	402
1	"1"	"1"	2	FALSE	0	135	100	0	0	-395.979797464	395.979797464	1.67256808281	-406	404	-406	404
1	"1"	"1"	2	FALSE	0	135	100	0	0	-395.979797464	395.979797464	1.70590806007	-407	405	-407	405
1	"1"	"1"	2	FALSE	0	135	100	0	0	-395.979797464	395.979797464	1.73935508728	-407	406	-407	406
1	"1"	"1"	2	FALSE	0	135	100	0	0	-395.979797464	395.979797464	1.77275395393	-407	406	-407	406
1	"1"	"1"	2	FALSE	0	135	100	0	0	-395.979797464	395.979797464	1.80602002144	-407	406	-407	406
1	"1"	"1"	2	FALSE	0	135	100	0	0	-395.979797464	395.979797464	1.83942699432	-407	405	-407	405
1	"1"	"1"	2	FALSE	0	135	100	0	0	-395.979797464	395.979797464	1.87274193764	-404	404	-404	404
1	"1"	"1"	2	FALSE	0	135	100	0	0	-395.979797464	395.979797464	1.90602707863	-402	402	-402	402
1	"1"	"1"	2	FALSE	0	135	100	0	0	-395.979797464	395.979797464	1.939494133	-400	401	-400	401
1	"1"	"1"	3	FALSE	0	90	100	0	0	3.42901103761e-14	560	0.00193309783936	-5	1	-5	1
1	"1"	"1"	3	FALSE	0	90	100	0	0	3.42901103761e-14	560	0.0223710536957	-5	1	-5	1
1	"1"	"1"	3	FALSE	0	90	100	0	0	3.42901103761e-14	560	0.055587053299	-5	1	-5	1
1	"1"	"1"	3	FALSE	0	90	100	0	0	3.42901103761e-14	560	0.0891289710999	-5	1	-5	1
1	"1"	"1"	3	FALSE	0	90	100	0	0	3.42901103761e-14	560	0.122608184814	-5	1	-5	1
1	"1"	"1"	3	FALSE	0	90	100	0	0	3.42901103761e-14	560	0.155985116959	-5	1	-5	1
1	"1"	"1"	3	FALSE	0	90	100	0	0	3.42901103761e-14	560	0.189442157745	-3	1	-3	1
1	"1"	"1"	3	FALSE	0	90	100	0	0	3.42901103761e-14	560	0.222762107849	-2	0	-2	0
1	"1"	"1"	3	FALSE	0	90	100	0	0	3.42901103761e-14	560	0.25613617897	-2	0	-2	0
1	"1"	"1"	3	FALSE	0	90	100	0	0	3.42901103761e-14	560	0.28954410553	-1	0	-1	0
1	"1"	"1"	3	FALSE	0	90	100	0	0	3.42901103761e-14	560	0.325133085251	-1	0	-1	0
1	"1"	"1"	3	FALSE	0	90	100	0	0	3.42901103761e-14	560	0.356027126312	-1	0	-1	0
1	"1"	"1"	3	FALSE	0	90	100	0	0	3.42901103761e-14	560	0.38955616951	-1	0	-1	0
1	"1"	"1"	3	FALSE	0	90	100	0	0	3.42901103761e-14	560	0.422908067703	-1	0	-1	0
1	"1"	"1"	3	FALSE	0	90	100	0	0	3.42901103761e-14	560	0.456179141998	-1	0	-1	0
1	"1"	"1"	3	FALSE	0	90	100	0	0	3.42901103761e-14	560	0.489551067352	-2	1	-2	1
1	"1"	"1"	3	FALSE	0	90	100	0	0	3.42901103761e-14	560	0.522988080978	-4	7	-4	7
1	"1"	"1"	3	FALSE	0	90	100	0	0	3.42901103761e-14	560	0.556321144104	-6	26	-6	26
1	"1"	"1"	3	FALSE	0	90	100	0	0	3.42901103761e-14	560	0.589725971222	-8	49	-8	49
1	"1"	"1"	3	FALSE	0	90	100	0	0	3.42901103761e-14	560	0.622867107391	-3	76	-3	76
1	"1"	"1"	3	FALSE	0	90	100	0	0	3.42901103761e-14	560	0.656327009201	4	109	4	109
1	"1"	"1"	3	FALSE	0	90	100	0	0	3.42901103761e-14	560	0.689805984497	9	139	9	139
1	"1"	"1"	3	FALSE	0	90	100	0	0	3.42901103761e-14	560	0.723483085632	13	177	13	177
1	"1"	"1"	3	FALSE	0	90	100	0	0	3.42901103761e-14	560	0.756531000137	14	216	14	216
1	"1"	"1"	3	FALSE	0	90	100	0	0	3.42901103761e-14	560	0.789904117584	16	252	16	252
1	"1"	"1"	3	FALSE	0	90	100	0	0	3.42901103761e-14	560	0.823276042938	19	280	19	280
1	"1"	"1"	3	FALSE	0	90	100	0	0	3.42901103761e-14	560	0.85661315918	18	311	18	311
1	"1"	"1"	3	FALSE	0	90	100	0	0	3.42901103761e-14	560	0.88979101181	15	338	15	338
1	"1"	"1"	3	FALSE	0	90	100	0	0	3.42901103761e-14	560	0.923276185989	12	358	12	358
1	"1"	"1"	3	FALSE	0	90	100	0	0	3.42901103761e-14	560	0.956694126129	9	381	9	381
1	"1"	"1"	3	FALSE	0	90	100	0	0	3.42901103761e-14	560	0.989905118942	8	397	8	397
1	"1"	"1"	3	FALSE	0	90	100	0	0	3.42901103761e-14	560	1.02343606949	8	415	8	415
1	"1"	"1"	3	FALSE	0	90	100	0	0	3.42901103761e-14	560	1.05668616295	8	429	8	429
1	"1"	"1"	3	FALSE	0	90	100	0	0	3.42901103761e-14	560	1.09013915062	7	444	7	444
1	"1"	"1"	3	FALSE	0	90	100	0	0	3.42901103761e-14	560	1.12349414825	4	458	4	458
1	"1"	"1"	3	FALSE	0	90	100	0	0	3.42901103761e-14	560	1.15680003166	2	469	2	469
1	"1"	"1"	3	FALSE	0	90	100	0	0	3.42901103761e-14	560	1.19016599655	-1	481	-1	481
1	"1"	"1"	3	FALSE	0	90	100	0	0	3.42901103761e-14	560	1.2234351635	-4	492	-4	492
1	"1"	"1"	3	FALSE	0	90	100	0	0	3.42901103761e-14	560	1.25680398941	-6	501	-6	501
1	"1"	"1"	3	FALSE	0	90	100	0	0	3.42901103761e-14	560	1.29029417038	-7	513	-7	513
1	"1"	"1"	3	FALSE	0	90	100	0	0	3.42901103761e-14	560	1.32356095314	-8	521	-8	521
1	"1"	"1"	3	FALSE	0	90	100	0	0	3.42901103761e-14	560	1.35698509216	-9	529	-9	529
1	"1"	"1"	3	FALSE	0	90	100	0	0	3.42901103761e-14	560	1.3903260231	-10	533	-10	533
1	"1"	"1"	3	FALSE	0	90	100	0	0	3.42901103761e-14	560	1.42370605469	-10	536	-10	536
1	"1"	"1"	3	FALSE	0	90	100	0	0	3.42901103761e-14	560	1.45707201958	-10	538	-10	538
1	"1"	"1"	3	FALSE	0	90	100	0	0	3.42901103761e-14	560	1.49032497406	-10	539	-10	539
1	"1"	"1"	3	FALSE	0	90	100	0	0	3.42901103761e-14	560	1.52377510071	-10	540	-10	540
1	"1"	"1"	3	FALSE	0	90	100	0	0	3.42901103761e-14	560	1.55707001686	-9	542	-9	542
1	"1"	"1"	3	FALSE	0	90	100	0	0	3.42901103761e-14	560	1.59048700333	-9	544	-9	544
1	"1"	"1"	3	FALSE	0	90	100	0	0	3.42901103761e-14	560	1.62388896942	-8	548	-8	548
1	"1"	"1"	3	FALSE	0	90	100	0	0	3.42901103761e-14	560	1.65727114677	-8	552	-8	552
1	"1"	"1"	3	FALSE	0	90	100	0	0	3.42901103761e-14	560	1.69061017036	-7	556	-7	556
1	"1"	"1"	3	FALSE	0	90	100	0	0	3.42901103761e-14	560	1.72391200066	-6	559	-6	559
1	"1"	"1"	3	FALSE	0	90	100	0	0	3.42901103761e-14	560	1.757199049	-6	562	-6	562
1	"1"	"1"	3	FALSE	0	90	100	0	0	3.42901103761e-14	560	1.79056310654	-5	563	-5	563
1	"1"	"1"	4	FALSE	0	90	100	0	0	3.42901103761e-14	560	0.00198101997375	0	3	0	3
1	"1"	"1"	4	FALSE	0	90	100	0	0	3.42901103761e-14	560	0.0227198600769	0	3	0	3
1	"1"	"1"	4	FALSE	0	90	100	0	0	3.42901103761e-14	560	0.0561640262604	0	3	0	3
1	"1"	"1"	4	FALSE	0	90	100	0	0	3.42901103761e-14	560	0.0894529819489	0	3	0	3
1	"1"	"1"	4	FALSE	0	90	100	0	0	3.42901103761e-14	560	0.122797966003	0	2	0	2
1	"1"	"1"	4	FALSE	0	90	100	0	0	3.42901103761e-14	560	0.155672073364	1	0	1	0
1	"1"	"1"	4	FALSE	0	90	100	0	0	3.42901103761e-14	560	0.18972992897	1	0	1	0
1	"1"	"1"	4	FALSE	0	90	100	0	0	3.42901103761e-14	560	0.223123073578	1	0	1	0
1	"1"	"1"	4	FALSE	0	90	100	0	0	3.42901103761e-14	560	0.256012916565	1	0	1	0
1	"1"	"1"	4	FALSE	0	90	100	0	0	3.42901103761e-14	560	0.289818048477	1	0	1	0
1	"1"	"1"	4	FALSE	0	90	100	0	0	3.42901103761e-14	560	0.323091983795	1	0	1	0
1	"1"	"1"	4	FALSE	0	90	100	0	0	3.42901103761e-14	560	0.356502056122	1	0	1	0
1	"1"	"1"	4	FALSE	0	90	100	0	0	3.42901103761e-14	560	0.389930963516	0	8	0	8
1	"1"	"1"	4	FALSE	0	90	100	0	0	3.42901103761e-14	560	0.423017024994	0	24	0	24
1	"1"	"1"	4	FALSE	0	90	100	0	0	3.42901103761e-14	560	0.45657992363	0	52	0	52
1	"1"	"1"	4	FALSE	0	90	100	0	0	3.42901103761e-14	560	0.48997092247	3	83	3	83
1	"1"	"1"	4	FALSE	0	90	100	0	0	3.42901103761e-14	560	0.522916078568	7	114	7	114
1	"1"	"1"	4	FALSE	0	90	100	0	0	3.42901103761e-14	560	0.556603908539	11	148	11	148
1	"1"	"1"	4	FALSE	0	90	100	0	0	3.42901103761e-14	560	0.589335918427	14	184	14	184
1	"1"	"1"	4	FALSE	0	90	100	0	0	3.42901103761e-14	560	0.623328924179	17	216	17	216
1	"1"	"1"	4	FALSE	0	90	100	0	0	3.42901103761e-14	560	0.656741857529	21	252	21	252
1	"1"	"1"	4	FALSE	0	90	100	0	0	3.42901103761e-14	560	0.689579963684	23	288	23	288
1	"1"	"1"	4	FALSE	0	90	100	0	0	3.42901103761e-14	560	0.72350692749	22	322	22	322
1	"1"	"1"	4	FALSE	0	90	100	0	0	3.42901103761e-14	560	0.75670003891	20	348	20	348
1	"1"	"1"	4	FALSE	0	90	100	0	0	3.42901103761e-14	560	0.790040016174	17	376	17	376
1	"1"	"1"	4	FALSE	0	90	100	0	0	3.42901103761e-14	560	0.82343506813	12	398	12	398
1	"1"	"1"	4	FALSE	0	90	100	0	0	3.42901103761e-14	560	0.856224060059	8	416	8	416
1	"1"	"1"	4	FALSE	0	90	100	0	0	3.42901103761e-14	560	0.890272855759	4	429	4	429
1	"1"	"1"	4	FALSE	0	90	100	0	0	3.42901103761e-14	560	0.923625946045	1	443	1	443
1	"1"	"1"	4	FALSE	0	90	100	0	0	3.42901103761e-14	560	0.956861972809	-1	456	-1	456
1	"1"	"1"	4	FALSE	0	90	100	0	0	3.42901103761e-14	560	0.990321874619	-2	466	-2	466
1	"1"	"1"	4	FALSE	0	90	100	0	0	3.42901103761e-14	560	1.02339196205	-4	477	-4	477
1	"1"	"1"	4	FALSE	0	90	100	0	0	3.42901103761e-14	560	1.05697393417	-5	487	-5	487
1	"1"	"1"	4	FALSE	0	90	100	0	0	3.42901103761e-14	560	1.09042000771	-5	495	-5	495
1	"1"	"1"	4	FALSE	0	90	100	0	0	3.42901103761e-14	560	1.12315201759	-6	505	-6	505
1	"1"	"1"	4	FALSE	0	90	100	0	0	3.42901103761e-14	560	1.15697002411	-7	515	-7	515
1	"1"	"1"	4	FALSE	0	90	100	0	0	3.42901103761e-14	560	1.19050192833	-8	523	-8	523
1	"1"	"1"	4	FALSE	0	90	100	0	0	3.42901103761e-14	560	1.22332787514	-9	533	-9	533
1	"1"	"1"	4	FALSE	0	90	100	0	0	3.42901103761e-14	560	1.25721287727	-10	541	-10	541
1	"1"	"1"	4	FALSE	0	90	100	0	0	3.42901103761e-14	560	1.29046702385	-10	547	-10	547
1	"1"	"1"	4	FALSE	0	90	100	0	0	3.42901103761e-14	560	1.32397794724	-10	550	-10	550
1	"1"	"1"	4	FALSE	0	90	100	0	0	3.42901103761e-14	560	1.35730600357	-9	553	-9	553
1	"1"	"1"	4	FALSE	0	90	100	0	0	3.42901103761e-14	560	1.3904709816	-9	555	-9	555
1	"1"	"1"	5	FALSE	0	135	100	0	0	-395.979797464	395.979797464	0.00199007987976	-5	1	-5	1
1	"1"	"1"	5	FALSE	0	135	100	0	0	-395.979797464	395.979797464	0.0224061012268	-4	0	-4	0
1	"1"	"1"	5	FALSE	0	135	100	0	0	-395.979797464	395.979797464	0.0561242103577	-3	-1	-3	-1
1	"1"	"1"	5	FALSE	0	135	100	0	0	-395.979797464	395.979797464	0.0892810821533	-3	-1	-3	-1
1	"1"	"1"	5	FALSE	0	135	100	0	0	-395.979797464	395.979797464	0.122805118561	-3	-1	-3	-1
1	"1"	"1"	5	FALSE	0	135	100	0	0	-395.979797464	395.979797464	0.156194210052	-2	-2	-2	-2
1	"1"	"1"	5	FALSE	0	135	100	0	0	-395.979797464	395.979797464	0.189415216446	-1	-3	-1	-3
1	"1"	"1"	5	FALSE	0	135	100	0	0	-395.979797464	395.979797464	0.222815036774	-1	-3	-1	-3
1	"1"	"1"	5	FALSE	0	135	100	0	0	-395.979797464	395.979797464	0.255694150925	-1	-3	-1	-3
1	"1"	"1"	5	FALSE	0	135	100	0	0	-395.979797464	395.979797464	0.28965306282	-1	-3	-1	-3
1	"1"	"1"	5	FALSE	0	135	100	0	0	-395.979797464	395.979797464	0.323093175888	-3	-1	-3	-1
1	"1"	"1"	5	FALSE	0	135	100	0	0	-395.979797464	395.979797464	0.356159210205	-8	4	-8	4
1	"1"	"1"	5	FALSE	0	135	100	0	0	-395.979797464	395.979797464	0.389748096466	-22	17	-22	17
1	"1"	"1"	5	FALSE	0	135	100	0	0	-395.979797464	395.979797464	0.422963142395	-51	40	-51	40
1	"1"	"1"	5	FALSE	0	135	100	0	0	-395.979797464	395.979797464	0.455981016159	-76	61	-76	61
1	"1"	"1"	5	FALSE	0	135	100	0	0	-395.979797464	395.979797464	0.489831209183	-113	90	-113	90
1	"1"	"1"	5	FALSE	0	135	100	0	0	-395.979797464	395.979797464	0.523175001144	-143	111	-143	111
1	"1"	"1"	5	FALSE	0	135	100	0	0	-395.979797464	395.979797464	0.556453227997	-179	135	-179	135
1	"1"	"1"	5	FALSE	0	135	100	0	0	-395.979797464	395.979797464	0.589750051498	-212	158	-212	158
1	"1"	"1"	5	FALSE	0	135	100	0	0	-395.979797464	395.979797464	0.623117208481	-234	177	-234	177
1	"1"	"1"	5	FALSE	0	135	100	0	0	-395.979797464	395.979797464	0.655913114548	-255	197	-255	197
1	"1"	"1"	5	FALSE	0	135	100	0	0	-395.979797464	395.979797464	0.689877033234	-268	215	-268	215
1	"1"	"1"	5	FALSE	0	135	100	0	0	-395.979797464	395.979797464	0.723343133926	-280	237	-280	237
1	"1"	"1"	5	FALSE	0	135	100	0	0	-395.979797464	395.979797464	0.756198167801	-285	249	-285	249
1	"1"	"1"	5	FALSE	0	135	100	0	0	-395.979797464	395.979797464	0.790106058121	-291	267	-291	267
1	"1"	"1"	5	FALSE	0	135	100	0	0	-395.979797464	395.979797464	0.823427200317	-297	283	-297	283
1	"1"	"1"	5	FALSE	0	135	100	0	0	-395.979797464	395.979797464	0.856173038483	-303	296	-303	296
1	"1"	"1"	5	FALSE	0	135	100	0	0	-395.979797464	395.979797464	0.890090227127	-310	311	-310	311
1	"1"	"1"	5	FALSE	0	135	100	0	0	-395.979797464	395.979797464	0.9235060215	-318	323	-318	323
1	"1"	"1"	5	FALSE	0	135	100	0	0	-395.979797464	395.979797464	0.956514120102	-331	337	-331	337
1	"1"	"1"	5	FALSE	0	135	100	0	0	-395.979797464	395.979797464	0.990156173706	-345	350	-345	350
1	"1"	"1"	5	FALSE	0	135	100	0	0	-395.979797464	395.979797464	1.02343511581	-358	362	-358	362
1	"1"	"1"	5	FALSE	0	135	100	0	0	-395.979797464	395.979797464	1.05627322197	-370	372	-370	372
1	"1"	"1"	5	FALSE	0	135	100	0	0	-395.979797464	395.979797464	1.09028816223	-379	380	-379	380
1	"1"	"1"	5	FALSE	0	135	100	0	0	-395.979797464	395.979797464	1.12370610237	-386	386	-386	386
1	"1"	"1"	5	FALSE	0	135	100	0	0	-395.979797464	395.979797464	1.15663909912	-391	390	-391	390
1	"1"	"1"	5	FALSE	0	135	100	0	0	-395.979797464	395.979797464	1.19039916992	-395	393	-395	393
1	"1"	"1"	5	FALSE	0	135	100	0	0	-395.979797464	395.979797464	1.22373604774	-397	395	-397	395
1	"1"	"1"	6	FALSE	0	45	100	0	0	395.979797464	395.979797464	0.00163602828979	9	-1	9	-1
1	"1"	"1"	6	FALSE	0	45	100	0	0	395.979797464	395.979797464	0.0226321220398	9	-1	9	-1
1	"1"	"1"	6	FALSE	0	45	100	0	0	395.979797464	395.979797464	0.0560400485992	9	-1	9	-1
1	"1"	"1"	6	FALSE	0	45	100	0	0	395.979797464	395.979797464	0.0889999866486	9	-1	9	-1
1	"1"	"1"	6	FALSE	0	45	100	0	0	395.979797464	395.979797464	0.12285399437	9	-1	9	-1
1	"1"	"1"	6	FALSE	0	45	100	0	0	395.979797464	395.979797464	0.156301021576	9	-1	9	-1
1	"1"	"1"	6	FALSE	0	45	100	0	0	395.979797464	395.979797464	0.189037084579	9	-1	9	-1
1	"1"	"1"	6	FALSE	0	45	100	0	0	395.979797464	395.979797464	0.222893953323	8	0	8	0
1	"1"	"1"	6	FALSE	0	45	100	0	0	395.979797464	395.979797464	0.256323099136	8	0	8	0
1	"1"	"1"	6	FALSE	0	45	100	0	0	395.979797464	395.979797464	0.289037942886	8	0	8	0
1	"1"	"1"	6	FALSE	0	45	100	0	0	395.979797464	395.979797464	0.323035001755	8	0	8	0
1	"1"	"1"	6	FALSE	0	45	100	0	0	395.979797464	395.979797464	0.35636305809	8	0	8	0
1	"1"	"1"	6	FALSE	0	45	100	0	0	395.979797464	395.979797464	0.389791965485	8	0	8	0
1	"1"	"1"	6	FALSE	0	45	100	0	0	395.979797464	395.979797464	0.423300027847	14	5	14	5
1	"1"	"1"	6	FALSE	0	45	100	0	0	395.979797464	395.979797464	0.456521987915	31	18	31	18
1	"1"	"1"	6	FALSE	0	45	100	0	0	395.979797464	395.979797464	0.489833116531	62	43	62	43
1	"1"	"1"	6	FALSE	0	45	100	0	0	395.979797464	395.979797464	0.52320599556	93	75	93	75
1	"1"	"1"	6	FALSE	0	45	100	0	0	395.979797464	395.979797464	0.556595087051	120	108	120	108
1	"1"	"1"	6	FALSE	0	45	100	0	0	395.979797464	395.979797464	0.589306116104	151	142	151	142
1	"1"	"1"	6	FALSE	0	45	100	0	0	395.979797464	395.979797464	0.623300075531	181	173	181	173
1	"1"	"1"	6	FALSE	0	45	100	0	0	395.979797464	395.979797464	0.656666994095	203	197	203	197
1	"1"	"1"	6	FALSE	0	45	100	0	0	395.979797464	395.979797464	0.6899061203	229	224	229	224
1	"1"	"1"	6	FALSE	0	45	100	0	0	395.979797464	395.979797464	0.723140001297	245	242	245	242
1	"1"	"1"	6	FALSE	0	45	100	0	0	395.979797464	395.979797464	0.756786108017	258	261	258	261
1	"1"	"1"	6	FALSE	0	45	100	0	0	395.979797464	395.979797464	0.789812088013	270	279	270	279
1	"1"	"1"	6	FALSE	0	45	100	0	0	395.979797464	395.979797464	0.823236942291	281	295	281	295
1	"1"	"1"	6	FALSE	0	45	100	0	0	395.979797464	395.979797464	0.856805086136	297	314	297	314
1	"1"	"1"	6	FALSE	0	45	100	0	0	395.979797464	395.979797464	0.889505147934	311	329	311	329
1	"1"	"1"	6	FALSE	0	45	100	0	0	395.979797464	395.979797464	0.923295974731	326	344	326	344
1	"1"	"1"	6	FALSE	0	45	100	0	0	395.979797464	395.979797464	0.956830978394	335	356	335	356
1	"1"	"1"	6	FALSE	0	45	100	0	0	395.979797464	395.979797464	0.99024105072	341	364	341	364
1	"1"	"1"	6	FALSE	0	45	100	0	0	395.979797464	395.979797464	1.02352809906	344	368	344	368
1	"1"	"1"	6	FALSE	0	45	100	0	0	395.979797464	395.979797464	1.05702400208	347	372	347	372
1	"1"	"1"	6	FALSE	0	45	100	0	0	395.979797464	395.979797464	1.09020996094	352	374	352	374
1	"1"	"1"	6	FALSE	0	45	100	0	0	395.979797464	395.979797464	1.12358403206	357	375	357	375
1	"1"	"1"	6	FALSE	0	45	100	0	0	395.979797464	395.979797464	1.15701293945	365	378	365	378
1	"1"	"1"	6	FALSE	0	45	100	0	0	395.979797464	395.979797464	1.19026112556	373	382	373	382
1	"1"	"1"	6	FALSE	0	45	100	0	0	395.979797464	395.979797464	1.22345209122	379	385	379	385
1	"1"	"1"	6	FALSE	0	45	100	0	0	395.979797464	395.979797464	1.25701498985	386	389	386	389
1	"1"	"1"	6	FALSE	0	45	100	0	0	395.979797464	395.979797464	1.29046392441	391	391	391	391
1	"1"	"1"	6	FALSE	0	45	100	0	0	395.979797464	395.979797464	1.32340598106	394	391	394	391
