"task_num"	"task_name"	"trial_type"	"trial_num"	"terminalfeedback_bool"	"rotation_angle"	"targetangle_deg"	"targetdistance_percmax"	"homex_px"	"homey_px"	"targetx_px"	"targety_px"	"time_s"	"mousex_px"	"mousey_px"	"cursorx_px"	"cursory_px"
1	"1"	"1"	1	FALSE	0	45	100	0	0	395.979797464	395.979797464	1551300174.83	-2	-3	-2	-3
1	"1"	"1"	1	FALSE	0	45	100	0	0	395.979797464	395.979797464	1551300174.87	-3	-3	-3	-3
1	"1"	"1"	1	FALSE	0	45	100	0	0	395.979797464	395.979797464	1551300174.9	-4	-2	-4	-2
1	"1"	"1"	1	FALSE	0	45	100	0	0	395.979797464	395.979797464	1551300174.93	-4	-2	-4	-2
1	"1"	"1"	1	FALSE	0	45	100	0	0	395.979797464	395.979797464	1551300174.97	-4	-2	-4	-2
1	"1"	"1"	1	FALSE	0	45	100	0	0	395.979797464	395.979797464	1551300175	-4	-2	-4	-2
1	"1"	"1"	1	FALSE	0	45	100	0	0	395.979797464	395.979797464	1551300175.03	-4	-2	-4	-2
1	"1"	"1"	1	FALSE	0	45	100	0	0	395.979797464	395.979797464	1551300175.07	-4	-2	-4	-2
1	"1"	"1"	1	FALSE	0	45	100	0	0	395.979797464	395.979797464	1551300175.1	-3	-2	-3	-2
1	"1"	"1"	1	FALSE	0	45	100	0	0	395.979797464	395.979797464	1551300175.13	-2	-1	-2	-1
1	"1"	"1"	1	FALSE	0	45	100	0	0	395.979797464	395.979797464	1551300175.17	-2	-1	-2	-1
1	"1"	"1"	1	FALSE	0	45	100	0	0	395.979797464	395.979797464	1551300175.2	-2	0	-2	0
1	"1"	"1"	1	FALSE	0	45	100	0	0	395.979797464	395.979797464	1551300175.23	-2	0	-2	0
1	"1"	"1"	1	FALSE	0	45	100	0	0	395.979797464	395.979797464	1551300175.27	-2	0	-2	0
1	"1"	"1"	1	FALSE	0	45	100	0	0	395.979797464	395.979797464	1551300175.3	-2	0	-2	0
1	"1"	"1"	1	FALSE	0	45	100	0	0	395.979797464	395.979797464	1551300175.33	-2	0	-2	0
1	"1"	"1"	1	FALSE	0	45	100	0	0	395.979797464	395.979797464	1551300175.37	-2	0	-2	0
1	"1"	"1"	1	FALSE	0	45	100	0	0	395.979797464	395.979797464	1551300175.4	-2	0	-2	0
1	"1"	"1"	1	FALSE	0	45	100	0	0	395.979797464	395.979797464	1551300175.43	-1	0	-1	0
1	"1"	"1"	1	FALSE	0	45	100	0	0	395.979797464	395.979797464	1551300175.47	0	1	0	1
1	"1"	"1"	1	FALSE	0	45	100	0	0	395.979797464	395.979797464	1551300175.5	1	1	1	1
1	"1"	"1"	1	FALSE	0	45	100	0	0	395.979797464	395.979797464	1551300175.53	3	4	3	4
1	"1"	"1"	1	FALSE	0	45	100	0	0	395.979797464	395.979797464	1551300175.57	7	9	7	9
1	"1"	"1"	1	FALSE	0	45	100	0	0	395.979797464	395.979797464	1551300175.6	12	15	12	15
1	"1"	"1"	1	FALSE	0	45	100	0	0	395.979797464	395.979797464	1551300175.63	24	30	24	30
1	"1"	"1"	1	FALSE	0	45	100	0	0	395.979797464	395.979797464	1551300175.67	46	54	46	54
1	"1"	"1"	1	FALSE	0	45	100	0	0	395.979797464	395.979797464	1551300175.7	66	77	66	77
1	"1"	"1"	1	FALSE	0	45	100	0	0	395.979797464	395.979797464	1551300175.73	83	96	83	96
1	"1"	"1"	1	FALSE	0	45	100	0	0	395.979797464	395.979797464	1551300175.77	105	121	105	121
1	"1"	"1"	1	FALSE	0	45	100	0	0	395.979797464	395.979797464	1551300175.8	125	141	125	141
1	"1"	"1"	1	FALSE	0	45	100	0	0	395.979797464	395.979797464	1551300175.83	142	158	142	158
1	"1"	"1"	1	FALSE	0	45	100	0	0	395.979797464	395.979797464	1551300175.87	164	179	164	179
1	"1"	"1"	1	FALSE	0	45	100	0	0	395.979797464	395.979797464	1551300175.9	188	203	188	203
1	"1"	"1"	1	FALSE	0	45	100	0	0	395.979797464	395.979797464	1551300175.93	208	226	208	226
1	"1"	"1"	1	FALSE	0	45	100	0	0	395.979797464	395.979797464	1551300175.97	234	256	234	256
1	"1"	"1"	1	FALSE	0	45	100	0	0	395.979797464	395.979797464	1551300176	263	291	263	291
1	"1"	"1"	1	FALSE	0	45	100	0	0	395.979797464	395.979797464	1551300176.03	298	325	298	325
1	"1"	"1"	1	FALSE	0	45	100	0	0	395.979797464	395.979797464	1551300176.07	327	354	327	354
1	"1"	"1"	1	FALSE	0	45	100	0	0	395.979797464	395.979797464	1551300176.1	358	384	358	384
1	"1"	"1"	1	FALSE	0	45	100	0	0	395.979797464	395.979797464	1551300176.13	381	405	381	405
1	"1"	"1"	1	FALSE	0	45	100	0	0	395.979797464	395.979797464	1551300176.17	391	416	391	416
1	"1"	"1"	1	FALSE	0	45	100	0	0	395.979797464	395.979797464	1551300176.2	400	425	400	425
1	"1"	"1"	1	FALSE	0	45	100	0	0	395.979797464	395.979797464	1551300176.23	403	429	403	429
1	"1"	"1"	1	FALSE	0	45	100	0	0	395.979797464	395.979797464	1551300176.27	403	429	403	429
1	"1"	"1"	1	FALSE	0	45	100	0	0	395.979797464	395.979797464	1551300176.3	404	430	404	430
1	"1"	"1"	1	FALSE	0	45	100	0	0	395.979797464	395.979797464	1551300176.33	406	431	406	431
1	"1"	"1"	1	FALSE	0	45	100	0	0	395.979797464	395.979797464	1551300176.37	407	432	407	432
1	"1"	"1"	1	FALSE	0	45	100	0	0	395.979797464	395.979797464	1551300176.4	409	431	409	431
1	"1"	"1"	1	FALSE	0	45	100	0	0	395.979797464	395.979797464	1551300176.43	409	427	409	427
1	"1"	"1"	1	FALSE	0	45	100	0	0	395.979797464	395.979797464	1551300176.47	404	413	404	413
1	"1"	"1"	1	FALSE	0	45	100	0	0	395.979797464	395.979797464	1551300176.5	396	400	396	400
1	"1"	"1"	1	FALSE	0	45	100	0	0	395.979797464	395.979797464	1551300176.53	389	393	389	393
1	"1"	"1"	1	FALSE	0	45	100	0	0	395.979797464	395.979797464	1551300176.57	388	392	388	392
1	"1"	"1"	2	FALSE	0	90	100	0	0	3.42901103761e-14	560	1551300177.88	-1	-3	-1	-3
1	"1"	"1"	2	FALSE	0	90	100	0	0	3.42901103761e-14	560	1551300177.9	0	-1	0	-1
1	"1"	"1"	2	FALSE	0	90	100	0	0	3.42901103761e-14	560	1551300177.93	2	4	2	4
1	"1"	"1"	2	FALSE	0	90	100	0	0	3.42901103761e-14	560	1551300177.97	5	10	5	10
1	"1"	"1"	2	FALSE	0	90	100	0	0	3.42901103761e-14	560	1551300178	8	13	8	13
1	"1"	"1"	2	FALSE	0	90	100	0	0	3.42901103761e-14	560	1551300178.03	8	14	8	14
1	"1"	"1"	2	FALSE	0	90	100	0	0	3.42901103761e-14	560	1551300178.07	8	14	8	14
1	"1"	"1"	2	FALSE	0	90	100	0	0	3.42901103761e-14	560	1551300178.1	8	14	8	14
1	"1"	"1"	2	FALSE	0	90	100	0	0	3.42901103761e-14	560	1551300178.13	8	14	8	14
1	"1"	"1"	2	FALSE	0	90	100	0	0	3.42901103761e-14	560	1551300178.17	8	14	8	14
1	"1"	"1"	2	FALSE	0	90	100	0	0	3.42901103761e-14	560	1551300178.2	8	14	8	14
1	"1"	"1"	2	FALSE	0	90	100	0	0	3.42901103761e-14	560	1551300178.23	7	15	7	15
1	"1"	"1"	2	FALSE	0	90	100	0	0	3.42901103761e-14	560	1551300178.27	6	22	6	22
1	"1"	"1"	2	FALSE	0	90	100	0	0	3.42901103761e-14	560	1551300178.3	4	52	4	52
1	"1"	"1"	2	FALSE	0	90	100	0	0	3.42901103761e-14	560	1551300178.33	4	89	4	89
1	"1"	"1"	2	FALSE	0	90	100	0	0	3.42901103761e-14	560	1551300178.37	4	128	4	128
1	"1"	"1"	2	FALSE	0	90	100	0	0	3.42901103761e-14	560	1551300178.4	5	173	5	173
1	"1"	"1"	2	FALSE	0	90	100	0	0	3.42901103761e-14	560	1551300178.43	4	207	4	207
1	"1"	"1"	2	FALSE	0	90	100	0	0	3.42901103761e-14	560	1551300178.47	-3	246	-3	246
1	"1"	"1"	2	FALSE	0	90	100	0	0	3.42901103761e-14	560	1551300178.5	-7	278	-7	278
1	"1"	"1"	2	FALSE	0	90	100	0	0	3.42901103761e-14	560	1551300178.53	-13	319	-13	319
1	"1"	"1"	2	FALSE	0	90	100	0	0	3.42901103761e-14	560	1551300178.57	-18	356	-18	356
1	"1"	"1"	2	FALSE	0	90	100	0	0	3.42901103761e-14	560	1551300178.6	-21	385	-21	385
1	"1"	"1"	2	FALSE	0	90	100	0	0	3.42901103761e-14	560	1551300178.63	-25	414	-25	414
1	"1"	"1"	2	FALSE	0	90	100	0	0	3.42901103761e-14	560	1551300178.67	-27	435	-27	435
1	"1"	"1"	2	FALSE	0	90	100	0	0	3.42901103761e-14	560	1551300178.7	-28	446	-28	446
1	"1"	"1"	2	FALSE	0	90	100	0	0	3.42901103761e-14	560	1551300178.73	-27	461	-27	461
1	"1"	"1"	2	FALSE	0	90	100	0	0	3.42901103761e-14	560	1551300178.77	-26	476	-26	476
1	"1"	"1"	2	FALSE	0	90	100	0	0	3.42901103761e-14	560	1551300178.8	-25	491	-25	491
1	"1"	"1"	2	FALSE	0	90	100	0	0	3.42901103761e-14	560	1551300178.83	-25	505	-25	505
1	"1"	"1"	2	FALSE	0	90	100	0	0	3.42901103761e-14	560	1551300178.87	-28	520	-28	520
1	"1"	"1"	2	FALSE	0	90	100	0	0	3.42901103761e-14	560	1551300178.9	-30	534	-30	534
1	"1"	"1"	2	FALSE	0	90	100	0	0	3.42901103761e-14	560	1551300178.93	-32	545	-32	545
1	"1"	"1"	2	FALSE	0	90	100	0	0	3.42901103761e-14	560	1551300178.97	-33	555	-33	555
1	"1"	"1"	2	FALSE	0	90	100	0	0	3.42901103761e-14	560	1551300179	-32	560	-32	560
1	"1"	"1"	2	FALSE	0	90	100	0	0	3.42901103761e-14	560	1551300179.04	-30	564	-30	564
1	"1"	"1"	2	FALSE	0	90	100	0	0	3.42901103761e-14	560	1551300179.07	-28	567	-28	567
1	"1"	"1"	2	FALSE	0	90	100	0	0	3.42901103761e-14	560	1551300179.1	-26	568	-26	568
1	"1"	"1"	2	FALSE	0	90	100	0	0	3.42901103761e-14	560	1551300179.14	-21	571	-21	571
1	"1"	"1"	2	FALSE	0	90	100	0	0	3.42901103761e-14	560	1551300179.17	-16	573	-16	573
1	"1"	"1"	2	FALSE	0	90	100	0	0	3.42901103761e-14	560	1551300179.2	-12	573	-12	573
1	"1"	"1"	2	FALSE	0	90	100	0	0	3.42901103761e-14	560	1551300179.24	-8	571	-8	571
1	"1"	"1"	2	FALSE	0	90	100	0	0	3.42901103761e-14	560	1551300179.27	-5	569	-5	569
1	"1"	"1"	2	FALSE	0	90	100	0	0	3.42901103761e-14	560	1551300179.3	-1	565	-1	565
1	"1"	"1"	2	FALSE	0	90	100	0	0	3.42901103761e-14	560	1551300179.34	1	564	1	564
1	"1"	"1"	2	FALSE	0	90	100	0	0	3.42901103761e-14	560	1551300179.37	2	563	2	563
1	"1"	"1"	3	FALSE	0	135	100	0	0	-395.979797464	395.979797464	1551300181.18	7	-2	7	-2
1	"1"	"1"	3	FALSE	0	135	100	0	0	-395.979797464	395.979797464	1551300181.2	7	-2	7	-2
1	"1"	"1"	3	FALSE	0	135	100	0	0	-395.979797464	395.979797464	1551300181.24	7	-2	7	-2
1	"1"	"1"	3	FALSE	0	135	100	0	0	-395.979797464	395.979797464	1551300181.27	7	-2	7	-2
1	"1"	"1"	3	FALSE	0	135	100	0	0	-395.979797464	395.979797464	1551300181.3	7	-2	7	-2
1	"1"	"1"	3	FALSE	0	135	100	0	0	-395.979797464	395.979797464	1551300181.34	7	-2	7	-2
1	"1"	"1"	3	FALSE	0	135	100	0	0	-395.979797464	395.979797464	1551300181.37	6	-1	6	-1
1	"1"	"1"	3	FALSE	0	135	100	0	0	-395.979797464	395.979797464	1551300181.4	5	-1	5	-1
1	"1"	"1"	3	FALSE	0	135	100	0	0	-395.979797464	395.979797464	1551300181.44	5	-1	5	-1
1	"1"	"1"	3	FALSE	0	135	100	0	0	-395.979797464	395.979797464	1551300181.47	5	-1	5	-1
1	"1"	"1"	3	FALSE	0	135	100	0	0	-395.979797464	395.979797464	1551300181.5	5	-1	5	-1
1	"1"	"1"	3	FALSE	0	135	100	0	0	-395.979797464	395.979797464	1551300181.54	0	1	0	1
1	"1"	"1"	3	FALSE	0	135	100	0	0	-395.979797464	395.979797464	1551300181.57	-10	7	-10	7
1	"1"	"1"	3	FALSE	0	135	100	0	0	-395.979797464	395.979797464	1551300181.6	-23	16	-23	16
1	"1"	"1"	3	FALSE	0	135	100	0	0	-395.979797464	395.979797464	1551300181.64	-40	34	-40	34
1	"1"	"1"	3	FALSE	0	135	100	0	0	-395.979797464	395.979797464	1551300181.67	-54	48	-54	48
1	"1"	"1"	3	FALSE	0	135	100	0	0	-395.979797464	395.979797464	1551300181.7	-81	68	-81	68
1	"1"	"1"	3	FALSE	0	135	100	0	0	-395.979797464	395.979797464	1551300181.74	-105	85	-105	85
1	"1"	"1"	3	FALSE	0	135	100	0	0	-395.979797464	395.979797464	1551300181.77	-126	93	-126	93
1	"1"	"1"	3	FALSE	0	135	100	0	0	-395.979797464	395.979797464	1551300181.8	-151	106	-151	106
1	"1"	"1"	3	FALSE	0	135	100	0	0	-395.979797464	395.979797464	1551300181.84	-171	119	-171	119
1	"1"	"1"	3	FALSE	0	135	100	0	0	-395.979797464	395.979797464	1551300181.87	-194	133	-194	133
1	"1"	"1"	3	FALSE	0	135	100	0	0	-395.979797464	395.979797464	1551300181.9	-215	146	-215	146
1	"1"	"1"	3	FALSE	0	135	100	0	0	-395.979797464	395.979797464	1551300181.94	-227	155	-227	155
1	"1"	"1"	3	FALSE	0	135	100	0	0	-395.979797464	395.979797464	1551300181.97	-244	171	-244	171
1	"1"	"1"	3	FALSE	0	135	100	0	0	-395.979797464	395.979797464	1551300182	-258	182	-258	182
1	"1"	"1"	3	FALSE	0	135	100	0	0	-395.979797464	395.979797464	1551300182.04	-273	197	-273	197
1	"1"	"1"	3	FALSE	0	135	100	0	0	-395.979797464	395.979797464	1551300182.07	-288	214	-288	214
1	"1"	"1"	3	FALSE	0	135	100	0	0	-395.979797464	395.979797464	1551300182.1	-302	229	-302	229
1	"1"	"1"	3	FALSE	0	135	100	0	0	-395.979797464	395.979797464	1551300182.14	-315	244	-315	244
1	"1"	"1"	3	FALSE	0	135	100	0	0	-395.979797464	395.979797464	1551300182.17	-326	258	-326	258
1	"1"	"1"	3	FALSE	0	135	100	0	0	-395.979797464	395.979797464	1551300182.2	-338	271	-338	271
1	"1"	"1"	3	FALSE	0	135	100	0	0	-395.979797464	395.979797464	1551300182.24	-349	284	-349	284
1	"1"	"1"	3	FALSE	0	135	100	0	0	-395.979797464	395.979797464	1551300182.27	-357	296	-357	296
1	"1"	"1"	3	FALSE	0	135	100	0	0	-395.979797464	395.979797464	1551300182.3	-365	309	-365	309
1	"1"	"1"	3	FALSE	0	135	100	0	0	-395.979797464	395.979797464	1551300182.34	-373	321	-373	321
1	"1"	"1"	3	FALSE	0	135	100	0	0	-395.979797464	395.979797464	1551300182.37	-383	335	-383	335
1	"1"	"1"	3	FALSE	0	135	100	0	0	-395.979797464	395.979797464	1551300182.4	-389	342	-389	342
1	"1"	"1"	3	FALSE	0	135	100	0	0	-395.979797464	395.979797464	1551300182.44	-396	348	-396	348
1	"1"	"1"	3	FALSE	0	135	100	0	0	-395.979797464	395.979797464	1551300182.47	-401	354	-401	354
1	"1"	"1"	3	FALSE	0	135	100	0	0	-395.979797464	395.979797464	1551300182.5	-403	359	-403	359
1	"1"	"1"	3	FALSE	0	135	100	0	0	-395.979797464	395.979797464	1551300182.54	-405	364	-405	364
1	"1"	"1"	3	FALSE	0	135	100	0	0	-395.979797464	395.979797464	1551300182.57	-405	369	-405	369
1	"1"	"1"	3	FALSE	0	135	100	0	0	-395.979797464	395.979797464	1551300182.6	-407	374	-407	374
1	"1"	"1"	3	FALSE	0	135	100	0	0	-395.979797464	395.979797464	1551300182.64	-408	377	-408	377
1	"1"	"1"	3	FALSE	0	135	100	0	0	-395.979797464	395.979797464	1551300182.67	-408	382	-408	382
1	"1"	"1"	3	FALSE	0	135	100	0	0	-395.979797464	395.979797464	1551300182.7	-408	386	-408	386
1	"1"	"1"	3	FALSE	0	135	100	0	0	-395.979797464	395.979797464	1551300182.74	-407	389	-407	389
1	"1"	"1"	3	FALSE	0	135	100	0	0	-395.979797464	395.979797464	1551300182.77	-403	394	-403	394
1	"1"	"1"	3	FALSE	0	135	100	0	0	-395.979797464	395.979797464	1551300182.8	-401	397	-401	397
1	"1"	"1"	3	FALSE	0	135	100	0	0	-395.979797464	395.979797464	1551300182.84	-399	398	-399	398
1	"1"	"1"	4	FALSE	0	45	100	0	0	395.979797464	395.979797464	1551300184.59	3	-2	3	-2
1	"1"	"1"	4	FALSE	0	45	100	0	0	395.979797464	395.979797464	1551300184.61	3	-2	3	-2
1	"1"	"1"	4	FALSE	0	45	100	0	0	395.979797464	395.979797464	1551300184.64	3	-2	3	-2
1	"1"	"1"	4	FALSE	0	45	100	0	0	395.979797464	395.979797464	1551300184.67	3	-2	3	-2
1	"1"	"1"	4	FALSE	0	45	100	0	0	395.979797464	395.979797464	1551300184.71	3	-2	3	-2
1	"1"	"1"	4	FALSE	0	45	100	0	0	395.979797464	395.979797464	1551300184.74	3	-2	3	-2
1	"1"	"1"	4	FALSE	0	45	100	0	0	395.979797464	395.979797464	1551300184.77	3	-2	3	-2
1	"1"	"1"	4	FALSE	0	45	100	0	0	395.979797464	395.979797464	1551300184.81	3	-2	3	-2
1	"1"	"1"	4	FALSE	0	45	100	0	0	395.979797464	395.979797464	1551300184.84	3	-2	3	-2
1	"1"	"1"	4	FALSE	0	45	100	0	0	395.979797464	395.979797464	1551300184.87	2	0	2	0
1	"1"	"1"	4	FALSE	0	45	100	0	0	395.979797464	395.979797464	1551300184.91	2	0	2	0
1	"1"	"1"	4	FALSE	0	45	100	0	0	395.979797464	395.979797464	1551300184.94	2	0	2	0
1	"1"	"1"	4	FALSE	0	45	100	0	0	395.979797464	395.979797464	1551300184.97	2	0	2	0
1	"1"	"1"	4	FALSE	0	45	100	0	0	395.979797464	395.979797464	1551300185.01	1	1	1	1
1	"1"	"1"	4	FALSE	0	45	100	0	0	395.979797464	395.979797464	1551300185.04	4	5	4	5
1	"1"	"1"	4	FALSE	0	45	100	0	0	395.979797464	395.979797464	1551300185.07	10	14	10	14
1	"1"	"1"	4	FALSE	0	45	100	0	0	395.979797464	395.979797464	1551300185.11	20	26	20	26
1	"1"	"1"	4	FALSE	0	45	100	0	0	395.979797464	395.979797464	1551300185.14	46	53	46	53
1	"1"	"1"	4	FALSE	0	45	100	0	0	395.979797464	395.979797464	1551300185.17	68	74	68	74
1	"1"	"1"	4	FALSE	0	45	100	0	0	395.979797464	395.979797464	1551300185.21	98	102	98	102
1	"1"	"1"	4	FALSE	0	45	100	0	0	395.979797464	395.979797464	1551300185.24	128	129	128	129
1	"1"	"1"	4	FALSE	0	45	100	0	0	395.979797464	395.979797464	1551300185.27	162	156	162	156
1	"1"	"1"	4	FALSE	0	45	100	0	0	395.979797464	395.979797464	1551300185.31	196	184	196	184
1	"1"	"1"	4	FALSE	0	45	100	0	0	395.979797464	395.979797464	1551300185.34	223	202	223	202
1	"1"	"1"	4	FALSE	0	45	100	0	0	395.979797464	395.979797464	1551300185.37	249	219	249	219
1	"1"	"1"	4	FALSE	0	45	100	0	0	395.979797464	395.979797464	1551300185.41	270	235	270	235
1	"1"	"1"	4	FALSE	0	45	100	0	0	395.979797464	395.979797464	1551300185.44	284	248	284	248
1	"1"	"1"	4	FALSE	0	45	100	0	0	395.979797464	395.979797464	1551300185.47	298	258	298	258
1	"1"	"1"	4	FALSE	0	45	100	0	0	395.979797464	395.979797464	1551300185.51	308	268	308	268
1	"1"	"1"	4	FALSE	0	45	100	0	0	395.979797464	395.979797464	1551300185.54	318	283	318	283
1	"1"	"1"	4	FALSE	0	45	100	0	0	395.979797464	395.979797464	1551300185.57	325	292	325	292
1	"1"	"1"	4	FALSE	0	45	100	0	0	395.979797464	395.979797464	1551300185.61	331	301	331	301
1	"1"	"1"	4	FALSE	0	45	100	0	0	395.979797464	395.979797464	1551300185.64	337	313	337	313
1	"1"	"1"	4	FALSE	0	45	100	0	0	395.979797464	395.979797464	1551300185.67	341	323	341	323
1	"1"	"1"	4	FALSE	0	45	100	0	0	395.979797464	395.979797464	1551300185.71	347	334	347	334
1	"1"	"1"	4	FALSE	0	45	100	0	0	395.979797464	395.979797464	1551300185.74	354	344	354	344
1	"1"	"1"	4	FALSE	0	45	100	0	0	395.979797464	395.979797464	1551300185.77	359	356	359	356
1	"1"	"1"	4	FALSE	0	45	100	0	0	395.979797464	395.979797464	1551300185.81	364	366	364	366
1	"1"	"1"	4	FALSE	0	45	100	0	0	395.979797464	395.979797464	1551300185.84	367	372	367	372
1	"1"	"1"	4	FALSE	0	45	100	0	0	395.979797464	395.979797464	1551300185.87	370	379	370	379
1	"1"	"1"	4	FALSE	0	45	100	0	0	395.979797464	395.979797464	1551300185.91	372	382	372	382
1	"1"	"1"	4	FALSE	0	45	100	0	0	395.979797464	395.979797464	1551300185.94	374	385	374	385
1	"1"	"1"	4	FALSE	0	45	100	0	0	395.979797464	395.979797464	1551300185.97	376	388	376	388
1	"1"	"1"	4	FALSE	0	45	100	0	0	395.979797464	395.979797464	1551300186.01	377	390	377	390
1	"1"	"1"	4	FALSE	0	45	100	0	0	395.979797464	395.979797464	1551300186.04	378	392	378	392
1	"1"	"1"	4	FALSE	0	45	100	0	0	395.979797464	395.979797464	1551300186.07	381	394	381	394
1	"1"	"1"	4	FALSE	0	45	100	0	0	395.979797464	395.979797464	1551300186.11	384	396	384	396
1	"1"	"1"	4	FALSE	0	45	100	0	0	395.979797464	395.979797464	1551300186.14	385	397	385	397
1	"1"	"1"	4	FALSE	0	45	100	0	0	395.979797464	395.979797464	1551300186.17	387	397	387	397
1	"1"	"1"	4	FALSE	0	45	100	0	0	395.979797464	395.979797464	1551300186.21	390	399	390	399
1	"1"	"1"	5	FALSE	0	135	100	0	0	-395.979797464	395.979797464	1551300187.59	11	0	11	0
1	"1"	"1"	5	FALSE	0	135	100	0	0	-395.979797464	395.979797464	1551300187.61	11	0	11	0
1	"1"	"1"	5	FALSE	0	135	100	0	0	-395.979797464	395.979797464	1551300187.64	10	1	10	1
1	"1"	"1"	5	FALSE	0	135	100	0	0	-395.979797464	395.979797464	1551300187.68	9	2	9	2
1	"1"	"1"	5	FALSE	0	135	100	0	0	-395.979797464	395.979797464	1551300187.71	9	2	9	2
1	"1"	"1"	5	FALSE	0	135	100	0	0	-395.979797464	395.979797464	1551300187.74	9	2	9	2
1	"1"	"1"	5	FALSE	0	135	100	0	0	-395.979797464	395.979797464	1551300187.77	9	2	9	2
1	"1"	"1"	5	FALSE	0	135	100	0	0	-395.979797464	395.979797464	1551300187.81	9	2	9	2
1	"1"	"1"	5	FALSE	0	135	100	0	0	-395.979797464	395.979797464	1551300187.84	8	2	8	2
1	"1"	"1"	5	FALSE	0	135	100	0	0	-395.979797464	395.979797464	1551300187.88	8	2	8	2
1	"1"	"1"	5	FALSE	0	135	100	0	0	-395.979797464	395.979797464	1551300187.91	8	2	8	2
1	"1"	"1"	5	FALSE	0	135	100	0	0	-395.979797464	395.979797464	1551300187.94	8	2	8	2
1	"1"	"1"	5	FALSE	0	135	100	0	0	-395.979797464	395.979797464	1551300187.98	8	2	8	2
1	"1"	"1"	5	FALSE	0	135	100	0	0	-395.979797464	395.979797464	1551300188.01	8	2	8	2
1	"1"	"1"	5	FALSE	0	135	100	0	0	-395.979797464	395.979797464	1551300188.04	7	3	7	3
1	"1"	"1"	5	FALSE	0	135	100	0	0	-395.979797464	395.979797464	1551300188.08	2	7	2	7
1	"1"	"1"	5	FALSE	0	135	100	0	0	-395.979797464	395.979797464	1551300188.11	-5	13	-5	13
1	"1"	"1"	5	FALSE	0	135	100	0	0	-395.979797464	395.979797464	1551300188.14	-16	19	-16	19
1	"1"	"1"	5	FALSE	0	135	100	0	0	-395.979797464	395.979797464	1551300188.18	-30	28	-30	28
1	"1"	"1"	5	FALSE	0	135	100	0	0	-395.979797464	395.979797464	1551300188.21	-48	41	-48	41
1	"1"	"1"	5	FALSE	0	135	100	0	0	-395.979797464	395.979797464	1551300188.24	-69	54	-69	54
1	"1"	"1"	5	FALSE	0	135	100	0	0	-395.979797464	395.979797464	1551300188.28	-89	69	-89	69
1	"1"	"1"	5	FALSE	0	135	100	0	0	-395.979797464	395.979797464	1551300188.31	-112	85	-112	85
1	"1"	"1"	5	FALSE	0	135	100	0	0	-395.979797464	395.979797464	1551300188.34	-132	99	-132	99
1	"1"	"1"	5	FALSE	0	135	100	0	0	-395.979797464	395.979797464	1551300188.38	-158	116	-158	116
1	"1"	"1"	5	FALSE	0	135	100	0	0	-395.979797464	395.979797464	1551300188.41	-183	134	-183	134
1	"1"	"1"	5	FALSE	0	135	100	0	0	-395.979797464	395.979797464	1551300188.44	-204	150	-204	150
1	"1"	"1"	5	FALSE	0	135	100	0	0	-395.979797464	395.979797464	1551300188.48	-228	168	-228	168
1	"1"	"1"	5	FALSE	0	135	100	0	0	-395.979797464	395.979797464	1551300188.51	-247	186	-247	186
1	"1"	"1"	5	FALSE	0	135	100	0	0	-395.979797464	395.979797464	1551300188.54	-262	201	-262	201
1	"1"	"1"	5	FALSE	0	135	100	0	0	-395.979797464	395.979797464	1551300188.58	-277	216	-277	216
1	"1"	"1"	5	FALSE	0	135	100	0	0	-395.979797464	395.979797464	1551300188.61	-294	233	-294	233
1	"1"	"1"	5	FALSE	0	135	100	0	0	-395.979797464	395.979797464	1551300188.64	-309	247	-309	247
1	"1"	"1"	5	FALSE	0	135	100	0	0	-395.979797464	395.979797464	1551300188.68	-319	259	-319	259
1	"1"	"1"	5	FALSE	0	135	100	0	0	-395.979797464	395.979797464	1551300188.71	-330	271	-330	271
1	"1"	"1"	5	FALSE	0	135	100	0	0	-395.979797464	395.979797464	1551300188.74	-339	281	-339	281
1	"1"	"1"	5	FALSE	0	135	100	0	0	-395.979797464	395.979797464	1551300188.78	-347	291	-347	291
1	"1"	"1"	5	FALSE	0	135	100	0	0	-395.979797464	395.979797464	1551300188.81	-353	300	-353	300
1	"1"	"1"	5	FALSE	0	135	100	0	0	-395.979797464	395.979797464	1551300188.84	-360	310	-360	310
1	"1"	"1"	5	FALSE	0	135	100	0	0	-395.979797464	395.979797464	1551300188.88	-366	318	-366	318
1	"1"	"1"	5	FALSE	0	135	100	0	0	-395.979797464	395.979797464	1551300188.91	-372	326	-372	326
1	"1"	"1"	5	FALSE	0	135	100	0	0	-395.979797464	395.979797464	1551300188.94	-378	334	-378	334
1	"1"	"1"	5	FALSE	0	135	100	0	0	-395.979797464	395.979797464	1551300188.98	-384	342	-384	342
1	"1"	"1"	5	FALSE	0	135	100	0	0	-395.979797464	395.979797464	1551300189.01	-389	350	-389	350
1	"1"	"1"	5	FALSE	0	135	100	0	0	-395.979797464	395.979797464	1551300189.04	-394	357	-394	357
1	"1"	"1"	5	FALSE	0	135	100	0	0	-395.979797464	395.979797464	1551300189.08	-396	362	-396	362
1	"1"	"1"	5	FALSE	0	135	100	0	0	-395.979797464	395.979797464	1551300189.11	-398	369	-398	369
1	"1"	"1"	5	FALSE	0	135	100	0	0	-395.979797464	395.979797464	1551300189.14	-400	375	-400	375
1	"1"	"1"	5	FALSE	0	135	100	0	0	-395.979797464	395.979797464	1551300189.18	-401	381	-401	381
1	"1"	"1"	5	FALSE	0	135	100	0	0	-395.979797464	395.979797464	1551300189.21	-402	385	-402	385
1	"1"	"1"	5	FALSE	0	135	100	0	0	-395.979797464	395.979797464	1551300189.24	-403	389	-403	389
1	"1"	"1"	5	FALSE	0	135	100	0	0	-395.979797464	395.979797464	1551300189.28	-404	391	-404	391
1	"1"	"1"	5	FALSE	0	135	100	0	0	-395.979797464	395.979797464	1551300189.31	-404	393	-404	393
1	"1"	"1"	5	FALSE	0	135	100	0	0	-395.979797464	395.979797464	1551300189.34	-402	399	-402	399
1	"1"	"1"	5	FALSE	0	135	100	0	0	-395.979797464	395.979797464	1551300189.38	-401	401	-401	401
1	"1"	"1"	6	FALSE	0	90	100	0	0	3.42901103761e-14	560	1551300190.92	6	1	6	1
1	"1"	"1"	6	FALSE	0	90	100	0	0	3.42901103761e-14	560	1551300190.94	6	1	6	1
1	"1"	"1"	6	FALSE	0	90	100	0	0	3.42901103761e-14	560	1551300190.98	6	1	6	1
1	"1"	"1"	6	FALSE	0	90	100	0	0	3.42901103761e-14	560	1551300191.01	6	1	6	1
1	"1"	"1"	6	FALSE	0	90	100	0	0	3.42901103761e-14	560	1551300191.04	6	1	6	1
1	"1"	"1"	6	FALSE	0	90	100	0	0	3.42901103761e-14	560	1551300191.08	6	1	6	1
1	"1"	"1"	6	FALSE	0	90	100	0	0	3.42901103761e-14	560	1551300191.11	6	1	6	1
1	"1"	"1"	6	FALSE	0	90	100	0	0	3.42901103761e-14	560	1551300191.14	4	1	4	1
1	"1"	"1"	6	FALSE	0	90	100	0	0	3.42901103761e-14	560	1551300191.18	4	1	4	1
1	"1"	"1"	6	FALSE	0	90	100	0	0	3.42901103761e-14	560	1551300191.21	4	1	4	1
1	"1"	"1"	6	FALSE	0	90	100	0	0	3.42901103761e-14	560	1551300191.24	4	1	4	1
1	"1"	"1"	6	FALSE	0	90	100	0	0	3.42901103761e-14	560	1551300191.28	4	2	4	2
1	"1"	"1"	6	FALSE	0	90	100	0	0	3.42901103761e-14	560	1551300191.31	1	12	1	12
1	"1"	"1"	6	FALSE	0	90	100	0	0	3.42901103761e-14	560	1551300191.34	-1	27	-1	27
1	"1"	"1"	6	FALSE	0	90	100	0	0	3.42901103761e-14	560	1551300191.38	-3	48	-3	48
1	"1"	"1"	6	FALSE	0	90	100	0	0	3.42901103761e-14	560	1551300191.41	-5	75	-5	75
1	"1"	"1"	6	FALSE	0	90	100	0	0	3.42901103761e-14	560	1551300191.44	-8	99	-8	99
1	"1"	"1"	6	FALSE	0	90	100	0	0	3.42901103761e-14	560	1551300191.48	-13	129	-13	129
1	"1"	"1"	6	FALSE	0	90	100	0	0	3.42901103761e-14	560	1551300191.51	-17	164	-17	164
1	"1"	"1"	6	FALSE	0	90	100	0	0	3.42901103761e-14	560	1551300191.54	-18	194	-18	194
1	"1"	"1"	6	FALSE	0	90	100	0	0	3.42901103761e-14	560	1551300191.58	-20	231	-20	231
1	"1"	"1"	6	FALSE	0	90	100	0	0	3.42901103761e-14	560	1551300191.61	-21	270	-21	270
1	"1"	"1"	6	FALSE	0	90	100	0	0	3.42901103761e-14	560	1551300191.64	-23	305	-23	305
1	"1"	"1"	6	FALSE	0	90	100	0	0	3.42901103761e-14	560	1551300191.68	-24	336	-24	336
1	"1"	"1"	6	FALSE	0	90	100	0	0	3.42901103761e-14	560	1551300191.71	-22	373	-22	373
1	"1"	"1"	6	FALSE	0	90	100	0	0	3.42901103761e-14	560	1551300191.74	-21	402	-21	402
1	"1"	"1"	6	FALSE	0	90	100	0	0	3.42901103761e-14	560	1551300191.78	-22	425	-22	425
1	"1"	"1"	6	FALSE	0	90	100	0	0	3.42901103761e-14	560	1551300191.81	-23	451	-23	451
1	"1"	"1"	6	FALSE	0	90	100	0	0	3.42901103761e-14	560	1551300191.84	-24	468	-24	468
1	"1"	"1"	6	FALSE	0	90	100	0	0	3.42901103761e-14	560	1551300191.88	-24	484	-24	484
1	"1"	"1"	6	FALSE	0	90	100	0	0	3.42901103761e-14	560	1551300191.91	-26	496	-26	496
1	"1"	"1"	6	FALSE	0	90	100	0	0	3.42901103761e-14	560	1551300191.95	-26	509	-26	509
1	"1"	"1"	6	FALSE	0	90	100	0	0	3.42901103761e-14	560	1551300191.98	-25	517	-25	517
1	"1"	"1"	6	FALSE	0	90	100	0	0	3.42901103761e-14	560	1551300192.01	-24	522	-24	522
1	"1"	"1"	6	FALSE	0	90	100	0	0	3.42901103761e-14	560	1551300192.05	-22	528	-22	528
1	"1"	"1"	6	FALSE	0	90	100	0	0	3.42901103761e-14	560	1551300192.08	-20	534	-20	534
1	"1"	"1"	6	FALSE	0	90	100	0	0	3.42901103761e-14	560	1551300192.11	-18	537	-18	537
1	"1"	"1"	6	FALSE	0	90	100	0	0	3.42901103761e-14	560	1551300192.15	-17	540	-17	540
1	"1"	"1"	6	FALSE	0	90	100	0	0	3.42901103761e-14	560	1551300192.18	-16	544	-16	544
1	"1"	"1"	6	FALSE	0	90	100	0	0	3.42901103761e-14	560	1551300192.21	-14	548	-14	548
1	"1"	"1"	6	FALSE	0	90	100	0	0	3.42901103761e-14	560	1551300192.25	-12	551	-12	551
1	"1"	"1"	6	FALSE	0	90	100	0	0	3.42901103761e-14	560	1551300192.28	-10	554	-10	554
1	"1"	"1"	6	FALSE	0	90	100	0	0	3.42901103761e-14	560	1551300192.31	-9	555	-9	555
1	"1"	"1"	6	FALSE	0	90	100	0	0	3.42901103761e-14	560	1551300192.35	-8	556	-8	556
1	"1"	"1"	7	FALSE	0	90	100	0	0	3.42901103761e-14	560	1551300193.77	3	7	3	7
1	"1"	"1"	7	FALSE	0	90	100	0	0	3.42901103761e-14	560	1551300193.8	3	5	3	5
1	"1"	"1"	7	FALSE	0	90	100	0	0	3.42901103761e-14	560	1551300193.83	3	3	3	3
1	"1"	"1"	7	FALSE	0	90	100	0	0	3.42901103761e-14	560	1551300193.86	3	3	3	3
1	"1"	"1"	7	FALSE	0	90	100	0	0	3.42901103761e-14	560	1551300193.9	3	3	3	3
1	"1"	"1"	7	FALSE	0	90	100	0	0	3.42901103761e-14	560	1551300193.93	3	3	3	3
1	"1"	"1"	7	FALSE	0	90	100	0	0	3.42901103761e-14	560	1551300193.96	3	3	3	3
1	"1"	"1"	7	FALSE	0	90	100	0	0	3.42901103761e-14	560	1551300194	3	3	3	3
1	"1"	"1"	7	FALSE	0	90	100	0	0	3.42901103761e-14	560	1551300194.03	4	3	4	3
1	"1"	"1"	7	FALSE	0	90	100	0	0	3.42901103761e-14	560	1551300194.06	4	3	4	3
1	"1"	"1"	7	FALSE	0	90	100	0	0	3.42901103761e-14	560	1551300194.1	4	3	4	3
1	"1"	"1"	7	FALSE	0	90	100	0	0	3.42901103761e-14	560	1551300194.13	3	5	3	5
1	"1"	"1"	7	FALSE	0	90	100	0	0	3.42901103761e-14	560	1551300194.16	1	12	1	12
1	"1"	"1"	7	FALSE	0	90	100	0	0	3.42901103761e-14	560	1551300194.2	-1	28	-1	28
1	"1"	"1"	7	FALSE	0	90	100	0	0	3.42901103761e-14	560	1551300194.23	-1	54	-1	54
1	"1"	"1"	7	FALSE	0	90	100	0	0	3.42901103761e-14	560	1551300194.26	-2	81	-2	81
1	"1"	"1"	7	FALSE	0	90	100	0	0	3.42901103761e-14	560	1551300194.3	-5	117	-5	117
1	"1"	"1"	7	FALSE	0	90	100	0	0	3.42901103761e-14	560	1551300194.33	-7	158	-7	158
1	"1"	"1"	7	FALSE	0	90	100	0	0	3.42901103761e-14	560	1551300194.36	-7	192	-7	192
1	"1"	"1"	7	FALSE	0	90	100	0	0	3.42901103761e-14	560	1551300194.4	-9	228	-9	228
1	"1"	"1"	7	FALSE	0	90	100	0	0	3.42901103761e-14	560	1551300194.43	-10	263	-10	263
1	"1"	"1"	7	FALSE	0	90	100	0	0	3.42901103761e-14	560	1551300194.46	-11	293	-11	293
1	"1"	"1"	7	FALSE	0	90	100	0	0	3.42901103761e-14	560	1551300194.5	-11	327	-11	327
1	"1"	"1"	7	FALSE	0	90	100	0	0	3.42901103761e-14	560	1551300194.53	-12	359	-12	359
1	"1"	"1"	7	FALSE	0	90	100	0	0	3.42901103761e-14	560	1551300194.56	-12	388	-12	388
1	"1"	"1"	7	FALSE	0	90	100	0	0	3.42901103761e-14	560	1551300194.6	-11	409	-11	409
1	"1"	"1"	7	FALSE	0	90	100	0	0	3.42901103761e-14	560	1551300194.63	-11	425	-11	425
1	"1"	"1"	7	FALSE	0	90	100	0	0	3.42901103761e-14	560	1551300194.66	-10	444	-10	444
1	"1"	"1"	7	FALSE	0	90	100	0	0	3.42901103761e-14	560	1551300194.7	-10	455	-10	455
1	"1"	"1"	7	FALSE	0	90	100	0	0	3.42901103761e-14	560	1551300194.73	-11	466	-11	466
1	"1"	"1"	7	FALSE	0	90	100	0	0	3.42901103761e-14	560	1551300194.76	-11	479	-11	479
1	"1"	"1"	7	FALSE	0	90	100	0	0	3.42901103761e-14	560	1551300194.8	-11	488	-11	488
1	"1"	"1"	7	FALSE	0	90	100	0	0	3.42901103761e-14	560	1551300194.83	-11	494	-11	494
1	"1"	"1"	7	FALSE	0	90	100	0	0	3.42901103761e-14	560	1551300194.86	-11	502	-11	502
1	"1"	"1"	7	FALSE	0	90	100	0	0	3.42901103761e-14	560	1551300194.9	-10	507	-10	507
1	"1"	"1"	7	FALSE	0	90	100	0	0	3.42901103761e-14	560	1551300194.93	-11	510	-11	510
1	"1"	"1"	7	FALSE	0	90	100	0	0	3.42901103761e-14	560	1551300194.96	-11	518	-11	518
1	"1"	"1"	7	FALSE	0	90	100	0	0	3.42901103761e-14	560	1551300195	-10	525	-10	525
1	"1"	"1"	7	FALSE	0	90	100	0	0	3.42901103761e-14	560	1551300195.03	-10	528	-10	528
1	"1"	"1"	7	FALSE	0	90	100	0	0	3.42901103761e-14	560	1551300195.06	-9	531	-9	531
1	"1"	"1"	7	FALSE	0	90	100	0	0	3.42901103761e-14	560	1551300195.1	-9	535	-9	535
1	"1"	"1"	7	FALSE	0	90	100	0	0	3.42901103761e-14	560	1551300195.13	-8	536	-8	536
1	"1"	"1"	7	FALSE	0	90	100	0	0	3.42901103761e-14	560	1551300195.16	-8	538	-8	538
1	"1"	"1"	7	FALSE	0	90	100	0	0	3.42901103761e-14	560	1551300195.2	-9	541	-9	541
1	"1"	"1"	7	FALSE	0	90	100	0	0	3.42901103761e-14	560	1551300195.23	-9	543	-9	543
1	"1"	"1"	7	FALSE	0	90	100	0	0	3.42901103761e-14	560	1551300195.26	-9	544	-9	544
1	"1"	"1"	7	FALSE	0	90	100	0	0	3.42901103761e-14	560	1551300195.3	-9	547	-9	547
1	"1"	"1"	7	FALSE	0	90	100	0	0	3.42901103761e-14	560	1551300195.33	-9	549	-9	549
1	"1"	"1"	8	FALSE	0	135	100	0	0	-395.979797464	395.979797464	1551300196.68	1	3	1	3
1	"1"	"1"	8	FALSE	0	135	100	0	0	-395.979797464	395.979797464	1551300196.7	1	2	1	2
1	"1"	"1"	8	FALSE	0	135	100	0	0	-395.979797464	395.979797464	1551300196.73	1	1	1	1
1	"1"	"1"	8	FALSE	0	135	100	0	0	-395.979797464	395.979797464	1551300196.77	1	1	1	1
1	"1"	"1"	8	FALSE	0	135	100	0	0	-395.979797464	395.979797464	1551300196.8	1	1	1	1
1	"1"	"1"	8	FALSE	0	135	100	0	0	-395.979797464	395.979797464	1551300196.83	1	1	1	1
1	"1"	"1"	8	FALSE	0	135	100	0	0	-395.979797464	395.979797464	1551300196.87	1	1	1	1
1	"1"	"1"	8	FALSE	0	135	100	0	0	-395.979797464	395.979797464	1551300196.9	1	2	1	2
1	"1"	"1"	8	FALSE	0	135	100	0	0	-395.979797464	395.979797464	1551300196.93	1	2	1	2
1	"1"	"1"	8	FALSE	0	135	100	0	0	-395.979797464	395.979797464	1551300196.97	1	2	1	2
1	"1"	"1"	8	FALSE	0	135	100	0	0	-395.979797464	395.979797464	1551300197	-2	5	-2	5
1	"1"	"1"	8	FALSE	0	135	100	0	0	-395.979797464	395.979797464	1551300197.03	-10	11	-10	11
1	"1"	"1"	8	FALSE	0	135	100	0	0	-395.979797464	395.979797464	1551300197.07	-23	21	-23	21
1	"1"	"1"	8	FALSE	0	135	100	0	0	-395.979797464	395.979797464	1551300197.1	-44	37	-44	37
1	"1"	"1"	8	FALSE	0	135	100	0	0	-395.979797464	395.979797464	1551300197.13	-66	51	-66	51
1	"1"	"1"	8	FALSE	0	135	100	0	0	-395.979797464	395.979797464	1551300197.17	-90	67	-90	67
1	"1"	"1"	8	FALSE	0	135	100	0	0	-395.979797464	395.979797464	1551300197.2	-112	83	-112	83
1	"1"	"1"	8	FALSE	0	135	100	0	0	-395.979797464	395.979797464	1551300197.23	-137	103	-137	103
1	"1"	"1"	8	FALSE	0	135	100	0	0	-395.979797464	395.979797464	1551300197.27	-163	119	-163	119
1	"1"	"1"	8	FALSE	0	135	100	0	0	-395.979797464	395.979797464	1551300197.3	-188	137	-188	137
1	"1"	"1"	8	FALSE	0	135	100	0	0	-395.979797464	395.979797464	1551300197.33	-211	158	-211	158
1	"1"	"1"	8	FALSE	0	135	100	0	0	-395.979797464	395.979797464	1551300197.37	-230	175	-230	175
1	"1"	"1"	8	FALSE	0	135	100	0	0	-395.979797464	395.979797464	1551300197.4	-248	193	-248	193
1	"1"	"1"	8	FALSE	0	135	100	0	0	-395.979797464	395.979797464	1551300197.43	-266	214	-266	214
1	"1"	"1"	8	FALSE	0	135	100	0	0	-395.979797464	395.979797464	1551300197.47	-276	225	-276	225
1	"1"	"1"	8	FALSE	0	135	100	0	0	-395.979797464	395.979797464	1551300197.5	-291	241	-291	241
1	"1"	"1"	8	FALSE	0	135	100	0	0	-395.979797464	395.979797464	1551300197.53	-302	256	-302	256
1	"1"	"1"	8	FALSE	0	135	100	0	0	-395.979797464	395.979797464	1551300197.57	-313	277	-313	277
1	"1"	"1"	8	FALSE	0	135	100	0	0	-395.979797464	395.979797464	1551300197.6	-322	290	-322	290
1	"1"	"1"	8	FALSE	0	135	100	0	0	-395.979797464	395.979797464	1551300197.63	-332	305	-332	305
1	"1"	"1"	8	FALSE	0	135	100	0	0	-395.979797464	395.979797464	1551300197.67	-340	319	-340	319
1	"1"	"1"	8	FALSE	0	135	100	0	0	-395.979797464	395.979797464	1551300197.7	-347	329	-347	329
1	"1"	"1"	8	FALSE	0	135	100	0	0	-395.979797464	395.979797464	1551300197.73	-355	341	-355	341
1	"1"	"1"	8	FALSE	0	135	100	0	0	-395.979797464	395.979797464	1551300197.77	-362	353	-362	353
1	"1"	"1"	8	FALSE	0	135	100	0	0	-395.979797464	395.979797464	1551300197.8	-369	362	-369	362
1	"1"	"1"	8	FALSE	0	135	100	0	0	-395.979797464	395.979797464	1551300197.83	-376	372	-376	372
1	"1"	"1"	8	FALSE	0	135	100	0	0	-395.979797464	395.979797464	1551300197.87	-382	381	-382	381
1	"1"	"1"	8	FALSE	0	135	100	0	0	-395.979797464	395.979797464	1551300197.9	-388	391	-388	391
1	"1"	"1"	8	FALSE	0	135	100	0	0	-395.979797464	395.979797464	1551300197.93	-392	396	-392	396
1	"1"	"1"	8	FALSE	0	135	100	0	0	-395.979797464	395.979797464	1551300197.97	-395	400	-395	400
1	"1"	"1"	8	FALSE	0	135	100	0	0	-395.979797464	395.979797464	1551300198	-397	404	-397	404
1	"1"	"1"	8	FALSE	0	135	100	0	0	-395.979797464	395.979797464	1551300198.03	-398	405	-398	405
1	"1"	"1"	9	FALSE	0	45	100	0	0	395.979797464	395.979797464	1551300199.61	13	-1	13	-1
1	"1"	"1"	9	FALSE	0	45	100	0	0	395.979797464	395.979797464	1551300199.63	13	-1	13	-1
1	"1"	"1"	9	FALSE	0	45	100	0	0	395.979797464	395.979797464	1551300199.67	13	-1	13	-1
1	"1"	"1"	9	FALSE	0	45	100	0	0	395.979797464	395.979797464	1551300199.7	13	-1	13	-1
1	"1"	"1"	9	FALSE	0	45	100	0	0	395.979797464	395.979797464	1551300199.73	13	-1	13	-1
1	"1"	"1"	9	FALSE	0	45	100	0	0	395.979797464	395.979797464	1551300199.77	13	-1	13	-1
1	"1"	"1"	9	FALSE	0	45	100	0	0	395.979797464	395.979797464	1551300199.8	13	-1	13	-1
1	"1"	"1"	9	FALSE	0	45	100	0	0	395.979797464	395.979797464	1551300199.83	13	-1	13	-1
1	"1"	"1"	9	FALSE	0	45	100	0	0	395.979797464	395.979797464	1551300199.87	13	-1	13	-1
1	"1"	"1"	9	FALSE	0	45	100	0	0	395.979797464	395.979797464	1551300199.9	14	-1	14	-1
1	"1"	"1"	9	FALSE	0	45	100	0	0	395.979797464	395.979797464	1551300199.93	17	6	17	6
1	"1"	"1"	9	FALSE	0	45	100	0	0	395.979797464	395.979797464	1551300199.97	24	15	24	15
1	"1"	"1"	9	FALSE	0	45	100	0	0	395.979797464	395.979797464	1551300200	37	28	37	28
1	"1"	"1"	9	FALSE	0	45	100	0	0	395.979797464	395.979797464	1551300200.03	58	49	58	49
1	"1"	"1"	9	FALSE	0	45	100	0	0	395.979797464	395.979797464	1551300200.07	82	73	82	73
1	"1"	"1"	9	FALSE	0	45	100	0	0	395.979797464	395.979797464	1551300200.1	106	95	106	95
1	"1"	"1"	9	FALSE	0	45	100	0	0	395.979797464	395.979797464	1551300200.13	127	114	127	114
1	"1"	"1"	9	FALSE	0	45	100	0	0	395.979797464	395.979797464	1551300200.17	154	137	154	137
1	"1"	"1"	9	FALSE	0	45	100	0	0	395.979797464	395.979797464	1551300200.2	179	159	179	159
1	"1"	"1"	9	FALSE	0	45	100	0	0	395.979797464	395.979797464	1551300200.23	208	185	208	185
1	"1"	"1"	9	FALSE	0	45	100	0	0	395.979797464	395.979797464	1551300200.27	238	212	238	212
1	"1"	"1"	9	FALSE	0	45	100	0	0	395.979797464	395.979797464	1551300200.3	263	233	263	233
1	"1"	"1"	9	FALSE	0	45	100	0	0	395.979797464	395.979797464	1551300200.33	290	256	290	256
1	"1"	"1"	9	FALSE	0	45	100	0	0	395.979797464	395.979797464	1551300200.37	316	278	316	278
1	"1"	"1"	9	FALSE	0	45	100	0	0	395.979797464	395.979797464	1551300200.4	337	300	337	300
1	"1"	"1"	9	FALSE	0	45	100	0	0	395.979797464	395.979797464	1551300200.43	353	314	353	314
1	"1"	"1"	9	FALSE	0	45	100	0	0	395.979797464	395.979797464	1551300200.47	367	328	367	328
1	"1"	"1"	9	FALSE	0	45	100	0	0	395.979797464	395.979797464	1551300200.5	378	346	378	346
1	"1"	"1"	9	FALSE	0	45	100	0	0	395.979797464	395.979797464	1551300200.53	387	357	387	357
1	"1"	"1"	9	FALSE	0	45	100	0	0	395.979797464	395.979797464	1551300200.57	394	366	394	366
1	"1"	"1"	9	FALSE	0	45	100	0	0	395.979797464	395.979797464	1551300200.6	398	377	398	377
1	"1"	"1"	9	FALSE	0	45	100	0	0	395.979797464	395.979797464	1551300200.63	402	387	402	387
1	"1"	"1"	9	FALSE	0	45	100	0	0	395.979797464	395.979797464	1551300200.67	404	393	404	393
1	"1"	"1"	9	FALSE	0	45	100	0	0	395.979797464	395.979797464	1551300200.7	405	401	405	401
1	"1"	"1"	9	FALSE	0	45	100	0	0	395.979797464	395.979797464	1551300200.74	405	407	405	407
1	"1"	"1"	9	FALSE	0	45	100	0	0	395.979797464	395.979797464	1551300200.77	404	408	404	408
1	"1"	"1"	9	FALSE	0	45	100	0	0	395.979797464	395.979797464	1551300200.8	404	408	404	408
1	"1"	"1"	9	FALSE	0	45	100	0	0	395.979797464	395.979797464	1551300200.84	404	408	404	408
1	"1"	"1"	9	FALSE	0	45	100	0	0	395.979797464	395.979797464	1551300200.87	404	408	404	408
1	"1"	"1"	9	FALSE	0	45	100	0	0	395.979797464	395.979797464	1551300200.9	404	408	404	408
1	"1"	"1"	9	FALSE	0	45	100	0	0	395.979797464	395.979797464	1551300200.94	404	408	404	408
1	"1"	"1"	9	FALSE	0	45	100	0	0	395.979797464	395.979797464	1551300200.97	404	408	404	408
1	"1"	"1"	9	FALSE	0	45	100	0	0	395.979797464	395.979797464	1551300201	404	408	404	408
1	"1"	"1"	9	FALSE	0	45	100	0	0	395.979797464	395.979797464	1551300201.04	403	406	403	406
