"task_num"	"task_name"	"trial_type"	"trial_num"	"terminalfeedback_bool"	"rotation_angle"	"targetangle_deg"	"targetdistance_percmax"	"homex_px"	"homey_px"	"targetx_px"	"targety_px"	"time_s"	"mousex_px"	"mousey_px"	"cursorx_px"	"cursory_px"
9	"1"	"1"	1	FALSE	0	45	100	0	0	395.979797464	395.979797464	1550245347.24	-3	-11	-3	-11
9	"1"	"1"	1	FALSE	0	45	100	0	0	395.979797464	395.979797464	1550245347.27	-3	-11	-3	-11
9	"1"	"1"	1	FALSE	0	45	100	0	0	395.979797464	395.979797464	1550245347.31	-4	-10	-4	-10
9	"1"	"1"	1	FALSE	0	45	100	0	0	395.979797464	395.979797464	1550245347.34	-5	-7	-5	-7
9	"1"	"1"	1	FALSE	0	45	100	0	0	395.979797464	395.979797464	1550245347.37	-6	-5	-6	-5
9	"1"	"1"	1	FALSE	0	45	100	0	0	395.979797464	395.979797464	1550245347.41	-6	-5	-6	-5
9	"1"	"1"	1	FALSE	0	45	100	0	0	395.979797464	395.979797464	1550245347.44	-6	-5	-6	-5
9	"1"	"1"	1	FALSE	0	45	100	0	0	395.979797464	395.979797464	1550245347.47	-6	-5	-6	-5
9	"1"	"1"	1	FALSE	0	45	100	0	0	395.979797464	395.979797464	1550245347.51	-6	-5	-6	-5
9	"1"	"1"	1	FALSE	0	45	100	0	0	395.979797464	395.979797464	1550245347.54	-6	-5	-6	-5
9	"1"	"1"	1	FALSE	0	45	100	0	0	395.979797464	395.979797464	1550245347.57	-6	-5	-6	-5
9	"1"	"1"	1	FALSE	0	45	100	0	0	395.979797464	395.979797464	1550245347.61	-6	-5	-6	-5
9	"1"	"1"	1	FALSE	0	45	100	0	0	395.979797464	395.979797464	1550245347.64	-5	-5	-5	-5
9	"1"	"1"	1	FALSE	0	45	100	0	0	395.979797464	395.979797464	1550245347.68	-1	-5	-1	-5
9	"1"	"1"	1	FALSE	0	45	100	0	0	395.979797464	395.979797464	1550245347.71	20	7	20	7
9	"1"	"1"	1	FALSE	0	45	100	0	0	395.979797464	395.979797464	1550245347.74	51	34	51	34
9	"1"	"1"	1	FALSE	0	45	100	0	0	395.979797464	395.979797464	1550245347.78	89	66	89	66
9	"1"	"1"	1	FALSE	0	45	100	0	0	395.979797464	395.979797464	1550245347.81	133	107	133	107
9	"1"	"1"	1	FALSE	0	45	100	0	0	395.979797464	395.979797464	1550245347.84	176	150	176	150
9	"1"	"1"	1	FALSE	0	45	100	0	0	395.979797464	395.979797464	1550245347.88	226	201	226	201
9	"1"	"1"	1	FALSE	0	45	100	0	0	395.979797464	395.979797464	1550245347.91	273	250	273	250
9	"1"	"1"	1	FALSE	0	45	100	0	0	395.979797464	395.979797464	1550245347.94	316	294	316	294
9	"1"	"1"	1	FALSE	0	45	100	0	0	395.979797464	395.979797464	1550245347.98	345	326	345	326
9	"1"	"1"	1	FALSE	0	45	100	0	0	395.979797464	395.979797464	1550245348.01	371	356	371	356
9	"1"	"1"	1	FALSE	0	45	100	0	0	395.979797464	395.979797464	1550245348.04	385	375	385	375
9	"1"	"1"	1	FALSE	0	45	100	0	0	395.979797464	395.979797464	1550245348.08	391	387	391	387
9	"1"	"1"	1	FALSE	0	45	100	0	0	395.979797464	395.979797464	1550245348.11	397	397	397	397
9	"1"	"1"	1	FALSE	0	45	100	0	0	395.979797464	395.979797464	1550245348.14	399	400	399	400
9	"1"	"1"	2	FALSE	0	135	100	0	0	-395.979797464	395.979797464	1550245349.35	-2	-3	-2	-3
9	"1"	"1"	2	FALSE	0	135	100	0	0	-395.979797464	395.979797464	1550245349.38	-2	-3	-2	-3
9	"1"	"1"	2	FALSE	0	135	100	0	0	-395.979797464	395.979797464	1550245349.41	-2	-3	-2	-3
9	"1"	"1"	2	FALSE	0	135	100	0	0	-395.979797464	395.979797464	1550245349.44	-2	-3	-2	-3
9	"1"	"1"	2	FALSE	0	135	100	0	0	-395.979797464	395.979797464	1550245349.48	-2	-3	-2	-3
9	"1"	"1"	2	FALSE	0	135	100	0	0	-395.979797464	395.979797464	1550245349.51	-2	-3	-2	-3
9	"1"	"1"	2	FALSE	0	135	100	0	0	-395.979797464	395.979797464	1550245349.54	-2	-3	-2	-3
9	"1"	"1"	2	FALSE	0	135	100	0	0	-395.979797464	395.979797464	1550245349.58	-2	-3	-2	-3
9	"1"	"1"	2	FALSE	0	135	100	0	0	-395.979797464	395.979797464	1550245349.61	-2	-3	-2	-3
9	"1"	"1"	2	FALSE	0	135	100	0	0	-395.979797464	395.979797464	1550245349.64	-4	-1	-4	-1
9	"1"	"1"	2	FALSE	0	135	100	0	0	-395.979797464	395.979797464	1550245349.68	-9	4	-9	4
9	"1"	"1"	2	FALSE	0	135	100	0	0	-395.979797464	395.979797464	1550245349.71	-16	10	-16	10
9	"1"	"1"	2	FALSE	0	135	100	0	0	-395.979797464	395.979797464	1550245349.74	-33	29	-33	29
9	"1"	"1"	2	FALSE	0	135	100	0	0	-395.979797464	395.979797464	1550245349.78	-56	52	-56	52
9	"1"	"1"	2	FALSE	0	135	100	0	0	-395.979797464	395.979797464	1550245349.81	-86	78	-86	78
9	"1"	"1"	2	FALSE	0	135	100	0	0	-395.979797464	395.979797464	1550245349.84	-118	107	-118	107
9	"1"	"1"	2	FALSE	0	135	100	0	0	-395.979797464	395.979797464	1550245349.88	-156	140	-156	140
9	"1"	"1"	2	FALSE	0	135	100	0	0	-395.979797464	395.979797464	1550245349.91	-193	175	-193	175
9	"1"	"1"	2	FALSE	0	135	100	0	0	-395.979797464	395.979797464	1550245349.94	-224	203	-224	203
9	"1"	"1"	2	FALSE	0	135	100	0	0	-395.979797464	395.979797464	1550245349.98	-257	234	-257	234
9	"1"	"1"	2	FALSE	0	135	100	0	0	-395.979797464	395.979797464	1550245350.01	-285	266	-285	266
9	"1"	"1"	2	FALSE	0	135	100	0	0	-395.979797464	395.979797464	1550245350.04	-305	288	-305	288
9	"1"	"1"	2	FALSE	0	135	100	0	0	-395.979797464	395.979797464	1550245350.08	-323	311	-323	311
9	"1"	"1"	2	FALSE	0	135	100	0	0	-395.979797464	395.979797464	1550245350.11	-333	323	-333	323
9	"1"	"1"	2	FALSE	0	135	100	0	0	-395.979797464	395.979797464	1550245350.14	-346	338	-346	338
9	"1"	"1"	2	FALSE	0	135	100	0	0	-395.979797464	395.979797464	1550245350.18	-353	348	-353	348
9	"1"	"1"	2	FALSE	0	135	100	0	0	-395.979797464	395.979797464	1550245350.21	-359	359	-359	359
9	"1"	"1"	2	FALSE	0	135	100	0	0	-395.979797464	395.979797464	1550245350.24	-365	369	-365	369
9	"1"	"1"	2	FALSE	0	135	100	0	0	-395.979797464	395.979797464	1550245350.28	-371	377	-371	377
9	"1"	"1"	2	FALSE	0	135	100	0	0	-395.979797464	395.979797464	1550245350.31	-377	386	-377	386
9	"1"	"1"	2	FALSE	0	135	100	0	0	-395.979797464	395.979797464	1550245350.34	-383	391	-383	391
9	"1"	"1"	2	FALSE	0	135	100	0	0	-395.979797464	395.979797464	1550245350.38	-388	395	-388	395
9	"1"	"1"	2	FALSE	0	135	100	0	0	-395.979797464	395.979797464	1550245350.41	-393	397	-393	397
9	"1"	"1"	2	FALSE	0	135	100	0	0	-395.979797464	395.979797464	1550245350.44	-394	398	-394	398
9	"1"	"1"	2	FALSE	0	135	100	0	0	-395.979797464	395.979797464	1550245350.48	-395	399	-395	399
9	"1"	"1"	3	FALSE	0	90	100	0	0	3.42901103761e-14	560	1550245351.66	5	5	5	5
9	"1"	"1"	3	FALSE	0	90	100	0	0	3.42901103761e-14	560	1550245351.68	5	5	5	5
9	"1"	"1"	3	FALSE	0	90	100	0	0	3.42901103761e-14	560	1550245351.71	5	5	5	5
9	"1"	"1"	3	FALSE	0	90	100	0	0	3.42901103761e-14	560	1550245351.74	5	5	5	5
9	"1"	"1"	3	FALSE	0	90	100	0	0	3.42901103761e-14	560	1550245351.78	5	5	5	5
9	"1"	"1"	3	FALSE	0	90	100	0	0	3.42901103761e-14	560	1550245351.81	5	5	5	5
9	"1"	"1"	3	FALSE	0	90	100	0	0	3.42901103761e-14	560	1550245351.84	5	5	5	5
9	"1"	"1"	3	FALSE	0	90	100	0	0	3.42901103761e-14	560	1550245351.88	5	5	5	5
9	"1"	"1"	3	FALSE	0	90	100	0	0	3.42901103761e-14	560	1550245351.91	5	5	5	5
9	"1"	"1"	3	FALSE	0	90	100	0	0	3.42901103761e-14	560	1550245351.95	4	14	4	14
9	"1"	"1"	3	FALSE	0	90	100	0	0	3.42901103761e-14	560	1550245351.98	1	41	1	41
9	"1"	"1"	3	FALSE	0	90	100	0	0	3.42901103761e-14	560	1550245352.01	-4	81	-4	81
9	"1"	"1"	3	FALSE	0	90	100	0	0	3.42901103761e-14	560	1550245352.05	-7	136	-7	136
9	"1"	"1"	3	FALSE	0	90	100	0	0	3.42901103761e-14	560	1550245352.08	-7	196	-7	196
9	"1"	"1"	3	FALSE	0	90	100	0	0	3.42901103761e-14	560	1550245352.11	-8	249	-8	249
9	"1"	"1"	3	FALSE	0	90	100	0	0	3.42901103761e-14	560	1550245352.15	-9	314	-9	314
9	"1"	"1"	3	FALSE	0	90	100	0	0	3.42901103761e-14	560	1550245352.18	-8	375	-8	375
9	"1"	"1"	3	FALSE	0	90	100	0	0	3.42901103761e-14	560	1550245352.21	-8	423	-8	423
9	"1"	"1"	3	FALSE	0	90	100	0	0	3.42901103761e-14	560	1550245352.25	-9	470	-9	470
9	"1"	"1"	3	FALSE	0	90	100	0	0	3.42901103761e-14	560	1550245352.28	-11	503	-11	503
9	"1"	"1"	3	FALSE	0	90	100	0	0	3.42901103761e-14	560	1550245352.31	-14	526	-14	526
9	"1"	"1"	3	FALSE	0	90	100	0	0	3.42901103761e-14	560	1550245352.35	-16	545	-16	545
9	"1"	"1"	3	FALSE	0	90	100	0	0	3.42901103761e-14	560	1550245352.38	-17	555	-17	555
9	"1"	"1"	3	FALSE	0	90	100	0	0	3.42901103761e-14	560	1550245352.41	-19	563	-19	563
9	"1"	"1"	3	FALSE	0	90	100	0	0	3.42901103761e-14	560	1550245352.45	-19	565	-19	565
9	"1"	"1"	3	FALSE	0	90	100	0	0	3.42901103761e-14	560	1550245352.48	-19	565	-19	565
9	"1"	"1"	3	FALSE	0	90	100	0	0	3.42901103761e-14	560	1550245352.51	-19	565	-19	565
9	"1"	"1"	3	FALSE	0	90	100	0	0	3.42901103761e-14	560	1550245352.55	-19	565	-19	565
9	"1"	"1"	3	FALSE	0	90	100	0	0	3.42901103761e-14	560	1550245352.58	-19	565	-19	565
9	"1"	"1"	3	FALSE	0	90	100	0	0	3.42901103761e-14	560	1550245352.61	-19	565	-19	565
9	"1"	"1"	3	FALSE	0	90	100	0	0	3.42901103761e-14	560	1550245352.65	-18	564	-18	564
9	"1"	"1"	3	FALSE	0	90	100	0	0	3.42901103761e-14	560	1550245352.68	-16	561	-16	561
9	"1"	"1"	3	FALSE	0	90	100	0	0	3.42901103761e-14	560	1550245352.71	-12	558	-12	558
9	"1"	"1"	3	FALSE	0	90	100	0	0	3.42901103761e-14	560	1550245352.75	-9	555	-9	555
9	"1"	"1"	4	FALSE	0	90	100	0	0	3.42901103761e-14	560	1550245354.06	2	0	2	0
9	"1"	"1"	4	FALSE	0	90	100	0	0	3.42901103761e-14	560	1550245354.08	2	0	2	0
9	"1"	"1"	4	FALSE	0	90	100	0	0	3.42901103761e-14	560	1550245354.11	2	0	2	0
9	"1"	"1"	4	FALSE	0	90	100	0	0	3.42901103761e-14	560	1550245354.15	2	0	2	0
9	"1"	"1"	4	FALSE	0	90	100	0	0	3.42901103761e-14	560	1550245354.18	2	0	2	0
9	"1"	"1"	4	FALSE	0	90	100	0	0	3.42901103761e-14	560	1550245354.21	2	0	2	0
9	"1"	"1"	4	FALSE	0	90	100	0	0	3.42901103761e-14	560	1550245354.25	2	0	2	0
9	"1"	"1"	4	FALSE	0	90	100	0	0	3.42901103761e-14	560	1550245354.28	2	0	2	0
9	"1"	"1"	4	FALSE	0	90	100	0	0	3.42901103761e-14	560	1550245354.31	2	0	2	0
9	"1"	"1"	4	FALSE	0	90	100	0	0	3.42901103761e-14	560	1550245354.35	2	0	2	0
9	"1"	"1"	4	FALSE	0	90	100	0	0	3.42901103761e-14	560	1550245354.38	1	2	1	2
9	"1"	"1"	4	FALSE	0	90	100	0	0	3.42901103761e-14	560	1550245354.41	-3	7	-3	7
9	"1"	"1"	4	FALSE	0	90	100	0	0	3.42901103761e-14	560	1550245354.45	-6	21	-6	21
9	"1"	"1"	4	FALSE	0	90	100	0	0	3.42901103761e-14	560	1550245354.48	-9	54	-9	54
9	"1"	"1"	4	FALSE	0	90	100	0	0	3.42901103761e-14	560	1550245354.51	-9	93	-9	93
9	"1"	"1"	4	FALSE	0	90	100	0	0	3.42901103761e-14	560	1550245354.55	-6	153	-6	153
9	"1"	"1"	4	FALSE	0	90	100	0	0	3.42901103761e-14	560	1550245354.58	0	223	0	223
9	"1"	"1"	4	FALSE	0	90	100	0	0	3.42901103761e-14	560	1550245354.61	5	299	5	299
9	"1"	"1"	4	FALSE	0	90	100	0	0	3.42901103761e-14	560	1550245354.65	7	361	7	361
9	"1"	"1"	4	FALSE	0	90	100	0	0	3.42901103761e-14	560	1550245354.68	9	426	9	426
9	"1"	"1"	4	FALSE	0	90	100	0	0	3.42901103761e-14	560	1550245354.71	7	477	7	477
9	"1"	"1"	4	FALSE	0	90	100	0	0	3.42901103761e-14	560	1550245354.75	5	512	5	512
9	"1"	"1"	4	FALSE	0	90	100	0	0	3.42901103761e-14	560	1550245354.78	3	544	3	544
9	"1"	"1"	4	FALSE	0	90	100	0	0	3.42901103761e-14	560	1550245354.81	-1	561	-1	561
9	"1"	"1"	4	FALSE	0	90	100	0	0	3.42901103761e-14	560	1550245354.85	-4	571	-4	571
9	"1"	"1"	4	FALSE	0	90	100	0	0	3.42901103761e-14	560	1550245354.88	-8	580	-8	580
9	"1"	"1"	4	FALSE	0	90	100	0	0	3.42901103761e-14	560	1550245354.91	-10	584	-10	584
9	"1"	"1"	4	FALSE	0	90	100	0	0	3.42901103761e-14	560	1550245354.95	-10	585	-10	585
9	"1"	"1"	4	FALSE	0	90	100	0	0	3.42901103761e-14	560	1550245354.98	-10	584	-10	584
9	"1"	"1"	4	FALSE	0	90	100	0	0	3.42901103761e-14	560	1550245355.01	-10	584	-10	584
9	"1"	"1"	4	FALSE	0	90	100	0	0	3.42901103761e-14	560	1550245355.05	-10	584	-10	584
9	"1"	"1"	4	FALSE	0	90	100	0	0	3.42901103761e-14	560	1550245355.08	-9	582	-9	582
9	"1"	"1"	4	FALSE	0	90	100	0	0	3.42901103761e-14	560	1550245355.11	-8	578	-8	578
9	"1"	"1"	4	FALSE	0	90	100	0	0	3.42901103761e-14	560	1550245355.15	-6	571	-6	571
9	"1"	"1"	4	FALSE	0	90	100	0	0	3.42901103761e-14	560	1550245355.18	-4	566	-4	566
9	"1"	"1"	4	FALSE	0	90	100	0	0	3.42901103761e-14	560	1550245355.21	-4	564	-4	564
9	"1"	"1"	5	FALSE	0	45	100	0	0	395.979797464	395.979797464	1550245356.39	0	-5	0	-5
9	"1"	"1"	5	FALSE	0	45	100	0	0	395.979797464	395.979797464	1550245356.42	0	-6	0	-6
9	"1"	"1"	5	FALSE	0	45	100	0	0	395.979797464	395.979797464	1550245356.45	0	-6	0	-6
9	"1"	"1"	5	FALSE	0	45	100	0	0	395.979797464	395.979797464	1550245356.48	0	-6	0	-6
9	"1"	"1"	5	FALSE	0	45	100	0	0	395.979797464	395.979797464	1550245356.52	0	-6	0	-6
9	"1"	"1"	5	FALSE	0	45	100	0	0	395.979797464	395.979797464	1550245356.55	0	-6	0	-6
9	"1"	"1"	5	FALSE	0	45	100	0	0	395.979797464	395.979797464	1550245356.58	0	-6	0	-6
9	"1"	"1"	5	FALSE	0	45	100	0	0	395.979797464	395.979797464	1550245356.62	0	-6	0	-6
9	"1"	"1"	5	FALSE	0	45	100	0	0	395.979797464	395.979797464	1550245356.65	0	-6	0	-6
9	"1"	"1"	5	FALSE	0	45	100	0	0	395.979797464	395.979797464	1550245356.68	1	-5	1	-5
9	"1"	"1"	5	FALSE	0	45	100	0	0	395.979797464	395.979797464	1550245356.72	2	-4	2	-4
9	"1"	"1"	5	FALSE	0	45	100	0	0	395.979797464	395.979797464	1550245356.75	9	3	9	3
9	"1"	"1"	5	FALSE	0	45	100	0	0	395.979797464	395.979797464	1550245356.78	29	26	29	26
9	"1"	"1"	5	FALSE	0	45	100	0	0	395.979797464	395.979797464	1550245356.82	67	66	67	66
9	"1"	"1"	5	FALSE	0	45	100	0	0	395.979797464	395.979797464	1550245356.85	101	99	101	99
9	"1"	"1"	5	FALSE	0	45	100	0	0	395.979797464	395.979797464	1550245356.88	145	137	145	137
9	"1"	"1"	5	FALSE	0	45	100	0	0	395.979797464	395.979797464	1550245356.92	183	167	183	167
9	"1"	"1"	5	FALSE	0	45	100	0	0	395.979797464	395.979797464	1550245356.95	221	195	221	195
9	"1"	"1"	5	FALSE	0	45	100	0	0	395.979797464	395.979797464	1550245356.98	255	219	255	219
9	"1"	"1"	5	FALSE	0	45	100	0	0	395.979797464	395.979797464	1550245357.02	278	235	278	235
9	"1"	"1"	5	FALSE	0	45	100	0	0	395.979797464	395.979797464	1550245357.05	295	246	295	246
9	"1"	"1"	5	FALSE	0	45	100	0	0	395.979797464	395.979797464	1550245357.08	311	259	311	259
9	"1"	"1"	5	FALSE	0	45	100	0	0	395.979797464	395.979797464	1550245357.12	328	274	328	274
9	"1"	"1"	5	FALSE	0	45	100	0	0	395.979797464	395.979797464	1550245357.15	345	290	345	290
9	"1"	"1"	5	FALSE	0	45	100	0	0	395.979797464	395.979797464	1550245357.18	366	313	366	313
9	"1"	"1"	5	FALSE	0	45	100	0	0	395.979797464	395.979797464	1550245357.22	385	335	385	335
9	"1"	"1"	5	FALSE	0	45	100	0	0	395.979797464	395.979797464	1550245357.25	395	349	395	349
9	"1"	"1"	5	FALSE	0	45	100	0	0	395.979797464	395.979797464	1550245357.28	403	364	403	364
9	"1"	"1"	5	FALSE	0	45	100	0	0	395.979797464	395.979797464	1550245357.32	409	375	409	375
9	"1"	"1"	5	FALSE	0	45	100	0	0	395.979797464	395.979797464	1550245357.35	412	382	412	382
9	"1"	"1"	5	FALSE	0	45	100	0	0	395.979797464	395.979797464	1550245357.38	414	389	414	389
9	"1"	"1"	5	FALSE	0	45	100	0	0	395.979797464	395.979797464	1550245357.42	414	390	414	390
9	"1"	"1"	5	FALSE	0	45	100	0	0	395.979797464	395.979797464	1550245357.45	412	392	412	392
9	"1"	"1"	5	FALSE	0	45	100	0	0	395.979797464	395.979797464	1550245357.48	411	393	411	393
9	"1"	"1"	5	FALSE	0	45	100	0	0	395.979797464	395.979797464	1550245357.52	409	393	409	393
9	"1"	"1"	5	FALSE	0	45	100	0	0	395.979797464	395.979797464	1550245357.55	407	393	407	393
9	"1"	"1"	5	FALSE	0	45	100	0	0	395.979797464	395.979797464	1550245357.58	405	393	405	393
9	"1"	"1"	6	FALSE	0	135	100	0	0	-395.979797464	395.979797464	1550245358.73	0	5	0	5
9	"1"	"1"	6	FALSE	0	135	100	0	0	-395.979797464	395.979797464	1550245358.75	0	5	0	5
9	"1"	"1"	6	FALSE	0	135	100	0	0	-395.979797464	395.979797464	1550245358.78	0	5	0	5
9	"1"	"1"	6	FALSE	0	135	100	0	0	-395.979797464	395.979797464	1550245358.82	0	4	0	4
9	"1"	"1"	6	FALSE	0	135	100	0	0	-395.979797464	395.979797464	1550245358.85	1	4	1	4
9	"1"	"1"	6	FALSE	0	135	100	0	0	-395.979797464	395.979797464	1550245358.88	1	4	1	4
9	"1"	"1"	6	FALSE	0	135	100	0	0	-395.979797464	395.979797464	1550245358.92	1	4	1	4
9	"1"	"1"	6	FALSE	0	135	100	0	0	-395.979797464	395.979797464	1550245358.95	1	4	1	4
9	"1"	"1"	6	FALSE	0	135	100	0	0	-395.979797464	395.979797464	1550245358.98	1	4	1	4
9	"1"	"1"	6	FALSE	0	135	100	0	0	-395.979797464	395.979797464	1550245359.02	1	4	1	4
9	"1"	"1"	6	FALSE	0	135	100	0	0	-395.979797464	395.979797464	1550245359.05	-5	10	-5	10
9	"1"	"1"	6	FALSE	0	135	100	0	0	-395.979797464	395.979797464	1550245359.08	-23	28	-23	28
9	"1"	"1"	6	FALSE	0	135	100	0	0	-395.979797464	395.979797464	1550245359.12	-52	52	-52	52
9	"1"	"1"	6	FALSE	0	135	100	0	0	-395.979797464	395.979797464	1550245359.15	-95	84	-95	84
9	"1"	"1"	6	FALSE	0	135	100	0	0	-395.979797464	395.979797464	1550245359.18	-146	118	-146	118
9	"1"	"1"	6	FALSE	0	135	100	0	0	-395.979797464	395.979797464	1550245359.22	-193	146	-193	146
9	"1"	"1"	6	FALSE	0	135	100	0	0	-395.979797464	395.979797464	1550245359.25	-244	179	-244	179
9	"1"	"1"	6	FALSE	0	135	100	0	0	-395.979797464	395.979797464	1550245359.28	-288	216	-288	216
9	"1"	"1"	6	FALSE	0	135	100	0	0	-395.979797464	395.979797464	1550245359.32	-325	249	-325	249
9	"1"	"1"	6	FALSE	0	135	100	0	0	-395.979797464	395.979797464	1550245359.35	-351	273	-351	273
9	"1"	"1"	6	FALSE	0	135	100	0	0	-395.979797464	395.979797464	1550245359.38	-371	301	-371	301
9	"1"	"1"	6	FALSE	0	135	100	0	0	-395.979797464	395.979797464	1550245359.42	-384	325	-384	325
9	"1"	"1"	6	FALSE	0	135	100	0	0	-395.979797464	395.979797464	1550245359.45	-391	342	-391	342
9	"1"	"1"	6	FALSE	0	135	100	0	0	-395.979797464	395.979797464	1550245359.48	-394	359	-394	359
9	"1"	"1"	6	FALSE	0	135	100	0	0	-395.979797464	395.979797464	1550245359.52	-395	373	-395	373
9	"1"	"1"	6	FALSE	0	135	100	0	0	-395.979797464	395.979797464	1550245359.55	-395	381	-395	381
9	"1"	"1"	6	FALSE	0	135	100	0	0	-395.979797464	395.979797464	1550245359.58	-394	389	-394	389
9	"1"	"1"	6	FALSE	0	135	100	0	0	-395.979797464	395.979797464	1550245359.62	-392	394	-392	394
9	"1"	"1"	7	FALSE	0	135	100	0	0	-395.979797464	395.979797464	1550245360.93	-5	2	-5	2
9	"1"	"1"	7	FALSE	0	135	100	0	0	-395.979797464	395.979797464	1550245360.95	-5	2	-5	2
9	"1"	"1"	7	FALSE	0	135	100	0	0	-395.979797464	395.979797464	1550245360.99	-5	2	-5	2
9	"1"	"1"	7	FALSE	0	135	100	0	0	-395.979797464	395.979797464	1550245361.02	-5	1	-5	1
9	"1"	"1"	7	FALSE	0	135	100	0	0	-395.979797464	395.979797464	1550245361.05	-3	0	-3	0
9	"1"	"1"	7	FALSE	0	135	100	0	0	-395.979797464	395.979797464	1550245361.09	-3	0	-3	0
9	"1"	"1"	7	FALSE	0	135	100	0	0	-395.979797464	395.979797464	1550245361.12	-2	-1	-2	-1
9	"1"	"1"	7	FALSE	0	135	100	0	0	-395.979797464	395.979797464	1550245361.15	-1	0	-1	0
9	"1"	"1"	7	FALSE	0	135	100	0	0	-395.979797464	395.979797464	1550245361.19	-1	3	-1	3
9	"1"	"1"	7	FALSE	0	135	100	0	0	-395.979797464	395.979797464	1550245361.22	0	18	0	18
9	"1"	"1"	7	FALSE	0	135	100	0	0	-395.979797464	395.979797464	1550245361.25	-3	51	-3	51
9	"1"	"1"	7	FALSE	0	135	100	0	0	-395.979797464	395.979797464	1550245361.29	-18	87	-18	87
9	"1"	"1"	7	FALSE	0	135	100	0	0	-395.979797464	395.979797464	1550245361.32	-38	114	-38	114
9	"1"	"1"	7	FALSE	0	135	100	0	0	-395.979797464	395.979797464	1550245361.35	-69	146	-69	146
9	"1"	"1"	7	FALSE	0	135	100	0	0	-395.979797464	395.979797464	1550245361.39	-102	171	-102	171
9	"1"	"1"	7	FALSE	0	135	100	0	0	-395.979797464	395.979797464	1550245361.42	-145	201	-145	201
9	"1"	"1"	7	FALSE	0	135	100	0	0	-395.979797464	395.979797464	1550245361.45	-188	228	-188	228
9	"1"	"1"	7	FALSE	0	135	100	0	0	-395.979797464	395.979797464	1550245361.49	-222	253	-222	253
9	"1"	"1"	7	FALSE	0	135	100	0	0	-395.979797464	395.979797464	1550245361.52	-255	281	-255	281
9	"1"	"1"	7	FALSE	0	135	100	0	0	-395.979797464	395.979797464	1550245361.55	-282	305	-282	305
9	"1"	"1"	7	FALSE	0	135	100	0	0	-395.979797464	395.979797464	1550245361.59	-303	326	-303	326
9	"1"	"1"	7	FALSE	0	135	100	0	0	-395.979797464	395.979797464	1550245361.62	-316	339	-316	339
9	"1"	"1"	7	FALSE	0	135	100	0	0	-395.979797464	395.979797464	1550245361.65	-328	351	-328	351
9	"1"	"1"	7	FALSE	0	135	100	0	0	-395.979797464	395.979797464	1550245361.69	-340	363	-340	363
9	"1"	"1"	7	FALSE	0	135	100	0	0	-395.979797464	395.979797464	1550245361.72	-348	370	-348	370
9	"1"	"1"	7	FALSE	0	135	100	0	0	-395.979797464	395.979797464	1550245361.75	-358	379	-358	379
9	"1"	"1"	7	FALSE	0	135	100	0	0	-395.979797464	395.979797464	1550245361.79	-367	386	-367	386
9	"1"	"1"	7	FALSE	0	135	100	0	0	-395.979797464	395.979797464	1550245361.82	-376	392	-376	392
9	"1"	"1"	7	FALSE	0	135	100	0	0	-395.979797464	395.979797464	1550245361.85	-386	398	-386	398
9	"1"	"1"	7	FALSE	0	135	100	0	0	-395.979797464	395.979797464	1550245361.89	-393	402	-393	402
9	"1"	"1"	7	FALSE	0	135	100	0	0	-395.979797464	395.979797464	1550245361.92	-399	403	-399	403
9	"1"	"1"	7	FALSE	0	135	100	0	0	-395.979797464	395.979797464	1550245361.95	-401	403	-401	403
9	"1"	"1"	7	FALSE	0	135	100	0	0	-395.979797464	395.979797464	1550245361.99	-403	403	-403	403
9	"1"	"1"	8	FALSE	0	45	100	0	0	395.979797464	395.979797464	1550245363.17	2	3	2	3
9	"1"	"1"	8	FALSE	0	45	100	0	0	395.979797464	395.979797464	1550245363.19	2	3	2	3
9	"1"	"1"	8	FALSE	0	45	100	0	0	395.979797464	395.979797464	1550245363.22	2	3	2	3
9	"1"	"1"	8	FALSE	0	45	100	0	0	395.979797464	395.979797464	1550245363.25	2	3	2	3
9	"1"	"1"	8	FALSE	0	45	100	0	0	395.979797464	395.979797464	1550245363.29	3	2	3	2
9	"1"	"1"	8	FALSE	0	45	100	0	0	395.979797464	395.979797464	1550245363.32	3	3	3	3
9	"1"	"1"	8	FALSE	0	45	100	0	0	395.979797464	395.979797464	1550245363.35	2	5	2	5
9	"1"	"1"	8	FALSE	0	45	100	0	0	395.979797464	395.979797464	1550245363.39	2	14	2	14
9	"1"	"1"	8	FALSE	0	45	100	0	0	395.979797464	395.979797464	1550245363.42	0	32	0	32
9	"1"	"1"	8	FALSE	0	45	100	0	0	395.979797464	395.979797464	1550245363.45	3	56	3	56
9	"1"	"1"	8	FALSE	0	45	100	0	0	395.979797464	395.979797464	1550245363.49	13	84	13	84
9	"1"	"1"	8	FALSE	0	45	100	0	0	395.979797464	395.979797464	1550245363.52	30	113	30	113
9	"1"	"1"	8	FALSE	0	45	100	0	0	395.979797464	395.979797464	1550245363.55	60	147	60	147
9	"1"	"1"	8	FALSE	0	45	100	0	0	395.979797464	395.979797464	1550245363.59	93	174	93	174
9	"1"	"1"	8	FALSE	0	45	100	0	0	395.979797464	395.979797464	1550245363.62	135	200	135	200
9	"1"	"1"	8	FALSE	0	45	100	0	0	395.979797464	395.979797464	1550245363.65	176	224	176	224
9	"1"	"1"	8	FALSE	0	45	100	0	0	395.979797464	395.979797464	1550245363.69	209	240	209	240
9	"1"	"1"	8	FALSE	0	45	100	0	0	395.979797464	395.979797464	1550245363.72	248	261	248	261
9	"1"	"1"	8	FALSE	0	45	100	0	0	395.979797464	395.979797464	1550245363.75	282	280	282	280
9	"1"	"1"	8	FALSE	0	45	100	0	0	395.979797464	395.979797464	1550245363.79	308	293	308	293
9	"1"	"1"	8	FALSE	0	45	100	0	0	395.979797464	395.979797464	1550245363.82	329	305	329	305
9	"1"	"1"	8	FALSE	0	45	100	0	0	395.979797464	395.979797464	1550245363.85	344	316	344	316
9	"1"	"1"	8	FALSE	0	45	100	0	0	395.979797464	395.979797464	1550245363.89	357	324	357	324
9	"1"	"1"	8	FALSE	0	45	100	0	0	395.979797464	395.979797464	1550245363.92	369	333	369	333
9	"1"	"1"	8	FALSE	0	45	100	0	0	395.979797464	395.979797464	1550245363.95	383	345	383	345
9	"1"	"1"	8	FALSE	0	45	100	0	0	395.979797464	395.979797464	1550245363.99	391	354	391	354
9	"1"	"1"	8	FALSE	0	45	100	0	0	395.979797464	395.979797464	1550245364.02	396	363	396	363
9	"1"	"1"	8	FALSE	0	45	100	0	0	395.979797464	395.979797464	1550245364.05	402	374	402	374
9	"1"	"1"	8	FALSE	0	45	100	0	0	395.979797464	395.979797464	1550245364.09	405	378	405	378
9	"1"	"1"	8	FALSE	0	45	100	0	0	395.979797464	395.979797464	1550245364.12	406	383	406	383
9	"1"	"1"	8	FALSE	0	45	100	0	0	395.979797464	395.979797464	1550245364.15	406	385	406	385
9	"1"	"1"	8	FALSE	0	45	100	0	0	395.979797464	395.979797464	1550245364.19	406	386	406	386
9	"1"	"1"	9	FALSE	0	90	100	0	0	3.42901103761e-14	560	1550245365.37	-9	1	-9	1
9	"1"	"1"	9	FALSE	0	90	100	0	0	3.42901103761e-14	560	1550245365.39	-9	1	-9	1
9	"1"	"1"	9	FALSE	0	90	100	0	0	3.42901103761e-14	560	1550245365.42	-8	0	-8	0
9	"1"	"1"	9	FALSE	0	90	100	0	0	3.42901103761e-14	560	1550245365.46	-6	0	-6	0
9	"1"	"1"	9	FALSE	0	90	100	0	0	3.42901103761e-14	560	1550245365.49	-6	1	-6	1
9	"1"	"1"	9	FALSE	0	90	100	0	0	3.42901103761e-14	560	1550245365.52	-5	0	-5	0
9	"1"	"1"	9	FALSE	0	90	100	0	0	3.42901103761e-14	560	1550245365.56	-4	0	-4	0
9	"1"	"1"	9	FALSE	0	90	100	0	0	3.42901103761e-14	560	1550245365.59	-4	0	-4	0
9	"1"	"1"	9	FALSE	0	90	100	0	0	3.42901103761e-14	560	1550245365.62	-4	0	-4	0
9	"1"	"1"	9	FALSE	0	90	100	0	0	3.42901103761e-14	560	1550245365.66	-4	0	-4	0
9	"1"	"1"	9	FALSE	0	90	100	0	0	3.42901103761e-14	560	1550245365.69	-4	1	-4	1
9	"1"	"1"	9	FALSE	0	90	100	0	0	3.42901103761e-14	560	1550245365.72	-6	7	-6	7
9	"1"	"1"	9	FALSE	0	90	100	0	0	3.42901103761e-14	560	1550245365.76	-12	46	-12	46
9	"1"	"1"	9	FALSE	0	90	100	0	0	3.42901103761e-14	560	1550245365.79	-15	89	-15	89
9	"1"	"1"	9	FALSE	0	90	100	0	0	3.42901103761e-14	560	1550245365.82	-17	149	-17	149
9	"1"	"1"	9	FALSE	0	90	100	0	0	3.42901103761e-14	560	1550245365.86	-16	209	-16	209
9	"1"	"1"	9	FALSE	0	90	100	0	0	3.42901103761e-14	560	1550245365.89	-12	277	-12	277
9	"1"	"1"	9	FALSE	0	90	100	0	0	3.42901103761e-14	560	1550245365.92	-8	335	-8	335
9	"1"	"1"	9	FALSE	0	90	100	0	0	3.42901103761e-14	560	1550245365.96	-6	376	-6	376
9	"1"	"1"	9	FALSE	0	90	100	0	0	3.42901103761e-14	560	1550245365.99	-8	412	-8	412
9	"1"	"1"	9	FALSE	0	90	100	0	0	3.42901103761e-14	560	1550245366.02	-10	438	-10	438
9	"1"	"1"	9	FALSE	0	90	100	0	0	3.42901103761e-14	560	1550245366.06	-12	461	-12	461
9	"1"	"1"	9	FALSE	0	90	100	0	0	3.42901103761e-14	560	1550245366.09	-13	474	-13	474
9	"1"	"1"	9	FALSE	0	90	100	0	0	3.42901103761e-14	560	1550245366.12	-14	483	-14	483
9	"1"	"1"	9	FALSE	0	90	100	0	0	3.42901103761e-14	560	1550245366.16	-14	495	-14	495
9	"1"	"1"	9	FALSE	0	90	100	0	0	3.42901103761e-14	560	1550245366.19	-14	503	-14	503
9	"1"	"1"	9	FALSE	0	90	100	0	0	3.42901103761e-14	560	1550245366.22	-13	513	-13	513
9	"1"	"1"	9	FALSE	0	90	100	0	0	3.42901103761e-14	560	1550245366.26	-10	524	-10	524
9	"1"	"1"	9	FALSE	0	90	100	0	0	3.42901103761e-14	560	1550245366.29	-9	530	-9	530
9	"1"	"1"	9	FALSE	0	90	100	0	0	3.42901103761e-14	560	1550245366.32	-6	536	-6	536
9	"1"	"1"	9	FALSE	0	90	100	0	0	3.42901103761e-14	560	1550245366.36	-3	541	-3	541
9	"1"	"1"	9	FALSE	0	90	100	0	0	3.42901103761e-14	560	1550245366.39	-2	545	-2	545
9	"1"	"1"	9	FALSE	0	90	100	0	0	3.42901103761e-14	560	1550245366.42	0	551	0	551
9	"1"	"1"	9	FALSE	0	90	100	0	0	3.42901103761e-14	560	1550245366.46	0	556	0	556
9	"1"	"1"	9	FALSE	0	90	100	0	0	3.42901103761e-14	560	1550245366.49	1	558	1	558
9	"1"	"1"	10	FALSE	0	90	100	0	0	3.42901103761e-14	560	1550245367.7	5	-9	5	-9
9	"1"	"1"	10	FALSE	0	90	100	0	0	3.42901103761e-14	560	1550245367.72	5	-9	5	-9
9	"1"	"1"	10	FALSE	0	90	100	0	0	3.42901103761e-14	560	1550245367.76	5	-9	5	-9
9	"1"	"1"	10	FALSE	0	90	100	0	0	3.42901103761e-14	560	1550245367.79	5	-9	5	-9
9	"1"	"1"	10	FALSE	0	90	100	0	0	3.42901103761e-14	560	1550245367.82	5	-9	5	-9
9	"1"	"1"	10	FALSE	0	90	100	0	0	3.42901103761e-14	560	1550245367.86	5	-9	5	-9
9	"1"	"1"	10	FALSE	0	90	100	0	0	3.42901103761e-14	560	1550245367.89	5	-9	5	-9
9	"1"	"1"	10	FALSE	0	90	100	0	0	3.42901103761e-14	560	1550245367.92	5	-8	5	-8
9	"1"	"1"	10	FALSE	0	90	100	0	0	3.42901103761e-14	560	1550245367.96	4	-7	4	-7
9	"1"	"1"	10	FALSE	0	90	100	0	0	3.42901103761e-14	560	1550245367.99	2	-4	2	-4
9	"1"	"1"	10	FALSE	0	90	100	0	0	3.42901103761e-14	560	1550245368.02	0	5	0	5
9	"1"	"1"	10	FALSE	0	90	100	0	0	3.42901103761e-14	560	1550245368.06	-2	26	-2	26
9	"1"	"1"	10	FALSE	0	90	100	0	0	3.42901103761e-14	560	1550245368.09	-6	66	-6	66
9	"1"	"1"	10	FALSE	0	90	100	0	0	3.42901103761e-14	560	1550245368.12	-8	117	-8	117
9	"1"	"1"	10	FALSE	0	90	100	0	0	3.42901103761e-14	560	1550245368.16	-8	167	-8	167
9	"1"	"1"	10	FALSE	0	90	100	0	0	3.42901103761e-14	560	1550245368.19	-6	225	-6	225
9	"1"	"1"	10	FALSE	0	90	100	0	0	3.42901103761e-14	560	1550245368.22	-4	280	-4	280
9	"1"	"1"	10	FALSE	0	90	100	0	0	3.42901103761e-14	560	1550245368.26	-3	332	-3	332
9	"1"	"1"	10	FALSE	0	90	100	0	0	3.42901103761e-14	560	1550245368.29	-4	371	-4	371
9	"1"	"1"	10	FALSE	0	90	100	0	0	3.42901103761e-14	560	1550245368.32	-5	410	-5	410
9	"1"	"1"	10	FALSE	0	90	100	0	0	3.42901103761e-14	560	1550245368.36	-8	443	-8	443
9	"1"	"1"	10	FALSE	0	90	100	0	0	3.42901103761e-14	560	1550245368.39	-10	469	-10	469
9	"1"	"1"	10	FALSE	0	90	100	0	0	3.42901103761e-14	560	1550245368.42	-10	494	-10	494
9	"1"	"1"	10	FALSE	0	90	100	0	0	3.42901103761e-14	560	1550245368.46	-11	513	-11	513
9	"1"	"1"	10	FALSE	0	90	100	0	0	3.42901103761e-14	560	1550245368.49	-11	526	-11	526
9	"1"	"1"	10	FALSE	0	90	100	0	0	3.42901103761e-14	560	1550245368.52	-12	539	-12	539
9	"1"	"1"	10	FALSE	0	90	100	0	0	3.42901103761e-14	560	1550245368.56	-12	547	-12	547
9	"1"	"1"	10	FALSE	0	90	100	0	0	3.42901103761e-14	560	1550245368.59	-12	553	-12	553
9	"1"	"1"	11	FALSE	0	135	100	0	0	-395.979797464	395.979797464	1550245369.67	-6	0	-6	0
9	"1"	"1"	11	FALSE	0	135	100	0	0	-395.979797464	395.979797464	1550245369.69	-5	0	-5	0
9	"1"	"1"	11	FALSE	0	135	100	0	0	-395.979797464	395.979797464	1550245369.73	-5	0	-5	0
9	"1"	"1"	11	FALSE	0	135	100	0	0	-395.979797464	395.979797464	1550245369.76	-5	0	-5	0
9	"1"	"1"	11	FALSE	0	135	100	0	0	-395.979797464	395.979797464	1550245369.79	-5	0	-5	0
9	"1"	"1"	11	FALSE	0	135	100	0	0	-395.979797464	395.979797464	1550245369.83	-5	0	-5	0
9	"1"	"1"	11	FALSE	0	135	100	0	0	-395.979797464	395.979797464	1550245369.86	-5	0	-5	0
9	"1"	"1"	11	FALSE	0	135	100	0	0	-395.979797464	395.979797464	1550245369.89	-5	-1	-5	-1
9	"1"	"1"	11	FALSE	0	135	100	0	0	-395.979797464	395.979797464	1550245369.93	-5	-1	-5	-1
9	"1"	"1"	11	FALSE	0	135	100	0	0	-395.979797464	395.979797464	1550245369.96	-8	1	-8	1
9	"1"	"1"	11	FALSE	0	135	100	0	0	-395.979797464	395.979797464	1550245369.99	-21	13	-21	13
9	"1"	"1"	11	FALSE	0	135	100	0	0	-395.979797464	395.979797464	1550245370.03	-46	40	-46	40
9	"1"	"1"	11	FALSE	0	135	100	0	0	-395.979797464	395.979797464	1550245370.06	-81	74	-81	74
9	"1"	"1"	11	FALSE	0	135	100	0	0	-395.979797464	395.979797464	1550245370.09	-115	107	-115	107
9	"1"	"1"	11	FALSE	0	135	100	0	0	-395.979797464	395.979797464	1550245370.13	-162	150	-162	150
9	"1"	"1"	11	FALSE	0	135	100	0	0	-395.979797464	395.979797464	1550245370.16	-210	192	-210	192
9	"1"	"1"	11	FALSE	0	135	100	0	0	-395.979797464	395.979797464	1550245370.19	-255	233	-255	233
9	"1"	"1"	11	FALSE	0	135	100	0	0	-395.979797464	395.979797464	1550245370.23	-295	273	-295	273
9	"1"	"1"	11	FALSE	0	135	100	0	0	-395.979797464	395.979797464	1550245370.26	-325	302	-325	302
9	"1"	"1"	11	FALSE	0	135	100	0	0	-395.979797464	395.979797464	1550245370.29	-353	330	-353	330
9	"1"	"1"	11	FALSE	0	135	100	0	0	-395.979797464	395.979797464	1550245370.33	-375	357	-375	357
9	"1"	"1"	11	FALSE	0	135	100	0	0	-395.979797464	395.979797464	1550245370.36	-387	371	-387	371
9	"1"	"1"	11	FALSE	0	135	100	0	0	-395.979797464	395.979797464	1550245370.39	-399	386	-399	386
9	"1"	"1"	11	FALSE	0	135	100	0	0	-395.979797464	395.979797464	1550245370.43	-407	397	-407	397
9	"1"	"1"	11	FALSE	0	135	100	0	0	-395.979797464	395.979797464	1550245370.46	-414	406	-414	406
9	"1"	"1"	11	FALSE	0	135	100	0	0	-395.979797464	395.979797464	1550245370.49	-416	409	-416	409
9	"1"	"1"	11	FALSE	0	135	100	0	0	-395.979797464	395.979797464	1550245370.53	-417	410	-417	410
9	"1"	"1"	11	FALSE	0	135	100	0	0	-395.979797464	395.979797464	1550245370.56	-417	410	-417	410
9	"1"	"1"	11	FALSE	0	135	100	0	0	-395.979797464	395.979797464	1550245370.59	-417	410	-417	410
9	"1"	"1"	11	FALSE	0	135	100	0	0	-395.979797464	395.979797464	1550245370.63	-417	410	-417	410
9	"1"	"1"	11	FALSE	0	135	100	0	0	-395.979797464	395.979797464	1550245370.66	-417	410	-417	410
9	"1"	"1"	11	FALSE	0	135	100	0	0	-395.979797464	395.979797464	1550245370.69	-416	408	-416	408
9	"1"	"1"	11	FALSE	0	135	100	0	0	-395.979797464	395.979797464	1550245370.73	-413	405	-413	405
9	"1"	"1"	11	FALSE	0	135	100	0	0	-395.979797464	395.979797464	1550245370.76	-408	399	-408	399
9	"1"	"1"	11	FALSE	0	135	100	0	0	-395.979797464	395.979797464	1550245370.79	-402	393	-402	393
9	"1"	"1"	11	FALSE	0	135	100	0	0	-395.979797464	395.979797464	1550245370.83	-397	389	-397	389
9	"1"	"1"	11	FALSE	0	135	100	0	0	-395.979797464	395.979797464	1550245370.86	-394	387	-394	387
9	"1"	"1"	11	FALSE	0	135	100	0	0	-395.979797464	395.979797464	1550245370.89	-393	386	-393	386
9	"1"	"1"	11	FALSE	0	135	100	0	0	-395.979797464	395.979797464	1550245370.93	-392	385	-392	385
9	"1"	"1"	12	FALSE	0	45	100	0	0	395.979797464	395.979797464	1550245372.11	10	-9	10	-9
9	"1"	"1"	12	FALSE	0	45	100	0	0	395.979797464	395.979797464	1550245372.13	10	-9	10	-9
9	"1"	"1"	12	FALSE	0	45	100	0	0	395.979797464	395.979797464	1550245372.16	10	-9	10	-9
9	"1"	"1"	12	FALSE	0	45	100	0	0	395.979797464	395.979797464	1550245372.19	10	-9	10	-9
9	"1"	"1"	12	FALSE	0	45	100	0	0	395.979797464	395.979797464	1550245372.23	10	-9	10	-9
9	"1"	"1"	12	FALSE	0	45	100	0	0	395.979797464	395.979797464	1550245372.26	10	-4	10	-4
9	"1"	"1"	12	FALSE	0	45	100	0	0	395.979797464	395.979797464	1550245372.29	9	4	9	4
9	"1"	"1"	12	FALSE	0	45	100	0	0	395.979797464	395.979797464	1550245372.33	9	16	9	16
9	"1"	"1"	12	FALSE	0	45	100	0	0	395.979797464	395.979797464	1550245372.36	9	32	9	32
9	"1"	"1"	12	FALSE	0	45	100	0	0	395.979797464	395.979797464	1550245372.39	11	62	11	62
9	"1"	"1"	12	FALSE	0	45	100	0	0	395.979797464	395.979797464	1550245372.43	22	96	22	96
9	"1"	"1"	12	FALSE	0	45	100	0	0	395.979797464	395.979797464	1550245372.46	39	128	39	128
9	"1"	"1"	12	FALSE	0	45	100	0	0	395.979797464	395.979797464	1550245372.49	66	170	66	170
9	"1"	"1"	12	FALSE	0	45	100	0	0	395.979797464	395.979797464	1550245372.53	99	208	99	208
9	"1"	"1"	12	FALSE	0	45	100	0	0	395.979797464	395.979797464	1550245372.56	136	240	136	240
9	"1"	"1"	12	FALSE	0	45	100	0	0	395.979797464	395.979797464	1550245372.59	174	270	174	270
9	"1"	"1"	12	FALSE	0	45	100	0	0	395.979797464	395.979797464	1550245372.63	205	289	205	289
9	"1"	"1"	12	FALSE	0	45	100	0	0	395.979797464	395.979797464	1550245372.66	242	309	242	309
9	"1"	"1"	12	FALSE	0	45	100	0	0	395.979797464	395.979797464	1550245372.69	276	323	276	323
9	"1"	"1"	12	FALSE	0	45	100	0	0	395.979797464	395.979797464	1550245372.73	302	330	302	330
9	"1"	"1"	12	FALSE	0	45	100	0	0	395.979797464	395.979797464	1550245372.76	329	339	329	339
9	"1"	"1"	12	FALSE	0	45	100	0	0	395.979797464	395.979797464	1550245372.79	352	345	352	345
9	"1"	"1"	12	FALSE	0	45	100	0	0	395.979797464	395.979797464	1550245372.83	367	349	367	349
9	"1"	"1"	12	FALSE	0	45	100	0	0	395.979797464	395.979797464	1550245372.86	381	354	381	354
9	"1"	"1"	12	FALSE	0	45	100	0	0	395.979797464	395.979797464	1550245372.89	396	359	396	359
9	"1"	"1"	12	FALSE	0	45	100	0	0	395.979797464	395.979797464	1550245372.93	407	363	407	363
9	"1"	"1"	12	FALSE	0	45	100	0	0	395.979797464	395.979797464	1550245372.96	415	368	415	368
9	"1"	"1"	12	FALSE	0	45	100	0	0	395.979797464	395.979797464	1550245372.99	423	374	423	374
9	"1"	"1"	12	FALSE	0	45	100	0	0	395.979797464	395.979797464	1550245373.03	427	378	427	378
9	"1"	"1"	12	FALSE	0	45	100	0	0	395.979797464	395.979797464	1550245373.06	430	383	430	383
9	"1"	"1"	12	FALSE	0	45	100	0	0	395.979797464	395.979797464	1550245373.09	431	387	431	387
9	"1"	"1"	12	FALSE	0	45	100	0	0	395.979797464	395.979797464	1550245373.13	429	390	429	390
9	"1"	"1"	12	FALSE	0	45	100	0	0	395.979797464	395.979797464	1550245373.16	426	393	426	393
9	"1"	"1"	12	FALSE	0	45	100	0	0	395.979797464	395.979797464	1550245373.19	423	394	423	394
9	"1"	"1"	12	FALSE	0	45	100	0	0	395.979797464	395.979797464	1550245373.23	417	394	417	394
9	"1"	"1"	12	FALSE	0	45	100	0	0	395.979797464	395.979797464	1550245373.26	409	393	409	393
9	"1"	"1"	12	FALSE	0	45	100	0	0	395.979797464	395.979797464	1550245373.29	403	393	403	393
9	"1"	"1"	12	FALSE	0	45	100	0	0	395.979797464	395.979797464	1550245373.33	397	392	397	392
9	"1"	"1"	12	FALSE	0	45	100	0	0	395.979797464	395.979797464	1550245373.36	391	391	391	391
9	"1"	"1"	12	FALSE	0	45	100	0	0	395.979797464	395.979797464	1550245373.39	386	391	386	391
9	"1"	"1"	12	FALSE	0	45	100	0	0	395.979797464	395.979797464	1550245373.43	384	390	384	390
9	"1"	"1"	12	FALSE	0	45	100	0	0	395.979797464	395.979797464	1550245373.46	383	390	383	390
9	"1"	"1"	12	FALSE	0	45	100	0	0	395.979797464	395.979797464	1550245373.49	383	390	383	390
9	"1"	"1"	13	FALSE	0	45	100	0	0	395.979797464	395.979797464	1550245374.81	-6	4	-6	4
9	"1"	"1"	13	FALSE	0	45	100	0	0	395.979797464	395.979797464	1550245374.83	-6	4	-6	4
9	"1"	"1"	13	FALSE	0	45	100	0	0	395.979797464	395.979797464	1550245374.86	-6	4	-6	4
9	"1"	"1"	13	FALSE	0	45	100	0	0	395.979797464	395.979797464	1550245374.9	-6	4	-6	4
9	"1"	"1"	13	FALSE	0	45	100	0	0	395.979797464	395.979797464	1550245374.93	-6	4	-6	4
9	"1"	"1"	13	FALSE	0	45	100	0	0	395.979797464	395.979797464	1550245374.96	-6	3	-6	3
9	"1"	"1"	13	FALSE	0	45	100	0	0	395.979797464	395.979797464	1550245375	-6	3	-6	3
9	"1"	"1"	13	FALSE	0	45	100	0	0	395.979797464	395.979797464	1550245375.03	-6	3	-6	3
9	"1"	"1"	13	FALSE	0	45	100	0	0	395.979797464	395.979797464	1550245375.06	-6	3	-6	3
9	"1"	"1"	13	FALSE	0	45	100	0	0	395.979797464	395.979797464	1550245375.1	-6	3	-6	3
9	"1"	"1"	13	FALSE	0	45	100	0	0	395.979797464	395.979797464	1550245375.13	-6	3	-6	3
9	"1"	"1"	13	FALSE	0	45	100	0	0	395.979797464	395.979797464	1550245375.16	-2	4	-2	4
9	"1"	"1"	13	FALSE	0	45	100	0	0	395.979797464	395.979797464	1550245375.2	8	12	8	12
9	"1"	"1"	13	FALSE	0	45	100	0	0	395.979797464	395.979797464	1550245375.23	30	34	30	34
9	"1"	"1"	13	FALSE	0	45	100	0	0	395.979797464	395.979797464	1550245375.26	62	65	62	65
9	"1"	"1"	13	FALSE	0	45	100	0	0	395.979797464	395.979797464	1550245375.3	98	102	98	102
9	"1"	"1"	13	FALSE	0	45	100	0	0	395.979797464	395.979797464	1550245375.33	138	143	138	143
9	"1"	"1"	13	FALSE	0	45	100	0	0	395.979797464	395.979797464	1550245375.36	181	183	181	183
9	"1"	"1"	13	FALSE	0	45	100	0	0	395.979797464	395.979797464	1550245375.4	218	217	218	217
9	"1"	"1"	13	FALSE	0	45	100	0	0	395.979797464	395.979797464	1550245375.43	256	253	256	253
9	"1"	"1"	13	FALSE	0	45	100	0	0	395.979797464	395.979797464	1550245375.46	284	282	284	282
9	"1"	"1"	13	FALSE	0	45	100	0	0	395.979797464	395.979797464	1550245375.5	316	315	316	315
9	"1"	"1"	13	FALSE	0	45	100	0	0	395.979797464	395.979797464	1550245375.53	341	342	341	342
9	"1"	"1"	13	FALSE	0	45	100	0	0	395.979797464	395.979797464	1550245375.56	359	361	359	361
9	"1"	"1"	13	FALSE	0	45	100	0	0	395.979797464	395.979797464	1550245375.6	379	383	379	383
9	"1"	"1"	13	FALSE	0	45	100	0	0	395.979797464	395.979797464	1550245375.63	386	393	386	393
9	"1"	"1"	13	FALSE	0	45	100	0	0	395.979797464	395.979797464	1550245375.66	393	403	393	403
9	"1"	"1"	13	FALSE	0	45	100	0	0	395.979797464	395.979797464	1550245375.7	398	409	398	409
9	"1"	"1"	13	FALSE	0	45	100	0	0	395.979797464	395.979797464	1550245375.73	399	411	399	411
9	"1"	"1"	13	FALSE	0	45	100	0	0	395.979797464	395.979797464	1550245375.76	400	412	400	412
9	"1"	"1"	13	FALSE	0	45	100	0	0	395.979797464	395.979797464	1550245375.8	400	412	400	412
9	"1"	"1"	13	FALSE	0	45	100	0	0	395.979797464	395.979797464	1550245375.83	400	412	400	412
9	"1"	"1"	13	FALSE	0	45	100	0	0	395.979797464	395.979797464	1550245375.86	400	412	400	412
9	"1"	"1"	13	FALSE	0	45	100	0	0	395.979797464	395.979797464	1550245375.9	400	412	400	412
9	"1"	"1"	13	FALSE	0	45	100	0	0	395.979797464	395.979797464	1550245375.93	400	411	400	411
9	"1"	"1"	13	FALSE	0	45	100	0	0	395.979797464	395.979797464	1550245375.96	400	410	400	410
9	"1"	"1"	13	FALSE	0	45	100	0	0	395.979797464	395.979797464	1550245376	400	406	400	406
9	"1"	"1"	13	FALSE	0	45	100	0	0	395.979797464	395.979797464	1550245376.03	398	400	398	400
9	"1"	"1"	13	FALSE	0	45	100	0	0	395.979797464	395.979797464	1550245376.06	396	398	396	398
9	"1"	"1"	14	FALSE	0	90	100	0	0	3.42901103761e-14	560	1550245377.18	0	2	0	2
9	"1"	"1"	14	FALSE	0	90	100	0	0	3.42901103761e-14	560	1550245377.2	0	2	0	2
9	"1"	"1"	14	FALSE	0	90	100	0	0	3.42901103761e-14	560	1550245377.23	0	2	0	2
9	"1"	"1"	14	FALSE	0	90	100	0	0	3.42901103761e-14	560	1550245377.26	0	2	0	2
9	"1"	"1"	14	FALSE	0	90	100	0	0	3.42901103761e-14	560	1550245377.3	0	2	0	2
9	"1"	"1"	14	FALSE	0	90	100	0	0	3.42901103761e-14	560	1550245377.33	0	2	0	2
9	"1"	"1"	14	FALSE	0	90	100	0	0	3.42901103761e-14	560	1550245377.36	0	2	0	2
9	"1"	"1"	14	FALSE	0	90	100	0	0	3.42901103761e-14	560	1550245377.4	0	2	0	2
9	"1"	"1"	14	FALSE	0	90	100	0	0	3.42901103761e-14	560	1550245377.43	1	3	1	3
9	"1"	"1"	14	FALSE	0	90	100	0	0	3.42901103761e-14	560	1550245377.46	0	5	0	5
9	"1"	"1"	14	FALSE	0	90	100	0	0	3.42901103761e-14	560	1550245377.5	-3	16	-3	16
9	"1"	"1"	14	FALSE	0	90	100	0	0	3.42901103761e-14	560	1550245377.53	-6	51	-6	51
9	"1"	"1"	14	FALSE	0	90	100	0	0	3.42901103761e-14	560	1550245377.56	-7	87	-7	87
9	"1"	"1"	14	FALSE	0	90	100	0	0	3.42901103761e-14	560	1550245377.6	-7	131	-7	131
9	"1"	"1"	14	FALSE	0	90	100	0	0	3.42901103761e-14	560	1550245377.63	-7	180	-7	180
9	"1"	"1"	14	FALSE	0	90	100	0	0	3.42901103761e-14	560	1550245377.66	-4	223	-4	223
9	"1"	"1"	14	FALSE	0	90	100	0	0	3.42901103761e-14	560	1550245377.7	-1	269	-1	269
9	"1"	"1"	14	FALSE	0	90	100	0	0	3.42901103761e-14	560	1550245377.73	1	315	1	315
9	"1"	"1"	14	FALSE	0	90	100	0	0	3.42901103761e-14	560	1550245377.76	1	347	1	347
9	"1"	"1"	14	FALSE	0	90	100	0	0	3.42901103761e-14	560	1550245377.8	4	382	4	382
9	"1"	"1"	14	FALSE	0	90	100	0	0	3.42901103761e-14	560	1550245377.83	8	415	8	415
9	"1"	"1"	14	FALSE	0	90	100	0	0	3.42901103761e-14	560	1550245377.87	11	444	11	444
9	"1"	"1"	14	FALSE	0	90	100	0	0	3.42901103761e-14	560	1550245377.9	15	466	15	466
9	"1"	"1"	14	FALSE	0	90	100	0	0	3.42901103761e-14	560	1550245377.93	17	490	17	490
9	"1"	"1"	14	FALSE	0	90	100	0	0	3.42901103761e-14	560	1550245377.97	18	504	18	504
9	"1"	"1"	14	FALSE	0	90	100	0	0	3.42901103761e-14	560	1550245378	18	518	18	518
9	"1"	"1"	14	FALSE	0	90	100	0	0	3.42901103761e-14	560	1550245378.03	19	534	19	534
9	"1"	"1"	14	FALSE	0	90	100	0	0	3.42901103761e-14	560	1550245378.07	18	547	18	547
9	"1"	"1"	14	FALSE	0	90	100	0	0	3.42901103761e-14	560	1550245378.1	18	557	18	557
9	"1"	"1"	14	FALSE	0	90	100	0	0	3.42901103761e-14	560	1550245378.13	18	565	18	565
9	"1"	"1"	14	FALSE	0	90	100	0	0	3.42901103761e-14	560	1550245378.17	17	570	17	570
9	"1"	"1"	14	FALSE	0	90	100	0	0	3.42901103761e-14	560	1550245378.2	16	574	16	574
9	"1"	"1"	14	FALSE	0	90	100	0	0	3.42901103761e-14	560	1550245378.23	15	576	15	576
9	"1"	"1"	14	FALSE	0	90	100	0	0	3.42901103761e-14	560	1550245378.27	14	578	14	578
9	"1"	"1"	14	FALSE	0	90	100	0	0	3.42901103761e-14	560	1550245378.3	14	578	14	578
9	"1"	"1"	14	FALSE	0	90	100	0	0	3.42901103761e-14	560	1550245378.33	15	578	15	578
9	"1"	"1"	14	FALSE	0	90	100	0	0	3.42901103761e-14	560	1550245378.37	15	577	15	577
9	"1"	"1"	14	FALSE	0	90	100	0	0	3.42901103761e-14	560	1550245378.4	15	577	15	577
9	"1"	"1"	14	FALSE	0	90	100	0	0	3.42901103761e-14	560	1550245378.43	14	576	14	576
9	"1"	"1"	14	FALSE	0	90	100	0	0	3.42901103761e-14	560	1550245378.47	14	575	14	575
9	"1"	"1"	14	FALSE	0	90	100	0	0	3.42901103761e-14	560	1550245378.5	13	574	13	574
9	"1"	"1"	14	FALSE	0	90	100	0	0	3.42901103761e-14	560	1550245378.53	12	572	12	572
9	"1"	"1"	14	FALSE	0	90	100	0	0	3.42901103761e-14	560	1550245378.57	9	566	9	566
9	"1"	"1"	14	FALSE	0	90	100	0	0	3.42901103761e-14	560	1550245378.6	4	560	4	560
9	"1"	"1"	15	FALSE	0	135	100	0	0	-395.979797464	395.979797464	1550245379.85	-8	11	-8	11
9	"1"	"1"	15	FALSE	0	135	100	0	0	-395.979797464	395.979797464	1550245379.87	-8	11	-8	11
9	"1"	"1"	15	FALSE	0	135	100	0	0	-395.979797464	395.979797464	1550245379.9	-8	11	-8	11
9	"1"	"1"	15	FALSE	0	135	100	0	0	-395.979797464	395.979797464	1550245379.93	-8	11	-8	11
9	"1"	"1"	15	FALSE	0	135	100	0	0	-395.979797464	395.979797464	1550245379.97	-8	11	-8	11
9	"1"	"1"	15	FALSE	0	135	100	0	0	-395.979797464	395.979797464	1550245380	-8	11	-8	11
9	"1"	"1"	15	FALSE	0	135	100	0	0	-395.979797464	395.979797464	1550245380.03	-7	10	-7	10
9	"1"	"1"	15	FALSE	0	135	100	0	0	-395.979797464	395.979797464	1550245380.07	-7	8	-7	8
9	"1"	"1"	15	FALSE	0	135	100	0	0	-395.979797464	395.979797464	1550245380.1	-5	4	-5	4
9	"1"	"1"	15	FALSE	0	135	100	0	0	-395.979797464	395.979797464	1550245380.13	-4	1	-4	1
9	"1"	"1"	15	FALSE	0	135	100	0	0	-395.979797464	395.979797464	1550245380.17	-3	0	-3	0
9	"1"	"1"	15	FALSE	0	135	100	0	0	-395.979797464	395.979797464	1550245380.2	-3	-1	-3	-1
9	"1"	"1"	15	FALSE	0	135	100	0	0	-395.979797464	395.979797464	1550245380.23	-7	2	-7	2
9	"1"	"1"	15	FALSE	0	135	100	0	0	-395.979797464	395.979797464	1550245380.27	-17	11	-17	11
9	"1"	"1"	15	FALSE	0	135	100	0	0	-395.979797464	395.979797464	1550245380.3	-35	28	-35	28
9	"1"	"1"	15	FALSE	0	135	100	0	0	-395.979797464	395.979797464	1550245380.33	-64	52	-64	52
9	"1"	"1"	15	FALSE	0	135	100	0	0	-395.979797464	395.979797464	1550245380.37	-95	78	-95	78
9	"1"	"1"	15	FALSE	0	135	100	0	0	-395.979797464	395.979797464	1550245380.4	-130	106	-130	106
9	"1"	"1"	15	FALSE	0	135	100	0	0	-395.979797464	395.979797464	1550245380.43	-161	135	-161	135
9	"1"	"1"	15	FALSE	0	135	100	0	0	-395.979797464	395.979797464	1550245380.47	-199	168	-199	168
9	"1"	"1"	15	FALSE	0	135	100	0	0	-395.979797464	395.979797464	1550245380.5	-236	201	-236	201
9	"1"	"1"	15	FALSE	0	135	100	0	0	-395.979797464	395.979797464	1550245380.53	-264	231	-264	231
9	"1"	"1"	15	FALSE	0	135	100	0	0	-395.979797464	395.979797464	1550245380.57	-293	261	-293	261
9	"1"	"1"	15	FALSE	0	135	100	0	0	-395.979797464	395.979797464	1550245380.6	-319	290	-319	290
9	"1"	"1"	15	FALSE	0	135	100	0	0	-395.979797464	395.979797464	1550245380.63	-341	315	-341	315
9	"1"	"1"	15	FALSE	0	135	100	0	0	-395.979797464	395.979797464	1550245380.67	-353	328	-353	328
9	"1"	"1"	15	FALSE	0	135	100	0	0	-395.979797464	395.979797464	1550245380.7	-368	353	-368	353
9	"1"	"1"	15	FALSE	0	135	100	0	0	-395.979797464	395.979797464	1550245380.73	-377	364	-377	364
9	"1"	"1"	15	FALSE	0	135	100	0	0	-395.979797464	395.979797464	1550245380.77	-384	373	-384	373
9	"1"	"1"	15	FALSE	0	135	100	0	0	-395.979797464	395.979797464	1550245380.8	-391	384	-391	384
9	"1"	"1"	15	FALSE	0	135	100	0	0	-395.979797464	395.979797464	1550245380.83	-395	391	-395	391
9	"1"	"1"	15	FALSE	0	135	100	0	0	-395.979797464	395.979797464	1550245380.87	-399	396	-399	396
9	"1"	"1"	15	FALSE	0	135	100	0	0	-395.979797464	395.979797464	1550245380.9	-402	400	-402	400
9	"1"	"1"	15	FALSE	0	135	100	0	0	-395.979797464	395.979797464	1550245380.93	-404	402	-404	402
9	"1"	"1"	16	FALSE	0	45	100	0	0	395.979797464	395.979797464	1550245382.35	6	7	6	7
9	"1"	"1"	16	FALSE	0	45	100	0	0	395.979797464	395.979797464	1550245382.37	6	7	6	7
9	"1"	"1"	16	FALSE	0	45	100	0	0	395.979797464	395.979797464	1550245382.4	6	7	6	7
9	"1"	"1"	16	FALSE	0	45	100	0	0	395.979797464	395.979797464	1550245382.43	6	7	6	7
9	"1"	"1"	16	FALSE	0	45	100	0	0	395.979797464	395.979797464	1550245382.47	6	7	6	7
9	"1"	"1"	16	FALSE	0	45	100	0	0	395.979797464	395.979797464	1550245382.5	6	7	6	7
9	"1"	"1"	16	FALSE	0	45	100	0	0	395.979797464	395.979797464	1550245382.54	6	7	6	7
9	"1"	"1"	16	FALSE	0	45	100	0	0	395.979797464	395.979797464	1550245382.57	6	8	6	8
9	"1"	"1"	16	FALSE	0	45	100	0	0	395.979797464	395.979797464	1550245382.6	6	8	6	8
9	"1"	"1"	16	FALSE	0	45	100	0	0	395.979797464	395.979797464	1550245382.64	9	9	9	9
9	"1"	"1"	16	FALSE	0	45	100	0	0	395.979797464	395.979797464	1550245382.67	17	18	17	18
9	"1"	"1"	16	FALSE	0	45	100	0	0	395.979797464	395.979797464	1550245382.7	34	37	34	37
9	"1"	"1"	16	FALSE	0	45	100	0	0	395.979797464	395.979797464	1550245382.74	66	67	66	67
9	"1"	"1"	16	FALSE	0	45	100	0	0	395.979797464	395.979797464	1550245382.77	104	101	104	101
9	"1"	"1"	16	FALSE	0	45	100	0	0	395.979797464	395.979797464	1550245382.8	141	131	141	131
9	"1"	"1"	16	FALSE	0	45	100	0	0	395.979797464	395.979797464	1550245382.84	198	178	198	178
9	"1"	"1"	16	FALSE	0	45	100	0	0	395.979797464	395.979797464	1550245382.87	237	208	237	208
9	"1"	"1"	16	FALSE	0	45	100	0	0	395.979797464	395.979797464	1550245382.9	274	238	274	238
9	"1"	"1"	16	FALSE	0	45	100	0	0	395.979797464	395.979797464	1550245382.94	302	262	302	262
9	"1"	"1"	16	FALSE	0	45	100	0	0	395.979797464	395.979797464	1550245382.97	325	281	325	281
9	"1"	"1"	16	FALSE	0	45	100	0	0	395.979797464	395.979797464	1550245383	338	291	338	291
9	"1"	"1"	16	FALSE	0	45	100	0	0	395.979797464	395.979797464	1550245383.04	352	304	352	304
9	"1"	"1"	16	FALSE	0	45	100	0	0	395.979797464	395.979797464	1550245383.07	363	315	363	315
9	"1"	"1"	16	FALSE	0	45	100	0	0	395.979797464	395.979797464	1550245383.1	369	322	369	322
9	"1"	"1"	16	FALSE	0	45	100	0	0	395.979797464	395.979797464	1550245383.14	375	332	375	332
9	"1"	"1"	16	FALSE	0	45	100	0	0	395.979797464	395.979797464	1550245383.17	379	340	379	340
9	"1"	"1"	16	FALSE	0	45	100	0	0	395.979797464	395.979797464	1550245383.2	385	351	385	351
9	"1"	"1"	16	FALSE	0	45	100	0	0	395.979797464	395.979797464	1550245383.24	394	364	394	364
9	"1"	"1"	16	FALSE	0	45	100	0	0	395.979797464	395.979797464	1550245383.27	396	369	396	369
9	"1"	"1"	16	FALSE	0	45	100	0	0	395.979797464	395.979797464	1550245383.3	397	375	397	375
9	"1"	"1"	16	FALSE	0	45	100	0	0	395.979797464	395.979797464	1550245383.34	397	377	397	377
9	"1"	"1"	16	FALSE	0	45	100	0	0	395.979797464	395.979797464	1550245383.37	396	379	396	379
9	"1"	"1"	16	FALSE	0	45	100	0	0	395.979797464	395.979797464	1550245383.4	396	380	396	380
9	"1"	"1"	16	FALSE	0	45	100	0	0	395.979797464	395.979797464	1550245383.44	396	380	396	380
9	"1"	"1"	16	FALSE	0	45	100	0	0	395.979797464	395.979797464	1550245383.47	396	380	396	380
9	"1"	"1"	16	FALSE	0	45	100	0	0	395.979797464	395.979797464	1550245383.5	396	381	396	381
9	"1"	"1"	16	FALSE	0	45	100	0	0	395.979797464	395.979797464	1550245383.54	396	383	396	383
9	"1"	"1"	16	FALSE	0	45	100	0	0	395.979797464	395.979797464	1550245383.57	396	385	396	385
9	"1"	"1"	17	FALSE	0	90	100	0	0	3.42901103761e-14	560	1550245384.58	-2	8	-2	8
9	"1"	"1"	17	FALSE	0	90	100	0	0	3.42901103761e-14	560	1550245384.6	-2	6	-2	6
9	"1"	"1"	17	FALSE	0	90	100	0	0	3.42901103761e-14	560	1550245384.64	-1	4	-1	4
9	"1"	"1"	17	FALSE	0	90	100	0	0	3.42901103761e-14	560	1550245384.67	-1	3	-1	3
9	"1"	"1"	17	FALSE	0	90	100	0	0	3.42901103761e-14	560	1550245384.7	-1	3	-1	3
9	"1"	"1"	17	FALSE	0	90	100	0	0	3.42901103761e-14	560	1550245384.74	-1	3	-1	3
9	"1"	"1"	17	FALSE	0	90	100	0	0	3.42901103761e-14	560	1550245384.77	0	2	0	2
9	"1"	"1"	17	FALSE	0	90	100	0	0	3.42901103761e-14	560	1550245384.8	0	3	0	3
9	"1"	"1"	17	FALSE	0	90	100	0	0	3.42901103761e-14	560	1550245384.84	0	2	0	2
9	"1"	"1"	17	FALSE	0	90	100	0	0	3.42901103761e-14	560	1550245384.87	0	2	0	2
9	"1"	"1"	17	FALSE	0	90	100	0	0	3.42901103761e-14	560	1550245384.9	-1	4	-1	4
9	"1"	"1"	17	FALSE	0	90	100	0	0	3.42901103761e-14	560	1550245384.94	-3	17	-3	17
9	"1"	"1"	17	FALSE	0	90	100	0	0	3.42901103761e-14	560	1550245384.97	-5	58	-5	58
9	"1"	"1"	17	FALSE	0	90	100	0	0	3.42901103761e-14	560	1550245385	-6	94	-6	94
9	"1"	"1"	17	FALSE	0	90	100	0	0	3.42901103761e-14	560	1550245385.04	-5	144	-5	144
9	"1"	"1"	17	FALSE	0	90	100	0	0	3.42901103761e-14	560	1550245385.07	-1	198	-1	198
9	"1"	"1"	17	FALSE	0	90	100	0	0	3.42901103761e-14	560	1550245385.1	2	247	2	247
9	"1"	"1"	17	FALSE	0	90	100	0	0	3.42901103761e-14	560	1550245385.14	3	287	3	287
9	"1"	"1"	17	FALSE	0	90	100	0	0	3.42901103761e-14	560	1550245385.17	3	329	3	329
9	"1"	"1"	17	FALSE	0	90	100	0	0	3.42901103761e-14	560	1550245385.2	2	368	2	368
9	"1"	"1"	17	FALSE	0	90	100	0	0	3.42901103761e-14	560	1550245385.24	1	400	1	400
9	"1"	"1"	17	FALSE	0	90	100	0	0	3.42901103761e-14	560	1550245385.27	2	430	2	430
9	"1"	"1"	17	FALSE	0	90	100	0	0	3.42901103761e-14	560	1550245385.3	2	454	2	454
9	"1"	"1"	17	FALSE	0	90	100	0	0	3.42901103761e-14	560	1550245385.34	3	483	3	483
9	"1"	"1"	17	FALSE	0	90	100	0	0	3.42901103761e-14	560	1550245385.37	3	498	3	498
9	"1"	"1"	17	FALSE	0	90	100	0	0	3.42901103761e-14	560	1550245385.4	3	513	3	513
9	"1"	"1"	17	FALSE	0	90	100	0	0	3.42901103761e-14	560	1550245385.44	4	528	4	528
9	"1"	"1"	17	FALSE	0	90	100	0	0	3.42901103761e-14	560	1550245385.47	3	536	3	536
9	"1"	"1"	17	FALSE	0	90	100	0	0	3.42901103761e-14	560	1550245385.5	3	544	3	544
9	"1"	"1"	17	FALSE	0	90	100	0	0	3.42901103761e-14	560	1550245385.54	3	551	3	551
9	"1"	"1"	17	FALSE	0	90	100	0	0	3.42901103761e-14	560	1550245385.57	3	554	3	554
9	"1"	"1"	17	FALSE	0	90	100	0	0	3.42901103761e-14	560	1550245385.6	2	559	2	559
9	"1"	"1"	17	FALSE	0	90	100	0	0	3.42901103761e-14	560	1550245385.64	2	562	2	562
9	"1"	"1"	17	FALSE	0	90	100	0	0	3.42901103761e-14	560	1550245385.67	2	564	2	564
9	"1"	"1"	17	FALSE	0	90	100	0	0	3.42901103761e-14	560	1550245385.7	2	567	2	567
9	"1"	"1"	18	FALSE	0	135	100	0	0	-395.979797464	395.979797464	1550245386.75	-7	-3	-7	-3
9	"1"	"1"	18	FALSE	0	135	100	0	0	-395.979797464	395.979797464	1550245386.77	-7	-3	-7	-3
9	"1"	"1"	18	FALSE	0	135	100	0	0	-395.979797464	395.979797464	1550245386.81	-7	-3	-7	-3
9	"1"	"1"	18	FALSE	0	135	100	0	0	-395.979797464	395.979797464	1550245386.84	-7	-3	-7	-3
9	"1"	"1"	18	FALSE	0	135	100	0	0	-395.979797464	395.979797464	1550245386.87	-7	-3	-7	-3
9	"1"	"1"	18	FALSE	0	135	100	0	0	-395.979797464	395.979797464	1550245386.91	-7	-3	-7	-3
9	"1"	"1"	18	FALSE	0	135	100	0	0	-395.979797464	395.979797464	1550245386.94	-7	-3	-7	-3
9	"1"	"1"	18	FALSE	0	135	100	0	0	-395.979797464	395.979797464	1550245386.97	-7	-3	-7	-3
9	"1"	"1"	18	FALSE	0	135	100	0	0	-395.979797464	395.979797464	1550245387.01	-7	-2	-7	-2
9	"1"	"1"	18	FALSE	0	135	100	0	0	-395.979797464	395.979797464	1550245387.04	-13	3	-13	3
9	"1"	"1"	18	FALSE	0	135	100	0	0	-395.979797464	395.979797464	1550245387.07	-23	14	-23	14
9	"1"	"1"	18	FALSE	0	135	100	0	0	-395.979797464	395.979797464	1550245387.11	-47	38	-47	38
9	"1"	"1"	18	FALSE	0	135	100	0	0	-395.979797464	395.979797464	1550245387.14	-75	65	-75	65
9	"1"	"1"	18	FALSE	0	135	100	0	0	-395.979797464	395.979797464	1550245387.17	-100	92	-100	92
9	"1"	"1"	18	FALSE	0	135	100	0	0	-395.979797464	395.979797464	1550245387.21	-131	126	-131	126
9	"1"	"1"	18	FALSE	0	135	100	0	0	-395.979797464	395.979797464	1550245387.24	-164	160	-164	160
9	"1"	"1"	18	FALSE	0	135	100	0	0	-395.979797464	395.979797464	1550245387.27	-192	191	-192	191
9	"1"	"1"	18	FALSE	0	135	100	0	0	-395.979797464	395.979797464	1550245387.31	-231	228	-231	228
9	"1"	"1"	18	FALSE	0	135	100	0	0	-395.979797464	395.979797464	1550245387.34	-257	254	-257	254
9	"1"	"1"	18	FALSE	0	135	100	0	0	-395.979797464	395.979797464	1550245387.37	-283	284	-283	284
9	"1"	"1"	18	FALSE	0	135	100	0	0	-395.979797464	395.979797464	1550245387.41	-304	307	-304	307
9	"1"	"1"	18	FALSE	0	135	100	0	0	-395.979797464	395.979797464	1550245387.44	-325	330	-325	330
9	"1"	"1"	18	FALSE	0	135	100	0	0	-395.979797464	395.979797464	1550245387.47	-343	352	-343	352
9	"1"	"1"	18	FALSE	0	135	100	0	0	-395.979797464	395.979797464	1550245387.51	-354	363	-354	363
9	"1"	"1"	18	FALSE	0	135	100	0	0	-395.979797464	395.979797464	1550245387.54	-367	378	-367	378
9	"1"	"1"	18	FALSE	0	135	100	0	0	-395.979797464	395.979797464	1550245387.57	-379	390	-379	390
9	"1"	"1"	18	FALSE	0	135	100	0	0	-395.979797464	395.979797464	1550245387.61	-388	398	-388	398
9	"1"	"1"	18	FALSE	0	135	100	0	0	-395.979797464	395.979797464	1550245387.64	-395	403	-395	403
9	"1"	"1"	18	FALSE	0	135	100	0	0	-395.979797464	395.979797464	1550245387.67	-398	406	-398	406
9	"1"	"1"	18	FALSE	0	135	100	0	0	-395.979797464	395.979797464	1550245387.71	-400	407	-400	407
9	"1"	"1"	19	FALSE	0	90	100	0	0	3.42901103761e-14	560	1550245388.79	3	-13	3	-13
9	"1"	"1"	19	FALSE	0	90	100	0	0	3.42901103761e-14	560	1550245388.81	3	-13	3	-13
9	"1"	"1"	19	FALSE	0	90	100	0	0	3.42901103761e-14	560	1550245388.84	3	-13	3	-13
9	"1"	"1"	19	FALSE	0	90	100	0	0	3.42901103761e-14	560	1550245388.87	3	-13	3	-13
9	"1"	"1"	19	FALSE	0	90	100	0	0	3.42901103761e-14	560	1550245388.91	3	-13	3	-13
9	"1"	"1"	19	FALSE	0	90	100	0	0	3.42901103761e-14	560	1550245388.94	3	-13	3	-13
9	"1"	"1"	19	FALSE	0	90	100	0	0	3.42901103761e-14	560	1550245388.97	3	-13	3	-13
9	"1"	"1"	19	FALSE	0	90	100	0	0	3.42901103761e-14	560	1550245389.01	3	-13	3	-13
9	"1"	"1"	19	FALSE	0	90	100	0	0	3.42901103761e-14	560	1550245389.04	3	-13	3	-13
9	"1"	"1"	19	FALSE	0	90	100	0	0	3.42901103761e-14	560	1550245389.07	3	-12	3	-12
9	"1"	"1"	19	FALSE	0	90	100	0	0	3.42901103761e-14	560	1550245389.11	2	-4	2	-4
9	"1"	"1"	19	FALSE	0	90	100	0	0	3.42901103761e-14	560	1550245389.14	0	17	0	17
9	"1"	"1"	19	FALSE	0	90	100	0	0	3.42901103761e-14	560	1550245389.17	-1	52	-1	52
9	"1"	"1"	19	FALSE	0	90	100	0	0	3.42901103761e-14	560	1550245389.21	-3	90	-3	90
9	"1"	"1"	19	FALSE	0	90	100	0	0	3.42901103761e-14	560	1550245389.24	-3	149	-3	149
9	"1"	"1"	19	FALSE	0	90	100	0	0	3.42901103761e-14	560	1550245389.27	-4	193	-4	193
9	"1"	"1"	19	FALSE	0	90	100	0	0	3.42901103761e-14	560	1550245389.31	-3	249	-3	249
9	"1"	"1"	19	FALSE	0	90	100	0	0	3.42901103761e-14	560	1550245389.34	-2	300	-2	300
9	"1"	"1"	19	FALSE	0	90	100	0	0	3.42901103761e-14	560	1550245389.37	-3	341	-3	341
9	"1"	"1"	19	FALSE	0	90	100	0	0	3.42901103761e-14	560	1550245389.41	-3	385	-3	385
9	"1"	"1"	19	FALSE	0	90	100	0	0	3.42901103761e-14	560	1550245389.44	-6	421	-6	421
9	"1"	"1"	19	FALSE	0	90	100	0	0	3.42901103761e-14	560	1550245389.47	-9	447	-9	447
9	"1"	"1"	19	FALSE	0	90	100	0	0	3.42901103761e-14	560	1550245389.51	-13	473	-13	473
9	"1"	"1"	19	FALSE	0	90	100	0	0	3.42901103761e-14	560	1550245389.54	-16	488	-16	488
9	"1"	"1"	19	FALSE	0	90	100	0	0	3.42901103761e-14	560	1550245389.57	-20	503	-20	503
9	"1"	"1"	19	FALSE	0	90	100	0	0	3.42901103761e-14	560	1550245389.61	-23	514	-23	514
9	"1"	"1"	19	FALSE	0	90	100	0	0	3.42901103761e-14	560	1550245389.64	-25	522	-25	522
9	"1"	"1"	19	FALSE	0	90	100	0	0	3.42901103761e-14	560	1550245389.67	-26	528	-26	528
9	"1"	"1"	19	FALSE	0	90	100	0	0	3.42901103761e-14	560	1550245389.71	-26	533	-26	533
9	"1"	"1"	19	FALSE	0	90	100	0	0	3.42901103761e-14	560	1550245389.74	-25	536	-25	536
9	"1"	"1"	19	FALSE	0	90	100	0	0	3.42901103761e-14	560	1550245389.77	-24	541	-24	541
9	"1"	"1"	19	FALSE	0	90	100	0	0	3.42901103761e-14	560	1550245389.81	-22	545	-22	545
9	"1"	"1"	19	FALSE	0	90	100	0	0	3.42901103761e-14	560	1550245389.84	-22	546	-22	546
9	"1"	"1"	19	FALSE	0	90	100	0	0	3.42901103761e-14	560	1550245389.87	-21	547	-21	547
9	"1"	"1"	19	FALSE	0	90	100	0	0	3.42901103761e-14	560	1550245389.91	-21	547	-21	547
9	"1"	"1"	19	FALSE	0	90	100	0	0	3.42901103761e-14	560	1550245389.94	-21	547	-21	547
9	"1"	"1"	19	FALSE	0	90	100	0	0	3.42901103761e-14	560	1550245389.97	-21	547	-21	547
9	"1"	"1"	19	FALSE	0	90	100	0	0	3.42901103761e-14	560	1550245390.01	-20	547	-20	547
9	"1"	"1"	19	FALSE	0	90	100	0	0	3.42901103761e-14	560	1550245390.04	-20	549	-20	549
9	"1"	"1"	19	FALSE	0	90	100	0	0	3.42901103761e-14	560	1550245390.07	-18	551	-18	551
9	"1"	"1"	19	FALSE	0	90	100	0	0	3.42901103761e-14	560	1550245390.11	-15	554	-15	554
9	"1"	"1"	19	FALSE	0	90	100	0	0	3.42901103761e-14	560	1550245390.14	-13	556	-13	556
9	"1"	"1"	19	FALSE	0	90	100	0	0	3.42901103761e-14	560	1550245390.17	-11	557	-11	557
9	"1"	"1"	19	FALSE	0	90	100	0	0	3.42901103761e-14	560	1550245390.21	-8	558	-8	558
9	"1"	"1"	19	FALSE	0	90	100	0	0	3.42901103761e-14	560	1550245390.24	-4	561	-4	561
9	"1"	"1"	19	FALSE	0	90	100	0	0	3.42901103761e-14	560	1550245390.27	-1	562	-1	562
9	"1"	"1"	19	FALSE	0	90	100	0	0	3.42901103761e-14	560	1550245390.31	1	563	1	563
9	"1"	"1"	19	FALSE	0	90	100	0	0	3.42901103761e-14	560	1550245390.34	3	564	3	564
9	"1"	"1"	20	FALSE	0	135	100	0	0	-395.979797464	395.979797464	1550245391.69	2	-3	2	-3
9	"1"	"1"	20	FALSE	0	135	100	0	0	-395.979797464	395.979797464	1550245391.71	2	-3	2	-3
9	"1"	"1"	20	FALSE	0	135	100	0	0	-395.979797464	395.979797464	1550245391.74	2	-3	2	-3
9	"1"	"1"	20	FALSE	0	135	100	0	0	-395.979797464	395.979797464	1550245391.78	2	-3	2	-3
9	"1"	"1"	20	FALSE	0	135	100	0	0	-395.979797464	395.979797464	1550245391.81	2	-3	2	-3
9	"1"	"1"	20	FALSE	0	135	100	0	0	-395.979797464	395.979797464	1550245391.84	2	-3	2	-3
9	"1"	"1"	20	FALSE	0	135	100	0	0	-395.979797464	395.979797464	1550245391.88	2	-3	2	-3
9	"1"	"1"	20	FALSE	0	135	100	0	0	-395.979797464	395.979797464	1550245391.91	2	-2	2	-2
9	"1"	"1"	20	FALSE	0	135	100	0	0	-395.979797464	395.979797464	1550245391.94	3	2	3	2
9	"1"	"1"	20	FALSE	0	135	100	0	0	-395.979797464	395.979797464	1550245391.98	3	7	3	7
9	"1"	"1"	20	FALSE	0	135	100	0	0	-395.979797464	395.979797464	1550245392.01	0	19	0	19
9	"1"	"1"	20	FALSE	0	135	100	0	0	-395.979797464	395.979797464	1550245392.04	-11	36	-11	36
9	"1"	"1"	20	FALSE	0	135	100	0	0	-395.979797464	395.979797464	1550245392.08	-38	59	-38	59
9	"1"	"1"	20	FALSE	0	135	100	0	0	-395.979797464	395.979797464	1550245392.11	-67	83	-67	83
9	"1"	"1"	20	FALSE	0	135	100	0	0	-395.979797464	395.979797464	1550245392.14	-97	104	-97	104
9	"1"	"1"	20	FALSE	0	135	100	0	0	-395.979797464	395.979797464	1550245392.18	-135	133	-135	133
9	"1"	"1"	20	FALSE	0	135	100	0	0	-395.979797464	395.979797464	1550245392.21	-167	160	-167	160
9	"1"	"1"	20	FALSE	0	135	100	0	0	-395.979797464	395.979797464	1550245392.24	-204	189	-204	189
9	"1"	"1"	20	FALSE	0	135	100	0	0	-395.979797464	395.979797464	1550245392.28	-237	219	-237	219
9	"1"	"1"	20	FALSE	0	135	100	0	0	-395.979797464	395.979797464	1550245392.31	-268	244	-268	244
9	"1"	"1"	20	FALSE	0	135	100	0	0	-395.979797464	395.979797464	1550245392.34	-296	267	-296	267
9	"1"	"1"	20	FALSE	0	135	100	0	0	-395.979797464	395.979797464	1550245392.38	-317	287	-317	287
9	"1"	"1"	20	FALSE	0	135	100	0	0	-395.979797464	395.979797464	1550245392.41	-337	308	-337	308
9	"1"	"1"	20	FALSE	0	135	100	0	0	-395.979797464	395.979797464	1550245392.44	-350	321	-350	321
9	"1"	"1"	20	FALSE	0	135	100	0	0	-395.979797464	395.979797464	1550245392.48	-362	335	-362	335
9	"1"	"1"	20	FALSE	0	135	100	0	0	-395.979797464	395.979797464	1550245392.51	-374	349	-374	349
9	"1"	"1"	20	FALSE	0	135	100	0	0	-395.979797464	395.979797464	1550245392.54	-381	358	-381	358
9	"1"	"1"	20	FALSE	0	135	100	0	0	-395.979797464	395.979797464	1550245392.58	-390	368	-390	368
9	"1"	"1"	20	FALSE	0	135	100	0	0	-395.979797464	395.979797464	1550245392.61	-394	375	-394	375
9	"1"	"1"	20	FALSE	0	135	100	0	0	-395.979797464	395.979797464	1550245392.64	-397	380	-397	380
9	"1"	"1"	20	FALSE	0	135	100	0	0	-395.979797464	395.979797464	1550245392.68	-399	386	-399	386
9	"1"	"1"	20	FALSE	0	135	100	0	0	-395.979797464	395.979797464	1550245392.71	-401	390	-401	390
9	"1"	"1"	20	FALSE	0	135	100	0	0	-395.979797464	395.979797464	1550245392.74	-402	393	-402	393
9	"1"	"1"	20	FALSE	0	135	100	0	0	-395.979797464	395.979797464	1550245392.78	-403	395	-403	395
9	"1"	"1"	21	FALSE	0	45	100	0	0	395.979797464	395.979797464	1550245393.89	3	-10	3	-10
9	"1"	"1"	21	FALSE	0	45	100	0	0	395.979797464	395.979797464	1550245393.91	3	-8	3	-8
9	"1"	"1"	21	FALSE	0	45	100	0	0	395.979797464	395.979797464	1550245393.94	3	-8	3	-8
9	"1"	"1"	21	FALSE	0	45	100	0	0	395.979797464	395.979797464	1550245393.98	3	-8	3	-8
9	"1"	"1"	21	FALSE	0	45	100	0	0	395.979797464	395.979797464	1550245394.01	3	-8	3	-8
9	"1"	"1"	21	FALSE	0	45	100	0	0	395.979797464	395.979797464	1550245394.04	3	-8	3	-8
9	"1"	"1"	21	FALSE	0	45	100	0	0	395.979797464	395.979797464	1550245394.08	3	-8	3	-8
9	"1"	"1"	21	FALSE	0	45	100	0	0	395.979797464	395.979797464	1550245394.11	3	-8	3	-8
9	"1"	"1"	21	FALSE	0	45	100	0	0	395.979797464	395.979797464	1550245394.14	3	-8	3	-8
9	"1"	"1"	21	FALSE	0	45	100	0	0	395.979797464	395.979797464	1550245394.18	3	-5	3	-5
9	"1"	"1"	21	FALSE	0	45	100	0	0	395.979797464	395.979797464	1550245394.21	7	7	7	7
9	"1"	"1"	21	FALSE	0	45	100	0	0	395.979797464	395.979797464	1550245394.24	15	28	15	28
9	"1"	"1"	21	FALSE	0	45	100	0	0	395.979797464	395.979797464	1550245394.28	33	61	33	61
9	"1"	"1"	21	FALSE	0	45	100	0	0	395.979797464	395.979797464	1550245394.31	54	94	54	94
9	"1"	"1"	21	FALSE	0	45	100	0	0	395.979797464	395.979797464	1550245394.34	81	133	81	133
9	"1"	"1"	21	FALSE	0	45	100	0	0	395.979797464	395.979797464	1550245394.38	115	172	115	172
9	"1"	"1"	21	FALSE	0	45	100	0	0	395.979797464	395.979797464	1550245394.41	146	203	146	203
9	"1"	"1"	21	FALSE	0	45	100	0	0	395.979797464	395.979797464	1550245394.44	184	236	184	236
9	"1"	"1"	21	FALSE	0	45	100	0	0	395.979797464	395.979797464	1550245394.48	224	267	224	267
9	"1"	"1"	21	FALSE	0	45	100	0	0	395.979797464	395.979797464	1550245394.51	257	289	257	289
9	"1"	"1"	21	FALSE	0	45	100	0	0	395.979797464	395.979797464	1550245394.54	293	311	293	311
9	"1"	"1"	21	FALSE	0	45	100	0	0	395.979797464	395.979797464	1550245394.58	326	333	326	333
9	"1"	"1"	21	FALSE	0	45	100	0	0	395.979797464	395.979797464	1550245394.61	355	352	355	352
9	"1"	"1"	21	FALSE	0	45	100	0	0	395.979797464	395.979797464	1550245394.64	377	364	377	364
9	"1"	"1"	21	FALSE	0	45	100	0	0	395.979797464	395.979797464	1550245394.68	393	372	393	372
9	"1"	"1"	21	FALSE	0	45	100	0	0	395.979797464	395.979797464	1550245394.71	405	379	405	379
9	"1"	"1"	21	FALSE	0	45	100	0	0	395.979797464	395.979797464	1550245394.74	413	384	413	384
9	"1"	"1"	21	FALSE	0	45	100	0	0	395.979797464	395.979797464	1550245394.78	420	390	420	390
9	"1"	"1"	21	FALSE	0	45	100	0	0	395.979797464	395.979797464	1550245394.81	423	393	423	393
9	"1"	"1"	21	FALSE	0	45	100	0	0	395.979797464	395.979797464	1550245394.84	425	397	425	397
9	"1"	"1"	21	FALSE	0	45	100	0	0	395.979797464	395.979797464	1550245394.88	425	398	425	398
9	"1"	"1"	21	FALSE	0	45	100	0	0	395.979797464	395.979797464	1550245394.91	424	400	424	400
9	"1"	"1"	21	FALSE	0	45	100	0	0	395.979797464	395.979797464	1550245394.94	422	402	422	402
9	"1"	"1"	21	FALSE	0	45	100	0	0	395.979797464	395.979797464	1550245394.98	417	401	417	401
9	"1"	"1"	21	FALSE	0	45	100	0	0	395.979797464	395.979797464	1550245395.01	408	399	408	399
9	"1"	"1"	21	FALSE	0	45	100	0	0	395.979797464	395.979797464	1550245395.04	400	396	400	396
9	"1"	"1"	21	FALSE	0	45	100	0	0	395.979797464	395.979797464	1550245395.08	397	395	397	395
